# This file was produced by the NASA Exoplanet Archive  http://exoplanetarchive.ipac.caltech.edu
# Sat Oct  4 12:41:25 2025
#
# COLUMN kepid:          KepID
# COLUMN kepoi_name:     KOI Name
# COLUMN kepler_name:    Kepler Name
# COLUMN koi_disposition: Exoplanet Archive Disposition
# COLUMN koi_pdisposition: Disposition Using Kepler Data
# COLUMN koi_score:      Disposition Score
# COLUMN koi_fpflag_nt:  Not Transit-Like False Positive Flag
# COLUMN koi_fpflag_ss:  Stellar Eclipse False Positive Flag
# COLUMN koi_fpflag_co:  Centroid Offset False Positive Flag
# COLUMN koi_fpflag_ec:  Ephemeris Match Indicates Contamination False Positive Flag
# COLUMN koi_period:     Orbital Period [days]
# COLUMN koi_period_err1: Orbital Period Upper Unc. [days]
# COLUMN koi_period_err2: Orbital Period Lower Unc. [days]
# COLUMN koi_time0bk:    Transit Epoch [BKJD]
# COLUMN koi_time0bk_err1: Transit Epoch Upper Unc. [BKJD]
# COLUMN koi_time0bk_err2: Transit Epoch Lower Unc. [BKJD]
# COLUMN koi_impact:     Impact Parameter
# COLUMN koi_impact_err1: Impact Parameter Upper Unc.
# COLUMN koi_impact_err2: Impact Parameter Lower Unc.
# COLUMN koi_duration:   Transit Duration [hrs]
# COLUMN koi_duration_err1: Transit Duration Upper Unc. [hrs]
# COLUMN koi_duration_err2: Transit Duration Lower Unc. [hrs]
# COLUMN koi_depth:      Transit Depth [ppm]
# COLUMN koi_depth_err1: Transit Depth Upper Unc. [ppm]
# COLUMN koi_depth_err2: Transit Depth Lower Unc. [ppm]
# COLUMN koi_prad:       Planetary Radius [Earth radii]
# COLUMN koi_prad_err1:  Planetary Radius Upper Unc. [Earth radii]
# COLUMN koi_prad_err2:  Planetary Radius Lower Unc. [Earth radii]
# COLUMN koi_teq:        Equilibrium Temperature [K]
# COLUMN koi_teq_err1:   Equilibrium Temperature Upper Unc. [K]
# COLUMN koi_teq_err2:   Equilibrium Temperature Lower Unc. [K]
# COLUMN koi_insol:      Insolation Flux [Earth flux]
# COLUMN koi_insol_err1: Insolation Flux Upper Unc. [Earth flux]
# COLUMN koi_insol_err2: Insolation Flux Lower Unc. [Earth flux]
# COLUMN koi_model_snr:  Transit Signal-to-Noise
# COLUMN koi_tce_plnt_num: TCE Planet Number
# COLUMN koi_tce_delivname: TCE Delivery
# COLUMN koi_steff:      Stellar Effective Temperature [K]
# COLUMN koi_steff_err1: Stellar Effective Temperature Upper Unc. [K]
# COLUMN koi_steff_err2: Stellar Effective Temperature Lower Unc. [K]
# COLUMN koi_slogg:      Stellar Surface Gravity [log10(cm/s**2)]
# COLUMN koi_slogg_err1: Stellar Surface Gravity Upper Unc. [log10(cm/s**2)]
# COLUMN koi_slogg_err2: Stellar Surface Gravity Lower Unc. [log10(cm/s**2)]
# COLUMN koi_srad:       Stellar Radius [Solar radii]
# COLUMN koi_srad_err1:  Stellar Radius Upper Unc. [Solar radii]
# COLUMN koi_srad_err2:  Stellar Radius Lower Unc. [Solar radii]
# COLUMN ra:             RA [decimal degrees]
# COLUMN dec:            Dec [decimal degrees]
# COLUMN koi_kepmag:     Kepler-band [mag]
#
kepid,kepoi_name,kepler_name,koi_disposition,koi_pdisposition,koi_score,koi_fpflag_nt,koi_fpflag_ss,koi_fpflag_co,koi_fpflag_ec,koi_period,koi_period_err1,koi_period_err2,koi_time0bk,koi_time0bk_err1,koi_time0bk_err2,koi_impact,koi_impact_err1,koi_impact_err2,koi_duration,koi_duration_err1,koi_duration_err2,koi_depth,koi_depth_err1,koi_depth_err2,koi_prad,koi_prad_err1,koi_prad_err2,koi_teq,koi_teq_err1,koi_teq_err2,koi_insol,koi_insol_err1,koi_insol_err2,koi_model_snr,koi_tce_plnt_num,koi_tce_delivname,koi_steff,koi_steff_err1,koi_steff_err2,koi_slogg,koi_slogg_err1,koi_slogg_err2,koi_srad,koi_srad_err1,koi_srad_err2,ra,dec,koi_kepmag
10797460,K00752.01,Kepler-227 b,CONFIRMED,CANDIDATE,1.0000,0,0,0,0,9.488035570,2.7750000e-05,-2.7750000e-05,170.5387500,2.160000e-03,-2.160000e-03,0.1460,0.3180,-0.1460,2.95750,0.08190,-0.08190,6.1580e+02,1.950e+01,-1.950e+01,2.26,2.600e-01,-1.500e-01,793.0,,,93.59,29.45,-16.65,35.80,1,q1_q17_dr25_tce,5455.00,81.00,-81.00,4.467,0.064,-0.096,0.9270,0.1050,-0.0610,291.934230,48.141651,15.347
10797460,K00752.02,Kepler-227 c,CONFIRMED,CANDIDATE,0.9690,0,0,0,0,54.418382700,2.4790000e-04,-2.4790000e-04,162.5138400,3.520000e-03,-3.520000e-03,0.5860,0.0590,-0.4430,4.50700,0.11600,-0.11600,8.7480e+02,3.550e+01,-3.550e+01,2.83,3.200e-01,-1.900e-01,443.0,,,9.11,2.87,-1.62,25.80,2,q1_q17_dr25_tce,5455.00,81.00,-81.00,4.467,0.064,-0.096,0.9270,0.1050,-0.0610,291.934230,48.141651,15.347
10811496,K00753.01,,CANDIDATE,CANDIDATE,0.0000,0,0,0,0,19.899139950,1.4940000e-05,-1.4940000e-05,175.8502520,5.810000e-04,-5.810000e-04,0.9690,5.1260,-0.0770,1.78220,0.03410,-0.03410,1.0829e+04,1.710e+02,-1.710e+02,14.60,3.920e+00,-1.310e+00,638.0,,,39.30,31.04,-10.49,76.30,1,q1_q17_dr25_tce,5853.00,158.00,-176.00,4.544,0.044,-0.176,0.8680,0.2330,-0.0780,297.004820,48.134129,15.436
10848459,K00754.01,,FALSE POSITIVE,FALSE POSITIVE,0.0000,0,1,0,0,1.736952453,2.6300000e-07,-2.6300000e-07,170.3075650,1.150000e-04,-1.150000e-04,1.2760,0.1150,-0.0920,2.40641,0.00537,-0.00537,8.0792e+03,1.280e+01,-1.280e+01,33.46,8.500e+00,-2.830e+00,1395.0,,,891.96,668.95,-230.35,505.60,1,q1_q17_dr25_tce,5805.00,157.00,-174.00,4.564,0.053,-0.168,0.7910,0.2010,-0.0670,285.534610,48.285210,15.597
10854555,K00755.01,Kepler-664 b,CONFIRMED,CANDIDATE,1.0000,0,0,0,0,2.525591777,3.7610000e-06,-3.7610000e-06,171.5955500,1.130000e-03,-1.130000e-03,0.7010,0.2350,-0.4780,1.65450,0.04200,-0.04200,6.0330e+02,1.690e+01,-1.690e+01,2.75,8.800e-01,-3.500e-01,1406.0,,,926.16,874.33,-314.24,40.90,1,q1_q17_dr25_tce,6031.00,169.00,-211.00,4.438,0.070,-0.210,1.0460,0.3340,-0.1330,288.754880,48.226200,15.509
10872983,K00756.01,Kepler-228 d,CONFIRMED,CANDIDATE,1.0000,0,0,0,0,11.094320540,2.0360000e-05,-2.0360000e-05,171.2011600,1.410000e-03,-1.410000e-03,0.5380,0.0300,-0.4280,4.59450,0.06100,-0.06100,1.5175e+03,2.420e+01,-2.420e+01,3.90,1.270e+00,-4.200e-01,835.0,,,114.81,112.85,-36.70,66.50,1,q1_q17_dr25_tce,6046.00,189.00,-232.00,4.486,0.054,-0.229,0.9720,0.3150,-0.1050,296.286130,48.224670,15.714
10872983,K00756.02,Kepler-228 c,CONFIRMED,CANDIDATE,1.0000,0,0,0,0,4.134435120,1.0460000e-05,-1.0460000e-05,172.9793700,1.900000e-03,-1.900000e-03,0.7620,0.1390,-0.5320,3.14020,0.06730,-0.06730,6.8600e+02,1.870e+01,-1.870e+01,2.77,9.000e-01,-3.000e-01,1160.0,,,427.65,420.33,-136.70,40.20,2,q1_q17_dr25_tce,6046.00,189.00,-232.00,4.486,0.054,-0.229,0.9720,0.3150,-0.1050,296.286130,48.224670,15.714
10872983,K00756.03,Kepler-228 b,CONFIRMED,CANDIDATE,0.9920,0,0,0,0,2.566588970,1.7810000e-05,-1.7810000e-05,179.5543700,4.610000e-03,-4.610000e-03,0.7550,0.2120,-0.5230,2.42900,0.16500,-0.16500,2.2650e+02,1.680e+01,-1.680e+01,1.59,5.200e-01,-1.700e-01,1360.0,,,807.74,793.91,-258.20,15.00,3,q1_q17_dr25_tce,6046.00,189.00,-232.00,4.486,0.054,-0.229,0.9720,0.3150,-0.1050,296.286130,48.224670,15.714
6721123,K00114.01,,FALSE POSITIVE,FALSE POSITIVE,0.0000,0,1,1,0,7.361789580,2.1280000e-05,-2.1280000e-05,132.2505300,2.530000e-03,-2.530000e-03,1.1690,7.1330,-0.0440,5.02200,0.13600,-0.13600,2.3370e+02,5.800e+00,-5.800e+00,39.21,6.450e+00,-9.670e+00,1342.0,,,767.22,349.28,-365.49,47.70,1,q1_q17_dr25_tce,6227.00,111.00,-124.00,3.986,0.182,-0.098,1.9580,0.3220,-0.4830,298.864350,42.151569,12.660
10910878,K00757.01,Kepler-229 c,CONFIRMED,CANDIDATE,1.0000,0,0,0,0,16.068646740,1.0880000e-05,-1.0880000e-05,173.6219370,5.170000e-04,-5.170000e-04,0.0520,0.2620,-0.0520,3.53470,0.02410,-0.02410,4.9143e+03,3.330e+01,-3.330e+01,5.76,2.200e-01,-4.900e-01,600.0,,,30.75,4.46,-6.66,161.90,1,q1_q17_dr25_tce,5031.00,75.00,-83.00,4.485,0.083,-0.028,0.8480,0.0330,-0.0720,286.999480,48.375790,15.841
11446443,K00001.01,Kepler-1 b,CONFIRMED,CANDIDATE,0.8110,0,0,0,0,2.470613377,2.7000000e-08,-2.7000000e-08,122.7633050,8.700000e-06,-8.700000e-06,0.8180,0.0010,-0.0010,1.74319,0.00107,-0.00107,1.4231e+04,4.200e+00,-4.200e+00,13.04,5.100e-01,-5.100e-01,1339.0,,,761.46,106.21,-95.76,4304.30,1,q1_q17_dr25_tce,5820.00,78.00,-78.00,4.457,0.024,-0.024,0.9640,0.0380,-0.0380,286.808470,49.316399,11.338
10666592,K00002.01,Kepler-2 b,CONFIRMED,CANDIDATE,1.0000,0,1,0,0,2.204735417,4.3000000e-08,-4.3000000e-08,121.3585417,1.600000e-05,-1.600000e-05,0.2240,0.1590,-0.2160,3.88864,0.00203,-0.00203,6.6747e+03,1.700e+00,-1.700e+00,16.10,8.100e-01,-9.100e-01,2048.0,,,4148.92,651.59,-654.46,5945.90,1,q1_q17_dr25_tce,6440.00,76.00,-89.00,4.019,0.033,-0.027,1.9520,0.0990,-0.1100,292.247280,47.969521,10.463
6922244,K00010.01,Kepler-8 b,CONFIRMED,CANDIDATE,0.9980,0,0,0,0,3.522498429,1.9800000e-07,-1.9800000e-07,121.1194228,4.710000e-05,-4.710000e-05,0.6310,0.0070,-0.0070,3.19843,0.00653,-0.00653,9.1457e+03,6.600e+00,-6.600e+00,14.59,1.110e+00,-1.110e+00,1521.0,,,1264.67,307.23,-276.48,1741.50,1,q1_q17_dr25_tce,6225.00,112.00,-137.00,4.169,0.055,-0.045,1.4510,0.1100,-0.1100,281.288120,42.451080,13.563
10984090,K00112.02,Kepler-466 c,CONFIRMED,CANDIDATE,1.0000,0,0,0,0,3.709214104,6.5360000e-06,-6.5360000e-06,133.9831800,1.430000e-03,-1.430000e-03,0.0510,0.3950,-0.0510,2.63020,0.04270,-0.04270,1.3110e+02,3.000e+00,-3.000e+00,1.16,1.700e-01,-1.200e-01,1206.0,,,500.46,197.96,-130.54,50.60,2,q1_q17_dr25_tce,5833.00,105.00,-117.00,4.407,0.085,-0.114,1.0220,0.1430,-0.1070,295.648710,48.495560,12.772
10419211,K00742.01,,FALSE POSITIVE,FALSE POSITIVE,0.0000,0,1,0,0,11.521446064,1.9800000e-06,-1.9800000e-06,170.8396880,1.310000e-04,-1.310000e-04,2.4830,2.8510,-0.6730,3.63990,0.01140,-0.01140,1.7984e+04,3.190e+01,-3.190e+01,150.51,3.976e+01,-1.331e+01,753.0,,,75.88,58.89,-19.99,622.10,1,q1_q17_dr25_tce,5795.00,155.00,-172.00,4.554,0.033,-0.176,0.8480,0.2240,-0.0750,297.079930,47.597401,15.472
10464078,K00743.01,,FALSE POSITIVE,FALSE POSITIVE,0.0000,0,1,0,0,19.403937760,2.0680000e-05,-2.0680000e-05,172.4842530,8.420000e-04,-8.420000e-04,0.8040,0.0070,-0.0050,12.21550,0.05980,-0.05980,8.9187e+03,5.330e+01,-5.330e+01,7.18,7.600e-01,-6.800e-01,523.0,,,17.69,6.66,-4.88,214.70,1,q1_q17_dr25_tce,5043.00,151.00,-151.00,4.591,0.072,-0.048,0.6800,0.0720,-0.0650,289.258210,47.635319,15.487
10480982,K00744.01,,FALSE POSITIVE,FALSE POSITIVE,0.0000,0,1,0,0,19.221388942,1.1230000e-06,-1.1230000e-06,184.5521637,4.500000e-05,-4.500000e-05,1.0650,0.0310,-0.0340,4.79843,0.00235,-0.00235,7.4284e+04,2.190e+01,-2.190e+01,49.29,1.603e+01,-5.000e+00,698.0,,,55.97,54.55,-16.40,2317.00,1,q1_q17_dr25_tce,6117.00,182.00,-200.00,4.496,0.052,-0.208,0.9470,0.3080,-0.0960,295.814540,47.690350,15.341
10485250,K00745.01,,FALSE POSITIVE,FALSE POSITIVE,0.0000,0,1,0,0,16.469837740,1.3610000e-05,-1.3610000e-05,180.8817610,6.230000e-04,-6.230000e-04,0.2920,0.1180,-0.1010,9.43780,0.06000,-0.06000,1.0479e+04,3.990e+01,-3.990e+01,7.94,8.900e-01,-8.900e-01,595.0,,,29.61,12.01,-8.91,303.40,1,q1_q17_dr25_tce,5152.00,168.00,-153.00,4.517,0.088,-0.072,0.7860,0.0880,-0.0880,297.154420,47.668701,15.788
10526549,K00746.01,Kepler-660 b,CONFIRMED,CANDIDATE,1.0000,0,0,0,0,9.273581730,1.0370000e-05,-1.0370000e-05,173.2581550,8.770000e-04,-8.770000e-04,0.3870,0.0040,-0.3860,3.28750,0.03090,-0.03090,1.2883e+03,1.680e+01,-1.680e+01,2.47,2.000e-01,-2.400e-01,649.0,,,41.85,12.49,-11.70,87.20,1,q1_q17_dr25_tce,4856.00,131.00,-146.00,4.583,0.065,-0.035,0.6960,0.0560,-0.0680,288.138240,47.724449,15.302
10583066,K00747.01,Kepler-661 b,CONFIRMED,CANDIDATE,1.0000,0,0,0,0,6.029303290,5.5090000e-06,-5.5090000e-06,171.6029590,7.130000e-04,-7.130000e-04,0.2580,0.1960,-0.2580,1.58210,0.03110,-0.03110,1.9127e+03,3.440e+01,-3.440e+01,2.85,2.600e-01,-1.500e-01,678.0,,,50.04,16.40,-9.88,65.40,1,q1_q17_dr25_tce,4537.00,123.00,-123.00,4.648,0.020,-0.056,0.6720,0.0620,-0.0360,283.710880,47.863270,15.784
10583180,K00748.01,,FALSE POSITIVE,FALSE POSITIVE,0.0000,0,1,1,1,2.696370652,7.5340000e-06,-7.5340000e-06,170.7376900,2.340000e-03,-2.340000e-03,0.0440,0.3600,-0.0440,3.61290,0.06860,-0.06860,3.9790e+02,9.500e+00,-9.500e+00,1.58,1.300e-01,-1.600e-01,1066.0,,,305.34,96.64,-86.33,48.20,1,q1_q17_dr25_tce,4989.00,149.00,-149.00,4.504,0.090,-0.060,0.8190,0.0670,-0.0820,283.765470,47.804298,15.269
10601284,K00749.01,Kepler-226 c,CONFIRMED,CANDIDATE,1.0000,0,0,0,0,5.349553819,8.8340000e-06,-8.8340000e-06,171.8069400,1.270000e-03,-1.270000e-03,0.0920,0.3690,-0.0920,3.02780,0.04710,-0.04710,8.3100e+02,1.480e+01,-1.480e+01,2.55,1.600e-01,-2.400e-01,919.0,,,168.99,34.66,-38.48,60.60,1,q1_q17_dr25_tce,5185.00,85.00,-77.00,4.440,0.098,-0.045,0.9100,0.0570,-0.0860,292.376130,47.880989,15.416
10601284,K00749.02,Kepler-226 b,CONFIRMED,CANDIDATE,0.9800,0,0,0,0,3.941052210,1.0940000e-05,-1.0940000e-05,136.0866200,2.330000e-03,-2.330000e-03,0.2260,0.2430,-0.2260,2.59840,0.07370,-0.07370,3.6330e+02,1.390e+01,-1.390e+01,1.70,1.100e-01,-1.600e-01,1018.0,,,253.15,51.91,-57.65,28.90,2,q1_q17_dr25_tce,5185.00,85.00,-77.00,4.440,0.098,-0.045,0.9100,0.0570,-0.0860,292.376130,47.880989,15.416
10601284,K00749.03,Kepler-226 d,CONFIRMED,CANDIDATE,0.9710,0,0,0,0,8.109048070,6.7870000e-05,-6.7870000e-05,132.8031000,7.160000e-03,-7.160000e-03,0.0250,0.4250,-0.0250,3.59600,0.19800,-0.19800,2.1740e+02,1.680e+01,-1.680e+01,1.30,9.000e-02,-1.200e-01,800.0,,,97.03,19.90,-22.09,14.10,3,q1_q17_dr25_tce,5185.00,85.00,-77.00,4.440,0.098,-0.045,0.9100,0.0570,-0.0860,292.376130,47.880989,15.416
2306756,K00113.01,,FALSE POSITIVE,FALSE POSITIVE,,0,1,0,0,386.603052800,1.3690000e-04,-1.3690000e-04,166.3420790,2.990000e-04,-2.990000e-04,0.9765,0.0497,-0.0268,6.80570,0.01840,-0.01840,2.4927e+04,4.580e+01,-4.580e+01,41.50,1.680e+00,-1.680e+00,297.0,,,1.84,0.26,-0.24,994.00,1,q1_q16_tce,5543.00,79.00,-79.00,4.081,0.014,-0.014,1.5800,0.0640,-0.0640,292.273740,37.671558,12.394
10662202,K00750.01,Kepler-662 b,CONFIRMED,CANDIDATE,1.0000,0,0,0,0,21.676991930,7.0100000e-05,-7.0100000e-05,171.5359400,2.580000e-03,-2.580000e-03,0.8960,0.0100,-0.6630,3.45550,0.06560,-0.06560,8.5720e+02,2.710e+01,-2.710e+01,2.95,1.200e-01,-2.300e-01,530.0,,,18.64,2.78,-3.80,34.30,1,q1_q17_dr25_tce,4954.00,79.00,-79.00,4.500,0.075,-0.020,0.8280,0.0320,-0.0650,290.465120,47.929180,15.377
10682541,K00751.01,Kepler-663 b,CONFIRMED,CANDIDATE,1.0000,0,0,0,0,4.996779680,1.3890000e-05,-1.3890000e-05,171.7420800,2.190000e-03,-2.190000e-03,0.7100,0.0060,-0.5330,2.17170,0.07620,-0.07620,9.3470e+02,3.970e+01,-3.970e+01,2.78,5.200e-01,-2.300e-01,917.0,,,166.95,102.06,-42.14,28.20,1,q1_q17_dr25_tce,5339.00,175.00,-159.00,4.552,0.034,-0.136,0.8470,0.1610,-0.0690,297.808260,47.946671,15.861
11460018,K00769.01,Kepler-671 b,CONFIRMED,CANDIDATE,1.0000,0,0,0,0,4.280963604,6.1410000e-06,-6.1410000e-06,171.8965900,1.150000e-03,-1.150000e-03,0.4240,0.1120,-0.3560,2.87500,0.04200,-0.04200,7.5080e+02,1.410e+01,-1.410e+01,2.30,5.800e-01,-1.900e-01,1012.0,,,247.87,182.24,-63.32,61.80,1,q1_q17_dr25_tce,5644.00,152.00,-169.00,4.564,0.032,-0.168,0.8310,0.2070,-0.0690,294.265810,49.314091,15.356
11463211,K00770.01,,FALSE POSITIVE,FALSE POSITIVE,0.0000,0,0,1,0,1.506354090,4.7000000e-07,-4.7000000e-07,170.9980640,2.460000e-04,-2.460000e-04,0.8600,0.0420,-0.1250,1.51550,0.04830,-0.04830,2.2117e+03,1.830e+01,-1.830e+01,4.53,1.010e+00,-4.400e-01,1452.0,,,1054.12,703.10,-292.26,181.10,1,q1_q17_dr25_tce,5714.00,155.00,-172.00,4.563,0.040,-0.160,0.8310,0.1860,-0.0800,295.665220,49.351009,15.525
11465813,K00771.01,,FALSE POSITIVE,FALSE POSITIVE,0.0000,0,1,1,0,670.645531000,1.2370000e-03,-1.2370000e-03,209.0435500,1.570000e-03,-1.570000e-03,0.7010,0.0040,-0.0050,53.41200,0.13100,-0.13100,1.8091e+04,3.350e+01,-3.350e+01,14.14,2.130e+00,-7.100e-01,196.0,,,0.35,0.15,-0.06,642.70,1,q1_q17_dr25_tce,5520.00,100.00,-111.00,4.466,0.032,-0.120,0.9830,0.1480,-0.0490,296.698610,49.316479,15.207
11493732,K00772.01,,FALSE POSITIVE,FALSE POSITIVE,0.0000,0,1,0,0,61.256362800,1.5600000e-04,-1.5600000e-04,173.8382600,2.090000e-03,-2.090000e-03,1.2480,6.9120,-0.0670,7.63300,0.10500,-0.10500,5.1233e+03,7.060e+01,-7.060e+01,39.87,1.279e+01,-5.480e+00,505.0,,,15.43,14.85,-5.51,85.30,1,q1_q17_dr25_tce,6144.00,184.00,-220.00,4.402,0.072,-0.217,1.0910,0.3500,-0.1500,283.725920,49.479519,15.250
11507101,K00773.01,Kepler-672 b,CONFIRMED,CANDIDATE,1.0000,0,0,0,0,38.377548600,1.6020000e-04,-1.6020000e-04,172.8204800,3.380000e-03,-3.380000e-03,0.4680,0.4610,-0.2670,5.58800,0.11300,-0.11300,7.2420e+02,2.340e+01,-2.340e+01,2.82,3.700e-01,-3.400e-01,529.0,,,18.53,6.72,-4.93,34.70,1,q1_q17_dr25_tce,5481.00,82.00,-74.00,4.369,0.121,-0.099,1.0360,0.1380,-0.1240,291.722020,49.480869,15.172
10910878,K00757.02,Kepler-229 d,CONFIRMED,CANDIDATE,0.9920,0,0,0,0,41.197255020,9.3450000e-05,-9.3450000e-05,165.0040400,1.710000e-03,-1.710000e-03,0.0450,0.3370,-0.0450,4.62970,0.06330,-0.06330,2.2139e+03,4.550e+01,-4.550e+01,3.86,1.500e-01,-3.300e-01,439.0,,,8.76,1.27,-1.90,51.20,2,q1_q17_dr25_tce,5031.00,75.00,-83.00,4.485,0.083,-0.028,0.8480,0.0330,-0.0720,286.999480,48.375790,15.841
10910878,K00757.03,Kepler-229 b,CONFIRMED,CANDIDATE,1.0000,0,0,0,0,6.252962249,9.5770000e-06,-9.5770000e-06,171.3012600,1.170000e-03,-1.170000e-03,0.1050,0.3290,-0.1050,2.58190,0.04260,-0.04260,1.0369e+03,2.450e+01,-2.450e+01,2.65,1.000e-01,-2.300e-01,823.0,,,108.30,15.73,-23.44,47.10,3,q1_q17_dr25_tce,5031.00,75.00,-83.00,4.485,0.083,-0.028,0.8480,0.0330,-0.0720,286.999480,48.375790,15.841
10987985,K00758.01,Kepler-665 b,CONFIRMED,CANDIDATE,1.0000,0,0,0,0,16.013084190,4.8540000e-05,-4.8540000e-05,176.3608000,2.430000e-03,-2.430000e-03,0.7990,0.0970,-0.5510,3.25540,0.07910,-0.07910,1.1219e+03,3.940e+01,-3.940e+01,3.10,3.400e-01,-3.100e-01,593.0,,,29.31,11.77,-8.24,33.20,1,q1_q17_dr25_tce,5015.00,164.00,-149.00,4.499,0.092,-0.115,0.8260,0.0910,-0.0820,297.025630,48.478588,15.390
11018648,K00759.01,Kepler-230 b,CONFIRMED,CANDIDATE,1.0000,0,0,0,0,32.628766720,5.8010000e-05,-5.8010000e-05,194.1019000,1.380000e-03,-1.380000e-03,0.0210,0.4020,-0.0210,4.79710,0.05800,-0.05800,1.8048e+03,2.540e+01,-2.540e+01,3.36,7.600e-01,-3.300e-01,506.0,,,15.55,10.51,-4.18,80.00,1,q1_q17_dr25_tce,5586.00,152.00,-152.00,4.560,0.050,-0.150,0.7980,0.1810,-0.0770,285.718540,48.505859,15.082
11018648,K00759.02,Kepler-230 c,CONFIRMED,CANDIDATE,0.9780,0,0,0,0,91.773286200,7.5180000e-04,-7.5180000e-04,193.8378000,6.430000e-03,-6.430000e-03,0.6060,0.3350,-0.4000,6.47300,0.20400,-0.20400,6.5200e+02,3.620e+01,-3.620e+01,2.12,4.800e-01,-2.100e-01,359.0,,,3.92,2.64,-1.06,19.10,2,q1_q17_dr25_tce,5586.00,152.00,-152.00,4.560,0.050,-0.150,0.7980,0.1810,-0.0770,285.718540,48.505859,15.082
11138155,K00760.01,Kepler-1976 b,CONFIRMED,CANDIDATE,1.0000,0,0,0,0,4.959319244,5.1500000e-07,-5.1500000e-07,172.2585292,8.270000e-05,-8.270000e-05,0.8310,0.0160,-0.0040,2.22739,0.00750,-0.00750,9.8020e+03,2.000e+01,-2.000e+01,12.21,1.960e+00,-1.460e+00,1103.0,,,349.40,146.52,-93.21,696.50,1,q1_q17_dr25_tce,5712.00,77.00,-77.00,4.359,0.110,-0.110,1.0820,0.1730,-0.1300,292.167050,48.727589,15.263
11152159,K00761.01,,FALSE POSITIVE,FALSE POSITIVE,0.0000,0,1,1,0,2.701287801,5.6340000e-06,-5.6340000e-06,170.6957900,1.640000e-03,-1.640000e-03,1.0160,3.9670,-0.0590,3.38270,0.08920,-0.08920,8.6040e+02,2.090e+01,-2.090e+01,6.54,1.640e+00,-7.500e-01,1222.0,,,527.81,411.33,-166.35,48.30,1,q1_q17_dr25_tce,5550.00,182.00,-182.00,4.468,0.091,-0.169,0.9100,0.2280,-0.1050,297.923650,48.777321,15.540
11153539,K00762.01,Kepler-666 b,CONFIRMED,CANDIDATE,1.0000,0,0,0,0,4.498765110,1.7770000e-05,-1.7770000e-05,171.3490500,3.000000e-03,-3.000000e-03,0.3120,0.1540,-0.3120,3.73620,0.09340,-0.09340,4.6000e+02,1.750e+01,-1.750e+01,2.10,6.500e-01,-2.200e-01,1133.0,,,389.62,365.71,-117.40,29.50,1,q1_q17_dr25_tce,6075.00,189.00,-210.00,4.486,0.052,-0.208,0.9690,0.3000,-0.1000,298.456850,48.791592,15.395
11242721,K00763.01,,FALSE POSITIVE,FALSE POSITIVE,0.0000,0,1,0,0,19.651209505,5.8620000e-06,-5.8620000e-06,179.4019810,2.490000e-04,-2.490000e-04,0.7230,0.0100,-0.0200,5.25140,0.01790,-0.01790,1.1766e+04,2.770e+01,-2.770e+01,12.42,3.920e+00,-1.690e+00,730.0,,,67.03,62.46,-23.51,513.40,1,q1_q17_dr25_tce,6074.00,168.00,-210.00,4.391,0.090,-0.210,1.0630,0.3360,-0.1440,291.093900,48.933842,15.536
9579641,K00115.01,Kepler-105 b,CONFIRMED,CANDIDATE,1.0000,0,0,0,0,5.412203927,3.0520000e-06,-3.0520000e-06,133.1430890,4.680000e-04,-4.680000e-04,0.7870,0.0050,-0.5650,2.94720,0.02400,-0.02400,6.0160e+02,4.000e+00,-4.000e+00,2.94,4.300e-01,-3.800e-01,1093.0,,,337.68,137.29,-102.18,166.70,1,q1_q17_dr25_tce,5779.00,104.00,-115.00,4.339,0.132,-0.108,1.0870,0.1570,-0.1420,287.887330,46.276241,12.791
11304958,K00764.01,Kepler-667 b,CONFIRMED,CANDIDATE,0.9980,0,0,0,0,41.439586620,7.5570000e-05,-7.5570000e-05,208.9320300,1.420000e-03,-1.420000e-03,0.3550,0.0400,-0.3550,10.59890,0.08800,-0.08800,2.7931e+03,2.260e+01,-2.260e+01,5.50,1.570e+00,-9.600e-01,516.0,,,16.72,14.66,-6.64,141.10,1,q1_q17_dr25_tce,5468.00,180.00,-164.00,4.367,0.153,-0.187,1.0460,0.2970,-0.1830,295.555050,49.017342,15.400
11391957,K00765.01,Kepler-668 b,CONFIRMED,CANDIDATE,1.0000,0,0,0,0,8.353895230,1.5240000e-05,-1.5240000e-05,171.6325700,1.330000e-03,-1.330000e-03,0.0230,0.4230,-0.0230,2.25140,0.05180,-0.05180,1.0416e+03,2.820e+01,-2.820e+01,2.52,5.400e-01,-2.400e-01,790.0,,,91.90,59.06,-24.15,43.40,1,q1_q17_dr25_tce,5592.00,152.00,-152.00,4.582,0.036,-0.144,0.7870,0.1690,-0.0730,285.499240,49.277351,15.317
11403044,K00766.01,Kepler-669 b,CONFIRMED,CANDIDATE,1.0000,0,0,0,0,4.125543472,3.1330000e-06,-3.1330000e-06,169.7525850,6.130000e-04,-6.130000e-04,0.5970,0.2350,-0.3670,3.17440,0.03620,-0.03620,1.4873e+03,1.330e+01,-1.330e+01,4.43,1.440e+00,-5.100e-01,1243.0,,,565.35,542.47,-188.14,128.60,1,q1_q17_dr25_tce,6174.00,173.00,-239.00,4.417,0.056,-0.210,1.1030,0.3580,-0.1280,291.936160,49.253979,15.506
11414511,K00767.01,Kepler-670 b,CONFIRMED,CANDIDATE,1.0000,0,0,0,0,2.816504904,1.6500000e-07,-1.6500000e-07,170.9676846,4.660000e-05,-4.660000e-05,0.1050,0.2640,-0.1190,2.50587,0.00666,-0.00666,1.6814e+04,1.100e+01,-1.100e+01,12.21,1.620e+00,-8.700e-01,1219.0,,,521.13,184.34,-97.95,1406.80,1,q1_q17_dr25_tce,5532.00,74.00,-83.00,4.452,0.063,-0.108,0.9550,0.1270,-0.0680,297.015470,49.225288,15.052
11442465,K00768.01,,FALSE POSITIVE,FALSE POSITIVE,0.0000,0,1,1,0,33.933734470,6.1540000e-05,-6.1540000e-05,186.6760800,1.370000e-03,-1.370000e-03,0.8120,0.0060,-0.0090,14.56100,0.10400,-0.10400,8.5037e+03,4.430e+01,-4.430e+01,7.34,9.000e-01,-6.000e-01,430.0,,,8.11,3.25,-2.06,236.10,1,q1_q17_dr25_tce,5040.00,136.00,-151.00,4.628,0.030,-0.070,0.7050,0.0860,-0.0580,284.172330,49.360722,15.716
12110942,K00786.01,Kepler-680 b,CONFIRMED,CANDIDATE,1.0000,0,0,0,0,3.689920099,8.9820000e-06,-8.9820000e-06,170.3657100,1.910000e-03,-1.910000e-03,0.1510,0.3040,-0.1510,2.65570,0.06770,-0.06770,4.2670e+02,1.380e+01,-1.380e+01,1.89,5.400e-01,-2.000e-01,1147.0,,,408.99,342.24,-123.32,35.60,1,q1_q17_dr25_tce,5880.00,157.00,-192.00,4.518,0.046,-0.196,0.9170,0.2620,-0.0980,291.622410,50.618240,15.242
12366084,K00787.01,Kepler-232 b,CONFIRMED,CANDIDATE,1.0000,0,0,0,0,4.431238488,6.1060000e-06,-6.1060000e-06,171.0150000,1.110000e-03,-1.110000e-03,0.4050,0.0410,-0.4050,3.15000,0.04230,-0.04230,1.0109e+03,1.520e+01,-1.520e+01,3.25,4.700e-01,-2.500e-01,1104.0,,,351.23,135.26,-68.33,71.10,1,q1_q17_dr25_tce,5714.00,77.00,-77.00,4.428,0.063,-0.117,1.0150,0.1480,-0.0790,295.816160,51.121738,15.367
12366084,K00787.02,Kepler-232 c,CONFIRMED,CANDIDATE,1.0000,0,0,0,0,11.379369860,2.4150000e-05,-2.4150000e-05,133.8499200,1.830000e-03,-1.830000e-03,0.9110,0.0090,-0.6560,2.62550,0.07300,-0.07300,1.0235e+03,2.970e+01,-2.970e+01,3.95,5.700e-01,-3.100e-01,806.0,,,99.68,38.38,-19.39,37.90,2,q1_q17_dr25_tce,5714.00,77.00,-77.00,4.428,0.063,-0.117,1.0150,0.1480,-0.0790,295.816160,51.121738,15.367
12404086,K00788.01,Kepler-681 b,CONFIRMED,CANDIDATE,1.0000,0,0,0,0,26.394328970,5.7240000e-05,-5.7240000e-05,176.0545900,1.760000e-03,-1.760000e-03,0.6020,0.2500,-0.3960,3.57300,0.06430,-0.06430,1.5109e+03,3.630e+01,-3.630e+01,3.07,4.100e-01,-2.200e-01,489.0,,,13.49,6.07,-3.21,48.20,1,q1_q17_dr25_tce,5129.00,154.00,-154.00,4.595,0.030,-0.084,0.7630,0.1030,-0.0550,289.399720,51.250320,15.234
8395660,K00116.01,Kepler-106 c,CONFIRMED,CANDIDATE,1.0000,0,0,0,0,13.570782810,1.5850000e-05,-1.5850000e-05,136.2791940,9.570000e-04,-9.570000e-04,0.8660,0.0150,-0.6210,3.35390,0.04890,-0.04890,5.1170e+02,6.300e+00,-6.300e+00,2.64,4.000e-01,-2.700e-01,785.0,,,89.61,38.12,-22.92,88.40,1,q1_q17_dr25_tce,5854.00,105.00,-117.00,4.406,0.090,-0.110,1.0120,0.1540,-0.1030,300.863980,44.337551,12.882
9579641,K00115.02,Kepler-105 c,CONFIRMED,CANDIDATE,1.0000,0,0,0,0,7.125943870,1.4060000e-05,-1.4060000e-05,139.0049200,1.590000e-03,-1.590000e-03,0.8980,0.0130,-0.6990,3.00140,0.03840,-0.03840,1.9240e+02,4.400e+00,-4.400e+00,1.79,2.600e-01,-2.300e-01,997.0,,,233.31,94.86,-70.60,47.10,2,q1_q17_dr25_tce,5779.00,104.00,-115.00,4.339,0.132,-0.108,1.0870,0.1570,-0.1420,287.887330,46.276241,12.791
11656840,K00774.01,,FALSE POSITIVE,FALSE POSITIVE,0.0140,0,1,0,0,7.442652004,7.0200000e-07,-7.0200000e-07,169.9717797,7.320000e-05,-7.320000e-05,0.1370,0.3460,-0.2240,2.30780,0.01290,-0.01290,2.4446e+04,3.780e+01,-3.780e+01,15.03,4.730e+00,-1.580e+00,967.0,,,206.78,195.52,-61.76,835.60,1,q1_q17_dr25_tce,6108.00,183.00,-201.00,4.469,0.070,-0.210,0.9560,0.3010,-0.1000,288.986820,49.733742,15.270
11754553,K00775.01,Kepler-52 c,CONFIRMED,CANDIDATE,1.0000,0,0,0,0,16.384899880,5.2190000e-05,-5.2190000e-05,172.7278200,2.480000e-03,-2.480000e-03,0.0010,0.4370,-0.0010,3.02490,0.07980,-0.07980,1.1271e+03,4.200e+01,-4.200e+01,2.00,9.000e-02,-1.000e-01,433.0,,,8.35,1.49,-1.35,28.90,2,q1_q17_dr25_tce,4126.00,82.00,-82.00,4.661,0.022,-0.022,0.6150,0.0270,-0.0290,286.738040,49.975750,15.095
11754553,K00775.02,Kepler-52 b,CONFIRMED,CANDIDATE,1.0000,0,0,0,0,7.877416300,1.4930000e-05,-1.4930000e-05,176.3759000,1.470000e-03,-1.470000e-03,0.0410,0.4090,-0.0410,2.08050,0.05170,-0.05170,1.3061e+03,3.770e+01,-3.770e+01,2.16,9.000e-02,-1.100e-01,553.0,,,22.18,3.97,-3.59,38.70,1,q1_q17_dr25_tce,4126.00,82.00,-82.00,4.661,0.022,-0.022,0.6150,0.0270,-0.0290,286.738040,49.975750,15.095
11754553,K00775.03,Kepler-52 d,CONFIRMED,CANDIDATE,1.0000,0,0,0,0,36.445400100,1.8090000e-04,-1.8090000e-04,151.6012500,3.920000e-03,-3.920000e-03,0.0280,0.4370,-0.0280,4.00700,0.12600,-0.12600,1.1223e+03,5.340e+01,-5.340e+01,1.99,9.000e-02,-9.000e-02,332.0,,,2.88,0.51,-0.47,21.70,3,q1_q17_dr25_tce,4126.00,82.00,-82.00,4.661,0.022,-0.022,0.6150,0.0270,-0.0290,286.738040,49.975750,15.095
11812062,K00776.01,Kepler-673 b,CONFIRMED,CANDIDATE,1.0000,0,0,0,0,3.728732147,9.3600000e-07,-9.3600000e-07,171.7932550,1.950000e-04,-1.950000e-04,0.5580,0.1300,-0.1490,2.68300,0.03500,-0.03500,5.2265e+03,1.850e+01,-1.850e+01,6.02,1.220e+00,-5.200e-01,1023.0,,,258.34,162.58,-65.21,345.20,1,q1_q17_dr25_tce,5497.00,166.00,-149.00,4.577,0.034,-0.136,0.8090,0.1640,-0.0700,290.785740,50.054119,15.523
11818800,K00777.01,,CANDIDATE,CANDIDATE,0.9990,0,0,0,0,40.419503700,1.1390000e-04,-1.1390000e-04,173.5646900,2.220000e-03,-2.220000e-03,0.9110,5.5670,-0.1180,3.36200,0.14000,-0.14000,6.2560e+03,2.300e+02,-2.300e+02,7.51,1.120e+00,-9.100e-01,467.0,,,11.29,5.67,-3.57,36.90,1,q1_q17_dr25_tce,5446.00,179.00,-163.00,4.507,0.116,-0.105,0.7810,0.1160,-0.0950,294.316860,50.080231,15.487
11853255,K00778.01,Kepler-674 b,CONFIRMED,CANDIDATE,1.0000,0,0,0,0,2.243380573,2.6700000e-06,-2.6700000e-06,170.6792330,9.000000e-04,-9.000000e-04,0.9150,0.0090,-0.6300,1.11960,0.03840,-0.03840,8.2170e+02,2.560e+01,-2.560e+01,1.99,1.000e-01,-1.200e-01,822.0,,,107.60,21.47,-20.32,38.90,1,q1_q17_dr25_tce,4149.00,82.00,-91.00,4.698,0.024,-0.027,0.5640,0.0300,-0.0330,285.176210,50.149818,15.135
11909839,K00779.01,,FALSE POSITIVE,FALSE POSITIVE,0.0000,0,1,0,0,10.405998015,2.5150000e-06,-2.5150000e-06,177.1974660,1.900000e-04,-1.900000e-04,0.3240,0.0610,-0.0750,6.50360,0.01450,-0.01450,1.4489e+04,2.240e+01,-2.240e+01,11.23,2.920e+00,-1.950e+00,833.0,,,113.94,90.01,-45.01,745.20,1,q1_q17_dr25_tce,5746.00,173.00,-173.00,4.393,0.180,-0.198,0.9240,0.2410,-0.1600,289.235530,50.241001,15.562
11918099,K00780.01,Kepler-675 b,CONFIRMED,CANDIDATE,1.0000,0,0,0,0,2.337437946,1.9510000e-06,-1.9510000e-06,171.7619820,6.590000e-04,-6.590000e-04,0.2800,0.1890,-0.2800,1.99820,0.02710,-0.02710,9.7120e+02,1.370e+01,-1.370e+01,2.34,1.700e-01,-9.000e-02,1070.0,,,311.16,69.46,-40.17,82.40,1,q1_q17_dr25_tce,5005.00,79.00,-79.00,4.595,0.012,-0.064,0.7650,0.0550,-0.0280,293.833310,50.230350,15.334
11918099,K00780.02,,CANDIDATE,CANDIDATE,0.9930,0,0,0,0,7.240661200,1.6170000e-05,-1.6170000e-05,137.7554500,2.000000e-03,-2.000000e-03,1.1980,49.8500,-0.2580,0.55800,0.17100,-0.17100,5.5640e+02,4.410e+01,-4.410e+01,19.45,1.400e+00,-7.100e-01,734.0,,,68.63,15.32,-8.86,13.70,2,q1_q17_dr25_tce,5005.00,79.00,-79.00,4.595,0.012,-0.064,0.7650,0.0550,-0.0280,293.833310,50.230350,15.334
9579641,K00115.03,,CANDIDATE,CANDIDATE,0.8710,0,0,0,0,3.435916310,4.7290000e-05,-4.7290000e-05,132.6624000,1.100000e-02,-1.100000e-02,0.6240,0.0370,-0.4760,3.13300,0.40700,-0.40700,2.3200e+01,3.400e+00,-3.400e+00,0.55,8.000e-02,-7.000e-02,1272.0,,,617.61,251.11,-186.88,8.70,3,q1_q17_dr25_tce,5779.00,104.00,-115.00,4.339,0.132,-0.108,1.0870,0.1570,-0.1420,287.887330,46.276241,12.791
11923270,K00781.01,Kepler-676 b,CONFIRMED,CANDIDATE,1.0000,0,0,0,0,11.598222330,1.4070000e-05,-1.4070000e-05,180.3953760,9.230000e-04,-9.230000e-04,0.6790,0.1870,-0.4700,2.52370,0.05200,-0.05200,2.8045e+03,4.630e+01,-4.630e+01,2.65,2.100e-01,-2.900e-01,396.0,,,5.82,1.49,-1.63,71.00,1,q1_q17_dr25_tce,3688.00,73.00,-91.00,4.790,0.050,-0.045,0.4730,0.0370,-0.0510,296.221950,50.287220,15.937
11960862,K00782.01,Kepler-677 b,CONFIRMED,CANDIDATE,1.0000,0,0,0,0,6.575315881,3.7260000e-06,-3.7260000e-06,173.6340440,4.550000e-04,-4.550000e-04,0.3900,0.0650,-0.3060,4.30840,0.03060,-0.03060,2.7933e+03,1.490e+01,-1.490e+01,5.31,1.500e+00,-8.100e-01,1015.0,,,251.38,209.10,-91.63,221.10,1,q1_q17_dr25_tce,5992.00,162.00,-180.00,4.415,0.105,-0.195,0.9890,0.2800,-0.1510,290.098050,50.321609,15.312
12020329,K00783.01,Kepler-678 b,CONFIRMED,CANDIDATE,1.0000,0,0,0,0,7.275040844,4.6770000e-06,-4.6770000e-06,169.9942170,5.070000e-04,-5.070000e-04,0.5470,0.0520,-0.2290,7.53770,0.06810,-0.06810,3.0010e+03,1.150e+01,-1.150e+01,4.86,1.050e+00,-3.700e-01,833.0,,,113.64,75.31,-28.97,312.10,1,q1_q17_dr25_tce,5485.00,164.00,-180.00,4.556,0.028,-0.161,0.8670,0.1870,-0.0670,295.455290,50.494560,15.080
12066335,K00784.01,Kepler-231 c,CONFIRMED,CANDIDATE,1.0000,0,0,0,0,19.271538920,4.1450000e-05,-4.1450000e-05,186.7709300,1.820000e-03,-1.820000e-03,0.0310,0.3600,-0.0310,2.75940,0.05510,-0.05510,1.2198e+03,3.530e+01,-3.530e+01,1.93,1.000e-01,-1.200e-01,393.0,,,5.66,1.13,-1.06,37.10,1,q1_q17_dr25_tce,4077.00,81.00,-81.00,4.702,0.027,-0.027,0.5600,0.0300,-0.0340,293.973360,50.531910,15.385
12066335,K00784.02,Kepler-231 b,CONFIRMED,CANDIDATE,1.0000,0,0,0,0,10.065243170,1.4900000e-05,-1.4900000e-05,136.2890600,1.190000e-03,-1.190000e-03,0.6280,0.0030,-0.4780,1.36900,0.03930,-0.03930,1.0533e+03,3.920e+01,-3.920e+01,1.91,1.000e-01,-1.200e-01,488.0,,,13.43,2.69,-2.50,30.30,2,q1_q17_dr25_tce,4077.00,81.00,-81.00,4.702,0.027,-0.027,0.5600,0.0300,-0.0340,293.973360,50.531910,15.385
12070811,K00785.01,Kepler-679 b,CONFIRMED,CANDIDATE,1.0000,0,0,0,0,12.393565100,3.9320000e-05,-3.9320000e-05,178.7472500,2.450000e-03,-2.450000e-03,0.8830,0.0330,-0.6400,3.88960,0.08340,-0.08340,9.1660e+02,2.910e+01,-2.910e+01,2.66,5.400e-01,-2.300e-01,677.0,,,49.68,31.16,-12.97,35.80,1,q1_q17_dr25_tce,5557.00,166.00,-166.00,4.603,0.034,-0.128,0.7500,0.1520,-0.0650,296.021330,50.567780,15.505
8395660,K00116.02,Kepler-106 e,CONFIRMED,CANDIDATE,0.9980,0,0,0,0,43.844397210,9.6130000e-05,-9.6130000e-05,151.9353800,1.920000e-03,-1.920000e-03,0.8520,0.0390,-0.5850,6.80200,0.11900,-0.11900,6.1520e+02,7.700e+00,-7.700e+00,2.87,4.300e-01,-3.000e-01,531.0,,,18.77,7.98,-4.80,83.70,2,q1_q17_dr25_tce,5854.00,105.00,-117.00,4.406,0.090,-0.110,1.0120,0.1540,-0.1030,300.863980,44.337551,12.882
3120431,K00798.01,,FALSE POSITIVE,FALSE POSITIVE,0.0000,0,1,1,0,3.341913228,9.9530000e-06,-9.9530000e-06,171.6394300,2.470000e-03,-2.470000e-03,1.2130,11.2800,-0.1410,3.81300,0.12000,-0.12000,7.2530e+02,2.130e+01,-2.130e+01,21.55,3.540e+00,-1.890e+00,1032.0,,,268.67,145.91,-70.67,39.00,1,q1_q17_dr25_tce,5295.00,175.00,-159.00,4.551,0.049,-0.105,0.8110,0.1330,-0.0710,292.315950,38.270290,15.629
3246984,K00799.01,,FALSE POSITIVE,FALSE POSITIVE,0.7730,0,0,1,0,1.626630225,1.0150000e-06,-1.0150000e-06,169.8201710,4.870000e-04,-4.870000e-04,1.2600,4.8270,-0.0430,2.11450,0.02850,-0.02850,1.6206e+03,1.900e+01,-1.900e+01,32.43,9.000e+00,-4.830e+00,1547.0,,,1355.88,1105.99,-486.60,103.60,1,q1_q17_dr25_tce,5735.00,155.00,-172.00,4.410,0.124,-0.186,0.9730,0.2700,-0.1450,294.368190,38.310280,15.279
3342970,K00800.01,Kepler-234 b,CONFIRMED,CANDIDATE,1.0000,0,0,0,0,2.711504086,3.8000000e-06,-3.8000000e-06,170.0341700,1.110000e-03,-1.110000e-03,0.0230,0.4050,-0.0230,3.00990,0.04230,-0.04230,8.3750e+02,1.450e+01,-1.450e+01,3.12,1.020e+00,-3.400e-01,1420.0,,,960.79,931.74,-309.76,64.50,1,q1_q17_dr25_tce,6214.00,174.00,-239.00,4.442,0.054,-0.216,1.0760,0.3530,-0.1180,291.653530,38.494659,15.541
3342970,K00800.02,Kepler-234 c,CONFIRMED,CANDIDATE,1.0000,0,0,0,0,7.212037480,1.5530000e-05,-1.5530000e-05,172.8178200,1.630000e-03,-1.630000e-03,0.0120,0.3940,-0.0120,4.04910,0.05800,-0.05800,9.5040e+02,1.950e+01,-1.950e+01,3.32,1.090e+00,-3.600e-01,1025.0,,,260.58,252.70,-84.01,51.50,2,q1_q17_dr25_tce,6214.00,174.00,-239.00,4.442,0.054,-0.216,1.0760,0.3530,-0.1180,291.653530,38.494659,15.541
12459725,K00789.01,,FALSE POSITIVE,FALSE POSITIVE,,0,0,0,1,14.179818700,1.6430000e-04,-1.6430000e-04,171.5023700,7.600000e-03,-7.600000e-03,0.1601,0.2975,-0.1600,2.50500,0.31500,-0.31500,4.5990e+02,5.190e+01,-5.190e+01,1.88,7.100e-01,-1.400e-01,711.0,,,60.35,67.75,-14.34,11.20,,,5799.00,161.00,-168.00,4.539,0.027,-0.275,0.8780,0.3330,-0.0650,291.044800,51.321671,15.727
12470844,K00790.01,Kepler-233 b,CONFIRMED,CANDIDATE,1.0000,0,0,0,0,8.472379110,1.5600000e-05,-1.5600000e-05,174.1621200,1.490000e-03,-1.490000e-03,0.0220,0.3780,-0.0220,2.72450,0.04840,-0.04840,1.1235e+03,2.670e+01,-2.670e+01,2.59,3.700e-01,-2.200e-01,751.0,,,75.44,35.44,-19.30,47.60,1,q1_q17_dr25_tce,5354.00,159.00,-159.00,4.587,0.032,-0.104,0.7880,0.1130,-0.0660,296.366520,51.319519,15.339
12470844,K00790.02,Kepler-233 c,CONFIRMED,CANDIDATE,0.9890,0,0,0,0,60.418936900,5.0430000e-04,-5.0430000e-04,181.1636700,6.250000e-03,-6.250000e-03,0.0940,0.3590,-0.0940,5.03900,0.18400,-0.18400,9.3130e+02,4.960e+01,-4.960e+01,2.36,3.400e-01,-2.000e-01,390.0,,,5.49,2.58,-1.40,20.10,2,q1_q17_dr25_tce,5354.00,159.00,-159.00,4.587,0.032,-0.104,0.7880,0.1130,-0.0660,296.366520,51.319519,15.339
12644822,K00791.01,Kepler-682 b,CONFIRMED,CANDIDATE,1.0000,0,0,0,0,12.611904345,6.6500000e-06,-6.6500000e-06,180.8922840,4.130000e-04,-4.130000e-04,0.5500,0.0650,-0.1280,5.14970,0.05920,-0.05920,6.1056e+03,2.760e+01,-2.760e+01,7.40,2.200e+00,-7.300e-01,753.0,,,76.15,66.33,-21.39,277.20,1,q1_q17_dr25_tce,5795.00,156.00,-173.00,4.508,0.039,-0.208,0.9190,0.2730,-0.0910,289.112210,51.737381,15.140
2440757,K00792.01,,FALSE POSITIVE,FALSE POSITIVE,0.0000,0,1,0,0,1.433769925,7.4100000e-07,-7.4100000e-07,170.4035360,3.970000e-04,-3.970000e-04,1.2680,5.6520,-0.1230,1.88680,0.02320,-0.02320,1.9763e+03,2.040e+01,-2.040e+01,46.58,8.010e+00,-8.000e+00,1920.0,,,3209.29,1411.94,-1136.62,112.60,1,q1_q17_dr25_tce,6017.00,72.00,-90.00,4.220,0.156,-0.117,1.3390,0.2300,-0.2300,290.843690,37.728828,15.122
2445129,K00793.01,,FALSE POSITIVE,FALSE POSITIVE,0.0000,0,1,1,0,10.318723010,2.8460000e-05,-2.8460000e-05,173.3154300,2.240000e-03,-2.240000e-03,1.2150,59.5200,-0.4630,3.83600,0.12100,-0.12100,8.7170e+02,2.640e+01,-2.640e+01,28.59,8.610e+00,-3.690e+00,876.0,,,139.26,125.69,-46.77,38.20,1,q1_q17_dr25_tce,5927.00,176.00,-193.00,4.409,0.084,-0.196,1.0600,0.3190,-0.1370,291.848910,37.713501,15.065
2713049,K00794.01,Kepler-683 b,CONFIRMED,CANDIDATE,1.0000,0,0,0,0,2.539183147,5.0730000e-06,-5.0730000e-06,169.6749400,1.600000e-03,-1.600000e-03,0.2380,0.1980,-0.2380,2.42820,0.05590,-0.05590,3.8210e+02,1.140e+01,-1.140e+01,2.06,2.900e-01,-2.800e-01,1332.0,,,743.09,290.34,-212.44,38.90,1,q1_q17_dr25_tce,5519.00,82.00,-74.00,4.350,0.126,-0.103,1.0620,0.1540,-0.1400,291.439970,37.905659,15.026
3114167,K00795.01,Kepler-684 b,CONFIRMED,CANDIDATE,1.0000,0,0,0,0,6.770300385,9.5370000e-06,-9.5370000e-06,170.5766200,1.080000e-03,-1.080000e-03,0.8380,0.0830,-0.5890,2.08440,0.04540,-0.04540,1.3040e+03,2.970e+01,-2.970e+01,2.77,4.600e-01,-1.500e-01,812.0,,,102.87,53.88,-21.24,50.80,1,q1_q17_dr25_tce,5653.00,166.00,-166.00,4.656,0.028,-0.112,0.6790,0.1120,-0.0370,290.870510,38.273628,15.591
3114661,K00796.01,,FALSE POSITIVE,FALSE POSITIVE,0.0000,0,1,1,1,0.444291966,9.7000000e-08,-9.7000000e-08,169.8654060,1.690000e-04,-1.690000e-04,1.2580,0.3340,-0.1410,2.07920,0.01150,-0.01150,1.0967e+04,4.590e+01,-4.590e+01,27.51,3.460e+00,-1.730e+00,1836.0,,,2706.26,1149.42,-599.58,299.70,1,q1_q17_dr25_tce,5255.00,156.00,-156.00,4.678,0.028,-0.083,0.6360,0.0800,-0.0400,290.996890,38.284920,15.748
3115833,K00797.01,,CANDIDATE,CANDIDATE,1.0000,0,0,0,0,10.181584004,6.1880000e-06,-6.1880000e-06,177.1418910,4.830000e-04,-4.830000e-04,0.9200,0.0070,-0.0050,3.50890,0.03310,-0.03310,5.7411e+03,5.320e+01,-5.320e+01,7.73,2.170e+00,-7.200e-01,812.0,,,102.91,86.75,-28.91,183.60,1,q1_q17_dr25_tce,5988.00,179.00,-197.00,4.541,0.048,-0.192,0.8360,0.2340,-0.0780,291.281950,38.241669,15.657
4139816,K00812.02,Kepler-235 d,CONFIRMED,CANDIDATE,1.0000,0,0,0,0,20.060363360,5.8390000e-05,-5.8390000e-05,147.4655400,2.410000e-03,-2.410000e-03,0.5560,0.3230,-0.3680,3.32030,0.07540,-0.07540,1.4947e+03,4.510e+01,-4.510e+01,1.96,1.300e-01,-1.600e-01,361.0,,,4.00,0.89,-0.90,35.20,2,q1_q17_dr25_tce,3950.00,70.00,-86.00,4.754,0.042,-0.031,0.4930,0.0330,-0.0400,286.079130,39.278320,15.954
4139816,K00812.03,Kepler-235 e,CONFIRMED,CANDIDATE,1.0000,0,0,0,0,46.184203900,2.6540000e-04,-2.6540000e-04,165.2372900,4.300000e-03,-4.300000e-03,0.0130,0.4150,-0.0130,4.75800,0.13000,-0.13000,1.3947e+03,5.640e+01,-5.640e+01,1.83,1.200e-01,-1.500e-01,273.0,,,1.32,0.29,-0.30,26.00,3,q1_q17_dr25_tce,3950.00,70.00,-86.00,4.754,0.042,-0.031,0.4930,0.0330,-0.0400,286.079130,39.278320,15.954
8395660,K00116.04,Kepler-106 d,CONFIRMED,CANDIDATE,0.9520,0,0,0,0,23.980085400,2.0030000e-04,-2.0030000e-04,147.5370000,6.470000e-03,-6.470000e-03,0.9500,0.0040,-0.6600,5.35100,0.17700,-0.17700,1.0400e+02,6.500e+00,-6.500e+00,1.31,2.000e-01,-1.300e-01,649.0,,,41.94,17.84,-10.73,17.10,4,q1_q17_dr25_tce,5854.00,105.00,-117.00,4.406,0.090,-0.110,1.0120,0.1540,-0.1030,300.863980,44.337551,12.882
4139816,K00812.04,Kepler-235 c,CONFIRMED,CANDIDATE,0.9940,0,0,0,0,7.825021680,3.8900000e-05,-3.8900000e-05,136.5499500,4.360000e-03,-4.360000e-03,0.7080,0.2340,-0.4870,2.18600,0.12000,-0.12000,5.2080e+02,3.640e+01,-3.640e+01,1.20,8.000e-02,-1.000e-01,494.0,,,14.05,3.10,-3.19,15.90,4,q1_q17_dr25_tce,3950.00,70.00,-86.00,4.754,0.042,-0.031,0.4930,0.0330,-0.0400,286.079130,39.278320,15.954
4275191,K00813.01,Kepler-688 b,CONFIRMED,CANDIDATE,1.0000,0,0,0,0,3.895936525,7.7100000e-07,-7.7100000e-07,170.5275520,1.570000e-04,-1.570000e-04,0.5240,0.0690,-0.2370,2.31110,0.03020,-0.03020,8.5448e+03,2.950e+01,-2.950e+01,7.34,1.530e+00,-6.500e-01,1005.0,,,241.62,155.31,-64.19,370.80,1,q1_q17_dr25_tce,5557.00,167.00,-167.00,4.592,0.034,-0.136,0.7740,0.1610,-0.0690,294.655240,39.308361,15.725
4476123,K00814.01,Kepler-689 b,CONFIRMED,CANDIDATE,0.9990,0,0,0,0,22.366464660,9.7610000e-05,-9.7610000e-05,175.4586200,3.540000e-03,-3.540000e-03,0.4000,0.0660,-0.4000,5.22800,0.12200,-0.12200,9.8680e+02,3.510e+01,-3.510e+01,2.32,3.800e-01,-1.600e-01,536.0,,,19.45,10.29,-4.56,32.10,1,q1_q17_dr25_tce,5395.00,160.00,-160.00,4.615,0.032,-0.104,0.7340,0.1220,-0.0520,294.710630,39.521740,15.583
3351888,K00801.01,Kepler-685 b,CONFIRMED,CANDIDATE,1.0000,0,0,0,0,1.625522174,1.5800000e-07,-1.5800000e-07,170.8266564,7.610000e-05,-7.610000e-05,0.0760,0.0220,-0.0760,2.38963,0.00338,-0.00338,7.9690e+03,1.180e+01,-1.180e+01,9.73,1.410e+00,-1.420e+00,1579.0,,,1467.41,576.36,-452.24,799.70,1,q1_q17_dr25_tce,5539.00,83.00,-74.00,4.322,0.137,-0.100,1.1060,0.1610,-0.1610,293.871920,38.422939,15.001
3453214,K00802.01,,CANDIDATE,CANDIDATE,1.0000,0,0,0,0,19.620346923,3.7300000e-06,-3.7300000e-06,181.8818190,1.480000e-04,-1.480000e-04,0.4580,0.0800,-0.1650,2.00380,0.02920,-0.02920,2.1725e+04,8.500e+01,-8.500e+01,13.60,1.820e+00,-9.200e-01,643.0,,,40.39,14.34,-7.31,340.50,1,q1_q17_dr25_tce,5710.00,76.00,-85.00,4.492,0.048,-0.112,0.9050,0.1210,-0.0610,293.816190,38.563568,15.562
3554600,K00803.01,,FALSE POSITIVE,FALSE POSITIVE,0.0000,1,0,1,0,7.544039000,1.0230000e-04,-1.0230000e-04,171.7982000,1.050000e-02,-1.050000e-02,1.1750,33.6300,-0.9110,6.22200,0.73100,-0.73100,3.2260e+02,2.820e+01,-2.820e+01,17.47,4.120e+00,-1.650e+00,838.0,,,116.46,81.18,-31.91,14.20,2,q1_q17_dr25_tce,5657.00,152.00,-169.00,4.567,0.038,-0.152,0.8240,0.1940,-0.0780,293.941160,38.601101,15.559
3641726,K00804.01,Kepler-1727 b,CONFIRMED,CANDIDATE,1.0000,0,0,0,0,9.029306890,1.6480000e-05,-1.6480000e-05,177.2042200,1.420000e-03,-1.420000e-03,0.0240,0.4010,-0.0240,3.14490,0.05280,-0.05280,1.0198e+03,2.190e+01,-2.190e+01,2.57,4.400e-01,-2.600e-01,757.0,,,77.75,43.01,-22.28,53.90,1,q1_q17_dr25_tce,5349.00,167.00,-167.00,4.526,0.063,-0.108,0.8200,0.1410,-0.0820,290.333620,38.728230,15.387
3734868,K00805.01,,FALSE POSITIVE,FALSE POSITIVE,0.0530,0,1,0,0,10.328035714,3.7620000e-06,-3.7620000e-06,174.5810540,3.060000e-04,-3.060000e-04,0.2810,0.0400,-0.0640,7.79150,0.02720,-0.02720,1.6918e+04,3.180e+01,-3.180e+01,13.28,3.640e+00,-2.410e+00,843.0,,,119.31,98.49,-48.58,636.80,1,q1_q17_dr25_tce,5627.00,169.00,-169.00,4.359,0.180,-0.180,1.0240,0.2800,-0.1860,287.696750,38.886452,15.646
3832474,K00806.01,Kepler-30 d,CONFIRMED,CANDIDATE,1.0000,0,0,0,0,143.206304700,2.3480000e-04,-2.3480000e-04,154.2355200,1.300000e-03,-1.300000e-03,0.3790,0.0730,-0.2730,8.93020,0.09610,-0.09610,1.0566e+04,8.240e+01,-8.240e+01,8.90,8.200e-01,-3.800e-01,308.0,,,2.14,0.59,-0.35,138.80,2,q1_q17_dr25_tce,5485.00,98.00,-120.00,4.556,0.014,-0.081,0.8670,0.0790,-0.0370,285.283630,38.947281,15.403
8395660,K00116.03,Kepler-106 b,CONFIRMED,CANDIDATE,0.9500,0,0,0,0,6.164876000,4.6350000e-05,-4.6350000e-05,135.6391600,6.610000e-03,-6.610000e-03,0.6460,0.3230,-0.4300,3.26200,0.18600,-0.18600,5.5800e+01,4.300e+00,-4.300e+00,0.79,1.300e-01,-8.000e-02,1021.0,,,256.35,109.03,-65.57,14.40,3,q1_q17_dr25_tce,5854.00,105.00,-117.00,4.406,0.090,-0.110,1.0120,0.1540,-0.1030,300.863980,44.337551,12.882
3832474,K00806.02,Kepler-30 c,CONFIRMED,CANDIDATE,0.7450,0,0,0,0,60.324942160,3.2070000e-05,-3.2070000e-05,243.8925780,4.230000e-04,-4.230000e-04,0.2240,0.0670,-0.1460,6.61880,0.03270,-0.03270,2.0280e+04,6.400e+01,-6.400e+01,12.19,1.110e+00,-5.200e-01,411.0,,,6.77,1.89,-1.09,347.20,1,q1_q17_dr25_tce,5485.00,98.00,-120.00,4.556,0.014,-0.081,0.8670,0.0790,-0.0370,285.283630,38.947281,15.403
3832474,K00806.03,Kepler-30 b,CONFIRMED,CANDIDATE,,0,0,0,0,29.159861500,2.5340000e-04,-2.5340000e-04,150.6992200,7.180000e-03,-7.180000e-03,0.3619,0.0945,-0.3618,4.80300,0.20000,-0.20000,4.8800e+02,4.350e+01,-4.350e+01,1.91,2.000e-01,-7.000e-02,524.0,,,17.85,5.61,-2.68,11.60,,,5485.00,99.00,-112.00,4.556,0.014,-0.094,0.8670,0.0920,-0.0340,285.283630,38.947281,15.403
3836375,K00807.01,,FALSE POSITIVE,FALSE POSITIVE,0.0000,0,0,1,1,1.540397253,2.7020000e-06,-2.7020000e-06,170.5047900,1.500000e-03,-1.500000e-03,1.2250,6.8130,-0.1010,2.15410,0.08460,-0.08460,8.1610e+02,2.570e+01,-2.570e+01,25.69,7.440e+00,-2.330e+00,1470.0,,,1105.68,965.56,-306.98,38.80,1,q1_q17_dr25_tce,5663.00,171.00,-188.00,4.530,0.036,-0.204,0.9150,0.2650,-0.0830,286.926390,38.921631,15.974
3838486,K00808.01,,FALSE POSITIVE,FALSE POSITIVE,0.0000,0,0,1,1,2.990254430,1.1680000e-05,-1.1680000e-05,171.9834000,3.090000e-03,-3.090000e-03,0.0140,0.3340,-0.0140,5.41400,0.11300,-0.11300,5.8920e+02,1.410e+01,-1.410e+01,1.70,1.000e-01,-1.500e-01,918.0,,,168.45,43.55,-45.45,48.50,1,q1_q17_dr25_tce,4667.00,140.00,-154.00,4.578,0.048,-0.028,0.7310,0.0420,-0.0630,287.748810,38.929550,15.842
3935914,K00809.01,Kepler-686 b,CONFIRMED,CANDIDATE,1.0000,0,0,0,0,1.594745374,1.1300000e-07,-1.1300000e-07,170.6483505,5.790000e-05,-5.790000e-05,0.5140,0.0220,-0.0370,1.96040,0.01060,-0.01060,1.5044e+04,2.030e+01,-2.030e+01,11.30,3.090e+00,-1.330e+00,1539.0,,,1329.42,1067.75,-412.98,1009.30,1,q1_q17_dr25_tce,5934.00,160.00,-178.00,4.491,0.065,-0.195,0.8930,0.2440,-0.1050,285.213810,39.027481,15.530
3940418,K00810.01,Kepler-1728 b,CONFIRMED,CANDIDATE,1.0000,0,0,0,0,4.783002698,5.4320000e-06,-5.4320000e-06,170.5084340,9.430000e-04,-9.430000e-04,0.0030,0.4250,-0.0030,2.33500,0.03320,-0.03320,1.0087e+03,1.660e+01,-1.660e+01,2.50,3.400e-01,-1.900e-01,886.0,,,145.48,66.39,-35.12,70.60,1,q1_q17_dr25_tce,5170.00,155.00,-155.00,4.574,0.026,-0.097,0.8070,0.1110,-0.0600,287.093990,39.060719,15.119
4049131,K00811.01,Kepler-687 b,CONFIRMED,CANDIDATE,1.0000,0,0,0,0,20.505889210,3.2060000e-05,-3.2060000e-05,181.4342800,1.220000e-03,-1.220000e-03,0.2600,0.1510,-0.2600,4.05950,0.04810,-0.04810,2.1055e+03,3.100e+01,-3.100e+01,3.41,2.800e-01,-3.100e-01,518.0,,,17.06,5.47,-4.61,78.50,1,q1_q17_dr25_tce,4905.00,148.00,-148.00,4.544,0.072,-0.044,0.7610,0.0630,-0.0700,289.315430,39.153278,15.398
4139816,K00812.01,Kepler-235 b,CONFIRMED,CANDIDATE,1.0000,0,0,0,0,3.340218842,3.1770000e-06,-3.1770000e-06,171.9790620,7.500000e-04,-7.500000e-04,0.4660,0.0020,-0.4370,1.91040,0.03180,-0.03180,1.6326e+03,2.660e+01,-2.660e+01,2.03,1.300e-01,-1.700e-01,656.0,,,43.73,9.67,-9.92,71.60,1,q1_q17_dr25_tce,3950.00,70.00,-86.00,4.754,0.042,-0.031,0.4930,0.0330,-0.0400,286.079130,39.278320,15.954
5287983,K00828.01,,FALSE POSITIVE,FALSE POSITIVE,0.0000,0,1,1,0,2.507089906,2.4010000e-06,-2.4010000e-06,171.0024550,8.350000e-04,-8.350000e-04,1.2550,16.5000,-0.3490,2.00670,0.04270,-0.04270,1.3392e+03,2.470e+01,-2.470e+01,30.26,9.570e+00,-3.190e+00,1326.0,,,730.47,699.82,-230.11,64.90,1,q1_q17_dr25_tce,5926.00,184.00,-226.00,4.506,0.054,-0.216,0.9390,0.2970,-0.0990,295.378050,40.493401,15.555
5358241,K00829.01,Kepler-53 b,CONFIRMED,CANDIDATE,1.0000,0,0,0,0,18.649327280,5.2020000e-05,-5.2020000e-05,174.7710000,2.240000e-03,-2.240000e-03,0.0800,0.3290,-0.0800,4.40560,0.06870,-0.06870,8.9360e+02,2.090e+01,-2.090e+01,3.12,4.700e-01,-2.800e-01,701.0,,,57.13,22.99,-12.26,46.10,1,q1_q17_dr25_tce,5775.00,78.00,-78.00,4.405,0.066,-0.123,1.0530,0.1610,-0.0940,290.461760,40.562462,15.386
10875245,K00117.02,Kepler-107 c,CONFIRMED,CANDIDATE,1.0000,0,0,0,0,4.901449760,1.0700000e-05,-1.0700000e-05,138.6054800,1.750000e-03,-1.750000e-03,0.5290,0.0210,-0.4600,4.16540,0.05850,-0.05850,1.4070e+02,2.900e+00,-2.900e+00,1.70,8.000e-02,-5.000e-02,1262.0,,,598.74,84.12,-66.83,50.60,3,q1_q17_dr25_tce,5847.00,64.00,-75.00,4.191,0.020,-0.018,1.4020,0.0630,-0.0460,297.028260,48.208611,12.487
5358241,K00829.02,Kepler-53 d,CONFIRMED,CANDIDATE,0.9980,0,0,0,0,9.751921010,4.8290000e-05,-4.8290000e-05,138.7860800,3.600000e-03,-3.600000e-03,0.9490,0.0280,-0.6730,4.79300,0.18100,-0.18100,4.1800e+02,1.620e+01,-1.620e+01,2.76,4.300e-01,-2.400e-01,870.0,,,135.66,54.60,-29.09,28.50,3,q1_q17_dr25_tce,5775.00,78.00,-78.00,4.405,0.066,-0.123,1.0530,0.1610,-0.0940,290.461760,40.562462,15.386
5358241,K00829.03,Kepler-53 c,CONFIRMED,CANDIDATE,1.0000,0,0,0,0,38.557654600,1.7650000e-04,-1.7650000e-04,163.8506300,4.070000e-03,-4.070000e-03,0.9110,0.0250,-0.6630,5.79400,0.19900,-0.19900,9.9300e+02,2.680e+01,-2.680e+01,4.02,6.200e-01,-3.600e-01,550.0,,,21.71,8.73,-4.66,39.70,2,q1_q17_dr25_tce,5775.00,78.00,-78.00,4.405,0.066,-0.123,1.0530,0.1610,-0.0940,290.461760,40.562462,15.386
5358624,K00830.01,Kepler-428 b,CONFIRMED,CANDIDATE,0.9900,0,0,0,0,3.525632539,1.5000000e-07,-1.5000000e-07,170.0479951,3.330000e-05,-3.330000e-05,0.1200,0.0060,-0.0840,2.59959,0.00079,-0.00079,2.2335e+04,1.310e+01,-1.310e+01,11.58,9.000e-01,-4.800e-01,975.0,,,213.12,50.79,-29.54,1996.70,1,q1_q17_dr25_tce,5150.00,82.00,-82.00,4.572,0.020,-0.064,0.7930,0.0620,-0.0330,290.581730,40.577400,15.224
4544670,K00815.01,,CANDIDATE,CANDIDATE,1.0000,0,0,0,0,34.843986440,4.0360000e-05,-4.0360000e-05,172.6332520,9.400000e-04,-9.400000e-04,0.9340,0.5750,-0.0310,2.93150,0.07020,-0.07020,4.5236e+03,8.250e+01,-8.250e+01,7.61,1.720e+00,-9.100e-01,511.0,,,16.10,11.10,-5.08,76.80,1,q1_q17_dr25_tce,5509.00,166.00,-166.00,4.482,0.081,-0.150,0.8710,0.1960,-0.1050,285.920010,39.624828,15.684
4664847,K00816.01,Kepler-690 b,CONFIRMED,CANDIDATE,1.0000,0,0,0,0,7.748094239,7.5530000e-06,-7.5530000e-06,174.9972060,7.650000e-04,-7.650000e-04,0.5170,0.2370,-0.3250,3.59570,0.04300,-0.04300,2.4721e+03,2.570e+01,-2.570e+01,5.52,1.700e+00,-5.600e-01,964.0,,,204.39,186.49,-63.82,113.20,1,q1_q17_dr25_tce,5973.00,169.00,-232.00,4.439,0.052,-0.221,1.0850,0.3340,-0.1110,294.489900,39.771439,15.670
4725681,K00817.01,Kepler-236 c,CONFIRMED,CANDIDATE,1.0000,0,0,0,0,23.967936690,9.2490000e-05,-9.2490000e-05,186.2218200,3.050000e-03,-3.050000e-03,0.4160,0.0530,-0.4160,3.82700,0.11300,-0.11300,1.1823e+03,4.610e+01,-4.610e+01,1.80,1.000e-01,-1.500e-01,329.0,,,2.77,0.58,-0.64,27.50,1,q1_q17_dr25_tce,3747.00,75.00,-83.00,4.728,0.042,-0.025,0.5240,0.0300,-0.0440,283.866390,39.898079,15.414
4725681,K00817.02,Kepler-236 b,CONFIRMED,CANDIDATE,0.9950,0,0,0,0,8.295617380,2.3680000e-05,-2.3680000e-05,135.7928400,2.190000e-03,-2.190000e-03,0.8880,0.0620,-0.6120,1.34210,0.07730,-0.07730,8.2430e+02,5.750e+01,-5.750e+01,1.82,1.000e-01,-1.500e-01,469.0,,,11.39,2.40,-2.65,17.90,2,q1_q17_dr25_tce,3747.00,75.00,-83.00,4.728,0.042,-0.025,0.5240,0.0300,-0.0440,283.866390,39.898079,15.414
4913852,K00818.01,Kepler-691 b,CONFIRMED,CANDIDATE,1.0000,0,0,0,0,8.114374820,1.0920000e-05,-1.0920000e-05,176.3396800,1.070000e-03,-1.070000e-03,0.5730,0.0000,-0.4680,2.27360,0.04470,-0.04470,1.5580e+03,3.200e+01,-3.200e+01,2.10,1.400e-01,-1.600e-01,460.0,,,10.55,2.46,-2.31,56.40,1,q1_q17_dr25_tce,3692.00,73.00,-83.00,4.753,0.032,-0.039,0.5170,0.0350,-0.0390,288.812010,40.033401,15.877
4932348,K00819.01,,FALSE POSITIVE,FALSE POSITIVE,0.0000,0,1,0,0,38.036729482,3.4840000e-06,-3.4840000e-06,196.9349470,7.160000e-05,-7.160000e-05,0.5010,0.0030,-0.0050,4.34617,0.00645,-0.00645,8.2872e+04,8.330e+01,-8.330e+01,27.50,5.280e+00,-2.270e+00,500.0,,,14.81,8.85,-3.91,1300.00,1,q1_q17_dr25_tce,5575.00,166.00,-183.00,4.521,0.038,-0.152,0.9320,0.1790,-0.0770,294.147890,40.055538,15.472
4936180,K00820.01,,CANDIDATE,CANDIDATE,0.0000,0,0,0,0,4.640900310,1.4850000e-05,-1.4850000e-05,173.6463800,2.610000e-03,-2.610000e-03,1.2800,0.0980,-0.0700,35.51200,0.27400,-0.27400,2.4506e+03,1.170e+01,-1.170e+01,30.09,5.790e+00,-3.140e+00,1155.0,,,421.08,257.38,-124.00,296.90,1,q1_q17_dr25_tce,6463.00,205.00,-205.00,4.500,0.087,-0.163,0.8260,0.1590,-0.0860,295.113710,40.071171,15.270
11913073,K00011.01,,FALSE POSITIVE,FALSE POSITIVE,0.0000,0,1,1,1,3.747838198,3.8960000e-06,-3.8960000e-06,171.6650400,9.020000e-04,-9.020000e-04,1.1210,1.1040,-0.0350,5.06420,0.04450,-0.04450,6.1600e+02,5.300e+00,-5.300e+00,13.65,3.110e+00,-1.040e+00,1031.0,,,266.76,180.49,-62.76,138.20,1,q1_q17_dr25_tce,5514.00,149.00,-149.00,4.569,0.029,-0.162,0.8260,0.1880,-0.0630,291.061520,50.265129,13.496
10875245,K00117.01,Kepler-107 e,CONFIRMED,CANDIDATE,0.9920,0,0,0,0,14.749148250,2.1740000e-05,-2.1740000e-05,138.7779900,1.180000e-03,-1.180000e-03,0.1730,0.2620,-0.1730,6.09950,0.04400,-0.04400,4.3020e+02,4.200e+00,-4.200e+00,2.89,1.300e-01,-1.000e-01,874.0,,,137.91,19.38,-15.39,107.40,1,q1_q17_dr25_tce,5847.00,64.00,-75.00,4.191,0.020,-0.018,1.4020,0.0630,-0.0460,297.028260,48.208611,12.487
5021899,K00821.01,Kepler-692 b,CONFIRMED,CANDIDATE,1.0000,0,0,0,0,21.812959960,7.2290000e-05,-7.2290000e-05,174.0108500,2.610000e-03,-2.610000e-03,0.0530,0.3940,-0.0530,4.37910,0.09100,-0.09100,1.1754e+03,3.580e+01,-3.580e+01,3.38,9.100e-01,-4.900e-01,639.0,,,39.33,31.88,-13.85,37.80,1,q1_q17_dr25_tce,5601.00,166.00,-166.00,4.410,0.116,-0.188,0.9990,0.2690,-0.1450,294.776860,40.153740,15.540
5077629,K00822.01,,FALSE POSITIVE,FALSE POSITIVE,0.0000,0,1,0,0,7.919369370,2.0400000e-06,-2.0400000e-06,172.1810920,2.020000e-04,-2.020000e-04,0.7330,0.0100,-0.0110,3.31480,0.02090,-0.02090,1.5148e+04,4.980e+01,-4.980e+01,10.34,2.590e+00,-8.700e-01,814.0,,,104.00,77.20,-26.78,389.00,1,q1_q17_dr25_tce,5690.00,154.00,-172.00,4.588,0.040,-0.160,0.7760,0.1950,-0.0650,283.538450,40.217999,15.805
5115978,K00823.01,,CANDIDATE,CANDIDATE,,0,0,0,0,1.028436523,7.0500000e-07,-7.0500000e-07,170.2285820,5.400000e-04,-5.400000e-04,1.5734,0.2599,-0.3164,1.86060,0.03400,-0.03400,8.0980e+03,1.270e+02,-1.270e+02,72.77,2.771e+01,-8.600e+00,1947.0,,,3400.48,3879.25,-1109.02,89.60,,,6228.00,183.00,-219.00,4.428,0.077,-0.272,0.9900,0.3770,-0.1170,296.006990,40.295429,15.202
5164255,K00824.01,Kepler-693 b,CONFIRMED,CANDIDATE,1.0000,0,0,0,0,15.375623690,1.0170000e-05,-1.0170000e-05,173.6140200,6.080000e-04,-6.080000e-04,0.6920,0.0330,-0.0660,3.31690,0.06450,-0.06450,1.5337e+04,1.140e+02,-1.140e+02,11.01,4.400e-01,-8.200e-01,600.0,,,30.54,4.61,-5.99,166.00,1,q1_q17_dr25_tce,4986.00,79.00,-79.00,4.496,0.075,-0.025,0.8330,0.0330,-0.0620,283.253540,40.358189,16.422
5252423,K00825.01,Kepler-237 c,CONFIRMED,CANDIDATE,1.0000,0,0,0,0,8.103632710,2.0320000e-05,-2.0320000e-05,176.9486000,2.050000e-03,-2.050000e-03,0.0470,0.4090,-0.0470,3.16100,0.06350,-0.06350,8.8790e+02,2.450e+01,-2.450e+01,2.11,1.800e-01,-2.000e-01,687.0,,,52.82,16.30,-14.35,39.30,1,q1_q17_dr25_tce,4861.00,131.00,-146.00,4.574,0.054,-0.041,0.7320,0.0620,-0.0680,283.221410,40.421829,15.289
5252423,K00825.02,Kepler-237 b,CONFIRMED,CANDIDATE,1.0000,0,0,0,0,4.715108430,1.9410000e-05,-1.9410000e-05,134.9617800,3.240000e-03,-3.240000e-03,0.2580,0.1950,-0.2580,2.50600,0.10300,-0.10300,4.1750e+02,2.200e+01,-2.200e+01,1.46,1.200e-01,-1.400e-01,823.0,,,108.84,33.58,-29.57,21.30,2,q1_q17_dr25_tce,4861.00,131.00,-146.00,4.574,0.054,-0.041,0.7320,0.0620,-0.0680,283.221410,40.421829,15.289
5272878,K00826.01,Kepler-694 b,CONFIRMED,CANDIDATE,1.0000,0,0,0,0,6.365839713,8.0600000e-06,-8.0600000e-06,171.1357500,1.000000e-03,-1.000000e-03,0.5240,0.0090,-0.4600,2.97210,0.04080,-0.04080,7.8070e+02,1.310e+01,-1.310e+01,2.44,6.000e-01,-2.100e-01,914.0,,,165.33,121.73,-40.81,70.80,1,q1_q17_dr25_tce,5776.00,155.00,-155.00,4.554,0.042,-0.168,0.8490,0.2120,-0.0710,291.149510,40.420521,15.090
5283542,K00827.01,,FALSE POSITIVE,FALSE POSITIVE,0.0370,0,0,1,0,5.975817540,1.1180000e-05,-1.1180000e-05,174.7760200,1.370000e-03,-1.370000e-03,0.9410,0.0170,-0.6180,3.06500,0.18500,-0.18500,9.6240e+02,2.350e+01,-2.350e+01,3.86,1.320e+00,-4.400e-01,1047.0,,,284.25,295.54,-90.93,50.30,1,q1_q17_dr25_tce,6108.00,193.00,-214.00,4.471,0.054,-0.216,0.9970,0.3410,-0.1140,294.223970,40.417858,15.546
5649215,K00839.01,,FALSE POSITIVE,FALSE POSITIVE,0.0000,0,0,1,1,2.446737317,3.0890000e-06,-3.0890000e-06,170.6695100,1.040000e-03,-1.040000e-03,1.2410,1.2950,-0.1350,4.72110,0.05460,-0.05460,1.1779e+03,1.270e+01,-1.270e+01,26.25,6.900e+00,-2.470e+00,1261.0,,,597.19,461.45,-162.49,110.20,1,q1_q17_dr25_tce,5764.00,154.00,-171.00,4.548,0.035,-0.184,0.8630,0.2270,-0.0810,298.961120,40.862808,15.021
5651104,K00840.01,Kepler-695 b,CONFIRMED,CANDIDATE,1.0000,0,0,0,0,3.040330460,3.3700000e-07,-3.3700000e-07,169.9490106,8.860000e-05,-8.860000e-05,0.7360,0.0130,-0.0240,1.84110,0.01680,-0.01680,1.0859e+04,2.580e+01,-2.580e+01,8.99,8.000e-01,-9.900e-01,1021.0,,,257.29,86.59,-76.86,568.20,1,q1_q17_dr25_tce,5035.00,151.00,-151.00,4.519,0.084,-0.063,0.7910,0.0710,-0.0870,299.316100,40.822380,15.028
5792202,K00841.01,Kepler-27 b,CONFIRMED,CANDIDATE,1.0000,0,0,0,0,15.335286750,1.9890000e-05,-1.9890000e-05,174.0027800,1.030000e-03,-1.030000e-03,0.7730,0.0060,-0.5430,3.89700,0.07710,-0.07710,3.0814e+03,3.900e+01,-3.900e+01,5.00,4.900e-01,-1.800e-01,610.0,,,32.67,9.96,-4.63,86.60,2,q1_q17_dr25_tce,5251.00,105.00,-105.00,4.581,0.010,-0.085,0.8170,0.0800,-0.0290,292.236760,41.085880,15.855
10875245,K00117.04,Kepler-107 d,CONFIRMED,CANDIDATE,0.9980,0,0,0,0,7.958253280,7.6730000e-05,-7.6730000e-05,137.8021900,7.670000e-03,-7.670000e-03,0.7060,0.2370,-0.4940,4.37700,0.22900,-0.22900,5.0000e+01,3.700e+00,-3.700e+00,1.06,5.000e-02,-4.000e-02,1074.0,,,314.15,44.14,-35.07,14.70,4,q1_q17_dr25_tce,5847.00,64.00,-75.00,4.191,0.020,-0.018,1.4020,0.0630,-0.0460,297.028260,48.208611,12.487
5792202,K00841.02,Kepler-27 c,CONFIRMED,CANDIDATE,1.0000,0,0,0,0,31.330461350,3.9770000e-05,-3.9770000e-05,153.4303100,1.030000e-03,-1.030000e-03,0.7980,0.0210,-0.0430,5.17600,0.10200,-0.10200,5.0738e+03,4.840e+01,-4.840e+01,6.50,6.400e-01,-2.300e-01,481.0,,,12.61,3.84,-1.79,117.20,1,q1_q17_dr25_tce,5251.00,105.00,-105.00,4.581,0.010,-0.085,0.8170,0.0800,-0.0290,292.236760,41.085880,15.855
5370302,K00831.01,,FALSE POSITIVE,FALSE POSITIVE,0.0060,0,1,0,0,3.904342500,1.3390000e-06,-1.3390000e-06,173.3937340,2.660000e-04,-2.660000e-04,0.7090,0.0110,-0.0150,3.83100,0.02710,-0.02710,1.6228e+04,6.210e+01,-6.210e+01,12.28,3.560e+00,-1.190e+00,1104.0,,,351.05,298.42,-97.69,323.40,1,q1_q17_dr25_tce,5810.00,157.00,-175.00,4.526,0.050,-0.200,0.8980,0.2600,-0.0870,294.056760,40.549679,15.016
5372966,K00832.01,,FALSE POSITIVE,FALSE POSITIVE,0.0000,0,1,0,0,9.286358079,5.4600000e-07,-5.4600000e-07,171.8214689,4.500000e-05,-4.500000e-05,0.3770,0.0090,-0.0090,3.49949,0.00533,-0.00533,4.4791e+04,3.280e+01,-3.280e+01,17.61,4.050e+00,-1.870e+00,796.0,,,95.03,66.72,-27.73,1671.10,1,q1_q17_dr25_tce,5670.00,169.00,-169.00,4.523,0.066,-0.154,0.8210,0.1890,-0.0870,294.743960,40.533920,15.365
5376067,K00833.01,,FALSE POSITIVE,FALSE POSITIVE,0.0000,0,1,0,0,3.951405455,2.2580000e-06,-2.2580000e-06,173.2761250,4.540000e-04,-4.540000e-04,1.2760,6.0270,-0.2140,2.18620,0.02670,-0.02670,2.4539e+03,2.520e+01,-2.520e+01,31.44,8.940e+00,-2.960e+00,1133.0,,,388.71,333.12,-106.59,117.20,1,q1_q17_dr25_tce,6046.00,182.00,-182.00,4.539,0.048,-0.204,0.8690,0.2470,-0.0820,295.504390,40.505489,15.446
5436502,K00834.01,Kepler-238 e,CONFIRMED,CANDIDATE,0.9990,0,0,0,0,23.653694150,1.7480000e-05,-1.7480000e-05,171.3761070,6.030000e-04,-6.030000e-04,0.0080,0.1690,-0.0080,8.21830,0.02100,-0.02100,3.3418e+03,1.320e+01,-1.320e+01,7.89,1.380e+00,-1.520e+00,731.0,,,67.65,33.37,-26.59,266.30,1,q1_q17_dr25_tce,5739.00,114.00,-103.00,4.191,0.162,-0.108,1.3840,0.2420,-0.2660,287.897130,40.637821,15.084
5436502,K00834.02,Kepler-238 d,CONFIRMED,CANDIDATE,0.9960,0,0,0,0,13.233522140,4.5030000e-05,-4.5030000e-05,140.3219600,2.750000e-03,-2.750000e-03,0.0140,0.3990,-0.0140,6.73720,0.08750,-0.08750,5.0460e+02,1.080e+01,-1.080e+01,3.06,5.400e-01,-5.800e-01,888.0,,,146.67,72.35,-57.65,49.10,2,q1_q17_dr25_tce,5739.00,114.00,-103.00,4.191,0.162,-0.108,1.3840,0.2420,-0.2660,287.897130,40.637821,15.084
5436502,K00834.03,Kepler-238 c,CONFIRMED,CANDIDATE,0.9970,0,0,0,0,6.155602850,2.7040000e-05,-2.7040000e-05,134.8165600,3.450000e-03,-3.450000e-03,0.2350,0.2040,-0.2350,4.98430,0.09940,-0.09940,2.8500e+02,8.600e+00,-8.600e+00,2.32,4.000e-01,-4.500e-01,1146.0,,,406.94,200.73,-159.95,35.10,3,q1_q17_dr25_tce,5739.00,114.00,-103.00,4.191,0.162,-0.108,1.3840,0.2420,-0.2660,287.897130,40.637821,15.084
5436502,K00834.04,Kepler-238 b,CONFIRMED,CANDIDATE,1.0000,0,0,0,0,2.090811305,9.5710000e-06,-9.5710000e-06,134.1746200,3.980000e-03,-3.980000e-03,0.7460,0.0530,-0.5210,3.38800,0.10600,-0.10600,1.1590e+02,6.400e+00,-6.400e+00,1.62,2.800e-01,-3.200e-01,1642.0,,,1718.04,847.46,-675.28,19.90,5,q1_q17_dr25_tce,5739.00,114.00,-103.00,4.191,0.162,-0.108,1.3840,0.2420,-0.2660,287.897130,40.637821,15.084
10875245,K00117.03,Kepler-107 b,CONFIRMED,CANDIDATE,0.9950,0,0,0,0,3.180027898,7.2780000e-06,-7.2780000e-06,133.4986300,1.810000e-03,-1.810000e-03,0.1960,0.2420,-0.1960,3.57970,0.05580,-0.05580,1.2030e+02,2.700e+00,-2.700e+00,1.53,7.000e-02,-5.000e-02,1458.0,,,1066.86,149.88,-119.09,50.40,2,q1_q17_dr25_tce,5847.00,64.00,-75.00,4.191,0.020,-0.018,1.4020,0.0630,-0.0460,297.028260,48.208611,12.487
5436502,K00834.05,Kepler-238 f,CONFIRMED,CANDIDATE,0.9890,0,0,0,0,50.446741700,6.5050000e-04,-6.5050000e-04,178.5014000,1.030000e-02,-1.030000e-02,0.3790,0.1110,-0.3780,7.15900,0.24700,-0.24700,3.7030e+02,2.010e+01,-2.010e+01,2.67,4.700e-01,-5.100e-01,568.0,,,24.64,12.16,-9.68,19.40,4,q1_q17_dr25_tce,5739.00,114.00,-103.00,4.191,0.162,-0.108,1.3840,0.2420,-0.2660,287.897130,40.637821,15.084
5456651,K00835.01,Kepler-239 b,CONFIRMED,CANDIDATE,1.0000,0,0,0,0,11.763071640,2.0350000e-05,-2.0350000e-05,180.9361300,1.300000e-03,-1.300000e-03,0.0480,0.3930,-0.0480,2.90760,0.05000,-0.05000,1.0373e+03,2.390e+01,-2.390e+01,2.35,1.700e-01,-8.000e-02,616.0,,,33.99,8.24,-4.84,48.90,1,q1_q17_dr25_tce,4959.00,99.00,,4.603,0.011,-0.060,0.7560,0.0540,-0.0270,294.202150,40.663410,15.208
5456651,K00835.02,Kepler-239 c,CONFIRMED,CANDIDATE,0.8780,0,0,0,0,56.227927100,3.1340000e-04,-3.1340000e-04,132.2925900,4.710000e-03,-4.710000e-03,0.7000,0.2080,-0.4960,3.57000,0.13400,-0.13400,8.6270e+02,4.490e+01,-4.490e+01,2.37,1.700e-01,-9.000e-02,366.0,,,4.22,1.02,-0.60,20.90,2,q1_q17_dr25_tce,4959.00,99.00,0.00,4.603,0.011,-0.060,0.7560,0.0540,-0.0270,294.202150,40.663410,15.208
5481416,K00836.01,,FALSE POSITIVE,FALSE POSITIVE,0.0000,0,1,1,1,2.384052875,4.7400000e-06,-4.7400000e-06,171.5836200,1.630000e-03,-1.630000e-03,1.1780,5.6850,-0.1150,3.09180,0.08170,-0.08170,1.2681e+03,2.990e+01,-2.990e+01,17.06,1.320e+00,-1.600e+00,1010.0,,,244.87,71.26,-67.02,50.50,1,q1_q17_dr25_tce,4794.00,130.00,-144.00,4.580,0.063,-0.032,0.7010,0.0540,-0.0660,299.642850,40.691238,15.836
5531576,K00837.01,Kepler-240 c,CONFIRMED,CANDIDATE,1.0000,0,0,0,0,7.953547000,1.9100000e-05,-1.9100000e-05,174.6622400,1.820000e-03,-1.820000e-03,0.3000,0.1450,-0.3000,2.63120,0.05950,-0.05950,8.7540e+02,2.530e+01,-2.530e+01,2.25,7.000e-02,-1.400e-01,696.0,,,55.37,7.15,-10.12,38.40,1,q1_q17_dr25_tce,4768.00,76.00,-85.00,4.536,0.056,-0.016,0.7790,0.0230,-0.0490,291.158780,40.750271,15.660
5531576,K00837.02,Kepler-240 b,CONFIRMED,CANDIDATE,1.0000,0,0,0,0,4.144516560,1.4400000e-05,-1.4400000e-05,135.9283100,3.130000e-03,-3.130000e-03,0.0040,0.4710,-0.0030,2.34210,0.09840,-0.09840,3.9180e+02,1.980e+01,-1.980e+01,1.48,5.000e-02,-9.000e-02,864.0,,,132.08,17.05,-24.15,22.80,2,q1_q17_dr25_tce,4768.00,76.00,-85.00,4.536,0.056,-0.016,0.7790,0.0230,-0.0490,291.158780,40.750271,15.660
5534814,K00838.01,,FALSE POSITIVE,FALSE POSITIVE,0.0000,0,1,0,0,4.859386384,1.2720000e-06,-1.2720000e-06,173.0114690,2.070000e-04,-2.070000e-04,1.2590,1.0890,-0.1780,2.27570,0.01220,-0.01220,6.0443e+03,2.720e+01,-2.720e+01,38.33,1.280e+01,-4.270e+00,1114.0,,,364.23,358.71,-118.09,269.70,1,q1_q17_dr25_tce,6072.00,168.00,-232.00,4.470,0.056,-0.224,0.9880,0.3300,-0.1100,292.214360,40.759762,15.311
6291653,K00850.01,Kepler-702 b,CONFIRMED,CANDIDATE,0.9990,0,0,0,0,10.526294577,1.7830000e-06,-1.7830000e-06,176.5224620,1.360000e-04,-1.360000e-04,0.6440,0.0310,-0.0450,2.52110,0.02570,-0.02570,9.7680e+03,2.640e+01,-2.640e+01,8.24,1.480e+00,-8.000e-01,713.0,,,61.16,34.56,-16.93,482.30,1,q1_q17_dr25_tce,5386.00,159.00,-159.00,4.553,0.056,-0.104,0.7930,0.1430,-0.0770,293.878110,41.661770,15.305
6392727,K00851.01,Kepler-703 b,CONFIRMED,CANDIDATE,1.0000,0,0,0,0,4.583520948,4.1800000e-06,-4.1800000e-06,169.9739720,7.330000e-04,-7.330000e-04,0.0450,0.3190,-0.0450,2.70550,0.03210,-0.03210,3.8121e+03,4.450e+01,-4.450e+01,5.39,1.600e+00,-5.300e-01,1038.0,,,274.98,239.18,-77.52,99.50,1,q1_q17_dr25_tce,5815.00,157.00,-175.00,4.540,0.038,-0.212,0.8770,0.2600,-0.0870,299.186860,41.742680,15.287
6422070,K00852.01,Kepler-704 b,CONFIRMED,CANDIDATE,0.8760,0,0,0,0,3.761818430,1.1400000e-05,-1.1400000e-05,171.9036400,2.090000e-03,-2.090000e-03,0.9260,0.0000,-0.6630,3.51760,0.09010,-0.09010,5.1060e+02,1.640e+01,-1.640e+01,2.66,7.300e-01,-2.600e-01,1121.0,,,372.62,300.78,-104.51,35.90,1,q1_q17_dr25_tce,5653.00,154.00,-171.00,4.472,0.062,-0.188,0.9490,0.2600,-0.0930,283.316380,41.837120,15.257
6428700,K00853.01,Kepler-242 b,CONFIRMED,CANDIDATE,1.0000,0,0,0,0,8.203969580,1.4880000e-05,-1.4880000e-05,169.6913800,1.430000e-03,-1.430000e-03,0.8230,0.0010,-0.5800,2.96670,0.05290,-0.05290,1.0244e+03,2.120e+01,-2.120e+01,3.01,2.400e-01,-3.000e-01,742.0,,,71.50,22.24,-20.23,54.40,1,q1_q17_dr25_tce,5015.00,149.00,-149.00,4.499,0.090,-0.060,0.8260,0.0660,-0.0830,286.565700,41.808399,15.376
6428700,K00853.02,Kepler-242 c,CONFIRMED,CANDIDATE,1.0000,0,0,0,0,14.496451860,6.3600000e-05,-6.3600000e-05,143.4165900,4.090000e-03,-4.090000e-03,0.9700,0.0020,-0.6630,4.01600,0.30500,-0.30500,6.4750e+02,2.670e+01,-2.670e+01,3.01,2.400e-01,-3.000e-01,613.0,,,33.48,10.42,-9.47,25.70,2,q1_q17_dr25_tce,5015.00,149.00,-149.00,4.499,0.090,-0.060,0.8260,0.0660,-0.0830,286.565700,41.808399,15.376
5792202,K00841.03,Kepler-27 d,CONFIRMED,CANDIDATE,1.0000,0,0,0,0,6.546261490,2.6680000e-05,-2.6680000e-05,133.8596400,3.170000e-03,-3.170000e-03,0.6440,0.2950,-0.4380,2.75000,0.11100,-0.11100,6.5590e+02,3.000e+01,-3.000e+01,2.19,2.200e-01,-8.000e-02,810.0,,,101.78,31.02,-14.45,24.80,3,q1_q17_dr25_tce,5251.00,105.00,-105.00,4.581,0.010,-0.085,0.8170,0.0800,-0.0290,292.236760,41.085880,15.855
5794379,K00842.01,Kepler-241 b,CONFIRMED,CANDIDATE,1.0000,0,0,0,0,12.718098660,2.3240000e-05,-2.3240000e-05,175.3552600,1.520000e-03,-1.520000e-03,0.4270,0.0160,-0.4270,3.09570,0.05620,-0.05620,1.1494e+03,2.450e+01,-2.450e+01,2.31,1.700e-01,-2.200e-01,562.0,,,23.60,6.56,-6.60,52.70,1,q1_q17_dr25_tce,4702.00,128.00,-142.00,4.592,0.058,-0.027,0.6860,0.0490,-0.0670,292.913120,41.060921,15.389
5794379,K00842.02,Kepler-241 c,CONFIRMED,CANDIDATE,0.9990,0,0,0,0,36.065881630,8.3050000e-05,-8.3050000e-05,198.5842300,1.720000e-03,-1.720000e-03,0.2600,0.1450,-0.2600,4.32460,0.06340,-0.06340,1.5638e+03,3.210e+01,-3.210e+01,2.64,1.900e-01,-2.600e-01,397.0,,,5.88,1.64,-1.64,51.70,2,q1_q17_dr25_tce,4702.00,128.00,-142.00,4.592,0.058,-0.027,0.6860,0.0490,-0.0670,292.913120,41.060921,15.389
5881688,K00843.01,Kepler-696 b,CONFIRMED,CANDIDATE,1.0000,0,0,0,0,4.190425659,1.6110000e-06,-1.6110000e-06,171.4412200,3.060000e-04,-3.060000e-04,0.4580,0.0040,-0.3770,2.85890,0.02240,-0.02240,2.8774e+03,1.410e+01,-1.410e+01,6.21,2.050e+00,-8.200e-01,1234.0,,,547.90,549.04,-194.78,240.60,1,q1_q17_dr25_tce,6073.00,190.00,-232.00,4.392,0.072,-0.217,1.1350,0.3750,-0.1500,293.496610,41.137589,15.270
6022556,K00844.01,Kepler-697 b,CONFIRMED,CANDIDATE,1.0000,0,0,0,0,3.709870784,3.0430000e-06,-3.0430000e-06,171.9879820,6.380000e-04,-6.380000e-04,0.0230,0.3230,-0.0230,3.06940,0.02650,-0.02650,2.0203e+03,2.010e+01,-2.010e+01,4.35,6.400e-01,-2.800e-01,1151.0,,,415.10,163.27,-72.10,116.10,1,q1_q17_dr25_tce,5727.00,77.00,-85.00,4.463,0.040,-0.120,0.9780,0.1460,-0.0620,283.864410,41.346458,15.581
6032497,K00845.01,Kepler-698 b,CONFIRMED,CANDIDATE,1.0000,0,0,0,0,16.329752700,3.6110000e-05,-3.6110000e-05,177.2950600,1.810000e-03,-1.810000e-03,0.7910,0.0910,-0.5410,6.27100,0.11200,-0.11200,1.1875e+03,1.810e+01,-1.810e+01,3.75,1.110e+00,-4.700e-01,727.0,,,66.08,57.11,-21.98,74.60,1,q1_q17_dr25_tce,5878.00,158.00,-193.00,4.444,0.084,-0.196,0.9870,0.2910,-0.1250,288.510010,41.301769,15.447
6061119,K00846.01,Kepler-699 b,CONFIRMED,CANDIDATE,0.9850,0,0,0,0,27.807566216,4.7470000e-06,-4.7470000e-06,186.7135520,1.340000e-04,-1.340000e-04,0.7820,0.0020,-0.0030,4.21587,0.00935,-0.00935,2.5391e+04,4.730e+01,-4.730e+01,13.84,3.630e+00,-1.210e+00,554.0,,,22.24,17.69,-5.87,748.10,1,q1_q17_dr25_tce,5862.00,177.00,-177.00,4.584,0.044,-0.176,0.7850,0.2060,-0.0690,296.888210,41.396091,15.482
6191521,K00847.01,Kepler-700 b,CONFIRMED,CANDIDATE,0.9420,0,0,0,0,80.872346900,1.4680000e-04,-1.4680000e-04,203.8950000,1.310000e-03,-1.310000e-03,0.5270,0.0800,-0.3090,11.19500,0.13000,-0.13000,3.6046e+03,2.590e+01,-2.590e+01,7.59,1.240e+00,-1.520e+00,452.0,,,9.88,4.30,-3.87,160.90,1,q1_q17_dr25_tce,5510.00,82.00,-71.00,4.222,0.195,-0.105,1.2380,0.2020,-0.2470,287.154300,41.565788,15.201
6267425,K00848.01,,FALSE POSITIVE,FALSE POSITIVE,0.0000,0,1,1,0,3.166465862,2.2220000e-06,-2.2220000e-06,172.0026270,5.860000e-04,-5.860000e-04,1.2660,6.9240,-0.1020,2.93810,0.03270,-0.03270,4.3572e+03,4.440e+01,-4.440e+01,26.82,2.480e+00,-2.740e+00,954.0,,,196.31,67.72,-54.73,122.10,1,q1_q17_dr25_tce,4968.00,151.00,-136.00,4.575,0.072,-0.044,0.7040,0.0650,-0.0720,284.869290,41.679192,15.999
3531558,K00118.01,Kepler-467 b,CONFIRMED,CANDIDATE,0.9120,0,0,0,0,24.993243190,6.1270000e-05,-6.1270000e-05,138.6816700,1.970000e-03,-1.970000e-03,0.6860,0.0150,-0.5050,5.94090,0.06690,-0.06690,2.6960e+02,4.900e+00,-4.900e+00,2.29,1.200e-01,-8.000e-02,712.0,,,60.88,10.13,-7.34,62.00,1,q1_q17_dr25_tce,5718.00,85.00,-77.00,4.181,0.018,-0.016,1.3170,0.0640,-0.0480,287.362790,38.649601,12.377
6276477,K00849.01,Kepler-701 b,CONFIRMED,CANDIDATE,1.0000,0,0,0,0,10.355331160,2.0870000e-05,-2.0870000e-05,170.9372900,1.600000e-03,-1.600000e-03,0.0290,0.4290,-0.0290,3.17750,0.06020,-0.06020,7.5060e+02,1.740e+01,-1.740e+01,2.47,5.900e-01,-3.100e-01,777.0,,,86.22,62.02,-27.32,49.20,1,q1_q17_dr25_tce,5501.00,164.00,-147.00,4.462,0.084,-0.168,0.9180,0.2170,-0.1170,288.994200,41.633282,15.018
6863998,K00867.01,Kepler-709 b,CONFIRMED,CANDIDATE,1.0000,0,0,0,0,16.085189370,3.0220000e-05,-3.0220000e-05,180.2831900,1.450000e-03,-1.450000e-03,0.8670,0.0110,-0.6130,3.98400,0.08750,-0.08750,1.4424e+03,2.670e+01,-2.670e+01,3.68,5.400e-01,-3.600e-01,613.0,,,33.43,16.76,-9.37,62.60,1,q1_q17_dr25_tce,5239.00,174.00,-158.00,4.523,0.060,-0.090,0.8260,0.1220,-0.0810,292.105190,42.380322,15.219
6867155,K00868.01,,CANDIDATE,CANDIDATE,0.9980,0,0,0,0,235.998639900,2.7730000e-04,-2.7730000e-04,208.3998220,8.980000e-04,-8.980000e-04,0.7780,0.0060,-0.0080,8.22840,0.06060,-0.06060,2.0715e+04,9.170e+01,-9.170e+01,10.59,3.500e-01,-5.200e-01,188.0,,,0.29,0.05,-0.04,271.80,1,q1_q17_dr25_tce,4245.00,85.00,-85.00,4.627,0.030,-0.018,0.6570,0.0220,-0.0320,293.007970,42.307201,15.172
6948054,K00869.01,Kepler-245 b,CONFIRMED,CANDIDATE,1.0000,0,0,0,0,7.490183050,1.1810000e-05,-1.1810000e-05,174.9503700,1.240000e-03,-1.240000e-03,0.0200,0.4040,-0.0200,2.72970,0.04240,-0.04240,1.1236e+03,2.270e+01,-2.270e+01,2.56,1.700e-01,-1.200e-01,753.0,,,76.06,17.21,-12.63,53.00,1,q1_q17_dr25_tce,5103.00,101.00,-101.00,4.562,0.032,-0.052,0.7870,0.0510,-0.0390,291.638980,42.436321,15.599
6948054,K00869.02,Kepler-245 d,CONFIRMED,CANDIDATE,1.0000,0,0,0,0,36.276123800,1.0550000e-04,-1.0550000e-04,201.2869000,2.220000e-03,-2.220000e-03,0.0350,0.3790,-0.0350,4.78650,0.07560,-0.07560,1.5726e+03,3.550e+01,-3.550e+01,3.03,2.000e-01,-1.500e-01,445.0,,,9.29,2.10,-1.55,45.50,2,q1_q17_dr25_tce,5103.00,101.00,-101.00,4.562,0.032,-0.052,0.7870,0.0510,-0.0390,291.638980,42.436321,15.599
6948054,K00869.03,Kepler-245 c,CONFIRMED,CANDIDATE,1.0000,0,0,0,0,17.460879310,5.2780000e-05,-5.2780000e-05,137.2659400,2.420000e-03,-2.420000e-03,0.5940,0.3260,-0.3770,2.26410,0.07210,-0.07210,8.1240e+02,3.830e+01,-3.830e+01,2.32,1.500e-01,-1.200e-01,568.0,,,24.60,5.57,-4.08,22.60,4,q1_q17_dr25_tce,5103.00,101.00,-101.00,4.562,0.032,-0.052,0.7870,0.0510,-0.0390,291.638980,42.436321,15.599
6435936,K00854.01,Kepler-705 b,CONFIRMED,CANDIDATE,0.9960,0,0,0,0,56.056075400,2.7530000e-04,-2.7530000e-04,201.1657800,3.290000e-03,-3.290000e-03,0.0180,0.4130,-0.0180,4.68500,0.13200,-0.13200,1.6260e+03,6.670e+01,-6.670e+01,1.94,1.200e-01,-2.200e-01,233.0,,,0.69,0.15,-0.19,27.40,1,q1_q17_dr25_tce,3593.00,71.00,-86.00,4.757,0.054,-0.027,0.4910,0.0300,-0.0550,289.508480,41.812119,15.849
6522242,K00855.01,Kepler-706 b,CONFIRMED,CANDIDATE,0.9740,0,0,0,0,41.408316686,6.5800000e-06,-6.5800000e-06,195.7874500,1.230000e-04,-1.230000e-04,0.3770,0.0160,-0.0290,5.02640,0.01360,-0.01360,2.2839e+04,3.140e+01,-3.140e+01,11.38,2.070e+00,-1.040e+00,453.0,,,9.93,5.69,-2.57,907.80,1,q1_q17_dr25_tce,5522.00,165.00,-148.00,4.586,0.048,-0.112,0.7470,0.1360,-0.0680,291.760410,41.944069,15.196
6526710,K00856.01,,CANDIDATE,CANDIDATE,0.9940,0,0,0,0,39.748930770,1.5540000e-05,-1.5540000e-05,172.8546440,3.010000e-04,-3.010000e-04,0.8810,0.0030,-0.0030,7.30510,0.02130,-0.02130,1.5179e+04,4.410e+01,-4.410e+01,14.21,4.460e+00,-1.490e+00,552.0,,,21.87,20.59,-6.71,561.10,1,q1_q17_dr25_tce,6122.00,181.00,-218.00,4.487,0.052,-0.208,0.9640,0.3030,-0.1010,293.179290,41.969238,15.344
6587280,K00857.01,Kepler-243 b,CONFIRMED,CANDIDATE,1.0000,0,0,0,0,5.715425977,7.7790000e-06,-7.7790000e-06,174.8793100,1.100000e-03,-1.100000e-03,0.3480,0.0980,-0.3470,2.52420,0.04180,-0.04180,9.0810e+02,1.740e+01,-1.740e+01,2.47,3.700e-01,-1.700e-01,850.0,,,123.03,60.12,-28.62,59.40,1,q1_q17_dr25_tce,5237.00,157.00,-157.00,4.572,0.028,-0.112,0.8260,0.1240,-0.0570,285.110470,42.033958,15.086
9471974,K00119.01,Kepler-108 b,CONFIRMED,CANDIDATE,0.9590,0,0,0,0,49.183941850,2.4750000e-05,-2.4750000e-05,141.9119240,5.690000e-04,-5.690000e-04,0.0350,0.3610,-0.0350,11.33640,0.05100,-0.05100,1.6462e+03,5.400e+00,-5.400e+00,8.20,5.000e-01,-5.500e-01,669.0,,,47.40,9.40,-8.38,355.70,1,q1_q17_dr25_tce,5626.00,89.00,-78.00,3.907,0.040,-0.036,2.0570,0.1250,-0.1380,294.559170,46.062328,12.654
6587280,K00857.02,Kepler-243 c,CONFIRMED,CANDIDATE,0.9940,0,0,0,0,20.026141200,1.2720000e-04,-1.2720000e-04,146.9110900,3.960000e-03,-3.960000e-03,0.9570,0.0030,-0.6890,1.61100,0.19500,-0.19500,4.2120e+02,6.070e+01,-6.070e+01,2.28,3.500e-01,-1.600e-01,559.0,,,23.14,11.30,-5.39,10.70,2,q1_q17_dr25_tce,5237.00,157.00,-157.00,4.572,0.028,-0.112,0.8260,0.1240,-0.0570,285.110470,42.033958,15.086
6599919,K00858.01,,CANDIDATE,CANDIDATE,0.0000,0,0,0,0,13.610148190,5.9690000e-06,-5.9690000e-06,173.9873190,3.460000e-04,-3.460000e-04,1.0810,0.3470,-0.1190,2.59400,0.01940,-0.01940,5.7329e+03,3.810e+01,-3.810e+01,19.02,4.920e+00,-2.280e+00,733.0,,,68.29,52.16,-20.86,184.10,1,q1_q17_dr25_tce,5697.00,154.00,-154.00,4.460,0.098,-0.182,0.9030,0.2340,-0.1080,289.897770,42.009151,15.060
6675056,K00859.01,,FALSE POSITIVE,FALSE POSITIVE,0.0000,0,1,1,1,10.443319910,2.2870000e-05,-2.2870000e-05,175.4046000,1.850000e-03,-1.850000e-03,0.2300,0.7990,-0.2300,2.74300,0.50500,-0.50500,1.1598e+03,6.420e+01,-6.420e+01,2.66,2.000e-01,-2.700e-01,667.0,,,46.94,13.93,-12.92,51.70,1,q1_q17_dr25_tce,4947.00,148.00,-133.00,4.516,0.077,-0.056,0.8020,0.0590,-0.0810,286.243560,42.148811,15.546
6685526,K00861.01,Kepler-707 b,CONFIRMED,CANDIDATE,1.0000,0,0,0,0,2.237489571,5.0220000e-06,-5.0220000e-06,170.8191400,1.730000e-03,-1.730000e-03,0.1280,0.3250,-0.1270,1.81190,0.05540,-0.05540,3.1580e+02,1.180e+01,-1.180e+01,1.41,1.300e-01,-5.000e-02,1160.0,,,427.17,109.22,-54.78,30.70,1,q1_q17_dr25_tce,5265.00,73.00,-84.00,4.580,0.014,-0.081,0.8100,0.0730,-0.0290,290.007570,42.116459,15.001
6756669,K00862.01,,FALSE POSITIVE,FALSE POSITIVE,0.0000,0,1,0,0,5.851520671,3.3100000e-07,-3.3100000e-07,173.8228336,4.480000e-05,-4.480000e-05,0.2110,0.0200,-0.0410,3.11058,0.00627,-0.00627,3.3004e+04,2.610e+01,-2.610e+01,14.62,2.920e+00,-1.580e+00,901.0,,,155.89,96.85,-46.15,1630.40,1,q1_q17_dr25_tce,5532.00,167.00,-167.00,4.530,0.070,-0.130,0.8060,0.1610,-0.0870,284.087310,42.233231,15.330
6784235,K00863.01,Kepler-708 b,CONFIRMED,CANDIDATE,1.0000,0,0,0,0,3.167893418,3.8690000e-06,-3.8690000e-06,172.1479590,9.880000e-04,-9.880000e-04,0.0260,0.3660,-0.0260,2.18140,0.03240,-0.03240,7.8120e+02,1.430e+01,-1.430e+01,2.62,7.800e-01,-2.600e-01,1221.0,,,526.23,466.28,-150.76,64.80,1,q1_q17_dr25_tce,5895.00,164.00,-184.00,4.503,0.050,-0.200,0.9400,0.2820,-0.0940,293.816470,42.212502,15.533
6849310,K00864.01,Kepler-244 b,CONFIRMED,CANDIDATE,1.0000,0,0,0,0,4.311780262,4.3420000e-06,-4.3420000e-06,173.5764830,8.480000e-04,-8.480000e-04,0.1960,0.2210,-0.1960,2.72510,0.03140,-0.03140,1.1540e+03,1.500e+01,-1.500e+01,3.11,3.900e-01,-2.100e-01,1038.0,,,274.84,91.40,-49.59,86.10,1,q1_q17_dr25_tce,5527.00,74.00,-83.00,4.484,0.040,-0.112,0.9270,0.1150,-0.0620,287.242680,42.301369,15.604
6849310,K00864.02,Kepler-244 d,CONFIRMED,CANDIDATE,1.0000,0,0,0,0,20.050449400,8.8260000e-05,-8.8260000e-05,188.0882100,3.100000e-03,-3.100000e-03,0.3830,0.0810,-0.3830,4.55600,0.09860,-0.09860,8.4090e+02,2.350e+01,-2.350e+01,2.69,3.300e-01,-1.800e-01,622.0,,,35.44,11.79,-6.39,37.80,2,q1_q17_dr25_tce,5527.00,74.00,-83.00,4.484,0.040,-0.112,0.9270,0.1150,-0.0620,287.242680,42.301369,15.604
6849310,K00864.03,Kepler-244 c,CONFIRMED,CANDIDATE,1.0000,0,0,0,0,9.767345030,3.0520000e-05,-3.0520000e-05,186.5771800,2.390000e-03,-2.390000e-03,0.9000,0.0230,-0.6330,1.65850,0.07770,-0.07770,5.6910e+02,3.170e+01,-3.170e+01,2.67,3.300e-01,-1.800e-01,791.0,,,92.46,30.75,-16.68,21.10,3,q1_q17_dr25_tce,5527.00,74.00,-83.00,4.484,0.040,-0.112,0.9270,0.1150,-0.0620,287.242680,42.301369,15.604
6862328,K00865.01,,CANDIDATE,CANDIDATE,1.0000,0,0,0,0,119.020704400,1.1790000e-04,-1.1790000e-04,222.2364920,7.040000e-04,-7.040000e-04,0.0760,0.1730,-0.0760,8.14050,0.03820,-0.03820,7.4305e+03,3.840e+01,-3.840e+01,8.98,1.230e+00,-1.350e+00,366.0,,,4.25,1.58,-1.34,223.50,1,q1_q17_dr25_tce,5453.00,81.00,-73.00,4.342,0.144,-0.108,1.0620,0.1460,-0.1600,291.583770,42.368160,15.085
9471974,K00119.02,Kepler-108 c,CONFIRMED,CANDIDATE,0.9870,0,0,0,0,190.320046800,5.3270000e-04,-5.3270000e-04,312.6849800,1.470000e-03,-1.470000e-03,0.8120,0.0480,-0.0100,15.28400,0.20900,-0.20900,1.1417e+03,8.500e+00,-8.500e+00,7.78,4.800e-01,-5.200e-01,426.0,,,7.80,1.55,-1.38,139.30,2,q1_q17_dr25_tce,5626.00,89.00,-78.00,3.907,0.040,-0.036,2.0570,0.1250,-0.1380,294.559170,46.062328,12.654
6862603,K00866.01,,FALSE POSITIVE,FALSE POSITIVE,0.0000,0,1,1,0,2.861159894,3.0590000e-06,-3.0590000e-06,171.6481060,8.800000e-04,-8.800000e-04,0.9650,0.1300,-0.0430,1.88320,0.08780,-0.08780,1.0143e+03,2.860e+01,-2.860e+01,4.37,1.380e+00,-4.600e-01,1355.0,,,797.10,768.91,-244.21,58.30,1,q1_q17_dr25_tce,6126.00,193.00,-214.00,4.458,0.052,-0.208,1.0210,0.3240,-0.1080,291.671720,42.343109,15.618
7366258,K00880.01,Kepler-82 b,CONFIRMED,CANDIDATE,1.0000,0,0,0,0,26.444393370,3.6500000e-05,-3.6500000e-05,194.1207400,1.080000e-03,-1.080000e-03,0.0300,0.3550,-0.0300,3.97830,0.04170,-0.04170,1.8435e+03,2.220e+01,-2.220e+01,3.91,4.300e-01,-2.900e-01,562.0,,,23.54,7.96,-4.92,88.00,2,q1_q17_dr25_tce,5427.00,108.00,-108.00,4.463,0.064,-0.088,0.9290,0.1040,-0.0690,292.873380,42.966141,15.158
7366258,K00880.02,Kepler-82 c,CONFIRMED,CANDIDATE,0.9830,0,0,0,0,51.539979720,5.6130000e-05,-5.6130000e-05,174.0550110,8.800000e-04,-8.800000e-04,0.1830,0.1650,-0.1830,6.39940,0.04380,-0.04380,3.6443e+03,2.390e+01,-2.390e+01,5.51,6.200e-01,-4.100e-01,450.0,,,9.67,3.27,-2.02,155.50,1,q1_q17_dr25_tce,5427.00,108.00,-108.00,4.463,0.064,-0.088,0.9290,0.1040,-0.0690,292.873380,42.966141,15.158
7366258,K00880.03,Kepler-82 e,CONFIRMED,CANDIDATE,1.0000,0,0,0,0,5.902245782,7.3730000e-06,-7.3730000e-06,136.7839300,1.010000e-03,-1.010000e-03,0.2090,0.1650,-0.2090,2.90030,0.03170,-0.03170,7.0230e+02,1.280e+01,-1.280e+01,2.43,2.700e-01,-1.800e-01,926.0,,,173.74,58.69,-36.35,59.30,3,q1_q17_dr25_tce,5427.00,108.00,-108.00,4.463,0.064,-0.088,0.9290,0.1040,-0.0690,292.873380,42.966141,15.158
7366258,K00880.04,Kepler-82 d,CONFIRMED,CANDIDATE,1.0000,0,0,0,0,2.382951591,2.8080000e-06,-2.8080000e-06,135.0808410,9.810000e-04,-9.810000e-04,0.4790,0.4160,-0.3110,1.88760,0.02970,-0.02970,3.9160e+02,1.040e+01,-1.040e+01,1.86,2.100e-01,-1.300e-01,1253.0,,,583.01,196.96,-121.98,41.40,4,q1_q17_dr25_tce,5427.00,108.00,-108.00,4.463,0.064,-0.088,0.9290,0.1040,-0.0690,292.873380,42.966141,15.158
7373451,K00881.01,Kepler-712 b,CONFIRMED,CANDIDATE,1.0000,0,0,0,0,21.022506080,4.0910000e-05,-4.0910000e-05,207.6759300,1.480000e-03,-1.480000e-03,0.0360,0.3600,-0.0360,4.10720,0.05380,-0.05380,1.7725e+03,3.210e+01,-3.210e+01,3.07,2.100e-01,-1.400e-01,521.0,,,17.48,4.16,-2.76,62.40,1,q1_q17_dr25_tce,5067.00,102.00,-102.00,4.585,0.024,-0.048,0.7500,0.0520,-0.0330,294.909730,42.935261,15.859
6948054,K00869.04,Kepler-245 e,CONFIRMED,CANDIDATE,1.0000,0,0,0,0,3.219814777,5.5310000e-06,-5.5310000e-06,133.0040600,1.340000e-03,-1.340000e-03,0.0600,0.4000,-0.0600,2.06420,0.03920,-0.03920,4.8820e+02,1.760e+01,-1.760e+01,1.69,1.100e-01,-8.000e-02,998.0,,,234.93,53.16,-39.02,30.50,3,q1_q17_dr25_tce,5103.00,101.00,-101.00,4.562,0.032,-0.052,0.7870,0.0510,-0.0390,291.638980,42.436321,15.599
6949607,K00870.01,Kepler-28 b,CONFIRMED,CANDIDATE,1.0000,0,0,0,0,5.912273234,7.0390000e-06,-7.0390000e-06,172.1840120,9.400000e-04,-9.400000e-04,0.1700,0.2010,-0.1700,2.32540,0.02960,-0.02960,9.6140e+02,1.720e+01,-1.720e+01,1.73,9.000e-02,-1.000e-01,585.0,,,27.72,5.15,-4.93,62.80,1,q1_q17_dr25_tce,4072.00,73.00,-81.00,4.696,0.023,-0.028,0.5700,0.0290,-0.0320,292.137020,42.429420,15.036
6949607,K00870.02,Kepler-28 c,CONFIRMED,CANDIDATE,1.0000,0,0,0,0,8.985819010,1.4370000e-05,-1.4370000e-05,175.6841800,1.200000e-03,-1.200000e-03,0.0080,0.3870,-0.0080,2.86060,0.04130,-0.04130,8.8130e+02,1.850e+01,-1.850e+01,1.65,9.000e-02,-9.000e-02,509.0,,,15.90,2.96,-2.83,51.80,2,q1_q17_dr25_tce,4072.00,73.00,-81.00,4.696,0.023,-0.028,0.5700,0.0290,-0.0320,292.137020,42.429420,15.036
7031517,K00871.01,,CANDIDATE,CANDIDATE,0.0000,0,0,0,0,12.940668656,3.3520000e-06,-3.3520000e-06,179.4230140,2.060000e-04,-2.060000e-04,0.8970,0.1600,-0.0720,2.48450,0.01650,-0.01650,4.2450e+04,1.980e+02,-1.980e+02,22.94,4.930e+00,-1.960e+00,723.0,,,64.64,40.22,-16.72,307.50,1,q1_q17_dr25_tce,5875.00,140.00,-175.00,4.572,0.036,-0.144,0.8090,0.1740,-0.0690,291.119690,42.507069,15.215
11869052,K00120.01,,FALSE POSITIVE,FALSE POSITIVE,0.5730,0,1,0,0,20.545237500,1.4280000e-04,-1.4280000e-04,137.9139400,3.580000e-03,-3.580000e-03,0.9500,0.0070,-0.6680,2.51700,0.09470,-0.09470,2.1850e+02,1.400e+01,-1.400e+01,2.41,5.600e-01,-6.300e-01,742.0,,,71.57,60.96,-38.29,18.50,1,q1_q17_dr25_tce,5670.00,280.00,-229.00,4.206,0.241,-0.130,1.2640,0.2980,-0.3280,294.401920,50.172089,12.003
7109675,K00872.01,Kepler-46 b,CONFIRMED,CANDIDATE,1.0000,0,0,0,0,33.601233710,1.7670000e-05,-1.7670000e-05,186.6803430,4.120000e-04,-4.120000e-04,0.6700,0.0280,-0.0730,4.40560,0.05780,-0.05780,7.4259e+03,3.320e+01,-3.320e+01,8.46,4.000e-01,-5.000e-01,495.0,,,14.22,2.79,-2.41,247.90,1,q1_q17_dr25_tce,5149.00,113.00,-82.00,4.447,0.054,-0.036,0.9300,0.0440,-0.0550,289.268740,42.604172,15.262
7109675,K00872.02,Kepler-46 d,CONFIRMED,CANDIDATE,1.0000,0,0,0,0,6.766529280,1.5770000e-05,-1.5770000e-05,138.0637000,1.890000e-03,-1.890000e-03,0.4290,0.0310,-0.4290,2.90040,0.05460,-0.05460,4.5070e+02,1.720e+01,-1.720e+01,1.97,9.000e-02,-1.200e-01,845.0,,,120.48,23.66,-20.46,29.20,2,q1_q17_dr25_tce,5149.00,113.00,-82.00,4.447,0.054,-0.036,0.9300,0.0440,-0.0550,289.268740,42.604172,15.262
7118364,K00873.01,Kepler-710 b,CONFIRMED,CANDIDATE,1.0000,0,0,0,0,4.347288783,8.5120000e-06,-8.5120000e-06,172.2334300,1.570000e-03,-1.570000e-03,0.0250,0.4040,-0.0250,2.10240,0.05020,-0.05020,4.5160e+02,1.320e+01,-1.320e+01,2.36,3.900e-01,-2.900e-01,1174.0,,,449.79,193.34,-122.22,39.70,1,q1_q17_dr25_tce,5754.00,78.00,-78.00,4.345,0.110,-0.110,1.1220,0.1840,-0.1380,291.964170,42.696140,15.024
7134976,K00874.01,Kepler-246 b,CONFIRMED,CANDIDATE,1.0000,0,0,0,0,4.601811819,6.1680000e-06,-6.1680000e-06,169.9810800,1.050000e-03,-1.050000e-03,0.5670,0.0450,-0.4480,2.26070,0.03670,-0.03670,7.5590e+02,1.410e+01,-1.410e+01,2.35,9.000e-02,-1.800e-01,896.0,,,152.91,23.09,-30.96,60.80,1,q1_q17_dr25_tce,4986.00,82.00,-82.00,4.496,0.080,-0.025,0.8330,0.0320,-0.0640,296.483430,42.663429,15.024
7134976,K00874.02,Kepler-246 c,CONFIRMED,CANDIDATE,0.9970,0,0,0,0,11.187199050,5.3310000e-05,-5.3310000e-05,137.1781400,4.160000e-03,-4.160000e-03,0.3870,0.0620,-0.3870,3.25200,0.12200,-0.12200,3.5360e+02,1.750e+01,-1.750e+01,1.55,6.000e-02,-1.200e-01,667.0,,,46.65,7.05,-9.44,21.90,2,q1_q17_dr25_tce,4986.00,82.00,-82.00,4.496,0.080,-0.025,0.8330,0.0320,-0.0640,296.483430,42.663429,15.024
7135852,K00875.01,Kepler-1729 b,CONFIRMED,CANDIDATE,1.0000,0,0,0,0,4.220965778,2.5840000e-06,-2.5840000e-06,170.6224330,4.910000e-04,-4.910000e-04,0.7050,0.0610,-0.3110,3.08540,0.06450,-0.06450,2.2600e+03,1.790e+01,-1.790e+01,2.62,5.800e-01,-5.800e-01,595.0,,,29.68,41.22,-16.05,157.80,1,q1_q17_dr25_tce,3837.00,481.00,-259.00,4.747,0.105,-0.094,0.5170,0.1140,-0.1140,296.693940,42.626110,15.692
7270230,K00876.01,,FALSE POSITIVE,FALSE POSITIVE,0.0000,0,1,0,0,6.998099523,2.3560000e-06,-2.3560000e-06,171.8989130,2.670000e-04,-2.670000e-04,7.3610,46.9900,-1.3510,2.04880,0.01420,-0.01420,2.0285e+04,1.280e+02,-1.280e+02,588.66,1.285e+02,-4.616e+01,853.0,,,125.22,81.62,-29.93,192.30,1,q1_q17_dr25_tce,5612.00,152.00,-152.00,4.566,0.038,-0.152,0.8290,0.1810,-0.0650,287.884120,42.832439,15.877
7287995,K00877.01,Kepler-81 b,CONFIRMED,CANDIDATE,1.0000,0,0,0,0,5.954899930,5.4820000e-06,-5.4820000e-06,170.9558710,7.340000e-04,-7.340000e-04,0.3270,0.0840,-0.3270,2.38920,0.02810,-0.02810,1.4107e+03,1.780e+01,-1.780e+01,2.33,1.000e-01,-1.100e-01,635.0,,,38.52,6.66,-6.17,87.20,1,q1_q17_dr25_tce,4261.00,85.00,-85.00,4.641,0.027,-0.020,0.6330,0.0260,-0.0290,293.636960,42.824970,15.019
7287995,K00877.02,Kepler-81 c,CONFIRMED,CANDIDATE,1.0000,0,0,0,0,12.039874880,1.8250000e-05,-1.8250000e-05,181.2253600,1.170000e-03,-1.170000e-03,0.2860,0.1330,-0.2860,2.73630,0.04110,-0.04110,1.2506e+03,2.350e+01,-2.350e+01,2.18,9.000e-02,-1.000e-01,502.0,,,15.06,2.60,-2.41,57.60,2,q1_q17_dr25_tce,4261.00,85.00,-85.00,4.641,0.027,-0.020,0.6330,0.0260,-0.0290,293.636960,42.824970,15.019
7287995,K00877.03,Kepler-81 d,CONFIRMED,CANDIDATE,0.9980,0,0,0,0,20.837628950,9.6500000e-05,-9.6500000e-05,132.0848800,3.910000e-03,-3.910000e-03,0.7060,0.0400,-0.5050,2.37340,0.09870,-0.09870,4.3900e+02,3.090e+01,-3.090e+01,1.42,6.000e-02,-7.000e-02,418.0,,,7.24,1.25,-1.16,14.90,3,q1_q17_dr25_tce,4261.00,85.00,-85.00,4.641,0.027,-0.020,0.6330,0.0260,-0.0290,293.636960,42.824970,15.019
3247396,K00121.01,,FALSE POSITIVE,FALSE POSITIVE,0.0000,0,1,1,1,8.811102200,1.6420000e-05,-1.6420000e-05,136.4568000,1.510000e-03,-1.510000e-03,1.2230,11.0800,-0.2150,5.06830,0.07710,-0.07710,4.0110e+02,6.100e+00,-6.100e+00,63.66,8.980e+00,-1.795e+01,1399.0,,,904.92,371.14,-471.54,76.80,1,q1_q17_dr25_tce,6200.00,125.00,-113.00,3.800,0.225,-0.075,2.4040,0.3390,-0.6780,294.460880,38.383461,12.759
7303253,K00878.01,Kepler-711 b,CONFIRMED,CANDIDATE,1.0000,0,0,0,0,23.589171430,5.7860000e-05,-5.7860000e-05,173.8199400,1.940000e-03,-1.940000e-03,0.9260,0.0260,-0.5380,5.07300,0.32500,-0.32500,1.2007e+03,2.740e+01,-2.740e+01,3.16,3.000e-01,-3.300e-01,487.0,,,13.34,4.66,-3.85,53.30,1,q1_q17_dr25_tce,4919.00,146.00,-146.00,4.566,0.072,-0.048,0.7210,0.0690,-0.0750,297.460020,42.839920,15.316
5094751,K00123.01,Kepler-109 b,CONFIRMED,CANDIDATE,1.0000,0,0,0,0,6.481633073,6.0040000e-06,-6.0040000e-06,122.9776570,7.550000e-04,-7.550000e-04,0.8330,0.0210,-0.5760,3.78400,0.03390,-0.03390,2.9850e+02,2.700e+00,-2.700e+00,2.54,1.100e-01,-1.200e-01,1145.0,,,406.25,58.56,-52.79,125.60,1,q1_q17_dr25_tce,5945.00,71.00,-71.00,4.213,0.033,-0.027,1.3020,0.0580,-0.0580,290.392730,40.284870,12.365
7678434,K00892.01,Kepler-716 b,CONFIRMED,CANDIDATE,1.0000,0,0,0,0,10.371689280,1.4770000e-05,-1.4770000e-05,172.6172900,1.170000e-03,-1.170000e-03,0.5370,0.0200,-0.4780,3.03500,0.04560,-0.04560,1.2549e+03,2.120e+01,-2.120e+01,3.20,1.800e-01,-2.800e-01,720.0,,,63.68,11.53,-13.96,64.50,1,q1_q17_dr25_tce,5121.00,76.00,-84.00,4.457,0.091,-0.039,0.8880,0.0490,-0.0770,290.393220,43.363899,15.193
7678434,K00892.02,Kepler-716 c,CONFIRMED,CANDIDATE,1.0000,0,0,0,0,3.969962980,1.3950000e-05,-1.3950000e-05,137.7544700,3.100000e-03,-3.100000e-03,0.8360,0.1010,-0.6020,1.17570,0.09700,-0.09700,2.9920e+02,2.450e+01,-2.450e+01,1.78,9.000e-02,-1.600e-01,992.0,,,229.37,41.51,-50.30,15.00,2,q1_q17_dr25_tce,5121.00,76.00,-84.00,4.457,0.091,-0.039,0.8880,0.0490,-0.0770,290.393220,43.363899,15.193
7685981,K00893.01,Kepler-717 b,CONFIRMED,CANDIDATE,1.0000,0,0,0,0,4.408413310,1.4080000e-05,-1.4080000e-05,172.1858200,2.620000e-03,-2.620000e-03,0.8990,0.0130,-0.6550,5.01200,0.10600,-0.10600,5.4940e+02,1.340e+01,-1.340e+01,2.66,7.900e-01,-3.300e-01,1139.0,,,398.00,359.33,-131.06,45.10,1,q1_q17_dr25_tce,6007.00,189.00,-189.00,4.457,0.081,-0.202,0.9610,0.2850,-0.1220,292.965550,43.346390,15.662
7708215,K00894.01,,FALSE POSITIVE,FALSE POSITIVE,0.0000,0,1,1,1,7.942617600,2.4190000e-05,-2.4190000e-05,174.5256300,2.580000e-03,-2.580000e-03,0.9420,0.0070,-0.0080,6.70300,0.17300,-0.17300,1.5907e+03,4.040e+01,-4.040e+01,4.68,1.460e+00,-4.800e-01,878.0,,,140.57,128.66,-41.84,60.40,1,q1_q17_dr25_tce,5811.00,157.00,-192.00,4.521,0.039,-0.221,0.9260,0.2890,-0.0960,299.001430,43.399632,15.260
7373451,K00881.02,Kepler-712 c,CONFIRMED,CANDIDATE,1.0000,0,0,0,0,226.890477500,9.0570000e-04,-9.0570000e-04,207.3597100,3.620000e-03,-3.620000e-03,0.7310,0.1390,-0.4920,7.55800,0.19300,-0.19300,3.1364e+03,6.940e+01,-6.940e+01,4.53,3.200e-01,-2.000e-01,236.0,,,0.73,0.18,-0.11,46.80,2,q1_q17_dr25_tce,5067.00,102.00,-102.00,4.585,0.024,-0.048,0.7500,0.0520,-0.0330,294.909730,42.935261,15.859
7377033,K00882.01,,FALSE POSITIVE,FALSE POSITIVE,0.0000,0,1,0,0,1.956811408,1.0590000e-06,-1.0590000e-06,170.6942080,4.300000e-04,-4.300000e-04,1.0910,11.8300,-0.0230,2.19580,0.02570,-0.02570,2.4905e+04,2.440e+02,-2.440e+02,21.58,1.330e+00,-1.470e+00,1109.0,,,357.16,100.66,-82.23,125.40,1,q1_q17_dr25_tce,5209.00,171.00,-155.00,4.657,0.063,-0.032,0.6030,0.0370,-0.0410,295.835360,42.943062,15.533
7380537,K00883.01,,CANDIDATE,CANDIDATE,0.9970,0,0,0,0,2.688899233,1.9000000e-07,-1.9000000e-07,170.1020904,5.610000e-05,-5.610000e-05,0.0010,0.0610,-0.0010,2.11275,0.00254,-0.00254,3.7492e+04,4.400e+01,-4.400e+01,12.04,1.360e+00,-7.900e-01,929.0,,,175.76,66.28,-39.88,1011.60,1,q1_q17_dr25_tce,4820.00,130.00,-144.00,4.667,0.027,-0.063,0.6390,0.0720,-0.0420,296.683070,42.967869,15.766
7434875,K00884.01,Kepler-247 c,CONFIRMED,CANDIDATE,1.0000,0,0,0,0,9.439459486,4.9910000e-06,-4.9910000e-06,177.1860960,4.180000e-04,-4.180000e-04,0.0490,0.2730,-0.0490,2.89790,0.01880,-0.01880,3.0361e+03,1.880e+01,-1.880e+01,4.16,5.000e-01,-2.800e-01,686.0,,,52.32,21.42,-12.06,175.20,1,q1_q17_dr25_tce,5097.00,152.00,-152.00,4.597,0.025,-0.085,0.7790,0.0930,-0.0530,288.642520,43.039291,15.067
8349582,K00122.01,Kepler-95 b,CONFIRMED,CANDIDATE,1.0000,0,0,0,0,11.523067458,9.4520000e-06,-9.4520000e-06,131.9690550,7.000000e-04,-7.000000e-04,0.0000,0.3040,0.0000,3.87570,0.02090,-0.02090,5.0730e+02,4.200e+00,-4.200e+00,3.13,2.000e-01,-1.700e-01,927.0,,,174.81,35.33,-25.81,142.00,1,q1_q17_dr25_tce,5644.00,84.00,-75.00,4.162,0.033,-0.030,1.4110,0.0910,-0.0730,284.482450,44.398041,12.346
7434875,K00884.02,Kepler-247 d,CONFIRMED,CANDIDATE,0.0000,0,0,0,0,20.477488430,3.1260000e-05,-3.1260000e-05,178.6678600,1.030000e-03,-1.030000e-03,0.4970,0.0150,-0.4400,2.83640,0.04190,-0.04190,1.3824e+03,2.820e+01,-2.820e+01,2.92,3.500e-01,-1.900e-01,530.0,,,18.65,7.63,-4.30,52.70,2,q1_q17_dr25_tce,5097.00,152.00,-152.00,4.597,0.025,-0.085,0.7790,0.0930,-0.0530,288.642520,43.039291,15.067
7434875,K00884.03,Kepler-247 b,CONFIRMED,CANDIDATE,1.0000,0,0,0,0,3.336123113,4.3590000e-06,-4.3590000e-06,135.3162300,1.090000e-03,-1.090000e-03,0.2520,0.2200,-0.2520,1.96160,0.03330,-0.03330,5.1630e+02,1.370e+01,-1.370e+01,1.74,2.000e-01,-1.200e-01,970.0,,,209.79,85.87,-48.36,41.60,3,q1_q17_dr25_tce,5097.00,152.00,-152.00,4.597,0.025,-0.085,0.7790,0.0930,-0.0530,288.642520,43.039291,15.067
7455287,K00886.01,Kepler-54 b,CONFIRMED,CANDIDATE,1.0000,0,0,0,0,8.010784560,1.0610000e-05,-1.0610000e-05,170.2073900,1.060000e-03,-1.060000e-03,0.1920,0.0960,-0.1920,2.31200,0.03360,-0.03360,1.3336e+03,2.930e+01,-2.930e+01,1.72,1.300e-01,-2.000e-01,453.0,,,9.90,2.52,-2.88,48.50,1,q1_q17_dr25_tce,3713.00,74.00,-92.00,4.779,0.063,-0.031,0.4700,0.0360,-0.0540,294.773930,43.056301,15.847
7455287,K00886.02,Kepler-54 c,CONFIRMED,CANDIDATE,1.0000,0,0,0,0,12.071342050,4.2100000e-05,-4.2100000e-05,143.4594800,2.870000e-03,-2.870000e-03,0.0140,0.5180,-0.0140,4.32240,0.09830,-0.09830,7.5920e+02,2.640e+01,-2.640e+01,1.29,1.000e-01,-1.500e-01,395.0,,,5.74,1.46,-1.67,31.00,2,q1_q17_dr25_tce,3713.00,74.00,-92.00,4.779,0.063,-0.031,0.4700,0.0360,-0.0540,294.773930,43.056301,15.847
7455287,K00886.03,Kepler-54 d,CONFIRMED,CANDIDATE,0.9860,0,0,0,0,20.995878720,7.6620000e-05,-7.6620000e-05,152.3155400,3.050000e-03,-3.050000e-03,0.2280,0.1760,-0.2280,2.63330,0.08660,-0.08660,7.6730e+02,4.290e+01,-4.290e+01,1.30,1.000e-01,-1.500e-01,328.0,,,2.74,0.70,-0.79,18.20,3,q1_q17_dr25_tce,3713.00,74.00,-92.00,4.779,0.063,-0.031,0.4700,0.0360,-0.0540,294.773930,43.056301,15.847
7458762,K00887.01,Kepler-713 b,CONFIRMED,CANDIDATE,1.0000,0,0,0,0,7.411131770,1.3570000e-05,-1.3570000e-05,175.3475400,1.470000e-03,-1.470000e-03,0.7120,0.1750,-0.4770,2.52420,0.04920,-0.04920,6.2050e+02,1.430e+01,-1.430e+01,2.45,7.700e-01,-2.500e-01,905.0,,,158.11,145.61,-47.15,50.40,1,q1_q17_dr25_tce,5849.00,157.00,-192.00,4.517,0.039,-0.208,0.9190,0.2890,-0.0960,295.651490,43.029831,15.031
7552344,K00888.01,,FALSE POSITIVE,FALSE POSITIVE,0.0000,0,1,0,0,1.000747038,2.9100000e-07,-2.9100000e-07,169.9742290,2.250000e-04,-2.250000e-04,0.9080,0.0050,-0.6350,0.99670,0.03880,-0.03880,1.8235e+03,1.690e+01,-1.690e+01,4.14,7.500e-01,-5.700e-01,1620.0,,,1635.20,958.96,-568.34,147.40,1,q1_q17_dr25_tce,5472.00,179.00,-179.00,4.499,0.117,-0.130,0.7900,0.1430,-0.1080,297.975130,43.164909,15.419
757450,K00889.01,Kepler-75 b,CONFIRMED,CANDIDATE,0.9990,0,0,0,0,8.884922995,1.6360000e-06,-1.6360000e-06,169.9916860,1.440000e-04,-1.440000e-04,0.0690,0.0870,-0.0690,2.07004,0.00709,-0.00709,1.6053e+04,4.740e+01,-4.740e+01,10.51,5.600e-01,-5.700e-01,770.0,,,83.21,16.69,-13.87,388.20,1,q1_q17_dr25_tce,5332.00,106.00,-96.00,4.500,0.050,-0.036,0.8430,0.0450,-0.0450,291.137600,36.577381,15.264
7585481,K00890.01,Kepler-714 b,CONFIRMED,CANDIDATE,1.0000,0,0,0,0,8.098889060,2.1810000e-06,-2.1810000e-06,176.6237310,2.160000e-04,-2.160000e-04,0.0180,0.1540,-0.0180,4.20241,0.00982,-0.00982,6.9111e+03,1.800e+01,-1.800e+01,8.95,2.940e+00,-9.800e-01,986.0,,,223.19,216.44,-69.72,435.90,1,q1_q17_dr25_tce,6214.00,174.00,-217.00,4.442,0.054,-0.216,1.0760,0.3530,-0.1180,282.699520,43.272739,15.261
7663691,K00891.01,Kepler-715 b,CONFIRMED,CANDIDATE,1.0000,0,0,0,0,10.006530120,2.0010000e-05,-2.0010000e-05,176.9689800,1.520000e-03,-1.520000e-03,0.8620,0.0280,-0.5860,5.34400,0.11400,-0.11400,9.3610e+02,1.470e+01,-1.470e+01,3.52,1.110e+00,-3.800e-01,876.0,,,139.21,132.68,-43.02,71.90,1,q1_q17_dr25_tce,6063.00,181.00,-217.00,4.470,0.052,-0.208,1.0010,0.3180,-0.1060,283.630770,43.379398,15.063
5812701,K00012.01,Kepler-448 b,CONFIRMED,CANDIDATE,0.6350,0,0,0,0,17.855221681,3.6760000e-06,-3.6760000e-06,146.5964660,1.630000e-04,-1.630000e-04,0.0750,0.1060,-0.0430,7.41287,0.00581,-0.00581,9.0652e+03,1.120e+01,-1.120e+01,13.16,2.570e+00,-6.500e-01,911.0,,,163.04,78.35,-23.38,915.70,1,q1_q17_dr25_tce,6823.00,61.00,-92.00,4.308,0.024,-0.128,1.3670,0.2670,-0.0670,297.453740,41.010990,11.353
8013419,K00901.01,,CANDIDATE,CANDIDATE,1.0000,0,0,0,0,12.732624065,4.3970000e-06,-4.3970000e-06,176.9390540,2.730000e-04,-2.730000e-04,0.8110,0.0200,-0.0330,2.20830,0.04320,-0.04320,6.4657e+03,4.100e+01,-4.100e+01,4.87,9.700e-01,-9.600e-01,432.0,,,8.22,11.81,-4.37,210.50,1,q1_q17_dr25_tce,3950.00,560.00,-301.00,4.721,0.104,-0.085,0.5410,0.1070,-0.1070,285.167480,43.876339,15.750
8018547,K00902.01,,CANDIDATE,CANDIDATE,0.9660,0,0,0,0,83.924940320,7.9990000e-05,-7.9990000e-05,236.7633400,7.180000e-04,-7.180000e-04,0.6580,0.0310,-0.0520,6.79040,0.07480,-0.07480,7.9587e+03,5.480e+01,-5.480e+01,4.78,3.400e-01,-4.700e-01,226.0,,,0.62,0.18,-0.18,182.10,1,q1_q17_dr25_tce,3960.00,118.00,-130.00,4.746,0.045,-0.040,0.5090,0.0360,-0.0500,287.852390,43.897991,15.754
8039892,K00903.01,Kepler-719 b,CONFIRMED,CANDIDATE,1.0000,0,0,0,0,5.007316661,1.3890000e-06,-1.3890000e-06,173.4339970,2.190000e-04,-2.190000e-04,0.3440,0.0760,-0.1810,4.23620,0.02480,-0.02480,6.9323e+03,1.970e+01,-1.970e+01,6.96,1.750e+00,-6.200e-01,998.0,,,234.28,170.60,-64.02,431.40,1,q1_q17_dr25_tce,5865.00,146.00,-190.00,4.563,0.042,-0.168,0.8270,0.2080,-0.0740,295.536130,43.884449,15.813
8150320,K00904.01,Kepler-55 d,CONFIRMED,CANDIDATE,1.0000,0,0,0,0,2.211116989,2.6910000e-06,-2.6910000e-06,170.1501390,9.690000e-04,-9.690000e-04,0.6900,0.0090,-0.5090,1.64850,0.02970,-0.02970,7.2420e+02,1.890e+01,-1.890e+01,1.85,1.300e-01,-5.000e-02,931.0,,,177.19,40.98,-23.72,42.60,1,q1_q17_dr25_tce,4500.00,90.00,-90.00,4.656,0.013,-0.043,0.6460,0.0430,-0.0200,285.168330,44.026459,15.791
8150320,K00904.02,Kepler-55 b,CONFIRMED,CANDIDATE,0.9970,0,0,0,0,27.954133700,1.7270000e-04,-1.7270000e-04,178.7379100,3.970000e-03,-3.970000e-03,0.0630,0.4020,-0.0630,3.95000,0.13800,-0.13800,9.4250e+02,3.960e+01,-3.960e+01,1.90,1.300e-01,-6.000e-02,400.0,,,6.04,1.39,-0.81,25.40,3,q1_q17_dr25_tce,4500.00,90.00,-90.00,4.656,0.013,-0.043,0.6460,0.0430,-0.0200,285.168330,44.026459,15.791
11086270,K00124.01,Kepler-110 b,CONFIRMED,CANDIDATE,0.4150,0,0,0,0,12.691043870,2.2980000e-05,-2.2980000e-05,137.1259400,1.490000e-03,-1.490000e-03,0.0080,0.3890,-0.0070,3.77270,0.04520,-0.04520,2.5210e+02,4.600e+00,-4.600e+00,2.57,4.000e-01,-6.500e-01,1008.0,,,244.30,109.11,-118.87,60.20,1,q1_q17_dr25_tce,5869.00,117.00,-117.00,4.024,0.210,-0.105,1.6260,0.2540,-0.4130,292.929140,48.602810,12.935
7767559,K00895.01,,FALSE POSITIVE,FALSE POSITIVE,0.2280,0,1,0,0,4.409409243,5.8310000e-06,-5.8310000e-06,171.8943300,1.050000e-03,-1.050000e-03,0.0280,0.2690,-0.0280,3.86360,0.04680,-0.04680,1.2861e+04,1.740e+02,-1.740e+02,10.95,3.050e+00,-2.030e+00,1101.0,,,347.06,298.88,-143.45,85.80,1,q1_q17_dr25_tce,5600.00,186.00,-169.00,4.368,0.185,-0.204,0.9750,0.2710,-0.1810,296.410190,43.455391,15.403
7825899,K00896.01,Kepler-248 c,CONFIRMED,CANDIDATE,1.0000,0,0,0,0,16.239470960,1.5750000e-05,-1.5750000e-05,175.5699070,7.710000e-04,-7.710000e-04,0.0430,0.3430,-0.0430,4.03740,0.03450,-0.03450,2.5907e+03,2.250e+01,-2.250e+01,4.14,3.800e-01,-1.500e-01,598.0,,,30.14,8.83,-4.28,123.80,1,q1_q17_dr25_tce,5191.00,103.00,-103.00,4.564,0.016,-0.088,0.8370,0.0780,-0.0300,293.061400,43.581360,15.258
7825899,K00896.02,Kepler-248 b,CONFIRMED,CANDIDATE,1.0000,0,0,0,0,6.308201629,7.0310000e-06,-7.0310000e-06,174.0476610,8.830000e-04,-8.830000e-04,0.0300,0.3830,-0.0300,2.97850,0.03230,-0.03230,1.3285e+03,1.730e+01,-1.730e+01,2.96,2.800e-01,-1.000e-01,819.0,,,106.44,31.16,-15.12,86.20,2,q1_q17_dr25_tce,5191.00,103.00,-103.00,4.564,0.016,-0.088,0.8370,0.0780,-0.0300,293.061400,43.581360,15.258
7849854,K00897.01,Kepler-718 b,CONFIRMED,CANDIDATE,1.0000,0,0,0,0,2.052349884,1.3700000e-07,-1.3700000e-07,169.8906220,5.250000e-05,-5.250000e-05,0.4370,0.0300,-0.0540,2.07780,0.01090,-0.01090,1.4281e+04,1.790e+01,-1.790e+01,13.12,2.010e+00,-1.180e+00,1497.0,,,1183.18,468.35,-260.60,1072.10,1,q1_q17_dr25_tce,5855.00,70.00,-88.00,4.393,0.076,-0.123,1.0800,0.1660,-0.0970,299.561890,43.503559,15.257
7870390,K00898.01,Kepler-83 b,CONFIRMED,CANDIDATE,1.0000,0,0,0,0,9.770448600,1.4550000e-05,-1.4550000e-05,175.7137200,1.180000e-03,-1.180000e-03,0.0900,0.3180,-0.0900,2.45170,0.04430,-0.04430,1.8978e+03,3.660e+01,-3.660e+01,2.23,1.400e-01,-2.000e-01,460.0,,,10.59,2.35,-2.58,58.00,1,q1_q17_dr25_tce,3906.00,78.00,-86.00,4.730,0.052,-0.024,0.5090,0.0320,-0.0460,282.232510,43.665630,15.777
7870390,K00898.02,Kepler-83 d,CONFIRMED,CANDIDATE,1.0000,0,0,0,0,5.169804269,9.0360000e-06,-9.0360000e-06,172.6315300,1.340000e-03,-1.340000e-03,0.3510,0.0670,-0.3510,2.15300,0.04930,-0.04930,1.0374e+03,2.770e+01,-2.770e+01,1.66,1.100e-01,-1.500e-01,569.0,,,24.75,5.51,-6.02,41.40,2,q1_q17_dr25_tce,3906.00,78.00,-86.00,4.730,0.052,-0.024,0.5090,0.0320,-0.0460,282.232510,43.665630,15.777
5094751,K00123.02,Kepler-109 c,CONFIRMED,CANDIDATE,1.0000,0,0,0,0,21.222611950,2.9080000e-05,-2.9080000e-05,137.5740300,1.130000e-03,-1.130000e-03,0.0200,0.3780,-0.0200,6.50930,0.04200,-0.04200,3.6600e+02,3.500e+00,-3.500e+00,2.48,1.100e-01,-1.100e-01,771.0,,,83.56,12.04,-10.86,114.90,2,q1_q17_dr25_tce,5945.00,71.00,-71.00,4.213,0.033,-0.027,1.3020,0.0580,-0.0580,290.392730,40.284870,12.365
7870390,K00898.03,Kepler-83 c,CONFIRMED,CANDIDATE,1.0000,0,0,0,0,20.090170370,6.6300000e-05,-6.6300000e-05,147.9778800,2.750000e-03,-2.750000e-03,0.8860,0.0140,-0.6380,4.15400,0.15400,-0.15400,1.4321e+03,4.140e+01,-4.140e+01,2.25,1.400e-01,-2.100e-01,362.0,,,4.05,0.91,-0.98,36.90,3,q1_q17_dr25_tce,3906.00,78.00,-86.00,4.730,0.052,-0.024,0.5090,0.0320,-0.0460,282.232510,43.665630,15.777
7907423,K00899.01,Kepler-249 c,CONFIRMED,CANDIDATE,0.9990,0,0,0,0,7.113732570,1.2750000e-05,-1.2750000e-05,174.3235100,1.430000e-03,-1.430000e-03,0.3340,0.1170,-0.3340,2.17640,0.04960,-0.04960,8.0760e+02,2.050e+01,-2.050e+01,1.16,1.300e-01,-1.700e-01,429.0,,,8.01,2.66,-2.73,44.40,1,q1_q17_dr25_tce,3561.00,71.00,-89.00,4.855,0.055,-0.055,0.4110,0.0450,-0.0600,296.985050,43.658520,15.234
7907423,K00899.02,Kepler-249 b,CONFIRMED,CANDIDATE,0.9990,0,0,0,0,3.306551643,6.4000000e-06,-6.4000000e-06,134.3721100,1.590000e-03,-1.590000e-03,0.0010,0.4300,-0.0010,1.81770,0.04850,-0.04850,5.0920e+02,1.560e+01,-1.560e+01,0.91,1.000e-01,-1.300e-01,554.0,,,22.19,7.37,-7.57,37.80,2,q1_q17_dr25_tce,3561.00,71.00,-89.00,4.855,0.055,-0.055,0.4110,0.0450,-0.0600,296.985050,43.658520,15.234
7907423,K00899.03,Kepler-249 d,CONFIRMED,CANDIDATE,0.9980,0,0,0,0,15.368457370,4.0670000e-05,-4.0670000e-05,147.3896500,2.290000e-03,-2.290000e-03,0.1150,0.3200,-0.1150,2.47140,0.06900,-0.06900,7.5610e+02,2.640e+01,-2.640e+01,1.11,1.200e-01,-1.600e-01,332.0,,,2.86,0.95,-0.98,30.90,3,q1_q17_dr25_tce,3561.00,71.00,-89.00,4.855,0.055,-0.055,0.4110,0.0450,-0.0600,296.985050,43.658520,15.234
7938496,K00900.01,Kepler-1730 b,CONFIRMED,CANDIDATE,1.0000,0,0,0,0,13.810203180,2.9680000e-05,-2.9680000e-05,172.3353300,1.750000e-03,-1.750000e-03,0.7910,0.0330,-0.5430,3.04800,0.06350,-0.06350,1.3097e+03,3.150e+01,-3.150e+01,4.56,1.330e+00,-8.800e-01,833.0,,,113.75,99.51,-49.06,46.20,1,q1_q17_dr25_tce,5942.00,176.00,-193.00,4.327,0.136,-0.187,1.1420,0.3330,-0.2220,281.960630,43.703110,15.425
8490993,K00911.01,Kepler-722 b,CONFIRMED,CANDIDATE,1.0000,0,0,0,0,4.093578461,8.9550000e-06,-8.9550000e-06,171.0095400,1.760000e-03,-1.760000e-03,0.9300,0.0040,-0.6670,2.58330,0.06300,-0.06300,5.3860e+02,1.700e+01,-1.700e+01,2.85,8.000e-01,-3.400e-01,1182.0,,,461.07,378.55,-152.43,36.40,1,q1_q17_dr25_tce,6077.00,162.00,-217.00,4.471,0.060,-0.180,0.9990,0.2800,-0.1200,290.263280,44.556450,15.399
8490993,K00911.02,Kepler-722 c,CONFIRMED,CANDIDATE,0.9990,0,0,0,0,105.145959000,1.9970000e-03,-1.9970000e-03,178.3670000,1.120000e-02,-1.120000e-02,0.9640,0.0090,-0.6790,8.59300,0.44600,-0.44600,6.8540e+02,4.560e+01,-4.560e+01,3.43,9.600e-01,-4.200e-01,401.0,,,6.09,5.01,-2.01,15.40,2,q1_q17_dr25_tce,6077.00,162.00,-217.00,4.471,0.060,-0.180,0.9990,0.2800,-0.1200,290.263280,44.556450,15.399
8505670,K00912.01,Kepler-252 c,CONFIRMED,CANDIDATE,1.0000,0,0,0,0,10.848451800,1.6310000e-05,-1.6310000e-05,171.8058400,1.220000e-03,-1.220000e-03,0.2100,0.2170,-0.2100,2.99930,0.04310,-0.04310,1.6756e+03,2.880e+01,-2.880e+01,2.34,4.400e-01,-4.300e-01,499.0,,,14.66,22.69,-8.24,64.50,1,q1_q17_dr25_tce,4201.00,676.00,-416.00,4.682,0.088,-0.072,0.5910,0.1090,-0.1090,295.579350,44.545959,15.058
8505670,K00912.02,Kepler-252 b,CONFIRMED,CANDIDATE,1.0000,0,0,0,0,6.668332410,3.4490000e-05,-3.4490000e-05,137.4398800,4.050000e-03,-4.050000e-03,0.6440,0.3060,-0.4450,1.91500,0.13200,-0.13200,3.6230e+02,3.010e+01,-3.010e+01,1.18,2.100e-01,-2.200e-01,587.0,,,28.06,43.45,-15.76,14.20,2,q1_q17_dr25_tce,4201.00,676.00,-416.00,4.682,0.088,-0.072,0.5910,0.1090,-0.1090,295.579350,44.545959,15.058
8544996,K00913.01,Kepler-723 b,CONFIRMED,CANDIDATE,0.9970,0,0,0,0,4.082274889,2.4700000e-07,-2.4700000e-07,169.6375652,4.870000e-05,-4.870000e-05,0.0930,0.0140,-0.0760,3.23015,0.00288,-0.00288,1.7859e+04,1.250e+01,-1.250e+01,10.55,2.400e+00,-8.700e-01,1016.0,,,251.48,170.17,-61.38,1669.10,1,q1_q17_dr25_tce,5655.00,152.00,-152.00,4.581,0.038,-0.152,0.7940,0.1810,-0.0650,284.830470,44.658138,15.198
8552202,K00914.01,,CANDIDATE,CANDIDATE,1.0000,0,0,0,0,3.886655224,7.8220000e-06,-7.8220000e-06,169.7381400,1.550000e-03,-1.550000e-03,0.6490,0.0530,-0.4760,3.16460,0.06040,-0.06040,5.8160e+02,1.390e+01,-1.390e+01,1.87,3.600e-01,-1.500e-01,1010.0,,,246.29,141.54,-59.99,48.10,1,q1_q17_dr25_tce,5662.00,153.00,-153.00,4.610,0.032,-0.120,0.7380,0.1400,-0.0600,288.726650,44.607510,15.371
8150320,K00904.03,Kepler-55 c,CONFIRMED,CANDIDATE,1.0000,0,0,0,0,42.140608900,3.1430000e-04,-3.1430000e-04,139.0604000,4.850000e-03,-4.850000e-03,0.0450,0.3930,-0.0450,5.08300,0.15500,-0.15500,8.9550e+02,4.360e+01,-4.360e+01,1.85,1.300e-01,-5.000e-02,349.0,,,3.49,0.81,-0.47,21.60,5,q1_q17_dr25_tce,4500.00,90.00,-90.00,4.656,0.013,-0.043,0.6460,0.0430,-0.0200,285.168330,44.026459,15.791
8150320,K00904.04,Kepler-55 e,CONFIRMED,CANDIDATE,1.0000,0,0,0,0,4.617490562,9.4500000e-06,-9.4500000e-06,135.0490900,1.700000e-03,-1.700000e-03,0.6490,0.2300,-0.4130,2.26180,0.04770,-0.04770,5.7580e+02,2.180e+01,-2.180e+01,1.62,1.100e-01,-5.000e-02,728.0,,,66.47,15.38,-8.90,28.10,2,q1_q17_dr25_tce,4500.00,90.00,-90.00,4.656,0.013,-0.043,0.6460,0.0430,-0.0200,285.168330,44.026459,15.791
8150320,K00904.05,Kepler-55 f,CONFIRMED,CANDIDATE,0.9960,0,0,0,0,10.198492550,3.2500000e-05,-3.2500000e-05,137.9206700,2.680000e-03,-2.680000e-03,0.7140,0.2040,-0.4730,2.42830,0.07050,-0.07050,6.3410e+02,3.130e+01,-3.130e+01,1.75,1.100e-01,-6.000e-02,559.0,,,23.11,5.35,-3.09,21.40,4,q1_q17_dr25_tce,4500.00,90.00,-90.00,4.656,0.013,-0.043,0.6460,0.0430,-0.0200,285.168330,44.026459,15.791
8180063,K00905.01,,FALSE POSITIVE,FALSE POSITIVE,0.0000,0,0,1,0,5.795063956,5.0320000e-06,-5.0320000e-06,172.6974670,6.900000e-04,-6.900000e-04,0.9490,0.0050,-0.0040,3.24960,0.05130,-0.05130,1.6929e+03,2.650e+01,-2.650e+01,4.33,9.800e-01,-3.900e-01,950.0,,,192.74,128.89,-49.49,119.40,1,q1_q17_dr25_tce,5865.00,158.00,-158.00,4.563,0.038,-0.152,0.8270,0.1860,-0.0740,296.507540,44.036072,15.289
8226994,K00906.01,Kepler-250 c,CONFIRMED,CANDIDATE,1.0000,0,0,0,0,7.156815520,1.2010000e-05,-1.2010000e-05,174.1351100,1.330000e-03,-1.330000e-03,0.4500,0.4110,-0.2550,2.58820,0.04630,-0.04630,8.6700e+02,1.980e+01,-1.980e+01,2.47,1.000e-01,-2.000e-01,782.0,,,88.23,13.54,-17.72,47.70,1,q1_q17_dr25_tce,5029.00,83.00,-75.00,4.494,0.077,-0.027,0.8380,0.0330,-0.0660,289.594760,44.141949,15.460
8226994,K00906.02,Kepler-250 d,CONFIRMED,CANDIDATE,1.0000,0,0,0,0,17.648308510,5.4990000e-05,-5.4990000e-05,133.5453300,2.520000e-03,-2.520000e-03,0.6530,0.2650,-0.4440,2.08730,0.07520,-0.07520,7.6330e+02,3.570e+01,-3.570e+01,2.43,1.000e-01,-1.900e-01,579.0,,,26.49,4.06,-5.32,23.80,2,q1_q17_dr25_tce,5029.00,83.00,-75.00,4.494,0.077,-0.027,0.8380,0.0330,-0.0660,289.594760,44.141949,15.460
8226994,K00906.03,Kepler-250 b,CONFIRMED,CANDIDATE,0.9570,0,0,0,0,4.148107190,3.0530000e-05,-3.0530000e-05,133.3881000,5.580000e-03,-5.580000e-03,0.0930,0.3650,-0.0930,2.53500,0.18300,-0.18300,1.7520e+02,1.530e+01,-1.530e+01,1.08,4.000e-02,-9.000e-02,938.0,,,182.76,28.04,-36.70,12.90,3,q1_q17_dr25_tce,5029.00,83.00,-75.00,4.494,0.077,-0.027,0.8380,0.0330,-0.0660,289.594760,44.141949,15.460
8247638,K00907.01,Kepler-251 c,CONFIRMED,CANDIDATE,1.0000,0,0,0,0,16.514109890,3.3870000e-05,-3.3870000e-05,176.1168600,1.650000e-03,-1.650000e-03,0.3950,0.0080,-0.3950,4.15750,0.05390,-0.05390,9.7350e+02,1.850e+01,-1.850e+01,2.72,2.700e-01,-2.400e-01,655.0,,,43.57,13.80,-9.97,55.90,1,q1_q17_dr25_tce,5527.00,111.00,-111.00,4.488,0.075,-0.075,0.8660,0.0890,-0.0740,296.566220,44.105862,15.223
8247638,K00907.02,Kepler-251 d,CONFIRMED,CANDIDATE,1.0000,0,0,0,0,30.132929800,1.0130000e-04,-1.0130000e-04,190.3833600,2.820000e-03,-2.820000e-03,0.8390,0.0000,-0.5940,5.17200,0.11300,-0.11300,1.0158e+03,2.400e+01,-2.400e+01,3.14,3.200e-01,-2.700e-01,536.0,,,19.55,6.19,-4.47,44.80,2,q1_q17_dr25_tce,5527.00,111.00,-111.00,4.488,0.075,-0.075,0.8660,0.0890,-0.0740,296.566220,44.105862,15.223
8247638,K00907.03,Kepler-251 b,CONFIRMED,CANDIDATE,1.0000,0,0,0,0,4.790908090,2.2820000e-05,-2.2820000e-05,136.3110600,3.920000e-03,-3.920000e-03,0.1100,0.3420,-0.1100,2.60300,0.11000,-0.11000,2.5130e+02,1.320e+01,-1.320e+01,1.36,1.400e-01,-1.200e-01,990.0,,,227.24,71.98,-51.99,21.20,4,q1_q17_dr25_tce,5527.00,111.00,-111.00,4.488,0.075,-0.075,0.8660,0.0890,-0.0740,296.566220,44.105862,15.223
11086270,K00124.02,Kepler-110 c,CONFIRMED,CANDIDATE,1.0000,0,0,0,0,31.719810130,6.3100000e-05,-6.3100000e-05,142.8208300,1.640000e-03,-1.640000e-03,0.1250,0.2850,-0.1250,4.81900,0.04980,-0.04980,3.6340e+02,6.100e+00,-6.100e+00,3.09,4.900e-01,-7.800e-01,743.0,,,71.97,32.15,-35.02,63.10,2,q1_q17_dr25_tce,5869.00,117.00,-117.00,4.024,0.210,-0.105,1.6260,0.2540,-0.4130,292.929140,48.602810,12.935
8247638,K00907.04,Kepler-251 e,CONFIRMED,CANDIDATE,1.0000,0,0,0,0,99.641596200,6.6370000e-04,-6.6370000e-04,198.6866400,5.080000e-03,-5.080000e-03,0.0280,0.4180,-0.0280,4.44800,0.14000,-0.14000,9.5250e+02,4.410e+01,-4.410e+01,2.64,2.700e-01,-2.300e-01,360.0,,,3.97,1.25,-0.91,22.70,3,q1_q17_dr25_tce,5527.00,111.00,-111.00,4.488,0.075,-0.075,0.8660,0.0890,-0.0740,296.566220,44.105862,15.223
8255887,K00908.01,Kepler-720 b,CONFIRMED,CANDIDATE,1.0000,0,0,0,0,4.708326451,7.3000000e-07,-7.3000000e-07,171.4465070,1.210000e-04,-1.210000e-04,0.0610,0.0630,-0.0610,3.16114,0.00526,-0.00526,7.9127e+03,1.440e+01,-1.440e+01,10.60,2.850e+00,-2.560e+00,1162.0,,,431.02,349.26,-211.73,633.40,1,q1_q17_dr25_tce,5560.00,166.00,-166.00,4.246,0.252,-0.189,1.2100,0.3250,-0.2930,298.635650,44.170940,15.113
8256049,K00909.01,,FALSE POSITIVE,FALSE POSITIVE,0.0000,0,0,1,1,16.371986610,2.8180000e-05,-2.8180000e-05,172.7592600,1.380000e-03,-1.380000e-03,9.3030,65.7500,-6.5940,3.84490,0.06540,-0.06540,4.1476e+03,8.400e+01,-8.400e+01,540.37,3.925e+01,-5.842e+01,438.0,,,8.71,2.56,-2.57,54.50,1,q1_q17_dr25_tce,4187.00,125.00,-125.00,4.656,0.056,-0.024,0.5920,0.0430,-0.0640,298.678620,44.175499,15.654
8414716,K00910.01,Kepler-721 b,CONFIRMED,CANDIDATE,1.0000,0,0,0,0,5.392026903,6.6640000e-06,-6.6640000e-06,171.7270700,9.630000e-04,-9.630000e-04,0.3140,0.0720,-0.3140,2.98040,0.03520,-0.03520,1.1514e+03,1.720e+01,-1.720e+01,2.68,3.600e-01,-1.900e-01,850.0,,,123.33,54.53,-29.06,77.40,1,q1_q17_dr25_tce,5198.00,155.00,-155.00,4.589,0.024,-0.102,0.8010,0.1060,-0.0570,284.430510,44.480530,15.651
9140402,K00928.01,,CANDIDATE,CANDIDATE,1.0000,0,0,0,0,2.494170338,1.2640000e-06,-1.2640000e-06,170.8528480,4.260000e-04,-4.260000e-04,0.0950,0.2390,-0.0950,1.12210,0.01750,-0.01750,8.6370e+02,1.390e+01,-1.390e+01,2.42,2.400e-01,-1.200e-01,1194.0,,,480.19,142.04,-79.60,69.20,1,q1_q17_dr25_tce,5569.00,99.00,-110.00,4.566,0.020,-0.080,0.8290,0.0820,-0.0410,284.759430,45.599129,15.251
9141746,K00929.01,Kepler-730 b,CONFIRMED,CANDIDATE,1.0000,0,0,0,0,6.491682808,1.6850000e-06,-1.6850000e-06,174.6335530,2.160000e-04,-2.160000e-04,0.5350,0.0340,-0.0530,4.30100,0.02720,-0.02720,7.1633e+03,1.720e+01,-1.720e+01,9.66,3.270e+00,-1.310e+00,1062.0,,,301.54,310.33,-112.73,502.30,1,q1_q17_dr25_tce,6123.00,193.00,-265.00,4.413,0.072,-0.217,1.1070,0.3750,-0.1500,285.554810,45.578861,15.649
9159275,K00930.01,,FALSE POSITIVE,FALSE POSITIVE,0.0000,0,1,1,1,3.044770796,4.4620000e-06,-4.4620000e-06,172.0191600,1.150000e-03,-1.150000e-03,1.2520,0.3690,-0.1080,10.01340,0.06630,-0.06630,1.6950e+03,1.010e+01,-1.010e+01,24.54,4.890e+00,-1.960e+00,1076.0,,,317.36,196.04,-79.26,203.50,1,q1_q17_dr25_tce,5525.00,165.00,-165.00,4.603,0.032,-0.120,0.7530,0.1500,-0.0600,293.684940,45.516830,15.621
9166862,K00931.01,Kepler-731 b,CONFIRMED,CANDIDATE,0.9990,0,0,0,0,3.855603916,3.6800000e-07,-3.6800000e-07,170.6787843,7.480000e-05,-7.480000e-05,0.3480,0.0270,-0.0390,3.21790,0.01010,-0.01010,1.6653e+04,1.820e+01,-1.820e+01,13.61,3.800e+00,-1.350e+00,1212.0,,,508.65,435.35,-163.96,1173.90,1,q1_q17_dr25_tce,6033.00,193.00,-265.00,4.460,0.048,-0.192,1.0460,0.2920,-0.1040,296.393160,45.568562,15.272
9166870,K00932.01,,FALSE POSITIVE,FALSE POSITIVE,0.0000,0,0,1,1,3.855599139,4.0030000e-06,-4.0030000e-06,170.6795700,8.630000e-04,-8.630000e-04,0.8640,0.0140,-0.5990,3.18300,0.06160,-0.06160,1.0309e+03,1.320e+01,-1.320e+01,3.57,1.000e+00,-3.300e-01,1158.0,,,425.74,349.36,-120.92,90.10,1,q1_q17_dr25_tce,5936.00,164.00,-205.00,4.501,0.046,-0.196,0.9650,0.2680,-0.0890,296.395420,45.569920,15.054
11449844,K00125.01,Kepler-468 b,CONFIRMED,FALSE POSITIVE,0.9200,0,1,0,0,38.478766290,4.7310000e-06,-4.7310000e-06,151.8528120,1.010000e-04,-1.010000e-04,0.0030,0.0340,-0.0030,5.04169,0.00343,-0.00343,2.3530e+04,2.540e+01,-2.540e+01,13.26,1.780e+00,-5.900e-01,484.0,,,13.01,4.96,-2.04,1077.80,1,q1_q17_dr25_tce,5510.00,98.00,-109.00,4.539,0.019,-0.110,0.8790,0.1180,-0.0390,288.902220,49.370491,13.779
8605074,K00915.01,,FALSE POSITIVE,FALSE POSITIVE,0.0000,0,1,0,0,37.601661282,5.7900000e-06,-5.7900000e-06,194.7133830,1.230000e-04,-1.230000e-04,0.4080,0.0040,-0.0050,8.30604,0.00855,-0.00855,5.9130e+04,4.370e+01,-4.370e+01,27.22,8.220e+00,-4.420e+00,606.0,,,31.86,28.15,-12.30,1667.30,1,q1_q17_dr25_tce,6140.00,164.00,-201.00,4.354,0.124,-0.201,1.0960,0.3310,-0.1780,282.306030,44.714661,15.505
8628973,K00916.01,Kepler-724 b,CONFIRMED,CANDIDATE,1.0000,0,0,0,0,3.314947362,1.7050000e-06,-1.7050000e-06,171.3130580,4.180000e-04,-4.180000e-04,0.7990,0.0580,-0.5400,1.80070,0.02840,-0.02840,1.3982e+03,1.360e+01,-1.360e+01,3.94,1.110e+00,-3.700e-01,1155.0,,,421.03,347.73,-114.75,123.50,1,q1_q17_dr25_tce,5609.00,150.00,-166.00,4.481,0.062,-0.188,0.9440,0.2660,-0.0890,293.454830,44.792789,15.142
8655354,K00917.01,,FALSE POSITIVE,FALSE POSITIVE,0.0000,0,1,0,0,6.719690890,1.3940000e-05,-1.3940000e-05,173.3577600,1.670000e-03,-1.670000e-03,0.9850,22.4500,-0.0290,3.02310,0.08790,-0.08790,9.6970e+02,2.620e+01,-2.620e+01,4.37,1.060e+00,-5.700e-01,952.0,,,194.18,143.01,-64.13,45.40,1,q1_q17_dr25_tce,5931.00,177.00,-177.00,4.479,0.094,-0.175,0.8660,0.2100,-0.1130,301.049560,44.706299,15.172
8672910,K00918.01,Kepler-725 b,CONFIRMED,CANDIDATE,0.9960,0,0,0,0,39.643155200,1.0410000e-05,-1.0410000e-05,206.5967980,2.020000e-04,-2.020000e-04,0.0620,0.1030,-0.0420,6.52920,0.00694,-0.00694,1.5664e+04,2.440e+01,-2.440e+01,10.98,7.200e-01,-9.900e-01,472.0,,,11.74,2.46,-2.55,690.30,1,q1_q17_dr25_tce,5231.00,83.00,-73.00,4.455,0.091,-0.049,0.9000,0.0590,-0.0810,283.977510,44.811562,15.011
8686150,K00919.01,,FALSE POSITIVE,FALSE POSITIVE,0.0000,0,1,0,0,51.425985780,1.2790000e-05,-1.2790000e-05,173.5359330,1.960000e-04,-1.960000e-04,0.2030,0.0080,-0.0110,16.94220,0.01480,-0.01480,6.6068e+04,4.310e+01,-4.310e+01,29.66,9.260e+00,-3.310e+00,549.0,,,21.40,19.69,-6.95,1843.80,1,q1_q17_dr25_tce,6257.00,173.00,-239.00,4.410,0.054,-0.216,1.1470,0.3580,-0.1280,290.638980,44.806789,15.631
8689031,K00920.01,Kepler-726 b,CONFIRMED,CANDIDATE,1.0000,0,0,0,0,21.804516110,4.7330000e-05,-4.7330000e-05,190.4973700,1.710000e-03,-1.710000e-03,0.7510,0.1660,-0.5000,3.40970,0.07140,-0.07140,1.1449e+03,2.640e+01,-2.640e+01,2.60,4.700e-01,-1.900e-01,543.0,,,20.48,11.55,-4.65,49.90,1,q1_q17_dr25_tce,5481.00,163.00,-146.00,4.629,0.028,-0.112,0.7080,0.1270,-0.0510,291.717320,44.887310,15.067
8689373,K00921.01,Kepler-253 c,CONFIRMED,CANDIDATE,1.0000,0,0,0,0,10.281945930,1.8840000e-05,-1.8840000e-05,175.3398800,1.440000e-03,-1.440000e-03,0.1680,0.2670,-0.1680,3.43660,0.05410,-0.05410,1.1107e+03,2.130e+01,-2.130e+01,2.53,3.600e-01,-1.900e-01,680.0,,,50.60,23.78,-12.02,55.00,2,q1_q17_dr25_tce,5196.00,155.00,-155.00,4.593,0.026,-0.097,0.7750,0.1110,-0.0560,291.841980,44.858089,15.532
8689373,K00921.02,Kepler-253 d,CONFIRMED,CANDIDATE,1.0000,0,0,0,0,18.119930390,3.7010000e-05,-3.7010000e-05,182.6153500,1.640000e-03,-1.640000e-03,0.2060,0.1920,-0.2060,4.23090,0.05810,-0.05810,1.5069e+03,2.580e+01,-2.580e+01,2.95,4.200e-01,-2.200e-01,563.0,,,23.77,11.17,-5.65,60.70,1,q1_q17_dr25_tce,5196.00,155.00,-155.00,4.593,0.026,-0.097,0.7750,0.1110,-0.0560,291.841980,44.858089,15.532
8689373,K00921.03,Kepler-253 b,CONFIRMED,CANDIDATE,1.0000,0,0,0,0,3.784028670,1.0760000e-05,-1.0760000e-05,133.2813300,2.360000e-03,-2.360000e-03,0.6910,0.2160,-0.4660,1.90120,0.06780,-0.06780,4.2610e+02,1.840e+01,-1.840e+01,1.70,2.500e-01,-1.200e-01,949.0,,,191.78,90.15,-45.54,25.60,3,q1_q17_dr25_tce,5196.00,155.00,-155.00,4.593,0.026,-0.097,0.7750,0.1110,-0.0560,291.841980,44.858089,15.532
8826878,K00922.01,Kepler-727 b,CONFIRMED,CANDIDATE,1.0000,0,0,0,0,5.154481420,1.0260000e-05,-1.0260000e-05,171.6389000,1.570000e-03,-1.570000e-03,0.9330,0.0380,-0.6860,3.22800,0.12200,-0.12200,6.9750e+02,1.640e+01,-1.640e+01,2.94,6.300e-01,-3.900e-01,964.0,,,204.10,134.51,-67.88,48.10,1,q1_q17_dr25_tce,5431.00,161.00,-161.00,4.457,0.104,-0.156,0.8840,0.1900,-0.1170,294.846890,45.034409,15.365
5897826,K00126.01,Kepler-469 b,FALSE POSITIVE,FALSE POSITIVE,0.0000,0,1,0,0,33.803643660,2.2780000e-05,-2.2780000e-05,202.2597310,5.440000e-04,-5.440000e-04,0.0230,0.0880,-0.0230,11.48130,0.01870,-0.01870,1.3494e+04,2.660e+01,-2.660e+01,20.70,3.240e+00,-4.860e+00,745.0,,,72.71,32.55,-33.45,529.90,1,q1_q17_dr25_tce,5855.00,117.00,-117.00,3.999,0.196,-0.084,1.7960,0.2810,-0.4220,297.475860,41.114288,13.109
8883593,K00923.01,Kepler-728 b,CONFIRMED,CANDIDATE,1.0000,0,0,0,0,5.743469797,7.2760000e-06,-7.2760000e-06,174.8989240,9.990000e-04,-9.990000e-04,0.0010,0.3720,-0.0010,3.44120,0.03570,-0.03570,1.2402e+03,1.780e+01,-1.780e+01,3.13,9.700e-01,-3.100e-01,982.0,,,219.95,200.46,-61.41,79.70,1,q1_q17_dr25_tce,5897.00,159.00,-177.00,4.531,0.037,-0.213,0.8910,0.2770,-0.0870,291.092350,45.115528,15.543
8951215,K00924.01,,CANDIDATE,CANDIDATE,1.0000,0,0,0,0,39.475909300,1.3170000e-04,-1.3170000e-04,173.3120700,2.500000e-03,-2.500000e-03,0.9380,0.0110,-0.6470,2.96800,0.14600,-0.14600,1.0126e+03,4.280e+01,-4.280e+01,4.06,1.310e+00,-4.400e-01,577.0,,,26.13,24.80,-8.31,26.60,1,q1_q17_dr25_tce,6225.00,172.00,-237.00,4.450,0.054,-0.216,1.0310,0.3320,-0.1110,291.208040,45.244389,15.229
9016295,K00925.01,,FALSE POSITIVE,FALSE POSITIVE,0.0000,0,1,0,0,19.974485239,1.7500000e-06,-1.7500000e-06,171.6300909,7.080000e-05,-7.080000e-05,0.8860,0.0070,-0.0080,4.23479,0.00624,-0.00624,4.0293e+04,4.430e+01,-4.430e+01,26.56,8.310e+00,-2.770e+00,700.0,,,56.84,52.57,-17.31,1398.80,1,q1_q17_dr25_tce,6108.00,171.00,-214.00,4.471,0.052,-0.221,0.9970,0.3120,-0.1040,289.727480,45.367661,15.217
9077124,K00926.01,Kepler-729 b,CONFIRMED,CANDIDATE,1.0000,0,0,0,0,3.166353562,2.5320000e-06,-2.5320000e-06,170.9661450,6.310000e-04,-6.310000e-04,0.0320,0.3210,-0.0320,3.31290,0.02330,-0.02330,1.4734e+03,1.340e+01,-1.340e+01,3.82,1.220e+00,-4.100e-01,1273.0,,,621.92,586.40,-191.31,128.30,1,q1_q17_dr25_tce,6007.00,169.00,-211.00,4.470,0.052,-0.208,0.9980,0.3180,-0.1060,286.360110,45.414291,15.603
9097120,K00927.01,,FALSE POSITIVE,FALSE POSITIVE,0.0000,0,1,1,0,23.899634407,4.7910000e-06,-4.7910000e-06,188.9827970,1.600000e-04,-1.600000e-04,1.2450,0.1040,-0.0880,3.81881,0.00835,-0.00835,2.0953e+04,4.380e+01,-4.380e+01,44.04,1.388e+01,-4.620e+00,652.0,,,42.80,39.62,-13.23,547.80,1,q1_q17_dr25_tce,6192.00,169.00,-225.00,4.503,0.052,-0.208,0.9240,0.2910,-0.0970,294.717680,45.485760,15.453
9466668,K00939.01,Kepler-256 c,CONFIRMED,CANDIDATE,1.0000,0,0,0,0,3.388012244,9.4900000e-06,-9.4900000e-06,170.5336000,2.280000e-03,-2.280000e-03,0.4330,0.0080,-0.4330,2.68490,0.07190,-0.07190,2.8010e+02,9.900e+00,-9.900e+00,2.11,3.300e-01,-4.100e-01,1315.0,,,705.93,316.56,-277.05,30.60,1,q1_q17_dr25_tce,5553.00,111.00,,4.221,0.188,-0.101,1.2500,0.1960,-0.2400,292.580440,46.097389,15.065
9466668,K00939.02,Kepler-256 d,CONFIRMED,CANDIDATE,1.0000,0,0,0,0,5.839097610,2.0220000e-05,-2.0220000e-05,132.0926100,2.910000e-03,-2.910000e-03,0.3410,0.0960,-0.3410,3.19150,0.08990,-0.08990,2.7360e+02,1.160e+01,-1.160e+01,2.06,3.300e-01,-3.900e-01,1097.0,,,341.48,153.14,-134.02,25.20,2,q1_q17_dr25_tce,5553.00,111.00,0.00,4.221,0.188,-0.101,1.2500,0.1960,-0.2400,292.580440,46.097389,15.065
9466668,K00939.03,Kepler-256 b,CONFIRMED,CANDIDATE,1.0000,0,0,0,0,1.620467654,5.9240000e-06,-5.9240000e-06,132.0638800,3.280000e-03,-3.280000e-03,0.2710,0.1890,-0.2710,2.18880,0.09950,-0.09950,1.5960e+02,8.300e+00,-8.300e+00,1.57,2.400e-01,-3.000e-01,1681.0,,,1893.42,849.07,-743.10,22.70,3,q1_q17_dr25_tce,5553.00,111.00,0.00,4.221,0.188,-0.101,1.2500,0.1960,-0.2400,292.580440,46.097389,15.065
9466668,K00939.04,Kepler-256 e,CONFIRMED,CANDIDATE,1.0000,0,0,0,0,10.681695100,5.1740000e-05,-5.1740000e-05,131.5508200,3.720000e-03,-3.720000e-03,0.6460,0.2740,-0.4250,3.60500,0.11000,-0.11000,3.0780e+02,1.460e+01,-1.460e+01,2.30,3.600e-01,-4.400e-01,897.0,,,152.75,68.50,-59.95,21.90,4,q1_q17_dr25_tce,5553.00,111.00,0.00,4.221,0.188,-0.101,1.2500,0.1960,-0.2400,292.580440,46.097389,15.065
9479273,K00940.01,Kepler-734 b,CONFIRMED,CANDIDATE,1.0000,0,0,0,0,6.104849417,2.7110000e-06,-2.7110000e-06,169.5734770,3.260000e-04,-3.260000e-04,0.0410,0.2050,-0.0410,4.69120,0.01430,-0.01430,2.0903e+03,8.100e+00,-8.100e+00,3.18,1.700e-01,-1.900e-01,784.0,,,89.25,17.97,-16.37,293.70,1,q1_q17_dr25_tce,5085.00,102.00,-102.00,4.584,0.048,-0.032,0.7120,0.0380,-0.0420,297.045620,46.027359,15.017
8359498,K00127.01,Kepler-77 b,CONFIRMED,CANDIDATE,0.9990,0,0,0,0,3.578780566,1.8300000e-07,-1.8300000e-07,134.0304187,4.210000e-05,-4.210000e-05,0.0790,0.0450,-0.0540,2.91089,0.00147,-0.00147,1.1382e+04,7.200e+00,-7.200e+00,10.43,6.200e-01,-6.200e-01,1145.0,,,406.60,87.15,-74.65,1838.40,1,q1_q17_dr25_tce,5524.00,110.00,-110.00,4.421,0.050,-0.045,0.9940,0.0590,-0.0590,289.607970,44.345421,13.938
9171801,K00933.01,,FALSE POSITIVE,FALSE POSITIVE,0.0000,0,1,1,0,3.187067566,8.7990000e-06,-8.7990000e-06,171.6497600,2.170000e-03,-2.170000e-03,1.2340,16.2200,-0.2160,3.11900,0.12400,-0.12400,1.0374e+03,3.450e+01,-3.450e+01,23.88,5.100e+00,-2.350e+00,1079.0,,,319.76,222.81,-92.63,37.20,1,q1_q17_dr25_tce,5450.00,197.00,-180.00,4.552,0.045,-0.135,0.8110,0.1730,-0.0800,297.788480,45.565418,15.653
9334289,K00934.01,Kepler-254 b,CONFIRMED,CANDIDATE,1.0000,0,0,0,0,5.826657508,6.4340000e-06,-6.4340000e-06,173.0114110,9.250000e-04,-9.250000e-04,0.0330,0.3350,-0.0330,2.91830,0.03210,-0.03210,1.5391e+03,2.090e+01,-2.090e+01,4.09,6.000e-01,-4.900e-01,1013.0,,,248.57,96.56,-67.24,81.10,1,q1_q17_dr25_tce,5561.00,75.00,-83.00,4.362,0.126,-0.103,1.0600,0.1560,-0.1270,288.164700,45.816509,15.843
9334289,K00934.02,Kepler-254 c,CONFIRMED,CANDIDATE,0.9980,0,0,0,0,12.412163470,5.7120000e-05,-5.7120000e-05,142.5403900,4.090000e-03,-4.090000e-03,0.0210,0.4380,-0.0210,3.73900,0.11100,-0.11100,6.1130e+02,2.600e+01,-2.600e+01,2.58,3.800e-01,-3.100e-01,787.0,,,90.65,35.21,-24.52,25.60,3,q1_q17_dr25_tce,5561.00,75.00,-83.00,4.362,0.126,-0.103,1.0600,0.1560,-0.1270,288.164700,45.816509,15.843
9334289,K00934.03,Kepler-254 d,CONFIRMED,CANDIDATE,1.0000,0,0,0,0,18.746490110,8.7630000e-05,-8.7630000e-05,147.1307400,3.760000e-03,-3.760000e-03,0.5080,0.0110,-0.4780,3.89500,0.12700,-0.12700,7.9680e+02,3.280e+01,-3.280e+01,3.05,4.500e-01,-3.700e-01,686.0,,,52.38,20.34,-14.17,26.70,2,q1_q17_dr25_tce,5561.00,75.00,-83.00,4.362,0.126,-0.103,1.0600,0.1560,-0.1270,288.164700,45.816509,15.843
9347899,K00935.01,Kepler-31 b,CONFIRMED,CANDIDATE,1.0000,0,0,0,0,20.860212290,2.3860000e-05,-2.3860000e-05,180.0177570,9.340000e-04,-9.340000e-04,0.0660,0.2530,-0.0650,5.19370,0.03350,-0.03350,1.9105e+03,1.750e+01,-1.750e+01,5.50,8.200e-01,-1.090e+00,781.0,,,87.76,37.54,-35.79,117.00,1,q1_q17_dr25_tce,6035.00,120.00,-120.00,4.220,0.168,-0.112,1.2570,0.1870,-0.2500,294.023010,45.853081,15.237
9347899,K00935.02,Kepler-31 c,CONFIRMED,CANDIDATE,1.0000,0,0,0,0,42.634278480,7.6740000e-05,-7.6740000e-05,141.1695400,1.510000e-03,-1.510000e-03,0.1420,0.1890,-0.1420,6.19980,0.05350,-0.05350,1.7193e+03,2.280e+01,-2.280e+01,5.22,7.800e-01,-1.030e+00,615.0,,,33.82,14.47,-13.79,78.70,2,q1_q17_dr25_tce,6035.00,120.00,-120.00,4.220,0.168,-0.112,1.2570,0.1870,-0.2500,294.023010,45.853081,15.237
9347899,K00935.03,Kepler-31 d,CONFIRMED,CANDIDATE,0.9730,0,0,0,0,87.647606800,4.1970000e-04,-4.1970000e-04,134.9422200,4.050000e-03,-4.050000e-03,0.1470,0.2760,-0.1470,8.87100,0.12800,-0.12800,1.0096e+03,2.740e+01,-2.740e+01,4.00,6.000e-01,-7.900e-01,484.0,,,12.94,5.54,-5.27,37.50,3,q1_q17_dr25_tce,6035.00,120.00,-120.00,4.220,0.168,-0.112,1.2570,0.1870,-0.2500,294.023010,45.853081,15.237
9347899,K00935.04,,CANDIDATE,CANDIDATE,0.9750,0,0,0,0,9.617314260,3.3500000e-05,-3.3500000e-05,142.4747900,2.840000e-03,-2.840000e-03,0.3310,0.0810,-0.3310,3.86920,0.07720,-0.07720,2.3400e+02,1.360e+01,-1.360e+01,1.94,2.900e-01,-3.800e-01,1010.0,,,246.13,105.29,-100.36,18.20,4,q1_q17_dr25_tce,6035.00,120.00,-120.00,4.220,0.168,-0.112,1.2570,0.1870,-0.2500,294.023010,45.853081,15.237
9388479,K00936.01,Kepler-732 b,CONFIRMED,CANDIDATE,0.9530,0,0,0,0,9.467821474,6.1290000e-06,-6.1290000e-06,178.4158420,5.170000e-04,-5.170000e-04,0.0810,0.2610,-0.0810,2.43270,0.02210,-0.02210,2.2370e+03,1.980e+01,-1.980e+01,2.13,1.900e-01,-2.500e-01,407.0,,,6.47,1.81,-1.94,124.70,1,q1_q17_dr25_tce,3582.00,71.00,-89.00,4.807,0.050,-0.045,0.4580,0.0400,-0.0550,283.732030,45.958771,15.073
9388479,K00936.02,Kepler-732 c,CONFIRMED,CANDIDATE,0.7040,0,0,0,0,0.893040969,4.6100000e-07,-4.6100000e-07,134.5403420,4.180000e-04,-4.180000e-04,0.0090,0.3980,-0.0090,1.09810,0.01590,-0.01590,7.4170e+02,1.020e+01,-1.020e+01,1.24,1.000e-01,-1.500e-01,893.0,,,151.14,42.14,-45.33,87.80,2,q1_q17_dr25_tce,3582.00,71.00,-89.00,4.807,0.050,-0.045,0.4580,0.0400,-0.0550,283.732030,45.958771,15.073
11359879,K00128.01,Kepler-15 b,CONFIRMED,CANDIDATE,0.9960,0,0,0,0,4.942783419,2.4700000e-07,-2.4700000e-07,136.3294353,4.070000e-05,-4.070000e-05,0.5660,0.0090,-0.0090,3.25346,0.00605,-0.00605,1.1145e+04,6.700e+00,-6.700e+00,10.62,1.440e+00,-7.300e-01,1008.0,,,244.42,94.02,-48.62,2040.70,1,q1_q17_dr25_tce,5514.00,98.00,-109.00,4.459,0.051,-0.110,0.9780,0.1330,-0.0670,296.200590,49.140121,13.758
9406990,K00937.01,Kepler-733 b,CONFIRMED,CANDIDATE,1.0000,0,0,0,0,20.834267310,5.3580000e-05,-5.3580000e-05,176.5856900,2.100000e-03,-2.100000e-03,0.2560,0.1660,-0.2560,4.04540,0.06940,-0.06940,9.8840e+02,2.500e+01,-2.500e+01,2.74,6.900e-01,-2.200e-01,595.0,,,29.62,22.56,-7.35,45.10,1,q1_q17_dr25_tce,5537.00,166.00,-166.00,4.549,0.030,-0.170,0.8800,0.2210,-0.0690,293.018280,45.914688,15.412
9415172,K00938.01,Kepler-255 c,CONFIRMED,CANDIDATE,1.0000,0,0,0,0,9.946023570,2.0700000e-05,-2.0700000e-05,171.7019200,1.650000e-03,-1.650000e-03,0.0350,0.4000,-0.0350,3.38620,0.05570,-0.05570,9.9450e+02,2.050e+01,-2.050e+01,3.12,4.400e-01,-4.300e-01,807.0,,,100.34,37.85,-30.34,51.00,1,q1_q17_dr25_tce,5344.00,80.00,-80.00,4.365,0.132,-0.096,1.0130,0.1410,-0.1410,296.064240,45.976841,15.596
9415172,K00938.02,Kepler-255 d,CONFIRMED,CANDIDATE,0.9980,0,0,0,0,1.045621950,2.7170000e-06,-2.7170000e-06,133.9191200,2.250000e-03,-2.250000e-03,0.0370,0.4250,-0.0370,1.89550,0.07250,-0.07250,2.1300e+02,9.700e+00,-9.700e+00,1.45,2.000e-01,-2.000e-01,1710.0,,,2031.84,766.47,-614.41,25.30,2,q1_q17_dr25_tce,5344.00,80.00,-80.00,4.365,0.132,-0.096,1.0130,0.1410,-0.1410,296.064240,45.976841,15.596
9415172,K00938.03,Kepler-255 b,CONFIRMED,CANDIDATE,0.9490,0,0,0,0,5.714623960,3.2500000e-05,-3.2500000e-05,132.6386600,4.320000e-03,-4.320000e-03,0.5030,0.4480,-0.2940,2.33600,0.12400,-0.12400,2.9780e+02,1.980e+01,-1.980e+01,1.78,2.400e-01,-2.500e-01,971.0,,,210.16,79.27,-63.55,16.70,3,q1_q17_dr25_tce,5344.00,80.00,-80.00,4.365,0.132,-0.096,1.0130,0.1410,-0.1410,296.064240,45.976841,15.596
9904059,K00145.01,,FALSE POSITIVE,FALSE POSITIVE,1.0000,0,1,0,0,102.964195200,5.7660000e-04,-5.7660000e-04,158.0747300,3.770000e-03,-3.770000e-03,0.9220,0.0050,-0.0070,15.73500,0.26300,-0.26300,1.8967e+03,2.730e+01,-2.730e+01,39.00,1.100e+00,-9.390e+00,797.0,,,95.40,8.70,-47.04,86.10,1,q1_q17_dr25_tce,5047.00,40.00,-160.00,3.066,0.033,-0.027,7.1190,0.2010,-1.7130,296.817720,46.781509,13.608
3231341,K01102.02,Kepler-24 b,CONFIRMED,CANDIDATE,1.0000,0,0,0,0,8.145159810,4.3800000e-05,-4.3800000e-05,140.5681100,4.190000e-03,-4.190000e-03,0.9650,0.0180,-0.5210,5.07300,0.51300,-0.51300,4.4680e+02,1.740e+01,-1.740e+01,3.43,5.000e-01,-7.000e-01,1050.0,,,287.91,122.25,-117.46,32.20,2,q1_q17_dr25_tce,5896.00,117.00,-105.00,4.197,0.195,-0.105,1.2400,0.1830,-0.2510,290.413270,38.343750,14.925
3231341,K01102.03,Kepler-24 e,CONFIRMED,CANDIDATE,1.0000,0,0,0,0,18.998527900,1.7990000e-04,-1.7990000e-04,144.7415700,7.460000e-03,-7.460000e-03,1.3000,73.1700,-6.9380,4.52900,0.33300,-0.33300,4.3070e+02,2.900e+01,-2.900e+01,43.17,6.370e+00,-8.740e+00,792.0,,,93.03,39.50,-37.96,16.90,3,q1_q17_dr25_tce,5896.00,117.00,-105.00,4.197,0.195,-0.105,1.2400,0.1830,-0.2510,290.413270,38.343750,14.925
3231341,K01102.04,Kepler-24 d,CONFIRMED,CANDIDATE,0.9990,0,0,0,0,4.244390490,2.7170000e-05,-2.7170000e-05,137.0664300,5.460000e-03,-5.460000e-03,0.9490,0.0000,-0.7110,3.28200,0.13500,-0.13500,1.7400e+02,1.270e+01,-1.270e+01,2.07,3.000e-01,-4.200e-01,1305.0,,,686.99,291.72,-280.28,15.10,5,q1_q17_dr25_tce,5896.00,117.00,-105.00,4.197,0.195,-0.105,1.2400,0.1830,-0.2510,290.413270,38.343750,14.925
2860866,K01103.01,,CANDIDATE,CANDIDATE,1.0000,0,0,0,0,90.124050700,4.4330000e-04,-4.4330000e-04,356.2341500,3.200000e-03,-3.200000e-03,0.6980,0.0790,-0.4150,11.64900,0.28000,-0.28000,3.0203e+03,5.750e+01,-5.750e+01,7.12,2.410e+00,-8.000e-01,485.0,,,13.09,13.03,-4.26,57.90,1,q1_q17_dr25_tce,6520.00,180.00,-248.00,4.375,0.056,-0.224,1.2150,0.4100,-0.1370,293.223910,38.033581,14.960
7626506,K00150.02,Kepler-112 c,CONFIRMED,CANDIDATE,1.0000,0,0,0,0,28.574269200,4.0600000e-05,-4.0600000e-05,143.8315000,1.130000e-03,-1.130000e-03,0.0680,0.3280,-0.0680,4.94270,0.04030,-0.04030,8.2490e+02,9.200e+00,-9.200e+00,2.32,1.900e-01,-2.000e-01,538.0,,,19.83,5.49,-4.56,97.10,2,q1_q17_dr25_tce,5551.00,111.00,-111.00,4.508,0.077,-0.063,0.8120,0.0700,-0.0700,296.981020,43.209751,13.771
10460629,K01168.01,,CANDIDATE,CANDIDATE,,0,0,0,0,856.672115000,9.5910000e-03,-9.5910000e-03,228.4498800,7.270000e-03,-7.270000e-03,0.1158,0.2441,-0.1157,23.14400,0.28700,-0.28700,8.5810e+02,2.770e+01,-2.770e+01,3.87,1.940e+00,-7.500e-01,242.0,,,0.81,1.22,-0.35,39.20,,,6449.00,163.00,-210.00,4.232,0.163,-0.270,1.3090,0.6560,-0.2540,287.586790,47.600021,13.997
10319385,K01169.01,,CANDIDATE,CANDIDATE,1.0000,0,0,0,0,0.689210173,4.5000000e-07,-4.5000000e-07,133.2858400,5.200000e-04,-5.200000e-04,0.1540,0.2710,-0.1540,1.61690,0.01790,-0.01790,1.9500e+02,2.400e+00,-2.400e+00,1.32,1.900e-01,-6.000e-02,1943.0,,,3362.71,1364.69,-528.86,93.40,1,q1_q17_dr25_tce,5630.00,100.00,-122.00,4.505,0.023,-0.128,0.9540,0.1380,-0.0390,281.551180,47.469959,13.248
10482160,K01170.01,Kepler-1739 b,CONFIRMED,CANDIDATE,0.9650,0,0,0,0,7.343739640,1.1340000e-05,-1.1340000e-05,137.2987400,1.280000e-03,-1.280000e-03,0.1850,0.2690,-0.1850,1.17840,0.04660,-0.04660,5.7440e+02,2.180e+01,-2.180e+01,1.84,4.000e-01,-1.400e-01,839.0,,,117.50,77.15,-27.07,32.20,1,q1_q17_dr25_tce,5757.00,155.00,-155.00,4.597,0.036,-0.144,0.7620,0.1680,-0.0560,296.232150,47.678959,14.657
10485069,K01171.01,,FALSE POSITIVE,FALSE POSITIVE,,1,0,0,1,0.445277068,1.4340000e-06,-1.4340000e-06,133.5231200,2.520000e-03,-2.520000e-03,1.2962,0.1082,-0.2590,3.53900,0.27600,-0.27600,1.8670e+02,7.800e+00,-7.800e+00,35.74,1.408e+01,-3.490e+00,2562.0,,,10177.11,11671.33,-2940.16,28.90,1,q1_q17_dr24_tce,6167.00,156.00,-205.00,4.444,0.045,-0.264,1.0640,0.4190,-0.1040,297.103490,47.643570,15.343
3233043,K00966.01,,FALSE POSITIVE,FALSE POSITIVE,0.0000,0,1,0,0,0.379463865,2.8000000e-08,-2.8000000e-08,170.2480164,6.010000e-05,-6.010000e-05,1.2460,0.6320,-0.0640,0.86896,0.00507,-0.00507,1.9733e+03,5.800e+00,-5.800e+00,59.56,3.457e+01,-3.805e+01,3000.0,,,19256.81,34212.39,-17030.52,458.60,1,q1_q17_dr25_tce,5075.00,136.00,-151.00,3.892,0.707,-0.303,1.7830,1.0350,-1.1390,290.911190,38.335579,13.787
6579806,K00967.01,,FALSE POSITIVE,FALSE POSITIVE,0.0000,0,1,0,0,9.880479780,1.5530000e-06,-1.5530000e-06,173.6086720,1.270000e-04,-1.270000e-04,1.0200,0.2370,-0.0410,2.78458,0.00644,-0.00644,1.8541e+04,3.660e+01,-3.660e+01,23.60,7.060e+00,-2.340e+00,860.0,,,129.45,113.32,-37.50,534.50,1,q1_q17_dr25_tce,6113.00,164.00,-200.00,4.512,0.052,-0.208,0.9170,0.2740,-0.0910,281.669160,42.038639,15.212
3560301,K00968.01,,FALSE POSITIVE,FALSE POSITIVE,0.0000,1,0,0,0,4.648415600,7.8450000e-05,-7.8450000e-05,261.0939500,7.770000e-03,-7.770000e-03,0.9680,0.0170,-0.0310,38.19390,0.00000,0.00000,1.2840e+02,2.400e+00,-2.400e+00,5.06,5.200e-01,-2.100e+00,2259.0,,,6152.88,2089.66,-4314.89,91.70,1,q1_q17_dr25_tce,6980.00,167.00,-230.00,3.577,0.352,-0.088,3.4820,0.3620,-1.4470,295.266820,38.611240,10.963
4044005,K00969.01,,FALSE POSITIVE,FALSE POSITIVE,0.0000,0,1,0,0,17.512014768,3.2160000e-06,-3.2160000e-06,174.2825920,1.430000e-04,-1.430000e-04,0.9940,0.2430,-0.0070,1.82480,0.00727,-0.00727,4.5117e+03,1.390e+01,-1.390e+01,13.66,4.260e+00,-2.300e+00,804.0,,,98.77,93.77,-40.37,322.30,1,q1_q17_dr25_tce,6224.00,197.00,-241.00,4.330,0.144,-0.192,1.1320,0.3530,-0.1900,287.616330,39.127239,12.336
11502218,K00970.01,,CANDIDATE,CANDIDATE,0.0000,0,0,0,0,3.988602100,8.0340000e-06,-8.0340000e-06,171.0185200,1.590000e-03,-1.590000e-03,0.0600,0.3640,-0.0600,1.73760,0.05880,-0.05880,6.7350e+02,2.180e+01,-2.180e+01,34.39,4.710e+00,-1.099e+01,3145.0,,,23135.72,8030.46,-13457.76,37.10,1,q1_q17_dr25_tce,4813.00,50.00,-121.00,2.472,0.156,-0.117,13.6520,1.8690,-4.3610,289.093230,49.424484,6.974
11180361,K00971.01,,CANDIDATE,CANDIDATE,1.0000,0,0,0,0,0.533059312,,,171.2274419,,,1.2630,,,1.86210,,,1.4958e+03,,,133.56,2.598e+01,-7.791e+01,5862.0,,,277887.70,170694.09,-236607.72,179.60,1,q1_q17_dr25_tce,8523.00,267.00,-326.00,3.559,0.639,-0.071,4.0510,0.7880,-2.3630,286.019200,48.866741,7.748
5802246,K01044.01,,FALSE POSITIVE,FALSE POSITIVE,0.0000,0,1,1,0,0.525154153,3.0800000e-07,-3.0800000e-07,133.7443590,5.040000e-04,-5.040000e-04,1.2260,0.4830,-0.1670,2.14410,0.02970,-0.02970,7.4750e+02,8.100e+00,-8.100e+00,23.61,5.280e+00,-2.850e+00,2073.0,,,4391.51,3014.22,-1350.21,116.10,1,q1_q17_dr25_tce,5582.00,169.00,-152.00,4.497,0.081,-0.150,0.8460,0.1890,-0.1020,295.098660,41.007038,15.058
6066403,K01045.01,,FALSE POSITIVE,FALSE POSITIVE,0.0000,0,0,1,1,1.303861044,1.1920000e-06,-1.1920000e-06,134.2120590,7.810000e-04,-7.810000e-04,1.2580,0.3340,-0.1780,4.05410,0.03790,-0.03790,5.9820e+02,5.100e+00,-5.100e+00,27.85,7.530e+00,-3.250e+00,1610.0,,,1595.19,1268.41,-478.56,140.60,1,q1_q17_dr25_tce,5758.00,155.00,-155.00,4.475,0.078,-0.182,0.9020,0.2440,-0.1050,298.135890,41.332062,13.555
6209637,K01046.01,,FALSE POSITIVE,FALSE POSITIVE,,0,0,0,0,0.734524960,,,133.4310800,,,,,,6.70000,,,,,,,,,,,,,,,,,,,,,,,,,,,293.287990,41.560455,13.220
5988031,K01047.01,,FALSE POSITIVE,FALSE POSITIVE,0.0000,0,0,1,0,2.555491760,3.0520000e-05,-3.0520000e-05,134.5007800,8.870000e-03,-8.870000e-03,1.2280,0.6110,-0.1070,9.08300,0.50700,-0.50700,1.1380e+02,5.600e+00,-5.600e+00,23.35,7.020e+00,-2.340e+00,1312.0,,,701.68,619.43,-198.24,24.30,1,q1_q17_dr25_tce,5948.00,161.00,-178.00,4.508,0.050,-0.200,0.9010,0.2710,-0.0900,298.773250,41.214729,14.554
7684873,K00014.01,,FALSE POSITIVE,FALSE POSITIVE,0.0000,0,1,0,0,2.947376671,3.2280000e-06,-3.2280000e-06,171.5229780,8.830000e-04,-8.830000e-04,2.6410,10.9900,-0.7070,2.09110,0.04370,-0.04370,4.3320e+02,8.500e+00,-8.500e+00,403.59,8.599e+01,-1.050e+02,2404.0,,,7903.84,5082.12,-4259.41,62.30,1,q1_q17_dr25_tce,8090.00,226.00,-340.00,4.002,0.198,-0.132,2.2340,0.4760,-0.5810,292.611940,43.305141,10.470
8559644,K00139.01,Kepler-111 c,CONFIRMED,CANDIDATE,1.0000,0,0,0,0,224.778935500,2.5690000e-04,-2.5690000e-04,142.0953380,9.210000e-04,-9.210000e-04,0.6520,0.0320,-0.0570,11.18990,0.09160,-0.09160,3.4875e+03,1.580e+01,-1.580e+01,7.67,1.330e+00,-1.200e+00,333.0,,,2.92,1.36,-1.02,235.70,1,q1_q17_dr25_tce,5873.00,93.00,-129.00,4.293,0.120,-0.120,1.2350,0.2130,-0.1940,291.653170,44.688271,13.492
2851100,K01104.01,,FALSE POSITIVE,FALSE POSITIVE,0.0000,0,1,1,0,0.890110752,2.2120000e-06,-2.2120000e-06,133.2647000,1.960000e-03,-1.960000e-03,0.2160,0.2510,-0.2160,0.87740,0.09420,-0.09420,3.2150e+02,2.380e+01,-2.380e+01,1.25,1.200e-01,-7.000e-02,1372.0,,,838.42,282.72,-175.25,19.60,1,q1_q17_dr25_tce,4768.00,143.00,-129.00,4.628,0.020,-0.060,0.7110,0.0640,-0.0430,291.170680,38.008591,15.723
3130300,K01105.01,,FALSE POSITIVE,FALSE POSITIVE,0.0000,0,0,1,0,5.765733960,2.5840000e-05,-2.5840000e-05,133.3094100,3.390000e-03,-3.390000e-03,0.7080,0.2250,-0.4970,2.92400,0.12200,-0.12200,2.4800e+02,1.320e+01,-1.320e+01,7.47,8.900e-01,-2.500e+00,1964.0,,,3518.78,1136.62,-2053.98,22.20,1,q1_q17_dr25_tce,5772.00,78.00,-86.00,3.364,0.256,-0.080,4.4340,0.5310,-1.4860,294.525570,38.204632,14.313
3240158,K01106.01,Kepler-769 b,CONFIRMED,CANDIDATE,1.0000,0,0,0,0,7.426081230,1.8800000e-05,-1.8800000e-05,139.9003900,2.050000e-03,-2.050000e-03,0.0970,0.3430,-0.0970,3.63790,0.06720,-0.06720,4.4330e+02,1.260e+01,-1.260e+01,2.47,3.900e-01,-2.300e-01,1037.0,,,273.78,110.12,-60.87,37.50,1,q1_q17_dr25_tce,6049.00,72.00,-91.00,4.353,0.076,-0.114,1.1760,0.1840,-0.1070,292.713100,38.358212,14.818
3240158,K01106.02,Kepler-769 c,CONFIRMED,CANDIDATE,0.9890,0,0,0,0,15.986893200,2.8280000e-04,-2.8280000e-04,137.5964000,1.520000e-02,-1.520000e-02,0.5330,0.0180,-0.4720,4.15800,0.53800,-0.53800,1.7850e+02,1.830e+01,-1.830e+01,1.62,2.500e-01,-1.500e-01,803.0,,,98.51,39.62,-21.90,10.90,2,q1_q17_dr25_tce,6049.00,72.00,-91.00,4.353,0.076,-0.114,1.1760,0.1840,-0.1070,292.713100,38.358212,14.818
3228959,K01107.01,,FALSE POSITIVE,FALSE POSITIVE,0.0000,1,0,1,0,0.730945890,2.4970000e-06,-2.4970000e-06,133.6887600,2.940000e-03,-2.940000e-03,1.1690,0.1110,-0.1780,4.32000,0.20000,-0.20000,2.5020e+02,8.300e+00,-8.300e+00,17.12,5.060e+00,-1.600e+00,1922.0,,,3248.17,2815.61,-909.69,37.50,1,q1_q17_dr25_tce,5901.00,158.00,-193.00,4.553,0.036,-0.204,0.8480,0.2510,-0.0790,289.796200,38.351181,15.401
3218908,K01108.01,Kepler-770 b,CONFIRMED,CANDIDATE,1.0000,0,0,0,0,18.925372460,5.2310000e-05,-5.2310000e-05,149.4955800,2.220000e-03,-2.220000e-03,0.8060,0.0250,-0.5560,3.98350,0.06830,-0.06830,6.4090e+02,1.650e+01,-1.650e+01,13.92,2.000e+00,-4.660e+00,1171.0,,,443.58,159.79,-265.44,41.00,1,q1_q17_dr25_tce,4941.00,49.00,-118.00,3.317,0.210,-0.105,4.8850,0.7010,-1.6360,286.490420,38.374908,14.604
10341913,K01172.01,,FALSE POSITIVE,FALSE POSITIVE,0.0000,1,0,1,1,0.933749106,1.1960000e-06,-1.1960000e-06,134.3183100,1.170000e-03,-1.170000e-03,0.7360,0.3570,-0.2260,4.25600,0.79600,-0.79600,1.8620e+02,1.280e+01,-1.280e+01,3.22,6.100e-01,-1.050e+00,2863.0,,,15822.49,9139.53,-9373.75,136.30,1,q1_q17_dr25_tce,6215.00,171.00,-171.00,3.849,0.293,-0.098,2.1880,0.4150,-0.7110,292.775880,47.461689,13.079
10480921,K01173.01,,FALSE POSITIVE,FALSE POSITIVE,0.0000,0,0,1,1,2.037440623,9.6760000e-06,-9.6760000e-06,133.5996200,3.900000e-03,-3.900000e-03,0.7150,0.2190,-0.4760,3.44200,0.12700,-0.12700,1.1860e+02,5.200e+00,-5.200e+00,1.19,3.600e-01,-1.600e-01,1572.0,,,1448.05,1305.68,-494.54,27.00,1,q1_q17_dr25_tce,6253.00,169.00,-207.00,4.415,0.087,-0.203,1.0150,0.3120,-0.1340,295.795260,47.663960,14.187
10287723,K01174.01,,CANDIDATE,CANDIDATE,,0,0,0,0,129995.778400000,0.0000000e+00,0.0000000e+00,393.5996200,3.050000e-03,-3.050000e-03,0.7127,0.1831,-0.1239,9.40800,0.19800,-0.19800,1.4749e+03,4.680e+01,-4.680e+01,2.99,1.600e-01,-2.100e-01,25.0,,,0.00,0.00,0.00,35.70,,,4500.00,153.00,-119.00,4.572,0.042,-0.028,0.7260,0.0390,-0.0520,296.821620,47.354031,13.447
10350571,K01175.01,Kepler-784 b,CONFIRMED,CANDIDATE,0.9940,0,0,0,0,31.592580900,4.3710000e-04,-4.3710000e-04,142.9649000,1.200000e-02,-1.200000e-02,0.2830,0.1440,-0.2830,13.56600,0.36700,-0.36700,1.4510e+02,6.100e+00,-6.100e+00,1.78,2.800e-01,-4.100e-01,688.0,,,53.09,23.51,-23.96,25.50,2,q1_q17_dr25_tce,5676.00,115.00,-104.00,4.100,0.203,-0.087,1.4870,0.2290,-0.3440,295.920650,47.448608,13.290
10350571,K01175.02,Kepler-784 c,CONFIRMED,CANDIDATE,0.9970,0,0,0,0,17.157236000,1.8620000e-04,-1.8620000e-04,133.6895100,8.990000e-03,-8.990000e-03,0.2380,0.2180,-0.2380,11.28400,0.24800,-0.24800,1.1040e+02,5.000e+00,-5.000e+00,1.55,2.400e-01,-3.600e-01,844.0,,,119.87,53.10,-54.09,23.60,1,q1_q17_dr25_tce,5676.00,115.00,-104.00,4.100,0.203,-0.087,1.4870,0.2290,-0.3440,295.920650,47.448608,13.290
3749365,K01176.01,Kepler-785 b,CONFIRMED,CANDIDATE,0.9980,0,0,0,0,1.973760850,9.9000000e-08,-9.9000000e-08,178.6894194,4.010000e-05,-4.010000e-05,0.3370,0.2250,-0.1650,1.82542,0.00776,-0.00776,3.0222e+04,3.130e+01,-3.130e+01,8.78,1.430e+00,-2.130e+00,753.0,,,76.10,62.11,-44.33,1252.50,1,q1_q17_dr25_tce,3807.00,291.00,-291.00,4.762,0.120,-0.080,0.5030,0.0820,-0.1220,292.068300,38.842270,15.715
11013201,K00972.01,,CANDIDATE,CANDIDATE,0.6320,0,0,0,0,13.118962443,6.0390000e-06,-6.0390000e-06,261.5394340,3.290000e-04,-3.290000e-04,0.0420,0.2710,-0.0420,4.30450,0.01220,-0.01220,3.7220e+02,1.500e+00,-1.500e+00,8.25,4.500e-01,-2.500e+00,1768.0,,,2310.43,419.83,-1290.11,267.40,1,q1_q17_dr25_tce,7221.00,114.00,-171.00,3.488,0.272,-0.048,4.2400,0.2270,-1.2840,282.000310,48.542221,9.275
11673674,K00133.01,,FALSE POSITIVE,FALSE POSITIVE,0.0000,0,1,1,1,4.618767792,2.7370000e-06,-2.7370000e-06,133.3865350,4.850000e-04,-4.850000e-04,0.7660,0.0120,-0.0190,5.99570,0.04610,-0.04610,4.3991e+03,1.840e+01,-1.840e+01,7.48,2.170e+00,-1.170e+00,1170.0,,,442.78,377.78,-163.58,270.10,1,q1_q17_dr25_tce,6013.00,163.00,-181.00,4.381,0.128,-0.192,1.0330,0.3000,-0.1610,297.310060,49.703041,13.652
11013201,K00972.02,,CANDIDATE,CANDIDATE,0.0000,0,0,0,0,7.821873280,2.2420000e-05,-2.2420000e-05,123.4990700,2.480000e-03,-2.480000e-03,0.0050,0.3970,-0.0050,3.84170,0.07070,-0.07070,4.2200e+01,1.300e+00,-1.300e+00,2.78,1.500e-01,-8.400e-01,2101.0,,,4601.71,836.19,-2569.52,37.20,2,q1_q17_dr25_tce,7221.00,114.00,-171.00,3.488,0.272,-0.048,4.2400,0.2270,-1.2840,282.000310,48.542221,9.275
9414417,K00974.01,,CANDIDATE,CANDIDATE,0.9990,0,0,0,0,53.505761100,1.5960000e-04,-1.5960000e-04,172.9830400,2.480000e-03,-2.480000e-03,0.4600,0.0020,-0.4410,10.56160,0.07700,-0.07700,1.9560e+02,3.100e+00,-3.100e+00,2.52,1.600e-01,-1.200e-01,675.0,,,49.16,9.16,-6.52,71.20,1,q1_q17_dr25_tce,6247.00,75.00,-69.00,4.016,0.030,-0.027,1.7620,0.1120,-0.0840,295.802670,45.988079,9.582
3632418,K00975.01,Kepler-21 b,CONFIRMED,CANDIDATE,1.0000,0,0,0,0,2.785821236,5.2580000e-06,-5.2580000e-06,260.8373100,1.380000e-03,-1.380000e-03,0.8930,0.0050,-0.6440,3.55990,0.04160,-0.04160,6.8900e+01,1.500e+00,-1.500e+00,1.69,1.100e-01,-9.000e-02,1784.0,,,2388.98,468.82,-366.72,53.60,1,q1_q17_dr25_tce,6202.00,74.00,-83.00,4.026,0.033,-0.027,1.7330,0.1180,-0.0950,287.361820,38.714016,8.224
3441784,K00976.01,,FALSE POSITIVE,FALSE POSITIVE,0.0000,0,1,0,0,52.569018670,5.4750000e-05,-5.4750000e-05,184.9712670,8.370000e-04,-8.370000e-04,1.1970,6.7080,-0.0130,6.75070,0.04980,-0.04980,2.6900e+04,1.740e+02,-1.740e+02,78.54,2.585e+01,-1.107e+01,737.0,,,69.62,67.51,-27.31,184.30,1,q1_q17_dr25_tce,7240.00,200.00,-343.00,4.178,0.072,-0.203,1.7170,0.5650,-0.2420,290.944370,38.538868,9.729
5820218,K01048.01,,FALSE POSITIVE,FALSE POSITIVE,0.0000,0,0,1,0,3.411758679,9.5640000e-06,-9.5640000e-06,133.1808600,2.240000e-03,-2.240000e-03,1.2130,12.1100,-0.0900,3.15800,0.11800,-0.11800,5.7060e+02,1.920e+01,-1.920e+01,14.71,1.420e+00,-2.120e+00,684.0,,,51.85,18.70,-18.94,35.60,1,q1_q17_dr25_tce,3995.00,126.00,-140.00,4.710,0.071,-0.044,0.5610,0.0540,-0.0810,298.991700,41.074989,15.258
5876368,K01049.01,,FALSE POSITIVE,FALSE POSITIVE,0.0000,0,1,1,1,0.525426427,4.2600000e-07,-4.2600000e-07,133.1879010,6.550000e-04,-6.550000e-04,0.1130,0.3570,-0.1130,1.08010,0.02580,-0.02580,3.2460e+02,6.600e+00,-6.600e+00,1.45,3.300e-01,-1.300e-01,2069.0,,,4349.62,2913.03,-1157.64,63.60,1,q1_q17_dr25_tce,5791.00,155.00,-173.00,4.575,0.038,-0.152,0.8020,0.1810,-0.0720,291.821810,41.112690,14.797
5809890,K01050.01,Kepler-755 b,CONFIRMED,CANDIDATE,1.0000,0,0,0,0,1.269091415,1.0110000e-06,-1.0110000e-06,133.3436820,6.800000e-04,-6.800000e-04,0.4120,0.0510,-0.3980,1.46470,0.02540,-0.02540,3.4090e+02,5.600e+00,-5.600e+00,1.41,1.000e-01,-6.000e-02,1331.0,,,740.47,170.73,-121.46,73.50,1,q1_q17_dr25_tce,5041.00,100.00,-100.00,4.576,0.028,-0.048,0.7660,0.0510,-0.0370,296.860990,41.097340,13.999
5809890,K01050.02,Kepler-755 c,CONFIRMED,CANDIDATE,1.0000,0,0,0,0,2.853133997,4.3560000e-06,-4.3560000e-06,133.7967800,1.290000e-03,-1.290000e-03,0.6980,0.0160,-0.5030,1.46500,0.04340,-0.04340,2.7710e+02,8.300e+00,-8.300e+00,1.36,1.000e-01,-6.000e-02,1016.0,,,251.77,58.05,-41.30,39.70,2,q1_q17_dr25_tce,5041.00,100.00,-100.00,4.576,0.028,-0.048,0.7660,0.0510,-0.0370,296.860990,41.097340,13.999
6131236,K01051.01,Kepler-1734 b,CONFIRMED,CANDIDATE,1.0000,0,0,0,0,6.796853530,2.2470000e-05,-2.2470000e-05,138.1132400,2.970000e-03,-2.970000e-03,0.6200,0.3300,-0.3890,3.17020,0.08350,-0.08350,3.9310e+02,1.490e+01,-1.490e+01,2.01,6.200e-01,-2.000e-01,985.0,,,222.91,206.66,-65.90,29.80,1,q1_q17_dr25_tce,6061.00,180.00,-198.00,4.486,0.050,-0.200,0.9700,0.3000,-0.1000,294.163210,41.451801,15.391
9048161,K00146.01,,FALSE POSITIVE,FALSE POSITIVE,0.0000,0,1,1,1,8.667822346,6.0200000e-06,-6.0200000e-06,137.3418410,5.720000e-04,-5.720000e-04,1.2760,0.3750,-0.1590,4.96580,0.02730,-0.02730,2.1219e+03,1.360e+01,-1.360e+01,67.37,1.641e+01,-3.046e+01,1303.0,,,681.39,505.26,-502.55,187.60,1,q1_q17_dr25_tce,6266.00,189.00,-207.00,3.923,0.443,-0.148,1.8890,0.4600,-0.8540,299.399720,45.316051,13.030
3218908,K01108.02,Kepler-770 c,CONFIRMED,CANDIDATE,0.9930,0,0,0,0,1.475323222,4.3920000e-06,-4.3920000e-06,131.8327200,2.570000e-03,-2.570000e-03,0.1360,0.3390,-0.1360,2.31550,0.07350,-0.07350,1.5490e+02,6.500e+00,-6.500e+00,5.88,8.500e-01,-1.970e+00,2740.0,,,13331.51,4802.54,-7977.74,27.20,3,q1_q17_dr25_tce,4941.00,49.00,-118.00,3.317,0.210,-0.105,4.8850,0.7010,-1.6360,286.490420,38.374908,14.604
3218908,K01108.03,Kepler-770 d,CONFIRMED,CANDIDATE,1.0000,0,0,0,0,4.152461180,1.5840000e-05,-1.5840000e-05,134.5799100,3.240000e-03,-3.240000e-03,0.6390,0.2800,-0.4480,2.57550,0.09010,-0.09010,2.2340e+02,9.900e+00,-9.900e+00,7.62,1.090e+00,-2.550e+00,1941.0,,,3354.56,1208.44,-2007.41,24.50,4,q1_q17_dr25_tce,4941.00,49.00,-118.00,3.317,0.210,-0.105,4.8850,0.7010,-1.6360,286.490420,38.374908,14.604
3235672,K01109.01,,FALSE POSITIVE,FALSE POSITIVE,,1,0,0,0,6.721078300,,,134.7775984,,,,,,7.46000,,,,,,,,,,,,,,,,,,,,,,,,,,,291.606900,38.348061,14.792
2837111,K01110.01,Kepler-771 b,CONFIRMED,CANDIDATE,0.9950,0,0,0,0,8.734885200,4.4250000e-05,-4.4250000e-05,135.0818000,4.340000e-03,-4.340000e-03,0.3140,0.1330,-0.3140,4.49000,0.13000,-0.13000,2.7070e+02,1.170e+01,-1.170e+01,1.59,5.200e-01,-1.700e-01,890.0,,,148.62,142.27,-45.37,24.80,1,q1_q17_dr25_tce,5982.00,160.00,-195.00,4.493,0.054,-0.216,0.9600,0.3140,-0.1050,287.444090,38.088428,14.794
3120276,K01111.01,,FALSE POSITIVE,FALSE POSITIVE,0.0000,0,0,1,1,10.265476880,5.8870000e-05,-5.8870000e-05,136.4966300,4.750000e-03,-4.750000e-03,0.6900,0.2480,-0.4570,3.73300,0.15700,-0.15700,3.9960e+02,2.290e+01,-2.290e+01,1.81,5.000e-01,-1.500e-01,770.0,,,83.13,67.14,-21.50,20.10,1,q1_q17_dr25_tce,5699.00,152.00,-169.00,4.553,0.033,-0.187,0.8530,0.2350,-0.0730,292.279050,38.284531,15.212
2307199,K00151.01,,CANDIDATE,CANDIDATE,0.7520,0,0,0,0,13.447179100,1.2470000e-05,-1.2470000e-05,132.8305550,7.700000e-04,-7.700000e-04,0.9630,0.0130,-0.0080,3.04540,0.05460,-0.05460,1.4282e+03,2.110e+01,-2.110e+01,5.24,1.640e+00,-7.000e-01,848.0,,,122.34,112.28,-42.14,105.30,1,q1_q17_dr25_tce,6276.00,169.00,-206.00,4.405,0.087,-0.203,1.0410,0.3260,-0.1400,292.374760,37.630959,14.000
3547091,K01177.01,,FALSE POSITIVE,FALSE POSITIVE,0.0000,0,1,0,0,3.305577989,7.1110000e-06,-7.1110000e-06,180.6815400,1.700000e-03,-1.700000e-03,1.1450,7.0900,-0.6560,2.59030,0.08490,-0.08490,1.7971e+04,5.380e+02,-5.380e+02,25.89,4.320e+00,-2.020e+00,1027.0,,,263.55,139.50,-64.68,39.60,1,q1_q17_dr25_tce,5534.00,163.00,-163.00,4.629,0.035,-0.112,0.7070,0.1180,-0.0550,292.078490,38.631481,15.537
3869825,K01178.01,,FALSE POSITIVE,FALSE POSITIVE,0.0000,0,1,0,0,4.800653901,4.1420000e-06,-4.1420000e-06,134.3657820,7.450000e-04,-7.450000e-04,0.7850,0.0060,-0.0070,9.04190,0.05500,-0.05500,1.5304e+04,6.370e+01,-6.370e+01,16.91,6.010e+00,-2.000e+00,1347.0,,,778.45,793.72,-255.78,298.00,1,q1_q17_dr25_tce,6715.00,161.00,-241.00,4.347,0.056,-0.224,1.2410,0.4410,-0.1470,296.133910,38.999008,13.320
3655332,K01179.01,,FALSE POSITIVE,FALSE POSITIVE,0.0000,0,1,1,1,15.066499010,1.2000000e-05,-1.2000000e-05,140.6547880,6.510000e-04,-6.510000e-04,1.0180,1.8730,-0.1010,5.98850,0.04870,-0.04870,3.6348e+04,2.850e+02,-2.850e+02,56.44,9.300e+00,-1.395e+01,932.0,,,177.96,76.69,-82.41,154.60,1,q1_q17_dr25_tce,5751.00,77.00,-77.00,4.028,0.210,-0.090,1.6260,0.2680,-0.4020,293.925990,38.737980,13.855
4042026,K01180.01,,FALSE POSITIVE,FALSE POSITIVE,0.0000,0,1,0,0,34.820081580,1.2400000e-05,-1.2400000e-05,163.0155590,2.910000e-04,-2.910000e-04,0.6630,0.0060,-0.0030,11.17110,0.02160,-0.02160,1.8848e+04,2.580e+01,-2.580e+01,11.36,1.160e+00,-1.160e+00,459.0,,,10.49,3.84,-2.91,882.60,1,q1_q17_dr25_tce,5114.00,153.00,-138.00,4.522,0.084,-0.063,0.7840,0.0800,-0.0800,286.869260,39.103729,15.187
3344419,K01181.01,,FALSE POSITIVE,FALSE POSITIVE,0.0000,1,0,0,1,0.651784374,1.9300000e-07,-1.9300000e-07,133.1117070,2.330000e-04,-2.330000e-04,1.2240,0.5080,-0.0930,2.01410,0.01440,-0.01440,2.7793e+03,1.480e+01,-1.480e+01,33.65,8.940e+00,-5.490e+00,2090.0,,,4500.59,3611.67,-1708.30,195.20,2,q1_q17_dr25_tce,5555.00,166.00,-166.00,4.375,0.135,-0.180,1.0610,0.2820,-0.1730,291.999880,38.437698,14.997
11192141,K00977.01,,FALSE POSITIVE,FALSE POSITIVE,1.0000,0,1,0,0,1.353771892,3.7510000e-06,-3.7510000e-06,261.4366200,2.000000e-03,-2.000000e-03,1.2030,0.5600,-0.1370,7.01200,0.21200,-0.21200,1.3491e+03,2.330e+01,-2.330e+01,430.99,1.361e+02,-4.862e+01,4903.0,,,136609.48,117403.45,-34984.84,76.70,1,q1_q17_dr25_tce,4283.00,77.00,-60.00,2.012,0.112,-0.137,15.7600,4.9780,-1.7780,292.719640,48.852016,10.523
11494130,K00978.01,,FALSE POSITIVE,FALSE POSITIVE,0.0000,1,0,0,0,18.954916330,5.7990000e-05,-5.7990000e-05,262.4667700,2.170000e-03,-2.170000e-03,1.2280,0.2490,-0.1100,24.24900,0.13200,-0.13200,8.6750e+02,4.300e+00,-4.300e+00,71.39,8.600e+00,-2.006e+01,1139.0,,,397.48,143.16,-206.57,249.30,1,q1_q17_dr25_tce,6362.00,129.00,-116.00,3.761,0.225,-0.075,2.5340,0.3050,-0.7120,284.026790,49.415428,10.988
5648449,K00979.01,,FALSE POSITIVE,FALSE POSITIVE,0.0000,0,1,0,0,4.348866254,7.7730000e-06,-7.7730000e-06,262.7276800,1.280000e-03,-1.280000e-03,1.1870,7.0120,-0.2530,3.27970,0.07410,-0.07410,6.2560e+02,1.330e+01,-1.330e+01,2436.69,4.975e+02,-8.085e+02,6421.0,,,401588.95,232894.16,-237326.16,56.30,1,q1_q17_dr25_tce,3598.00,78.00,-78.00,0.650,0.258,-0.211,101.4510,20.7140,-33.6600,298.804110,40.843563,10.680
12167361,K00980.01,,FALSE POSITIVE,FALSE POSITIVE,0.0000,0,1,0,0,47.930945460,1.9040000e-05,-1.9040000e-05,179.0964670,3.280000e-04,-3.280000e-04,1.2720,2.3250,-0.1880,2.68970,0.01600,-0.01600,2.1444e+03,1.080e+01,-1.080e+01,68.02,1.594e+01,-1.449e+01,905.0,,,158.41,110.58,-75.58,221.10,1,q1_q17_dr25_tce,8214.00,226.00,-340.00,4.104,0.145,-0.145,1.9380,0.4540,-0.4130,295.598720,50.720669,10.376
8607720,K00981.01,,FALSE POSITIVE,FALSE POSITIVE,,1,0,0,0,3.997514220,8.4330000e-05,-8.4330000e-05,261.7243000,1.520000e-02,-1.520000e-02,0.0303,0.4566,-0.0298,3.68600,0.83200,-0.83200,3.2800e+01,7.000e+00,-7.000e+00,2.98,6.000e-02,-6.000e-02,2203.0,,,5563.95,576.45,-530.81,6.10,,,5066.00,75.00,-75.00,3.122,0.008,-0.008,5.3240,0.1070,-0.1070,283.736420,44.713310,10.733
1433962,K00982.01,,FALSE POSITIVE,FALSE POSITIVE,0.0000,0,1,1,1,1.592633181,,,133.9243804,,,0.0030,,,5.56050,,,6.3310e+02,,,1.56,1.300e-01,-1.200e-01,1053.0,,,290.51,87.21,-73.46,66.90,1,q1_q17_dr25_tce,4506.00,121.00,-135.00,4.626,0.042,-0.028,0.6510,0.0530,-0.0530,291.761960,37.098640,15.470
9032900,K00134.01,,CONFIRMED,CANDIDATE,0.0000,0,0,0,0,67.592375400,5.3350000e-04,-5.3350000e-04,151.7505600,5.350000e-03,-5.350000e-03,0.7280,0.0170,-0.4510,12.24900,0.33200,-0.33200,4.1581e+03,7.970e+01,-7.970e+01,12.10,2.250e+00,-2.760e+00,588.0,,,28.20,14.74,-12.70,60.90,2,q1_q17_dr25_tce,6038.00,120.00,-120.00,4.082,0.180,-0.120,1.7440,0.3250,-0.3980,295.586580,45.364979,13.675
5956342,K01052.01,Kepler-265 c,CONFIRMED,CANDIDATE,1.0000,0,0,0,0,17.029027860,7.5320000e-05,-7.5320000e-05,143.3339500,3.880000e-03,-3.880000e-03,0.2020,0.2510,-0.2020,4.64500,0.11300,-0.11300,5.6890e+02,2.050e+01,-2.050e+01,2.54,3.800e-01,-4.100e-01,755.0,,,76.66,31.49,-26.50,29.80,1,q1_q17_dr25_tce,5839.00,105.00,-105.00,4.327,0.156,-0.104,1.0670,0.1560,-0.1720,290.510470,41.244820,15.381
5956342,K01052.02,Kepler-265 b,CONFIRMED,CANDIDATE,0.9450,0,0,0,0,6.846192360,4.0360000e-05,-4.0360000e-05,132.1726500,5.280000e-03,-5.280000e-03,0.0770,0.3880,-0.0770,3.52900,0.14500,-0.14500,2.4680e+02,1.520e+01,-1.520e+01,1.67,2.500e-01,-2.700e-01,1022.0,,,258.41,106.17,-89.32,17.70,2,q1_q17_dr25_tce,5839.00,105.00,-105.00,4.327,0.156,-0.104,1.0670,0.1560,-0.1720,290.510470,41.244820,15.381
5956342,K01052.03,Kepler-265 e,CONFIRMED,CANDIDATE,0.7650,0,0,0,0,67.832163800,9.1190000e-04,-9.1190000e-04,125.8810000,1.200000e-02,-1.200000e-02,0.0270,0.4100,-0.0270,7.35800,0.25400,-0.25400,5.0780e+02,3.330e+01,-3.330e+01,2.39,3.500e-01,-3.800e-01,476.0,,,12.14,4.99,-4.19,15.50,3,q1_q17_dr25_tce,5839.00,105.00,-105.00,4.327,0.156,-0.104,1.0670,0.1560,-0.1720,290.510470,41.244820,15.381
5956342,K01052.04,Kepler-265 d,CONFIRMED,CANDIDATE,0.8150,0,0,0,0,43.131214700,3.5820000e-04,-3.5820000e-04,166.2610500,7.850000e-03,-7.850000e-03,0.6700,0.2920,-0.4430,3.19800,0.18300,-0.18300,4.4780e+02,3.960e+01,-3.960e+01,2.39,3.500e-01,-3.900e-01,554.0,,,22.21,9.13,-7.67,11.80,4,q1_q17_dr25_tce,5839.00,105.00,-105.00,4.327,0.156,-0.104,1.0670,0.1560,-0.1720,290.510470,41.244820,15.381
5956656,K01053.01,Kepler-756 b,CONFIRMED,CANDIDATE,0.9990,0,0,0,0,1.224866441,4.1350000e-06,-4.1350000e-06,133.2082400,2.570000e-03,-2.570000e-03,0.2860,0.1720,-0.2860,1.70860,0.08410,-0.08410,1.9600e+02,1.090e+01,-1.090e+01,1.54,2.300e-01,-2.200e-01,1741.0,,,2174.33,833.59,-669.43,21.10,1,q1_q17_dr25_tce,5553.00,74.00,-74.00,4.320,0.137,-0.100,1.1070,0.1610,-0.1610,290.607940,41.201092,15.376
3109930,K01112.01,Kepler-1736 b,CONFIRMED,CANDIDATE,0.9310,0,0,0,0,37.810264900,2.1470000e-04,-2.1470000e-04,158.3579900,4.790000e-03,-4.790000e-03,0.0610,0.3370,-0.0610,8.73300,0.13200,-0.13200,5.7030e+02,1.820e+01,-1.820e+01,2.33,7.200e-01,-2.900e-01,566.0,,,24.27,22.61,-7.99,35.20,1,q1_q17_dr25_tce,6085.00,182.00,-200.00,4.451,0.081,-0.202,0.9730,0.3020,-0.1210,289.776700,38.262280,14.633
2854914,K01113.01,Kepler-268 b,CONFIRMED,CANDIDATE,1.0000,0,0,0,0,25.934064060,7.9120000e-05,-7.9120000e-05,149.7627300,2.640000e-03,-2.640000e-03,0.0140,0.4090,-0.0140,4.61420,0.07320,-0.07320,4.1450e+02,1.100e+01,-1.100e+01,2.48,4.200e-01,-3.400e-01,695.0,,,55.10,26.40,-17.40,42.20,1,q1_q17_dr25_tce,5952.00,119.00,-119.00,4.287,0.120,-0.120,1.2250,0.2070,-0.1700,291.976170,38.055080,13.703
2854914,K01113.02,Kepler-268 c,CONFIRMED,CANDIDATE,0.9120,0,0,0,0,83.446348500,3.6950000e-04,-3.6950000e-04,158.6806100,3.900000e-03,-3.900000e-03,0.0580,0.3690,-0.0570,6.53600,0.12100,-0.12100,5.0300e+02,1.500e+01,-1.500e+01,2.73,4.700e-01,-3.700e-01,471.0,,,11.59,5.56,-3.66,36.10,2,q1_q17_dr25_tce,5952.00,119.00,-119.00,4.287,0.120,-0.120,1.2250,0.2070,-0.1700,291.976170,38.055080,13.703
3337425,K01114.01,,FALSE POSITIVE,FALSE POSITIVE,0.0000,0,0,1,1,7.047100320,2.5880000e-05,-2.5880000e-05,139.7973700,3.280000e-03,-3.280000e-03,1.1950,53.6700,-0.1250,2.92600,0.15200,-0.15200,4.0090e+02,1.950e+01,-1.950e+01,25.20,6.770e+00,-3.940e+00,986.0,,,223.84,177.07,-82.81,24.00,1,q1_q17_dr25_tce,5766.00,156.00,-173.00,4.363,0.132,-0.181,1.0680,0.2870,-0.1670,290.134920,38.404221,14.928
3116412,K01115.01,Kepler-772 b,CONFIRMED,CANDIDATE,0.9890,0,0,0,0,12.992048530,5.1570000e-05,-5.1570000e-05,136.3201600,2.940000e-03,-2.940000e-03,0.0910,0.3470,-0.0910,6.01750,0.09630,-0.09630,2.7060e+02,8.000e+00,-8.000e+00,2.03,3.000e-01,-3.400e-01,866.0,,,132.94,56.49,-48.16,38.70,1,q1_q17_dr25_tce,5765.00,105.00,-116.00,4.236,0.168,-0.112,1.2420,0.1880,-0.2090,291.423580,38.216591,13.974
3865567,K01182.01,,FALSE POSITIVE,FALSE POSITIVE,0.0000,0,1,1,0,11.116202110,1.2100000e-05,-1.2100000e-05,133.1005750,9.460000e-04,-9.460000e-04,0.9370,0.0460,-0.0210,4.21100,0.07870,-0.07870,4.8439e+03,6.730e+01,-6.730e+01,8.96,2.490e+00,-1.060e+00,853.0,,,125.21,104.54,-41.16,115.30,1,q1_q17_dr25_tce,6122.00,183.00,-220.00,4.471,0.048,-0.192,0.9960,0.2760,-0.1180,295.291930,38.964588,15.380
3544689,K01183.01,,FALSE POSITIVE,FALSE POSITIVE,0.0000,0,1,1,1,1.922861499,2.0100000e-06,-2.0100000e-06,134.6586440,8.500000e-04,-8.500000e-04,0.9430,0.0050,-0.0040,3.57340,0.05810,-0.05810,1.9162e+03,3.120e+01,-3.120e+01,5.09,1.210e+00,-4.400e-01,1392.0,,,884.12,621.75,-236.53,103.40,1,q1_q17_dr25_tce,5778.00,154.00,-188.00,4.531,0.030,-0.170,0.9110,0.2170,-0.0780,291.445070,38.637211,14.942
4037164,K01184.01,,FALSE POSITIVE,FALSE POSITIVE,0.0000,0,1,1,1,0.635445336,2.0100000e-07,-2.0100000e-07,134.1840370,2.770000e-04,-2.770000e-04,1.2530,0.9140,-0.1280,1.85920,0.01540,-0.01540,2.5474e+03,1.530e+01,-1.530e+01,19.00,1.900e+00,-2.520e+00,1177.0,,,451.42,177.73,-162.78,182.20,1,q1_q17_dr25_tce,3920.00,141.00,-156.00,4.700,0.071,-0.033,0.5500,0.0550,-0.0730,285.080260,39.182110,15.432
3443790,K01185.01,,FALSE POSITIVE,FALSE POSITIVE,0.0000,0,1,1,0,1.665784138,6.9300000e-07,-6.9300000e-07,133.8630280,3.520000e-04,-3.520000e-04,1.2700,3.0960,-0.1040,1.89460,0.01820,-0.01820,2.0062e+03,1.520e+01,-1.520e+01,97.27,1.614e+01,-3.763e+01,2636.0,,,11424.49,5918.75,-7549.72,148.00,1,q1_q17_dr25_tce,6261.00,175.00,-159.00,3.686,0.323,-0.108,2.7890,0.4630,-1.0790,291.476290,38.500580,11.840
3966912,K01186.01,,FALSE POSITIVE,FALSE POSITIVE,0.0000,0,1,1,0,55.663916700,3.5430000e-04,-3.5430000e-04,156.3501700,5.430000e-03,-5.430000e-03,1.2980,5.1170,-0.1610,23.54600,0.27100,-0.27100,3.4144e+03,3.880e+01,-3.880e+01,34.14,8.440e+00,-3.600e+00,434.0,,,8.38,6.29,-2.43,103.40,1,q1_q17_dr25_tce,5587.00,166.00,-166.00,4.528,0.055,-0.165,0.8530,0.2110,-0.0900,294.740540,39.015511,15.593
8394721,K00152.01,Kepler-79 d,CONFIRMED,CANDIDATE,0.9940,0,0,0,0,52.090816270,4.2060000e-05,-4.2060000e-05,158.7446650,6.700000e-04,-6.700000e-04,0.0650,0.1130,-0.0650,8.63880,0.02280,-0.02280,2.8941e+03,1.260e+01,-1.260e+01,7.14,1.330e+00,-1.090e+00,592.0,,,29.07,14.87,-9.97,243.50,1,q1_q17_dr25_tce,6198.00,111.00,-136.00,4.237,0.130,-0.117,1.3240,0.2470,-0.2020,300.517120,44.381580,13.914
11607193,K00983.01,,FALSE POSITIVE,FALSE POSITIVE,,0,0,0,0,7.154860800,6.8910000e-05,-6.8910000e-05,266.0484700,6.230000e-03,-6.230000e-03,0.9848,0.1273,-0.0388,7.69400,0.36300,-0.36300,7.8040e+02,4.250e+01,-4.250e+01,7.41,5.460e+00,-9.900e-01,1482.0,,,1141.57,2736.28,-422.47,24.20,,,7443.00,226.00,-320.00,4.166,0.080,-0.414,1.7390,1.2800,-0.2320,289.874110,49.685490,12.616
1161345,K00984.01,Kepler-1973 b,CONFIRMED,CANDIDATE,0.7110,0,0,0,0,4.287466680,1.5240000e-05,-1.5240000e-05,262.0624500,2.110000e-03,-2.110000e-03,0.3740,0.0830,-0.3740,1.56930,0.07850,-0.07850,7.9010e+02,4.970e+01,-4.970e+01,2.29,2.200e-01,-1.000e-01,942.0,,,186.31,56.73,-28.39,19.40,1,q1_q17_dr25_tce,5296.00,105.00,-105.00,4.576,0.015,-0.085,0.8150,0.0800,-0.0340,291.048800,36.839882,11.631
10227501,K00985.01,,FALSE POSITIVE,FALSE POSITIVE,0.0000,0,0,1,0,2.002779769,7.6470000e-06,-7.6470000e-06,261.9579100,2.620000e-03,-2.620000e-03,0.2420,0.2150,-0.2420,2.23100,0.11000,-0.11000,2.6050e+02,1.370e+01,-1.370e+01,1.42,2.900e-01,-1.900e-01,1311.0,,,696.40,432.41,-232.91,22.20,1,q1_q17_dr25_tce,5346.00,159.00,-159.00,4.440,0.135,-0.180,0.8920,0.1790,-0.1190,298.447750,47.264999,14.606
2854698,K00986.01,Kepler-260 b,CONFIRMED,CANDIDATE,1.0000,0,0,0,0,8.187394430,1.9440000e-05,-1.9440000e-05,260.8693100,1.720000e-03,-1.720000e-03,0.3770,0.0700,-0.3770,3.04720,0.05960,-0.05960,5.1760e+02,1.470e+01,-1.470e+01,1.92,1.300e-01,-1.400e-01,782.0,,,88.36,20.32,-18.50,38.40,1,q1_q17_dr25_tce,5251.00,105.00,-105.00,4.494,0.072,-0.048,0.8490,0.0560,-0.0630,291.925960,38.014118,14.138
2854698,K00986.02,Kepler-260 c,CONFIRMED,CANDIDATE,0.8810,0,0,0,0,76.049816300,8.7760000e-04,-8.7760000e-04,161.7144500,9.320000e-03,-9.320000e-03,0.0150,0.4640,-0.0150,7.15800,0.33100,-0.33100,4.4590e+02,2.770e+01,-2.770e+01,1.75,1.100e-01,-1.300e-01,372.0,,,4.53,1.04,-0.95,17.40,2,q1_q17_dr25_tce,5251.00,105.00,-105.00,4.494,0.072,-0.048,0.8490,0.0560,-0.0630,291.925960,38.014118,14.138
8559644,K00139.02,Kepler-111 b,CONFIRMED,CANDIDATE,1.0000,0,0,0,0,3.341799486,4.9540000e-06,-4.9540000e-06,141.3547200,1.230000e-03,-1.230000e-03,0.4260,0.4530,-0.2710,2.92540,0.03490,-0.03490,1.7820e+02,4.000e+00,-4.000e+00,1.67,2.900e-01,-2.600e-01,1356.0,,,798.41,370.35,-279.35,48.80,2,q1_q17_dr25_tce,5873.00,93.00,-129.00,4.293,0.120,-0.120,1.2350,0.2130,-0.1940,291.653170,44.688271,13.492
6032981,K01054.01,,FALSE POSITIVE,FALSE POSITIVE,,1,0,0,0,3.322694800,2.9750000e-04,-2.9750000e-04,134.4440000,3.380000e-02,-3.380000e-02,0.4722,0.0095,-0.4661,3.56800,0.82200,-0.82200,7.8700e+01,1.720e+01,-1.720e+01,15.33,2.900e+00,-8.170e+00,3859.0,,,52428.30,25780.62,-42182.54,8.60,,,5234.00,70.00,-142.00,2.410,0.255,-0.114,16.9590,3.2110,-9.0380,288.682590,41.307320,11.899
5866099,K01055.01,,FALSE POSITIVE,FALSE POSITIVE,0.0000,0,1,1,1,36.977088080,8.5050000e-05,-8.5050000e-05,133.6268100,1.950000e-03,-1.950000e-03,1.2460,70.6000,-0.1020,4.73700,0.10100,-0.10100,1.2699e+03,2.550e+01,-2.550e+01,38.60,1.156e+01,-1.156e+01,602.0,,,31.08,28.03,-17.42,59.20,1,q1_q17_dr25_tce,5589.00,169.00,-152.00,4.193,0.300,-0.200,1.2390,0.3710,-0.3710,288.442870,41.172180,13.698
5964985,K01056.01,,FALSE POSITIVE,FALSE POSITIVE,,0,0,0,0,1.851409163,9.6930000e-06,-9.6930000e-06,133.1799500,4.880000e-03,-4.880000e-03,1.1117,0.1313,-0.0722,10.23200,0.25700,-0.25700,2.3250e+02,4.500e+00,-4.500e+00,20.42,9.550e+00,-4.140e+00,2154.0,,,5090.14,7186.45,-2346.70,54.40,,,7117.00,204.00,-287.00,4.176,0.157,-0.263,1.4690,0.6870,-0.2980,293.273500,41.257690,13.473
6066416,K01057.01,,FALSE POSITIVE,FALSE POSITIVE,0.0000,0,0,1,1,1.303859704,4.5450000e-06,-4.5450000e-06,134.2120100,3.300000e-03,-3.300000e-03,0.6740,0.2390,-0.4290,2.82390,0.08290,-0.08290,3.6700e+01,1.300e+00,-1.300e+00,0.98,2.000e-01,-2.500e-01,2393.0,,,7759.20,4785.96,-3960.18,34.70,1,q1_q17_dr25_tce,6802.00,183.00,-224.00,4.103,0.221,-0.119,1.5210,0.3130,-0.3830,298.137940,41.334358,11.558
1996679,K00147.01,,FALSE POSITIVE,FALSE POSITIVE,0.0000,0,1,1,0,145.562492600,3.4260000e-04,-3.4260000e-04,146.0588000,1.880000e-03,-1.880000e-03,1.2740,70.8600,-0.5290,5.41260,0.09760,-0.09760,2.9316e+03,5.710e+01,-5.710e+01,40.15,1.209e+01,-6.530e+00,387.0,,,5.33,4.70,-2.06,58.10,1,q1_q17_dr25_tce,6148.00,165.00,-202.00,4.346,0.128,-0.192,1.0950,0.3300,-0.1780,286.490720,37.489979,13.884
2849805,K01116.01,Kepler-773 b,CONFIRMED,CANDIDATE,1.0000,0,0,0,0,3.749105745,7.0110000e-06,-7.0110000e-06,135.1083700,1.490000e-03,-1.490000e-03,0.9420,0.0210,-0.6820,1.98260,0.03710,-0.03710,1.8260e+02,5.700e+00,-5.700e+00,1.68,2.600e-01,-1.300e-01,1160.0,,,428.25,181.87,-94.92,38.00,1,q1_q17_dr25_tce,5751.00,104.00,-115.00,4.447,0.063,-0.117,0.9830,0.1490,-0.0800,290.884670,38.057571,13.333
3114811,K01117.01,Kepler-774 b,CONFIRMED,CANDIDATE,1.0000,0,0,0,0,11.089566020,4.3970000e-05,-4.3970000e-05,141.7614200,3.380000e-03,-3.380000e-03,0.0200,0.4320,-0.0200,6.28770,0.09650,-0.09650,1.4810e+02,4.400e+00,-4.400e+00,3.51,3.600e-01,-1.010e+00,1422.0,,,965.62,306.50,-510.73,38.90,1,q1_q17_dr25_tce,6353.00,128.00,-115.00,3.698,0.248,-0.078,2.8670,0.2950,-0.8260,291.031920,38.211960,12.808
2853446,K01118.01,,CANDIDATE,CANDIDATE,1.0000,0,0,0,0,7.372903440,2.7320000e-05,-2.7320000e-05,137.6099100,3.220000e-03,-3.220000e-03,0.9930,0.0390,-0.7140,2.17200,0.20800,-0.20800,2.0520e+02,1.220e+01,-1.220e+01,2.67,4.200e-01,-3.100e-01,1004.0,,,240.11,104.98,-69.08,19.10,1,q1_q17_dr25_tce,5973.00,107.00,-131.00,4.371,0.099,-0.121,1.0700,0.1680,-0.1260,291.650970,38.028179,13.835
3003992,K01119.01,,FALSE POSITIVE,FALSE POSITIVE,0.0000,0,0,0,1,7.244761260,2.3020000e-05,-2.3020000e-05,139.1049700,2.340000e-03,-2.340000e-03,0.0400,0.4230,-0.0400,2.31450,0.08170,-0.08170,5.8000e+01,2.400e+00,-2.400e+00,0.65,1.400e-01,-7.000e-02,837.0,,,116.02,76.73,-36.24,27.20,1,q1_q17_dr25_tce,5370.00,187.00,-187.00,4.494,0.074,-0.137,0.8740,0.1780,-0.0960,294.490110,38.194126,11.157
3942446,K01193.01,,CANDIDATE,CANDIDATE,1.0000,0,0,0,0,119.062488200,1.4790000e-04,-1.4790000e-04,149.2222300,1.040000e-03,-1.040000e-03,0.9680,0.4230,-0.0450,3.11880,0.05890,-0.05890,5.3723e+03,9.410e+01,-9.410e+01,10.40,2.820e+00,-1.890e+00,366.0,,,4.26,3.51,-1.74,71.60,1,q1_q17_dr25_tce,5697.00,173.00,-173.00,4.392,0.171,-0.190,0.9200,0.2500,-0.1670,287.888120,39.078709,15.289
3554031,K01194.01,Kepler-415 c,CONFIRMED,CANDIDATE,1.0000,0,0,0,0,8.707983090,2.9270000e-05,-2.9270000e-05,363.0563800,2.290000e-03,-2.290000e-03,0.0630,0.4180,-0.0630,2.49040,0.08050,-0.08050,1.4196e+03,5.360e+01,-5.360e+01,2.01,1.500e-01,-6.000e-02,543.0,,,20.59,5.20,-2.59,28.10,1,q1_q17_dr25_tce,4362.00,87.00,-78.00,4.722,0.012,-0.051,0.5540,0.0420,-0.0170,293.804410,38.639130,15.842
3554031,K01194.02,,CANDIDATE,CANDIDATE,0.0000,0,0,0,0,14.862307600,1.3040000e-04,-1.3040000e-04,354.5729700,6.850000e-03,-6.850000e-03,0.3240,0.1430,-0.3240,3.16100,0.21300,-0.21300,8.4000e+02,6.250e+01,-6.250e+01,1.57,1.200e-01,-5.000e-02,454.0,,,10.08,2.55,-1.26,14.40,3,q1_q17_dr25_tce,4362.00,87.00,-78.00,4.722,0.012,-0.051,0.5540,0.0420,-0.0170,293.804410,38.639130,15.842
3554031,K01194.03,Kepler-415 b,CONFIRMED,CANDIDATE,0.9990,0,0,0,0,4.176342760,2.4260000e-05,-2.4260000e-05,352.9967400,3.920000e-03,-3.920000e-03,0.1420,0.3120,-0.1420,2.33500,0.12800,-0.12800,5.3150e+02,3.930e+01,-3.930e+01,1.23,1.000e-01,-3.000e-02,694.0,,,54.80,13.83,-6.90,14.90,2,q1_q17_dr25_tce,4362.00,87.00,-78.00,4.722,0.012,-0.051,0.5540,0.0420,-0.0170,293.804410,38.639130,15.842
8394721,K00152.02,Kepler-79 c,CONFIRMED,CANDIDATE,1.0000,0,0,0,0,27.402298590,5.1360000e-05,-5.1360000e-05,133.6284000,1.500000e-03,-1.500000e-03,0.0220,0.2960,-0.0220,6.84910,0.04790,-0.04790,7.4750e+02,1.000e+01,-1.000e+01,3.63,6.700e-01,-5.600e-01,734.0,,,68.46,35.02,-23.47,79.30,3,q1_q17_dr25_tce,6198.00,111.00,-136.00,4.237,0.130,-0.117,1.3240,0.2470,-0.2020,300.517120,44.381580,13.914
7295235,K00987.01,Kepler-743 b,CONFIRMED,CANDIDATE,1.0000,0,0,0,0,3.179267286,3.2550000e-06,-3.2550000e-06,261.8416070,7.640000e-04,-7.640000e-04,0.1710,0.2740,-0.1710,1.02460,0.02870,-0.02870,2.0090e+02,6.000e+00,-6.000e+00,1.21,1.400e-01,-6.000e-02,1101.0,,,347.01,118.28,-58.22,41.00,1,q1_q17_dr25_tce,5511.00,98.00,-120.00,4.554,0.018,-0.102,0.8570,0.1010,-0.0400,295.574160,42.806438,12.550
2302548,K00988.01,Kepler-261 b,CONFIRMED,CANDIDATE,1.0000,0,0,0,0,10.381224470,2.1310000e-05,-2.1310000e-05,268.0242100,1.490000e-03,-1.490000e-03,0.3190,0.1170,-0.3190,2.71500,0.05520,-0.05520,8.0150e+02,2.150e+01,-2.150e+01,2.18,1.500e-01,-1.000e-01,672.0,,,48.37,11.58,-7.64,41.90,1,q1_q17_dr25_tce,5095.00,101.00,-101.00,4.566,0.032,-0.052,0.7800,0.0550,-0.0350,291.364780,37.609169,13.562
2302548,K00988.02,Kepler-261 c,CONFIRMED,CANDIDATE,1.0000,0,0,0,0,24.570902300,1.0090000e-04,-1.0090000e-04,135.8720900,3.300000e-03,-3.300000e-03,0.9450,0.0090,-0.6740,3.58700,0.18100,-0.18100,7.6420e+02,3.170e+01,-3.170e+01,2.82,2.000e-01,-1.200e-01,505.0,,,15.33,3.68,-2.42,26.30,2,q1_q17_dr25_tce,5095.00,101.00,-101.00,4.566,0.032,-0.052,0.7800,0.0550,-0.0350,291.364780,37.609169,13.562
10743597,K00989.01,,FALSE POSITIVE,FALSE POSITIVE,,0,0,0,0,81.221876000,1.9150000e-04,-1.9150000e-04,184.2616400,1.280000e-03,-1.280000e-03,1.0100,1.5220,-0.1118,4.11350,0.07420,-0.07420,9.8830e+03,1.740e+02,-1.740e+02,16.59,6.950e+00,-1.270e+00,385.0,,,5.20,6.62,-1.24,63.00,,,5619.00,173.00,-156.00,4.536,0.030,-0.291,0.8740,0.3660,-0.0670,296.382290,48.045311,15.488
10743597,K00989.02,,FALSE POSITIVE,FALSE POSITIVE,0.0000,0,0,1,1,0.817026268,4.3500000e-07,-4.3500000e-07,132.8352390,4.580000e-04,-4.580000e-04,0.0100,0.2790,-0.0100,2.07990,0.01560,-0.01560,1.1455e+03,1.080e+01,-1.080e+01,2.92,8.300e-01,-2.600e-01,1784.0,,,2386.13,2041.12,-634.48,121.10,1,q1_q17_dr25_tce,5619.00,169.00,-169.00,4.536,0.035,-0.196,0.8740,0.2480,-0.0780,296.382290,48.045311,15.488
9818381,K00135.01,Kepler-43 b,CONFIRMED,CANDIDATE,1.0000,0,0,0,0,3.024092505,2.2500000e-07,-2.2500000e-07,132.4168573,6.220000e-05,-6.220000e-05,0.4240,0.0310,-0.0460,2.80210,0.01030,-0.01030,7.7650e+03,8.600e+00,-8.600e+00,12.14,7.900e-01,-9.500e-01,1489.0,,,1162.54,252.01,-267.02,1225.30,1,q1_q17_dr25_tce,6063.00,108.00,-145.00,4.261,0.055,-0.045,1.3580,0.0880,-0.1070,285.240840,46.668251,13.958
6124941,K01058.01,,FALSE POSITIVE,FALSE POSITIVE,1.0000,0,0,1,0,5.670155713,5.4410000e-06,-5.4410000e-06,136.2017390,7.770000e-04,-7.770000e-04,1.2670,66.5600,-0.2250,0.93610,0.06080,-0.06080,5.3670e+02,1.960e+01,-1.960e+01,5.85,2.810e+00,-1.220e+00,341.0,,,3.21,4.86,-1.33,37.30,1,q1_q17_dr25_tce,3337.00,115.00,-57.00,5.126,0.104,-0.127,0.1830,0.0880,-0.0380,292.261810,41.442554,13.783
6060203,K01059.01,Kepler-757 b,CONFIRMED,CANDIDATE,1.0000,0,0,0,0,1.022678654,2.7120000e-06,-2.7120000e-06,133.4542200,2.230000e-03,-2.230000e-03,0.0190,0.4500,-0.0190,1.37120,0.07270,-0.07270,1.2920e+02,7.200e+00,-7.200e+00,1.14,1.300e-01,-1.600e-01,1734.0,,,2138.47,685.73,-647.56,21.60,1,q1_q17_dr25_tce,5366.00,80.00,-72.00,4.363,0.138,-0.080,1.0200,0.1180,-0.1450,296.680450,41.386520,14.803
5880320,K01060.01,Kepler-758 b,CONFIRMED,CANDIDATE,1.0000,0,0,0,0,12.109687090,6.2320000e-05,-6.2320000e-05,140.2125800,3.860000e-03,-3.860000e-03,0.9240,0.0040,-0.6610,6.34610,0.09540,-0.09540,2.8470e+02,8.900e+00,-8.900e+00,2.98,4.600e-01,-6.900e-01,1005.0,,,240.80,106.82,-109.94,33.40,1,q1_q17_dr25_tce,6021.00,120.00,-120.00,4.093,0.195,-0.105,1.4580,0.2260,-0.3390,293.084630,41.135441,14.348
5880320,K01060.02,Kepler-758 c,CONFIRMED,CANDIDATE,0.7580,0,0,0,0,4.757961030,3.4480000e-05,-3.4480000e-05,137.6963600,6.180000e-03,-6.180000e-03,0.6210,0.3180,-0.3910,4.66000,0.15700,-0.15700,1.2450e+02,6.500e+00,-6.500e+00,1.70,2.700e-01,-3.900e-01,1372.0,,,835.65,370.70,-381.50,20.90,2,q1_q17_dr25_tce,6021.00,120.00,-120.00,4.093,0.195,-0.105,1.4580,0.2260,-0.3390,293.084630,41.135441,14.348
5880320,K01060.03,Kepler-758 d,CONFIRMED,CANDIDATE,1.0000,0,0,0,0,20.497275500,3.3400000e-04,-3.3400000e-04,147.4389400,9.680000e-03,-9.680000e-03,0.9660,0.0150,-0.6730,8.53600,0.40600,-0.40600,2.4290e+02,1.200e+01,-1.200e+01,2.96,4.600e-01,-6.900e-01,843.0,,,119.42,52.97,-54.52,22.80,3,q1_q17_dr25_tce,6021.00,120.00,-120.00,4.093,0.195,-0.105,1.4580,0.2260,-0.3390,293.084630,41.135441,14.348
3003992,K01119.02,,FALSE POSITIVE,FALSE POSITIVE,0.0000,0,0,1,0,13.554805340,7.9200000e-05,-7.9200000e-05,139.8160900,5.410000e-03,-5.410000e-03,0.4970,0.4570,-0.2980,2.28800,0.17200,-0.17200,4.8300e+01,3.600e+00,-3.600e+00,0.62,1.200e-01,-7.000e-02,679.0,,,50.41,33.33,-15.75,16.50,2,q1_q17_dr25_tce,5370.00,187.00,-187.00,4.494,0.074,-0.137,0.8740,0.1780,-0.0960,294.490110,38.194126,11.157
6307537,K01120.01,,FALSE POSITIVE,FALSE POSITIVE,0.0000,0,1,0,0,29.744546680,2.6970000e-05,-2.6970000e-05,172.3866520,7.150000e-04,-7.150000e-04,0.3370,0.0120,-0.0150,23.28420,0.05370,-0.05370,6.6894e+04,1.030e+02,-1.030e+02,20.06,1.580e+00,-1.580e+00,455.0,,,10.10,3.54,-2.65,765.00,1,q1_q17_dr25_tce,4889.00,186.00,-169.00,4.569,0.036,-0.054,0.7880,0.0620,-0.0620,297.757080,41.680454,11.753
6359798,K01121.01,,FALSE POSITIVE,FALSE POSITIVE,0.0000,0,1,0,0,14.154024280,2.0240000e-06,-2.0240000e-06,140.6984660,1.160000e-04,-1.160000e-04,1.1000,0.0210,-0.0320,4.47001,0.00600,-0.00600,6.1625e+04,7.690e+01,-7.690e+01,53.25,8.430e+00,-5.180e+00,777.0,,,86.13,37.91,-21.41,930.30,1,q1_q17_dr25_tce,5850.00,105.00,-117.00,4.404,0.080,-0.120,1.0370,0.1640,-0.1010,290.352940,41.769741,12.932
6311681,K01122.01,,FALSE POSITIVE,FALSE POSITIVE,0.0000,0,1,1,0,0.844786082,3.4700000e-07,-3.4700000e-07,134.2169870,3.510000e-04,-3.510000e-04,1.2970,0.2540,-0.2070,3.52890,0.02170,-0.02170,2.4685e+03,1.230e+01,-1.230e+01,35.27,9.140e+00,-4.930e+00,1864.0,,,2846.03,2234.43,-983.23,245.60,1,q1_q17_dr25_tce,5705.00,172.00,-172.00,4.452,0.098,-0.182,0.9150,0.2370,-0.1280,298.711520,41.635792,15.363
6365321,K01123.01,,FALSE POSITIVE,FALSE POSITIVE,0.0010,0,1,0,0,0.848483947,2.2400000e-07,-2.2400000e-07,133.5853010,2.120000e-04,-2.120000e-04,1.2640,2.3580,-0.0960,1.44510,0.01270,-0.01270,1.9074e+03,1.290e+01,-1.290e+01,32.11,1.012e+01,-3.360e+00,1908.0,,,3117.82,2903.46,-918.80,185.00,1,q1_q17_dr25_tce,5941.00,166.00,-187.00,4.504,0.040,-0.216,0.9360,0.2950,-0.0980,292.236790,41.739300,15.323
6301035,K01124.01,,FALSE POSITIVE,FALSE POSITIVE,0.0000,0,1,1,1,11.990975760,2.1200000e-05,-2.1200000e-05,143.2843700,1.460000e-03,-1.460000e-03,1.2690,17.7900,-0.1010,5.74010,0.07260,-0.07260,2.1243e+03,2.480e+01,-2.480e+01,37.47,1.115e+01,-6.850e+00,880.0,,,141.63,128.26,-59.57,102.80,1,q1_q17_dr25_tce,6110.00,192.00,-213.00,4.352,0.149,-0.182,1.0720,0.3190,-0.1960,296.298550,41.602718,14.977
3859079,K01199.01,Kepler-786 b,CONFIRMED,CANDIDATE,1.0000,0,0,0,0,53.529270200,2.6830000e-04,-2.6830000e-04,147.8646400,3.490000e-03,-3.490000e-03,0.3460,0.1040,-0.3460,5.66800,0.12200,-0.12200,1.0861e+03,3.570e+01,-3.570e+01,2.28,1.500e-01,-8.000e-02,348.0,,,3.48,0.79,-0.49,34.50,1,q1_q17_dr25_tce,4736.00,94.00,-94.00,4.624,0.012,-0.048,0.7080,0.0460,-0.0250,293.743930,38.939281,14.887
3557493,K01200.01,,FALSE POSITIVE,FALSE POSITIVE,,0,0,0,1,0.393726813,3.8700000e-07,-3.8700000e-07,133.3103960,8.300000e-04,-8.300000e-04,1.1898,0.1972,-0.0608,2.95000,0.09990,-0.09990,5.6460e+02,8.700e+00,-8.700e+00,24.17,1.039e+01,-2.300e+00,2705.0,,,12661.53,16030.98,-3683.52,64.80,,,6277.00,164.00,-222.00,4.449,0.049,-0.291,1.0310,0.4430,-0.0980,294.651210,38.636459,15.025
4061149,K01201.01,Kepler-1741 b,CONFIRMED,CANDIDATE,1.0000,0,0,0,0,2.757584622,6.9350000e-06,-6.9350000e-06,133.0501700,2.090000e-03,-2.090000e-03,0.0930,0.3520,-0.0930,0.92670,0.07930,-0.07930,5.6310e+02,3.700e+01,-3.700e+01,1.01,1.100e-01,-1.300e-01,615.0,,,33.79,10.93,-10.56,19.60,1,q1_q17_dr25_tce,3683.00,73.00,-88.00,4.840,0.050,-0.055,0.4240,0.0450,-0.0550,292.577030,39.120880,15.597
3444588,K01202.01,Kepler-787 b,CONFIRMED,CANDIDATE,0.9900,0,0,0,0,0.928310036,2.1610000e-06,-2.1610000e-06,133.8035800,1.850000e-03,-1.850000e-03,0.1810,0.2770,-0.1810,1.18990,0.06170,-0.06170,3.7620e+02,2.050e+01,-2.050e+01,1.16,5.000e-02,-6.000e-02,1115.0,,,365.72,66.38,-61.12,22.60,1,q1_q17_dr25_tce,4109.00,82.00,-82.00,4.672,0.022,-0.025,0.6020,0.0270,-0.0300,291.692470,38.572899,15.854
8394721,K00152.03,Kepler-79 b,CONFIRMED,CANDIDATE,1.0000,0,0,0,0,13.484576680,2.3000000e-05,-2.3000000e-05,136.6180800,1.320000e-03,-1.320000e-03,0.0110,0.3190,-0.0110,5.01970,0.03950,-0.03950,6.5350e+02,8.800e+00,-8.800e+00,3.39,6.300e-01,-5.200e-01,929.0,,,176.29,90.17,-60.44,80.80,2,q1_q17_dr25_tce,6198.00,111.00,-136.00,4.237,0.130,-0.117,1.3240,0.2470,-0.2020,300.517120,44.381580,13.914
3962243,K01203.01,Kepler-276 c,CONFIRMED,CANDIDATE,0.9990,0,0,0,0,31.884147300,2.0990000e-04,-2.0990000e-04,160.2069600,4.530000e-03,-4.530000e-03,0.9380,0.0070,-0.6820,6.12200,0.21700,-0.21700,9.1000e+02,3.740e+01,-3.740e+01,3.70,6.000e-01,-2.000e-01,563.0,,,23.82,10.12,-3.76,25.30,1,q1_q17_dr25_tce,5779.00,78.00,-86.00,4.477,0.032,-0.128,0.9740,0.1580,-0.0530,293.568150,39.036320,15.368
10743597,K00989.03,,CANDIDATE,CANDIDATE,,0,0,0,0,16.158111120,7.3930000e-05,-7.3930000e-05,143.0023300,3.630000e-03,-3.630000e-03,1.8572,0.0984,-0.5537,6.04900,0.18700,-0.18700,2.3198e+03,6.810e+01,-6.810e+01,86.13,3.608e+01,-6.600e+00,660.0,,,44.83,57.04,-10.68,52.80,1,q1_q17_dr24_tce,5619.00,173.00,-156.00,4.536,0.030,-0.291,0.8740,0.3660,-0.0670,296.382290,48.045311,15.488
10015516,K00990.01,,FALSE POSITIVE,FALSE POSITIVE,,0,0,0,0,67.692139070,6.0200000e-05,-6.0200000e-05,138.5341710,7.010000e-04,-7.010000e-04,0.5581,0.0024,-0.0028,51.34900,0.04280,-0.04280,2.5457e+04,7.780e+01,-7.780e+01,175.98,7.271e+01,-1.102e+02,1173.0,,,448.21,536.28,-396.39,1328.20,,,5355.00,129.00,-246.00,2.754,0.587,-0.176,10.7030,4.4220,-6.7050,293.473630,46.970402,10.700
10154388,K00991.01,Kepler-744 b,CONFIRMED,CANDIDATE,0.9990,0,0,0,0,12.062229620,2.7500000e-05,-2.7500000e-05,138.2222900,1.770000e-03,-1.770000e-03,0.3920,0.0440,-0.3920,2.05840,0.05720,-0.05720,3.0020e+02,1.080e+01,-1.080e+01,1.62,2.100e-01,-1.300e-01,750.0,,,74.80,27.47,-17.09,32.40,1,q1_q17_dr25_tce,5547.00,99.00,-110.00,4.451,0.076,-0.093,0.9330,0.1200,-0.0800,296.496120,47.182861,13.581
1432789,K00992.01,Kepler-745 b,CONFIRMED,CANDIDATE,0.8480,0,0,0,0,9.931463070,5.1860000e-05,-5.1860000e-05,136.4912800,4.420000e-03,-4.420000e-03,0.0370,0.4080,-0.0370,5.67800,0.12700,-0.12700,3.9860e+02,1.640e+01,-1.640e+01,2.41,3.900e-01,-3.500e-01,931.0,,,177.83,74.92,-54.50,26.20,1,q1_q17_dr25_tce,5782.00,78.00,-78.00,4.280,0.137,-0.112,1.2200,0.1960,-0.1760,291.499420,37.059280,15.214
1718189,K00993.01,Kepler-262 c,CONFIRMED,CANDIDATE,1.0000,0,0,0,0,21.853629050,9.2260000e-05,-9.2260000e-05,144.3203100,3.790000e-03,-3.790000e-03,0.6760,0.0350,-0.5110,3.43900,0.10800,-0.10800,3.5560e+02,1.670e+01,-1.670e+01,1.75,4.700e-01,-1.600e-01,618.0,,,34.57,26.70,-8.92,23.00,1,q1_q17_dr25_tce,5830.00,146.00,-161.00,4.540,0.044,-0.187,0.8760,0.2340,-0.0780,290.728670,37.252651,14.246
5880320,K01060.04,Kepler-758 e,CONFIRMED,CANDIDATE,0.8840,0,0,0,0,8.193450650,7.0890000e-05,-7.0890000e-05,138.9961700,6.680000e-03,-6.680000e-03,0.8150,0.1490,-0.5760,5.23400,0.20700,-0.20700,1.1540e+02,7.600e+00,-7.600e+00,1.74,2.700e-01,-4.000e-01,1144.0,,,405.75,180.00,-185.24,15.70,4,q1_q17_dr25_tce,6021.00,120.00,-120.00,4.093,0.195,-0.105,1.4580,0.2260,-0.3390,293.084630,41.135441,14.348
5130369,K00140.01,,FALSE POSITIVE,FALSE POSITIVE,0.0000,0,1,1,1,19.978670000,5.8700000e-05,-5.8700000e-05,137.1706100,2.400000e-03,-2.400000e-03,0.9230,0.0060,-0.0110,10.16800,0.17800,-0.17800,9.4430e+02,1.300e+01,-1.300e+01,6.85,2.900e+00,-1.560e+00,1351.0,,,788.02,997.18,-402.86,86.20,1,q1_q17_dr25_tce,9651.00,272.00,-467.00,4.229,0.126,-0.234,1.8950,0.8030,-0.4320,299.153530,40.286961,13.849
6037187,K01061.01,Kepler-759 b,CONFIRMED,CANDIDATE,1.0000,0,0,0,0,41.805954400,2.1530000e-04,-2.1530000e-04,142.8191900,4.560000e-03,-4.560000e-03,0.0290,0.4280,-0.0290,6.05700,0.14700,-0.14700,4.3440e+02,1.780e+01,-1.780e+01,2.02,6.100e-01,-2.600e-01,533.0,,,19.02,16.84,-6.42,28.30,1,q1_q17_dr25_tce,5907.00,159.00,-195.00,4.445,0.084,-0.196,0.9730,0.2940,-0.1260,290.131500,41.381500,14.502
6147122,K01062.01,,FALSE POSITIVE,FALSE POSITIVE,0.0000,0,1,1,0,15.451581840,8.5220000e-05,-8.5220000e-05,142.2109600,4.260000e-03,-4.260000e-03,0.6360,0.2970,-0.4080,2.40600,0.14700,-0.14700,8.5300e+01,5.100e+00,-5.100e+00,2.02,4.900e-01,-4.100e-01,1285.0,,,643.83,467.09,-295.46,21.00,1,q1_q17_dr25_tce,7839.00,216.00,-324.00,4.080,0.130,-0.159,2.0690,0.5050,-0.4130,297.981230,41.444870,11.798
8257407,K01063.01,,FALSE POSITIVE,FALSE POSITIVE,0.0000,0,1,0,0,89.698168533,4.4050000e-06,-4.4050000e-06,176.3060152,3.400000e-05,-3.400000e-05,0.6840,0.0250,-0.0230,5.54180,0.00466,-0.00466,2.7311e+05,1.360e+02,-1.360e+02,102.08,2.676e+01,-4.011e+01,554.0,,,22.33,17.72,-15.14,3420.30,1,q1_q17_dr25_tce,6214.00,187.00,-206.00,4.021,0.392,-0.168,1.5830,0.4150,-0.6220,299.020900,44.172760,13.624
8218274,K01064.01,,FALSE POSITIVE,FALSE POSITIVE,0.5570,0,1,0,0,1.187352427,2.5300000e-07,-2.5300000e-07,133.4654540,1.760000e-04,-1.760000e-04,1.2220,0.0260,-0.0290,4.99900,0.01390,-0.01390,2.0703e+04,3.730e+01,-3.730e+01,67.35,2.004e+01,-1.642e+01,2251.0,,,6067.30,5334.23,-3101.30,717.40,1,q1_q17_dr25_tce,6424.00,179.00,-247.00,4.186,0.180,-0.180,1.4890,0.4430,-0.3630,285.063350,44.167885,13.623
3964562,K00015.01,,FALSE POSITIVE,FALSE POSITIVE,0.0000,0,1,1,1,3.012476582,1.1610000e-06,-1.1610000e-06,135.2592710,2.980000e-04,-2.980000e-04,1.2610,0.5090,-0.1020,3.14240,0.01550,-0.01550,1.1385e+03,5.500e+00,-5.500e+00,65.25,1.912e+01,-1.272e+01,2371.0,,,7471.65,6472.63,-3492.78,253.40,1,q1_q17_dr25_tce,8601.00,240.00,-412.00,4.137,0.098,-0.182,2.0310,0.5950,-0.3960,294.143400,39.089779,12.403
5735762,K00148.01,Kepler-48 b,CONFIRMED,CANDIDATE,1.0000,0,0,0,0,4.778003060,3.3820000e-06,-3.3820000e-06,124.0614650,5.880000e-04,-5.880000e-04,0.0200,0.3590,-0.0200,2.73610,0.01840,-0.01840,4.7300e+02,4.600e+00,-4.600e+00,1.85,1.300e-01,-1.400e-01,932.0,,,177.79,44.24,-37.22,115.40,2,q1_q17_dr25_tce,5192.00,103.00,-103.00,4.489,0.066,-0.054,0.8730,0.0650,-0.0650,299.139220,40.949020,13.040
6292162,K01125.01,,FALSE POSITIVE,FALSE POSITIVE,0.0000,0,1,0,0,7.814839231,9.0960000e-06,-9.0960000e-06,357.5199810,7.930000e-04,-7.930000e-04,0.9450,0.0090,-0.0070,3.01220,0.06440,-0.06440,2.0103e+03,3.810e+01,-3.810e+01,5.33,1.690e+00,-5.700e-01,903.0,,,156.74,151.68,-48.11,100.00,1,q1_q17_dr25_tce,5887.00,184.00,-205.00,4.499,0.052,-0.208,0.9310,0.2970,-0.0990,294.027250,41.675968,15.452
6307521,K01126.01,,FALSE POSITIVE,FALSE POSITIVE,0.0000,0,1,1,1,29.745249900,3.3230000e-04,-3.3230000e-04,157.3851900,9.380000e-03,-9.380000e-03,0.9410,0.0050,-0.0070,22.69500,0.46000,-0.46000,7.7890e+02,1.640e+01,-1.640e+01,3.60,5.100e-01,-5.000e-01,557.0,,,22.74,8.65,-6.92,55.90,1,q1_q17_dr25_tce,5334.00,80.00,-80.00,4.372,0.127,-0.104,1.0040,0.1410,-0.1410,297.753110,41.675991,15.259
6359320,K01127.01,Kepler-269 b,CONFIRMED,CANDIDATE,1.0000,0,0,0,0,5.326672990,1.9620000e-05,-1.9620000e-05,357.1261700,2.640000e-03,-2.640000e-03,0.0430,0.4030,-0.0430,3.40450,0.07390,-0.07390,6.1140e+02,1.930e+01,-1.930e+01,2.26,7.400e-01,-2.300e-01,1007.0,,,242.97,241.36,-73.20,34.10,1,q1_q17_dr25_tce,5831.00,184.00,-205.00,4.517,0.038,-0.212,0.9210,0.3010,-0.0940,290.215180,41.775970,15.808
3848972,K01187.01,,FALSE POSITIVE,FALSE POSITIVE,0.0000,0,1,0,0,0.741057213,1.1600000e-07,-1.1600000e-07,131.9472730,1.270000e-04,-1.270000e-04,1.2600,0.8800,-0.1520,1.05299,0.00904,-0.00904,1.9963e+03,1.070e+01,-1.070e+01,26.67,5.230e+00,-2.230e+00,1730.0,,,2128.29,1300.15,-527.62,251.90,1,q1_q17_dr25_tce,5496.00,166.00,-149.00,4.592,0.038,-0.120,0.7760,0.1520,-0.0650,291.071260,38.999039,14.489
3860441,K01188.01,,FALSE POSITIVE,FALSE POSITIVE,0.0000,0,0,1,0,2.988085455,6.2060000e-06,-6.2060000e-06,133.2725200,1.720000e-03,-1.720000e-03,1.2160,6.8050,-0.0170,3.68000,0.11400,-0.11400,8.0280e+02,2.010e+01,-2.010e+01,21.81,5.070e+00,-2.020e+00,1101.0,,,348.05,246.51,-94.24,48.20,1,q1_q17_dr25_tce,5497.00,164.00,-164.00,4.577,0.028,-0.152,0.8090,0.1880,-0.0750,294.070710,38.981331,15.381
3765771,K01189.01,,FALSE POSITIVE,FALSE POSITIVE,0.0000,0,1,1,0,2.783883492,2.3490000e-06,-2.3490000e-06,133.2278460,7.060000e-04,-7.060000e-04,1.2550,5.8380,-0.0800,2.45460,0.03640,-0.03640,9.0390e+02,1.230e+01,-1.230e+01,67.17,1.017e+01,-1.886e+01,1934.0,,,3304.55,1316.42,-1685.57,86.10,1,q1_q17_dr25_tce,6028.00,81.00,-81.00,3.835,0.217,-0.093,2.1470,0.3250,-0.6030,295.940550,38.876389,14.216
3557341,K01190.01,,FALSE POSITIVE,FALSE POSITIVE,0.0000,1,0,0,1,0.393727296,4.1400000e-07,-4.1400000e-07,178.5874540,8.850000e-04,-8.850000e-04,1.2280,0.1680,-0.1130,3.02000,0.12900,-0.12900,9.0350e+02,1.470e+01,-1.470e+01,23.05,5.790e+00,-1.940e+00,2216.0,,,5746.51,4380.49,-1479.92,82.40,1,q1_q17_dr25_tce,5628.00,169.00,-169.00,4.575,0.040,-0.160,0.8080,0.2030,-0.0680,294.618930,38.611889,15.856
3859628,K01191.01,Kepler-1740 b,CONFIRMED,CANDIDATE,1.0000,0,0,0,0,8.172426440,2.6830000e-05,-2.6830000e-05,361.2015700,2.400000e-03,-2.400000e-03,0.9260,0.0170,-0.6480,3.90200,0.14100,-0.14100,8.6430e+02,2.600e+01,-2.600e+01,3.29,4.400e-01,-1.900e-01,858.0,,,127.95,45.45,-20.22,37.00,1,q1_q17_dr25_tce,5705.00,76.00,-76.00,4.499,0.045,-0.113,0.9050,0.1210,-0.0520,293.873630,38.922482,15.240
3644071,K01192.01,,CANDIDATE,CANDIDATE,,0,0,0,0,1295.362215000,8.4630000e-03,-8.4630000e-03,176.1064600,2.830000e-03,-2.830000e-03,1.3935,0.1826,-0.3363,28.29700,0.25900,-0.25900,8.7080e+03,8.290e+01,-8.290e+01,57.82,2.068e+01,-9.440e+00,169.0,,,0.19,0.21,-0.07,164.00,,,5609.00,159.00,-141.00,4.346,0.149,-0.233,1.0480,0.3750,-0.1710,291.032170,38.703911,14.215
1718189,K00993.02,Kepler-262 b,CONFIRMED,CANDIDATE,1.0000,0,0,0,0,13.060793600,1.0530000e-04,-1.0530000e-04,137.6314800,5.770000e-03,-5.770000e-03,0.7180,0.2620,-0.4900,3.21500,0.19500,-0.19500,2.3660e+02,1.410e+01,-1.410e+01,1.45,3.800e-01,-1.300e-01,734.0,,,68.66,53.04,-17.72,19.40,2,q1_q17_dr25_tce,5830.00,146.00,-161.00,4.540,0.044,-0.187,0.8760,0.2340,-0.0780,290.728670,37.252651,14.246
1431122,K00994.01,,CANDIDATE,CANDIDATE,0.9900,0,0,0,0,4.298920100,2.0100000e-05,-2.0100000e-05,132.8618700,3.960000e-03,-3.960000e-03,0.9720,0.0320,-0.7570,2.74700,0.13100,-0.13100,2.3760e+02,1.370e+01,-1.370e+01,2.12,2.700e-01,-2.700e-01,1046.0,,,283.62,100.01,-78.24,20.00,1,q1_q17_dr25_tce,5300.00,87.00,-71.00,4.385,0.132,-0.088,0.9860,0.1240,-0.1240,291.142490,37.061321,14.613
3858949,K00995.01,,FALSE POSITIVE,FALSE POSITIVE,0.0000,0,1,1,1,25.951846100,1.6570000e-04,-1.6570000e-04,154.8821200,5.920000e-03,-5.920000e-03,1.2200,6.6520,-0.1630,14.58100,0.30000,-0.30000,1.0585e+03,1.910e+01,-1.910e+01,22.32,3.730e+00,-1.990e+00,521.0,,,17.37,9.21,-4.44,65.80,1,q1_q17_dr25_tce,5372.00,159.00,-143.00,4.584,0.030,-0.120,0.7960,0.1330,-0.0710,293.710750,38.983608,14.576
3858824,K00996.01,,FALSE POSITIVE,FALSE POSITIVE,0.0000,0,1,1,1,25.951853600,1.4080000e-04,-1.4080000e-04,154.8827800,4.710000e-03,-4.710000e-03,1.2500,6.9810,-0.1680,14.75500,0.24600,-0.24600,2.0179e+03,3.060e+01,-3.060e+01,24.60,3.550e+00,-1.890e+00,494.0,,,14.09,6.64,-3.45,79.40,1,q1_q17_dr25_tce,5198.00,154.00,-154.00,4.604,0.036,-0.084,0.7420,0.1070,-0.0570,293.676570,38.991379,15.342
2157247,K00997.01,,FALSE POSITIVE,FALSE POSITIVE,,0,0,0,0,5.686287390,1.2270000e-05,-1.2270000e-05,135.8926900,1.770000e-03,-1.770000e-03,0.8548,0.0102,-0.0081,17.57300,0.15600,-0.15600,5.5597e+03,3.380e+01,-3.380e+01,4.50,1.670e+00,-5.300e-01,1059.0,,,297.81,325.61,-91.68,414.40,,,6052.00,162.00,-177.00,4.442,0.079,-0.268,0.9560,0.3560,-0.1120,290.778630,37.564079,14.378
7601633,K00136.01,,FALSE POSITIVE,FALSE POSITIVE,0.0000,0,1,0,0,15.663886949,7.0550000e-06,-7.0550000e-06,147.3957120,3.630000e-04,-3.630000e-04,0.9850,0.0920,-0.0550,2.47750,0.02890,-0.02890,5.1444e+03,3.930e+01,-3.930e+01,27.36,3.780e+00,-7.020e+00,1060.0,,,298.77,119.96,-146.40,175.90,1,q1_q17_dr25_tce,5996.00,119.00,-119.00,3.901,0.196,-0.070,2.2210,0.3070,-0.5700,289.873470,43.203838,13.439
8242681,K01065.01,,FALSE POSITIVE,FALSE POSITIVE,0.0080,0,1,0,0,4.020628573,1.9810000e-06,-1.9810000e-06,133.6384780,4.030000e-04,-4.030000e-04,0.8270,0.0040,-0.0050,4.40850,0.02530,-0.02530,2.0901e+04,1.150e+02,-1.150e+02,16.94,5.730e+00,-1.900e+00,1232.0,,,543.92,542.03,-182.46,282.60,1,q1_q17_dr25_tce,6210.00,172.00,-259.00,4.450,0.056,-0.224,1.0330,0.3490,-0.1160,295.039250,44.191059,15.472
8260218,K01066.01,,CANDIDATE,CANDIDATE,1.0000,0,0,0,0,5.714817603,1.2490000e-06,-1.2490000e-06,355.0083100,1.540000e-04,-1.540000e-04,0.0960,0.1210,-0.0660,3.14126,0.00573,-0.00573,1.2295e+04,2.640e+01,-2.640e+01,9.29,2.470e+00,-9.900e-01,943.0,,,187.27,154.76,-56.76,537.70,1,q1_q17_dr25_tce,5695.00,189.00,-189.00,4.526,0.058,-0.173,0.8420,0.2240,-0.0900,299.786320,44.169540,15.623
8246781,K01067.01,,FALSE POSITIVE,FALSE POSITIVE,0.0000,0,1,0,0,185.022882220,2.7750000e-05,-2.7750000e-05,273.1855330,1.130000e-04,-1.130000e-04,1.0040,0.1120,-0.0340,4.87326,0.00762,-0.00762,4.3547e+04,5.790e+01,-5.790e+01,49.82,8.740e+00,-8.750e+00,379.0,,,4.89,2.23,-1.75,938.20,1,q1_q17_dr25_tce,6025.00,78.00,-84.00,4.237,0.137,-0.125,1.3670,0.2400,-0.2400,296.309420,44.165741,14.685
8264070,K01068.01,,FALSE POSITIVE,FALSE POSITIVE,0.0000,0,1,1,1,2.897432135,5.0900000e-06,-5.0900000e-06,450.7573900,1.290000e-03,-1.290000e-03,0.9670,0.0450,-0.0180,3.17930,0.07960,-0.07960,1.2237e+03,2.360e+01,-2.360e+01,14.35,3.880e+00,-9.050e+00,2170.0,,,5240.00,4499.62,-4606.92,73.90,1,q1_q17_dr25_tce,5970.00,215.00,-179.00,3.619,0.740,-0.131,2.9940,0.8090,-1.8880,300.867000,44.145290,15.036
8222813,K01069.01,Kepler-760 b,CONFIRMED,CANDIDATE,1.0000,0,0,0,0,8.704205250,1.3200000e-05,-1.3200000e-05,357.5594100,1.050000e-03,-1.050000e-03,0.5000,0.0120,-0.4340,2.93850,0.03770,-0.03770,1.0749e+03,1.600e+01,-1.600e+01,2.86,1.300e-01,-2.400e-01,748.0,,,74.13,12.28,-15.50,74.00,1,q1_q17_dr25_tce,5074.00,83.00,-76.00,4.474,0.084,-0.030,0.8630,0.0390,-0.0720,287.593200,44.179420,15.070
6359320,K01127.02,Kepler-269 c,CONFIRMED,CANDIDATE,1.0000,0,0,0,0,8.128093300,1.1070000e-04,-1.1070000e-04,358.6836700,9.630000e-03,-9.630000e-03,0.3570,0.1060,-0.3570,3.72700,0.24500,-0.24500,2.2410e+02,2.200e+01,-2.200e+01,1.39,4.500e-01,-1.400e-01,875.0,,,138.51,137.59,-41.73,10.70,2,q1_q17_dr25_tce,5831.00,184.00,-205.00,4.517,0.038,-0.212,0.9210,0.3010,-0.0940,290.215180,41.775970,15.808
6359320,K01127.03,,CANDIDATE,CANDIDATE,1.0000,0,0,0,0,2.836689310,2.8190000e-05,-2.8190000e-05,353.8153100,6.360000e-03,-6.360000e-03,0.3300,0.1300,-0.3300,3.03100,0.23000,-0.23000,1.6610e+02,1.570e+01,-1.570e+01,1.19,3.900e-01,-1.200e-01,1242.0,,,562.48,558.76,-169.45,12.10,3,q1_q17_dr25_tce,5831.00,184.00,-205.00,4.517,0.038,-0.212,0.9210,0.3010,-0.0940,290.215180,41.775970,15.808
6362874,K01128.01,Kepler-775 b,CONFIRMED,CANDIDATE,1.0000,0,0,0,0,0.974868896,7.6600000e-07,-7.6600000e-07,133.0762650,6.440000e-04,-6.440000e-04,0.1200,0.3310,-0.1200,1.61910,0.02330,-0.02330,1.9760e+02,2.900e+00,-2.900e+00,1.16,1.200e-01,-6.000e-02,1612.0,,,1605.87,524.72,-273.88,82.60,1,q1_q17_dr25_tce,5487.00,98.00,-120.00,4.563,0.018,-0.102,0.8320,0.0930,-0.0400,291.433290,41.703442,13.507
6272413,K01129.01,Kepler-776 b,CONFIRMED,CANDIDATE,1.0000,0,0,0,0,4.897210060,1.9960000e-05,-1.9960000e-05,133.3985200,3.310000e-03,-3.310000e-03,0.6600,0.0010,-0.5160,1.81200,0.10000,-0.10000,2.7440e+02,1.950e+01,-1.950e+01,1.48,1.800e-01,-1.800e-01,904.0,,,157.93,67.81,-49.69,16.90,1,q1_q17_dr25_tce,5093.00,168.00,-152.00,4.483,0.099,-0.121,0.8470,0.1020,-0.1020,287.272640,41.635559,15.456
8279765,K01130.01,,FALSE POSITIVE,FALSE POSITIVE,0.0000,0,1,0,0,2.757794163,7.0500000e-07,-7.0500000e-07,135.2328630,2.150000e-04,-2.150000e-04,0.8000,0.0130,-0.0090,2.76440,0.01870,-0.01870,3.9043e+04,2.180e+02,-2.180e+02,20.05,5.850e+00,-1.960e+00,1231.0,,,542.43,474.71,-160.21,349.20,1,q1_q17_dr25_tce,5747.00,170.00,-204.00,4.514,0.050,-0.188,0.8910,0.2600,-0.0870,282.603360,44.286980,15.235
8330548,K01132.01,,FALSE POSITIVE,FALSE POSITIVE,0.0000,0,0,1,1,1.914158508,1.5140000e-06,-1.5140000e-06,134.6449190,6.650000e-04,-6.650000e-04,0.9420,0.4870,-0.0350,3.29170,0.04610,-0.04610,7.8292e+03,8.350e+01,-8.350e+01,13.63,4.730e+00,-1.570e+00,1646.0,,,1730.47,1771.72,-553.75,124.60,1,q1_q17_dr25_tce,6289.00,174.00,-217.00,4.407,0.070,-0.224,1.1180,0.3880,-0.1290,301.016720,44.233841,14.446
3348082,K01196.01,,FALSE POSITIVE,FALSE POSITIVE,0.0000,0,0,1,1,3.982166980,1.4550000e-05,-1.4550000e-05,135.5274900,3.260000e-03,-3.260000e-03,0.7750,0.0520,-0.5400,2.39600,0.10900,-0.10900,3.8130e+02,1.630e+01,-1.630e+01,3.32,5.200e-01,-8.400e-01,1374.0,,,842.48,351.33,-395.71,27.10,1,q1_q17_dr25_tce,5570.00,83.00,-72.00,4.066,0.210,-0.090,1.5480,0.2410,-0.3910,292.922760,38.477280,15.035
3853673,K01197.01,,FALSE POSITIVE,FALSE POSITIVE,0.0000,0,1,1,0,0.643794198,6.2900000e-07,-6.2900000e-07,133.9844830,8.250000e-04,-8.250000e-04,1.1930,0.9880,-0.0160,1.56620,0.04660,-0.04660,4.5670e+02,1.010e+01,-1.010e+01,19.51,4.960e+00,-1.550e+00,2011.0,,,3852.91,2890.11,-963.37,53.70,1,q1_q17_dr25_tce,5958.00,161.00,-179.00,4.561,0.042,-0.168,0.8300,0.2110,-0.0660,292.352870,38.942471,15.103
3447722,K01198.01,Kepler-275 c,CONFIRMED,CANDIDATE,0.9860,0,0,0,0,16.088323180,8.7790000e-05,-8.7790000e-05,139.4918400,4.330000e-03,-4.330000e-03,0.6480,0.2900,-0.4300,5.73100,0.14300,-0.14300,5.9780e+02,1.970e+01,-1.970e+01,3.42,5.800e-01,-5.800e-01,875.0,,,138.64,66.48,-50.36,31.30,1,q1_q17_dr25_tce,6157.00,123.00,-123.00,4.224,0.149,-0.108,1.3300,0.2250,-0.2250,292.479710,38.514919,15.319
3447722,K01198.02,Kepler-275 b,CONFIRMED,CANDIDATE,0.9940,0,0,0,0,10.300679190,9.1600000e-05,-9.1600000e-05,142.7425100,6.930000e-03,-6.930000e-03,0.0040,0.4520,-0.0040,4.88500,0.20700,-0.20700,2.7180e+02,1.720e+01,-1.720e+01,2.20,3.700e-01,-3.800e-01,1015.0,,,251.55,120.62,-91.38,16.40,3,q1_q17_dr25_tce,6157.00,123.00,-123.00,4.224,0.149,-0.108,1.3300,0.2250,-0.2250,292.479710,38.514919,15.319
3447722,K01198.03,Kepler-275 d,CONFIRMED,CANDIDATE,0.9980,0,0,0,0,35.675745300,3.5290000e-04,-3.5290000e-04,145.0071700,7.210000e-03,-7.210000e-03,0.6100,0.3100,-0.3900,7.38100,0.23400,-0.23400,4.7120e+02,2.570e+01,-2.570e+01,3.02,5.100e-01,-5.100e-01,671.0,,,47.96,23.00,-17.42,18.50,2,q1_q17_dr25_tce,6157.00,123.00,-123.00,4.224,0.149,-0.108,1.3300,0.2250,-0.2250,292.479710,38.514919,15.319
3447722,K01198.04,,CANDIDATE,CANDIDATE,,0,0,0,0,1.008616770,,,132.1094790,,,,,,0.91000,,,,,,,,,,,,,,,,,,,,,,,,,,,292.479710,38.514919,15.319
1432214,K00998.01,,FALSE POSITIVE,FALSE POSITIVE,0.0000,0,1,0,0,161.788327120,3.5390000e-05,-3.5390000e-05,214.0390000,1.660000e-04,-1.660000e-04,0.2670,0.0300,-0.0550,5.31000,0.01230,-0.01230,8.7750e+04,1.540e+02,-1.540e+02,36.14,6.240e+00,-3.630e+00,375.0,,,4.68,2.07,-1.12,704.50,1,q1_q17_dr25_tce,6018.00,72.00,-90.00,4.327,0.080,-0.120,1.2120,0.2090,-0.1220,291.382690,37.072990,15.661
2165002,K00999.01,Kepler-263 b,CONFIRMED,CANDIDATE,1.0000,0,0,0,0,16.568068420,5.2260000e-05,-5.2260000e-05,146.1528500,2.310000e-03,-2.310000e-03,0.1640,0.2790,-0.1640,4.26470,0.08260,-0.08260,1.3314e+03,3.530e+01,-3.530e+01,2.54,1.500e-01,-1.100e-01,548.0,,,21.27,4.00,-3.07,41.90,1,q1_q17_dr25_tce,4987.00,80.00,-80.00,4.602,0.024,-0.038,0.7160,0.0400,-0.0320,292.469760,37.567791,15.391
2165002,K00999.02,Kepler-263 c,CONFIRMED,CANDIDATE,1.0000,0,0,0,0,47.332929900,3.4560000e-04,-3.4560000e-04,151.4161400,5.760000e-03,-5.760000e-03,0.4300,0.0480,-0.4200,2.70800,0.16800,-0.16800,9.3150e+02,7.010e+01,-7.010e+01,2.18,1.300e-01,-9.000e-02,386.0,,,5.25,0.98,-0.76,14.00,2,q1_q17_dr25_tce,4987.00,80.00,-80.00,4.602,0.024,-0.038,0.7160,0.0400,-0.0320,292.469760,37.567791,15.391
2441728,K01000.01,,FALSE POSITIVE,FALSE POSITIVE,0.0000,0,0,1,0,0.856895349,1.4930000e-06,-1.4930000e-06,133.6752100,1.490000e-03,-1.490000e-03,0.5540,0.0190,-0.4780,1.30780,0.05020,-0.05020,8.2200e+01,3.100e+00,-3.100e+00,0.82,2.500e-01,-7.000e-02,1881.0,,,2960.82,2627.85,-788.31,33.10,1,q1_q17_dr25_tce,6021.00,163.00,-163.00,4.537,0.037,-0.213,0.8730,0.2640,-0.0830,291.074460,37.744389,13.098
1871056,K01001.01,Kepler-264 b,CONFIRMED,CANDIDATE,0.9760,0,0,0,0,40.806533300,2.0830000e-04,-2.0830000e-04,155.7158600,4.390000e-03,-4.390000e-03,0.0160,0.4010,-0.0160,13.13500,0.12500,-0.12500,3.1390e+02,6.200e+00,-6.200e+00,3.71,6.200e-01,-1.000e+00,772.0,,,83.75,38.75,-42.76,54.80,1,q1_q17_dr25_tce,6207.00,112.00,-125.00,3.963,0.195,-0.105,2.0970,0.3500,-0.5690,292.044620,37.376240,13.038
8222813,K01069.02,Kepler-760 c,CONFIRMED,CANDIDATE,1.0000,0,0,0,0,2.466970390,6.2980000e-06,-6.2980000e-06,354.9309300,1.690000e-03,-1.690000e-03,0.5740,0.3270,-0.3530,1.63450,0.05900,-0.05900,3.0870e+02,1.220e+01,-1.220e+01,1.56,7.000e-02,-1.300e-01,1139.0,,,398.42,66.01,-83.31,29.50,2,q1_q17_dr25_tce,5074.00,83.00,-76.00,4.474,0.084,-0.030,0.8630,0.0390,-0.0720,287.593200,44.179420,15.070
12105051,K00141.01,,CANDIDATE,CANDIDATE,1.0000,0,0,0,0,2.624234833,3.8900000e-07,-3.8900000e-07,132.3049880,1.220000e-04,-1.220000e-04,0.7810,0.0570,-0.3900,1.38740,0.03160,-0.03160,2.6070e+03,8.900e+00,-8.900e+00,5.11,6.000e-01,-2.300e-01,1164.0,,,434.31,151.68,-68.35,361.10,1,q1_q17_dr25_tce,5340.00,106.00,-106.00,4.514,0.033,-0.104,0.8990,0.1050,-0.0400,288.038300,50.651611,13.687
8240904,K01070.01,Kepler-266 b,CONFIRMED,CANDIDATE,1.0000,0,0,0,0,6.618363090,2.5290000e-05,-2.5290000e-05,360.3669400,2.630000e-03,-2.630000e-03,0.0430,0.3870,-0.0430,3.68130,0.07880,-0.07880,5.4910e+02,1.920e+01,-1.920e+01,2.98,4.900e-01,-6.600e-01,1066.0,,,304.65,134.51,-128.10,31.50,1,q1_q17_dr25_tce,5529.00,83.00,-66.00,4.190,0.186,-0.108,1.2940,0.2140,-0.2850,294.484380,44.166908,15.590
8240904,K01070.02,Kepler-266 c,CONFIRMED,CANDIDATE,1.0000,0,0,0,0,107.721409200,8.2830000e-04,-8.2830000e-04,354.1952200,5.520000e-03,-5.520000e-03,0.0030,0.4180,-0.0030,8.04200,0.16100,-0.16100,1.3962e+03,4.710e+01,-4.710e+01,4.75,7.900e-01,-1.050e+00,421.0,,,7.39,3.27,-3.11,30.50,2,q1_q17_dr25_tce,5529.00,83.00,-66.00,4.190,0.186,-0.108,1.2940,0.2140,-0.2850,294.484380,44.166908,15.590
8240904,K01070.03,,CANDIDATE,CANDIDATE,,0,0,0,0,92.777790000,1.6530000e-02,-1.6530000e-02,367.6112000,3.950000e-02,-3.950000e-02,0.0174,0.4509,-0.0174,6.64000,1.20000,-1.20000,3.5900e+02,6.770e+01,-6.770e+01,1.92,8.400e-01,-2.000e-01,410.0,,,6.70,8.99,-2.07,5.20,,,5888.00,176.00,-215.00,4.444,0.059,-0.298,1.0190,0.4510,-0.1060,294.484380,44.166908,15.590
8374494,K01133.01,,FALSE POSITIVE,FALSE POSITIVE,0.0000,0,1,1,1,5.251916208,5.0400000e-06,-5.0400000e-06,357.3218830,6.830000e-04,-6.830000e-04,1.2560,0.1540,-0.1050,4.90950,0.03630,-0.03630,1.0624e+04,8.750e+01,-8.750e+01,37.15,9.620e+00,-3.840e+00,952.0,,,194.17,156.16,-57.54,146.30,1,q1_q17_dr25_tce,5542.00,182.00,-182.00,4.520,0.055,-0.165,0.8720,0.2260,-0.0900,294.997340,44.321388,15.756
5735762,K00148.02,Kepler-48 c,CONFIRMED,CANDIDATE,1.0000,0,0,0,0,9.673958488,5.4620000e-06,-5.4620000e-06,125.3394180,4.660000e-04,-4.660000e-04,0.1940,0.1320,-0.1940,3.26410,0.01650,-0.01650,9.5270e+02,5.800e+00,-5.800e+00,2.63,2.000e-01,-1.900e-01,736.0,,,69.42,17.27,-14.54,178.00,1,q1_q17_dr25_tce,5192.00,103.00,-103.00,4.489,0.066,-0.054,0.8730,0.0650,-0.0650,299.139220,40.949020,13.040
8414907,K01134.01,,FALSE POSITIVE,FALSE POSITIVE,0.0000,1,0,1,1,100.303922800,4.7080000e-04,-4.7080000e-04,277.0607000,2.610000e-03,-2.610000e-03,1.2560,69.0400,-0.1110,8.70200,0.20700,-0.20700,5.4500e+03,1.160e+02,-1.160e+02,29.55,3.100e+00,-2.530e+00,313.0,,,2.26,0.85,-0.57,63.20,1,q1_q17_dr25_tce,5055.00,153.00,-138.00,4.566,0.045,-0.060,0.7720,0.0810,-0.0660,284.519620,44.453941,15.783
8414907,K01134.02,,FALSE POSITIVE,FALSE POSITIVE,0.0000,1,0,1,1,200.611033460,,,456.8444400,,,,,,7.13000,,,,,,,,,,,,,,,,2,q1_q17_dr25_tce,,,,,,,,,,284.519620,44.453941,15.783
8397446,K01135.01,,FALSE POSITIVE,FALSE POSITIVE,0.0000,1,0,1,0,0.986620248,1.4970000e-06,-1.4970000e-06,448.5959000,1.140000e-03,-1.140000e-03,1.2520,0.4590,-0.1590,3.97220,0.05020,-0.05020,1.3458e+03,1.400e+01,-1.400e+01,43.98,1.200e+01,-1.201e+01,2308.0,,,6719.67,5609.21,-3684.95,117.70,1,q1_q17_dr25_tce,6243.00,197.00,-241.00,4.176,0.246,-0.164,1.3850,0.3780,-0.3780,301.400670,44.318039,15.022
8386035,K01136.01,,FALSE POSITIVE,FALSE POSITIVE,0.0000,1,0,1,1,1.634846310,,,134.5121150,,,,,,6.11000,,,,,,,,,,,,17098.40,21733.27,-11862.97,,1,q1_q17_dr25_tce,,,,,,,,,,298.211880,44.324638,12.647
3962243,K01203.02,Kepler-276 b,CONFIRMED,CANDIDATE,0.9850,0,0,0,0,14.128476770,6.6470000e-05,-6.6470000e-05,142.8971000,3.500000e-03,-3.500000e-03,0.8110,0.1160,-0.5710,3.68500,0.11900,-0.11900,6.2870e+02,2.920e+01,-2.920e+01,2.73,4.400e-01,-1.500e-01,739.0,,,70.50,29.97,-11.14,23.00,2,q1_q17_dr25_tce,5779.00,78.00,-86.00,4.477,0.032,-0.128,0.9740,0.1580,-0.0530,293.568150,39.036320,15.368
3962243,K01203.03,Kepler-276 d,CONFIRMED,CANDIDATE,0.8290,0,0,0,0,48.647854300,7.4260000e-04,-7.4260000e-04,172.1271000,1.030000e-02,-1.030000e-02,0.9880,69.7800,-0.6820,5.46400,0.51500,-0.51500,6.4180e+02,6.050e+01,-6.050e+01,4.14,6.700e-01,-2.300e-01,489.0,,,13.57,5.76,-2.15,12.20,3,q1_q17_dr25_tce,5779.00,78.00,-86.00,4.477,0.032,-0.128,0.9740,0.1580,-0.0530,293.568150,39.036320,15.368
3438507,K01204.01,Kepler-788 b,CONFIRMED,CANDIDATE,1.0000,0,0,0,0,8.398429770,5.6600000e-05,-5.6600000e-05,136.3115200,4.790000e-03,-4.790000e-03,0.5730,0.0370,-0.4620,6.34400,0.14300,-0.14300,3.4010e+02,1.360e+01,-1.360e+01,2.00,6.400e-01,-2.100e-01,984.0,,,221.66,209.79,-68.29,28.00,1,q1_q17_dr25_tce,6309.00,175.00,-219.00,4.441,0.067,-0.216,1.0440,0.3350,-0.1120,290.000400,38.539890,15.291
3869014,K01205.01,Kepler-789 b,CONFIRMED,CANDIDATE,1.0000,0,0,0,0,8.638473910,3.5220000e-05,-3.5220000e-05,139.9468400,3.200000e-03,-3.200000e-03,0.0490,0.3710,-0.0480,5.45660,0.09030,-0.09030,3.9590e+02,1.180e+01,-1.180e+01,5.99,1.170e+00,-2.190e+00,1419.0,,,958.35,497.13,-591.88,38.60,1,q1_q17_dr25_tce,5684.00,85.00,-76.00,3.657,0.300,-0.100,3.0460,0.5980,-1.1110,295.975160,38.946640,14.507
3756801,K01206.01,,CANDIDATE,CANDIDATE,,0,0,0,0,422.917678000,9.3270000e-03,-9.3270000e-03,448.4964800,6.250000e-03,-6.250000e-03,0.7887,0.0436,-0.4170,31.27400,0.70900,-0.70900,1.3677e+03,2.460e+01,-2.460e+01,5.89,2.640e+00,-1.620e+00,292.0,,,1.73,2.32,-0.92,61.70,,,5796.00,162.00,-165.00,4.120,0.256,-0.224,1.4440,0.6480,-0.3970,293.954590,38.899971,13.642
1871056,K01001.02,Kepler-264 c,CONFIRMED,CANDIDATE,0.9910,0,0,0,0,140.107650000,1.8700000e-03,-1.8700000e-03,216.2174900,9.750000e-03,-9.750000e-03,0.0190,0.3670,-0.0190,18.50300,0.33300,-0.33300,2.6680e+02,9.600e+00,-9.600e+00,3.42,5.700e-01,-9.300e-01,511.0,,,16.17,7.48,-8.25,29.00,2,q1_q17_dr25_tce,6207.00,112.00,-125.00,3.963,0.195,-0.105,2.0970,0.3500,-0.5690,292.044620,37.376240,13.038
1865042,K01002.01,Kepler-746 b,CONFIRMED,CANDIDATE,0.9980,0,0,0,0,3.481591700,1.0360000e-05,-1.0360000e-05,132.9882800,2.320000e-03,-2.320000e-03,0.0760,0.3780,-0.0760,1.80690,0.07470,-0.07470,1.3520e+02,6.800e+00,-6.800e+00,1.17,1.400e-01,-1.500e-01,1156.0,,,421.61,157.19,-122.21,23.40,1,q1_q17_dr25_tce,5405.00,108.00,-97.00,4.374,0.121,-0.088,1.0220,0.1290,-0.1290,290.682250,37.355110,13.615
2438502,K01003.01,,FALSE POSITIVE,FALSE POSITIVE,0.0460,0,1,0,0,8.360616221,4.4300000e-06,-4.4300000e-06,172.2649780,4.430000e-04,-4.430000e-04,0.2100,0.0580,-0.1170,7.53850,0.03140,-0.03140,2.8066e+04,7.620e+01,-7.620e+01,40.35,6.930e+00,-1.388e+01,1263.0,,,601.60,278.33,-356.79,425.60,1,q1_q17_dr25_tce,5463.00,87.00,-76.00,3.790,0.238,-0.085,2.4450,0.4200,-0.8410,290.327910,37.726742,16.209
2309585,K01004.01,,FALSE POSITIVE,FALSE POSITIVE,0.0000,0,1,1,1,1.838514968,2.7260000e-06,-2.7260000e-06,352.7226600,1.030000e-03,-1.030000e-03,0.0450,0.2210,-0.0450,2.73910,0.03150,-0.03150,2.7217e+03,4.560e+01,-4.560e+01,4.86,1.440e+00,-4.800e-01,1426.0,,,974.10,854.11,-287.62,63.70,1,q1_q17_dr25_tce,5751.00,160.00,-200.00,4.508,0.037,-0.213,0.9400,0.2790,-0.0930,292.899350,37.656059,15.373
5780460,K01005.01,Kepler-747 b,CONFIRMED,CANDIDATE,1.0000,0,0,0,0,35.617602330,5.2900000e-05,-5.2900000e-05,197.0357300,1.100000e-03,-1.100000e-03,0.0090,0.2280,-0.0090,8.45590,0.04350,-0.04350,4.6349e+03,3.420e+01,-3.420e+01,5.17,5.300e-01,-5.900e-01,456.0,,,10.19,3.91,-3.00,155.00,1,q1_q17_dr25_tce,5123.00,168.00,-138.00,4.523,0.084,-0.063,0.7790,0.0800,-0.0880,288.416500,41.029800,15.703
8244190,K01071.01,,FALSE POSITIVE,FALSE POSITIVE,0.0000,0,0,1,1,1.092068330,1.9170000e-06,-1.9170000e-06,133.1940300,1.520000e-03,-1.520000e-03,0.4690,0.0370,-0.4690,1.85960,0.05850,-0.05850,2.1920e+02,6.100e+00,-6.100e+00,1.29,3.600e-01,-1.100e-01,1611.0,,,1588.89,1267.12,-425.97,45.50,1,q1_q17_dr25_tce,5639.00,152.00,-169.00,4.551,0.033,-0.187,0.8590,0.2330,-0.0780,295.511080,44.109261,14.495
8229696,K01072.01,Kepler-761 b,CONFIRMED,CANDIDATE,0.9980,0,0,0,0,10.128051580,2.9840000e-05,-2.9840000e-05,139.1159000,2.440000e-03,-2.440000e-03,0.7530,0.0580,-0.5150,3.51700,0.07350,-0.07350,4.7740e+02,1.430e+01,-1.430e+01,1.95,2.400e-01,-1.100e-01,767.0,,,81.77,27.25,-12.78,38.00,1,q1_q17_dr25_tce,5676.00,76.00,-84.00,4.548,0.033,-0.104,0.8200,0.1020,-0.0440,290.503600,44.143581,14.743
8262210,K01073.01,,FALSE POSITIVE,FALSE POSITIVE,0.0000,0,1,1,1,1.613001111,9.0260000e-06,-9.0260000e-06,178.5284600,4.960000e-03,-4.960000e-03,0.4480,0.0200,-0.4480,2.39400,0.14900,-0.14900,1.0410e+02,6.600e+00,-6.600e+00,1.25,3.800e-01,-3.500e-01,1680.0,,,1878.10,1760.70,-1020.71,19.30,1,q1_q17_dr25_tce,5580.00,182.00,-182.00,4.223,0.282,-0.188,1.2050,0.3680,-0.3350,300.328980,44.151119,13.945
10272640,K01074.01,Kepler-762 b,CONFIRMED,CANDIDATE,1.0000,0,0,0,0,3.770551475,4.8690000e-06,-4.8690000e-06,357.1183600,9.040000e-04,-9.040000e-04,0.0530,0.2120,-0.0530,3.80770,0.03800,-0.03800,1.2440e+04,1.440e+02,-1.440e+02,12.05,4.080e+00,-1.350e+00,1302.0,,,679.75,678.84,-228.09,100.80,1,q1_q17_dr25_tce,6322.00,175.00,-263.00,4.426,0.056,-0.210,1.0750,0.3640,-0.1210,291.275630,47.329491,15.439
10232123,K01075.01,,FALSE POSITIVE,FALSE POSITIVE,0.9640,0,0,1,0,1.343767797,3.2000000e-07,-3.2000000e-07,133.2758620,1.880000e-04,-1.880000e-04,0.8910,0.0040,-0.0080,1.94050,0.02270,-0.02270,4.7026e+03,2.630e+01,-2.630e+01,18.66,3.990e+00,-9.300e+00,2654.0,,,11675.38,7851.09,-9136.11,269.80,1,q1_q17_dr25_tce,6324.00,204.00,-227.00,3.800,0.520,-0.130,2.3120,0.4940,-1.1520,299.700780,47.291752,13.056
10223616,K01076.01,,FALSE POSITIVE,FALSE POSITIVE,0.0000,1,0,0,0,29.124364740,4.5560000e-05,-4.5560000e-05,142.1615400,1.080000e-03,-1.080000e-03,1.1810,66.7900,-0.1290,3.42090,0.05490,-0.05490,6.4960e+03,1.260e+02,-1.260e+02,15.25,9.900e-01,-1.460e+00,356.0,,,3.81,0.99,-1.09,63.40,2,q1_q17_dr25_tce,4457.00,121.00,-148.00,4.767,0.063,-0.027,0.4810,0.0310,-0.0460,297.390660,47.255711,15.187
8415745,K01138.01,,FALSE POSITIVE,FALSE POSITIVE,0.0000,0,1,1,0,31.828145830,4.3810000e-05,-4.3810000e-05,366.7048540,9.240000e-04,-9.240000e-04,1.2760,67.8800,-0.0060,2.91700,0.04670,-0.04670,4.4568e+03,6.710e+01,-6.710e+01,35.80,1.117e+01,-3.740e+00,564.0,,,23.97,22.74,-7.28,78.70,1,q1_q17_dr25_tce,5908.00,186.00,-206.00,4.507,0.052,-0.208,0.9200,0.2870,-0.0960,284.997380,44.410198,15.582
8378634,K01139.01,,FALSE POSITIVE,FALSE POSITIVE,0.0000,0,1,1,1,3.629442796,8.4610000e-06,-8.4610000e-06,134.7006600,2.030000e-03,-2.030000e-03,0.9700,0.0020,-0.0030,5.63000,0.11000,-0.11000,4.2660e+02,8.100e+00,-8.100e+00,3.28,7.200e-01,-4.100e-01,1434.0,,,1001.35,620.44,-325.79,76.40,1,q1_q17_dr25_tce,6506.00,145.00,-194.00,4.336,0.077,-0.143,1.2170,0.2650,-0.1550,296.291960,44.332260,13.055
8397675,K01140.01,,FALSE POSITIVE,FALSE POSITIVE,0.7620,0,1,0,0,0.553261874,9.3000000e-08,-9.3000000e-08,133.4466050,1.370000e-04,-1.370000e-04,1.2460,1.8500,-0.0450,0.88750,0.00657,-0.00657,1.0381e+03,4.900e+00,-4.900e+00,97.36,2.910e+01,-6.789e+01,3689.0,,,43709.08,41093.63,-40244.87,202.20,1,q1_q17_dr25_tce,5679.00,202.00,-202.00,3.565,0.840,-0.210,3.1420,0.9390,-2.1910,301.475770,44.319759,13.501
8346392,K01141.01,Kepler-777 b,CONFIRMED,CANDIDATE,1.0000,0,0,0,0,5.728126160,2.0770000e-05,-2.0770000e-05,135.1806600,2.960000e-03,-2.960000e-03,0.2200,0.2330,-0.2200,2.02950,0.08740,-0.08740,6.4340e+02,3.520e+01,-3.520e+01,1.38,9.000e-02,-8.000e-02,569.0,,,24.74,5.35,-4.58,20.80,1,q1_q17_dr25_tce,3968.00,79.00,-79.00,4.714,0.030,-0.030,0.5480,0.0330,-0.0330,282.724060,44.346470,15.950
8288947,K01142.01,Kepler-778 b,CONFIRMED,CANDIDATE,1.0000,0,0,0,0,3.755742670,1.0680000e-05,-1.0680000e-05,133.4333000,2.430000e-03,-2.430000e-03,0.1270,0.3130,-0.1270,2.29110,0.07390,-0.07390,4.1740e+02,1.750e+01,-1.750e+01,1.58,2.700e-01,-1.200e-01,977.0,,,215.46,119.62,-53.06,27.90,1,q1_q17_dr25_tce,5311.00,175.00,-159.00,4.588,0.035,-0.112,0.7880,0.1330,-0.0610,287.477420,44.237511,15.764
8312852,K01143.01,,FALSE POSITIVE,FALSE POSITIVE,0.0000,0,0,1,0,7.440429330,1.9080000e-05,-1.9080000e-05,134.7633100,2.060000e-03,-2.060000e-03,0.9680,0.0770,-0.6440,2.99100,0.33500,-0.33500,5.4730e+02,2.340e+01,-2.340e+01,2.74,7.700e-01,-2.600e-01,883.0,,,144.12,118.76,-39.32,34.00,1,q1_q17_dr25_tce,5815.00,157.00,-175.00,4.540,0.046,-0.196,0.8770,0.2460,-0.0820,296.307620,44.211460,15.240
9480189,K00941.01,Kepler-257 c,CONFIRMED,CANDIDATE,1.0000,0,0,0,0,6.581477136,5.4850000e-06,-5.4850000e-06,174.7878140,6.300000e-04,-6.300000e-04,0.1370,0.3140,-0.1370,3.08960,0.03680,-0.03680,2.3189e+03,2.210e+01,-2.210e+01,4.56,1.560e+00,-7.200e-01,881.0,,,142.63,149.93,-53.12,116.20,1,q1_q17_dr25_tce,5188.00,171.00,-155.00,4.400,0.140,-0.260,0.9730,0.3330,-0.1540,297.315980,46.023258,15.471
11974540,K00129.01,Kepler-470 b,CONFIRMED,FALSE POSITIVE,1.0000,0,1,0,0,24.669192732,7.5690000e-06,-7.5690000e-06,132.8642360,2.580000e-04,-2.580000e-04,0.0730,0.0960,-0.0500,7.03515,0.00754,-0.00754,7.3823e+03,1.370e+01,-1.370e+01,77.76,2.127e+01,-3.190e+01,1485.0,,,1150.61,1220.73,-925.51,603.00,1,q1_q17_dr25_tce,5313.00,328.00,-712.00,2.936,0.180,-0.180,9.3270,2.5510,-3.8260,297.009430,50.372318,13.224
9480189,K00941.02,Kepler-257 b,CONFIRMED,CANDIDATE,1.0000,0,0,0,0,2.382652873,3.5950000e-06,-3.5950000e-06,170.6662600,1.190000e-03,-1.190000e-03,0.6820,0.0190,-0.5190,1.88880,0.04480,-0.04480,7.0540e+02,1.810e+01,-1.810e+01,2.74,9.400e-01,-4.300e-01,1237.0,,,553.53,581.85,-206.16,45.50,3,q1_q17_dr25_tce,5188.00,171.00,-155.00,4.400,0.140,-0.260,0.9730,0.3330,-0.1540,297.315980,46.023258,15.471
9480189,K00941.03,Kepler-257 d,CONFIRMED,CANDIDATE,1.0000,0,0,0,0,24.664614160,4.0620000e-05,-4.0620000e-05,189.0203100,1.120000e-03,-1.120000e-03,0.8000,0.0610,-0.5670,2.85790,0.06170,-0.06170,2.3988e+03,4.680e+01,-4.680e+01,5.34,1.830e+00,-8.400e-01,567.0,,,24.53,25.78,-9.14,56.70,2,q1_q17_dr25_tce,5188.00,171.00,-155.00,4.400,0.140,-0.260,0.9730,0.3330,-0.1540,297.315980,46.023258,15.471
9512687,K00942.01,Kepler-735 b,CONFIRMED,CANDIDATE,1.0000,0,0,0,0,11.515171670,1.5660000e-05,-1.5660000e-05,174.8585500,1.060000e-03,-1.060000e-03,0.3110,0.1240,-0.3110,2.00600,0.03820,-0.03820,1.3574e+03,3.030e+01,-3.030e+01,2.90,4.000e-01,-1.900e-01,657.0,,,43.96,19.80,-10.12,53.20,1,q1_q17_dr25_tce,5177.00,155.00,-155.00,4.590,0.024,-0.102,0.7980,0.1080,-0.0540,284.688870,46.172249,15.386
8644288,K00137.01,Kepler-18 c,CONFIRMED,CANDIDATE,1.0000,0,0,0,0,7.641567589,1.7690000e-06,-1.7690000e-06,135.4075640,1.910000e-04,-1.910000e-04,0.0270,0.1670,-0.0270,3.41018,0.00733,-0.00733,2.2697e+03,5.800e+00,-5.800e+00,4.91,3.000e-01,-3.300e-01,899.0,,,154.25,34.59,-27.39,437.50,2,q1_q17_dr25_tce,5356.00,112.00,-72.00,4.338,0.065,-0.040,1.0550,0.0650,-0.0720,298.079440,44.746319,13.549
5738346,K01006.01,,FALSE POSITIVE,FALSE POSITIVE,0.0000,0,1,0,0,30.611393200,1.0090000e-04,-1.0090000e-04,374.6216000,2.240000e-03,-2.240000e-03,1.2640,70.1200,-2.6630,3.57600,0.12400,-0.12400,3.4720e+03,1.110e+02,-1.110e+02,19.68,1.770e+00,-2.210e+00,317.0,,,2.38,0.76,-0.74,37.50,1,q1_q17_dr25_tce,3900.00,105.00,-128.00,4.727,0.054,-0.040,0.5340,0.0480,-0.0600,299.650940,40.973282,15.970
1725016,K01007.01,Kepler-748 b,CONFIRMED,CANDIDATE,1.0000,0,0,0,0,7.407425020,3.6600000e-05,-3.6600000e-05,355.4965200,3.250000e-03,-3.250000e-03,0.0300,0.4010,-0.0300,3.67500,0.10100,-0.10100,4.4200e+02,2.100e+01,-2.100e+01,2.01,6.200e-01,-2.100e-01,938.0,,,183.15,171.57,-55.16,23.10,1,q1_q17_dr25_tce,5922.00,184.00,-205.00,4.474,0.054,-0.216,0.9610,0.2970,-0.0990,292.262910,37.236992,15.242
1722276,K01008.01,,FALSE POSITIVE,FALSE POSITIVE,0.0000,1,0,0,0,569.934135000,1.5020000e-03,-1.5020000e-03,248.9404500,1.710000e-03,-1.710000e-03,0.9190,12.4400,-0.0760,4.19040,0.06170,-0.06170,1.8904e+04,2.960e+02,-2.960e+02,38.98,1.111e+01,-4.760e+00,296.0,,,1.81,1.35,-0.50,66.70,1,q1_q17_dr25_tce,5367.00,75.00,-86.00,3.783,0.084,-0.144,2.0570,0.5860,-0.2510,291.696720,37.238041,14.645
892772,K01009.01,,FALSE POSITIVE,FALSE POSITIVE,0.0000,0,0,1,0,5.092465390,4.3900000e-05,-4.3900000e-05,357.5359400,5.300000e-03,-5.300000e-03,0.1610,0.3030,-0.1610,3.65900,0.19900,-0.19900,2.5400e+02,1.650e+01,-1.650e+01,1.17,1.200e-01,-1.300e-01,844.0,,,119.70,48.69,-36.91,17.10,1,q1_q17_dr25_tce,5037.00,181.00,-181.00,4.547,0.072,-0.054,0.7510,0.0790,-0.0790,291.153380,36.678841,15.162
1027438,K01010.01,,FALSE POSITIVE,FALSE POSITIVE,,1,0,0,0,110.615766220,,,145.8353700,,,,,,5.00000,,,,,,,,,,,,,,,,,,,,,,,,,,,291.354030,36.784519,13.620
10268907,K01077.01,,FALSE POSITIVE,FALSE POSITIVE,0.0000,0,0,0,1,1.103971357,2.6790000e-06,-2.6790000e-06,354.5821600,1.720000e-03,-1.720000e-03,0.5200,0.0060,-0.4780,0.92600,0.08180,-0.08180,3.1790e+02,2.130e+01,-2.130e+01,1.37,2.500e-01,-1.100e-01,1471.0,,,1109.79,652.85,-295.67,21.70,1,q1_q17_dr25_tce,5409.00,185.00,-185.00,4.609,0.037,-0.112,0.7460,0.1330,-0.0610,289.714660,47.342220,15.732
5446285,K00142.01,Kepler-88 b,CONFIRMED,CANDIDATE,,0,0,0,0,10.916108342,4.8750000e-06,-4.8750000e-06,133.0092270,3.490000e-04,-3.490000e-04,0.7699,0.0632,-0.3396,3.64960,0.06460,-0.06460,1.4790e+03,6.800e+00,-6.800e+00,3.93,6.600e-01,-1.500e-01,758.0,,,78.19,34.99,-11.75,302.20,,,5575.00,82.00,-116.00,4.521,0.019,-0.153,0.9320,0.1570,-0.0360,291.148070,40.669399,13.113
10166274,K01078.01,Kepler-267 b,CONFIRMED,CANDIDATE,1.0000,0,0,0,0,3.353732008,3.9960000e-06,-3.9960000e-06,134.8695970,9.450000e-04,-9.450000e-04,0.0510,0.3630,-0.0510,1.45980,0.03460,-0.03460,1.2647e+03,3.090e+01,-3.090e+01,1.65,1.200e-01,-1.900e-01,615.0,,,33.76,8.53,-9.54,47.80,1,q1_q17_dr25_tce,3789.00,75.00,-82.00,4.781,0.063,-0.031,0.4600,0.0350,-0.0530,299.830410,47.157459,15.438
10166274,K01078.02,Kepler-267 c,CONFIRMED,CANDIDATE,0.9900,0,0,0,0,6.877446033,8.8930000e-06,-8.8930000e-06,132.0842600,1.070000e-03,-1.070000e-03,0.7900,0.0100,-0.5550,1.36920,0.04350,-0.04350,1.6323e+03,4.920e+01,-4.920e+01,2.05,1.600e-01,-2.400e-01,484.0,,,12.95,3.27,-3.66,39.60,2,q1_q17_dr25_tce,3789.00,75.00,-82.00,4.781,0.063,-0.031,0.4600,0.0350,-0.0530,299.830410,47.157459,15.438
10166274,K01078.03,Kepler-267 d,CONFIRMED,CANDIDATE,0.9920,0,0,0,0,28.464648040,8.8050000e-05,-8.8050000e-05,158.0398600,2.540000e-03,-2.540000e-03,0.0350,0.3950,-0.0350,2.66570,0.08060,-0.08060,1.6298e+03,6.030e+01,-6.030e+01,1.87,1.400e-01,-2.200e-01,301.0,,,1.95,0.49,-0.55,28.90,3,q1_q17_dr25_tce,3789.00,75.00,-82.00,4.781,0.063,-0.031,0.4600,0.0350,-0.0530,299.830410,47.157459,15.438
10153827,K01079.01,,FALSE POSITIVE,FALSE POSITIVE,,0,0,0,0,0.293630085,1.1500000e-07,-1.1500000e-07,133.5842410,3.380000e-04,-3.380000e-04,1.2329,0.2354,-0.0060,2.38570,0.03910,-0.03910,2.0177e+03,1.510e+01,-1.510e+01,26.35,7.630e+00,-2.120e+00,2503.0,,,9283.34,8030.07,-2302.06,170.00,,,5665.00,165.00,-163.00,4.554,0.030,-0.198,0.8430,0.2440,-0.0680,296.334350,47.145580,15.822
5735762,K00148.03,Kepler-48 d,CONFIRMED,CANDIDATE,0.9980,0,0,0,0,42.896450240,9.4310000e-05,-9.4310000e-05,146.0613000,1.860000e-03,-1.860000e-03,0.0070,0.3970,-0.0070,5.68970,0.05600,-0.05600,5.5530e+02,8.600e+00,-8.600e+00,2.00,1.500e-01,-1.500e-01,448.0,,,9.54,2.38,-1.99,66.80,3,q1_q17_dr25_tce,5192.00,103.00,-103.00,4.489,0.066,-0.054,0.8730,0.0650,-0.0650,299.139220,40.949020,13.040
8302450,K01144.01,,FALSE POSITIVE,FALSE POSITIVE,0.0000,0,0,1,1,2.441998030,1.0660000e-05,-1.0660000e-05,134.5709500,3.710000e-03,-3.710000e-03,0.8560,0.1350,-0.8550,2.75900,0.53400,-0.53400,2.5170e+02,1.940e+01,-1.940e+01,1.44,3.500e-01,-1.200e-01,1282.0,,,638.05,459.75,-161.64,27.20,1,q1_q17_dr25_tce,5970.00,161.00,-179.00,4.564,0.044,-0.176,0.7960,0.1940,-0.0650,292.859650,44.200642,15.282
8313667,K01145.01,,CANDIDATE,CANDIDATE,0.9960,0,0,0,0,30.587215300,1.3130000e-04,-1.3130000e-04,162.8842000,2.810000e-03,-2.810000e-03,0.0130,0.4240,-0.0130,5.36980,0.09060,-0.09060,4.6480e+02,1.610e+01,-1.610e+01,2.32,3.900e-01,-2.400e-01,621.0,,,35.08,16.21,-9.22,33.10,1,q1_q17_dr25_tce,5944.00,106.00,-130.00,4.380,0.080,-0.120,1.0820,0.1810,-0.1110,296.548610,44.264671,14.143
8351704,K01146.01,Kepler-779 b,CONFIRMED,CANDIDATE,1.0000,0,0,0,0,7.097121240,2.5960000e-05,-2.5960000e-05,136.3451400,2.790000e-03,-2.790000e-03,0.0500,0.3690,-0.0500,2.10590,0.09000,-0.09000,3.6950e+02,2.330e+01,-2.330e+01,0.74,9.000e-02,-1.100e-01,425.0,,,7.73,2.78,-2.57,18.30,1,q1_q17_dr25_tce,3569.00,71.00,-78.00,4.861,0.066,-0.044,0.3890,0.0470,-0.0570,285.628540,44.310890,15.649
8299955,K01147.01,,FALSE POSITIVE,FALSE POSITIVE,0.0000,0,0,1,1,2.682768300,1.3400000e-05,-1.3400000e-05,134.2553500,4.310000e-03,-4.310000e-03,0.7690,0.1540,-0.5240,2.95700,0.12200,-0.12200,7.9800e+01,3.700e+00,-3.700e+00,1.19,3.400e-01,-2.700e-01,1551.0,,,1366.57,1122.97,-655.64,26.70,1,q1_q17_dr25_tce,6180.00,169.00,-206.00,4.262,0.185,-0.185,1.2230,0.3410,-0.2790,291.890750,44.223728,13.475
9513865,K00943.01,Kepler-736 b,CONFIRMED,CANDIDATE,1.0000,0,0,0,0,3.601465336,5.9410000e-06,-5.9410000e-06,171.9918400,1.260000e-03,-1.260000e-03,0.0210,0.4120,-0.0210,2.27530,0.04560,-0.04560,7.7770e+02,1.810e+01,-1.810e+01,2.31,1.100e-01,-1.800e-01,996.0,,,232.65,38.84,-46.04,50.70,1,q1_q17_dr25_tce,5052.00,83.00,-75.00,4.480,0.077,-0.033,0.8550,0.0390,-0.0660,285.391330,46.180939,15.733
9595686,K00944.01,,FALSE POSITIVE,FALSE POSITIVE,1.0000,0,1,1,0,3.108251172,1.5900000e-06,-1.5900000e-06,170.2445660,4.090000e-04,-4.090000e-04,0.9000,0.0120,-0.0260,2.50480,0.06460,-0.06460,1.8677e+03,1.550e+01,-1.550e+01,4.43,7.400e-01,-4.900e-01,1096.0,,,340.69,180.70,-99.18,156.50,1,q1_q17_dr25_tce,5330.00,159.00,-143.00,4.495,0.085,-0.114,0.8470,0.1410,-0.0940,294.799740,46.207569,15.361
9605514,K00945.01,Kepler-1666 b,CONFIRMED,CANDIDATE,1.0000,0,0,0,0,25.847495800,1.7020000e-04,-1.7020000e-04,188.8740000,4.620000e-03,-4.620000e-03,0.0540,0.4210,-0.0540,5.98500,0.14800,-0.14800,5.3740e+02,2.140e+01,-2.140e+01,2.40,7.500e-01,-2.500e-01,672.0,,,48.23,43.85,-14.74,27.30,2,q1_q17_dr25_tce,6297.00,169.00,-225.00,4.448,0.052,-0.208,1.0310,0.3200,-0.1070,297.951600,46.264721,15.083
9605514,K00945.02,Kepler-1666 c,CONFIRMED,CANDIDATE,0.9990,0,0,0,0,40.715561000,2.0960000e-04,-2.0960000e-04,146.3648500,4.080000e-03,-4.080000e-03,0.0080,0.4070,-0.0080,6.89400,0.13100,-0.13100,6.8090e+02,2.520e+01,-2.520e+01,2.70,8.400e-01,-2.800e-01,578.0,,,26.34,23.94,-8.05,28.90,1,q1_q17_dr25_tce,6297.00,169.00,-225.00,4.448,0.052,-0.208,1.0310,0.3200,-0.1070,297.951600,46.264721,15.083
9661877,K00946.01,,FALSE POSITIVE,FALSE POSITIVE,0.0000,0,1,1,1,20.427207010,6.1250000e-05,-6.1250000e-05,176.7173700,2.270000e-03,-2.270000e-03,0.9560,0.5950,-0.1180,3.44700,0.19900,-0.19900,1.2730e+03,5.230e+01,-5.230e+01,4.42,1.380e+00,-4.600e-01,674.0,,,48.72,46.37,-14.82,36.70,1,q1_q17_dr25_tce,6014.00,189.00,-210.00,4.494,0.052,-0.221,0.9580,0.3000,-0.1000,296.659150,46.382172,15.163
5728283,K01011.01,,FALSE POSITIVE,FALSE POSITIVE,0.0000,0,1,0,0,6.198273591,5.3900000e-07,-5.3900000e-07,183.3731434,6.900000e-05,-6.900000e-05,0.3430,0.0040,-0.0050,7.53837,0.00540,-0.00540,4.7303e+04,2.220e+01,-2.220e+01,19.81,6.400e+00,-2.140e+00,985.0,,,222.23,215.49,-69.50,2561.10,1,q1_q17_dr25_tce,6038.00,181.00,-217.00,4.524,0.039,-0.221,0.8980,0.2900,-0.0970,297.620270,40.943089,15.670
8127639,K01012.01,,FALSE POSITIVE,FALSE POSITIVE,0.0000,0,0,1,1,1.023471798,1.5290000e-06,-1.5290000e-06,354.8182000,1.040000e-03,-1.040000e-03,0.9740,0.0580,-0.0170,2.34990,0.06080,-0.06080,8.6140e+02,1.790e+01,-1.790e+01,3.78,1.040e+00,-4.400e-01,1727.0,,,2103.09,1777.92,-670.72,63.00,1,q1_q17_dr25_tce,5741.00,189.00,-189.00,4.491,0.075,-0.188,0.8930,0.2440,-0.1050,300.455750,43.934349,15.381
6047498,K01013.01,,FALSE POSITIVE,FALSE POSITIVE,0.0000,0,1,0,0,0.518727110,2.4600000e-07,-2.4600000e-07,133.6763120,4.000000e-04,-4.000000e-04,1.1990,0.8800,-0.1390,1.25200,0.02490,-0.02490,7.1410e+02,9.900e+00,-9.900e+00,19.07,3.680e+00,-1.570e+00,1965.0,,,3537.27,2068.56,-905.74,93.30,1,q1_q17_dr25_tce,5572.00,152.00,-169.00,4.597,0.040,-0.128,0.7620,0.1470,-0.0630,293.385560,41.349819,15.348
8125580,K01014.01,Kepler-749 b,CONFIRMED,CANDIDATE,0.9950,0,0,0,0,17.317117390,4.6940000e-05,-4.6940000e-05,142.3609400,2.200000e-03,-2.200000e-03,0.6840,0.2590,-0.4660,3.15180,0.08420,-0.08420,1.4730e+03,4.730e+01,-4.730e+01,2.04,1.000e-01,-1.100e-01,454.0,,,10.07,2.22,-2.31,35.90,1,q1_q17_dr25_tce,4719.00,131.00,-164.00,4.753,0.042,-0.024,0.5020,0.0230,-0.0290,299.897220,43.903912,15.759
8158127,K01015.01,Kepler-750 b,CONFIRMED,CANDIDATE,1.0000,0,0,0,0,9.428898840,2.3540000e-05,-2.3540000e-05,140.1046000,2.020000e-03,-2.020000e-03,0.0110,0.3860,-0.0110,4.44810,0.05820,-0.05820,5.6540e+02,1.200e+01,-1.200e+01,4.39,6.100e-01,-1.130e+00,1163.0,,,432.90,159.68,-207.44,50.40,1,q1_q17_dr25_tce,5897.00,79.00,-79.00,3.980,0.203,-0.072,1.8600,0.2590,-0.4810,289.096890,44.004379,14.500
10158990,K01080.01,,FALSE POSITIVE,FALSE POSITIVE,0.0000,0,1,1,1,1.096583368,2.2790000e-06,-2.2790000e-06,133.6143600,1.910000e-03,-1.910000e-03,0.4210,0.0420,-0.4210,2.11880,0.06370,-0.06370,3.0850e+02,8.700e+00,-8.700e+00,1.35,1.800e-01,-1.500e-01,1474.0,,,1119.90,498.08,-333.71,44.30,1,q1_q17_dr25_tce,5222.00,155.00,-155.00,4.528,0.085,-0.095,0.7630,0.1020,-0.0840,297.788020,47.101070,14.867
10149023,K01081.01,,CANDIDATE,CANDIDATE,0.0000,0,0,0,0,9.956397750,4.8420000e-05,-4.8420000e-05,134.2918600,4.150000e-03,-4.150000e-03,1.2220,31.6500,-0.0570,5.61500,0.22600,-0.22600,5.1050e+02,1.870e+01,-1.870e+01,28.15,8.190e+00,-3.260e+00,905.0,,,158.42,136.18,-52.49,32.90,1,q1_q17_dr25_tce,6161.00,172.00,-236.00,4.454,0.048,-0.192,1.0530,0.3060,-0.1220,294.768550,47.132790,15.220
10141900,K01082.01,Kepler-763 d,CONFIRMED,CANDIDATE,1.0000,0,0,0,0,6.503270350,3.1340000e-05,-3.1340000e-05,135.2665700,3.570000e-03,-3.570000e-03,0.0800,0.3750,-0.0800,2.59100,0.13100,-0.13100,4.1830e+02,2.410e+01,-2.410e+01,1.67,8.000e-02,-1.200e-01,804.0,,,98.81,16.62,-18.82,19.00,1,q1_q17_dr25_tce,4999.00,79.00,-79.00,4.490,0.075,-0.030,0.8430,0.0400,-0.0600,292.144470,47.157349,15.692
10141900,K01082.02,Kepler-763 c,CONFIRMED,CANDIDATE,0.6950,0,0,0,0,4.096676240,1.9560000e-05,-1.9560000e-05,133.0983300,3.760000e-03,-3.760000e-03,0.1420,0.3200,-0.1420,2.19000,0.12200,-0.12200,3.0230e+02,2.040e+01,-2.040e+01,1.42,7.000e-02,-1.000e-01,938.0,,,182.90,30.76,-34.85,16.20,3,q1_q17_dr25_tce,4999.00,79.00,-79.00,4.490,0.075,-0.030,0.8430,0.0400,-0.0600,292.144470,47.157349,15.692
10141900,K01082.03,Kepler-763 b,CONFIRMED,CANDIDATE,0.8210,0,0,0,0,1.196548464,3.7490000e-06,-3.7490000e-06,132.5336300,2.530000e-03,-2.530000e-03,0.3320,0.1360,-0.3320,1.25920,0.08100,-0.08100,2.2460e+02,1.600e+01,-1.600e+01,1.25,6.000e-02,-9.000e-02,1414.0,,,945.12,158.94,-180.08,16.50,2,q1_q17_dr25_tce,4999.00,79.00,-79.00,4.490,0.075,-0.030,0.8430,0.0400,-0.0600,292.144470,47.157349,15.692
8410727,K01148.01,Kepler-270 b,CONFIRMED,CANDIDATE,1.0000,0,0,0,0,11.476090150,5.0830000e-05,-5.0830000e-05,135.3962200,3.650000e-03,-3.650000e-03,0.7550,0.0110,-0.5430,5.04600,0.11100,-0.11100,1.8230e+02,7.100e+00,-7.100e+00,2.07,3.700e-01,-3.700e-01,984.0,,,221.34,111.44,-84.71,27.70,1,q1_q17_dr25_tce,6071.00,121.00,-133.00,4.202,0.149,-0.122,1.4100,0.2520,-0.2520,282.200100,44.422298,13.908
8410727,K01148.02,Kepler-270 c,CONFIRMED,CANDIDATE,0.9980,0,0,0,0,25.263046700,3.3120000e-04,-3.3120000e-04,134.1839700,9.990000e-03,-9.990000e-03,0.7430,0.2150,-0.5070,6.22000,0.29300,-0.29300,1.2550e+02,9.400e+00,-9.400e+00,1.71,3.000e-01,-3.100e-01,756.0,,,77.24,38.89,-29.56,14.30,2,q1_q17_dr25_tce,6071.00,121.00,-133.00,4.202,0.149,-0.122,1.4100,0.2520,-0.2520,282.200100,44.422298,13.908
8349405,K01149.01,,FALSE POSITIVE,FALSE POSITIVE,,1,0,0,0,7.168826600,,,136.2382700,,,,,,1.29000,,,,,,,,,,,,,,,,,,,,,,,,,,,284.385620,44.391289,15.602
8278371,K01150.01,Kepler-780 b,CONFIRMED,CANDIDATE,1.0000,0,0,0,0,0.677374687,1.0980000e-06,-1.0980000e-06,133.9457300,1.370000e-03,-1.370000e-03,0.1320,0.3350,-0.1320,1.83610,0.03990,-0.03990,7.6700e+01,2.300e+00,-2.300e+00,0.90,1.400e-01,-8.000e-02,2099.0,,,4572.56,1997.25,-1123.40,38.70,1,q1_q17_dr25_tce,5718.00,104.00,-115.00,4.395,0.090,-0.110,1.0370,0.1620,-0.0990,281.766390,44.292549,13.326
8280511,K01151.01,Kepler-271 b,CONFIRMED,CANDIDATE,1.0000,0,0,0,0,10.435470310,2.6850000e-05,-2.6850000e-05,134.8246200,2.300000e-03,-2.300000e-03,0.1740,0.2570,-0.1740,3.41670,0.05980,-0.05980,2.1020e+02,6.000e+00,-6.000e+00,1.22,1.300e-01,-9.000e-02,759.0,,,78.35,25.04,-16.97,36.70,1,q1_q17_dr25_tce,5528.00,110.00,-110.00,4.499,0.063,-0.077,0.8530,0.0890,-0.0670,283.002960,44.284229,13.404
8280511,K01151.02,Kepler-271 c,CONFIRMED,CANDIDATE,0.9970,0,0,0,0,7.410843140,3.0980000e-05,-3.0980000e-05,135.7542500,3.430000e-03,-3.430000e-03,0.0640,0.3840,-0.0640,3.24500,0.09650,-0.09650,1.2410e+02,5.200e+00,-5.200e+00,0.94,1.000e-01,-8.000e-02,850.0,,,123.40,39.43,-26.72,25.60,2,q1_q17_dr25_tce,5528.00,110.00,-110.00,4.499,0.063,-0.077,0.8530,0.0890,-0.0670,283.002960,44.284229,13.404
9710326,K00947.01,Kepler-737 b,CONFIRMED,CANDIDATE,1.0000,0,0,0,0,28.599140310,5.4890000e-05,-5.4890000e-05,189.9266700,1.570000e-03,-1.570000e-03,0.0090,0.3740,-0.0090,3.65670,0.05560,-0.05560,1.5851e+03,3.390e+01,-3.390e+01,1.83,1.600e-01,-2.100e-01,298.0,,,1.87,0.52,-0.53,53.80,1,q1_q17_dr25_tce,3755.00,75.00,-84.00,4.781,0.063,-0.031,0.4610,0.0400,-0.0530,291.862850,46.429260,15.190
9761882,K00948.01,Kepler-738 b,CONFIRMED,CANDIDATE,1.0000,0,0,0,0,24.587163550,8.7390000e-05,-8.7390000e-05,173.7057200,2.930000e-03,-2.930000e-03,0.6480,0.2690,-0.4300,3.98400,0.10100,-0.10100,9.0750e+02,2.950e+01,-2.950e+01,2.37,4.100e-01,-2.100e-01,530.0,,,18.72,9.94,-4.89,35.60,1,q1_q17_dr25_tce,5474.00,147.00,-163.00,4.605,0.037,-0.105,0.7490,0.1300,-0.0650,287.569670,46.567860,15.598
5297298,K00130.01,,FALSE POSITIVE,FALSE POSITIVE,0.9130,0,1,0,0,34.193600311,3.6580000e-06,-3.6580000e-06,155.2966351,8.580000e-05,-8.580000e-05,0.6250,0.0040,-0.0050,5.41382,0.00803,-0.00803,1.3715e+04,1.160e+01,-1.160e+01,21.95,3.790e+00,-4.630e+00,778.0,,,86.74,43.36,-36.96,1405.60,1,q1_q17_dr25_tce,6129.00,135.00,-123.00,3.991,0.175,-0.094,1.7860,0.3080,-0.3770,297.360320,40.429810,13.325
9766437,K00949.01,Kepler-739 b,CONFIRMED,CANDIDATE,1.0000,0,0,0,0,12.532482220,2.2300000e-05,-2.2300000e-05,170.7653500,1.370000e-03,-1.370000e-03,0.6680,0.0500,-0.4810,4.01680,0.06460,-0.06460,1.1459e+03,1.970e+01,-1.970e+01,3.24,9.400e-01,-3.200e-01,775.0,,,85.15,72.99,-24.49,66.70,1,q1_q17_dr25_tce,5997.00,162.00,-198.00,4.522,0.048,-0.192,0.9040,0.2640,-0.0880,290.067990,46.579140,15.485
9772531,K00950.01,,CANDIDATE,CANDIDATE,0.9930,0,0,0,0,31.201692472,3.7010000e-06,-3.7010000e-06,183.4076137,9.570000e-05,-9.570000e-05,0.0010,0.3580,-0.1120,2.15663,0.00988,-0.00988,3.4514e+04,7.470e+01,-7.470e+01,8.31,5.200e-01,-6.300e-01,286.0,,,1.59,0.31,-0.32,607.40,1,q1_q17_dr25_tce,3748.00,56.00,-61.00,4.796,0.042,-0.028,0.4490,0.0280,-0.0340,292.657040,46.537338,15.798
9775938,K00951.01,Kepler-258 b,CONFIRMED,CANDIDATE,1.0000,0,0,0,0,13.197206940,1.2120000e-05,-1.2120000e-05,171.5454790,7.120000e-04,-7.120000e-04,0.5680,0.0280,-0.4620,3.48720,0.04890,-0.04890,2.1414e+03,2.020e+01,-2.020e+01,4.18,4.820e+00,-6.000e-01,642.0,,,40.03,168.40,-14.02,116.20,1,q1_q17_dr25_tce,4954.00,148.00,-148.00,4.462,0.102,-0.578,0.8850,1.0190,-0.1270,294.068480,46.579330,15.223
8644288,K00137.02,Kepler-18 d,CONFIRMED,CANDIDATE,1.0000,0,0,0,0,14.858908520,3.8080000e-06,-3.8080000e-06,128.1548690,2.170000e-04,-2.170000e-04,0.2550,0.0520,-0.2250,3.52520,0.01330,-0.01330,3.2690e+03,7.700e+00,-7.700e+00,5.94,3.700e-01,-4.000e-01,720.0,,,63.52,14.25,-11.28,456.80,1,q1_q17_dr25_tce,5356.00,112.00,-72.00,4.338,0.065,-0.040,1.0550,0.0650,-0.0720,298.079440,44.746319,13.549
8158127,K01015.02,Kepler-750 c,CONFIRMED,CANDIDATE,0.9890,0,0,0,0,4.088972990,2.1510000e-05,-2.1510000e-05,135.7640200,5.070000e-03,-5.070000e-03,0.3740,0.0590,-0.3740,3.58500,0.13800,-0.13800,1.5790e+02,9.300e+00,-9.300e+00,2.36,3.200e-01,-6.100e-01,1537.0,,,1317.96,486.13,-631.56,19.00,2,q1_q17_dr25_tce,5897.00,79.00,-79.00,3.980,0.203,-0.072,1.8600,0.2590,-0.4810,289.096890,44.004379,14.500
8176653,K01016.01,,FALSE POSITIVE,FALSE POSITIVE,0.0000,0,0,1,0,2.866680334,2.8510000e-06,-2.8510000e-06,134.0663740,8.050000e-04,-8.050000e-04,0.9680,0.0410,-0.7000,1.12640,0.08770,-0.08770,7.1240e+02,2.210e+01,-2.210e+01,2.93,4.700e-01,-2.200e-01,1045.0,,,282.64,145.46,-67.90,43.00,1,q1_q17_dr25_tce,5238.00,158.00,-158.00,4.598,0.032,-0.097,0.7640,0.1220,-0.0560,295.472200,44.077381,15.028
8174625,K01017.01,Kepler-751 b,CONFIRMED,CANDIDATE,1.0000,0,0,0,0,17.444860160,4.9010000e-05,-4.9010000e-05,141.6802000,2.320000e-03,-2.320000e-03,0.8710,0.0300,-0.6180,4.44500,0.08100,-0.08100,8.2690e+02,2.030e+01,-2.030e+01,3.24,8.800e-01,-4.700e-01,679.0,,,50.32,40.99,-17.80,46.00,1,q1_q17_dr25_tce,5568.00,166.00,-166.00,4.413,0.120,-0.180,0.9660,0.2610,-0.1410,294.843840,44.077679,15.007
8183911,K01018.01,,FALSE POSITIVE,FALSE POSITIVE,0.0000,0,0,1,0,8.306974210,3.7430000e-05,-3.7430000e-05,137.0825400,3.920000e-03,-3.920000e-03,1.1510,68.1400,-0.3940,2.76000,0.22300,-0.22300,1.5870e+02,1.120e+01,-1.120e+01,37.99,2.275e+01,-2.781e+01,1246.0,,,570.93,1049.01,-535.02,17.40,1,q1_q17_dr25_tce,5300.00,140.00,-172.00,3.690,0.917,-0.327,2.1240,1.2720,-1.5550,297.493320,44.051868,13.838
8179973,K01019.01,,FALSE POSITIVE,FALSE POSITIVE,,1,0,0,0,2.497051750,,,135.3072596,,,,,,3.79000,,,,,,,,,,,,,,,,,,,,,,,,,,,296.481870,44.009151,10.266
10157458,K01083.01,Kepler-764 b,CONFIRMED,CANDIDATE,1.0000,0,0,0,0,7.336851010,3.6700000e-05,-3.6700000e-05,138.5829000,3.650000e-03,-3.650000e-03,0.0180,0.4170,-0.0180,3.54800,0.11300,-0.11300,3.2580e+02,1.640e+01,-1.640e+01,1.52,4.500e-01,-1.400e-01,875.0,,,138.46,120.47,-37.52,21.60,1,q1_q17_dr25_tce,5795.00,155.00,-172.00,4.554,0.036,-0.192,0.8480,0.2520,-0.0790,297.393190,47.164631,15.302
4649305,K00143.01,,FALSE POSITIVE,FALSE POSITIVE,0.9830,0,1,0,0,22.651174510,1.4740000e-05,-1.4740000e-05,140.3375930,5.510000e-04,-5.510000e-04,0.9250,0.0030,-0.0040,3.68950,0.03640,-0.03640,2.2500e+03,1.750e+01,-1.750e+01,7.62,2.930e+00,-9.800e-01,855.0,,,126.57,144.35,-44.30,170.10,1,q1_q17_dr25_tce,6968.00,194.00,-267.00,4.310,0.058,-0.232,1.3330,0.5130,-0.1710,290.103330,39.781631,13.682
10148521,K01084.01,,FALSE POSITIVE,FALSE POSITIVE,0.0000,0,0,1,0,1.204274435,1.8880000e-06,-1.8880000e-06,134.0583800,1.210000e-03,-1.210000e-03,0.5280,0.0550,-0.4340,1.33620,0.04540,-0.04540,1.8580e+02,6.500e+00,-6.500e+00,1.19,3.200e-01,-1.100e-01,1564.0,,,1413.91,1120.16,-391.53,34.70,1,q1_q17_dr25_tce,5668.00,152.00,-169.00,4.552,0.035,-0.184,0.8490,0.2290,-0.0820,294.596130,47.197449,14.415
10118816,K01085.01,Kepler-1735 b,CONFIRMED,CANDIDATE,0.9930,0,0,0,0,7.717906750,4.4870000e-05,-4.4870000e-05,139.1572500,4.670000e-03,-4.670000e-03,0.1120,0.3470,-0.1120,1.84000,0.14800,-0.14800,3.0680e+02,2.920e+01,-2.920e+01,0.90,6.000e-02,-7.000e-02,502.0,,,15.01,3.53,-3.20,12.60,1,q1_q17_dr25_tce,3975.00,71.00,-87.00,4.753,0.031,-0.038,0.5090,0.0370,-0.0370,281.050110,47.188148,15.233
10122255,K01086.01,Kepler-765 b,CONFIRMED,CANDIDATE,1.0000,0,0,0,0,27.665284700,1.3000000e-04,-1.3000000e-04,144.8714000,3.460000e-03,-3.460000e-03,0.0040,0.4250,-0.0040,6.63300,0.10800,-0.10800,4.6920e+02,1.510e+01,-1.510e+01,2.21,6.400e-01,-3.500e-01,641.0,,,39.94,34.34,-14.89,36.10,1,q1_q17_dr25_tce,6036.00,163.00,-181.00,4.396,0.105,-0.195,1.0170,0.2980,-0.1610,283.184600,47.155670,14.609
3124412,K01087.01,,FALSE POSITIVE,FALSE POSITIVE,0.0000,0,1,1,1,0.948950734,4.4800000e-07,-4.4800000e-07,134.3681520,3.950000e-04,-3.950000e-04,1.2460,0.2430,-0.0790,4.02450,0.02390,-0.02390,2.1330e+03,1.030e+01,-1.030e+01,36.87,1.263e+01,-5.040e+00,2103.0,,,4636.91,4680.69,-1719.30,238.60,1,q1_q17_dr25_tce,6307.00,174.00,-261.00,4.391,0.070,-0.210,1.1330,0.3880,-0.1550,293.243840,38.273270,14.909
3835670,K00149.01,Kepler-473 b,CONFIRMED,CANDIDATE,1.0000,0,0,0,0,14.557308970,1.3950000e-05,-1.3950000e-05,145.0950120,7.600000e-04,-7.600000e-04,0.0360,0.2840,-0.0360,7.76430,0.02890,-0.02890,9.5690e+02,5.500e+00,-5.500e+00,4.32,7.100e-01,-8.600e-01,879.0,,,141.00,65.83,-57.18,200.00,1,q1_q17_dr25_tce,5774.00,115.00,-104.00,4.159,0.168,-0.098,1.4120,0.2320,-0.2830,286.630100,38.945599,13.397
10287248,K01152.01,,FALSE POSITIVE,FALSE POSITIVE,0.0000,0,1,1,0,4.722254104,1.5750000e-06,-1.5750000e-06,178.2433130,2.550000e-04,-2.550000e-04,0.5060,0.0300,-0.0030,3.45100,0.02090,-0.02090,8.2670e+04,3.540e+02,-3.540e+02,14.45,9.800e-01,-8.000e-01,557.0,,,22.67,4.75,-3.73,314.10,1,q1_q17_dr25_tce,3801.00,57.00,-62.00,4.776,0.025,-0.039,0.4880,0.0330,-0.0270,296.695620,47.327309,13.987
10351767,K01153.01,,FALSE POSITIVE,FALSE POSITIVE,0.0000,1,0,0,0,0.635069939,7.1000000e-08,-7.1000000e-08,134.0209283,8.690000e-05,-8.690000e-05,1.2500,0.1870,-0.0790,2.07171,0.00354,-0.00354,3.3117e+04,2.960e+01,-2.960e+01,57.77,1.829e+01,-6.120e+00,2351.0,,,7193.72,6499.52,-2154.28,578.60,1,q1_q17_dr25_tce,6340.00,150.00,-206.00,4.434,0.054,-0.216,1.0580,0.3350,-0.1120,296.320280,47.406570,14.539
10295951,K01154.01,,CANDIDATE,CANDIDATE,0.8710,0,0,0,0,6.810823723,1.0140000e-06,-1.0140000e-06,136.0466700,1.150000e-04,-1.150000e-04,0.5700,0.0110,-0.0100,7.98574,0.00861,-0.00861,1.4447e+04,1.200e+01,-1.200e+01,26.06,6.360e+00,-9.530e+00,1626.0,,,1656.16,1245.30,-1094.83,1441.90,1,q1_q17_dr25_tce,7226.00,228.00,-304.00,3.967,0.315,-0.135,2.0790,0.5070,-0.7600,299.102810,47.377781,12.628
10342041,K01155.01,,FALSE POSITIVE,FALSE POSITIVE,0.0000,0,0,1,1,0.933746515,3.1100000e-07,-3.1100000e-07,133.3874150,2.910000e-04,-2.910000e-04,1.2620,0.0850,-0.0820,6.65220,0.02180,-0.02180,2.9366e+03,7.000e+00,-7.000e+00,25.54,3.380e+00,-2.250e+00,1508.0,,,1222.25,541.93,-310.48,549.50,1,q1_q17_dr25_tce,5252.00,157.00,-141.00,4.596,0.054,-0.072,0.7160,0.0950,-0.0630,292.833010,47.495529,14.658
10514770,K01156.01,,FALSE POSITIVE,FALSE POSITIVE,0.0000,0,1,0,0,1.872421727,5.6400000e-07,-5.6400000e-07,134.3661620,2.500000e-04,-2.500000e-04,0.9170,0.0160,-0.0180,1.52610,0.02570,-0.02570,3.0189e+03,3.260e+01,-3.260e+01,5.65,8.100e-01,-7.300e-01,1298.0,,,672.92,315.81,-220.05,179.00,1,q1_q17_dr25_tce,5337.00,159.00,-159.00,4.486,0.105,-0.105,0.8250,0.1180,-0.1060,281.523800,47.755341,15.290
9775938,K00951.02,Kepler-258 c,CONFIRMED,CANDIDATE,0.9820,0,0,0,0,33.652847400,1.0540000e-04,-1.0540000e-04,147.8025000,2.660000e-03,-2.660000e-03,0.5670,0.0060,-0.5090,3.96160,0.09490,-0.09490,1.1408e+03,2.960e+01,-2.960e+01,3.05,3.520e+00,-4.400e-01,470.0,,,11.50,48.38,-4.03,41.90,2,q1_q17_dr25_tce,4954.00,148.00,-148.00,4.462,0.102,-0.578,0.8850,1.0190,-0.1270,294.068480,46.579330,15.223
9787239,K00952.01,Kepler-32 b,CONFIRMED,CANDIDATE,1.0000,0,0,0,0,5.901278150,7.0300000e-06,-7.0300000e-06,171.4067400,8.840000e-04,-8.840000e-04,0.0300,0.2880,-0.0300,2.19790,0.03070,-0.03070,1.5252e+03,2.890e+01,-2.890e+01,1.94,1.300e-01,-2.000e-01,514.0,,,16.54,3.85,-4.36,56.60,1,q1_q17_dr25_tce,3731.00,73.00,-83.00,4.750,0.052,-0.028,0.4980,0.0340,-0.0510,297.842410,46.574268,15.801
9787239,K00952.02,Kepler-32 c,CONFIRMED,CANDIDATE,1.0000,0,0,0,0,8.752096910,1.3060000e-05,-1.3060000e-05,170.6367100,1.180000e-03,-1.180000e-03,0.0170,0.3170,-0.0170,2.37420,0.03840,-0.03840,1.3676e+03,3.250e+01,-3.250e+01,1.83,1.300e-01,-1.900e-01,451.0,,,9.76,2.27,-2.58,44.80,3,q1_q17_dr25_tce,3731.00,73.00,-83.00,4.750,0.052,-0.028,0.4980,0.0340,-0.0510,297.842410,46.574268,15.801
9787239,K00952.03,Kepler-32 d,CONFIRMED,CANDIDATE,1.0000,0,0,0,0,22.780782410,3.9510000e-05,-3.9510000e-05,155.2040800,1.380000e-03,-1.380000e-03,0.0080,0.2830,-0.0080,3.30020,0.04490,-0.04490,1.9251e+03,4.230e+01,-4.230e+01,2.17,1.500e-01,-2.200e-01,328.0,,,2.73,0.63,-0.72,46.40,2,q1_q17_dr25_tce,3731.00,73.00,-83.00,4.750,0.052,-0.028,0.4980,0.0340,-0.0510,297.842410,46.574268,15.801
9787239,K00952.04,Kepler-32 e,CONFIRMED,CANDIDATE,0.9680,0,0,0,0,2.896005211,4.3170000e-06,-4.3170000e-06,133.6122800,1.180000e-03,-1.180000e-03,0.0820,0.2560,-0.0820,1.67760,0.03450,-0.03450,6.1410e+02,2.320e+01,-2.320e+01,1.23,8.000e-02,-1.300e-01,652.0,,,42.53,9.92,-11.21,28.60,4,q1_q17_dr25_tce,3731.00,73.00,-83.00,4.750,0.052,-0.028,0.4980,0.0340,-0.0510,297.842410,46.574268,15.801
9787239,K00952.05,Kepler-32 f,CONFIRMED,CANDIDATE,0.9960,0,0,0,0,0.742957911,2.3000000e-07,-2.3000000e-07,133.2793600,2.280000e-04,-2.280000e-04,0.1620,0.1620,-0.1610,0.66880,0.05100,-0.05100,8.4330e+02,1.360e+01,-1.360e+01,1.47,1.000e-01,-1.500e-01,1026.0,,,262.51,61.21,-69.21,45.30,5,q1_q17_dr25_tce,3731.00,73.00,-83.00,4.750,0.052,-0.028,0.4980,0.0340,-0.0510,297.842410,46.574268,15.801
2309719,K01020.01,,FALSE POSITIVE,FALSE POSITIVE,0.0000,0,1,0,0,54.356350670,1.5980000e-05,-1.5980000e-05,164.0702210,2.390000e-04,-2.390000e-04,1.1420,0.3010,-0.0720,6.43450,0.01290,-0.01290,1.0510e+04,1.990e+01,-1.990e+01,38.81,6.740e+00,-4.890e+00,566.0,,,24.18,11.87,-7.27,628.10,1,q1_q17_dr25_tce,6161.00,123.00,-135.00,4.281,0.120,-0.120,1.2550,0.2180,-0.1580,292.930850,37.606640,12.899
2558363,K01021.01,,FALSE POSITIVE,FALSE POSITIVE,0.0000,0,0,1,1,0.546248550,8.7300000e-07,-8.7300000e-07,178.5614000,1.310000e-03,-1.310000e-03,1.2150,1.0700,-0.0060,2.05430,0.07320,-0.07320,6.3970e+02,1.860e+01,-1.860e+01,18.93,3.180e+00,-1.460e+00,1837.0,,,2677.36,1432.81,-657.57,42.90,1,q1_q17_dr25_tce,5414.00,162.00,-162.00,4.625,0.035,-0.105,0.7140,0.1200,-0.0550,287.133880,37.839260,15.996
2716853,K01022.01,Kepler-752 b,CONFIRMED,CANDIDATE,1.0000,0,0,0,0,18.827440230,7.9340000e-05,-7.9340000e-05,196.1908800,3.130000e-03,-3.130000e-03,0.0250,0.4120,-0.0250,4.66400,0.10600,-0.10600,1.0062e+03,3.620e+01,-3.620e+01,2.70,7.800e-01,-2.500e-01,632.0,,,37.82,32.51,-10.39,29.50,1,q1_q17_dr25_tce,5687.00,169.00,-169.00,4.538,0.046,-0.184,0.8600,0.2460,-0.0820,292.268130,37.955639,15.762
2445154,K01023.01,,FALSE POSITIVE,FALSE POSITIVE,0.0000,0,0,1,1,8.412006900,3.5090000e-05,-3.5090000e-05,139.6474500,3.620000e-03,-3.620000e-03,0.0220,0.8210,-0.0220,3.92300,0.55100,-0.55100,8.1960e+02,3.440e+01,-3.440e+01,1.71,1.500e-01,-1.300e-01,590.0,,,28.69,9.33,-6.89,39.70,1,q1_q17_dr25_tce,4502.00,121.00,-134.00,4.668,0.028,-0.048,0.6210,0.0570,-0.0460,291.853820,37.741920,15.156
2715135,K01024.01,Kepler-753 b,CONFIRMED,CANDIDATE,1.0000,0,0,0,0,5.747711909,7.4880000e-06,-7.4880000e-06,133.2993900,1.110000e-03,-1.110000e-03,0.5750,0.0510,-0.4540,1.89230,0.04000,-0.04000,8.2010e+02,1.850e+01,-1.850e+01,1.86,7.000e-02,-9.000e-02,641.0,,,40.07,6.76,-6.61,51.70,1,q1_q17_dr25_tce,4252.00,84.00,-84.00,4.640,0.030,-0.017,0.6320,0.0250,-0.0310,291.903260,37.902290,14.496
8644288,K00137.03,Kepler-18 b,CONFIRMED,CANDIDATE,1.0000,0,0,0,0,3.504691252,3.0910000e-06,-3.0910000e-06,133.5119410,7.140000e-04,-7.140000e-04,0.7410,0.0040,-0.5500,1.98110,0.02270,-0.02270,3.1510e+02,5.100e+00,-5.100e+00,2.03,1.300e-01,-1.400e-01,1165.0,,,435.21,97.61,-77.29,67.50,3,q1_q17_dr25_tce,5356.00,112.00,-72.00,4.338,0.065,-0.040,1.0550,0.0650,-0.0720,298.079440,44.746319,13.549
3113266,K01088.01,,FALSE POSITIVE,FALSE POSITIVE,0.0000,0,1,1,0,0.995861402,1.4600000e-07,-1.4600000e-07,132.3468190,1.220000e-04,-1.220000e-04,1.2560,2.5280,-0.1390,1.15070,0.00838,-0.00838,4.9938e+03,2.400e+01,-2.400e+01,26.93,3.810e+00,-2.370e+00,1477.0,,,1124.35,524.29,-295.75,272.00,1,q1_q17_dr25_tce,5286.00,158.00,-158.00,4.604,0.045,-0.071,0.7060,0.1000,-0.0620,290.639430,38.284630,15.577
3247268,K01089.01,Kepler-418 b,CONFIRMED,CANDIDATE,0.9340,0,0,0,0,86.678560520,6.2620000e-05,-6.2620000e-05,175.5970130,5.840000e-04,-5.840000e-04,0.2910,0.0750,-0.1730,10.12890,0.05150,-0.05150,8.2441e+03,2.870e+01,-2.870e+01,9.83,1.480e+00,-1.200e+00,434.0,,,8.41,3.54,-2.43,318.30,1,q1_q17_dr25_tce,5822.00,105.00,-116.00,4.351,0.115,-0.115,1.0810,0.1620,-0.1320,294.433500,38.355450,14.696
3247268,K01089.02,Kepler-418 c,CONFIRMED,CANDIDATE,1.0000,0,0,0,0,12.218280970,1.1280000e-05,-1.1280000e-05,140.3210950,7.450000e-04,-7.450000e-04,0.7780,0.0270,-0.5560,2.69690,0.06690,-0.06690,1.8434e+03,2.320e+01,-2.320e+01,5.10,7.600e-01,-6.200e-01,835.0,,,114.59,48.15,-33.11,90.10,2,q1_q17_dr25_tce,5822.00,105.00,-116.00,4.351,0.115,-0.115,1.0810,0.1620,-0.1320,294.433500,38.355450,14.696
3232859,K01090.01,,FALSE POSITIVE,FALSE POSITIVE,0.0000,0,1,1,0,8.387210055,2.1330000e-06,-2.1330000e-06,138.9037590,2.210000e-04,-2.210000e-04,1.2840,31.3400,-0.1040,1.64770,0.01220,-0.01220,4.9520e+03,3.340e+01,-3.340e+01,72.52,1.135e+01,-1.705e+01,1211.0,,,509.55,209.48,-227.16,180.60,1,q1_q17_dr25_tce,6089.00,82.00,-82.00,4.044,0.182,-0.098,1.7950,0.2810,-0.4220,290.862000,38.353580,14.010
3098184,K01091.01,,FALSE POSITIVE,FALSE POSITIVE,0.0000,0,1,0,1,15.238453900,1.5880000e-04,-1.5880000e-04,369.5690200,6.920000e-03,-6.920000e-03,0.7400,0.0510,-0.2240,19.29200,0.69200,-0.69200,7.0190e+03,1.510e+02,-1.510e+02,9.84,2.840e+00,-1.220e+00,829.0,,,111.67,95.62,-38.34,56.00,1,q1_q17_dr25_tce,6384.00,179.00,-246.00,4.419,0.062,-0.188,1.0860,0.3140,-0.1340,286.000310,38.284599,15.148
2720309,K01092.01,,FALSE POSITIVE,FALSE POSITIVE,,0,0,0,0,0.413334492,1.3900000e-07,-1.3900000e-07,133.2122250,2.790000e-04,-2.790000e-04,1.2313,0.1399,-0.0550,2.38080,0.02670,-0.02670,2.0251e+03,1.190e+01,-1.190e+01,31.52,1.467e+01,-2.800e+00,2509.0,,,9374.09,13020.15,-2578.93,236.90,,,5973.00,161.00,-200.00,4.465,0.044,-0.311,1.0160,0.4730,-0.0900,293.025120,37.992641,14.784
10342065,K01157.01,,FALSE POSITIVE,FALSE POSITIVE,0.0000,0,0,1,1,0.933746140,4.8100000e-07,-4.8100000e-07,133.3881530,4.660000e-04,-4.660000e-04,1.2700,0.1090,-0.1000,6.55100,0.03210,-0.03210,1.7175e+03,6.300e+00,-6.300e+00,149.71,3.535e+01,-1.132e+02,3303.0,,,28084.15,21255.96,-26636.71,365.70,1,q1_q17_dr25_tce,5438.00,193.00,-193.00,3.424,0.832,-0.156,4.3190,1.0200,-3.2650,292.842130,47.483829,13.964
10352945,K01158.01,,FALSE POSITIVE,FALSE POSITIVE,0.0000,0,0,1,1,6.471792750,3.8960000e-05,-3.8960000e-05,356.3847700,4.340000e-03,-4.340000e-03,0.0140,0.4080,-0.0140,6.78800,0.12200,-0.12200,4.0250e+02,1.490e+01,-1.490e+01,2.08,6.200e-01,-2.400e-01,1075.0,,,316.00,275.50,-108.68,30.70,1,q1_q17_dr25_tce,6341.00,176.00,-264.00,4.446,0.062,-0.188,1.0330,0.3050,-0.1220,296.699710,47.406731,15.403
10354039,K01159.01,Kepler-1737 b,CONFIRMED,CANDIDATE,0.8940,0,0,0,0,64.617518000,1.9380000e-04,-1.9380000e-04,166.1442500,2.360000e-03,-2.360000e-03,0.9000,0.0180,-0.0640,5.79600,0.23500,-0.23500,2.4866e+03,5.020e+01,-5.020e+01,5.40,5.500e-01,-6.100e-01,383.0,,,5.09,1.94,-1.53,61.90,1,q1_q17_dr25_tce,5043.00,164.00,-149.00,4.470,0.104,-0.095,0.8810,0.0900,-0.0990,297.014830,47.486431,15.332
10330115,K01160.01,Kepler-781 b,CONFIRMED,CANDIDATE,1.0000,0,0,0,0,13.214096070,3.7010000e-05,-3.7010000e-05,140.5849200,2.460000e-03,-2.460000e-03,0.8120,0.1060,-0.6060,3.56410,0.07000,-0.07000,1.1548e+03,3.510e+01,-3.510e+01,2.77,4.300e-01,-2.300e-01,629.0,,,36.95,18.38,-9.05,38.00,1,q1_q17_dr25_tce,5333.00,159.00,-143.00,4.620,0.032,-0.097,0.7280,0.1120,-0.0600,287.653630,47.414810,15.987
10426656,K01161.01,Kepler-272 c,CONFIRMED,CANDIDATE,1.0000,0,0,0,0,6.057299660,1.7920000e-05,-1.7920000e-05,135.9275600,2.360000e-03,-2.360000e-03,0.2190,0.2480,-0.2190,3.74190,0.07420,-0.07420,3.8520e+02,1.180e+01,-1.180e+01,1.94,2.100e-01,-2.600e-01,947.0,,,189.98,58.52,-55.90,35.10,1,q1_q17_dr25_tce,5334.00,79.00,-79.00,4.372,0.132,-0.077,1.0040,0.1110,-0.1350,299.127530,47.593830,14.678
9820483,K00953.01,Kepler-740 b,CONFIRMED,CANDIDATE,1.0000,0,0,0,0,3.584101048,1.9160000e-06,-1.9160000e-06,170.4278290,4.220000e-04,-4.220000e-04,0.0450,0.3190,-0.0450,2.73160,0.02060,-0.02060,2.6081e+03,1.810e+01,-1.810e+01,4.66,1.340e+00,-4.400e-01,1131.0,,,386.66,332.86,-109.75,166.30,1,q1_q17_dr25_tce,5739.00,171.00,-188.00,4.518,0.048,-0.204,0.9220,0.2640,-0.0880,286.482270,46.692451,15.954
9941662,K00013.01,Kepler-13 b,CONFIRMED,CANDIDATE,0.8750,0,1,0,0,1.763587535,4.2000000e-08,-4.2000000e-08,120.5659254,1.990000e-05,-1.990000e-05,0.5120,0.0070,-0.0080,3.16877,0.00290,-0.00290,4.5906e+03,1.500e+00,-1.500e+00,21.42,6.330e+00,-9.480e+00,3559.0,,,37958.27,32770.23,-28302.96,4061.90,1,q1_q17_dr25_tce,9107.00,242.00,-443.00,3.867,0.343,-0.147,3.0310,0.8950,-1.3420,286.971190,46.868359,9.958
7778437,K00131.01,Kepler-471 b,CONFIRMED,CANDIDATE,1.0000,0,0,0,0,5.014234733,8.5900000e-07,-8.5900000e-07,133.1742890,1.410000e-04,-1.410000e-04,0.0660,0.0290,-0.0660,4.58900,0.00525,-0.00525,6.5360e+03,9.500e+00,-9.500e+00,10.63,3.570e+00,-1.530e+00,1308.0,,,692.13,665.33,-253.54,794.30,1,q1_q17_dr25_tce,6490.00,155.00,-232.00,4.320,0.067,-0.202,1.3070,0.4390,-0.1880,299.097530,43.497589,13.797
9823457,K00954.01,Kepler-259 b,CONFIRMED,CANDIDATE,1.0000,0,0,0,0,8.115287270,1.3400000e-05,-1.3400000e-05,174.5225700,1.420000e-03,-1.420000e-03,0.9160,0.0050,-0.6310,3.21100,0.10000,-0.10000,8.3490e+02,1.530e+01,-1.530e+01,3.10,9.000e-01,-3.000e-01,879.0,,,140.92,120.76,-39.20,59.10,1,q1_q17_dr25_tce,5926.00,160.00,-178.00,4.532,0.036,-0.204,0.8870,0.2590,-0.0860,288.211940,46.615002,15.219
9823457,K00954.02,Kepler-259 c,CONFIRMED,CANDIDATE,1.0000,0,0,0,0,36.925040900,1.1650000e-04,-1.1650000e-04,174.2224600,2.360000e-03,-2.360000e-03,0.8380,0.0430,-0.6110,4.93810,0.07380,-0.07380,9.0200e+02,2.430e+01,-2.430e+01,3.01,8.800e-01,-2.900e-01,530.0,,,18.70,16.02,-5.20,39.30,2,q1_q17_dr25_tce,5926.00,160.00,-178.00,4.532,0.036,-0.204,0.8870,0.2590,-0.0860,288.211940,46.615002,15.219
2574201,K01025.01,,FALSE POSITIVE,FALSE POSITIVE,0.0000,0,1,1,0,37.478349200,2.9390000e-04,-2.9390000e-04,157.3171300,6.030000e-03,-6.030000e-03,1.1610,68.4100,-0.3800,5.31700,0.34100,-0.34100,1.4679e+03,8.460e+01,-8.460e+01,10.05,7.800e-01,-1.030e+00,262.0,,,1.12,0.27,-0.29,18.30,1,q1_q17_dr25_tce,3687.00,65.00,-80.00,4.813,0.048,-0.036,0.4400,0.0340,-0.0450,291.108460,37.857792,15.501
2166206,K01028.01,,FALSE POSITIVE,FALSE POSITIVE,0.0000,0,0,1,1,8.096957640,2.3290000e-05,-2.3290000e-05,140.7421600,2.380000e-03,-2.380000e-03,1.1650,41.4800,-0.0210,3.31900,0.11800,-0.11800,2.8350e+02,9.400e+00,-9.400e+00,34.00,5.200e+00,-7.780e+00,1197.0,,,484.58,194.86,-211.75,35.40,1,q1_q17_dr25_tce,5949.00,80.00,-80.00,4.024,0.203,-0.087,1.7070,0.2610,-0.3910,292.736270,37.560341,13.295
2164169,K01029.01,Kepler-1732 b,CONFIRMED,CANDIDATE,1.0000,0,0,0,0,32.312286700,1.7360000e-04,-1.7360000e-04,133.8670000,4.700000e-03,-4.700000e-03,0.9340,0.0050,-0.6460,6.56900,0.20800,-0.20800,6.7780e+02,2.260e+01,-2.260e+01,4.84,7.900e-01,-1.060e+00,699.0,,,56.49,24.19,-23.80,33.60,1,q1_q17_dr25_tce,5821.00,79.00,-79.00,4.108,0.182,-0.098,1.4940,0.2440,-0.3260,292.290990,37.580799,14.757
2574338,K01030.01,Kepler-1733 b,CONFIRMED,CANDIDATE,0.9970,0,0,0,0,9.229613840,4.2780000e-05,-4.2780000e-05,138.4396100,4.220000e-03,-4.220000e-03,0.0670,0.3930,-0.0670,2.23500,0.11700,-0.11700,4.9210e+02,2.970e+01,-2.970e+01,2.79,4.700e-01,-1.900e-01,1021.0,,,257.11,111.43,-45.91,19.30,1,q1_q17_dr25_tce,6320.00,75.00,-88.00,4.347,0.032,-0.120,1.2520,0.2120,-0.0850,291.138490,37.859299,15.399
2584163,K01031.01,Kepler-754 b,CONFIRMED,CANDIDATE,0.8850,0,0,0,0,14.559855600,1.6120000e-04,-1.6120000e-04,135.9503800,8.900000e-03,-8.900000e-03,0.0260,0.4230,-0.0260,5.62400,0.24600,-0.24600,2.9060e+02,2.060e+01,-2.060e+01,1.64,4.900e-01,-2.100e-01,758.0,,,78.26,68.80,-25.83,15.60,1,q1_q17_dr25_tce,5959.00,167.00,-188.00,4.460,0.067,-0.202,0.9660,0.2870,-0.1230,293.254120,37.846191,15.160
4180280,K00144.01,Kepler-472 b,CONFIRMED,CANDIDATE,1.0000,0,0,0,0,4.176254191,1.7990000e-06,-1.7990000e-06,133.0904150,3.560000e-04,-3.560000e-04,0.7150,0.0800,-0.4860,3.67160,0.03860,-0.03860,1.3601e+03,6.200e+00,-6.200e+00,3.07,2.000e-01,-1.100e-01,876.0,,,139.48,32.11,-20.03,249.70,1,q1_q17_dr25_tce,4957.00,100.00,-100.00,4.594,0.014,-0.060,0.7760,0.0510,-0.0280,296.524290,39.249760,13.698
3239636,K01093.01,,FALSE POSITIVE,FALSE POSITIVE,0.0000,1,0,1,0,0.528755447,7.6000000e-07,-7.6000000e-07,133.3822700,1.170000e-03,-1.170000e-03,1.2040,0.0910,-0.0990,5.71400,0.27100,-0.27100,4.0850e+02,6.600e+00,-6.600e+00,47.75,7.530e+00,-1.129e+01,3271.0,,,27241.45,11275.39,-12099.61,100.10,1,q1_q17_dr25_tce,6151.00,83.00,-73.00,3.920,0.196,-0.098,1.9540,0.3080,-0.4620,292.583040,38.374378,14.662
2721030,K01094.01,Kepler-766 b,CONFIRMED,CANDIDATE,0.9940,0,0,0,0,6.100276210,1.6210000e-05,-1.6210000e-05,135.5865600,2.330000e-03,-2.330000e-03,0.0150,0.3600,-0.0150,4.74760,0.06470,-0.06470,7.6660e+02,1.960e+01,-1.960e+01,2.59,8.200e-01,-2.800e-01,990.0,,,227.15,222.45,-68.49,43.20,1,q1_q17_dr25_tce,5957.00,195.00,-195.00,4.506,0.039,-0.208,0.9370,0.2990,-0.1000,293.184540,37.969841,15.678
3329204,K01095.01,,CANDIDATE,CANDIDATE,0.9970,0,0,0,0,51.598095540,4.6310000e-05,-4.6310000e-05,203.9799140,7.210000e-04,-7.210000e-04,0.2510,0.1500,-0.2510,2.01530,0.03630,-0.03630,5.8692e+03,8.710e+01,-8.710e+01,6.57,1.900e+00,-5.900e-01,449.0,,,9.61,8.34,-2.57,79.70,1,q1_q17_dr25_tce,5681.00,169.00,-169.00,4.551,0.034,-0.195,0.8590,0.2480,-0.0780,287.616880,38.402321,15.617
3230491,K01096.01,,CANDIDATE,CANDIDATE,,0,0,0,0,1500.000000000,0.0000000e+00,0.0000000e+00,315.3308300,1.420000e-03,-1.420000e-03,0.9243,0.3976,-0.0482,7.10900,0.14400,-0.14400,9.5920e+03,2.070e+02,-2.070e+02,9.80,3.480e+00,-7.100e-01,139.0,,,0.09,0.09,-0.02,62.50,,,5606.00,158.00,-150.00,4.597,0.030,-0.213,0.7600,0.2700,-0.0550,290.183040,38.321941,14.709
3340070,K01097.01,,FALSE POSITIVE,FALSE POSITIVE,,0,0,0,0,10.911048700,1.1690000e-04,-1.1690000e-04,142.5271400,8.920000e-03,-8.920000e-03,0.9761,0.4458,-0.0301,7.03300,0.51000,-0.51000,4.0190e+02,2.640e+01,-2.640e+01,2.36,1.010e+00,-1.800e-01,786.0,,,90.07,115.22,-22.05,28.30,,,5903.00,166.00,-170.00,4.546,0.030,-0.304,0.8640,0.3700,-0.0680,290.894070,38.435032,15.172
7626506,K00150.01,Kepler-112 b,CONFIRMED,CANDIDATE,1.0000,0,0,0,0,8.408878137,6.1280000e-06,-6.1280000e-06,134.0063660,6.060000e-04,-6.060000e-04,0.0180,0.3070,-0.0180,3.49670,0.01960,-0.01960,7.9890e+02,6.100e+00,-6.100e+00,2.28,1.900e-01,-2.000e-01,809.0,,,101.22,28.04,-23.26,147.20,1,q1_q17_dr25_tce,5551.00,111.00,-111.00,4.508,0.077,-0.063,0.8120,0.0700,-0.0700,296.981020,43.209751,13.771
10426656,K01161.02,Kepler-272 d,CONFIRMED,CANDIDATE,0.9910,0,0,0,0,10.937255720,4.2730000e-05,-4.2730000e-05,136.9854900,2.920000e-03,-2.920000e-03,0.8660,0.0790,-0.5950,3.08220,0.09870,-0.09870,4.2160e+02,1.820e+01,-1.820e+01,2.41,2.700e-01,-3.200e-01,777.0,,,86.28,26.58,-25.39,24.60,2,q1_q17_dr25_tce,5334.00,79.00,-79.00,4.372,0.132,-0.077,1.0040,0.1110,-0.1350,299.127530,47.593830,14.678
10426656,K01161.03,Kepler-272 b,CONFIRMED,CANDIDATE,0.9610,0,0,0,0,2.971366580,1.0600000e-05,-1.0600000e-05,134.3866200,2.620000e-03,-2.620000e-03,0.3490,0.1020,-0.3490,2.71600,0.08520,-0.08520,2.3330e+02,1.000e+01,-1.000e+01,1.52,1.700e-01,-2.000e-01,1200.0,,,490.13,150.98,-144.22,25.60,3,q1_q17_dr25_tce,5334.00,79.00,-79.00,4.372,0.132,-0.077,1.0040,0.1110,-0.1350,299.127530,47.593830,14.678
10528068,K01162.01,Kepler-782 b,CONFIRMED,CANDIDATE,0.9990,0,0,0,0,158.685002200,4.6600000e-04,-4.6600000e-04,173.9499300,2.070000e-03,-2.070000e-03,0.0340,0.3800,-0.0340,11.53720,0.07940,-0.07940,8.9830e+02,1.050e+01,-1.050e+01,3.08,4.400e-01,-4.900e-01,350.0,,,3.53,1.43,-1.20,97.40,1,q1_q17_dr25_tce,5751.00,103.00,-103.00,4.340,0.156,-0.104,1.0340,0.1490,-0.1640,288.868230,47.759430,12.783
10468940,K01163.01,Kepler-273 b,CONFIRMED,CANDIDATE,1.0000,0,0,0,0,2.936527336,5.1360000e-06,-5.1360000e-06,135.7182900,1.410000e-03,-1.410000e-03,0.5240,0.0710,-0.4150,1.77100,0.04330,-0.04330,3.5230e+02,1.130e+01,-1.130e+01,1.92,2.100e-01,-2.600e-01,1209.0,,,505.22,156.20,-147.71,34.70,1,q1_q17_dr25_tce,5359.00,80.00,-72.00,4.375,0.132,-0.077,1.0020,0.1110,-0.1360,291.302220,47.697762,14.968
9825625,K00955.01,Kepler-741 b,CONFIRMED,CANDIDATE,1.0000,0,0,0,0,7.039020160,1.4670000e-05,-1.4670000e-05,175.7305900,1.610000e-03,-1.610000e-03,0.0150,0.3530,-0.0150,3.86330,0.04870,-0.04870,5.2980e+02,1.120e+01,-1.120e+01,2.45,8.000e-01,-2.700e-01,1051.0,,,288.92,278.92,-88.31,54.30,1,q1_q17_dr25_tce,6321.00,169.00,-206.00,4.434,0.054,-0.216,1.0580,0.3490,-0.1160,289.431700,46.617531,15.067
9875711,K00956.01,Kepler-742 b,CONFIRMED,CANDIDATE,1.0000,0,0,0,0,8.360870704,6.0610000e-06,-6.0610000e-06,175.6445900,5.710000e-04,-5.710000e-04,0.4940,0.0020,-0.4770,2.71440,0.03380,-0.03380,2.0397e+03,1.920e+01,-1.920e+01,3.67,2.200e-01,-3.600e-01,690.0,,,53.68,14.26,-14.96,120.90,1,q1_q17_dr25_tce,4743.00,142.00,-142.00,4.516,0.102,-0.748,0.8100,0.0490,-0.0790,283.866030,46.789589,15.223
7661409,K00957.01,,FALSE POSITIVE,FALSE POSITIVE,0.0000,0,0,1,0,3.140511530,5.4660000e-06,-5.4660000e-06,178.4691000,1.360000e-03,-1.360000e-03,1.2510,0.3210,-0.2130,8.28060,0.07080,-0.07080,1.4444e+03,1.220e+01,-1.220e+01,31.01,9.330e+00,-3.980e+00,1306.0,,,689.48,623.44,-225.63,139.50,1,q1_q17_dr25_tce,6108.00,183.00,-183.00,4.443,0.084,-0.196,0.9740,0.2930,-0.1250,282.353240,43.335129,15.246
1026957,K00958.01,Kepler-1731 b,CONFIRMED,CANDIDATE,1.0000,0,0,0,0,21.761298120,1.7270000e-05,-1.7270000e-05,166.5404380,6.410000e-04,-6.410000e-04,0.1230,0.2880,-0.1230,1.24300,0.02600,-0.02600,1.3007e+03,2.680e+01,-2.680e+01,2.53,1.600e-01,-1.000e-01,486.0,,,13.18,3.00,-1.98,60.00,1,q1_q17_dr25_tce,4859.00,97.00,-97.00,4.612,0.015,-0.045,0.7200,0.0470,-0.0290,291.254490,36.743610,12.559
10002261,K00959.01,,FALSE POSITIVE,FALSE POSITIVE,0.7290,0,1,0,0,12.713794177,2.6000000e-07,-2.6000000e-07,175.0725677,1.500000e-05,-1.500000e-05,0.4850,0.0810,-0.0720,2.44093,0.00378,-0.00378,3.6719e+04,1.200e+01,-1.200e+01,2.31,0.000e+00,0.000e+00,181.0,,,0.26,0.00,0.00,2981.30,1,q1_q17_dr25_tce,2661.00,0.00,0.00,5.283,0.000,0.000,0.1160,0.0000,0.0000,287.559720,46.957085,13.102
8176650,K00960.01,,FALSE POSITIVE,FALSE POSITIVE,0.0000,0,1,0,0,15.801100028,1.7670000e-06,-1.7670000e-06,177.1533515,8.860000e-05,-8.860000e-05,0.5120,0.0110,-0.0070,6.37505,0.00520,-0.00520,3.7545e+04,2.710e+01,-2.710e+01,15.61,2.830e+00,-1.200e+00,614.0,,,33.60,19.07,-7.92,1642.20,1,q1_q17_dr25_tce,5383.00,159.00,-143.00,4.587,0.030,-0.120,0.7890,0.1430,-0.0610,295.470670,44.010738,15.513
2162635,K01032.01,,CANDIDATE,CANDIDATE,,0,0,0,0,1500.140677200,0.0000000e+00,0.0000000e+00,176.0822600,4.040000e-03,-4.040000e-03,0.9131,0.0068,-0.0081,25.72700,0.49700,-0.49700,4.1299e+03,7.660e+01,-7.660e+01,18.35,5.020e+00,-2.420e+00,206.0,,,0.42,0.31,-0.12,83.30,,,5009.00,81.00,-92.00,3.755,0.091,-0.163,2.2830,0.6250,-0.3010,291.977540,37.532551,13.862
5899544,K01034.01,,FALSE POSITIVE,FALSE POSITIVE,0.0000,0,0,1,0,1.739428983,1.1640000e-06,-1.1640000e-06,354.8890740,5.020000e-04,-5.020000e-04,4.2460,6.8220,-1.2390,2.48940,0.02560,-0.02560,5.8974e+03,5.680e+01,-5.680e+01,268.65,5.142e+01,-2.353e+01,1268.0,,,612.49,396.89,-169.48,130.00,1,q1_q17_dr25_tce,5415.00,206.00,-187.00,4.603,0.037,-0.112,0.7420,0.1420,-0.0650,297.829560,41.141949,15.929
5963222,K01035.01,,FALSE POSITIVE,FALSE POSITIVE,0.0000,0,1,1,0,1.217266418,2.0600000e-07,-2.0600000e-07,133.3286660,1.410000e-04,-1.410000e-04,0.8780,0.0020,-0.0020,3.32080,0.01260,-0.01260,5.8115e+03,1.260e+01,-1.260e+01,14.49,2.460e+00,-2.460e+00,2378.0,,,7548.29,3241.96,-2609.50,603.40,1,q1_q17_dr25_tce,6631.00,73.00,-86.00,4.145,0.132,-0.108,1.6380,0.2780,-0.2780,292.764340,41.275280,13.371
5982353,K01036.01,,FALSE POSITIVE,FALSE POSITIVE,0.0000,0,1,0,0,19.563092517,1.6280000e-06,-1.6280000e-06,134.3548284,6.890000e-05,-6.890000e-05,0.8420,0.0000,-0.0010,6.95470,0.00413,-0.00413,1.2992e+04,7.100e+00,-7.100e+00,23.76,5.010e+00,-7.510e+00,965.0,,,205.39,131.15,-118.82,2477.00,1,q1_q17_dr25_tce,6208.00,175.00,-159.00,3.959,0.285,-0.114,1.8310,0.3860,-0.5790,297.525450,41.261841,11.115
6205468,K01037.01,,FALSE POSITIVE,FALSE POSITIVE,0.0000,0,1,1,1,3.722855100,4.8520000e-06,-4.8520000e-06,179.3031500,1.060000e-03,-1.060000e-03,0.9110,0.0020,-0.0020,12.81640,0.07560,-0.07560,2.9692e+03,1.260e+01,-1.260e+01,5.67,1.350e+00,-4.500e-01,1118.0,,,368.33,251.92,-91.77,294.80,1,q1_q17_dr25_tce,5873.00,141.00,-177.00,4.547,0.040,-0.160,0.8630,0.2050,-0.0680,291.983370,41.555111,15.513
8506766,K00138.01,,FALSE POSITIVE,FALSE POSITIVE,0.0000,0,1,0,0,48.937868960,2.0970000e-05,-2.0970000e-05,140.7663900,3.530000e-04,-3.530000e-04,0.9810,0.0210,-0.0180,6.58680,0.03300,-0.03300,7.2401e+03,2.440e+01,-2.440e+01,24.19,6.700e+00,-6.700e+00,764.0,,,80.37,65.96,-45.27,445.70,1,q1_q17_dr25_tce,7066.00,197.00,-310.00,4.094,0.203,-0.166,1.7610,0.4880,-0.4880,295.940920,44.578350,13.960
3240706,K01098.01,,FALSE POSITIVE,FALSE POSITIVE,0.0000,0,1,1,0,5.489907880,1.6780000e-05,-1.6780000e-05,134.1043800,2.520000e-03,-2.520000e-03,1.1990,18.3100,-0.1520,4.02000,0.12900,-0.12900,5.9890e+02,1.890e+01,-1.890e+01,23.60,6.180e+00,-2.210e+00,1039.0,,,275.65,211.83,-77.37,36.70,1,q1_q17_dr25_tce,5982.00,160.00,-195.00,4.493,0.046,-0.184,0.9600,0.2510,-0.0900,292.856080,38.372570,15.030
2853093,K01099.01,Kepler-767 b,CONFIRMED,CANDIDATE,1.0000,0,0,0,0,161.527834700,3.2060000e-04,-3.2060000e-04,198.0013700,1.460000e-03,-1.460000e-03,0.0000,0.3330,0.0000,3.67340,0.05750,-0.05750,4.6536e+03,9.960e+01,-9.960e+01,8.19,1.360e+00,-1.230e+00,366.0,,,4.25,1.85,-1.35,54.70,1,q1_q17_dr25_tce,5778.00,78.00,-78.00,4.285,0.137,-0.112,1.2130,0.2010,-0.1830,291.579160,38.035831,15.435
3228824,K01100.01,,FALSE POSITIVE,FALSE POSITIVE,0.0000,1,0,1,1,0.730939050,2.2640000e-06,-2.2640000e-06,355.9030600,2.260000e-03,-2.260000e-03,0.0180,0.3540,-0.0180,2.84370,0.06900,-0.06900,4.5110e+02,1.040e+01,-1.040e+01,1.45,1.200e-01,-1.300e-01,1488.0,,,1159.62,394.39,-327.72,52.40,1,q1_q17_dr25_tce,4768.00,168.00,-168.00,4.588,0.050,-0.036,0.7110,0.0570,-0.0640,289.764830,38.352360,15.736
3245969,K01101.01,Kepler-768 b,CONFIRMED,CANDIDATE,1.0000,0,0,0,0,11.391023580,8.8580000e-05,-8.8580000e-05,137.7086400,5.840000e-03,-5.840000e-03,0.7320,0.2390,-0.5150,2.30300,0.19800,-0.19800,4.4860e+02,5.080e+01,-5.080e+01,1.67,2.100e-01,-1.200e-01,618.0,,,34.55,14.81,-8.03,10.50,1,q1_q17_dr25_tce,4983.00,150.00,-150.00,4.617,0.025,-0.075,0.7280,0.0920,-0.0500,294.115660,38.393478,15.681
3231341,K01102.01,Kepler-24 c,CONFIRMED,CANDIDATE,1.0000,0,0,0,0,12.333438530,7.7670000e-05,-7.7670000e-05,137.5878200,5.130000e-03,-5.130000e-03,0.9790,5.7790,-0.0280,6.22100,0.23900,-0.23900,5.3640e+02,2.070e+01,-2.070e+01,4.12,6.100e-01,-8.400e-01,915.0,,,165.30,70.19,-67.44,31.70,1,q1_q17_dr25_tce,5896.00,117.00,-105.00,4.197,0.195,-0.105,1.2400,0.1830,-0.2510,290.413270,38.343750,14.925
10468940,K01163.02,Kepler-273 c,CONFIRMED,CANDIDATE,1.0000,0,0,0,0,8.015008210,3.2590000e-05,-3.2590000e-05,134.8277000,3.240000e-03,-3.240000e-03,0.6450,0.0320,-0.4840,3.01370,0.09150,-0.09150,3.6300e+02,1.400e+01,-1.400e+01,2.00,2.200e-01,-2.700e-01,865.0,,,132.46,40.95,-38.73,28.60,2,q1_q17_dr25_tce,5359.00,80.00,-72.00,4.375,0.132,-0.077,1.0020,0.1110,-0.1360,291.302220,47.697762,14.968
10341831,K01164.01,,FALSE POSITIVE,FALSE POSITIVE,0.0000,0,0,1,1,0.933749941,1.9730000e-06,-1.9730000e-06,133.3842200,1.950000e-03,-1.950000e-03,1.2250,0.0690,-0.2090,6.60600,0.12400,-0.12400,4.1530e+02,5.900e+00,-5.900e+00,12.93,8.300e-01,-8.400e-01,919.0,,,168.44,34.77,-31.19,88.80,1,q1_q17_dr25_tce,3682.00,58.00,-65.00,4.786,0.028,-0.039,0.4800,0.0310,-0.0310,292.738920,47.490730,14.960
10337517,K01165.01,Kepler-783 c,CONFIRMED,CANDIDATE,1.0000,0,0,0,0,7.053934488,7.6930000e-06,-7.6930000e-06,136.3572530,8.740000e-04,-8.740000e-04,0.8990,0.0030,-0.6230,1.72440,0.03150,-0.03150,5.1150e+02,1.060e+01,-1.060e+01,2.36,2.000e-01,-1.700e-01,840.0,,,117.33,32.05,-24.79,56.30,1,q1_q17_dr25_tce,5357.00,107.00,-107.00,4.498,0.058,-0.065,0.8630,0.0730,-0.0650,291.062930,47.484798,13.916
10337517,K01165.02,Kepler-783 b,CONFIRMED,CANDIDATE,1.0000,0,0,0,0,4.292636990,3.7800000e-05,-3.7800000e-05,134.8001800,6.910000e-03,-6.910000e-03,0.4540,0.4950,-0.2510,2.70000,0.22300,-0.22300,6.1400e+01,6.400e+00,-6.400e+00,0.68,6.000e-02,-5.000e-02,991.0,,,227.69,62.20,-48.10,11.40,2,q1_q17_dr25_tce,5357.00,107.00,-107.00,4.498,0.058,-0.065,0.8630,0.0730,-0.0650,291.062930,47.484798,13.916
10351231,K01166.01,Kepler-1738 b,CONFIRMED,CANDIDATE,0.9940,0,0,0,0,7.674661400,2.3780000e-05,-2.3780000e-05,133.2243100,2.650000e-03,-2.650000e-03,0.9390,0.0070,-0.6510,1.93740,0.06980,-0.06980,5.0300e+02,2.830e+01,-2.830e+01,2.80,8.900e-01,-2.900e-01,957.0,,,198.67,191.59,-62.80,20.80,1,q1_q17_dr25_tce,6063.00,190.00,-232.00,4.470,0.054,-0.216,1.0010,0.3180,-0.1060,296.131410,47.438820,15.440
10485179,K01167.01,,FALSE POSITIVE,FALSE POSITIVE,0.0000,1,0,1,1,0.445275074,4.9500000e-07,-4.9500000e-07,133.9713720,9.550000e-04,-9.550000e-04,0.6390,0.4400,-0.6380,2.27600,0.90200,-0.90200,2.5470e+02,2.280e+01,-2.280e+01,1.21,2.100e-01,-8.000e-02,1950.0,,,3419.70,1832.09,-777.85,86.30,1,q1_q17_dr25_tce,5346.00,160.00,-144.00,4.621,0.032,-0.104,0.7250,0.1220,-0.0520,297.133270,47.628769,14.507
8561063,K00961.01,Kepler-42 b,CONFIRMED,CANDIDATE,1.0000,0,0,0,0,1.213770423,3.2700000e-07,-3.2700000e-07,170.4836450,1.950000e-04,-1.950000e-04,0.8300,0.0090,-0.5780,0.55320,0.00939,-0.00939,1.8210e+03,1.950e+01,-1.950e+01,0.78,2.000e-01,-9.000e-02,525.0,,,18.03,12.33,-4.31,111.40,1,q1_q17_dr25_tce,3292.00,44.00,-24.00,5.215,0.053,-0.098,0.1480,0.0390,-0.0170,292.219060,44.619160,15.920
8561063,K00961.02,Kepler-42 c,CONFIRMED,CANDIDATE,0.0000,0,0,0,0,0.453287416,1.0200000e-07,-1.0200000e-07,133.8697410,1.860000e-04,-1.860000e-04,0.8100,0.0680,-0.3290,0.44450,0.01500,-0.01500,1.4615e+03,1.130e+01,-1.130e+01,0.76,1.900e-01,-9.000e-02,729.0,,,66.14,45.21,-15.82,150.40,3,q1_q17_dr25_tce,3292.00,44.00,-24.00,5.215,0.053,-0.098,0.1480,0.0390,-0.0170,292.219060,44.619160,15.920
8892910,K00132.01,,FALSE POSITIVE,FALSE POSITIVE,0.0000,0,1,0,0,10.810132734,1.8290000e-06,-1.8290000e-06,132.9515700,1.400000e-04,-1.400000e-04,0.9480,0.0030,-0.0050,4.46180,0.01150,-0.01150,6.1652e+03,1.200e+01,-1.200e+01,13.95,4.300e+00,-2.500e+00,985.0,,,222.68,200.72,-93.05,806.50,1,q1_q17_dr25_tce,6211.00,167.00,-223.00,4.269,0.153,-0.187,1.2840,0.3950,-0.2300,294.412450,45.130852,13.794
8561063,K00961.03,Kepler-42 d,CONFIRMED,CANDIDATE,1.0000,0,0,0,0,1.865114193,1.0050000e-06,-1.0050000e-06,133.7923440,4.760000e-04,-4.760000e-04,0.7850,0.1290,-0.5410,0.42790,0.02210,-0.02210,1.1248e+03,2.210e+01,-2.210e+01,0.66,1.700e-01,-8.000e-02,455.0,,,10.10,6.90,-2.42,56.90,2,q1_q17_dr25_tce,3292.00,44.00,-24.00,5.215,0.053,-0.098,0.1480,0.0390,-0.0170,292.219060,44.619160,15.920
10657664,K00964.01,,FALSE POSITIVE,FALSE POSITIVE,0.0000,0,1,0,0,3.273699006,2.4000000e-07,-2.4000000e-07,171.2385098,5.790000e-05,-5.790000e-05,0.7330,0.0380,-0.0220,3.07626,0.00742,-0.00742,6.8628e+03,6.600e+00,-6.600e+00,22.36,7.310e+00,-7.300e+00,3060.0,,,20728.79,20023.32,-12817.72,1293.10,1,q1_q17_dr25_tce,10816.00,304.00,-457.00,4.086,0.220,-0.220,2.4930,0.8140,-0.8140,288.499480,47.996471,13.234
3337351,K00965.01,,FALSE POSITIVE,FALSE POSITIVE,0.0000,0,1,1,1,7.047103499,2.5380000e-06,-2.5380000e-06,175.0333700,2.520000e-04,-2.520000e-04,1.0470,0.0740,-0.0880,3.32080,0.01410,-0.01410,7.1318e+04,3.260e+02,-3.260e+02,51.86,1.523e+01,-6.520e+00,955.0,,,196.62,173.55,-66.77,274.90,1,q1_q17_dr25_tce,5730.00,171.00,-206.00,4.417,0.084,-0.196,1.0350,0.3040,-0.1300,290.115690,38.404190,13.361
6153201,K01038.01,,FALSE POSITIVE,FALSE POSITIVE,,0,0,0,1,0.530300102,2.5400000e-07,-2.5400000e-07,354.9857360,3.350000e-04,-3.350000e-04,1.2507,0.2616,-0.0920,2.85020,0.02230,-0.02230,3.0400e+03,1.790e+01,-1.790e+01,35.73,1.446e+01,-3.230e+00,2410.0,,,7972.18,9658.43,-2287.03,207.40,,,6184.00,179.00,-225.00,4.448,0.045,-0.269,1.0380,0.4200,-0.0940,299.260380,41.420231,15.435
5802486,K01039.01,,FALSE POSITIVE,FALSE POSITIVE,0.0000,0,1,1,0,1.073917869,5.5100000e-07,-5.5100000e-07,177.9240880,4.350000e-04,-4.350000e-04,1.2660,1.8810,-0.0440,2.43050,0.02470,-0.02470,1.9266e+03,1.690e+01,-1.690e+01,33.01,1.060e+01,-3.550e+00,1794.0,,,2450.63,2389.36,-756.68,137.50,1,q1_q17_dr25_tce,5962.00,187.00,-208.00,4.479,0.054,-0.216,0.9590,0.3080,-0.1030,295.160490,41.079300,15.686
5817553,K01040.01,,FALSE POSITIVE,FALSE POSITIVE,0.0000,1,0,1,1,4.206096814,9.4340000e-06,-9.4340000e-06,136.4485400,1.830000e-03,-1.830000e-03,1.2390,0.7430,-0.1190,10.73810,0.09870,-0.09870,1.2981e+03,1.050e+01,-1.050e+01,32.66,1.096e+01,-3.640e+00,1252.0,,,581.11,570.28,-179.19,149.30,1,q1_q17_dr25_tce,6306.00,168.00,-205.00,4.426,0.054,-0.202,1.0760,0.3610,-0.1200,298.474240,41.075890,14.081
5982368,K01041.01,,FALSE POSITIVE,FALSE POSITIVE,0.0000,0,1,1,1,19.563137230,2.3220000e-05,-2.3220000e-05,369.1118200,8.000000e-04,-8.000000e-04,0.9080,0.0040,-0.0040,6.85750,0.04610,-0.04610,5.5360e+03,5.470e+01,-5.470e+01,9.73,2.690e+00,-1.570e+00,706.0,,,58.71,49.00,-22.61,157.80,1,q1_q17_dr25_tce,5766.00,173.00,-190.00,4.352,0.153,-0.187,1.0770,0.2980,-0.1740,297.528630,41.259911,14.035
5816811,K01042.01,,FALSE POSITIVE,FALSE POSITIVE,0.0000,0,1,1,1,2.227718792,2.5460000e-06,-2.5460000e-06,134.4526380,9.980000e-04,-9.980000e-04,1.0400,0.5010,-0.0320,4.96990,0.04720,-0.04720,1.0390e+03,1.000e+01,-1.000e+01,8.88,2.800e+00,-9.300e-01,1400.0,,,906.46,859.25,-271.75,124.30,1,q1_q17_dr25_tce,6038.00,181.00,-199.00,4.508,0.054,-0.216,0.9220,0.2910,-0.0970,298.338930,41.073479,14.850
5816165,K01043.01,,FALSE POSITIVE,FALSE POSITIVE,0.0000,0,1,0,0,0.591914504,4.6200000e-07,-4.6200000e-07,355.3537910,5.630000e-04,-5.630000e-04,1.3440,4.7810,-0.0270,1.02250,0.03950,-0.03950,1.0577e+03,2.530e+01,-2.530e+01,27.21,3.610e+00,-1.960e+00,1646.0,,,1746.78,834.73,-446.58,56.30,1,q1_q17_dr25_tce,5122.00,184.00,-184.00,4.659,0.033,-0.077,0.6550,0.0870,-0.0470,298.200350,41.011688,15.643
7102227,K01360.01,Kepler-290 c,CONFIRMED,CANDIDATE,1.0000,0,0,0,0,36.770493500,1.2850000e-04,-1.2850000e-04,164.2911200,2.580000e-03,-2.580000e-03,0.5450,0.3680,-0.3190,4.42000,0.10500,-0.10500,1.3466e+03,3.400e+01,-3.400e+01,2.83,3.600e-01,-2.500e-01,437.0,,,8.60,3.72,-2.23,40.80,1,q1_q17_dr25_tce,5142.00,153.00,-153.00,4.602,0.033,-0.083,0.7550,0.0970,-0.0650,286.410000,42.681549,15.596
7102227,K01360.02,Kepler-290 b,CONFIRMED,CANDIDATE,1.0000,0,0,0,0,14.589324290,4.3400000e-05,-4.3400000e-05,141.9349800,2.520000e-03,-2.520000e-03,0.6940,0.2040,-0.4770,2.41840,0.07740,-0.07740,8.3130e+02,3.080e+01,-3.080e+01,2.32,3.000e-01,-2.000e-01,594.0,,,29.53,12.75,-7.67,29.30,2,q1_q17_dr25_tce,5142.00,153.00,-153.00,4.602,0.033,-0.083,0.7550,0.0970,-0.0650,286.410000,42.681549,15.596
7102227,K01360.03,Kepler-290 d,CONFIRMED,CANDIDATE,0.9210,0,0,0,0,0.764017553,3.7670000e-06,-3.7670000e-06,132.2214000,4.480000e-03,-4.480000e-03,0.4420,0.5000,-0.2370,1.10300,0.14300,-0.14300,1.2820e+02,1.300e+01,-1.300e+01,0.86,1.200e-01,-7.000e-02,1589.0,,,1503.79,649.53,-390.73,13.20,3,q1_q17_dr25_tce,5142.00,153.00,-153.00,4.602,0.033,-0.083,0.7550,0.0970,-0.0650,286.410000,42.681549,15.596
6960913,K01361.01,Kepler-61 b,CONFIRMED,CANDIDATE,0.9980,0,0,0,0,59.878025800,1.5020000e-04,-1.5020000e-04,151.1847000,2.100000e-03,-2.100000e-03,0.0040,0.4110,-0.0040,4.80270,0.07050,-0.07050,1.4191e+03,3.230e+01,-3.230e+01,2.19,8.000e-02,-1.400e-01,273.0,,,1.31,0.22,-0.24,51.80,1,q1_q17_dr25_tce,4016.00,79.00,-79.00,4.658,0.039,-0.015,0.5990,0.0230,-0.0370,295.304500,42.475288,14.995
6837146,K01362.01,,CANDIDATE,CANDIDATE,1.0000,0,0,0,0,20.513601920,8.3450000e-05,-8.3450000e-05,357.4942400,3.100000e-03,-3.100000e-03,0.7030,0.0170,-0.5200,3.47690,0.09470,-0.09470,1.1741e+03,4.110e+01,-4.110e+01,2.58,3.600e-01,-2.300e-01,540.0,,,20.15,9.98,-5.61,32.30,1,q1_q17_dr25_tce,5310.00,185.00,-185.00,4.608,0.045,-0.078,0.7040,0.1000,-0.0620,281.605410,42.390419,15.406
11122894,K01426.02,Kepler-297 c,CONFIRMED,CANDIDATE,0.9070,0,0,0,0,74.927686530,6.2800000e-05,-6.2800000e-05,124.9926600,7.300000e-04,-7.300000e-04,0.7960,0.0110,-0.0600,4.74000,0.07760,-0.07760,4.1192e+03,2.860e+01,-2.860e+01,6.39,7.000e-01,-5.800e-01,409.0,,,6.62,2.21,-1.57,161.50,1,q1_q17_dr25_tce,5618.00,112.00,-112.00,4.460,0.081,-0.090,0.8970,0.0990,-0.0810,283.209170,48.777641,14.232
11122894,K01426.03,Kepler-297 d,CONFIRMED,CANDIDATE,0.9990,0,0,0,0,150.018951100,1.7440000e-04,-1.7440000e-04,224.6857140,9.160000e-04,-9.160000e-04,1.2520,67.0300,-0.1690,4.38230,0.04860,-0.04860,4.3197e+03,4.680e+01,-4.680e+01,32.60,3.600e+00,-2.940e+00,325.0,,,2.62,0.88,-0.62,106.20,2,q1_q17_dr25_tce,5618.00,112.00,-112.00,4.460,0.081,-0.090,0.8970,0.0990,-0.0810,283.209170,48.777641,14.232
11129738,K01427.01,Kepler-844 b,CONFIRMED,CANDIDATE,0.9990,0,0,0,0,2.613020421,6.1100000e-06,-6.1100000e-06,133.1128300,1.940000e-03,-1.940000e-03,0.8910,0.0440,-0.6230,1.95880,0.05420,-0.05420,5.9970e+02,2.230e+01,-2.230e+01,1.50,8.000e-02,-1.300e-01,713.0,,,61.24,12.12,-14.52,31.10,1,q1_q17_dr25_tce,3883.00,70.00,-85.00,4.725,0.049,-0.025,0.5170,0.0290,-0.0450,287.857730,48.774109,15.840
11401182,K01428.01,Kepler-845 b,CONFIRMED,CANDIDATE,1.0000,0,0,0,0,0.927859786,5.5300000e-07,-5.5300000e-07,133.9059780,5.350000e-04,-5.350000e-04,0.7950,0.0780,-0.5360,1.42790,0.02280,-0.02280,5.1530e+02,6.500e+00,-6.500e+00,1.79,1.600e-01,-5.000e-02,1361.0,,,813.30,221.10,-95.04,99.80,1,q1_q17_dr25_tce,4815.00,76.00,-86.00,4.631,0.007,-0.060,0.6990,0.0650,-0.0180,290.957550,49.203812,14.631
11030711,K01429.01,Kepler-1750 b,CONFIRMED,CANDIDATE,0.9970,0,0,0,0,205.912735000,1.1690000e-03,-1.1690000e-03,252.7412900,3.240000e-03,-3.240000e-03,0.1960,0.2280,-0.1960,9.99200,0.15300,-0.15300,2.3788e+03,5.390e+01,-5.390e+01,4.68,6.800e-01,-3.200e-01,298.0,,,1.85,0.72,-0.34,49.40,1,q1_q17_dr25_tce,5644.00,76.00,-84.00,4.457,0.051,-0.110,0.9690,0.1420,-0.0660,292.351500,48.511082,15.531
11512246,K00168.03,Kepler-23 b,CONFIRMED,CANDIDATE,0.9960,0,0,0,0,7.106957410,1.7400000e-05,-1.7400000e-05,138.3227100,2.060000e-03,-2.060000e-03,0.0790,0.3200,-0.0790,5.14620,0.05190,-0.05190,1.3100e+02,4.100e+00,-4.100e+00,1.72,1.100e-01,-7.000e-02,1157.0,,,422.80,81.84,-51.63,33.80,3,q1_q17_dr25_tce,5761.00,86.00,-69.00,4.091,0.018,-0.018,1.5180,0.0920,-0.0610,294.218930,49.479221,13.438
6607286,K01239.01,,CANDIDATE,CANDIDATE,1.0000,0,0,0,0,0.783276173,1.2690000e-06,-1.2690000e-06,355.9486500,1.120000e-03,-1.120000e-03,0.0410,0.4000,-0.0400,1.67350,0.03570,-0.03570,2.6470e+02,6.700e+00,-6.700e+00,1.98,3.100e-01,-3.400e-01,2149.0,,,5056.88,2049.01,-1766.17,46.90,1,q1_q17_dr25_tce,5640.00,76.00,-76.00,4.247,0.162,-0.108,1.2330,0.1900,-0.2110,292.178590,42.005909,15.005
6607286,K01239.02,,CANDIDATE,CANDIDATE,0.5450,0,0,0,0,3.174058980,1.0980000e-05,-1.0980000e-05,357.0577600,2.290000e-03,-2.290000e-03,0.4220,0.0420,-0.4220,2.31560,0.07030,-0.07030,2.8220e+02,1.080e+01,-1.080e+01,2.09,3.200e-01,-3.600e-01,1348.0,,,780.46,316.24,-272.58,29.20,2,q1_q17_dr25_tce,5640.00,76.00,-76.00,4.247,0.162,-0.108,1.2330,0.1900,-0.2110,292.178590,42.005909,15.005
6690082,K01240.01,Kepler-280 b,CONFIRMED,CANDIDATE,1.0000,0,0,0,0,2.139556300,3.1110000e-06,-3.1110000e-06,133.6539200,1.190000e-03,-1.190000e-03,0.3680,0.0940,-0.3680,2.06780,0.03810,-0.03810,2.6610e+02,6.300e+00,-6.300e+00,1.76,2.700e-01,-2.400e-01,1425.0,,,974.30,398.91,-289.72,48.90,1,q1_q17_dr25_tce,5534.00,82.00,-74.00,4.338,0.138,-0.103,1.0800,0.1650,-0.1500,291.390500,42.180592,14.466
6690082,K01240.02,Kepler-280 c,CONFIRMED,CANDIDATE,1.0000,0,0,0,0,4.807103254,5.8970000e-06,-5.8970000e-06,134.6403710,9.560000e-04,-9.560000e-04,0.9400,0.0070,-0.6510,0.93930,0.03570,-0.03570,4.5050e+02,1.890e+01,-1.890e+01,2.96,4.500e-01,-4.100e-01,1088.0,,,330.84,135.45,-98.38,32.90,2,q1_q17_dr25_tce,5534.00,82.00,-74.00,4.338,0.138,-0.103,1.0800,0.1650,-0.1500,291.390500,42.180592,14.466
6448890,K01241.01,Kepler-56 c,CONFIRMED,CANDIDATE,1.0000,0,0,0,0,21.405442200,1.1960000e-04,-1.1960000e-04,147.0898100,4.410000e-03,-4.410000e-03,0.9430,0.0050,-0.0310,11.72100,0.36800,-0.36800,4.0930e+02,7.500e+00,-7.500e+00,11.64,7.900e-01,-1.710e+00,1087.0,,,330.00,66.95,-105.19,60.90,1,q1_q17_dr25_tce,4838.00,65.00,-79.00,3.299,0.050,-0.041,4.3610,0.2960,-0.6410,293.758360,41.871868,12.440
6448890,K01241.02,Kepler-56 b,CONFIRMED,CANDIDATE,0.0980,0,0,0,0,10.500771200,1.3120000e-04,-1.3120000e-04,135.6479000,1.170000e-02,-1.170000e-02,0.0340,0.3250,-0.0340,14.52200,0.28100,-0.28100,1.8340e+02,4.500e+00,-4.500e+00,5.68,3.800e-01,-8.400e-01,1378.0,,,852.28,172.91,-271.66,45.30,2,q1_q17_dr25_tce,4838.00,65.00,-79.00,3.299,0.050,-0.041,4.3610,0.2960,-0.6410,293.758360,41.871868,12.440
10730034,K01305.01,Kepler-285 b,CONFIRMED,CANDIDATE,1.0000,0,0,0,0,2.633852528,8.3530000e-06,-8.3530000e-06,134.5643100,2.550000e-03,-2.550000e-03,0.2040,0.2720,-0.2040,2.02060,0.08040,-0.08040,2.5980e+02,1.260e+01,-1.260e+01,1.38,7.000e-02,-1.200e-01,1131.0,,,387.43,68.57,-82.96,23.30,1,q1_q17_dr25_tce,5114.00,84.00,-76.00,4.463,0.090,-0.036,0.8780,0.0440,-0.0760,291.390900,48.065609,15.173
10730034,K01305.02,Kepler-285 c,CONFIRMED,CANDIDATE,0.9780,0,0,0,0,6.186708820,4.3180000e-05,-4.3180000e-05,136.6330800,5.640000e-03,-5.640000e-03,0.0130,0.4370,-0.0130,2.90900,0.18100,-0.18100,2.0260e+02,1.540e+01,-1.540e+01,1.21,6.000e-02,-1.000e-01,851.0,,,123.96,21.94,-26.55,14.30,2,q1_q17_dr25_tce,5114.00,84.00,-76.00,4.463,0.090,-0.036,0.8780,0.0440,-0.0760,291.390900,48.065609,15.173
10858691,K01306.01,Kepler-286 b,CONFIRMED,CANDIDATE,1.0000,0,0,0,0,1.796320953,5.8890000e-06,-5.8890000e-06,133.3366200,2.630000e-03,-2.630000e-03,0.0150,0.4170,-0.0150,1.91390,0.08520,-0.08520,2.1090e+02,1.090e+01,-1.090e+01,1.20,1.200e-01,-1.000e-01,1367.0,,,827.82,263.40,-179.06,22.10,1,q1_q17_dr25_tce,5576.00,111.00,-111.00,4.503,0.075,-0.075,0.8290,0.0860,-0.0650,290.676150,48.294289,15.587
10858691,K01306.02,Kepler-286 c,CONFIRMED,CANDIDATE,0.9940,0,0,0,0,3.468073000,1.5990000e-05,-1.5990000e-05,136.0083100,3.470000e-03,-3.470000e-03,0.1430,0.3260,-0.1430,2.36100,0.10800,-0.10800,2.4390e+02,1.330e+01,-1.330e+01,1.29,1.300e-01,-1.000e-01,1098.0,,,343.57,109.32,-74.31,20.60,2,q1_q17_dr25_tce,5576.00,111.00,-111.00,4.503,0.075,-0.075,0.8290,0.0860,-0.0650,290.676150,48.294289,15.587
10858691,K01306.03,Kepler-286 d,CONFIRMED,CANDIDATE,0.9500,0,0,0,0,5.914266800,3.3420000e-05,-3.3420000e-05,133.4919300,4.300000e-03,-4.300000e-03,0.0400,0.4030,-0.0400,2.66100,0.13100,-0.13100,2.5320e+02,1.580e+01,-1.580e+01,1.31,1.400e-01,-1.000e-01,919.0,,,168.51,53.62,-36.45,17.40,3,q1_q17_dr25_tce,5576.00,111.00,-111.00,4.503,0.075,-0.075,0.8290,0.0860,-0.0650,290.676150,48.294289,15.587
8107380,K00162.01,Kepler-476 b,CONFIRMED,CANDIDATE,1.0000,0,0,0,0,14.006403920,1.7310000e-05,-1.7310000e-05,142.2088500,1.000000e-03,-1.000000e-03,0.5680,0.2860,-0.3680,4.69190,0.03960,-0.03960,7.1640e+02,7.600e+00,-7.600e+00,3.11,4.500e-01,-4.100e-01,807.0,,,100.09,42.19,-30.50,109.30,1,q1_q17_dr25_tce,5788.00,116.00,-116.00,4.323,0.132,-0.108,1.1240,0.1640,-0.1480,295.163820,43.963039,13.837
6936909,K01363.01,Kepler-291 b,CONFIRMED,CANDIDATE,1.0000,0,0,0,0,3.546531809,9.9770000e-06,-9.9770000e-06,134.9012700,2.460000e-03,-2.460000e-03,0.6330,0.2960,-0.4210,2.27460,0.07650,-0.07650,4.4270e+02,1.890e+01,-1.890e+01,2.18,6.600e-01,-2.300e-01,1212.0,,,510.26,476.23,-159.23,26.40,1,q1_q17_dr25_tce,5993.00,190.00,-232.00,4.489,0.052,-0.208,0.9860,0.3020,-0.1010,287.916350,42.437302,15.934
6936909,K01363.02,Kepler-291 c,CONFIRMED,CANDIDATE,0.9830,0,0,0,0,5.700706260,2.1470000e-05,-2.1470000e-05,132.6922900,3.140000e-03,-3.140000e-03,0.6640,0.2800,-0.4530,1.64080,0.09400,-0.09400,3.7980e+02,2.790e+01,-2.790e+01,2.03,6.300e-01,-2.000e-01,1035.0,,,270.62,252.58,-84.45,15.20,2,q1_q17_dr25_tce,5993.00,190.00,-232.00,4.489,0.052,-0.208,0.9860,0.3020,-0.1010,287.916350,42.437302,15.934
6962977,K01364.01,Kepler-292 f,CONFIRMED,CANDIDATE,1.0000,0,0,0,0,20.834149700,1.3000000e-04,-1.3000000e-04,186.0392100,4.840000e-03,-4.840000e-03,0.2690,0.1920,-0.2690,4.52200,0.13900,-0.13900,8.0310e+02,3.290e+01,-3.290e+01,2.26,1.700e-01,-1.400e-01,563.0,,,23.82,5.94,-4.43,26.20,3,q1_q17_dr25_tce,5296.00,106.00,-106.00,4.538,0.044,-0.061,0.8080,0.0600,-0.0490,295.766140,42.424278,15.956
6962977,K01364.02,Kepler-292 d,CONFIRMED,CANDIDATE,1.0000,0,0,0,0,7.055658400,2.1320000e-05,-2.1320000e-05,181.9120500,2.530000e-03,-2.530000e-03,0.3010,0.1350,-0.3010,3.04790,0.06800,-0.06800,7.0560e+02,2.340e+01,-2.340e+01,2.13,1.500e-01,-1.300e-01,808.0,,,100.88,25.15,-18.78,32.10,1,q1_q17_dr25_tce,5296.00,106.00,-106.00,4.538,0.044,-0.061,0.8080,0.0600,-0.0490,295.766140,42.424278,15.956
11176127,K01430.01,Kepler-298 b,CONFIRMED,CANDIDATE,1.0000,0,0,0,0,10.475480840,1.8010000e-05,-1.8010000e-05,152.6416500,1.410000e-03,-1.410000e-03,0.6640,0.2340,-0.4340,2.30240,0.05100,-0.05100,1.0707e+03,2.940e+01,-2.940e+01,2.11,1.400e-01,-7.000e-02,540.0,,,20.15,4.66,-2.68,40.30,1,q1_q17_dr25_tce,4463.00,88.00,-88.00,4.677,0.013,-0.040,0.6110,0.0410,-0.0190,283.039790,48.825359,15.415
11176127,K01430.02,Kepler-298 c,CONFIRMED,CANDIDATE,1.0000,0,0,0,0,22.928863140,8.5440000e-05,-8.5440000e-05,143.8627100,3.020000e-03,-3.020000e-03,0.8050,0.1390,-0.5770,2.08310,0.09390,-0.09390,9.0890e+02,4.790e+01,-4.790e+01,2.08,1.400e-01,-6.000e-02,416.0,,,7.09,1.64,-0.94,21.30,3,q1_q17_dr25_tce,4463.00,88.00,-88.00,4.677,0.013,-0.040,0.6110,0.0410,-0.0190,283.039790,48.825359,15.415
11176127,K01430.03,Kepler-298 d,CONFIRMED,CANDIDATE,0.9960,0,0,0,0,77.474099100,3.5930000e-04,-3.5930000e-04,184.2453300,4.510000e-03,-4.510000e-03,0.7580,0.0130,-0.5490,4.16800,0.12500,-0.12500,1.5436e+03,6.090e+01,-6.090e+01,2.63,1.800e-01,-8.000e-02,277.0,,,1.40,0.32,-0.19,27.50,2,q1_q17_dr25_tce,4463.00,88.00,-88.00,4.677,0.013,-0.040,0.6110,0.0410,-0.0190,283.039790,48.825359,15.415
11075279,K01431.01,,CANDIDATE,CANDIDATE,0.9980,0,0,0,0,345.158935400,4.2600000e-04,-4.2600000e-04,318.3077190,7.850000e-04,-7.850000e-04,0.8700,0.0040,-0.0070,7.56460,0.06440,-0.06440,5.0879e+03,3.210e+01,-3.210e+01,7.79,1.130e+00,-3.600e-01,241.0,,,0.80,0.34,-0.13,197.90,1,q1_q17_dr25_tce,5597.00,112.00,-112.00,4.515,0.021,-0.119,0.9310,0.1360,-0.0420,287.022280,48.681938,13.460
11014932,K01432.01,Kepler-299 c,CONFIRMED,CANDIDATE,1.0000,0,0,0,0,6.885952220,2.2710000e-05,-2.2710000e-05,138.4076100,2.780000e-03,-2.780000e-03,0.9530,0.0040,-0.6810,4.14800,0.16300,-0.16300,4.2850e+02,1.360e+01,-1.360e+01,2.68,3.900e-01,-3.100e-01,946.0,,,189.35,75.91,-51.78,34.50,1,q1_q17_dr25_tce,5616.00,101.00,-101.00,4.394,0.105,-0.105,0.9990,0.1420,-0.1160,283.206970,48.580502,15.017
6607447,K01242.01,,CANDIDATE,CANDIDATE,1.0000,0,0,0,0,99.644278300,1.0730000e-04,-1.0730000e-04,283.2362890,7.610000e-04,-7.610000e-04,0.9660,0.0290,-0.0180,5.17720,0.06430,-0.06430,3.2156e+03,2.960e+01,-2.960e+01,8.48,1.270e+00,-5.500e-01,415.0,,,6.98,2.77,-1.23,163.20,1,q1_q17_dr25_tce,6102.00,82.00,-91.00,4.447,0.040,-0.120,1.0160,0.1530,-0.0660,292.228390,42.035370,13.750
6677256,K01243.01,,FALSE POSITIVE,FALSE POSITIVE,0.0000,0,1,1,1,3.125814002,8.5510000e-06,-8.5510000e-06,356.4118400,1.910000e-03,-1.910000e-03,0.5060,0.0480,-0.4430,1.78950,0.06830,-0.06830,2.3880e+02,9.200e+00,-9.200e+00,1.88,6.100e-01,-2.600e-01,1460.0,,,1073.04,1024.50,-392.17,32.00,1,q1_q17_dr25_tce,6358.00,179.00,-246.00,4.346,0.101,-0.203,1.1810,0.3810,-0.1630,287.149440,42.105209,14.521
8030148,K00155.01,Kepler-474 b,CONFIRMED,CANDIDATE,1.0000,0,0,0,0,5.660669429,3.7060000e-06,-3.7060000e-06,137.4160450,5.230000e-04,-5.230000e-04,0.4770,0.0020,-0.4190,4.64830,0.02810,-0.02810,7.3780e+02,4.300e+00,-4.300e+00,3.24,5.000e-01,-5.400e-01,1115.0,,,365.53,159.35,-130.61,201.10,1,q1_q17_dr25_tce,5746.00,115.00,-103.00,4.266,0.162,-0.108,1.1730,0.1780,-0.1980,292.321500,43.881168,13.494
6692833,K01244.01,,FALSE POSITIVE,FALSE POSITIVE,0.0000,0,0,1,0,10.804871630,3.9810000e-05,-3.9810000e-05,134.0949800,3.060000e-03,-3.060000e-03,0.2070,0.2640,-0.2060,2.72150,0.09010,-0.09010,2.9270e+02,1.240e+01,-1.240e+01,1.71,5.100e-01,-1.800e-01,857.0,,,127.84,111.04,-38.89,27.40,1,q1_q17_dr25_tce,6092.00,168.00,-210.00,4.471,0.052,-0.195,0.9980,0.2940,-0.1050,292.237240,42.154289,14.503
6693640,K01245.01,Kepler-798 b,CONFIRMED,CANDIDATE,1.0000,0,0,0,0,13.719384260,4.9120000e-05,-4.9120000e-05,140.7448300,3.030000e-03,-3.030000e-03,0.0220,0.3590,-0.0220,5.56770,0.07230,-0.07230,3.1640e+02,7.600e+00,-7.600e+00,1.98,6.100e-01,-2.200e-01,864.0,,,131.94,117.82,-40.84,48.30,1,q1_q17_dr25_tce,6387.00,153.00,-211.00,4.410,0.067,-0.202,1.1050,0.3450,-0.1230,292.478210,42.142288,14.200
10858691,K01306.04,Kepler-286 e,CONFIRMED,CANDIDATE,0.9100,0,0,0,0,29.221495900,2.2670000e-04,-2.2670000e-04,139.3280700,6.400000e-03,-6.400000e-03,0.7790,0.1740,-0.5450,4.01400,0.16900,-0.16900,3.9400e+02,2.850e+01,-2.850e+01,1.81,1.800e-01,-1.400e-01,539.0,,,20.03,6.37,-4.33,14.60,4,q1_q17_dr25_tce,5576.00,111.00,-111.00,4.503,0.075,-0.075,0.8290,0.0860,-0.0650,290.676150,48.294289,15.587
10973814,K01307.01,Kepler-287 c,CONFIRMED,CANDIDATE,0.9990,0,0,0,0,44.852099700,1.5580000e-04,-1.5580000e-04,172.4619600,2.780000e-03,-2.780000e-03,0.8070,0.1070,-0.5620,3.57290,0.08590,-0.08590,7.8080e+02,2.620e+01,-2.620e+01,3.35,5.100e-01,-4.200e-01,513.0,,,16.35,6.55,-4.49,33.00,1,q1_q17_dr25_tce,5514.00,74.00,-74.00,4.345,0.132,-0.108,1.0710,0.1630,-0.1340,290.927460,48.443550,14.775
10973814,K01307.02,Kepler-287 b,CONFIRMED,CANDIDATE,1.0000,0,0,0,0,20.342378380,5.5710000e-05,-5.5710000e-05,137.6952000,2.350000e-03,-2.350000e-03,0.8260,0.1340,-0.5950,2.33510,0.07640,-0.07640,5.6460e+02,2.260e+01,-2.260e+01,2.88,4.400e-01,-3.600e-01,667.0,,,46.93,18.79,-12.90,28.70,2,q1_q17_dr25_tce,5514.00,74.00,-74.00,4.345,0.132,-0.108,1.0710,0.1630,-0.1340,290.927460,48.443550,14.775
6541920,K00157.05,Kepler-11 g,CONFIRMED,CANDIDATE,0.9970,0,0,0,0,118.378673500,3.1670000e-04,-3.1670000e-04,287.2874400,2.060000e-03,-2.060000e-03,0.0110,0.3280,-0.0100,9.55740,0.06560,-0.06560,1.0833e+03,1.300e+01,-1.300e+01,3.40,2.200e-01,-2.200e-01,376.0,,,4.75,1.08,-0.89,83.10,4,q1_q17_dr25_tce,5657.00,113.00,-101.00,4.364,0.055,-0.045,1.0460,0.0680,-0.0680,297.115110,41.909142,13.709
10586208,K01308.01,Kepler-811 b,CONFIRMED,CANDIDATE,1.0000,0,0,0,0,23.584447460,7.9880000e-05,-7.9880000e-05,145.9579800,2.600000e-03,-2.600000e-03,0.7110,0.0370,-0.4970,5.55450,0.08500,-0.08500,4.2920e+02,1.140e+01,-1.140e+01,3.00,4.700e-01,-7.000e-01,730.0,,,66.96,29.86,-30.42,42.80,1,q1_q17_dr25_tce,5655.00,113.00,-101.00,4.152,0.217,-0.093,1.3540,0.2110,-0.3170,285.424290,47.834610,13.971
6962977,K01364.03,Kepler-292 e,CONFIRMED,CANDIDATE,1.0000,0,0,0,0,11.978844090,5.7450000e-05,-5.7450000e-05,178.9695700,3.790000e-03,-3.790000e-03,0.0730,0.3980,-0.0730,3.75100,0.11900,-0.11900,7.0790e+02,2.750e+01,-2.750e+01,2.11,1.500e-01,-1.300e-01,678.0,,,49.87,12.44,-9.28,27.80,2,q1_q17_dr25_tce,5296.00,106.00,-106.00,4.538,0.044,-0.061,0.8080,0.0600,-0.0490,295.766140,42.424278,15.956
6962977,K01364.04,Kepler-292 c,CONFIRMED,CANDIDATE,0.8570,0,0,0,0,3.715455930,1.9330000e-05,-1.9330000e-05,169.7831800,4.400000e-03,-4.400000e-03,0.3270,0.1240,-0.3270,2.55800,0.11700,-0.11700,3.3170e+02,1.900e+01,-1.900e+01,1.46,1.100e-01,-9.000e-02,1001.0,,,237.42,59.17,-44.20,19.60,4,q1_q17_dr25_tce,5296.00,106.00,-106.00,4.538,0.044,-0.061,0.8080,0.0600,-0.0490,295.766140,42.424278,15.956
6962977,K01364.05,Kepler-292 b,CONFIRMED,CANDIDATE,1.0000,0,0,0,0,2.580832640,1.2230000e-05,-1.2230000e-05,171.5604800,3.900000e-03,-3.900000e-03,0.1600,0.2990,-0.1600,2.17290,0.09700,-0.09700,2.7020e+02,1.720e+01,-1.720e+01,1.31,9.000e-02,-8.000e-02,1130.0,,,386.18,96.24,-71.90,17.50,5,q1_q17_dr25_tce,5296.00,106.00,-106.00,4.538,0.044,-0.061,0.8080,0.0600,-0.0490,295.766140,42.424278,15.956
7174351,K01365.01,,FALSE POSITIVE,FALSE POSITIVE,0.0000,0,0,1,1,1.487084251,4.6260000e-06,-4.6260000e-06,133.9774600,2.810000e-03,-2.810000e-03,0.6780,0.2850,-0.4650,1.32330,0.08860,-0.08860,2.9570e+02,1.970e+01,-1.970e+01,1.60,4.100e-01,-1.300e-01,1462.0,,,1076.29,797.23,-275.35,17.90,1,q1_q17_dr25_tce,5650.00,152.00,-169.00,4.551,0.031,-0.178,0.8760,0.2200,-0.0730,281.437350,42.725269,15.520
6932987,K01366.01,Kepler-293 b,CONFIRMED,CANDIDATE,1.0000,0,0,0,0,19.254040230,5.1310000e-05,-5.1310000e-05,164.7842400,2.250000e-03,-2.250000e-03,0.5480,0.3280,-0.3380,4.65090,0.07490,-0.07490,9.8770e+02,2.150e+01,-2.150e+01,3.04,8.800e-01,-2.900e-01,657.0,,,44.17,37.57,-12.65,50.70,1,q1_q17_dr25_tce,5798.00,156.00,-191.00,4.507,0.048,-0.204,0.9410,0.2730,-0.0910,286.358060,42.406509,15.368
11014932,K01432.02,Kepler-299 d,CONFIRMED,CANDIDATE,0.9970,0,0,0,0,15.054935600,1.1680000e-04,-1.1680000e-04,144.5750000,7.180000e-03,-7.180000e-03,0.3210,0.1300,-0.3210,4.80100,0.19500,-0.19500,2.5640e+02,1.660e+01,-1.660e+01,1.60,2.200e-01,-1.900e-01,729.0,,,66.72,26.74,-18.25,16.60,2,q1_q17_dr25_tce,5616.00,101.00,-101.00,4.394,0.105,-0.105,0.9990,0.1420,-0.1160,283.206970,48.580502,15.017
11014932,K01432.03,Kepler-299 b,CONFIRMED,CANDIDATE,0.9990,0,0,0,0,2.927211190,1.4960000e-05,-1.4960000e-05,133.8272500,3.990000e-03,-3.990000e-03,0.0430,0.4100,-0.0430,2.54500,0.12300,-0.12300,1.7020e+02,1.050e+01,-1.050e+01,1.29,1.800e-01,-1.500e-01,1258.0,,,593.23,237.83,-162.22,18.00,3,q1_q17_dr25_tce,5616.00,101.00,-101.00,4.394,0.105,-0.105,0.9990,0.1420,-0.1160,283.206970,48.580502,15.017
11014932,K01432.04,Kepler-299 e,CONFIRMED,CANDIDATE,0.9980,0,0,0,0,38.285633800,5.3060000e-04,-5.3060000e-04,143.2984000,1.250000e-02,-1.250000e-02,0.1150,0.3400,-0.1150,6.51200,0.40200,-0.40200,3.2280e+02,2.410e+01,-2.410e+01,1.77,2.600e-01,-2.000e-01,534.0,,,19.24,7.71,-5.26,15.00,4,q1_q17_dr25_tce,5616.00,101.00,-101.00,4.394,0.105,-0.105,0.9990,0.1420,-0.1160,283.206970,48.580502,15.017
11288505,K01433.01,Kepler-846 b,CONFIRMED,CANDIDATE,1.0000,0,0,0,0,19.807877630,9.4190000e-05,-9.4190000e-05,139.3798300,3.910000e-03,-3.910000e-03,0.0540,0.3890,-0.0540,3.45300,0.13100,-0.13100,6.1630e+02,3.560e+01,-3.560e+01,2.08,5.200e-01,-1.800e-01,624.0,,,35.89,26.18,-9.24,20.10,1,q1_q17_dr25_tce,5775.00,143.00,-172.00,4.558,0.032,-0.168,0.8400,0.2120,-0.0710,287.057010,49.046021,15.650
11493431,K01434.01,Kepler-847 b,CONFIRMED,CANDIDATE,0.9960,0,0,0,0,2.343230566,7.6700000e-06,-7.6700000e-06,133.2073200,2.570000e-03,-2.570000e-03,0.0470,0.4010,-0.0470,2.04240,0.08220,-0.08220,2.4650e+02,1.210e+01,-1.210e+01,1.18,4.000e-02,-7.000e-02,1054.0,,,292.31,40.83,-54.06,23.90,1,q1_q17_dr25_tce,4798.00,76.00,-86.00,4.533,0.060,-0.016,0.7820,0.0270,-0.0500,283.504790,49.451019,14.782
6441738,K01246.01,,CANDIDATE,CANDIDATE,1.0000,0,0,0,0,19.037234420,7.3750000e-05,-7.3750000e-05,148.5505700,3.250000e-03,-3.250000e-03,0.0330,0.4000,-0.0330,3.38820,0.09240,-0.09240,4.0130e+02,1.850e+01,-1.850e+01,5.74,1.290e+00,-9.300e-01,1051.0,,,288.04,166.34,-97.18,25.30,1,q1_q17_dr25_tce,5248.00,68.00,-73.00,3.523,0.117,-0.143,2.8920,0.6480,-0.4710,291.427550,41.878159,14.898
8801343,K01247.01,,FALSE POSITIVE,FALSE POSITIVE,0.4830,0,1,0,0,2.739873980,2.2900000e-07,-2.2900000e-07,134.5503077,6.940000e-05,-6.940000e-05,0.7030,0.0020,-0.0030,4.15886,0.00597,-0.00597,2.0632e+04,1.770e+01,-1.770e+01,34.83,6.540e+00,-1.120e+01,2113.0,,,4705.30,2615.70,-2768.45,1454.30,1,q1_q17_dr25_tce,6520.00,162.00,-179.00,3.844,0.300,-0.100,2.2600,0.4240,-0.7270,283.469910,45.052460,11.743
8488878,K01248.01,,FALSE POSITIVE,FALSE POSITIVE,0.0000,0,1,0,0,5.801880653,1.8220000e-06,-1.8220000e-06,357.4534640,2.120000e-04,-2.120000e-04,0.7730,0.0040,-0.0050,4.26080,0.01330,-0.01330,4.1924e+04,1.790e+02,-1.790e+02,19.91,5.670e+00,-1.780e+00,964.0,,,203.62,177.17,-57.20,396.80,1,q1_q17_dr25_tce,5845.00,185.00,-205.00,4.541,0.035,-0.196,0.8740,0.2490,-0.0780,289.405730,44.516941,15.359
8560285,K01249.01,,FALSE POSITIVE,FALSE POSITIVE,0.0000,0,1,0,0,85.340926070,3.4070000e-05,-3.4070000e-05,386.2116420,2.750000e-04,-2.750000e-04,12.7730,62.9200,-2.5110,10.61410,0.01350,-0.01350,5.1746e+04,6.670e+01,-6.670e+01,1177.65,3.449e+02,-1.154e+02,409.0,,,6.61,5.90,-2.02,898.40,1,q1_q17_dr25_tce,6004.00,190.00,-232.00,4.522,0.050,-0.200,0.8980,0.2630,-0.0880,291.902370,44.683731,15.252
8620565,K01250.01,,FALSE POSITIVE,FALSE POSITIVE,0.0000,0,1,1,1,0.782045734,1.6600000e-07,-1.6600000e-07,134.0214000,1.810000e-04,-1.810000e-04,1.2440,1.4940,-0.1370,1.79450,0.01110,-0.01110,1.6185e+04,7.340e+01,-7.340e+01,45.05,1.490e+01,-4.980e+00,2070.0,,,4332.10,4299.06,-1333.91,272.30,1,q1_q17_dr25_tce,6113.00,183.00,-201.00,4.463,0.056,-0.224,0.9950,0.3290,-0.1100,290.267670,44.712849,14.912
8616873,K01251.01,,CANDIDATE,CANDIDATE,0.0000,0,0,0,0,0.576078683,7.2000000e-08,-7.2000000e-08,134.1072650,1.060000e-04,-1.060000e-04,1.1130,0.4330,-0.0960,1.63253,0.00669,-0.00669,1.0085e+04,3.020e+01,-3.020e+01,23.23,5.860e+00,-1.970e+00,1982.0,,,3647.63,2710.14,-937.93,426.00,1,q1_q17_dr25_tce,5693.00,152.00,-169.00,4.570,0.042,-0.168,0.8160,0.2060,-0.0690,288.700870,44.707680,15.237
10854768,K01309.01,Kepler-812 b,CONFIRMED,CANDIDATE,1.0000,0,0,0,0,10.117168400,2.7220000e-05,-2.7220000e-05,137.4448900,2.130000e-03,-2.130000e-03,0.2960,0.1600,-0.2960,4.66770,0.06840,-0.06840,2.8870e+02,6.600e+00,-6.600e+00,3.07,5.600e-01,-6.700e-01,1163.0,,,433.41,201.94,-182.93,50.60,1,q1_q17_dr25_tce,6306.00,81.00,-81.00,4.077,0.174,-0.116,1.7920,0.3230,-0.3940,288.855290,48.208542,13.832
10964440,K01310.01,Kepler-813 b,CONFIRMED,CANDIDATE,1.0000,0,0,0,0,19.129476030,7.5690000e-05,-7.5690000e-05,139.4353000,3.360000e-03,-3.360000e-03,0.8610,0.0050,-0.5950,3.96220,0.08100,-0.08100,4.5120e+02,1.610e+01,-1.610e+01,4.23,6.200e-01,-1.060e+00,817.0,,,105.25,42.16,-48.77,31.70,1,q1_q17_dr25_tce,5372.00,88.00,-64.00,4.007,0.218,-0.087,1.7100,0.2490,-0.4270,285.662690,48.435371,14.569
10713616,K01311.01,Kepler-1667 b,CONFIRMED,CANDIDATE,0.9390,0,0,0,0,83.578197600,2.7800000e-04,-2.7800000e-04,202.4586500,2.530000e-03,-2.530000e-03,0.5440,0.0010,-0.4840,7.24870,0.09800,-0.09800,6.3080e+02,1.330e+01,-1.330e+01,6.63,8.800e-01,-2.060e+00,655.0,,,43.62,15.44,-23.84,54.90,1,q1_q17_dr25_tce,6056.00,81.00,-72.00,3.788,0.264,-0.066,2.5620,0.3410,-0.7950,283.532960,48.094261,13.498
10963242,K01312.01,Kepler-814 b,CONFIRMED,CANDIDATE,1.0000,0,0,0,0,6.146995600,2.3680000e-05,-2.3680000e-05,135.0738500,3.300000e-03,-3.300000e-03,0.0830,0.3710,-0.0830,3.31530,0.09990,-0.09990,2.4960e+02,1.100e+01,-1.100e+01,2.04,3.400e-01,-2.700e-01,1164.0,,,433.72,186.93,-127.45,25.80,1,q1_q17_dr25_tce,6110.00,79.00,-85.00,4.285,0.099,-0.121,1.2960,0.2150,-0.1760,284.910490,48.431641,14.706
10785538,K01313.01,,FALSE POSITIVE,FALSE POSITIVE,0.0000,0,1,1,0,0.522457732,4.4000000e-07,-4.4000000e-07,133.7519760,6.540000e-04,-6.540000e-04,0.9670,0.0330,-0.7150,0.89070,0.02200,-0.02200,1.4380e+02,4.200e+00,-4.200e+00,1.52,4.300e-01,-1.900e-01,2308.0,,,6715.55,5624.49,-2140.01,48.20,1,q1_q17_dr25_tce,5991.00,162.00,-180.00,4.459,0.084,-0.196,0.9540,0.2720,-0.1170,286.665680,48.144581,13.343
6932987,K01366.02,Kepler-293 c,CONFIRMED,CANDIDATE,1.0000,0,0,0,0,54.155838400,2.7700000e-04,-2.7700000e-04,172.3655900,4.240000e-03,-4.240000e-03,0.9270,0.0180,-0.6410,4.43200,0.20100,-0.20100,1.1098e+03,4.070e+01,-4.070e+01,3.88,1.120e+00,-3.800e-01,466.0,,,11.12,9.46,-3.19,29.10,2,q1_q17_dr25_tce,5798.00,156.00,-191.00,4.507,0.048,-0.204,0.9410,0.2730,-0.0910,286.358060,42.406509,15.368
8191672,K00018.01,Kepler-5 b,CONFIRMED,CANDIDATE,0.7540,0,1,0,0,3.548465446,1.8300000e-07,-1.8300000e-07,122.9014315,4.260000e-05,-4.260000e-05,0.0750,0.0130,-0.0530,4.56904,0.00118,-0.00118,7.2515e+03,3.300e+00,-3.300e+00,14.92,1.080e+00,-1.310e+00,1640.0,,,1708.28,416.27,-397.63,2486.50,1,q1_q17_dr25_tce,6290.00,125.00,-125.00,4.074,0.050,-0.050,1.7460,0.1260,-0.1540,299.407010,44.035053,13.369
6851425,K00163.01,Kepler-477 b,CONFIRMED,CANDIDATE,1.0000,0,0,0,0,11.119902800,1.1660000e-05,-1.1660000e-05,139.7535240,8.430000e-04,-8.430000e-04,0.7200,0.1520,-0.5060,3.37590,0.03720,-0.03720,6.3630e+02,7.300e+00,-7.300e+00,2.08,1.400e-01,-9.000e-02,649.0,,,42.07,9.84,-6.52,100.30,1,q1_q17_dr25_tce,5078.00,101.00,-101.00,4.581,0.025,-0.053,0.7660,0.0520,-0.0330,288.067600,42.355370,13.536
6934291,K01367.01,Kepler-828 b,CONFIRMED,CANDIDATE,1.0000,0,0,0,0,0.567856484,4.4600000e-07,-4.4600000e-07,134.0630880,6.580000e-04,-6.580000e-04,0.3240,0.1540,-0.3240,1.02580,0.02480,-0.02480,3.3480e+02,7.500e+00,-7.500e+00,1.55,7.000e-02,-1.300e-01,1848.0,,,2760.23,460.61,-581.88,53.80,1,q1_q17_dr25_tce,5073.00,83.00,-76.00,4.483,0.082,-0.027,0.8530,0.0390,-0.0720,286.887270,42.471260,15.055
7357531,K01368.01,,FALSE POSITIVE,FALSE POSITIVE,0.0000,0,1,1,0,251.059724900,3.7270000e-04,-3.7270000e-04,230.0277450,9.340000e-04,-9.340000e-04,1.2640,6.6140,-0.1000,5.10950,0.05990,-0.05990,7.4198e+03,7.940e+01,-7.940e+01,44.20,6.630e+00,-5.990e+00,301.0,,,1.93,0.81,-0.60,110.30,1,q1_q17_dr25_tce,5714.00,103.00,-114.00,4.340,0.120,-0.108,1.0860,0.1630,-0.1470,290.202360,42.955891,14.695
6185711,K00169.01,,FALSE POSITIVE,FALSE POSITIVE,0.0000,0,0,1,1,11.702196380,2.2520000e-05,-2.2520000e-05,151.1341400,1.560000e-03,-1.560000e-03,1.1660,68.3800,-0.1130,2.66580,0.08400,-0.08400,6.3970e+02,1.890e+01,-1.890e+01,16.15,3.820e+00,-1.180e+00,719.0,,,63.16,44.18,-14.55,41.30,1,q1_q17_dr25_tce,5758.00,155.00,-155.00,4.596,0.038,-0.152,0.7620,0.1800,-0.0560,284.456910,41.561310,13.579
11037335,K01435.01,Kepler-300 c,CONFIRMED,CANDIDATE,1.0000,0,0,0,0,40.715049800,1.3830000e-04,-1.3830000e-04,146.5664700,2.790000e-03,-2.790000e-03,0.6380,0.2370,-0.4160,8.58700,0.11000,-0.11000,5.6390e+02,1.060e+01,-1.060e+01,2.20,6.500e-01,-2.100e-01,516.0,,,16.76,14.51,-4.53,56.40,1,q1_q17_dr25_tce,5968.00,161.00,-179.00,4.534,0.036,-0.204,0.8810,0.2600,-0.0810,295.288700,48.599720,14.201
11037335,K01435.02,Kepler-300 b,CONFIRMED,CANDIDATE,1.0000,0,0,0,0,10.446359440,2.4340000e-05,-2.4340000e-05,133.2782100,1.800000e-03,-1.800000e-03,0.9670,0.0300,-0.6910,2.74900,0.12200,-0.12200,3.5420e+02,1.110e+01,-1.110e+01,2.18,6.400e-01,-2.000e-01,812.0,,,102.77,88.97,-27.75,34.40,2,q1_q17_dr25_tce,5968.00,161.00,-179.00,4.534,0.036,-0.204,0.8810,0.2600,-0.0810,295.288700,48.599720,14.201
11389771,K01436.01,Kepler-301 b,CONFIRMED,CANDIDATE,1.0000,0,0,0,0,2.508553286,7.6680000e-06,-7.6680000e-06,135.0112000,2.360000e-03,-2.360000e-03,0.0090,0.4480,-0.0090,2.26640,0.07360,-0.07360,2.1160e+02,9.000e+00,-9.000e+00,1.28,3.600e-01,-1.300e-01,1278.0,,,629.80,515.07,-167.50,26.80,1,q1_q17_dr25_tce,5814.00,139.00,-156.00,4.523,0.050,-0.200,0.8810,0.2520,-0.0840,283.982970,49.232990,14.271
11389771,K01436.02,Kepler-301 d,CONFIRMED,CANDIDATE,1.0000,0,0,0,0,13.751296360,6.4860000e-05,-6.4860000e-05,144.6138900,3.720000e-03,-3.720000e-03,0.3590,0.0920,-0.3590,3.85300,0.10400,-0.10400,3.4850e+02,1.500e+01,-1.500e+01,1.66,4.700e-01,-1.600e-01,725.0,,,65.24,53.35,-17.35,24.60,2,q1_q17_dr25_tce,5814.00,139.00,-156.00,4.523,0.050,-0.200,0.8810,0.2520,-0.0840,283.982970,49.232990,14.271
8737796,K01252.01,,FALSE POSITIVE,FALSE POSITIVE,0.0000,1,0,1,0,0.885747456,6.3700000e-07,-6.3700000e-07,134.4868340,5.720000e-04,-5.720000e-04,1.2050,0.1500,-0.0820,4.47880,0.03610,-0.03610,8.9520e+02,5.500e+00,-5.500e+00,269.98,6.425e+01,-1.499e+02,4958.0,,,142553.16,95669.89,-120265.83,203.60,1,q1_q17_dr25_tce,5487.00,120.00,-313.00,2.816,0.378,-0.162,10.3960,2.4740,-5.7730,284.282530,44.987228,12.686
8462258,K01253.01,,FALSE POSITIVE,FALSE POSITIVE,0.0000,0,0,1,0,3.611541977,6.5110000e-06,-6.5110000e-06,357.2506400,1.270000e-03,-1.270000e-03,1.2540,0.8270,-0.1060,8.60680,0.06420,-0.06420,2.9723e+03,2.140e+01,-2.140e+01,28.07,3.610e+00,-3.250e+00,1005.0,,,240.29,114.47,-77.03,167.10,1,q1_q17_dr25_tce,5203.00,196.00,-179.00,4.504,0.093,-0.085,0.8020,0.1030,-0.0930,301.355070,44.492271,15.736
10925104,K00156.01,Kepler-114 c,CONFIRMED,CANDIDATE,0.6800,0,0,0,0,8.041347775,8.9150000e-06,-8.9150000e-06,143.0382920,9.160000e-04,-9.160000e-04,0.2600,0.1340,-0.2590,2.63320,0.03030,-0.03030,5.9100e+02,8.300e+00,-8.300e+00,1.29,8.000e-02,-7.000e-02,507.0,,,15.59,3.41,-2.90,77.50,2,q1_q17_dr25_tce,3980.00,79.00,-79.00,4.722,0.030,-0.033,0.5400,0.0330,-0.0330,294.121430,48.349522,13.738
8454250,K01254.01,,FALSE POSITIVE,FALSE POSITIVE,1.0000,0,0,1,0,5.082722475,8.2680000e-06,-8.2680000e-06,137.2607500,1.370000e-03,-1.370000e-03,0.0190,0.3090,-0.0190,5.91390,0.04940,-0.04940,1.9741e+03,2.450e+01,-2.450e+01,4.40,0.000e+00,0.000e+00,1059.0,,,296.94,0.00,0.00,95.50,1,q1_q17_dr25_tce,5780.00,,,4.438,,,1.0000,,,299.073880,44.431679,12.777
8494263,K01255.01,,CANDIDATE,CANDIDATE,0.4360,0,0,0,0,78.925742100,1.9250000e-04,-1.9250000e-04,429.3745400,1.610000e-03,-1.610000e-03,0.3590,0.0440,-0.2900,7.51930,0.09910,-0.09910,1.7972e+04,2.020e+02,-2.020e+02,11.90,3.100e+00,-1.040e+00,398.0,,,5.94,4.61,-1.65,85.20,1,q1_q17_dr25_tce,5750.00,161.00,-202.00,4.538,0.042,-0.179,0.8820,0.2300,-0.0770,291.445220,44.528690,15.913
8848271,K01256.01,,FALSE POSITIVE,FALSE POSITIVE,0.0000,0,1,1,0,9.991625291,5.3620000e-06,-5.3620000e-06,137.4478160,4.450000e-04,-4.450000e-04,1.2560,0.2580,-0.1190,3.85520,0.02350,-0.02350,3.4505e+03,1.920e+01,-1.920e+01,38.93,1.098e+01,-7.310e+00,907.0,,,160.14,132.50,-66.64,220.30,1,q1_q17_dr25_tce,5874.00,158.00,-176.00,4.338,0.153,-0.187,1.0960,0.3090,-0.2060,301.042390,45.022888,14.039
10585852,K01314.01,Kepler-815 b,CONFIRMED,CANDIDATE,0.9970,0,0,0,0,8.575049830,5.6840000e-05,-5.6840000e-05,140.1406300,5.400000e-03,-5.400000e-03,0.1290,0.3180,-0.1290,8.65300,0.15100,-0.15100,1.6060e+02,5.000e+00,-5.000e+00,4.26,2.500e-01,-4.100e-01,1374.0,,,841.68,144.53,-191.93,36.90,1,q1_q17_dr25_tce,4986.00,60.00,-67.00,3.462,0.011,-0.008,3.4640,0.1970,-0.3370,285.221100,47.881378,13.242
10928043,K01315.01,,CANDIDATE,CANDIDATE,1.0000,0,0,0,0,6.846398840,1.9240000e-05,-1.9240000e-05,133.7618100,2.370000e-03,-2.370000e-03,0.9000,0.0110,-0.6270,3.49190,0.05930,-0.05930,1.4970e+02,4.600e+00,-4.600e+00,1.90,3.500e-01,-2.800e-01,1132.0,,,387.84,198.25,-130.26,36.30,1,q1_q17_dr25_tce,6065.00,121.00,-133.00,4.251,0.125,-0.125,1.3100,0.2380,-0.1940,295.293850,48.374802,13.137
10794087,K01316.01,Kepler-1743 b,CONFIRMED,CANDIDATE,0.9970,0,0,0,0,7.649708320,4.3660000e-05,-4.3660000e-05,138.3311300,4.770000e-03,-4.770000e-03,0.8980,0.0210,-0.6580,6.62500,0.11000,-0.11000,5.5400e+01,2.000e+00,-2.000e+00,1.43,2.300e-01,-3.100e-01,1144.0,,,404.99,178.19,-176.31,28.50,1,q1_q17_dr25_tce,5855.00,105.00,-117.00,4.125,0.168,-0.112,1.6130,0.2550,-0.3510,290.552370,48.126263,11.926
10794087,K01316.02,,CANDIDATE,CANDIDATE,,0,0,0,0,12.376793120,,,143.3787176,,,,,,3.85000,,,,,,,,,,,,,,,,,,,,,,,,,,,290.552370,48.126263,11.926
6541920,K00157.06,Kepler-11 b,CONFIRMED,CANDIDATE,1.0000,0,0,0,0,10.304011320,1.8350000e-05,-1.8350000e-05,138.5037700,1.450000e-03,-1.450000e-03,0.0170,0.3630,-0.0170,4.22460,0.04190,-0.04190,3.1610e+02,6.000e+00,-6.000e+00,1.84,1.200e-01,-1.200e-01,849.0,,,122.98,28.00,-22.94,53.80,6,q1_q17_dr25_tce,5657.00,113.00,-101.00,4.364,0.055,-0.045,1.0460,0.0680,-0.0680,297.115110,41.909142,13.709
4275739,K01317.01,,FALSE POSITIVE,FALSE POSITIVE,0.0000,0,1,0,0,2.171827838,7.5200000e-07,-7.5200000e-07,355.0836860,2.510000e-04,-2.510000e-04,1.3230,2.3030,-0.2800,3.22050,0.02250,-0.02250,4.2086e+04,1.760e+02,-1.760e+02,58.56,1.617e+01,-6.440e+00,1311.0,,,698.31,596.12,-214.49,300.60,1,q1_q17_dr25_tce,5650.00,186.00,-186.00,4.513,0.048,-0.192,0.8910,0.2460,-0.0980,294.773930,39.333839,15.580
7287415,K01369.01,Kepler-1745 b,CONFIRMED,CANDIDATE,1.0000,0,0,0,0,3.016182013,9.7510000e-06,-9.7510000e-06,133.8839500,2.660000e-03,-2.660000e-03,0.7320,0.1820,-0.4910,2.83490,0.07930,-0.07930,2.2250e+02,8.100e+00,-8.100e+00,2.25,3.700e-01,-4.500e-01,1449.0,,,1044.49,459.93,-414.44,31.90,1,q1_q17_dr25_tce,5611.00,84.00,-75.00,4.144,0.195,-0.105,1.4000,0.2310,-0.2830,293.469020,42.822411,14.878
6924203,K01370.01,Kepler-829 b,CONFIRMED,CANDIDATE,0.9950,0,0,0,0,6.883376100,1.8170000e-05,-1.8170000e-05,135.2652200,2.190000e-03,-2.190000e-03,0.0750,0.3790,-0.0750,2.27020,0.07180,-0.07180,4.5840e+02,1.880e+01,-1.880e+01,1.69,4.500e-01,-1.300e-01,857.0,,,127.67,97.85,-31.12,28.10,1,q1_q17_dr25_tce,5679.00,152.00,-152.00,4.581,0.040,-0.160,0.7940,0.2070,-0.0650,282.332790,42.463821,14.931
6878167,K01371.01,,FALSE POSITIVE,FALSE POSITIVE,0.0000,0,1,1,0,0.833980196,1.0720000e-06,-1.0720000e-06,133.6830400,1.350000e-03,-1.350000e-03,0.5470,0.2030,-0.5460,1.75600,0.27900,-0.27900,2.6120e+02,9.400e+00,-9.400e+00,1.45,4.300e-01,-1.400e-01,1816.0,,,2562.78,2206.58,-713.31,56.90,1,q1_q17_dr25_tce,5747.00,154.00,-171.00,4.530,0.048,-0.192,0.8710,0.2560,-0.0850,295.876340,42.364819,14.657
6880531,K01372.01,,FALSE POSITIVE,FALSE POSITIVE,,1,0,0,0,69.627542020,,,176.3098622,,,,,,11.07000,,,,,,,,,,,,,,,,,,,,,,,,,,,296.399900,42.387100,15.384
6863839,K01373.01,,FALSE POSITIVE,FALSE POSITIVE,0.0000,0,0,1,1,1.926353494,4.8030000e-06,-4.8030000e-06,133.6807700,2.190000e-03,-2.190000e-03,0.7670,0.1680,-0.4960,2.53050,0.06980,-0.06980,1.8510e+02,6.000e+00,-6.000e+00,1.33,3.700e-01,-1.500e-01,1484.0,,,1146.34,917.76,-354.23,36.90,1,q1_q17_dr25_tce,6063.00,163.00,-181.00,4.481,0.081,-0.189,0.8990,0.2450,-0.1050,292.054780,42.330250,14.618
7296086,K01374.01,,FALSE POSITIVE,FALSE POSITIVE,0.0000,0,0,1,1,0.890737359,1.3760000e-06,-1.3760000e-06,134.5670700,1.370000e-03,-1.370000e-03,1.1460,1.9530,-0.0990,1.92570,0.07600,-0.07600,1.9580e+02,6.300e+00,-6.300e+00,20.57,5.890e+00,-4.420e+00,2022.0,,,3948.43,3324.47,-1793.44,37.70,1,q1_q17_dr25_tce,5687.00,154.00,-171.00,4.293,0.180,-0.180,1.1690,0.3350,-0.2510,295.785950,42.844280,14.624
11389771,K01436.03,Kepler-301 c,CONFIRMED,CANDIDATE,0.9800,0,0,0,0,5.419084910,2.1760000e-05,-2.1760000e-05,131.6422000,3.250000e-03,-3.250000e-03,0.5360,0.3960,-0.3300,2.33790,0.08670,-0.08670,2.3100e+02,1.240e+01,-1.240e+01,1.38,3.900e-01,-1.300e-01,989.0,,,225.71,184.59,-60.03,20.20,3,q1_q17_dr25_tce,5814.00,139.00,-156.00,4.523,0.050,-0.200,0.8810,0.2520,-0.0840,283.982970,49.232990,14.271
11599038,K01437.01,Kepler-1751 b,CONFIRMED,CANDIDATE,1.0000,0,0,0,0,7.017335710,5.1690000e-05,-5.1690000e-05,133.9059200,5.770000e-03,-5.770000e-03,0.5810,0.0210,-0.4750,3.56700,0.18000,-0.18000,2.5550e+02,1.820e+01,-1.820e+01,1.61,5.000e-01,-2.000e-01,984.0,,,221.46,204.04,-73.17,15.50,1,q1_q17_dr25_tce,6052.00,163.00,-199.00,4.456,0.070,-0.210,0.9670,0.3040,-0.1210,284.846620,49.692402,15.280
11193263,K01438.01,Kepler-848 b,CONFIRMED,CANDIDATE,1.0000,0,0,0,0,6.911342230,2.4770000e-05,-2.4770000e-05,136.6487800,2.720000e-03,-2.720000e-03,0.2590,0.1750,-0.2590,5.67430,0.07880,-0.07880,2.0170e+02,5.200e+00,-5.200e+00,1.90,3.500e-01,-3.700e-01,1086.0,,,328.65,166.16,-131.70,44.00,1,q1_q17_dr25_tce,5685.00,114.00,-103.00,4.194,0.162,-0.108,1.3500,0.2420,-0.2660,293.288270,48.811619,14.056
11027624,K01439.01,Kepler-849 b,CONFIRMED,CANDIDATE,1.0000,0,0,0,0,394.624951400,8.1710000e-04,-8.1710000e-04,177.8453400,1.540000e-03,-1.540000e-03,0.3360,0.0920,-0.2290,24.10800,0.10700,-0.10700,2.0133e+03,1.010e+01,-1.010e+01,7.79,1.270e+00,-1.900e+00,325.0,,,2.65,1.20,-1.26,234.60,1,q1_q17_dr25_tce,5910.00,107.00,-119.00,4.030,0.196,-0.084,1.7270,0.2810,-0.4220,290.851780,48.521339,12.849
11032227,K01440.01,Kepler-850 b,CONFIRMED,CANDIDATE,0.9960,0,0,0,0,7.193049350,3.6000000e-05,-3.6000000e-05,136.0506500,4.220000e-03,-4.220000e-03,0.0170,0.3960,-0.0170,3.40700,0.10800,-0.10800,2.5530e+02,1.550e+01,-1.550e+01,1.59,4.900e-01,-1.700e-01,995.0,,,232.36,212.37,-70.37,19.00,1,q1_q17_dr25_tce,6185.00,174.00,-218.00,4.472,0.050,-0.200,0.9910,0.3060,-0.1020,293.084470,48.575390,15.451
8751933,K01257.01,Kepler-420 b,CONFIRMED,CANDIDATE,0.1170,0,0,0,0,86.647644480,4.4030000e-05,-4.4030000e-05,173.7946410,4.080000e-04,-4.080000e-04,0.0000,0.1960,0.0000,4.23260,0.01740,-0.01740,7.3116e+03,3.520e+01,-3.520e+01,9.40,1.330e+00,-1.330e+00,419.0,,,7.28,2.73,-2.22,241.90,1,q1_q17_dr25_tce,5522.00,75.00,-83.00,4.323,0.132,-0.108,1.1200,0.1580,-0.1580,291.225190,44.927380,14.651
8630788,K01258.01,Kepler-281 c,CONFIRMED,CANDIDATE,0.9970,0,0,0,0,36.337504530,7.2620000e-05,-7.2620000e-05,160.3980600,1.580000e-03,-1.580000e-03,0.8250,0.0190,-0.0690,7.06000,0.16100,-0.16100,2.8284e+03,3.250e+01,-3.250e+01,5.30,1.380e+00,-4.600e-01,513.0,,,16.36,12.57,-4.30,96.80,1,q1_q17_dr25_tce,5717.00,156.00,-173.00,4.538,0.044,-0.187,0.8840,0.2300,-0.0770,294.108180,44.770699,15.773
8630788,K01258.02,Kepler-281 b,CONFIRMED,CANDIDATE,1.0000,0,0,0,0,14.646130580,7.9590000e-05,-7.9590000e-05,136.5227000,4.400000e-03,-4.400000e-03,0.5610,0.3530,-0.3580,5.68800,0.13500,-0.13500,5.9350e+02,2.150e+01,-2.150e+01,2.22,5.800e-01,-1.900e-01,694.0,,,54.95,42.24,-14.45,30.00,2,q1_q17_dr25_tce,5717.00,156.00,-173.00,4.538,0.044,-0.187,0.8840,0.2300,-0.0770,294.108180,44.770699,15.773
8630788,K01258.03,Kepler-281 d,CONFIRMED,CANDIDATE,0.9600,0,0,0,0,148.272013000,8.2540000e-04,-8.2540000e-04,138.0055700,4.690000e-03,-4.690000e-03,0.8830,0.0690,-0.6120,4.19200,0.17400,-0.17400,1.7074e+03,8.490e+01,-8.490e+01,4.30,1.120e+00,-3.800e-01,321.0,,,2.51,1.93,-0.66,21.80,3,q1_q17_dr25_tce,5717.00,156.00,-173.00,4.538,0.044,-0.187,0.8840,0.2300,-0.0770,294.108180,44.770699,15.773
8823426,K01259.01,,FALSE POSITIVE,FALSE POSITIVE,0.0000,0,1,1,1,1.506507172,2.4500000e-06,-2.4500000e-06,178.1851500,1.310000e-03,-1.310000e-03,1.2260,0.7760,-0.0370,4.53460,0.07190,-0.07190,8.8090e+02,1.200e+01,-1.200e+01,13.40,7.900e-01,-9.900e-01,801.0,,,97.56,18.93,-19.63,86.70,1,q1_q17_dr25_tce,3755.00,59.00,-66.00,4.774,0.042,-0.025,0.4730,0.0280,-0.0350,293.617430,45.016701,15.591
4070376,K01318.01,,FALSE POSITIVE,FALSE POSITIVE,0.0000,0,1,0,0,1.634614356,4.4400000e-07,-4.4400000e-07,133.9685500,2.240000e-04,-2.240000e-04,1.2290,0.0620,-0.0540,3.44220,0.01530,-0.01530,1.9762e+04,6.600e+01,-6.600e+01,44.22,1.441e+01,-4.790e+00,1611.0,,,1597.73,1577.83,-494.27,376.50,1,q1_q17_dr25_tce,6121.00,191.00,-212.00,4.468,0.054,-0.216,0.9700,0.3160,-0.1050,294.881810,39.161072,15.310
4078157,K01319.01,,FALSE POSITIVE,FALSE POSITIVE,0.0020,0,1,0,0,16.025018977,8.5000000e-06,-8.5000000e-06,367.6933280,3.280000e-04,-3.280000e-04,13.2390,66.1800,-10.1700,3.88280,0.01500,-0.01500,2.9090e+04,1.320e+02,-1.320e+02,1069.01,2.778e+02,-9.214e+01,657.0,,,44.01,35.50,-11.86,257.80,1,q1_q17_dr25_tce,5776.00,190.00,-190.00,4.582,0.042,-0.168,0.7890,0.2050,-0.0680,296.479370,39.127571,15.484
4164994,K01320.01,Kepler-816 b,CONFIRMED,CANDIDATE,1.0000,0,0,0,0,10.506829780,3.6820000e-06,-3.6820000e-06,360.0821520,2.500000e-04,-2.500000e-04,0.4070,0.0740,-0.1780,3.77690,0.03530,-0.03530,1.3356e+04,4.520e+01,-4.520e+01,9.01,1.200e+00,-7.000e-01,668.0,,,47.21,22.62,-12.56,343.40,1,q1_q17_dr25_tce,5127.00,185.00,-185.00,4.589,0.030,-0.090,0.7820,0.1040,-0.0610,293.362850,39.212448,15.950
4480676,K01321.01,,FALSE POSITIVE,FALSE POSITIVE,0.0000,0,1,0,0,0.711966971,1.1200000e-07,-1.1200000e-07,134.2234860,1.300000e-04,-1.300000e-04,1.2680,0.5910,-0.0660,2.02210,0.00774,-0.00774,6.2275e+03,1.940e+01,-1.940e+01,33.34,6.950e+00,-4.660e+00,1855.0,,,2808.98,1855.16,-965.16,392.20,1,q1_q17_dr25_tce,5486.00,179.00,-162.00,4.470,0.130,-0.159,0.8300,0.1730,-0.1160,295.731930,39.587521,15.469
4079535,K01322.01,,FALSE POSITIVE,FALSE POSITIVE,0.0000,0,1,1,1,17.727243920,1.3990000e-05,-1.3990000e-05,356.7955280,5.890000e-04,-5.890000e-04,0.8250,0.0090,-0.0110,4.10730,0.04040,-0.04040,1.6878e+04,2.490e+02,-2.490e+02,14.77,4.910e+00,-1.650e+00,741.0,,,71.06,72.08,-23.16,109.70,1,q1_q17_dr25_tce,6181.00,197.00,-240.00,4.464,0.056,-0.224,1.0060,0.3350,-0.1120,296.735020,39.187801,15.073
6766634,K01375.01,Kepler-1746 b,CONFIRMED,CANDIDATE,0.6770,0,0,0,0,321.212436500,4.0360000e-04,-4.0360000e-04,206.9305560,9.940000e-04,-9.940000e-04,0.8730,0.0350,-0.5810,4.01200,0.16500,-0.16500,2.3586e+03,3.320e+01,-3.320e+01,7.25,1.160e+00,-1.170e+00,310.0,,,2.17,1.00,-0.76,81.70,1,q1_q17_dr25_tce,6018.00,120.00,-120.00,4.257,0.137,-0.112,1.2860,0.2070,-0.2070,288.320430,42.261414,13.709
6774826,K01376.01,,FALSE POSITIVE,FALSE POSITIVE,0.0000,0,0,1,0,7.138953760,3.3290000e-05,-3.3290000e-05,184.2456900,3.990000e-03,-3.990000e-03,1.1990,6.7130,-0.0150,4.56800,0.20100,-0.20100,2.5420e+02,9.300e+00,-9.300e+00,49.96,1.116e+01,-2.071e+01,1622.0,,,1635.00,1135.48,-1162.96,32.90,1,q1_q17_dr25_tce,7131.00,225.00,-300.00,3.913,0.367,-0.122,2.1450,0.4790,-0.8890,291.013580,42.283134,13.997
5652237,K00164.01,,FALSE POSITIVE,FALSE POSITIVE,0.0000,0,1,1,1,4.464545400,1.3770000e-05,-1.3770000e-05,132.3153800,2.740000e-03,-2.740000e-03,0.8080,0.1390,-0.5650,2.88230,0.07810,-0.07810,1.9430e+02,6.100e+00,-6.100e+00,3.07,7.500e-01,-1.370e+00,1601.0,,,1555.36,1163.05,-1139.80,37.60,1,q1_q17_dr25_tce,6093.00,195.00,-195.00,3.910,0.443,-0.118,1.9850,0.4790,-0.8900,299.543760,40.860260,13.510
7211469,K01377.01,Kepler-830 b,CONFIRMED,CANDIDATE,0.9990,0,0,0,0,11.296894420,6.9120000e-05,-6.9120000e-05,134.5723300,5.300000e-03,-5.300000e-03,0.6340,0.2740,-0.4100,4.62300,0.14900,-0.14900,1.9850e+02,1.090e+01,-1.090e+01,1.74,2.800e-01,-1.500e-01,907.0,,,160.18,67.36,-33.88,20.90,1,q1_q17_dr25_tce,6096.00,79.00,-85.00,4.358,0.063,-0.117,1.1760,0.1900,-0.1020,295.054290,42.756840,14.788
7375795,K01378.01,,FALSE POSITIVE,FALSE POSITIVE,0.4900,0,0,1,0,19.301120390,7.4050000e-05,-7.4050000e-05,133.3561400,3.660000e-03,-3.660000e-03,0.8620,0.0580,-0.5770,6.07520,0.08870,-0.08870,2.3230e+02,5.400e+00,-5.400e+00,1.66,2.100e-01,-2.000e-01,669.0,,,47.49,18.09,-13.10,45.00,1,q1_q17_dr25_tce,5687.00,114.00,-102.00,4.408,0.110,-0.099,0.9430,0.1220,-0.1110,295.510680,42.930565,13.601
7255336,K00019.01,,FALSE POSITIVE,FALSE POSITIVE,0.0000,0,1,0,0,1.203200920,2.9600000e-07,-2.9600000e-07,133.9298360,2.040000e-04,-2.040000e-04,1.2740,3.0880,-0.0420,1.91970,0.01080,-0.01080,2.8071e+03,1.350e+01,-1.350e+01,49.25,8.830e+00,-8.840e+00,2124.0,,,4809.16,2430.00,-1846.80,250.80,1,q1_q17_dr25_tce,6218.00,124.00,-137.00,4.198,0.162,-0.108,1.3490,0.2420,-0.2420,280.943850,42.839184,11.374
7831264,K00171.01,Kepler-116 b,CONFIRMED,CANDIDATE,1.0000,0,0,0,0,5.968724048,6.0370000e-06,-6.0370000e-06,137.1586070,8.110000e-04,-8.110000e-04,0.1660,0.2630,-0.1660,3.65100,0.02900,-0.02900,5.1060e+02,5.300e+00,-5.300e+00,3.26,5.800e-01,-5.800e-01,1251.0,,,579.90,299.63,-219.39,107.10,1,q1_q17_dr25_tce,6122.00,136.00,-124.00,4.173,0.168,-0.112,1.4390,0.2570,-0.2570,294.742070,43.536831,13.717
7802136,K01449.01,,FALSE POSITIVE,FALSE POSITIVE,0.0000,0,1,0,0,10.980246199,6.9300000e-07,-6.9300000e-07,137.1376073,5.290000e-05,-5.290000e-05,0.7330,0.0010,-0.0010,3.74464,0.00340,-0.00340,5.0078e+04,4.470e+01,-4.470e+01,21.94,5.820e+00,-2.910e+00,821.0,,,107.47,83.74,-34.92,1555.40,1,q1_q17_dr25_tce,5952.00,159.00,-159.00,4.462,0.098,-0.182,0.8970,0.2380,-0.1190,282.797640,43.578129,14.212
7532973,K01450.01,Kepler-854 b,CONFIRMED,FALSE POSITIVE,0.0410,0,1,0,0,2.144632238,1.2660000e-06,-1.2660000e-06,133.9841280,4.820000e-04,-4.820000e-04,1.2280,0.0590,-0.0480,6.27010,0.03620,-0.03620,1.9837e+04,7.690e+01,-7.690e+01,59.19,1.796e+01,-1.197e+01,1736.0,,,2146.82,1923.32,-961.12,334.80,1,q1_q17_dr25_tce,6296.00,175.00,-219.00,4.240,0.180,-0.180,1.3050,0.3960,-0.2640,293.351290,43.134640,13.480
9632895,K01451.01,,FALSE POSITIVE,FALSE POSITIVE,0.0000,0,1,0,0,27.322044880,1.1640000e-06,-1.1640000e-06,159.7472774,3.350000e-05,-3.350000e-05,0.2570,0.0030,-0.0040,5.67160,0.00279,-0.00279,7.7474e+04,2.570e+01,-2.570e+01,21.58,4.720e+00,-1.910e+00,531.0,,,18.81,12.28,-4.79,3622.70,1,q1_q17_dr25_tce,5620.00,152.00,-152.00,4.592,0.036,-0.135,0.7720,0.1690,-0.0680,283.241300,46.378471,13.552
7449844,K01452.01,,FALSE POSITIVE,FALSE POSITIVE,0.0000,0,1,0,0,1.152216965,7.8400000e-07,-7.8400000e-07,133.2778610,5.590000e-04,-5.590000e-04,0.8110,0.0250,-0.0540,2.22450,0.07550,-0.07550,1.2072e+04,1.670e+02,-1.670e+02,187.73,5.085e+01,-5.086e+01,5283.0,,,183811.71,174589.84,-139795.71,104.50,1,q1_q17_dr25_tce,5560.00,268.00,-1005.00,2.619,0.075,-0.225,15.1130,4.0940,-4.0940,293.281560,43.055809,13.630
8766222,K01260.01,,FALSE POSITIVE,FALSE POSITIVE,0.0000,0,1,1,1,5.297229300,2.4810000e-05,-2.4810000e-05,177.9511100,3.790000e-03,-3.790000e-03,0.0220,6.8290,-0.0070,3.79900,0.47400,-0.47400,1.2105e+03,6.100e+01,-6.100e+01,47.70,1.056e+01,-1.057e+01,2867.0,,,15961.10,9804.73,-7214.03,31.80,1,q1_q17_dr25_tce,4631.00,92.00,-115.00,2.386,0.030,-0.030,14.2960,3.1670,-3.1670,296.396390,44.963036,13.850
8678594,K01261.01,Kepler-799 b,CONFIRMED,CANDIDATE,1.0000,0,0,0,0,133.460999000,2.5710000e-04,-2.5710000e-04,216.0433400,1.380000e-03,-1.380000e-03,0.2490,0.0430,-0.2490,11.49970,0.06910,-0.06910,5.0329e+03,3.240e+01,-3.240e+01,11.21,1.720e+00,-2.590e+00,433.0,,,8.29,3.42,-3.64,162.30,1,q1_q17_dr25_tce,5588.00,83.00,-75.00,4.047,0.203,-0.087,1.5930,0.2450,-0.3680,287.174900,44.878571,15.120
10925104,K00156.02,Kepler-114 b,CONFIRMED,CANDIDATE,0.9920,0,0,0,0,5.188563677,6.3660000e-06,-6.3660000e-06,145.3622520,9.920000e-04,-9.920000e-04,0.1790,0.2090,-0.1790,2.36830,0.02970,-0.02970,3.5870e+02,7.000e+00,-7.000e+00,1.00,7.000e-02,-6.000e-02,586.0,,,27.95,6.10,-5.21,56.40,3,q1_q17_dr25_tce,3980.00,79.00,-79.00,4.722,0.030,-0.033,0.5400,0.0330,-0.0330,294.121430,48.349522,13.738
8678594,K01261.02,Kepler-799 c,CONFIRMED,CANDIDATE,0.9880,0,0,0,0,15.194233590,8.3430000e-05,-8.3430000e-05,142.7342200,4.580000e-03,-4.580000e-03,0.9060,0.0540,-0.6110,3.10600,0.12500,-0.12500,3.6780e+02,2.250e+01,-2.250e+01,3.69,5.700e-01,-8.500e-01,893.0,,,150.25,61.93,-66.07,18.10,2,q1_q17_dr25_tce,5588.00,83.00,-75.00,4.047,0.203,-0.087,1.5930,0.2450,-0.3680,287.174900,44.878571,15.120
8703884,K01262.01,,FALSE POSITIVE,FALSE POSITIVE,0.0000,0,0,1,1,14.170987450,2.1150000e-05,-2.1150000e-05,359.8295600,1.060000e-03,-1.060000e-03,0.0410,0.3530,-0.0410,3.48040,0.04220,-0.04220,3.0708e+03,3.790e+01,-3.790e+01,4.19,5.200e-01,-3.900e-01,608.0,,,32.22,14.57,-9.29,93.60,1,q1_q17_dr25_tce,5107.00,179.00,-179.00,4.565,0.044,-0.072,0.7770,0.0970,-0.0730,296.933930,44.853642,15.379
8560840,K01263.01,,FALSE POSITIVE,FALSE POSITIVE,0.0000,0,1,1,1,31.973416900,2.0300000e-04,-2.0300000e-04,133.8659800,5.470000e-03,-5.470000e-03,1.2400,35.6200,-0.1190,13.26200,0.22800,-0.22800,1.4144e+03,2.600e+01,-2.600e+01,24.10,2.150e+00,-1.590e+00,442.0,,,9.01,3.02,-2.05,62.50,1,q1_q17_dr25_tce,4931.00,148.00,-148.00,4.595,0.024,-0.064,0.7740,0.0690,-0.0510,292.134370,44.656170,15.527
4076098,K01323.01,Kepler-817 b,CONFIRMED,CANDIDATE,1.0000,0,0,0,0,3.990105908,1.4310000e-06,-1.4310000e-06,355.8408370,2.520000e-04,-2.520000e-04,0.5820,0.0570,-0.3290,2.41080,0.04140,-0.04140,6.1549e+03,3.250e+01,-3.250e+01,7.45,2.180e+00,-7.300e-01,1124.0,,,378.53,327.65,-114.98,247.80,1,q1_q17_dr25_tce,5926.00,166.00,-228.00,4.519,0.048,-0.192,0.9130,0.2670,-0.0890,296.081850,39.161621,15.572
4551328,K01324.01,,FALSE POSITIVE,FALSE POSITIVE,0.0000,0,1,1,0,0.522058620,2.0100000e-07,-2.0100000e-07,133.1384460,3.210000e-04,-3.210000e-04,1.2400,0.4470,-0.0530,2.08470,0.01940,-0.01940,1.3813e+03,1.010e+01,-1.010e+01,27.16,5.140e+00,-3.150e+00,2022.0,,,3951.57,2406.38,-1217.26,169.00,1,q1_q17_dr25_tce,5359.00,176.00,-160.00,4.478,0.092,-0.138,0.8780,0.1660,-0.1020,288.653590,39.664310,15.636
4282872,K01325.01,Kepler-818 b,CONFIRMED,CANDIDATE,1.0000,0,0,0,0,10.035381809,6.4750000e-06,-6.4750000e-06,137.4714810,5.400000e-04,-5.400000e-04,0.0790,0.2840,-0.0790,3.40620,0.02650,-0.02650,2.8297e+03,2.170e+01,-2.170e+01,4.42,1.130e+00,-3.800e-01,786.0,,,90.33,68.12,-23.39,150.90,1,q1_q17_dr25_tce,5813.00,157.00,-174.00,4.561,0.042,-0.168,0.8330,0.2130,-0.0710,296.235110,39.370338,15.062
4639868,K01326.01,,FALSE POSITIVE,FALSE POSITIVE,0.0000,0,1,0,0,53.100942624,3.2170000e-06,-3.2170000e-06,135.9717179,4.920000e-05,-4.920000e-05,0.9880,0.0390,-0.0250,2.28680,0.00566,-0.00566,1.9981e+04,2.520e+01,-2.520e+01,24.02,2.890e+00,-2.890e+00,464.0,,,10.93,3.91,-3.06,1108.50,1,q1_q17_dr25_tce,5465.00,109.00,-98.00,4.396,0.126,-0.084,0.9730,0.1170,-0.1170,286.834870,39.760849,12.907
10555375,K00158.01,,FALSE POSITIVE,FALSE POSITIVE,0.0000,0,0,1,1,5.801813680,1.8600000e-05,-1.8600000e-05,137.5780700,2.740000e-03,-2.740000e-03,0.9670,0.0700,-0.7450,4.11900,0.15600,-0.15600,2.6960e+02,8.400e+00,-8.400e+00,4.52,9.700e-01,-2.280e+00,1491.0,,,1168.82,779.46,-914.73,35.30,1,q1_q17_dr25_tce,6020.00,183.00,-183.00,3.860,0.512,-0.128,2.0970,0.4530,-1.0570,298.773380,47.786469,13.752
4372768,K01327.01,,FALSE POSITIVE,FALSE POSITIVE,0.0000,0,1,1,1,15.640251500,1.8360000e-04,-1.8360000e-04,359.0799100,9.920000e-03,-9.920000e-03,1.1670,70.1400,-0.0840,6.22200,0.38800,-0.38800,8.0030e+02,4.950e+01,-4.950e+01,18.11,2.850e+00,-2.320e+00,640.0,,,39.55,21.99,-13.45,19.30,1,q1_q17_dr25_tce,5346.00,204.00,-185.00,4.491,0.105,-0.115,0.8260,0.1300,-0.1060,293.611210,39.417519,15.908
7375795,K01378.02,,FALSE POSITIVE,FALSE POSITIVE,0.0000,0,0,1,0,0.691666384,2.5620000e-06,-2.5620000e-06,135.9492700,3.320000e-03,-3.320000e-03,0.5520,0.0080,-0.4920,1.96030,0.09350,-0.09350,3.5600e+01,2.000e+00,-2.000e+00,0.58,8.000e-02,-7.000e-02,2031.0,,,4014.57,1529.05,-1107.72,20.80,2,q1_q17_dr25_tce,5687.00,114.00,-102.00,4.408,0.110,-0.099,0.9430,0.1220,-0.1110,295.510680,42.930565,13.601
7211221,K01379.01,Kepler-831 b,CONFIRMED,CANDIDATE,1.0000,0,0,0,0,5.621543150,1.2700000e-05,-1.2700000e-05,136.8901300,1.860000e-03,-1.860000e-03,0.7420,0.1800,-0.5030,2.41430,0.05140,-0.05140,1.7230e+02,5.700e+00,-5.700e+00,1.37,1.700e-01,-1.200e-01,992.0,,,229.04,84.49,-52.64,35.30,1,q1_q17_dr25_tce,5637.00,101.00,-112.00,4.439,0.076,-0.104,0.9600,0.1240,-0.0830,294.985470,42.727669,13.687
7025526,K01380.01,,FALSE POSITIVE,FALSE POSITIVE,0.0000,0,1,1,1,1.074106954,1.8200000e-06,-1.8200000e-06,133.8432300,1.360000e-03,-1.360000e-03,0.1220,0.2650,-0.1210,1.97970,0.05190,-0.05190,6.4500e+01,1.600e+00,-1.600e+00,0.52,4.000e-02,-1.000e-02,1255.0,,,588.96,140.76,-74.51,48.50,1,q1_q17_dr25_tce,4699.00,75.00,-84.00,4.637,0.010,-0.045,0.6760,0.0530,-0.0210,289.248170,42.565559,11.748
9451127,K01381.01,,FALSE POSITIVE,FALSE POSITIVE,0.0050,0,1,0,0,5.117401517,1.4830000e-06,-1.4830000e-06,134.5865180,2.390000e-04,-2.390000e-04,0.6830,0.0080,-0.0030,4.30560,0.01510,-0.01510,6.2929e+04,2.000e+02,-2.000e+02,28.41,9.190e+00,-3.080e+00,1130.0,,,385.51,368.30,-123.29,456.60,1,q1_q17_dr25_tce,6161.00,171.00,-236.00,4.454,0.054,-0.216,1.0530,0.3410,-0.1140,284.822720,46.013721,15.764
9446824,K01382.01,,FALSE POSITIVE,FALSE POSITIVE,0.0850,0,1,0,0,4.202336730,1.9000000e-06,-1.9000000e-06,179.5338990,3.730000e-04,-3.730000e-04,0.0040,0.2080,-0.0040,3.69730,0.02130,-0.02130,4.5982e+04,2.180e+02,-2.180e+02,23.53,7.710e+00,-3.310e+00,1246.0,,,570.87,566.99,-215.69,258.80,1,q1_q17_dr25_tce,6185.00,194.00,-259.00,4.396,0.072,-0.217,1.0940,0.3580,-0.1540,282.184390,46.006859,15.653
11356260,K01441.01,Kepler-851 b,CONFIRMED,CANDIDATE,0.9860,0,0,0,0,8.506980690,3.6090000e-05,-3.6090000e-05,134.6442100,3.540000e-03,-3.540000e-03,0.8160,0.1380,-0.5590,2.93800,0.10900,-0.10900,2.9550e+02,1.650e+01,-1.650e+01,1.90,5.300e-01,-2.900e-01,900.0,,,155.42,127.78,-57.25,20.70,1,q1_q17_dr25_tce,5822.00,157.00,-192.00,4.428,0.087,-0.188,0.9860,0.2760,-0.1480,294.680270,49.140160,15.135
11044770,K00170.01,,FALSE POSITIVE,FALSE POSITIVE,0.0000,0,1,1,1,15.608652440,6.1380000e-05,-6.1380000e-05,144.2993400,3.080000e-03,-3.080000e-03,0.9850,0.1590,-0.0130,6.26000,0.20000,-0.20000,3.1140e+02,8.900e+00,-8.900e+00,6.17,9.700e-01,-2.250e+00,1419.0,,,958.55,470.58,-635.20,46.90,1,q1_q17_dr25_tce,8014.00,221.00,-347.00,3.940,0.266,-0.114,2.4300,0.3800,-0.8880,297.979220,48.553871,13.376
11600889,K01442.01,Kepler-407 b,CONFIRMED,CANDIDATE,1.0000,0,0,0,0,0.669310092,5.8700000e-07,-5.8700000e-07,134.1313880,7.270000e-04,-7.270000e-04,0.1570,0.2720,-0.1570,1.62740,0.02540,-0.02540,1.3180e+02,2.100e+00,-2.100e+00,1.13,1.600e-01,-9.000e-02,1983.0,,,3643.96,1449.66,-796.61,75.30,1,q1_q17_dr25_tce,5475.00,109.00,-109.00,4.426,0.076,-0.104,1.0030,0.1370,-0.0800,286.036350,49.614510,12.521
11197126,K01443.01,,FALSE POSITIVE,FALSE POSITIVE,0.0000,0,1,1,0,4.494498254,7.2670000e-06,-7.2670000e-06,134.7758300,1.330000e-03,-1.330000e-03,1.1490,34.9000,-0.3220,1.97420,0.07310,-0.07310,2.4820e+02,7.700e+00,-7.700e+00,62.11,1.111e+01,-1.907e+01,1667.0,,,1824.84,966.53,-1074.79,39.30,1,q1_q17_dr25_tce,5117.00,124.00,-195.00,3.578,0.222,-0.148,3.4030,0.6090,-1.0450,295.034610,48.882172,12.786
11043167,K01444.01,Kepler-852 b,CONFIRMED,CANDIDATE,0.9790,0,0,0,0,44.930670600,2.6110000e-04,-2.6110000e-04,140.2077000,4.170000e-03,-4.170000e-03,0.4810,0.4380,-0.2760,6.53900,0.12300,-0.12300,4.3840e+02,1.480e+01,-1.480e+01,2.49,4.400e-01,-1.500e-01,565.0,,,24.17,11.53,-4.75,33.80,1,q1_q17_dr25_tce,6121.00,97.00,-146.00,4.397,0.032,-0.128,1.1640,0.2070,-0.0690,297.391600,48.560692,13.949
8612847,K01264.01,Kepler-800 b,CONFIRMED,CANDIDATE,1.0000,0,0,0,0,14.131753090,4.4620000e-05,-4.4620000e-05,142.2604400,2.600000e-03,-2.600000e-03,0.8480,0.0150,-0.5850,4.01360,0.08220,-0.08220,1.0330e+03,2.970e+01,-2.970e+01,3.02,7.600e-01,-2.500e-01,675.0,,,49.18,37.58,-12.66,40.10,1,q1_q17_dr25_tce,5616.00,169.00,-169.00,4.564,0.031,-0.168,0.8220,0.2070,-0.0690,286.574830,44.795200,15.762
8552583,K01265.01,,FALSE POSITIVE,FALSE POSITIVE,0.0000,0,1,1,1,1.061934816,1.4410000e-06,-1.4410000e-06,133.8480100,1.160000e-03,-1.160000e-03,1.2500,0.6990,-0.1710,3.25510,0.06250,-0.06250,4.3720e+02,7.300e+00,-7.300e+00,25.72,6.350e+00,-2.130e+00,1660.0,,,1789.63,1309.54,-457.73,74.50,1,q1_q17_dr25_tce,5730.00,156.00,-173.00,4.545,0.042,-0.168,0.8700,0.2150,-0.0720,288.908570,44.642410,15.062
8547140,K01266.01,Kepler-801 b,CONFIRMED,CANDIDATE,1.0000,0,0,0,0,11.419261410,2.3220000e-05,-2.3220000e-05,137.6689400,1.660000e-03,-1.660000e-03,0.2420,0.1820,-0.2420,3.99080,0.05450,-0.05450,9.1560e+02,1.810e+01,-1.810e+01,1.48,1.600e-01,-2.300e-01,419.0,,,7.32,3.38,-2.98,58.00,1,q1_q17_dr25_tce,3823.00,167.00,-184.00,4.765,0.077,-0.056,0.4920,0.0540,-0.0740,286.075230,44.664639,15.314
8519253,K01267.01,,FALSE POSITIVE,FALSE POSITIVE,0.0000,0,1,1,0,5.938210650,1.4100000e-05,-1.4100000e-05,136.5283900,1.820000e-03,-1.820000e-03,1.6460,31.1900,-0.1530,2.51280,0.09540,-0.09540,5.2250e+02,1.850e+01,-1.850e+01,61.63,1.719e+01,-5.730e+00,996.0,,,231.93,189.66,-64.85,33.60,1,q1_q17_dr25_tce,6123.00,164.00,-200.00,4.545,0.036,-0.204,0.8500,0.2370,-0.0790,299.274900,44.553490,14.423
8813698,K01268.01,,CANDIDATE,CANDIDATE,0.9960,0,0,0,0,268.941097400,4.9750000e-04,-4.9750000e-04,360.0709040,9.510000e-04,-9.510000e-04,0.7650,0.0200,-0.0350,5.44340,0.09140,-0.09140,9.0102e+03,8.740e+01,-8.740e+01,13.57,2.300e+00,-2.310e+00,321.0,,,2.52,1.12,-0.87,120.40,1,q1_q17_dr25_tce,5798.00,78.00,-78.00,4.224,0.156,-0.104,1.3060,0.2220,-0.2220,289.889620,45.005669,14.814
8757910,K01269.01,,FALSE POSITIVE,FALSE POSITIVE,0.0000,0,1,1,0,0.655001616,3.4000000e-07,-3.4000000e-07,133.1767940,4.180000e-04,-4.180000e-04,1.1210,0.3720,-0.0640,1.81360,0.02530,-0.02530,2.7120e+02,3.200e+00,-3.200e+00,31.77,6.820e+00,-1.024e+01,3162.0,,,23595.49,15137.86,-13993.02,104.50,1,q1_q17_dr25_tce,6426.00,173.00,-192.00,3.965,0.266,-0.114,2.0890,0.4490,-0.6730,293.534150,44.971111,13.371
4074736,K01328.01,,CANDIDATE,CANDIDATE,0.9090,0,0,0,0,80.966956100,1.2120000e-04,-1.2120000e-04,160.9767200,1.270000e-03,-1.270000e-03,0.0070,0.3830,-0.0070,2.52760,0.04830,-0.04830,4.7330e+03,1.040e+02,-1.040e+02,5.04,1.030e+00,-3.700e-01,364.0,,,4.14,2.62,-0.99,52.00,1,q1_q17_dr25_tce,5611.00,168.00,-168.00,4.610,0.040,-0.128,0.7370,0.1510,-0.0540,295.805850,39.177990,15.671
4072526,K01329.01,Kepler-819 b,CONFIRMED,CANDIDATE,0.9950,0,0,0,0,33.199635500,1.3970000e-04,-1.3970000e-04,153.6608600,3.550000e-03,-3.550000e-03,0.0170,0.4400,-0.0170,5.02200,0.11600,-0.11600,1.1125e+03,3.990e+01,-3.990e+01,2.85,1.500e-01,-2.500e-01,485.0,,,13.09,2.39,-2.89,32.60,1,q1_q17_dr25_tce,5102.00,76.00,-84.00,4.463,0.091,-0.039,0.8800,0.0490,-0.0770,295.370790,39.177212,15.030
4150539,K01330.01,,FALSE POSITIVE,FALSE POSITIVE,0.0000,0,1,1,1,8.653065870,2.8090000e-05,-2.8090000e-05,134.3088600,2.840000e-03,-2.840000e-03,1.2220,44.2300,-0.0880,4.48600,0.14600,-0.14600,1.0481e+03,2.920e+01,-2.920e+01,19.78,1.430e+00,-1.740e+00,633.0,,,37.94,11.13,-9.64,43.00,1,q1_q17_dr25_tce,4641.00,139.00,-125.00,4.589,0.054,-0.027,0.6940,0.0500,-0.0610,289.726100,39.272831,15.703
4274548,K01331.01,,CANDIDATE,CANDIDATE,0.9990,0,0,0,0,6.800820320,2.2800000e-05,-2.2800000e-05,359.1799900,2.430000e-03,-2.430000e-03,0.5970,0.0860,-0.4480,1.98830,0.09150,-0.09150,6.9990e+02,3.300e+01,-3.300e+01,1.88,2.300e-01,-1.200e-01,697.0,,,55.83,24.87,-13.68,25.50,1,q1_q17_dr25_tce,4805.00,172.00,-172.00,4.633,0.027,-0.063,0.6880,0.0830,-0.0450,294.508420,39.398682,15.238
4455231,K01332.01,Kepler-288 c,CONFIRMED,CANDIDATE,1.0000,0,0,0,0,19.305816620,7.8890000e-05,-7.8890000e-05,373.1899800,2.690000e-03,-2.690000e-03,0.0010,0.4190,-0.0010,4.29020,0.08080,-0.08080,7.0910e+02,2.070e+01,-2.070e+01,4.00,6.200e-01,-9.300e-01,815.0,,,104.41,43.45,-46.10,36.30,1,q1_q17_dr25_tce,5661.00,85.00,-77.00,4.090,0.203,-0.087,1.5220,0.2360,-0.3530,288.916440,39.594711,15.151
8953257,K01383.01,,FALSE POSITIVE,FALSE POSITIVE,0.3830,0,1,0,0,3.221785738,9.6300000e-07,-9.6300000e-07,136.1415170,2.490000e-04,-2.490000e-04,0.7770,0.0120,-0.0030,3.34110,0.01650,-0.01650,4.6379e+04,2.410e+02,-2.410e+02,25.03,7.840e+00,-3.360e+00,1357.0,,,800.37,735.23,-276.02,336.40,1,q1_q17_dr25_tce,6250.00,169.00,-206.00,4.411,0.087,-0.203,1.0410,0.3260,-0.1400,291.920650,45.247028,14.601
8971432,K01384.01,,FALSE POSITIVE,FALSE POSITIVE,0.0000,1,0,0,0,0.624387500,6.0000000e-08,-6.0000000e-08,133.0436541,7.910000e-05,-7.910000e-05,1.1570,0.0650,-0.0500,1.92102,0.00260,-0.00260,3.6855e+04,6.240e+01,-6.240e+01,29.45,2.050e+00,-2.050e+00,1639.0,,,1693.36,486.44,-411.62,628.30,2,q1_q17_dr25_tce,5211.00,156.00,-172.00,4.644,0.066,-0.039,0.6180,0.0430,-0.0430,297.573490,45.233299,15.487
9278553,K01385.01,,FALSE POSITIVE,FALSE POSITIVE,0.0000,0,1,0,0,18.610092584,1.9580000e-06,-1.9580000e-06,139.0850449,8.710000e-05,-8.710000e-05,1.2580,0.0400,-0.1740,4.98308,0.00517,-0.00517,5.0834e+04,3.920e+01,-3.920e+01,55.23,1.532e+01,-5.080e+00,686.0,,,52.24,42.55,-14.57,1309.30,1,q1_q17_dr25_tce,6077.00,164.00,-200.00,4.526,0.046,-0.184,0.8910,0.2470,-0.0820,290.883540,45.765869,15.840
9527915,K00165.01,Kepler-478 b,CONFIRMED,CANDIDATE,1.0000,0,0,0,0,13.221753580,1.3420000e-05,-1.3420000e-05,139.5706270,8.290000e-04,-8.290000e-04,0.4510,0.0070,-0.4450,2.78840,0.03220,-0.03220,8.7650e+02,1.100e+01,-1.100e+01,2.38,1.800e-01,-1.200e-01,640.0,,,39.56,9.88,-6.43,93.60,1,q1_q17_dr25_tce,5211.00,103.00,-103.00,4.556,0.032,-0.059,0.7990,0.0600,-0.0380,292.486940,46.196209,13.938
9143254,K01386.01,,FALSE POSITIVE,FALSE POSITIVE,0.0000,0,1,0,0,1.137525054,1.4900000e-07,-1.4900000e-07,133.8055650,1.090000e-04,-1.090000e-04,1.2380,0.0540,-0.0500,2.68228,0.00463,-0.00463,1.8006e+04,2.170e+01,-2.170e+01,42.74,1.218e+01,-5.200e+00,1746.0,,,2197.52,1839.82,-697.33,633.10,1,q1_q17_dr25_tce,5912.00,160.00,-178.00,4.467,0.081,-0.189,0.9370,0.2670,-0.1140,286.361880,45.555161,15.452
8949247,K01387.01,,FALSE POSITIVE,FALSE POSITIVE,0.0000,0,1,0,0,23.799939273,1.6280000e-06,-1.6280000e-06,152.5654761,5.510000e-05,-5.510000e-05,1.1370,0.0380,-0.0960,5.02319,0.00348,-0.00348,6.0186e+04,2.350e+01,-2.350e+01,51.74,1.558e+01,-5.560e+00,637.0,,,38.92,34.34,-11.48,2065.80,1,q1_q17_dr25_tce,5934.00,160.00,-178.00,4.473,0.067,-0.202,0.9570,0.2880,-0.1030,290.493070,45.205898,14.669
11336883,K01445.01,Kepler-853 b,CONFIRMED,CANDIDATE,0.9980,0,0,0,0,7.168930640,2.5740000e-05,-2.5740000e-05,135.6785400,3.010000e-03,-3.010000e-03,0.5730,0.3620,-0.3550,4.67660,0.08660,-0.08660,1.1280e+02,3.400e+00,-3.400e+00,1.61,3.100e-01,-2.800e-01,1187.0,,,469.56,248.31,-177.32,36.30,1,q1_q17_dr25_tce,6221.00,113.00,-138.00,4.198,0.130,-0.130,1.4580,0.2810,-0.2550,283.936800,49.110329,12.320
11336883,K01445.02,,CANDIDATE,CANDIDATE,,0,0,0,0,54.325574000,2.5120000e-03,-2.5120000e-03,142.2360000,4.150000e-02,-4.150000e-02,0.1540,0.2765,-0.1540,9.86000,1.10000,-1.10000,4.4200e+01,6.500e+00,-6.500e+00,0.76,2.200e-01,-5.000e-02,545.0,,,20.85,15.63,-4.54,7.70,,,6343.00,86.00,-185.00,4.411,0.036,-0.193,1.1370,0.3270,-0.0700,283.936800,49.110329,12.320
11336883,K01445.03,,CANDIDATE,CANDIDATE,,0,0,0,0,20.019595990,,,150.8362184,,,,,,7.00000,,,,,,,,,,,,,,,,,,,,,,,,,,,283.936800,49.110329,12.320
12506351,K01446.01,,FALSE POSITIVE,FALSE POSITIVE,0.0000,0,1,0,0,1.227758770,3.3900000e-07,-3.3900000e-07,133.7867900,2.290000e-04,-2.290000e-04,1.1110,1.3020,-0.1030,2.75450,0.01820,-0.01820,4.6148e+04,1.950e+02,-1.950e+02,48.79,1.636e+01,-5.460e+00,1859.0,,,2809.86,2701.90,-874.28,292.70,1,q1_q17_dr25_tce,6207.00,150.00,-206.00,4.412,0.072,-0.203,1.0440,0.3500,-0.1170,289.049990,51.418369,13.184
7622486,K01447.01,,FALSE POSITIVE,FALSE POSITIVE,0.0000,0,1,0,0,40.246498970,1.6050000e-05,-1.6050000e-05,161.3065770,3.420000e-04,-3.420000e-04,0.8770,0.0620,-0.0580,6.02030,0.01720,-0.01720,1.5941e+05,4.210e+02,-4.210e+02,97.54,2.596e+01,-3.173e+01,768.0,,,82.27,65.23,-49.85,420.90,1,q1_q17_dr25_tce,6594.00,187.00,-234.00,4.051,0.293,-0.158,1.6910,0.4500,-0.5500,296.025090,43.234875,13.092
7622486,K01447.02,,FALSE POSITIVE,FALSE POSITIVE,0.9570,0,1,0,0,2.279996620,1.0700000e-06,-1.0700000e-06,133.6406490,3.910000e-04,-3.910000e-04,0.7390,0.0070,-0.0110,5.77770,0.03620,-0.03620,1.2831e+04,5.150e+01,-5.150e+01,20.74,5.520e+00,-6.750e+00,2000.0,,,3775.07,2992.77,-2287.62,366.80,2,q1_q17_dr25_tce,6594.00,187.00,-234.00,4.051,0.293,-0.158,1.6910,0.4500,-0.5500,296.025090,43.234875,13.092
9705459,K01448.01,,FALSE POSITIVE,FALSE POSITIVE,0.8670,0,1,0,0,2.486586170,2.3960000e-06,-2.3960000e-06,134.1103640,7.810000e-04,-7.810000e-04,0.0790,0.1920,-0.0790,2.71890,0.03940,-0.03940,4.2122e+04,5.490e+02,-5.490e+02,24.39,7.640e+00,-3.280e+00,1461.0,,,1077.69,1009.67,-378.33,91.60,1,q1_q17_dr25_tce,5892.00,174.00,-208.00,4.350,0.087,-0.203,1.1980,0.3750,-0.1610,289.805210,46.491711,15.418
8564587,K01270.01,Kepler-57 b,CONFIRMED,CANDIDATE,1.0000,0,0,0,0,5.729317577,4.5290000e-06,-4.5290000e-06,138.5599710,6.410000e-04,-6.410000e-04,0.5970,0.2970,-0.3890,1.18160,0.02470,-0.02470,8.6540e+02,1.770e+01,-1.770e+01,2.41,3.800e-01,-2.000e-01,850.0,,,123.03,61.68,-30.46,59.00,1,q1_q17_dr25_tce,5320.00,159.00,-143.00,4.589,0.028,-0.105,0.7860,0.1220,-0.0660,293.641300,44.657040,14.809
10925104,K00156.03,Kepler-114 d,CONFIRMED,CANDIDATE,1.0000,0,0,0,0,11.776132317,6.9630000e-06,-6.9630000e-06,142.7057530,4.980000e-04,-4.980000e-04,0.5400,0.2660,-0.3350,2.89710,0.02610,-0.02610,1.4308e+03,9.600e+00,-9.600e+00,2.08,1.300e-01,-1.200e-01,446.0,,,9.37,2.04,-1.75,163.50,1,q1_q17_dr25_tce,3980.00,79.00,-79.00,4.722,0.030,-0.033,0.5400,0.0330,-0.0330,294.121430,48.349522,13.738
8564587,K01270.02,Kepler-57 c,CONFIRMED,CANDIDATE,1.0000,0,0,0,0,11.609085330,2.5100000e-05,-2.5100000e-05,133.9932400,1.750000e-03,-1.750000e-03,0.0300,0.4260,-0.0300,2.26030,0.05230,-0.05230,4.8930e+02,1.590e+01,-1.590e+01,1.71,2.600e-01,-1.500e-01,671.0,,,48.06,24.09,-11.90,34.10,2,q1_q17_dr25_tce,5320.00,159.00,-143.00,4.589,0.028,-0.105,0.7860,0.1220,-0.0660,293.641300,44.657040,14.809
8631160,K01271.01,,CANDIDATE,CANDIDATE,1.0000,0,0,0,0,162.047950200,1.1530000e-04,-1.1530000e-04,278.8805730,5.080000e-04,-5.080000e-04,0.6630,0.0150,-0.0210,9.89740,0.04600,-0.04600,4.8405e+03,1.510e+01,-1.510e+01,11.52,2.070e+00,-2.060e+00,437.0,,,8.65,3.96,-3.12,370.20,1,q1_q17_dr25_tce,6309.00,75.00,-82.00,4.160,0.148,-0.121,1.5670,0.2810,-0.2810,294.265500,44.794300,13.632
8552498,K01272.01,,FALSE POSITIVE,FALSE POSITIVE,,0,1,0,1,0.530967162,4.6500000e-07,-4.6500000e-07,133.8494160,7.320000e-04,-7.320000e-04,1.1670,0.1302,-0.0628,3.36590,0.04930,-0.04930,2.4490e+02,2.600e+00,-2.600e+00,23.72,1.319e+01,-3.300e+00,2704.0,,,12644.75,21173.20,-4425.78,125.50,1,q1_q17_dr24_tce,6449.00,163.00,-208.00,4.316,0.104,-0.310,1.1930,0.6630,-0.1660,288.867340,44.615730,13.586
8806072,K01273.01,Kepler-802 b,CONFIRMED,CANDIDATE,0.9270,0,0,0,0,40.058816610,9.5270000e-05,-9.5270000e-05,169.9106300,1.930000e-03,-1.930000e-03,0.8190,0.0130,-0.5720,5.59500,0.10800,-0.10800,1.2394e+03,2.240e+01,-2.240e+01,3.43,9.800e-01,-3.100e-01,489.0,,,13.57,11.36,-3.61,62.60,1,q1_q17_dr25_tce,5668.00,152.00,-169.00,4.545,0.034,-0.195,0.8680,0.2480,-0.0780,286.015870,45.007771,14.862
4455231,K01332.02,Kepler-288 b,CONFIRMED,CANDIDATE,0.9990,0,0,0,0,6.097472330,5.3370000e-05,-5.3370000e-05,354.0591900,6.380000e-03,-6.380000e-03,0.0120,0.4460,-0.0120,3.43100,0.15800,-0.15800,2.1760e+02,1.420e+01,-1.420e+01,2.22,3.400e-01,-5.200e-01,1197.0,,,485.84,202.17,-214.51,17.40,3,q1_q17_dr25_tce,5661.00,85.00,-77.00,4.090,0.203,-0.087,1.5220,0.2360,-0.3530,288.916440,39.594711,15.151
4455231,K01332.03,Kepler-288 d,CONFIRMED,CANDIDATE,0.9910,0,0,0,0,56.637918000,7.0390000e-04,-7.0390000e-04,135.5197500,9.890000e-03,-9.890000e-03,0.2980,0.1840,-0.2980,6.17200,0.26000,-0.26000,5.8970e+02,3.080e+01,-3.080e+01,3.68,5.700e-01,-8.500e-01,570.0,,,24.87,10.35,-10.98,20.90,2,q1_q17_dr25_tce,5661.00,85.00,-77.00,4.090,0.203,-0.087,1.5220,0.2360,-0.3530,288.916440,39.594711,15.151
4285107,K01333.01,,FALSE POSITIVE,FALSE POSITIVE,0.0000,0,0,1,1,2.243016513,4.5190000e-06,-4.5190000e-06,133.4508600,1.840000e-03,-1.840000e-03,0.7370,0.1720,-0.7370,2.72100,0.55700,-0.55700,2.9960e+02,1.730e+01,-1.730e+01,1.37,2.600e-01,-1.200e-01,1167.0,,,438.46,264.13,-107.87,59.10,1,q1_q17_dr25_tce,5462.00,162.00,-146.00,4.614,0.030,-0.120,0.7320,0.1420,-0.0610,296.653080,39.322689,13.980
4150624,K01334.01,,FALSE POSITIVE,FALSE POSITIVE,0.0000,0,1,1,1,8.653121600,3.4510000e-05,-3.4510000e-05,134.3014700,3.410000e-03,-3.410000e-03,1.2140,36.0400,-0.6350,4.39000,0.16300,-0.16300,6.5480e+02,2.180e+01,-2.180e+01,22.58,5.250e+00,-1.640e+00,772.0,,,84.05,59.78,-20.14,35.70,1,q1_q17_dr25_tce,5421.00,164.00,-164.00,4.564,0.028,-0.171,0.8520,0.1980,-0.0620,289.743900,39.286301,15.454
8972058,K00159.01,Kepler-115 c,CONFIRMED,CANDIDATE,1.0000,0,0,0,0,8.990886210,1.1350000e-05,-1.1350000e-05,136.7392300,1.070000e-03,-1.070000e-03,0.7700,0.0160,-0.5290,4.24470,0.03060,-0.03060,4.6970e+02,5.400e+00,-5.400e+00,2.78,4.600e-01,-3.900e-01,960.0,,,200.35,92.70,-62.82,93.60,1,q1_q17_dr25_tce,5881.00,105.00,-117.00,4.315,0.115,-0.115,1.1710,0.1960,-0.1610,297.711850,45.261921,13.431
9346253,K01388.01,,FALSE POSITIVE,FALSE POSITIVE,0.0000,0,1,0,0,34.064566412,6.8590000e-06,-6.8590000e-06,150.4520480,1.630000e-04,-1.630000e-04,0.5240,0.0090,0.0000,9.61140,0.01170,-0.01170,2.8450e+04,2.630e+01,-2.630e+01,15.57,4.690e+00,-1.570e+00,570.0,,,25.00,22.27,-7.47,1305.90,1,q1_q17_dr25_tce,6161.00,172.00,-215.00,4.517,0.052,-0.208,0.8920,0.2690,-0.0900,293.386630,45.870270,15.443
9002237,K01389.01,,FALSE POSITIVE,FALSE POSITIVE,0.0000,0,1,0,0,4.350087749,1.8180000e-06,-1.8180000e-06,134.8002380,3.490000e-04,-3.490000e-04,0.9860,5.8920,-0.0340,2.64280,0.02300,-0.02300,2.3593e+04,1.450e+02,-1.450e+02,24.77,7.800e+00,-2.600e+00,1136.0,,,393.20,362.17,-117.38,192.20,1,q1_q17_dr25_tce,6060.00,162.00,-198.00,4.495,0.052,-0.208,0.9530,0.3000,-0.1000,283.189090,45.364170,14.855
9288786,K01390.01,,FALSE POSITIVE,FALSE POSITIVE,0.0000,0,1,0,0,1.744101106,6.4500000e-07,-6.4500000e-07,134.5086700,3.140000e-04,-3.140000e-04,0.6180,0.1690,-0.3410,1.54970,0.06260,-0.06260,9.6814e+03,7.880e+01,-7.880e+01,7.21,3.000e-01,-5.600e-01,1016.0,,,251.54,55.67,-64.24,152.60,1,q1_q17_dr25_tce,4368.00,132.00,-145.00,4.593,0.049,-0.018,0.7030,0.0290,-0.0540,294.915860,45.783871,15.702
8958035,K01391.01,,FALSE POSITIVE,FALSE POSITIVE,0.0000,0,1,0,0,7.981187121,2.2830000e-06,-2.2830000e-06,133.8021140,2.400000e-04,-2.400000e-04,1.0360,0.3420,-0.0530,1.80710,0.01320,-0.01320,7.6095e+03,4.620e+01,-4.620e+01,18.75,6.060e+00,-2.030e+00,966.0,,,205.88,197.13,-61.93,202.10,1,q1_q17_dr25_tce,6217.00,175.00,-197.00,4.472,0.054,-0.216,0.9890,0.3200,-0.1070,293.709050,45.286388,14.360
9040849,K01392.01,,FALSE POSITIVE,FALSE POSITIVE,0.0870,0,0,1,0,4.118775582,4.2150000e-06,-4.2150000e-06,357.2612440,7.060000e-04,-7.060000e-04,0.7540,0.0630,-0.2440,3.76000,0.11700,-0.11700,2.6477e+03,2.550e+01,-2.550e+01,4.48,1.150e+00,-3.800e-01,1067.0,,,306.75,241.38,-84.39,125.60,1,q1_q17_dr25_tce,5944.00,186.00,-207.00,4.579,0.033,-0.176,0.8020,0.2060,-0.0690,297.605290,45.360680,15.797
9202151,K01393.01,,CANDIDATE,CANDIDATE,1.0000,0,0,0,0,1.694740233,1.2780000e-06,-1.2780000e-06,355.3575430,5.470000e-04,-5.470000e-04,0.6710,0.0010,-0.5340,1.68640,0.03230,-0.03230,1.4468e+03,1.800e+01,-1.800e+01,2.12,1.400e-01,-1.500e-01,797.0,,,95.14,21.52,-20.22,92.30,1,q1_q17_dr25_tce,3764.00,75.00,-83.00,4.739,0.033,-0.033,0.5270,0.0340,-0.0380,283.555540,45.614262,15.804
7842610,K01453.01,,FALSE POSITIVE,FALSE POSITIVE,0.0000,0,1,1,0,0.971933156,2.5400000e-07,-2.5400000e-07,133.8539250,2.280000e-04,-2.280000e-04,1.4200,0.2300,-0.2970,1.92650,0.01310,-0.01310,4.7860e+03,2.760e+01,-2.760e+01,50.75,1.287e+01,-6.920e+00,1754.0,,,2240.48,1725.09,-762.59,223.10,1,q1_q17_dr25_tce,5592.00,169.00,-169.00,4.445,0.098,-0.182,0.9310,0.2360,-0.1270,297.896580,43.563889,15.289
7830637,K01454.01,,FALSE POSITIVE,FALSE POSITIVE,0.0000,0,1,0,0,121.599127800,1.9220000e-04,-1.9220000e-04,137.2746900,1.280000e-03,-1.280000e-03,5.0110,69.1700,-1.9540,15.15960,0.05810,-0.05810,1.0537e+04,4.190e+01,-4.190e+01,379.63,1.067e+02,-3.317e+01,358.0,,,3.87,3.18,-1.01,297.00,1,q1_q17_dr25_tce,6036.00,161.00,-179.00,4.551,0.036,-0.192,0.8470,0.2380,-0.0740,294.547390,43.533691,14.600
4760746,K01455.01,,CANDIDATE,CANDIDATE,0.0000,0,0,0,0,15.068060768,5.6800000e-06,-5.6800000e-06,363.5497140,2.590000e-04,-2.590000e-04,0.8800,0.0150,-0.0120,3.30110,0.02420,-0.02420,1.9387e+04,1.110e+02,-1.110e+02,16.43,4.620e+00,-1.850e+00,742.0,,,71.78,61.67,-23.51,282.80,1,q1_q17_dr25_tce,5982.00,189.00,-232.00,4.493,0.048,-0.180,0.9600,0.2700,-0.1080,295.478300,39.867722,15.950
7832356,K01456.01,Kepler-855 b,CONFIRMED,CANDIDATE,1.0000,0,0,0,0,7.886632468,3.4780000e-06,-3.4780000e-06,360.5141320,3.080000e-04,-3.080000e-04,0.0480,0.1000,-0.0480,5.21470,0.01180,-0.01180,6.3312e+03,1.830e+01,-1.830e+01,8.99,2.640e+00,-1.760e+00,996.0,,,232.07,205.05,-100.77,392.30,1,q1_q17_dr25_tce,5847.00,176.00,-193.00,4.304,0.180,-0.180,1.1350,0.3330,-0.2220,295.095000,43.537579,15.014
9643874,K01457.01,Kepler-856 b,CONFIRMED,CANDIDATE,1.0000,0,0,0,0,8.027681123,1.9700000e-06,-1.9700000e-06,360.1713550,1.710000e-04,-1.710000e-04,0.4950,0.0460,-0.1480,3.09420,0.03070,-0.03070,8.7254e+03,2.390e+01,-2.390e+01,8.43,2.250e+00,-7.500e-01,824.0,,,109.35,90.48,-29.96,461.50,1,q1_q17_dr25_tce,5569.00,183.00,-183.00,4.546,0.033,-0.187,0.8870,0.2370,-0.0790,289.603820,46.314949,15.570
8800954,K01274.01,Kepler-421 b,CONFIRMED,CANDIDATE,,0,0,0,0,704.962626000,9.0500000e-03,-9.0500000e-03,492.7717800,3.980000e-03,-3.980000e-03,0.8495,0.0063,-0.3772,18.00300,0.73200,-0.73200,2.3191e+03,5.810e+01,-5.810e+01,4.53,3.500e-01,-3.600e-01,178.0,,,0.24,0.06,-0.05,96.10,,,5305.00,121.00,-95.00,4.489,0.076,-0.046,0.8180,0.0620,-0.0660,283.256810,45.087780,13.354
8583696,K01275.01,Kepler-803 b,CONFIRMED,CANDIDATE,0.9360,0,0,0,0,50.286359770,8.5160000e-05,-8.5160000e-05,167.6335100,1.330000e-03,-1.330000e-03,0.0180,0.3260,-0.0170,6.32120,0.04640,-0.04640,1.1193e+03,1.280e+01,-1.280e+01,3.88,6.200e-01,-5.600e-01,543.0,,,20.59,9.07,-6.66,99.50,1,q1_q17_dr25_tce,5900.00,105.00,-117.00,4.309,0.132,-0.108,1.1670,0.1850,-0.1680,299.221620,44.693871,13.672
8804283,K01276.01,Kepler-1991 c,CONFIRMED,CANDIDATE,1.0000,0,0,0,0,22.790203510,6.8780000e-05,-6.8780000e-05,138.6851500,2.570000e-03,-2.570000e-03,0.0360,0.4150,-0.0360,5.03940,0.07900,-0.07900,6.1790e+02,1.390e+01,-1.390e+01,2.57,3.600e-01,-3.600e-01,634.0,,,38.27,14.48,-11.44,47.70,1,q1_q17_dr25_tce,5478.00,82.00,-74.00,4.354,0.132,-0.096,1.0530,0.1470,-0.1470,285.036100,45.071060,14.766
8804283,K01276.02,Kepler-1991 b,CONFIRMED,CANDIDATE,1.0000,0,0,0,0,13.260797920,9.7950000e-05,-9.7950000e-05,139.0988000,5.540000e-03,-5.540000e-03,0.2200,0.2500,-0.2200,3.91200,0.16900,-0.16900,1.9940e+02,1.240e+01,-1.240e+01,1.47,2.000e-01,-2.100e-01,760.0,,,78.79,29.80,-23.55,17.60,2,q1_q17_dr25_tce,5478.00,82.00,-74.00,4.354,0.132,-0.096,1.0530,0.1470,-0.1470,285.036100,45.071060,14.766
8552565,K01277.01,,FALSE POSITIVE,FALSE POSITIVE,0.0000,0,1,1,1,1.061932545,1.2450000e-06,-1.2450000e-06,133.8504410,9.780000e-04,-9.780000e-04,0.7130,0.1120,-0.2160,2.14290,0.03860,-0.03860,1.3360e+02,2.000e+00,-2.000e+00,2.29,4.800e-01,-7.100e-01,2508.0,,,9391.15,5840.09,-5394.87,80.20,1,q1_q17_dr25_tce,6134.00,167.00,-167.00,3.975,0.259,-0.111,1.8510,0.3830,-0.5750,288.902530,44.632992,12.953
4155328,K01335.01,Kepler-820 b,CONFIRMED,CANDIDATE,1.0000,0,0,0,0,127.833499700,4.0400000e-04,-4.0400000e-04,293.4184500,2.490000e-03,-2.490000e-03,0.4160,0.0350,-0.3800,10.91400,0.11300,-0.11300,1.8299e+03,2.740e+01,-2.740e+01,9.46,1.560e+00,-2.140e+00,554.0,,,22.21,9.24,-9.60,76.90,1,q1_q17_dr25_tce,6505.00,71.00,-84.00,3.973,0.180,-0.105,2.1700,0.3570,-0.4920,291.020140,39.220680,13.968
4077526,K01336.01,Kepler-58 b,CONFIRMED,CANDIDATE,1.0000,0,0,0,0,10.218645320,4.5180000e-05,-4.5180000e-05,136.8622000,3.770000e-03,-3.770000e-03,0.4160,0.0340,-0.4160,3.80200,0.11300,-0.11300,4.4530e+02,1.800e+01,-1.800e+01,2.33,7.500e-01,-3.300e-01,920.0,,,169.13,166.28,-60.31,26.60,1,q1_q17_dr25_tce,6100.00,193.00,-214.00,4.376,0.105,-0.195,1.0830,0.3500,-0.1500,296.358670,39.115189,14.820
4077526,K01336.02,Kepler-58 c,CONFIRMED,CANDIDATE,1.0000,0,0,0,0,15.573637000,1.0060000e-04,-1.0060000e-04,132.4428200,4.360000e-03,-4.360000e-03,0.9460,0.0050,-0.6710,5.32600,0.18400,-0.18400,4.6810e+02,1.960e+01,-1.960e+01,2.94,9.500e-01,-4.100e-01,799.0,,,96.38,94.75,-34.37,24.70,2,q1_q17_dr25_tce,6100.00,193.00,-214.00,4.376,0.105,-0.195,1.0830,0.3500,-0.1500,296.358670,39.115189,14.820
4077526,K01336.03,Kepler-58 d,CONFIRMED,CANDIDATE,1.0000,0,0,0,0,40.101556100,2.9040000e-04,-2.9040000e-04,132.7124400,5.870000e-03,-5.870000e-03,0.8680,0.0830,-0.6230,5.24600,0.19000,-0.19000,5.5000e+02,3.070e+01,-3.070e+01,2.92,9.500e-01,-4.000e-01,583.0,,,27.31,26.84,-9.74,19.00,3,q1_q17_dr25_tce,6100.00,193.00,-214.00,4.376,0.105,-0.195,1.0830,0.3500,-0.1500,296.358670,39.115189,14.820
4077526,K01336.04,Kepler-58 e,CONFIRMED,CANDIDATE,1.0000,0,0,0,0,4.458148970,2.8970000e-05,-2.8970000e-05,134.3974300,4.720000e-03,-4.720000e-03,0.7540,0.2230,-0.5480,2.86700,0.15200,-0.15200,1.8810e+02,1.450e+01,-1.450e+01,1.61,5.200e-01,-2.200e-01,1212.0,,,511.60,502.96,-182.45,14.30,4,q1_q17_dr25_tce,6100.00,193.00,-214.00,4.376,0.105,-0.195,1.0830,0.3500,-0.1500,296.358670,39.115189,14.820
8937021,K01394.01,,FALSE POSITIVE,FALSE POSITIVE,0.0000,0,1,1,1,5.663621501,6.7140000e-06,-6.7140000e-06,133.8900900,1.050000e-03,-1.050000e-03,0.1690,0.2700,-0.1690,1.29680,0.03710,-0.03710,1.2250e+03,3.600e+01,-3.600e+01,2.47,2.400e-01,-1.900e-01,774.0,,,84.76,29.76,-20.31,39.80,1,q1_q17_dr25_tce,4917.00,148.00,-133.00,4.601,0.036,-0.054,0.7230,0.0690,-0.0570,284.791020,45.228989,15.444
8935810,K01395.01,Kepler-1747 b,CONFIRMED,CANDIDATE,1.0000,0,0,0,0,6.230335000,1.0070000e-05,-1.0070000e-05,181.2956600,1.340000e-03,-1.340000e-03,0.8080,0.0920,-0.5950,1.64930,0.05140,-0.05140,1.4492e+03,4.720e+01,-4.720e+01,3.70,7.400e-01,-3.100e-01,875.0,,,138.33,87.09,-37.97,31.60,1,q1_q17_dr25_tce,5477.00,172.00,-191.00,4.557,0.027,-0.153,0.8650,0.1730,-0.0740,284.209660,45.258080,15.977
2441495,K00166.01,Kepler-479 b,CONFIRMED,CANDIDATE,1.0000,0,0,0,0,12.493407250,1.2360000e-05,-1.2360000e-05,138.4622320,8.410000e-04,-8.410000e-04,0.5940,0.2700,-0.3950,2.26140,0.02870,-0.02870,7.1570e+02,1.080e+01,-1.080e+01,2.20,1.700e-01,-1.000e-01,649.0,,,42.08,10.56,-6.76,76.20,1,q1_q17_dr25_tce,5207.00,103.00,-103.00,4.561,0.032,-0.063,0.7950,0.0600,-0.0370,291.021850,37.769791,13.575
9455556,K01396.01,Kepler-294 c,CONFIRMED,CANDIDATE,1.0000,0,0,0,0,6.626434410,1.6610000e-05,-1.6610000e-05,183.9878900,1.920000e-03,-1.920000e-03,0.1110,0.3020,-0.1110,3.17520,0.06090,-0.06090,8.1460e+02,2.170e+01,-2.170e+01,2.54,3.100e-01,-1.200e-01,895.0,,,151.59,49.33,-22.13,40.60,1,q1_q17_dr25_tce,5616.00,76.00,-84.00,4.529,0.018,-0.102,0.9030,0.1090,-0.0430,287.392000,46.059311,15.843
9455556,K01396.02,Kepler-294 b,CONFIRMED,CANDIDATE,0.9920,0,0,0,0,3.701220610,1.3820000e-05,-1.3820000e-05,180.2717200,3.090000e-03,-3.090000e-03,0.1780,0.2650,-0.1780,2.52300,0.10200,-0.10200,3.2740e+02,1.870e+01,-1.870e+01,1.62,1.900e-01,-8.000e-02,1087.0,,,330.02,107.38,-48.19,19.60,2,q1_q17_dr25_tce,5616.00,76.00,-84.00,4.529,0.018,-0.102,0.9030,0.1090,-0.0430,287.392000,46.059311,15.843
9427402,K01397.01,,CANDIDATE,CANDIDATE,1.0000,0,0,0,0,6.247030799,8.9260000e-06,-8.9260000e-06,356.9097200,1.030000e-03,-1.030000e-03,0.0390,0.3550,-0.0390,1.48480,0.03650,-0.03650,1.4966e+03,3.850e+01,-3.850e+01,1.89,1.500e-01,-1.900e-01,512.0,,,16.23,4.25,-4.11,44.80,1,q1_q17_dr25_tce,3821.00,76.00,-84.00,4.764,0.048,-0.036,0.4870,0.0390,-0.0470,299.677700,45.972328,15.369
3732821,K01207.01,Kepler-790 b,CONFIRMED,CANDIDATE,1.0000,0,0,0,0,13.734740710,4.2090000e-05,-4.2090000e-05,142.3275200,2.580000e-03,-2.580000e-03,0.9410,0.0110,-0.6580,2.76900,0.13700,-0.13700,7.4640e+02,2.790e+01,-2.790e+01,2.71,3.100e-01,-3.100e-01,634.0,,,38.11,15.01,-11.24,31.00,1,q1_q17_dr25_tce,5196.00,153.00,-138.00,4.524,0.088,-0.072,0.7720,0.0880,-0.0880,286.917110,38.872219,15.187
3962440,K01208.01,,CANDIDATE,CANDIDATE,,0,0,0,0,700.002982170,0.0000000e+00,0.0000000e+00,249.4420500,1.400000e-03,-1.400000e-03,0.1430,0.2164,-0.1429,7.65250,0.09390,-0.09390,3.2459e+03,6.690e+01,-6.690e+01,6.43,3.550e+00,-6.800e-01,238.0,,,0.76,1.27,-0.23,60.30,,,6487.00,164.00,-215.00,4.397,0.060,-0.329,1.1180,0.6170,-0.1180,293.618770,39.022572,13.594
3534076,K01209.01,,CANDIDATE,CANDIDATE,,0,0,0,0,272.086835300,8.5140000e-04,-8.5140000e-04,378.1372100,2.020000e-03,-2.020000e-03,0.3629,0.1110,-0.3629,2.71450,0.09370,-0.09370,5.5720e+03,2.960e+02,-2.960e+02,5.95,2.670e+00,-5.300e-01,251.0,,,0.93,1.33,-0.25,21.50,,,5587.00,208.00,-168.00,4.548,0.047,-0.273,0.7910,0.3550,-0.0710,288.314360,38.693291,15.166
3962357,K01210.01,Kepler-791 b,CONFIRMED,CANDIDATE,1.0000,0,0,0,0,14.553874880,9.8740000e-05,-9.8740000e-05,134.1166900,4.490000e-03,-4.490000e-03,0.9550,0.0120,-0.6710,6.97300,0.28000,-0.28000,3.1970e+02,1.330e+01,-1.330e+01,3.45,6.200e-01,-6.300e-01,939.0,,,183.48,84.88,-67.13,26.80,1,q1_q17_dr25_tce,6143.00,73.00,-85.00,4.177,0.149,-0.122,1.5070,0.2730,-0.2730,293.595830,39.029480,14.377
9110357,K00016.01,,FALSE POSITIVE,FALSE POSITIVE,0.0000,0,1,1,1,0.895277575,5.0700000e-07,-5.0700000e-07,133.4119860,5.040000e-04,-5.040000e-04,0.9280,0.0220,-0.0450,2.71100,0.11200,-0.11200,5.3450e+02,4.800e+00,-4.800e+00,9.27,2.270e+00,-4.560e+00,4253.0,,,77480.31,56723.64,-60586.17,132.10,1,q1_q17_dr25_tce,8040.00,224.00,-336.00,3.707,0.432,-0.108,3.3250,0.8170,-1.6340,298.344210,45.409920,13.574
8394721,K00152.04,Kepler-79 e,CONFIRMED,CANDIDATE,0.9760,0,0,0,0,81.063789500,4.0770000e-04,-4.0770000e-04,139.5349200,4.300000e-03,-4.300000e-03,0.5840,0.3600,-0.3790,3.00100,0.12600,-0.12600,4.7600e+02,2.600e+01,-2.600e+01,3.01,5.600e-01,-4.600e-01,511.0,,,16.12,8.24,-5.53,19.40,4,q1_q17_dr25_tce,6198.00,111.00,-136.00,4.237,0.130,-0.117,1.3240,0.2470,-0.2020,300.517120,44.381580,13.914
8609450,K01278.01,Kepler-282 d,CONFIRMED,CANDIDATE,1.0000,0,0,0,0,24.805677500,1.0330000e-04,-1.0330000e-04,145.0752600,3.190000e-03,-3.190000e-03,0.0070,0.4150,-0.0070,6.14800,0.10200,-0.10200,6.2440e+02,1.650e+01,-1.650e+01,2.16,2.200e-01,-2.200e-01,588.0,,,28.22,8.80,-6.99,39.40,2,q1_q17_dr25_tce,5600.00,112.00,-100.00,4.455,0.102,-0.077,0.8720,0.0880,-0.0880,284.677280,44.797680,15.204
6541920,K00157.01,Kepler-11 c,CONFIRMED,CANDIDATE,1.0000,0,0,0,0,13.024933070,1.2630000e-05,-1.2630000e-05,138.1761570,7.790000e-04,-7.790000e-04,0.0040,0.3370,-0.0040,4.57060,0.02830,-0.02830,7.7840e+02,6.700e+00,-6.700e+00,2.88,1.900e-01,-1.800e-01,786.0,,,90.10,20.51,-16.81,119.30,2,q1_q17_dr25_tce,5657.00,113.00,-101.00,4.364,0.055,-0.045,1.0460,0.0680,-0.0680,297.115110,41.909142,13.709
8609450,K01278.02,Kepler-282 e,CONFIRMED,CANDIDATE,1.0000,0,0,0,0,44.347193600,1.7230000e-04,-1.7230000e-04,161.3173800,3.100000e-03,-3.100000e-03,0.2730,0.1610,-0.2730,6.43000,0.10600,-0.10600,7.9170e+02,2.060e+01,-2.060e+01,2.45,2.500e-01,-2.500e-01,484.0,,,13.00,4.05,-3.22,40.50,1,q1_q17_dr25_tce,5600.00,112.00,-100.00,4.455,0.102,-0.077,0.8720,0.0880,-0.0880,284.677280,44.797680,15.204
8609450,K01278.03,Kepler-282 b,CONFIRMED,CANDIDATE,0.8960,0,0,0,0,9.220769100,1.3960000e-04,-1.3960000e-04,138.0072000,1.450000e-02,-1.450000e-02,0.0370,0.4110,-0.0370,4.90700,0.27900,-0.27900,1.4000e+02,1.160e+01,-1.160e+01,1.02,1.100e-01,-1.000e-01,817.0,,,105.63,32.94,-26.19,13.20,4,q1_q17_dr25_tce,5600.00,112.00,-100.00,4.455,0.102,-0.077,0.8720,0.0880,-0.0880,284.677280,44.797680,15.204
8609450,K01278.04,Kepler-282 c,CONFIRMED,CANDIDATE,0.9920,0,0,0,0,13.639664800,2.3040000e-04,-2.3040000e-04,141.7301000,1.170000e-02,-1.170000e-02,0.1050,0.3440,-0.1050,5.42500,0.30000,-0.30000,1.6270e+02,1.320e+01,-1.320e+01,1.10,1.100e-01,-1.100e-01,717.0,,,62.60,19.52,-15.52,13.30,3,q1_q17_dr25_tce,5600.00,112.00,-100.00,4.455,0.102,-0.077,0.8720,0.0880,-0.0880,284.677280,44.797680,15.204
4243911,K01337.01,Kepler-821 b,CONFIRMED,CANDIDATE,1.0000,0,0,0,0,1.922799706,4.6930000e-06,-4.6930000e-06,134.5017400,1.990000e-03,-1.990000e-03,0.0360,0.4390,-0.0360,1.86040,0.06540,-0.06540,2.5970e+02,1.020e+01,-1.020e+01,1.28,1.100e-01,-5.000e-02,1215.0,,,514.44,122.17,-70.37,30.10,1,q1_q17_dr25_tce,5194.00,72.00,-83.00,4.559,0.022,-0.072,0.8150,0.0670,-0.0330,285.617460,39.379532,14.829
4466677,K01338.01,Kepler-822 b,CONFIRMED,CANDIDATE,1.0000,0,0,0,0,3.222975318,9.2850000e-06,-9.2850000e-06,178.0701000,2.300000e-03,-2.300000e-03,0.3300,0.1360,-0.3300,2.92470,0.07900,-0.07900,2.3270e+02,8.400e+00,-8.400e+00,1.47,4.000e-01,-2.100e-01,1239.0,,,558.65,446.54,-197.63,31.30,1,q1_q17_dr25_tce,5823.00,157.00,-174.00,4.427,0.101,-0.188,0.9600,0.2610,-0.1400,292.276120,39.550179,14.609
4466677,K01338.02,,CANDIDATE,CANDIDATE,0.9990,0,0,0,0,42.037066200,4.2780000e-04,-4.2780000e-04,178.2500600,7.480000e-03,-7.480000e-03,0.6720,0.0020,-0.5170,6.28200,0.22000,-0.22000,2.6680e+02,1.830e+01,-1.830e+01,1.66,4.500e-01,-2.400e-01,527.0,,,18.16,14.52,-6.42,14.70,2,q1_q17_dr25_tce,5823.00,157.00,-174.00,4.427,0.101,-0.188,0.9600,0.2610,-0.1400,292.276120,39.550179,14.609
4466677,K01338.03,,CANDIDATE,CANDIDATE,0.7540,0,0,0,0,21.011206800,2.9070000e-04,-2.9070000e-04,132.6336000,1.150000e-02,-1.150000e-02,0.8530,0.0160,-0.5980,4.50700,0.31900,-0.31900,1.6360e+02,1.700e+01,-1.700e+01,1.40,3.800e-01,-2.000e-01,663.0,,,45.79,36.61,-16.20,10.20,3,q1_q17_dr25_tce,5823.00,157.00,-174.00,4.427,0.101,-0.188,0.9600,0.2610,-0.1400,292.276120,39.550179,14.609
4135665,K01339.01,Kepler-823 b,CONFIRMED,CANDIDATE,1.0000,0,0,0,0,4.168118390,1.6020000e-05,-1.6020000e-05,134.8962100,2.900000e-03,-2.900000e-03,0.7090,0.0210,-0.5120,2.80840,0.09820,-0.09820,2.6300e+02,1.170e+01,-1.170e+01,2.28,3.500e-01,-4.400e-01,1277.0,,,628.73,256.92,-238.49,26.70,1,q1_q17_dr25_tce,5689.00,77.00,-77.00,4.202,0.162,-0.108,1.3130,0.2040,-0.2500,284.582550,39.220211,14.801
9269281,K01398.01,Kepler-1748 b,CONFIRMED,CANDIDATE,1.0000,0,0,0,0,5.823489110,1.3330000e-05,-1.3330000e-05,354.9960200,1.600000e-03,-1.600000e-03,0.8770,0.0500,-0.6210,2.24410,0.05240,-0.05240,8.8870e+02,2.650e+01,-2.650e+01,3.00,8.700e-01,-2.800e-01,955.0,,,196.33,170.06,-55.90,38.10,1,q1_q17_dr25_tce,5774.00,172.00,-189.00,4.526,0.048,-0.192,0.8640,0.2490,-0.0830,285.967860,45.739071,15.898
9100484,K01399.01,,CANDIDATE,CANDIDATE,1.0000,0,0,0,0,8.750597750,3.3620000e-05,-3.3620000e-05,358.2423300,2.780000e-03,-2.780000e-03,0.3300,0.1170,-0.3300,2.82880,0.08520,-0.08520,8.8190e+02,3.540e+01,-3.540e+01,2.27,2.300e-01,-1.300e-01,682.0,,,51.00,20.05,-11.97,28.30,1,q1_q17_dr25_tce,4942.00,177.00,-177.00,4.599,0.020,-0.075,0.7790,0.0780,-0.0460,295.760830,45.457390,15.920
9157908,K01400.01,,FALSE POSITIVE,FALSE POSITIVE,0.0000,0,1,1,0,9.414750560,2.2980000e-05,-2.2980000e-05,142.3293600,1.870000e-03,-1.870000e-03,1.1480,14.5600,-0.0770,4.73600,0.10200,-0.10200,4.8340e+02,1.020e+01,-1.020e+01,19.33,6.220e+00,-2.070e+00,962.0,,,202.58,187.35,-60.97,55.20,1,q1_q17_dr25_tce,6406.00,158.00,-206.00,4.436,0.067,-0.216,1.0330,0.3320,-0.1110,293.174160,45.521229,13.660
9030447,K01401.01,,FALSE POSITIVE,FALSE POSITIVE,,1,0,0,0,0.566690060,1.5150000e-06,-1.5150000e-06,133.8129400,1.380000e-03,-1.380000e-03,0.7102,0.0482,-0.5054,2.16740,0.06660,-0.06660,1.0460e+02,2.800e+00,-2.800e+00,1.52,9.700e-01,-2.400e-01,2955.0,,,18023.71,35863.57,-7051.64,53.80,,,6899.00,185.00,-255.00,4.273,0.090,-0.360,1.3860,0.8870,-0.2200,294.790010,45.391621,13.440
9034103,K01402.01,Kepler-832 b,CONFIRMED,CANDIDATE,1.0000,0,0,0,0,7.139697050,2.9000000e-05,-2.9000000e-05,137.1865200,3.480000e-03,-3.480000e-03,0.0270,0.4250,-0.0270,3.98100,0.10900,-0.10900,5.1290e+02,2.140e+01,-2.140e+01,2.24,6.500e-01,-2.600e-01,965.0,,,205.23,180.35,-65.83,27.80,1,q1_q17_dr25_tce,6014.00,190.00,-211.00,4.486,0.048,-0.192,0.9930,0.2860,-0.1140,295.926090,45.383862,15.906
9214942,K01403.01,Kepler-833 b,CONFIRMED,CANDIDATE,1.0000,0,0,0,0,18.754702380,5.2670000e-05,-5.2670000e-05,141.7172000,2.260000e-03,-2.260000e-03,0.0340,0.4320,-0.0340,3.03310,0.07640,-0.07640,9.9530e+02,3.440e+01,-3.440e+01,1.67,1.300e-01,-1.800e-01,382.0,,,5.03,1.80,-1.69,33.20,1,q1_q17_dr25_tce,3976.00,159.00,-177.00,4.721,0.054,-0.041,0.5400,0.0420,-0.0580,290.479950,45.600700,15.473
3858704,K01211.01,,FALSE POSITIVE,FALSE POSITIVE,0.0010,0,0,1,0,3.003632190,1.3640000e-05,-1.3640000e-05,135.6412900,4.240000e-03,-4.240000e-03,0.7270,0.0000,-0.5370,3.73200,0.11100,-0.11100,1.0120e+02,3.200e+00,-3.200e+00,1.43,2.400e-01,-2.400e-01,1571.0,,,1441.44,643.09,-494.12,38.50,1,q1_q17_dr25_tce,6309.00,88.00,-75.00,4.217,0.149,-0.108,1.3200,0.2240,-0.2240,293.648410,38.976021,12.476
3749134,K01212.01,Kepler-792 b,CONFIRMED,CANDIDATE,0.9970,0,0,0,0,11.301230360,7.5310000e-05,-7.5310000e-05,134.9185500,4.830000e-03,-4.830000e-03,0.1170,0.3290,-0.1170,4.02200,0.14200,-0.14200,2.7710e+02,1.660e+01,-1.660e+01,1.85,2.800e-01,-2.300e-01,852.0,,,124.42,49.34,-33.76,18.50,1,q1_q17_dr25_tce,5730.00,77.00,-77.00,4.340,0.110,-0.110,1.1220,0.1690,-0.1380,292.006810,38.820728,14.981
3556220,K01213.01,,FALSE POSITIVE,FALSE POSITIVE,0.0000,0,1,1,1,0.796722833,1.8890000e-06,-1.8890000e-06,133.0798500,2.140000e-03,-2.140000e-03,0.6010,0.1410,-0.3850,2.45510,0.08120,-0.08120,1.0710e+02,3.000e+00,-3.000e+00,1.44,2.200e-01,-3.500e-01,2401.0,,,7844.64,3082.65,-3558.35,43.90,1,q1_q17_dr25_tce,5959.00,80.00,-71.00,4.121,0.231,-0.099,1.3340,0.1990,-0.3240,294.350490,38.602131,13.379
3660924,K01214.01,Kepler-793 b,CONFIRMED,CANDIDATE,1.0000,0,0,0,0,4.241536290,2.2030000e-05,-2.2030000e-05,133.4552200,3.920000e-03,-3.920000e-03,0.2570,0.1870,-0.2570,2.97100,0.14700,-0.14700,1.8810e+02,1.240e+01,-1.240e+01,1.44,3.900e-01,-2.800e-01,1177.0,,,452.95,368.97,-190.84,18.00,1,q1_q17_dr25_tce,5776.00,172.00,-155.00,4.340,0.185,-0.185,1.0470,0.2830,-0.2060,295.216640,38.774330,14.621
3939150,K01215.01,Kepler-277 b,CONFIRMED,CANDIDATE,1.0000,0,0,0,0,17.324191080,6.3680000e-05,-6.3680000e-05,142.0997700,3.230000e-03,-3.230000e-03,0.7640,0.1480,-0.5310,8.04500,0.10200,-0.10200,2.4130e+02,5.300e+00,-5.300e+00,3.14,4.500e-01,-7.600e-01,964.0,,,204.10,84.23,-95.49,49.10,1,q1_q17_dr25_tce,5968.00,120.00,-108.00,3.972,0.210,-0.084,1.8570,0.2640,-0.4520,286.583160,39.077202,13.420
8628758,K01279.01,Kepler-804 b,CONFIRMED,CANDIDATE,1.0000,0,0,0,0,14.374575720,3.3110000e-05,-3.3110000e-05,138.2018900,1.920000e-03,-1.920000e-03,0.0350,0.3840,-0.0350,4.78920,0.05700,-0.05700,3.3580e+02,6.600e+00,-6.600e+00,1.94,2.900e-01,-2.400e-01,779.0,,,87.24,37.61,-25.30,55.20,1,q1_q17_dr25_tce,5768.00,115.00,-115.00,4.358,0.121,-0.110,1.0670,0.1600,-0.1310,293.372250,44.785141,13.749
8628758,K01279.02,Kepler-804 c,CONFIRMED,CANDIDATE,0.9710,0,0,0,0,9.651883310,5.8980000e-05,-5.8980000e-05,132.1594700,4.910000e-03,-4.910000e-03,0.1220,0.3420,-0.1220,4.29600,0.16100,-0.16100,1.0320e+02,5.800e+00,-5.800e+00,1.08,1.600e-01,-1.400e-01,890.0,,,148.32,63.94,-43.02,19.80,2,q1_q17_dr25_tce,5768.00,115.00,-115.00,4.358,0.121,-0.110,1.0670,0.1600,-0.1310,293.372250,44.785141,13.749
8509361,K01280.01,,FALSE POSITIVE,FALSE POSITIVE,0.0000,0,0,1,1,6.099011800,2.0520000e-05,-2.0520000e-05,135.5235700,3.020000e-03,-3.020000e-03,0.6880,0.2420,-0.4270,3.61120,0.09570,-0.09570,2.2750e+02,6.900e+00,-6.900e+00,3.16,7.200e-01,-1.570e+00,1374.0,,,842.53,591.02,-650.60,39.30,1,q1_q17_dr25_tce,5743.00,174.00,-156.00,3.881,0.517,-0.138,1.9710,0.4510,-0.9770,296.717350,44.579659,13.951
8742590,K01281.01,Kepler-1742 b,CONFIRMED,CANDIDATE,0.9890,0,0,0,0,49.478144600,2.0060000e-04,-2.0060000e-04,141.8246500,3.300000e-03,-3.300000e-03,0.0480,0.4100,-0.0480,2.49300,0.10200,-0.10200,4.9660e+02,2.800e+01,-2.800e+01,1.88,5.200e-01,-1.700e-01,462.0,,,10.73,8.53,-2.82,20.40,1,q1_q17_dr25_tce,5776.00,138.00,-155.00,4.554,0.035,-0.196,0.8490,0.2360,-0.0790,286.966830,44.992489,14.427
8822366,K01282.01,Kepler-805 b,CONFIRMED,CANDIDATE,0.9980,0,0,0,0,30.863947600,1.0700000e-04,-1.0700000e-04,162.8807700,2.790000e-03,-2.790000e-03,0.9070,0.0140,-0.6490,8.86400,0.11000,-0.11000,2.5650e+02,4.700e+00,-4.700e+00,3.01,1.600e-01,-1.300e-01,743.0,,,72.05,12.48,-9.15,63.00,1,q1_q17_dr25_tce,5977.00,80.00,-80.00,4.080,0.020,-0.018,1.5710,0.0860,-0.0630,293.229950,45.053310,12.547
8972058,K00159.02,Kepler-115 b,CONFIRMED,CANDIDATE,1.0000,0,0,0,0,2.403640701,7.5400000e-06,-7.5400000e-06,134.7306500,2.760000e-03,-2.760000e-03,0.9180,0.0330,-0.7100,1.40120,0.08520,-0.08520,7.4900e+01,5.400e+00,-5.400e+00,1.24,2.000e-01,-1.700e-01,1489.0,,,1164.85,539.01,-365.22,16.30,2,q1_q17_dr25_tce,5881.00,105.00,-117.00,4.315,0.115,-0.115,1.1710,0.1960,-0.1610,297.711850,45.261921,13.431
4386059,K01340.01,,FALSE POSITIVE,FALSE POSITIVE,0.0000,0,0,1,1,2.900607810,1.3910000e-05,-1.3910000e-05,179.8338600,4.350000e-03,-4.350000e-03,0.4700,0.0170,-0.4700,2.56300,0.13700,-0.13700,1.2480e+02,7.300e+00,-7.300e+00,1.58,4.700e-01,-3.200e-01,1645.0,,,1727.31,1549.16,-787.80,20.60,1,q1_q17_dr25_tce,6547.00,181.00,-250.00,4.241,0.132,-0.198,1.3710,0.4170,-0.2780,296.434080,39.444069,13.887
4650674,K01341.01,Kepler-824 b,CONFIRMED,CANDIDATE,1.0000,0,0,0,0,4.514360960,1.3710000e-05,-1.3710000e-05,134.0293000,2.790000e-03,-2.790000e-03,0.1180,0.3190,-0.1180,3.00830,0.07420,-0.07420,2.3070e+02,9.500e+00,-9.500e+00,1.84,3.100e-01,-2.400e-01,1231.0,,,543.73,237.30,-151.46,28.40,1,q1_q17_dr25_tce,5940.00,71.00,-79.00,4.306,0.115,-0.115,1.2150,0.2070,-0.1550,290.477420,39.732010,14.946
4275721,K01342.01,Kepler-825 b,CONFIRMED,CANDIDATE,0.8080,0,0,0,0,3.773598710,1.2320000e-05,-1.2320000e-05,134.0701300,2.590000e-03,-2.590000e-03,0.0000,0.4240,0.0000,2.72820,0.07720,-0.07720,1.7600e+02,7.700e+00,-7.700e+00,1.29,3.300e-01,-1.900e-01,1270.0,,,614.52,455.61,-223.55,25.60,1,q1_q17_dr25_tce,6224.00,169.00,-207.00,4.404,0.135,-0.180,0.9690,0.2430,-0.1420,294.769900,39.398510,14.207
4275721,K01342.02,Kepler-825 c,CONFIRMED,CANDIDATE,1.0000,0,0,0,0,8.181821890,2.3040000e-05,-2.3040000e-05,134.8142300,2.080000e-03,-2.080000e-03,0.6550,0.2740,-0.4440,2.45660,0.07380,-0.07380,2.9960e+02,1.170e+01,-1.170e+01,1.77,4.500e-01,-2.600e-01,981.0,,,218.90,162.30,-79.63,27.40,2,q1_q17_dr25_tce,6224.00,169.00,-207.00,4.404,0.135,-0.180,0.9690,0.2430,-0.1420,294.769900,39.398510,14.207
8874090,K01404.01,Kepler-834 b,CONFIRMED,CANDIDATE,0.9990,0,0,0,0,13.323893520,4.7150000e-05,-4.7150000e-05,135.2458500,2.650000e-03,-2.650000e-03,0.0730,0.3510,-0.0730,3.22080,0.09210,-0.09210,7.8130e+02,3.310e+01,-3.310e+01,1.26,2.300e-01,-3.100e-01,378.0,,,4.83,3.64,-2.66,25.90,1,q1_q17_dr25_tce,3751.00,219.00,-219.00,4.813,0.104,-0.085,0.4500,0.0820,-0.1100,287.054530,45.180370,15.931
11666881,K00167.01,Kepler-480 b,CONFIRMED,CANDIDATE,1.0000,0,0,0,0,4.919584997,4.5560000e-06,-4.5560000e-06,134.6023960,7.430000e-04,-7.430000e-04,0.2430,0.1420,-0.2430,4.19880,0.02530,-0.02530,4.2570e+02,3.800e+00,-3.800e+00,2.86,5.000e-01,-3.600e-01,1312.0,,,702.13,337.95,-208.32,132.00,1,q1_q17_dr25_tce,6236.00,111.00,-124.00,4.246,0.110,-0.121,1.3780,0.2410,-0.1750,294.463900,49.765041,13.273
9264949,K01405.01,Kepler-835 b,CONFIRMED,CANDIDATE,0.9960,0,0,0,0,11.419118860,7.7740000e-05,-7.7740000e-05,186.3049800,4.960000e-03,-4.960000e-03,0.9470,0.0000,-0.6620,5.13500,0.18800,-0.18800,5.0920e+02,2.380e+01,-2.380e+01,3.32,1.000e+00,-4.200e-01,921.0,,,170.33,150.95,-59.64,23.70,1,q1_q17_dr25_tce,6311.00,177.00,-243.00,4.398,0.052,-0.208,1.1720,0.3510,-0.1500,283.574220,45.734798,15.965
9271752,K01406.01,Kepler-836 b,CONFIRMED,CANDIDATE,1.0000,0,0,0,0,11.361132540,2.4140000e-05,-2.4140000e-05,136.9258400,1.700000e-03,-1.700000e-03,0.7340,0.0100,-0.5280,4.18860,0.05920,-0.05920,5.6950e+02,1.130e+01,-1.130e+01,2.60,8.600e-01,-2.900e-01,869.0,,,134.97,132.49,-41.14,57.00,1,q1_q17_dr25_tce,6244.00,175.00,-197.00,4.460,0.056,-0.224,1.0090,0.3350,-0.1120,287.452790,45.704399,14.630
9007866,K01407.01,,FALSE POSITIVE,FALSE POSITIVE,,1,0,0,0,1.386635800,2.9300000e-04,-2.9300000e-04,134.3472000,5.570000e-02,-5.570000e-02,0.3783,0.0867,-0.3782,4.77000,1.10000,-1.10000,7.0100e+01,1.390e+01,-1.390e+01,0.72,2.600e-01,-5.000e-02,1503.0,,,1205.94,1300.80,-284.84,6.80,,,5693.00,164.00,-153.00,4.551,0.028,-0.262,0.8560,0.3100,-0.0660,285.988650,45.377811,15.755
9150827,K01408.01,Kepler-1749 b,CONFIRMED,CANDIDATE,1.0000,0,0,0,0,14.534108330,5.0220000e-05,-5.0220000e-05,145.4264300,2.570000e-03,-2.570000e-03,0.7660,0.1660,-0.5240,3.30940,0.07990,-0.07990,5.1060e+02,1.750e+01,-1.750e+01,1.36,7.000e-02,-9.000e-02,420.0,,,7.34,1.33,-1.54,32.50,1,q1_q17_dr25_tce,3957.00,71.00,-87.00,4.693,0.042,-0.018,0.5530,0.0270,-0.0390,290.294560,45.564610,14.688
3939150,K01215.02,Kepler-277 c,CONFIRMED,CANDIDATE,0.9990,0,0,0,0,33.006318500,1.4900000e-04,-1.4900000e-04,145.3882100,3.920000e-03,-3.920000e-03,0.3900,0.0630,-0.3900,7.11800,0.12000,-0.12000,2.7810e+02,7.600e+00,-7.600e+00,3.13,4.500e-01,-7.600e-01,778.0,,,86.38,35.64,-40.42,38.20,2,q1_q17_dr25_tce,5968.00,120.00,-108.00,3.972,0.210,-0.084,1.8570,0.2640,-0.4520,286.583160,39.077202,13.420
3839488,K01216.01,Kepler-794 b,CONFIRMED,CANDIDATE,1.0000,0,0,0,0,11.131271590,3.5060000e-05,-3.5060000e-05,134.3634100,2.690000e-03,-2.690000e-03,0.0100,0.4200,-0.0100,4.23720,0.07490,-0.07490,2.1120e+02,6.700e+00,-6.700e+00,2.06,3.500e-01,-3.900e-01,952.0,,,194.31,92.52,-76.47,36.80,1,q1_q17_dr25_tce,5800.00,105.00,-117.00,4.202,0.156,-0.117,1.4350,0.2470,-0.2710,288.133700,38.996880,13.459
3542588,K01217.01,,FALSE POSITIVE,FALSE POSITIVE,0.0000,0,0,1,1,3.471439630,2.0830000e-05,-2.0830000e-05,133.7406100,5.510000e-03,-5.510000e-03,0.7190,0.1960,-0.4730,3.66300,0.17400,-0.17400,9.9800e+01,4.400e+00,-4.400e+00,1.19,3.800e-01,-1.500e-01,1358.0,,,805.05,732.74,-262.04,27.50,1,q1_q17_dr25_tce,6341.00,153.00,-191.00,4.409,0.054,-0.216,1.1110,0.3530,-0.1410,290.861420,38.641129,13.599
3442055,K01218.01,Kepler-795 b,CONFIRMED,CANDIDATE,0.9990,0,0,0,0,29.619389100,1.1030000e-04,-1.1030000e-04,133.6820500,3.060000e-03,-3.060000e-03,0.0460,0.3950,-0.0460,4.95950,0.09260,-0.09260,3.1470e+02,8.600e+00,-8.600e+00,1.74,2.400e-01,-1.900e-01,580.0,,,26.79,10.46,-7.03,42.50,1,q1_q17_dr25_tce,5618.00,112.00,-101.00,4.401,0.100,-0.100,0.9960,0.1330,-0.1090,291.019040,38.545570,13.331
3440861,K01219.01,,FALSE POSITIVE,FALSE POSITIVE,,1,0,0,0,3.503761550,,,134.6825677,,,,,,3.16000,,,,,,,,,,,,,,,,,,,,,,,,,,,290.666810,38.568329,14.463
12252424,K00153.01,Kepler-113 c,CONFIRMED,CANDIDATE,1.0000,0,0,0,0,8.925079516,5.9920000e-06,-5.9920000e-06,139.7138900,5.320000e-04,-5.320000e-04,0.7400,0.0030,-0.5250,2.67660,0.02650,-0.02650,9.7750e+02,8.000e+00,-8.000e+00,2.36,1.600e-01,-8.000e-02,628.0,,,36.89,8.87,-4.88,135.80,2,q1_q17_dr25_tce,4728.00,94.00,-94.00,4.628,0.012,-0.048,0.6930,0.0490,-0.0210,287.997890,50.944328,13.461
8700771,K01283.01,Kepler-806 b,CONFIRMED,CANDIDATE,0.9980,0,0,0,0,8.092210500,3.3240000e-05,-3.3240000e-05,138.0453500,3.420000e-03,-3.420000e-03,0.9510,0.0070,-0.6950,5.76960,0.06260,-0.06260,6.5300e+01,2.000e+00,-2.000e+00,1.44,2.200e-01,-3.400e-01,1089.0,,,331.65,146.96,-148.67,37.50,1,q1_q17_dr25_tce,5774.00,115.00,-92.00,4.106,0.224,-0.096,1.3950,0.2160,-0.3250,296.007110,44.853474,11.731
10960993,K01284.01,,FALSE POSITIVE,FALSE POSITIVE,0.0000,0,1,0,1,3.117087797,6.5600000e-07,-6.5600000e-07,134.6847380,1.770000e-04,-1.770000e-04,1.2550,0.1230,-0.0740,3.06941,0.00907,-0.00907,1.2152e+04,3.310e+01,-3.310e+01,88.51,2.366e+01,-3.547e+01,1842.0,,,2725.12,2167.73,-1877.80,441.70,1,q1_q17_dr25_tce,6338.00,179.00,-224.00,3.973,0.343,-0.147,2.0460,0.5470,-0.8200,283.315920,48.404873,11.397
6541920,K00157.02,Kepler-11 d,CONFIRMED,CANDIDATE,1.0000,0,0,0,0,22.687155000,2.6450000e-05,-2.6450000e-05,148.4554350,9.680000e-04,-9.680000e-04,0.0230,0.3630,-0.0230,5.49210,0.03550,-0.03550,9.6000e+02,8.100e+00,-8.100e+00,3.20,2.100e-01,-2.100e-01,653.0,,,42.95,9.78,-8.01,122.80,3,q1_q17_dr25_tce,5657.00,113.00,-101.00,4.364,0.055,-0.045,1.0460,0.0680,-0.0680,297.115110,41.909142,13.709
10599397,K01285.01,,FALSE POSITIVE,FALSE POSITIVE,,0,1,0,0,0.937406378,4.4700000e-07,-4.4700000e-07,134.7265310,3.940000e-04,-3.940000e-04,0.8735,0.0136,-0.0258,1.95150,0.04940,-0.04940,5.0796e+03,5.220e+01,-5.220e+01,7.09,2.890e+00,-6.200e-01,1659.0,,,1790.11,2294.71,-467.98,138.90,1,q1_q17_dr24_tce,5480.00,196.00,-161.00,4.529,0.043,-0.263,0.8430,0.3440,-0.0740,291.636990,47.832340,14.546
10879208,K01286.01,,FALSE POSITIVE,FALSE POSITIVE,0.0000,0,1,1,1,0.668483615,2.5800000e-07,-2.5800000e-07,178.2813770,3.160000e-04,-3.160000e-04,1.2690,0.5500,-0.1100,2.09090,0.01910,-0.01910,2.8998e+03,2.150e+01,-2.150e+01,29.53,7.330e+00,-2.440e+00,1832.0,,,2642.17,1989.39,-673.47,161.20,1,q1_q17_dr25_tce,5546.00,166.00,-166.00,4.575,0.040,-0.160,0.8100,0.2010,-0.0670,298.258030,48.217361,15.905
10843203,K01287.01,,FALSE POSITIVE,FALSE POSITIVE,0.0000,0,1,0,0,4.429633087,3.0780000e-06,-3.0780000e-06,355.1435460,5.310000e-04,-5.310000e-04,1.2640,4.8220,-0.1500,3.02570,0.02510,-0.02510,6.1201e+03,4.480e+01,-4.480e+01,32.12,5.680e+00,-3.050e+00,950.0,,,192.62,117.24,-55.65,166.30,1,q1_q17_dr25_tce,5344.00,204.00,-185.00,4.545,0.051,-0.111,0.8090,0.1430,-0.0770,282.232730,48.271198,15.910
4570931,K01343.01,,FALSE POSITIVE,FALSE POSITIVE,0.0000,0,0,1,1,1.544927524,2.7400000e-06,-2.7400000e-06,133.5490900,1.430000e-03,-1.430000e-03,0.5330,0.0020,-0.4620,1.01340,0.05350,-0.05350,1.3850e+02,7.000e+00,-7.000e+00,1.39,4.100e-01,-1.900e-01,1824.0,,,2606.96,2292.85,-914.58,25.40,1,q1_q17_dr25_tce,6309.00,169.00,-207.00,4.340,0.108,-0.201,1.1320,0.3400,-0.1570,294.189670,39.617119,13.643
4136466,K01344.01,Kepler-826 b,CONFIRMED,CANDIDATE,0.9990,0,0,0,0,4.487587680,1.6610000e-05,-1.6610000e-05,133.3609200,3.190000e-03,-3.190000e-03,0.5320,0.4060,-0.3320,2.87400,0.09270,-0.09270,1.1200e+02,5.000e+00,-5.000e+00,1.37,2.200e-01,-2.600e-01,1305.0,,,684.07,305.90,-274.85,25.90,1,q1_q17_dr25_tce,6060.00,120.00,-132.00,4.227,0.168,-0.112,1.2570,0.1970,-0.2410,284.860140,39.240551,13.446
7284688,K01345.01,,FALSE POSITIVE,FALSE POSITIVE,,0,0,0,0,0.323021692,5.3000000e-08,-5.3000000e-08,133.6036680,1.350000e-04,-1.350000e-04,1.1083,0.0880,-0.0882,2.34420,0.01230,-0.01230,4.7100e+04,1.510e+02,-1.510e+02,46.40,2.052e+01,-7.120e+00,2545.0,,,9913.70,13854.47,-3613.40,520.60,,,5458.00,197.00,-162.00,4.381,0.144,-0.282,0.9720,0.4300,-0.1490,292.630000,42.829338,11.234
7199774,K01346.01,,FALSE POSITIVE,FALSE POSITIVE,0.0000,0,1,0,0,4.708186280,1.8480000e-05,-1.8480000e-05,137.0593000,3.230000e-03,-3.230000e-03,1.0820,56.9200,-0.0230,3.27800,0.16700,-0.16700,5.6545e+04,2.646e+03,-2.646e+03,42.99,1.337e+01,-4.190e+00,1046.0,,,282.41,251.31,-76.09,24.70,1,q1_q17_dr25_tce,5868.00,141.00,-158.00,4.530,0.037,-0.212,0.8940,0.2780,-0.0870,291.610080,42.759762,13.279
7037540,K01347.01,,FALSE POSITIVE,FALSE POSITIVE,0.0000,0,1,0,0,14.405857436,9.7400000e-07,-9.7400000e-07,360.3847471,4.810000e-05,-4.810000e-05,0.0010,0.0260,-0.0010,5.48509,0.00152,-0.00152,3.0431e+04,1.420e+01,-1.420e+01,23.42,6.560e+00,-6.560e+00,888.0,,,146.95,125.07,-80.76,2294.10,1,q1_q17_dr25_tce,5945.00,184.00,-205.00,4.196,0.246,-0.164,1.3460,0.3770,-0.3770,293.020360,42.508835,14.808
6866228,K01348.01,,FALSE POSITIVE,FALSE POSITIVE,0.0000,0,1,0,0,7.702374154,5.6310000e-06,-5.6310000e-06,137.5634520,5.960000e-04,-5.960000e-04,3.3460,60.0600,-0.5090,3.84590,0.02900,-0.02900,1.8377e+04,1.360e+02,-1.360e+02,225.25,4.912e+01,-2.117e+01,825.0,,,109.38,71.27,-29.95,157.20,1,q1_q17_dr25_tce,5598.00,152.00,-169.00,4.565,0.038,-0.152,0.8300,0.1810,-0.0780,292.739900,42.359402,15.144
9391208,K01409.01,Kepler-837 b,CONFIRMED,CANDIDATE,1.0000,0,0,0,0,16.560625770,4.4650000e-05,-4.4650000e-05,133.4970300,2.400000e-03,-2.400000e-03,0.9600,0.0490,-0.6980,2.61100,0.12100,-0.12100,7.0080e+02,2.540e+01,-2.540e+01,2.94,6.800e-01,-4.600e-01,701.0,,,57.28,40.90,-21.13,30.80,1,q1_q17_dr25_tce,5818.00,175.00,-175.00,4.436,0.165,-0.181,0.8550,0.2000,-0.1330,285.246670,45.950191,15.198
9391506,K01410.01,Kepler-838 b,CONFIRMED,CANDIDATE,1.0000,0,0,0,0,15.749585830,4.7010000e-05,-4.7010000e-05,150.2457900,2.310000e-03,-2.310000e-03,0.6370,0.2510,-0.4300,4.66720,0.08160,-0.08160,6.5950e+02,1.770e+01,-1.770e+01,2.77,8.900e-01,-3.000e-01,777.0,,,86.18,82.38,-26.73,42.60,1,q1_q17_dr25_tce,6191.00,172.00,-216.00,4.454,0.056,-0.210,1.0250,0.3320,-0.1110,285.435520,45.976021,15.300
8950853,K01412.01,Kepler-839 b,CONFIRMED,CANDIDATE,0.9990,0,0,0,0,37.814525200,1.4400000e-04,-1.4400000e-04,134.6642400,3.060000e-03,-3.060000e-03,0.8450,0.0590,-0.5730,9.10900,0.12800,-0.12800,4.1250e+02,8.000e+00,-8.000e+00,3.04,5.300e-01,-4.000e-01,626.0,,,36.25,17.62,-11.27,57.90,1,q1_q17_dr25_tce,5988.00,107.00,-131.00,4.278,0.110,-0.121,1.3140,0.2320,-0.1740,291.074680,45.242580,13.601
9006449,K01413.01,Kepler-295 b,CONFIRMED,CANDIDATE,0.9860,0,0,0,0,12.645042910,9.9770000e-05,-9.9770000e-05,138.6314900,5.950000e-03,-5.950000e-03,0.9310,0.0070,-0.7090,9.11700,0.10100,-0.10100,2.0040e+02,6.600e+00,-6.600e+00,1.55,3.600e-01,-2.000e-01,741.0,,,71.28,48.56,-23.42,32.70,1,q1_q17_dr25_tce,5607.00,152.00,-152.00,4.447,0.112,-0.168,0.8860,0.2030,-0.1190,285.345830,45.367779,14.447
9006449,K01413.02,Kepler-295 c,CONFIRMED,CANDIDATE,0.9990,0,0,0,0,21.526295800,1.6100000e-04,-1.6100000e-04,132.2878700,6.120000e-03,-6.120000e-03,0.8040,0.0080,-0.5740,8.39200,0.16700,-0.16700,1.9000e+02,8.500e+00,-8.500e+00,1.36,3.100e-01,-1.800e-01,621.0,,,35.03,23.86,-11.51,23.40,2,q1_q17_dr25_tce,5607.00,152.00,-152.00,4.447,0.112,-0.168,0.8860,0.2030,-0.1190,285.345830,45.367779,14.447
9006449,K01413.03,Kepler-295 d,CONFIRMED,CANDIDATE,0.9350,0,0,0,0,33.884582500,3.8640000e-04,-3.8640000e-04,159.9881900,8.480000e-03,-8.480000e-03,0.9610,0.0310,-0.6840,6.53800,0.19100,-0.19100,2.2410e+02,1.410e+01,-1.410e+01,1.74,4.000e-01,-2.400e-01,533.0,,,19.13,13.04,-6.28,17.20,3,q1_q17_dr25_tce,5607.00,152.00,-152.00,4.447,0.112,-0.168,0.8860,0.2030,-0.1190,285.345830,45.367779,14.447
4043190,K01220.01,Kepler-796 b,CONFIRMED,CANDIDATE,0.9970,0,0,0,0,6.400871370,2.2810000e-05,-2.2810000e-05,136.8824000,2.900000e-03,-2.900000e-03,0.8610,0.0560,-0.5960,2.55610,0.08340,-0.08340,1.3360e+02,6.300e+00,-6.300e+00,1.91,3.300e-01,-5.000e-01,1109.0,,,357.44,179.70,-172.99,24.40,1,q1_q17_dr25_tce,5426.00,119.00,-76.00,4.107,0.227,-0.105,1.4210,0.2470,-0.3710,287.307860,39.144730,12.988
3640905,K01221.01,Kepler-278 b,CONFIRMED,CANDIDATE,1.0000,0,0,0,0,30.159941100,1.7610000e-04,-1.7610000e-04,138.5177400,4.840000e-03,-4.840000e-03,0.8020,0.0210,-0.5580,7.87400,0.13000,-0.13000,1.7590e+02,5.800e+00,-5.800e+00,4.54,3.000e-01,-6.100e-01,836.0,,,115.69,21.26,-35.56,32.30,1,q1_q17_dr25_tce,5010.00,51.00,-103.00,3.620,0.060,-0.055,3.0510,0.2020,-0.4040,290.107180,38.702229,11.584
3640905,K01221.02,Kepler-278 c,CONFIRMED,CANDIDATE,0.9810,0,0,0,0,51.077104800,5.5730000e-04,-5.5730000e-04,152.3569400,7.900000e-03,-7.900000e-03,0.4980,0.0110,-0.4430,11.23300,0.24900,-0.24900,1.4150e+02,6.200e+00,-6.200e+00,3.66,2.400e-01,-4.900e-01,702.0,,,57.28,10.53,-17.60,24.10,2,q1_q17_dr25_tce,5010.00,51.00,-103.00,3.620,0.060,-0.055,3.0510,0.2020,-0.4040,290.107180,38.702229,11.584
4060815,K01222.01,,FALSE POSITIVE,FALSE POSITIVE,,1,0,0,0,4.285675600,1.1280000e-04,-1.1280000e-04,134.4812000,1.460000e-02,-1.460000e-02,0.5445,0.4210,-0.3567,4.05900,0.56200,-0.56200,3.1400e+01,4.500e+00,-4.500e+00,2.13,1.000e-01,-1.000e-01,1790.0,,,2429.13,396.09,-351.65,8.30,,,5055.00,75.00,-75.00,3.443,0.014,-0.014,3.7330,0.1760,-0.1760,292.496800,39.193169,12.203
6613006,K01223.01,,FALSE POSITIVE,FALSE POSITIVE,0.0000,0,1,0,0,7.388833611,8.0700000e-07,-8.0700000e-07,133.9344039,8.920000e-05,-8.920000e-05,0.7990,0.0010,-0.0010,5.62857,0.00630,-0.00630,1.3064e+04,1.090e+01,-1.090e+01,10.66,3.060e+00,-9.600e-01,877.0,,,139.94,114.94,-35.90,1509.30,1,q1_q17_dr25_tce,5845.00,139.00,-157.00,4.558,0.036,-0.192,0.8380,0.2410,-0.0750,293.812900,42.048710,13.209
6606653,K01224.01,,FALSE POSITIVE,FALSE POSITIVE,0.2850,0,1,0,0,2.698021895,2.6150000e-06,-2.6150000e-06,136.3278600,7.910000e-04,-7.910000e-04,1.3000,0.0560,-0.0470,23.19200,0.18000,-0.18000,6.7212e+03,3.080e+01,-3.080e+01,52.51,1.696e+01,-6.070e+00,1582.0,,,1481.76,1375.06,-458.29,647.10,1,q1_q17_dr25_tce,6568.00,161.00,-201.00,4.360,0.065,-0.208,1.2110,0.3910,-0.1400,291.986940,42.037651,13.717
10790387,K01288.01,Kepler-807 b,CONFIRMED,CANDIDATE,1.0000,0,0,0,0,117.931108030,8.3770000e-05,-8.3770000e-05,219.7042260,5.480000e-04,-5.480000e-04,0.6150,0.0280,-0.0700,5.87960,0.06330,-0.06330,8.5066e+03,4.760e+01,-4.760e+01,10.36,3.500e+00,-1.170e+00,418.0,,,7.20,6.94,-2.23,212.50,1,q1_q17_dr25_tce,6392.00,151.00,-207.00,4.425,0.056,-0.210,1.0720,0.3620,-0.1210,289.020170,48.119808,15.128
10748393,K01289.01,,FALSE POSITIVE,FALSE POSITIVE,0.0000,0,0,0,1,4.887806806,3.9470000e-06,-3.9470000e-06,354.5394810,6.060000e-04,-6.060000e-04,0.5610,0.0110,-0.4640,2.40780,0.04110,-0.04110,4.6760e+03,4.610e+01,-4.610e+01,5.71,9.400e-01,-5.800e-01,918.0,,,167.54,92.86,-50.12,116.10,1,q1_q17_dr25_tce,5284.00,185.00,-185.00,4.523,0.076,-0.102,0.8120,0.1330,-0.0820,297.710390,48.083832,15.399
10874226,K01290.01,,FALSE POSITIVE,FALSE POSITIVE,0.0000,0,1,0,0,11.973605044,8.9420000e-06,-8.9420000e-06,144.7793150,5.910000e-04,-5.910000e-04,1.3000,12.6300,-0.1130,4.31170,0.03210,-0.03210,3.8229e+03,2.660e+01,-2.660e+01,38.20,1.301e+01,-4.050e+00,820.0,,,106.83,110.24,-32.69,172.90,1,q1_q17_dr25_tce,6146.00,192.00,-213.00,4.497,0.054,-0.216,0.9430,0.3210,-0.1000,296.716340,48.211262,15.175
10661771,K01291.01,,FALSE POSITIVE,FALSE POSITIVE,0.0000,0,1,1,1,1.231364189,9.3500000e-07,-9.3500000e-07,133.0366180,6.580000e-04,-6.580000e-04,0.9950,0.0340,-0.0170,5.85740,0.07280,-0.07280,1.0971e+03,7.200e+00,-7.200e+00,5.39,1.340e+00,-8.200e-01,1707.0,,,2005.15,1510.26,-714.52,229.70,1,q1_q17_dr25_tce,5897.00,177.00,-159.00,4.429,0.140,-0.171,0.8910,0.2210,-0.1360,290.293850,47.967590,14.970
10924853,K01292.01,,FALSE POSITIVE,FALSE POSITIVE,0.0000,0,0,1,0,2.102416517,1.3110000e-06,-1.3110000e-06,134.3949430,5.350000e-04,-5.350000e-04,1.2360,9.1160,-0.1320,1.76840,0.02740,-0.02740,1.5025e+03,1.960e+01,-1.960e+01,29.29,8.700e+00,-2.900e+00,1435.0,,,1003.06,896.65,-291.17,94.30,1,q1_q17_dr25_tce,5999.00,180.00,-198.00,4.494,0.050,-0.200,0.9590,0.2850,-0.0950,294.021700,48.390419,15.642
10874926,K01293.01,,FALSE POSITIVE,FALSE POSITIVE,0.0000,0,1,0,0,11.703109303,5.8550000e-06,-5.8550000e-06,133.7216980,3.880000e-04,-3.880000e-04,1.2790,17.0500,-0.1990,2.04670,0.02320,-0.02320,4.2010e+03,4.010e+01,-4.010e+01,37.30,1.168e+01,-3.890e+00,811.0,,,102.47,94.05,-31.51,126.60,1,q1_q17_dr25_tce,6014.00,162.00,-217.00,4.494,0.052,-0.208,0.9580,0.3000,-0.1000,296.932680,48.266491,15.003
6631721,K00160.01,,FALSE POSITIVE,FALSE POSITIVE,1.0000,0,0,1,0,13.738082490,2.0020000e-05,-2.0020000e-05,134.4378700,1.200000e-03,-1.200000e-03,0.9570,0.0080,-0.0250,3.35400,0.11600,-0.11600,6.6070e+02,1.400e+01,-1.400e+01,3.84,1.090e+00,-7.300e-01,912.0,,,163.52,136.36,-69.46,68.40,1,q1_q17_dr25_tce,6375.00,171.00,-209.00,4.292,0.149,-0.182,1.1780,0.3350,-0.2230,298.183620,42.013130,13.805
6847018,K01349.01,,FALSE POSITIVE,FALSE POSITIVE,0.0000,0,1,0,0,16.662166570,1.7270000e-05,-1.7270000e-05,142.1864680,8.390000e-04,-8.390000e-04,7.4440,66.7800,-6.4760,3.87620,0.04090,-0.04090,2.7442e+04,2.860e+02,-2.860e+02,843.45,2.807e+02,-9.380e+01,834.0,,,114.41,108.82,-34.34,114.50,1,q1_q17_dr25_tce,6440.00,153.00,-192.00,4.380,0.068,-0.216,1.1690,0.3890,-0.1300,286.300260,42.374828,13.344
7220322,K01350.01,,FALSE POSITIVE,FALSE POSITIVE,0.0000,0,1,1,1,0.752159702,1.8800000e-07,-1.8800000e-07,134.0472290,2.160000e-04,-2.160000e-04,1.2720,0.3310,-0.1290,2.36210,0.01240,-0.01240,3.4250e+03,1.460e+01,-1.460e+01,43.73,1.284e+01,-9.640e+00,2224.0,,,5767.22,5141.76,-2723.41,291.10,1,q1_q17_dr25_tce,5916.00,184.00,-205.00,4.296,0.175,-0.193,1.1750,0.3450,-0.2590,297.108370,42.751663,11.884
6956233,K01352.01,,FALSE POSITIVE,FALSE POSITIVE,0.0000,0,1,1,1,4.818861530,1.1160000e-05,-1.1160000e-05,358.1633800,1.720000e-03,-1.720000e-03,0.9240,0.0070,-0.0110,6.22300,0.12300,-0.12300,1.3186e+03,1.880e+01,-1.880e+01,2.96,3.800e-01,-2.100e-01,803.0,,,98.29,45.65,-25.46,86.30,1,q1_q17_dr25_tce,5030.00,181.00,-181.00,4.658,0.030,-0.070,0.6510,0.0830,-0.0480,294.091090,42.491459,15.932
7303287,K01353.01,Kepler-289 c,CONFIRMED,CANDIDATE,1.0000,0,0,0,0,125.865401910,5.7320000e-05,-5.7320000e-05,236.6597310,3.240000e-04,-3.240000e-04,0.1010,0.0140,-0.1010,9.01910,0.01500,-0.01500,1.2390e+04,2.450e+01,-2.450e+01,12.37,1.940e+00,-1.570e+00,394.0,,,5.71,2.49,-1.70,544.70,1,q1_q17_dr25_tce,5933.00,107.00,-119.00,4.342,0.115,-0.115,1.1150,0.1740,-0.1420,297.465330,42.882839,13.956
7303287,K01353.02,Kepler-289 b,CONFIRMED,CANDIDATE,1.0000,0,0,0,0,34.543945200,1.5520000e-04,-1.5520000e-04,132.6845300,3.550000e-03,-3.550000e-03,0.8700,0.0130,-0.6030,3.48200,0.11100,-0.11100,4.2980e+02,2.030e+01,-2.030e+01,2.67,4.200e-01,-3.400e-01,607.0,,,32.02,13.94,-9.53,23.40,2,q1_q17_dr25_tce,5933.00,107.00,-119.00,4.342,0.115,-0.115,1.1150,0.1740,-0.1420,297.465330,42.882839,13.956
11512246,K00168.01,Kepler-23 c,CONFIRMED,CANDIDATE,1.0000,0,0,0,0,10.742417650,1.6200000e-05,-1.6200000e-05,133.2867000,1.250000e-03,-1.250000e-03,0.0340,0.2570,-0.0340,6.06330,0.03480,-0.03480,4.1520e+02,4.600e+00,-4.600e+00,3.06,1.900e-01,-1.200e-01,1008.0,,,243.94,47.22,-29.78,95.40,1,q1_q17_dr25_tce,5761.00,86.00,-69.00,4.091,0.018,-0.018,1.5180,0.0920,-0.0610,294.218930,49.479221,13.438
8916492,K01414.01,,FALSE POSITIVE,FALSE POSITIVE,0.0000,0,1,0,0,4.023789080,1.5930000e-05,-1.5930000e-05,136.2341100,3.360000e-03,-3.360000e-03,0.7150,0.0430,-0.5140,3.23700,0.13000,-0.13000,3.2100e+01,1.100e+00,-1.100e+00,2.24,3.700e-01,-1.100e+00,2504.0,,,9293.19,4734.83,-7290.56,36.10,1,q1_q17_dr25_tce,7516.00,207.00,-337.00,3.651,0.450,-0.079,3.6850,0.6030,-1.8100,301.261440,45.104893,10.083
11193447,K01415.01,,FALSE POSITIVE,FALSE POSITIVE,,0,0,0,0,0.312941621,5.2000000e-08,-5.2000000e-08,133.8105010,1.400000e-04,-1.400000e-04,1.1789,0.2281,-0.0683,2.06460,0.01210,-0.01210,3.5262e+04,1.280e+02,-1.280e+02,58.02,3.193e+01,-8.750e+00,3151.0,,,23300.36,39528.62,-8925.63,413.90,,,6286.00,183.00,-241.00,4.312,0.119,-0.303,1.1880,0.6540,-0.1790,293.381530,48.824760,13.397
11517719,K01416.01,Kepler-840 b,CONFIRMED,FALSE POSITIVE,0.9200,0,1,0,0,2.495780169,1.8180000e-06,-1.8180000e-06,135.3369480,6.030000e-04,-6.030000e-04,0.1330,0.0580,-0.1330,4.27210,0.02750,-0.02750,2.5070e+04,1.720e+02,-1.720e+02,15.75,4.700e+00,-2.020e+00,1408.0,,,929.47,813.58,-303.75,171.40,1,q1_q17_dr25_tce,6039.00,163.00,-181.00,4.426,0.087,-0.203,0.9920,0.2960,-0.1270,296.507390,49.457291,14.152
11599264,K01417.01,,FALSE POSITIVE,FALSE POSITIVE,0.0000,0,1,0,0,8.428090255,3.5220000e-06,-3.5220000e-06,358.3034690,2.940000e-04,-2.940000e-04,6.7870,52.6400,-0.3420,1.88100,0.01460,-0.01460,1.1356e+04,7.460e+01,-7.460e+01,517.43,1.453e+02,-4.563e+01,817.0,,,105.54,91.45,-28.75,183.00,1,q1_q17_dr25_tce,5761.00,189.00,-189.00,4.573,0.033,-0.187,0.8050,0.2260,-0.0710,284.988860,49.626060,15.977
11100657,K01418.01,,FALSE POSITIVE,FALSE POSITIVE,0.0000,0,1,0,0,8.344104633,6.0230000e-06,-6.0230000e-06,361.8392090,4.920000e-04,-4.920000e-04,10.0470,49.4300,-1.7940,1.80140,0.02770,-0.02770,9.6950e+03,1.300e+02,-1.300e+02,836.31,1.986e+02,-7.984e+01,785.0,,,89.55,66.52,-25.45,89.70,1,q1_q17_dr25_tce,5447.00,179.00,-179.00,4.559,0.038,-0.162,0.8380,0.1990,-0.0800,298.760620,48.600182,15.734
6620003,K01225.01,,CANDIDATE,CANDIDATE,0.0000,0,0,0,0,1.714274727,1.1200000e-07,-1.1200000e-07,133.3158074,5.260000e-05,-5.260000e-05,1.1820,0.0460,-0.0650,2.06728,0.00291,-0.00291,2.8460e+04,3.450e+01,-3.450e+01,25.00,9.800e-01,-1.210e+00,827.0,,,110.02,15.32,-16.26,987.20,1,q1_q17_dr25_tce,3874.00,52.00,-58.00,4.715,0.030,-0.015,0.5350,0.0210,-0.0260,295.622220,42.092880,15.686
6621116,K01226.01,,FALSE POSITIVE,FALSE POSITIVE,0.0000,0,1,0,0,137.759605040,3.3520000e-05,-3.3520000e-05,173.1647600,1.900000e-04,-1.900000e-04,0.7760,0.0090,-0.0080,9.17130,0.01490,-0.01490,8.3298e+04,1.380e+02,-1.380e+02,49.52,7.750e+00,-1.804e+01,396.0,,,5.81,2.42,-3.60,885.90,1,q1_q17_dr25_tce,5323.00,79.00,-79.00,4.085,0.376,-0.094,1.4520,0.2270,-0.5290,295.866910,42.062672,15.324
6629332,K01227.01,,FALSE POSITIVE,FALSE POSITIVE,0.0000,0,1,0,0,2.155278342,1.0090000e-06,-1.0090000e-06,133.5761090,3.940000e-04,-3.940000e-04,0.9260,3.8780,-0.0810,2.10640,0.02480,-0.02480,2.0739e+04,1.820e+02,-1.820e+02,16.89,3.930e+00,-1.570e+00,1272.0,,,620.67,428.23,-162.39,142.70,1,q1_q17_dr25_tce,5665.00,152.00,-152.00,4.568,0.038,-0.152,0.8200,0.1910,-0.0760,297.707120,42.047371,13.997
6387450,K01228.01,,FALSE POSITIVE,FALSE POSITIVE,0.0000,0,1,0,0,3.661326482,7.1500000e-07,-7.1500000e-07,135.2699500,1.650000e-04,-1.650000e-04,0.8120,0.0040,-0.0050,2.57140,0.01300,-0.01300,1.7846e+04,6.110e+01,-6.110e+01,12.07,1.660e+00,-1.500e+00,1023.0,,,258.60,122.50,-82.86,424.60,1,q1_q17_dr25_tce,5319.00,175.00,-159.00,4.501,0.100,-0.100,0.7980,0.1100,-0.0990,298.091710,41.794128,14.349
12252424,K00153.02,Kepler-113 b,CONFIRMED,CANDIDATE,1.0000,0,0,0,0,4.754000720,2.8460000e-06,-2.8460000e-06,128.5471550,4.950000e-04,-4.950000e-04,0.6720,0.0040,-0.5070,2.53940,0.02190,-0.02190,7.4870e+02,6.000e+00,-6.000e+00,2.00,1.400e-01,-6.000e-02,775.0,,,85.23,20.48,-11.28,141.40,1,q1_q17_dr25_tce,4728.00,94.00,-94.00,4.628,0.012,-0.048,0.6930,0.0490,-0.0210,287.997890,50.944328,13.461
6432059,K01229.01,,FALSE POSITIVE,FALSE POSITIVE,,1,0,0,0,0.769738170,,,133.2965754,,,,,,2.50000,,,,,,,,,,,,,,,,1,q1_q17_dr24_tce,,,,,,,,,,288.039890,41.818359,14.840
6470149,K01230.01,,FALSE POSITIVE,FALSE POSITIVE,1.0000,0,1,0,0,165.739861000,1.7660000e-04,-1.7660000e-04,214.0394660,8.440000e-04,-8.440000e-04,0.2630,0.0560,-0.1140,24.93930,0.07470,-0.07470,7.3434e+03,1.580e+01,-1.580e+01,57.54,3.590e+00,-1.003e+01,692.0,,,54.10,9.47,-20.16,527.80,1,q1_q17_dr25_tce,5019.00,51.00,-103.00,2.990,0.018,-0.016,6.8360,0.4260,-1.1920,298.948150,41.812149,12.263
10549562,K01294.01,,FALSE POSITIVE,FALSE POSITIVE,0.0000,0,1,1,1,9.089378260,2.3250000e-05,-2.3250000e-05,139.0836400,1.920000e-03,-1.920000e-03,0.9820,0.1020,-0.0180,6.25500,0.15300,-0.15300,7.7980e+02,1.450e+01,-1.450e+01,5.35,1.640e+00,-7.000e-01,1104.0,,,351.45,318.04,-124.81,72.70,1,q1_q17_dr25_tce,6739.00,187.00,-258.00,4.332,0.065,-0.182,1.2750,0.3910,-0.1680,297.116000,47.737949,14.408
10874614,K00017.01,Kepler-6 b,CONFIRMED,CANDIDATE,0.9870,0,0,0,0,3.234699282,1.1900000e-07,-1.1900000e-07,121.4865708,2.920000e-05,-2.920000e-05,0.0790,0.0030,-0.0580,3.59385,0.00078,-0.00078,1.0559e+04,4.200e+00,-4.200e+00,13.06,9.600e-01,-9.600e-01,1356.0,,,797.62,197.63,-160.80,3003.80,1,q1_q17_dr25_tce,5640.00,113.00,-101.00,4.236,0.055,-0.045,1.2910,0.0950,-0.0950,296.837250,48.239944,13.303
6541920,K00157.03,Kepler-11 e,CONFIRMED,CANDIDATE,1.0000,0,0,0,0,31.995524850,3.1090000e-05,-3.1090000e-05,154.1607450,7.580000e-04,-7.580000e-04,0.6900,0.1390,-0.4650,4.28170,0.04850,-0.04850,1.3761e+03,1.120e+01,-1.120e+01,4.12,2.700e-01,-2.600e-01,582.0,,,27.17,6.19,-5.07,128.00,1,q1_q17_dr25_tce,5657.00,113.00,-101.00,4.364,0.055,-0.045,1.0460,0.0680,-0.0680,297.115110,41.909142,13.709
10666230,K01295.01,,FALSE POSITIVE,FALSE POSITIVE,0.0030,0,1,0,0,1.577800747,1.2930000e-06,-1.2930000e-06,133.3077240,6.950000e-04,-6.950000e-04,1.3320,4.1120,-0.1010,2.16260,0.03610,-0.03610,6.9770e+02,1.050e+01,-1.050e+01,31.24,8.250e+00,-2.770e+00,1513.0,,,1236.23,961.61,-326.59,79.60,1,q1_q17_dr25_tce,6089.00,164.00,-182.00,4.566,0.044,-0.187,0.8020,0.2120,-0.0710,292.089050,47.929642,15.031
10971674,K01296.01,,FALSE POSITIVE,FALSE POSITIVE,0.5650,0,1,0,0,2.380862632,1.1600000e-07,-1.1600000e-07,135.3252117,4.050000e-05,-4.050000e-05,0.6640,0.0010,-0.0010,4.20416,0.00330,-0.00330,3.2634e+04,1.570e+01,-1.570e+01,21.65,6.010e+00,-4.350e+00,1480.0,,,1133.00,924.29,-493.38,2590.60,1,q1_q17_dr25_tce,5821.00,158.00,-176.00,4.297,0.190,-0.190,1.1290,0.3130,-0.2270,289.790770,48.448139,13.802
6891543,K01354.01,,FALSE POSITIVE,FALSE POSITIVE,0.0000,0,0,1,1,1.752567456,3.1380000e-06,-3.1380000e-06,134.4719600,1.560000e-03,-1.560000e-03,1.2180,0.6640,-0.0570,5.49930,0.07900,-0.07900,6.0730e+02,7.900e+00,-7.900e+00,26.56,7.310e+00,-3.360e+00,1502.0,,,1202.54,974.06,-390.75,92.20,1,q1_q17_dr25_tce,5739.00,156.00,-173.00,4.433,0.081,-0.189,0.9960,0.2740,-0.1260,298.805450,42.395840,14.449
7211141,K01355.01,Kepler-827 b,CONFIRMED,CANDIDATE,0.9950,0,0,0,0,51.929206540,9.5980000e-05,-9.5980000e-05,151.9332100,1.500000e-03,-1.500000e-03,0.3980,0.4120,-0.2230,5.26370,0.06220,-0.06220,3.4258e+03,4.870e+01,-4.870e+01,8.49,1.400e+00,-1.860e+00,574.0,,,25.60,11.23,-10.82,81.80,1,q1_q17_dr25_tce,5671.00,85.00,-77.00,4.128,0.196,-0.098,1.4420,0.2370,-0.3160,294.966060,42.708569,15.897
7363829,K01356.01,,CANDIDATE,CANDIDATE,,0,0,0,0,384.025706820,,,335.8161690,,,,,,14.56000,,,,,,,,,,,,,,,,,,,,,,,,,,,292.119900,42.931679,15.206
6719086,K01357.01,,CANDIDATE,CANDIDATE,1.0000,0,0,0,0,3.014330766,5.5000000e-06,-5.5000000e-06,357.3794800,1.250000e-03,-1.250000e-03,0.0100,0.4250,-0.0100,2.47470,0.04140,-0.04140,9.7530e+02,1.970e+01,-1.970e+01,2.87,6.000e-01,-3.500e-01,1124.0,,,377.79,254.90,-125.22,57.30,1,q1_q17_dr25_tce,5209.00,183.00,-183.00,4.446,0.092,-0.138,0.9530,0.1980,-0.1160,298.459530,42.187431,15.673
7376983,K01358.01,Kepler-1987 d,CONFIRMED,CANDIDATE,1.0000,0,0,0,0,5.644914154,8.7780000e-06,-8.7780000e-06,356.7369900,1.100000e-03,-1.100000e-03,0.4450,0.0370,-0.4450,2.25990,0.04330,-0.04330,1.3979e+03,2.440e+01,-2.440e+01,2.66,2.500e-01,-1.800e-01,744.0,,,72.38,27.67,-18.17,63.90,1,q1_q17_dr25_tce,4769.00,172.00,-172.00,4.622,0.024,-0.060,0.7140,0.0680,-0.0490,295.825500,42.943390,15.505
5084942,K00161.01,Kepler-475 b,CONFIRMED,CANDIDATE,1.0000,0,0,0,0,3.105507835,1.1490000e-06,-1.1490000e-06,133.2104270,3.110000e-04,-3.110000e-04,0.7990,0.0010,-0.5610,1.74580,0.02240,-0.02240,9.0460e+02,6.000e+00,-6.000e+00,2.68,1.700e-01,-1.000e-01,980.0,,,217.91,47.94,-32.46,178.60,1,q1_q17_dr25_tce,4989.00,90.00,-110.00,4.585,0.012,-0.064,0.7910,0.0520,-0.0280,287.051730,40.211552,13.341
11125936,K01419.01,,FALSE POSITIVE,FALSE POSITIVE,0.0000,0,1,1,0,1.336109338,5.1000000e-07,-5.1000000e-07,178.2587860,3.000000e-04,-3.000000e-04,1.2800,4.3240,-0.1230,1.74190,0.01710,-0.01710,2.2043e+03,1.810e+01,-1.810e+01,35.19,1.095e+01,-4.370e+00,1727.0,,,2106.49,1968.59,-692.49,150.00,1,q1_q17_dr25_tce,6119.00,183.00,-201.00,4.460,0.070,-0.210,0.9670,0.3010,-0.1200,285.411960,48.725231,15.507
11026304,K01420.01,,CANDIDATE,CANDIDATE,1.0000,0,0,0,0,13.351512480,1.6160000e-05,-1.6160000e-05,363.0867420,8.330000e-04,-8.330000e-04,0.5730,0.0260,-0.4260,3.60450,0.04640,-0.04640,3.3088e+03,3.560e+01,-3.560e+01,4.44,3.700e-01,-4.000e-01,585.0,,,27.77,9.65,-7.90,107.90,1,q1_q17_dr25_tce,4843.00,173.00,-173.00,4.562,0.054,-0.041,0.7540,0.0620,-0.0680,290.112700,48.577782,15.825
11342550,K01421.01,,CANDIDATE,CANDIDATE,,0,0,0,0,1693.663622500,0.0000000e+00,0.0000000e+00,524.2799500,2.100000e-03,-2.100000e-03,0.5283,0.0596,-0.1892,22.60400,0.32300,-0.32300,9.5153e+03,9.900e+01,-9.900e+01,10.23,4.540e+00,-1.020e+00,157.0,,,0.14,0.19,-0.04,122.80,,,5923.00,161.00,-193.00,4.445,0.056,-0.299,1.0210,0.4530,-0.1020,287.650450,49.156052,15.305
11497958,K01422.01,Kepler-296 c,CONFIRMED,CANDIDATE,1.0000,0,0,0,0,5.841636615,9.8410000e-06,-9.8410000e-06,135.9231500,1.320000e-03,-1.320000e-03,0.0260,0.4050,-0.0260,1.87340,0.04670,-0.04670,1.3363e+03,3.700e+01,-3.700e+01,1.38,1.700e-01,-2.100e-01,446.0,,,9.38,3.49,-3.20,41.10,1,q1_q17_dr25_tce,3526.00,71.00,-78.00,4.866,0.066,-0.044,0.3830,0.0480,-0.0580,286.540010,49.437328,15.921
11497958,K01422.02,Kepler-296 d,CONFIRMED,CANDIDATE,1.0000,0,0,0,0,19.850294950,5.5250000e-05,-5.5250000e-05,133.6493300,2.160000e-03,-2.160000e-03,0.2170,0.2450,-0.2170,2.84070,0.07410,-0.07410,1.6075e+03,5.070e+01,-5.070e+01,1.52,1.900e-01,-2.300e-01,297.0,,,1.83,0.68,-0.62,34.40,2,q1_q17_dr25_tce,3526.00,71.00,-78.00,4.866,0.066,-0.044,0.3830,0.0480,-0.0580,286.540010,49.437328,15.921
11512246,K00168.02,Kepler-23 d,CONFIRMED,CANDIDATE,1.0000,0,0,0,0,15.274438890,3.9610000e-05,-3.9610000e-05,147.5798300,2.090000e-03,-2.090000e-03,0.1530,0.2270,-0.1530,6.07650,0.06040,-0.06040,2.0670e+02,5.300e+00,-5.300e+00,2.17,1.300e-01,-9.000e-02,896.0,,,152.62,29.55,-18.63,40.30,2,q1_q17_dr25_tce,5761.00,86.00,-69.00,4.091,0.018,-0.018,1.5180,0.0920,-0.0610,294.218930,49.479221,13.438
6462874,K01231.01,,FALSE POSITIVE,FALSE POSITIVE,0.0000,0,0,1,1,22.342936930,8.3740000e-05,-8.3740000e-05,155.0855200,3.340000e-03,-3.340000e-03,0.0010,0.3640,-0.0010,7.08130,0.09890,-0.09890,2.6911e+03,6.650e+01,-6.650e+01,2.92,2.200e-01,-3.000e-01,399.0,,,6.01,1.73,-1.78,35.30,1,q1_q17_dr25_tce,4260.00,115.00,-140.00,4.663,0.060,-0.024,0.5800,0.0440,-0.0600,297.335630,41.890480,15.719
6665223,K01232.01,,FALSE POSITIVE,FALSE POSITIVE,0.0000,0,1,0,0,119.408171590,6.6060000e-05,-6.6060000e-05,232.6493030,4.660000e-04,-4.660000e-04,0.9150,0.0130,-0.0110,9.35370,0.03570,-0.03570,1.8563e+04,5.500e+01,-5.500e+01,16.26,1.310e+00,-1.300e+00,328.0,,,2.72,0.72,-0.59,508.40,1,q1_q17_dr25_tce,5316.00,106.00,-106.00,4.477,0.077,-0.056,0.8720,0.0700,-0.0700,281.742610,42.123081,14.427
6545358,K01233.01,,FALSE POSITIVE,FALSE POSITIVE,0.0000,0,1,1,0,1.171536413,9.8400000e-07,-9.8400000e-07,178.5975810,7.080000e-04,-7.080000e-04,0.9730,0.4800,-0.0220,1.58780,0.04410,-0.04410,1.1327e+03,2.120e+01,-2.120e+01,7.12,1.980e+00,-1.060e+00,2387.0,,,7673.20,6470.36,-3292.52,67.00,1,q1_q17_dr25_tce,7021.00,219.00,-406.00,4.275,0.078,-0.182,1.4850,0.4110,-0.2210,297.884370,41.931252,15.634
6390824,K01234.01,,FALSE POSITIVE,FALSE POSITIVE,0.0000,0,0,1,0,0.973547911,1.6000000e-06,-1.6000000e-06,133.4974200,1.480000e-03,-1.480000e-03,1.0970,1.7570,-0.0540,2.28580,0.08090,-0.08090,4.3570e+02,1.390e+01,-1.390e+01,11.52,3.280e+00,-1.030e+00,1814.0,,,2556.60,2160.30,-718.87,38.70,1,q1_q17_dr25_tce,6084.00,171.00,-214.00,4.542,0.048,-0.192,0.8630,0.2460,-0.0770,298.794980,41.759769,15.460
6546528,K01235.01,,FALSE POSITIVE,FALSE POSITIVE,0.0000,0,1,1,1,3.053563251,6.1070000e-06,-6.1070000e-06,133.8835400,1.770000e-03,-1.770000e-03,1.2080,5.7290,-0.1130,3.25510,0.08390,-0.08390,5.0840e+02,1.220e+01,-1.220e+01,21.79,5.100e+00,-1.820e+00,1171.0,,,444.16,308.00,-109.57,50.40,1,q1_q17_dr25_tce,5764.00,155.00,-155.00,4.548,0.040,-0.160,0.8630,0.2020,-0.0720,298.135250,41.951050,14.598
10676923,K01297.01,,FALSE POSITIVE,FALSE POSITIVE,0.0000,0,0,1,1,1.031096352,2.7960000e-06,-2.7960000e-06,133.9393800,2.140000e-03,-2.140000e-03,0.9790,0.1750,-0.0540,2.78100,0.17100,-0.17100,2.6540e+02,1.020e+01,-1.020e+01,2.36,8.000e-01,-2.700e-01,2020.0,,,3954.46,3947.60,-1250.43,37.80,1,q1_q17_dr25_tce,6371.00,176.00,-220.00,4.426,0.056,-0.224,1.0720,0.3630,-0.1210,296.148770,47.934872,15.131
10604335,K01298.01,Kepler-283 b,CONFIRMED,CANDIDATE,1.0000,0,0,0,0,11.008176350,1.7010000e-05,-1.7010000e-05,143.2261100,1.290000e-03,-1.290000e-03,0.0250,0.4080,-0.0250,2.01300,0.04360,-0.04360,1.4625e+03,4.000e+01,-4.000e+01,2.15,1.000e-01,-1.100e-01,488.0,,,13.39,2.48,-2.37,42.10,1,q1_q17_dr25_tce,4141.00,83.00,-91.00,4.684,0.022,-0.025,0.5820,0.0270,-0.0300,293.613710,47.839001,15.847
10604335,K01298.02,Kepler-283 c,CONFIRMED,CANDIDATE,0.0000,0,0,0,0,92.749577700,6.9420000e-04,-6.9420000e-04,173.2797500,5.430000e-03,-5.430000e-03,0.0190,0.4220,-0.0190,5.50600,0.19100,-0.19100,1.1051e+03,6.510e+01,-6.510e+01,1.87,8.000e-02,-1.000e-01,240.0,,,0.78,0.15,-0.14,18.00,2,q1_q17_dr25_tce,4141.00,83.00,-91.00,4.684,0.022,-0.025,0.5820,0.0270,-0.0300,293.613710,47.839001,15.847
10864656,K01299.01,Kepler-432 b,CONFIRMED,CANDIDATE,0.9810,0,0,0,0,52.500864500,1.4650000e-04,-1.4650000e-04,171.5211400,2.220000e-03,-2.220000e-03,0.1100,0.2540,-0.1100,14.90660,0.07810,-0.07810,9.4670e+02,9.200e+00,-9.200e+00,12.41,6.100e-01,-1.530e+00,812.0,,,102.94,15.40,-28.44,116.20,1,q1_q17_dr25_tce,4976.00,54.00,-74.00,3.331,0.008,-0.009,4.1570,0.2050,-0.5130,293.282200,48.285900,12.183
10975146,K01300.01,Kepler-808 b,CONFIRMED,CANDIDATE,1.0000,0,0,0,0,0.631331710,3.4100000e-07,-3.4100000e-07,133.9448800,3.990000e-04,-3.990000e-04,0.7260,0.0020,-0.5190,1.14870,0.01860,-0.01860,4.3450e+02,6.000e+00,-6.000e+00,1.20,9.000e-02,-1.000e-01,1322.0,,,726.72,212.51,-196.53,95.80,1,q1_q17_dr25_tce,4441.00,133.00,-146.00,4.710,0.056,-0.032,0.5300,0.0380,-0.0460,291.594090,48.445610,14.285
10538176,K01301.01,Kepler-284 b,CONFIRMED,CANDIDATE,1.0000,0,0,0,0,12.699050110,4.3070000e-05,-4.3070000e-05,184.9868000,2.910000e-03,-2.910000e-03,0.6630,0.2680,-0.4420,2.98990,0.08910,-0.08910,7.9740e+02,2.950e+01,-2.950e+01,2.62,2.200e-01,-1.700e-01,686.0,,,52.55,12.92,-9.27,30.40,1,q1_q17_dr25_tce,5291.00,84.00,-73.00,4.489,0.058,-0.065,0.8820,0.0720,-0.0590,293.146480,47.729649,15.824
7376983,K01358.02,Kepler-1987 e,CONFIRMED,CANDIDATE,0.9990,0,0,0,0,8.742920050,3.3110000e-05,-3.3110000e-05,358.5928600,2.660000e-03,-2.660000e-03,0.0250,0.4160,-0.0250,2.62770,0.08460,-0.08460,7.7950e+02,2.820e+01,-2.820e+01,1.92,1.800e-01,-1.300e-01,643.0,,,40.33,15.41,-10.13,30.70,2,q1_q17_dr25_tce,4769.00,172.00,-172.00,4.622,0.024,-0.060,0.7140,0.0680,-0.0490,295.825500,42.943390,15.505
7376983,K01358.03,Kepler-1987 c,CONFIRMED,CANDIDATE,1.0000,0,0,0,0,3.648301830,1.6210000e-05,-1.6210000e-05,355.3912800,3.070000e-03,-3.070000e-03,0.0630,0.3960,-0.0620,1.99850,0.09290,-0.09290,3.7170e+02,2.100e+01,-2.100e+01,1.33,1.200e-01,-9.000e-02,860.0,,,129.44,49.47,-32.50,19.90,3,q1_q17_dr25_tce,4769.00,172.00,-172.00,4.622,0.024,-0.060,0.7140,0.0680,-0.0490,295.825500,42.943390,15.505
7376983,K01358.04,Kepler-1987 b,CONFIRMED,CANDIDATE,0.9330,0,0,0,0,2.345863002,9.5500000e-06,-9.5500000e-06,354.1118500,2.640000e-03,-2.640000e-03,0.0350,0.4380,-0.0350,1.67950,0.08860,-0.08860,3.1670e+02,1.840e+01,-1.840e+01,1.23,1.100e-01,-9.000e-02,997.0,,,233.38,89.19,-58.60,19.60,4,q1_q17_dr25_tce,4769.00,172.00,-172.00,4.622,0.024,-0.060,0.7140,0.0680,-0.0490,295.825500,42.943390,15.505
6946199,K01359.01,Kepler-1744 b,CONFIRMED,CANDIDATE,1.0000,0,0,0,0,37.101141800,1.1870000e-04,-1.1870000e-04,370.4803000,2.020000e-03,-2.020000e-03,0.4100,0.4730,-0.2250,5.55560,0.07880,-0.07880,1.3575e+03,2.740e+01,-2.740e+01,3.19,8.800e-01,-3.500e-01,532.0,,,18.95,15.73,-6.00,55.20,2,q1_q17_dr25_tce,5986.00,179.00,-215.00,4.527,0.060,-0.192,0.8500,0.2340,-0.0940,291.020690,42.462440,15.229
6946199,K01359.02,,CANDIDATE,CANDIDATE,1.0000,0,0,0,0,104.820586800,2.3290000e-04,-2.3290000e-04,374.8315400,1.500000e-03,-1.500000e-03,0.9180,0.0060,-0.0100,4.47940,0.08780,-0.08780,3.9201e+03,7.560e+01,-7.560e+01,6.45,1.780e+00,-7.100e-01,376.0,,,4.74,3.94,-1.50,76.60,1,q1_q17_dr25_tce,5986.00,179.00,-215.00,4.527,0.060,-0.192,0.8500,0.2340,-0.0940,291.020690,42.462440,15.229
11497958,K01422.03,Kepler-296 b,CONFIRMED,CANDIDATE,0.9850,0,0,0,0,10.864409500,4.8840000e-05,-4.8840000e-05,131.1283300,3.470000e-03,-3.470000e-03,0.7630,0.0150,-0.5510,1.85300,0.11900,-0.11900,7.4870e+02,5.140e+01,-5.140e+01,1.14,1.500e-01,-1.700e-01,363.0,,,4.09,1.53,-1.39,16.80,3,q1_q17_dr25_tce,3526.00,71.00,-78.00,4.866,0.066,-0.044,0.3830,0.0480,-0.0580,286.540010,49.437328,15.921
11177707,K01423.01,Kepler-841 b,CONFIRMED,CANDIDATE,1.0000,0,0,0,0,124.419717500,3.4910000e-04,-3.4910000e-04,150.5961600,1.930000e-03,-1.930000e-03,0.0170,0.3900,-0.0170,3.71970,0.08200,-0.08200,4.1070e+03,1.180e+02,-1.180e+02,10.30,1.770e+00,-5.300e+00,416.0,,,7.07,3.19,-5.52,39.90,1,q1_q17_dr25_tce,5066.00,70.00,-90.00,3.974,0.569,-0.100,1.6590,0.2850,-0.8540,284.251310,48.809608,15.740
11611600,K01424.01,Kepler-842 b,CONFIRMED,CANDIDATE,1.0000,0,0,0,0,1.219568047,1.0740000e-06,-1.0740000e-06,133.4602330,7.410000e-04,-7.410000e-04,0.0670,0.3970,-0.0670,1.56810,0.02600,-0.02600,4.9490e+02,9.100e+00,-9.100e+00,1.51,1.700e-01,-1.000e-01,1252.0,,,578.96,211.93,-132.79,65.90,1,q1_q17_dr25_tce,4838.00,130.00,-145.00,4.625,0.027,-0.059,0.7010,0.0760,-0.0470,292.328580,49.653542,15.127
11254382,K01425.01,Kepler-843 b,CONFIRMED,CANDIDATE,1.0000,0,0,0,0,2.053884770,3.3560000e-06,-3.3560000e-06,133.7343200,1.260000e-03,-1.260000e-03,0.2820,0.1900,-0.2820,2.16350,0.04450,-0.04450,5.4670e+02,1.270e+01,-1.270e+01,2.74,4.200e-01,-4.600e-01,1523.0,,,1271.11,511.98,-438.49,50.00,1,q1_q17_dr25_tce,5632.00,76.00,-76.00,4.282,0.156,-0.104,1.1760,0.1800,-0.1980,296.321990,48.971481,15.269
11122894,K01426.01,Kepler-297 b,CONFIRMED,CANDIDATE,1.0000,0,0,0,0,38.868489560,7.8430000e-05,-7.8430000e-05,171.3036900,1.630000e-03,-1.630000e-03,0.0280,0.3340,-0.0280,6.05730,0.05250,-0.05250,1.0049e+03,1.510e+01,-1.510e+01,2.81,3.100e-01,-2.500e-01,509.0,,,15.89,5.30,-3.76,73.40,3,q1_q17_dr25_tce,5618.00,112.00,-112.00,4.460,0.081,-0.090,0.8970,0.0990,-0.0810,283.209170,48.777641,14.232
6677841,K01236.01,Kepler-279 c,CONFIRMED,CANDIDATE,0.0860,0,0,0,0,35.735361600,1.2240000e-04,-1.2240000e-04,151.1133000,2.770000e-03,-2.770000e-03,0.8780,0.0510,-0.6130,8.49100,0.21400,-0.21400,7.7880e+02,1.410e+01,-1.410e+01,5.47,9.200e-01,-1.220e+00,774.0,,,84.66,39.48,-37.28,58.40,2,q1_q17_dr25_tce,6366.00,116.00,-116.00,4.045,0.196,-0.098,1.6970,0.2850,-0.3800,287.391200,42.194832,13.659
6677841,K01236.02,Kepler-279 b,CONFIRMED,CANDIDATE,0.2420,0,0,0,0,12.309716790,4.7860000e-05,-4.7860000e-05,137.6840100,3.250000e-03,-3.250000e-03,0.8470,0.0370,-0.5980,6.74000,0.14900,-0.14900,3.9600e+02,9.300e+00,-9.300e+00,3.82,6.400e-01,-8.500e-01,1104.0,,,350.46,163.41,-154.35,45.90,1,q1_q17_dr25_tce,6366.00,116.00,-116.00,4.045,0.196,-0.098,1.6970,0.2850,-0.3800,287.391200,42.194832,13.659
6677841,K01236.03,Kepler-279 d,CONFIRMED,CANDIDATE,,0,0,0,0,54.420540700,2.8560000e-04,-2.8560000e-04,148.7047100,4.100000e-03,-4.100000e-03,0.9414,0.0211,-0.3167,8.55900,0.49900,-0.49900,5.9800e+02,1.560e+01,-1.560e+01,3.20,1.280e+00,-3.100e-01,574.0,,,25.60,29.32,-7.36,44.90,3,q1_q17_dr24_tce,6781.00,157.00,-230.00,4.422,0.051,-0.280,1.0670,0.4260,-0.1020,287.391200,42.194832,13.659
9970525,K00154.01,,FALSE POSITIVE,FALSE POSITIVE,,0,0,0,0,30.009089160,,,139.7064300,,,,,,3.15000,,,,,,,,,,,,,,,,,,,,,,,,,,,298.744230,46.830090,13.174
6531491,K01237.01,,FALSE POSITIVE,FALSE POSITIVE,0.0000,0,1,1,1,14.324072160,4.2890000e-05,-4.2890000e-05,364.3953700,2.200000e-03,-2.200000e-03,1.2920,65.4800,-0.2120,4.65770,0.09650,-0.09650,2.0539e+03,4.240e+01,-4.240e+01,38.86,1.237e+01,-4.420e+00,782.0,,,88.38,85.61,-29.03,58.00,1,q1_q17_dr25_tce,6022.00,190.00,-232.00,4.453,0.054,-0.216,1.0390,0.3310,-0.1180,294.589290,41.944382,15.609
6383821,K01238.01,Kepler-797 b,CONFIRMED,CANDIDATE,1.0000,0,0,0,0,27.072376550,8.9900000e-05,-8.9900000e-05,139.1127000,2.750000e-03,-2.750000e-03,0.0150,0.3850,-0.0150,6.95920,0.08710,-0.08710,5.1420e+02,1.360e+01,-1.360e+01,2.18,2.700e-01,-9.000e-02,605.0,,,31.58,10.05,-4.35,44.00,1,q1_q17_dr25_tce,5936.00,65.00,-94.00,4.501,0.016,-0.093,0.9650,0.1190,-0.0400,297.208950,41.781712,14.556
10538176,K01301.02,Kepler-284 c,CONFIRMED,CANDIDATE,1.0000,0,0,0,0,37.514212800,2.0070000e-04,-2.0070000e-04,189.3001500,4.260000e-03,-4.260000e-03,0.3660,0.0810,-0.3660,5.30300,0.12700,-0.12700,9.3500e+02,3.460e+01,-3.460e+01,2.68,2.200e-01,-1.800e-01,478.0,,,12.38,3.05,-2.18,28.90,2,q1_q17_dr25_tce,5291.00,84.00,-73.00,4.489,0.058,-0.065,0.8820,0.0720,-0.0590,293.146480,47.729649,15.824
10724369,K01302.01,Kepler-809 b,CONFIRMED,CANDIDATE,1.0000,0,0,0,0,55.639188200,2.0970000e-04,-2.0970000e-04,187.5504400,2.760000e-03,-2.760000e-03,0.8110,0.0620,-0.5530,7.31600,0.13100,-0.13100,8.5300e+02,2.010e+01,-2.010e+01,3.13,9.700e-01,-3.200e-01,478.0,,,12.33,11.39,-3.64,48.30,1,q1_q17_dr25_tce,5949.00,176.00,-193.00,4.493,0.050,-0.200,0.9620,0.2970,-0.0990,289.083650,48.018131,14.755
6541920,K00157.04,Kepler-11 f,CONFIRMED,CANDIDATE,0.9980,0,0,0,0,46.685620500,1.1200000e-04,-1.1200000e-04,225.0460400,1.790000e-03,-1.790000e-03,0.2170,0.1870,-0.2170,6.37940,0.06150,-0.06150,5.8880e+02,1.000e+01,-1.000e+01,2.52,1.600e-01,-1.600e-01,513.0,,,16.41,3.74,-3.06,59.00,5,q1_q17_dr25_tce,5657.00,113.00,-101.00,4.364,0.055,-0.045,1.0460,0.0680,-0.0680,297.115110,41.909142,13.709
10867062,K01303.01,,CANDIDATE,CANDIDATE,0.9980,0,0,0,0,34.296636300,2.2870000e-04,-2.2870000e-04,143.6672800,5.050000e-03,-5.050000e-03,0.7110,0.0340,-0.5130,19.71800,0.26700,-0.26700,6.9660e+02,1.190e+01,-1.190e+01,3.29,5.200e-01,-5.700e-01,584.0,,,27.60,11.53,-9.73,66.70,1,q1_q17_dr25_tce,5490.00,82.00,-74.00,4.263,0.174,-0.116,1.1670,0.1820,-0.2020,294.230070,48.204479,14.965
10744335,K01304.01,Kepler-810 b,CONFIRMED,CANDIDATE,0.9840,0,0,0,0,4.597266130,2.4590000e-05,-2.4590000e-05,136.4783700,4.190000e-03,-4.190000e-03,0.0330,0.4430,-0.0330,2.90900,0.13400,-0.13400,3.1300e+02,2.150e+01,-2.150e+01,1.69,5.300e-01,-1.700e-01,1105.0,,,352.40,335.20,-107.22,17.00,1,q1_q17_dr25_tce,5999.00,189.00,-210.00,4.494,0.052,-0.208,0.9590,0.3000,-0.1000,296.614870,48.082642,15.803
4860678,K01602.01,Kepler-1758 b,CONFIRMED,CANDIDATE,0.9930,0,0,0,0,9.977168760,8.0150000e-05,-8.0150000e-05,137.2361000,5.490000e-03,-5.490000e-03,0.0020,0.4480,-0.0020,5.90800,0.22000,-0.22000,2.5290e+02,1.270e+01,-1.270e+01,2.53,4.000e-01,-6.500e-01,1028.0,,,263.89,111.06,-125.08,21.80,1,q1_q17_dr25_tce,5557.00,83.00,-72.00,4.037,0.210,-0.090,1.6160,0.2540,-0.4130,297.796910,39.921371,14.943
5177104,K01603.01,Kepler-904 b,CONFIRMED,CANDIDATE,1.0000,0,0,0,0,3.021680070,8.5110000e-06,-8.5110000e-06,133.4724300,2.470000e-03,-2.470000e-03,0.3490,0.1100,-0.3490,2.82640,0.07460,-0.07460,1.7190e+02,6.000e+00,-6.000e+00,1.31,3.900e-01,-1.200e-01,1332.0,,,744.35,644.05,-215.39,32.90,1,q1_q17_dr25_tce,6201.00,169.00,-206.00,4.472,0.050,-0.200,0.9890,0.2910,-0.0970,288.822910,40.389050,14.429
7023960,K00187.01,,FALSE POSITIVE,FALSE POSITIVE,0.0000,0,1,0,0,30.882538697,3.8380000e-06,-3.8380000e-06,151.5295103,9.880000e-05,-9.880000e-05,0.1970,0.0260,-0.0460,5.37370,0.01030,-0.01030,2.4012e+04,2.330e+01,-2.330e+01,15.40,4.680e+00,-1.570e+00,593.0,,,29.12,26.00,-8.58,1266.20,1,q1_q17_dr25_tce,6014.00,163.00,-199.00,4.486,0.048,-0.204,0.9930,0.3020,-0.1010,288.729490,42.550880,14.857
10033279,K01604.01,,FALSE POSITIVE,FALSE POSITIVE,0.0000,0,0,1,0,72.491406800,1.6810000e-04,-1.6810000e-04,139.7785700,1.960000e-03,-1.960000e-03,0.9890,61.6600,-0.0240,3.61200,0.11100,-0.11100,1.0635e+03,3.210e+01,-3.210e+01,15.33,2.960e+00,-5.490e+00,700.0,,,56.76,33.07,-36.07,39.20,1,q1_q17_dr25_tce,5754.00,155.00,-173.00,3.639,0.280,-0.120,2.7580,0.5320,-0.9880,299.247500,46.951908,13.050
5009189,K01605.01,,FALSE POSITIVE,FALSE POSITIVE,0.0000,0,1,0,0,4.939130740,1.1090000e-05,-1.1090000e-05,135.0517200,1.920000e-03,-1.920000e-03,1.1670,69.4200,-0.1330,1.36200,0.10600,-0.10600,3.8290e+02,2.250e+01,-2.250e+01,24.03,7.150e+00,-4.400e+00,1182.0,,,461.47,411.31,-191.41,22.00,1,q1_q17_dr25_tce,5956.00,176.00,-193.00,4.324,0.132,-0.181,1.1700,0.3480,-0.2140,291.238830,40.163509,14.832
8230616,K01713.02,Kepler-316 b,CONFIRMED,CANDIDATE,1.0000,0,0,0,0,2.240486703,3.6660000e-06,-3.6660000e-06,137.8247700,1.370000e-03,-1.370000e-03,0.4610,0.4590,-0.2520,1.39880,0.04480,-0.04480,4.3630e+02,1.470e+01,-1.470e+01,1.22,7.000e-02,-6.000e-02,837.0,,,115.98,23.82,-19.09,33.80,1,q1_q17_dr25_tce,4198.00,83.00,-83.00,4.689,0.023,-0.028,0.5740,0.0320,-0.0280,290.826020,44.184109,15.224
9836959,K01715.01,Kepler-1766 b,CONFIRMED,CANDIDATE,0.8550,0,0,0,0,105.014577400,4.8520000e-04,-4.8520000e-04,228.9445500,3.700000e-03,-3.700000e-03,0.9540,0.0460,-0.6750,7.42600,0.31700,-0.31700,2.9600e+02,9.800e+00,-9.800e+00,2.29,3.200e-01,-2.800e-01,406.0,,,6.44,2.52,-1.88,33.90,1,q1_q17_dr25_tce,5868.00,105.00,-117.00,4.363,0.115,-0.103,1.0420,0.1440,-0.1290,294.277280,46.675282,12.900
9838949,K01716.01,Kepler-935 b,CONFIRMED,CANDIDATE,1.0000,0,0,0,0,4.880844560,1.4570000e-05,-1.4570000e-05,136.1958500,2.530000e-03,-2.530000e-03,0.2270,0.2130,-0.2270,2.55740,0.07470,-0.07470,3.4300e+02,1.240e+01,-1.240e+01,1.55,2.400e-01,-1.800e-01,879.0,,,141.00,71.39,-42.98,32.60,1,q1_q17_dr25_tce,4929.00,148.00,-148.00,4.481,0.105,-0.560,0.8610,0.1350,-0.0980,295.021670,46.619221,14.925
9895006,K01717.01,Kepler-936 b,CONFIRMED,CANDIDATE,0.9690,0,0,0,0,10.561372170,4.3400000e-05,-4.3400000e-05,133.7639600,3.390000e-03,-3.390000e-03,0.9630,0.0100,-0.6750,3.26450,0.09360,-0.09360,2.3840e+02,1.250e+01,-1.250e+01,2.43,6.600e-01,-4.500e-01,867.0,,,133.56,109.43,-54.29,21.70,1,q1_q17_dr25_tce,5610.00,166.00,-166.00,4.316,0.165,-0.182,1.1710,0.3190,-0.2130,293.577760,46.736340,14.581
9896558,K01718.01,Kepler-937 b,CONFIRMED,CANDIDATE,0.9640,0,0,0,0,67.669055400,4.0030000e-04,-4.0030000e-04,198.1942700,4.920000e-03,-4.920000e-03,0.3540,0.1080,-0.3540,9.55600,0.15500,-0.15500,9.6110e+02,2.740e+01,-2.740e+01,3.39,1.010e+00,-5.400e-01,495.0,,,14.24,12.83,-5.50,37.20,1,q1_q17_dr25_tce,6127.00,192.00,-213.00,4.356,0.128,-0.192,1.0800,0.3200,-0.1720,294.168820,46.714611,15.224
9589323,K01488.01,Kepler-861 b,CONFIRMED,CANDIDATE,1.0000,0,0,0,0,3.949627144,5.3000000e-06,-5.3000000e-06,134.6109600,1.130000e-03,-1.130000e-03,0.0490,0.3790,-0.0490,1.54850,0.03870,-0.03870,8.0720e+02,2.170e+01,-2.170e+01,2.32,2.900e-01,-2.200e-01,966.0,,,206.05,90.56,-56.01,45.10,1,q1_q17_dr25_tce,5155.00,170.00,-154.00,4.523,0.056,-0.084,0.8360,0.1040,-0.0780,292.353940,46.226280,15.623
9823487,K01489.01,Kepler-1753 b,CONFIRMED,CANDIDATE,1.0000,0,0,0,0,16.004603920,5.9950000e-05,-5.9950000e-05,140.4798100,3.010000e-03,-3.010000e-03,0.4900,0.0400,-0.4240,3.94750,0.08870,-0.08870,8.3190e+02,2.820e+01,-2.820e+01,2.24,3.200e-01,-1.600e-01,583.0,,,27.41,12.98,-6.54,34.30,1,q1_q17_dr25_tce,5180.00,155.00,-155.00,4.597,0.026,-0.097,0.7690,0.1110,-0.0560,288.236660,46.605919,15.554
9602514,K01490.01,,FALSE POSITIVE,FALSE POSITIVE,0.0000,0,0,1,1,3.556507370,1.3970000e-05,-1.3970000e-05,133.5183100,3.190000e-03,-3.190000e-03,0.0100,0.3020,-0.0100,8.54500,0.11200,-0.11200,2.9360e+02,4.600e+00,-4.600e+00,3.05,1.810e+00,-1.810e+00,1405.0,,,918.25,1705.28,-782.24,77.10,1,q1_q17_dr25_tce,4951.00,148.00,-133.00,3.876,0.682,-0.367,1.8430,1.0940,-1.0940,297.121860,46.221909,14.118
9726659,K01491.01,Kepler-862 b,CONFIRMED,CANDIDATE,1.0000,0,0,0,0,3.148661555,8.3040000e-06,-8.3040000e-06,356.9361200,1.700000e-03,-1.700000e-03,0.6520,0.0060,-0.5100,2.19780,0.05860,-0.05860,5.5050e+02,1.830e+01,-1.830e+01,2.15,4.000e-01,-2.900e-01,1097.0,,,342.76,206.87,-121.03,35.30,1,q1_q17_dr25_tce,5258.00,184.00,-184.00,4.458,0.112,-0.154,0.8730,0.1590,-0.1190,297.779270,46.492741,15.297
12108312,K01492.01,,FALSE POSITIVE,FALSE POSITIVE,0.0000,0,1,1,1,0.705448240,5.6700000e-07,-5.6700000e-07,133.8070630,6.570000e-04,-6.570000e-04,1.2000,0.2780,-0.1440,2.94230,0.04280,-0.04280,4.6240e+02,4.900e+00,-4.900e+00,20.03,4.830e+00,-1.940e+00,1868.0,,,2899.07,2069.34,-806.36,118.20,1,q1_q17_dr25_tce,5717.00,155.00,-172.00,4.564,0.042,-0.168,0.8260,0.1990,-0.0800,289.950780,50.657249,14.351
5371776,K01557.01,Kepler-304 b,CONFIRMED,CANDIDATE,1.0000,0,0,0,0,3.295701024,1.9210000e-06,-1.9210000e-06,133.9663330,4.600000e-04,-4.600000e-04,0.2670,0.2150,-0.2670,1.82680,0.02560,-0.02560,1.7457e+03,1.730e+01,-1.730e+01,2.81,2.000e-01,-1.000e-01,875.0,,,138.38,33.33,-19.77,114.70,1,q1_q17_dr25_tce,4723.00,94.00,-94.00,4.628,0.012,-0.045,0.6910,0.0490,-0.0250,294.441770,40.557590,14.840
5371776,K01557.02,Kepler-304 d,CONFIRMED,CANDIDATE,1.0000,0,0,0,0,9.653490160,1.4300000e-05,-1.4300000e-05,134.8555500,1.150000e-03,-1.150000e-03,0.1490,0.3050,-0.1490,2.90290,0.04380,-0.04380,1.3086e+03,2.240e+01,-2.240e+01,2.41,1.700e-01,-9.000e-02,611.0,,,32.98,7.94,-4.71,63.10,2,q1_q17_dr25_tce,4723.00,94.00,-94.00,4.628,0.012,-0.045,0.6910,0.0490,-0.0250,294.441770,40.557590,14.840
5371776,K01557.03,Kepler-304 c,CONFIRMED,CANDIDATE,1.0000,0,0,0,0,5.315954488,6.6380000e-06,-6.6380000e-06,132.4300200,1.020000e-03,-1.020000e-03,0.7180,0.0520,-0.4960,1.11650,0.03790,-0.03790,9.6590e+02,3.170e+01,-3.170e+01,2.33,1.700e-01,-8.000e-02,746.0,,,73.19,17.63,-10.45,37.70,3,q1_q17_dr25_tce,4723.00,94.00,-94.00,4.628,0.012,-0.045,0.6910,0.0490,-0.0250,294.441770,40.557590,14.840
9573539,K00180.01,Kepler-484 b,CONFIRMED,CANDIDATE,1.0000,0,0,0,0,10.045563770,1.5710000e-05,-1.5710000e-05,129.0937100,1.310000e-03,-1.310000e-03,0.0750,0.3590,-0.0750,3.20270,0.04450,-0.04450,6.7140e+02,1.170e+01,-1.170e+01,2.19,2.800e-01,-1.000e-01,766.0,,,81.61,29.84,-13.62,66.50,1,q1_q17_dr25_tce,5632.00,101.00,-124.00,4.554,0.019,-0.110,0.8530,0.1090,-0.0390,284.394290,46.249081,13.024
5371776,K01557.04,Kepler-304 e,CONFIRMED,CANDIDATE,1.0000,0,0,0,0,1.499144441,3.8380000e-06,-3.8380000e-06,133.0702200,2.100000e-03,-2.100000e-03,0.3310,0.1270,-0.3310,1.42590,0.07190,-0.07190,2.5890e+02,1.400e+01,-1.400e+01,1.09,8.000e-02,-4.000e-02,1137.0,,,395.06,95.17,-56.43,22.20,4,q1_q17_dr25_tce,4723.00,94.00,-94.00,4.628,0.012,-0.045,0.6910,0.0490,-0.0250,294.441770,40.557590,14.840
9886661,K01606.01,Kepler-905 b,CONFIRMED,CANDIDATE,1.0000,0,0,0,0,5.082748362,8.7120000e-06,-8.7120000e-06,133.2117600,1.570000e-03,-1.570000e-03,0.0630,0.3910,-0.0630,1.77320,0.04600,-0.04600,2.7670e+02,8.000e+00,-8.000e+00,1.40,1.700e-01,-5.000e-02,928.0,,,175.06,61.66,-26.43,40.90,1,q1_q17_dr25_tce,5430.00,97.00,-108.00,4.555,0.018,-0.108,0.8580,0.1050,-0.0350,290.051120,46.713371,13.984
5477805,K01607.01,,FALSE POSITIVE,FALSE POSITIVE,0.0000,0,0,1,0,5.006735760,1.5270000e-05,-1.5270000e-05,134.5423900,2.550000e-03,-2.550000e-03,0.5990,0.3100,-0.3780,1.93980,0.08080,-0.08080,1.9120e+02,8.800e+00,-8.800e+00,2.00,5.700e-01,-6.300e-01,1324.0,,,726.94,630.28,-429.08,26.60,1,q1_q17_dr25_tce,6116.00,191.00,-212.00,4.158,0.264,-0.176,1.3830,0.3940,-0.4330,298.962550,40.630661,13.518
10055126,K01608.01,Kepler-311 b,CONFIRMED,CANDIDATE,1.0000,0,0,0,0,9.176171670,3.4180000e-05,-3.4180000e-05,138.7139300,3.040000e-03,-3.040000e-03,0.1070,0.3240,-0.1070,4.26420,0.08970,-0.08970,2.0690e+02,6.500e+00,-6.500e+00,1.66,2.600e-01,-2.400e-01,960.0,,,200.99,89.44,-64.92,34.30,1,q1_q17_dr25_tce,5903.00,106.00,-117.00,4.300,0.150,-0.100,1.1560,0.1850,-0.1660,282.061280,47.085491,13.797
10055126,K01608.02,Kepler-311 c,CONFIRMED,CANDIDATE,0.9980,0,0,0,0,19.738399200,1.1720000e-04,-1.1720000e-04,133.2854400,4.990000e-03,-4.990000e-03,0.7320,0.0110,-0.5350,4.89400,0.13600,-0.13600,1.6810e+02,8.900e+00,-8.900e+00,1.61,2.600e-01,-2.300e-01,744.0,,,72.32,32.18,-23.36,20.30,2,q1_q17_dr25_tce,5903.00,106.00,-117.00,4.300,0.150,-0.100,1.1560,0.1850,-0.1660,282.061280,47.085491,13.797
5009743,K01609.01,Kepler-906 b,CONFIRMED,CANDIDATE,0.9960,0,0,0,0,41.698018600,1.4340000e-04,-1.4340000e-04,169.5754800,2.800000e-03,-2.800000e-03,0.0020,0.4070,-0.0020,5.70470,0.08390,-0.08390,4.4080e+02,1.160e+01,-1.160e+01,2.03,3.100e-01,-1.400e-01,537.0,,,19.61,8.20,-4.05,43.40,1,q1_q17_dr25_tce,5997.00,107.00,-131.00,4.466,0.048,-0.112,0.9710,0.1450,-0.0670,291.405550,40.125488,13.956
10015937,K01720.01,Kepler-1767 b,CONFIRMED,CANDIDATE,0.9990,0,0,0,0,59.658534800,5.5780000e-04,-5.5780000e-04,168.0876400,6.030000e-03,-6.030000e-03,0.9560,0.0030,-0.6750,5.51400,0.35300,-0.35300,1.0438e+03,5.580e+01,-5.580e+01,3.59,3.000e-01,-1.700e-01,393.0,,,5.66,1.41,-0.81,21.20,1,q1_q17_dr25_tce,5243.00,84.00,-73.00,4.547,0.028,-0.077,0.8310,0.0690,-0.0400,293.644170,46.989761,15.742
10019065,K01721.01,Kepler-938 b,CONFIRMED,CANDIDATE,1.0000,0,0,0,0,52.629854200,3.2810000e-04,-3.2810000e-04,155.6106400,5.690000e-03,-5.690000e-03,0.3110,0.1470,-0.3110,6.11800,0.16600,-0.16600,6.7580e+02,2.910e+01,-2.910e+01,3.68,5.500e-01,-1.360e+00,544.0,,,20.65,8.40,-12.90,27.20,1,q1_q17_dr25_tce,5339.00,88.00,-72.00,4.096,0.368,-0.092,1.4330,0.2120,-0.5310,294.789150,46.983990,15.004
7950644,K00192.01,Kepler-427 b,CONFIRMED,CANDIDATE,0.9910,0,0,0,0,10.290994129,1.0040000e-06,-1.0040000e-06,137.0220594,8.170000e-05,-8.170000e-05,0.0490,0.0100,-0.0490,4.28889,0.00281,-0.00281,9.6557e+03,8.900e+00,-8.900e+00,13.43,2.010e+00,-3.020e+00,996.0,,,233.08,92.10,-100.23,1245.70,1,q1_q17_dr25_tce,5803.00,78.00,-78.00,4.134,0.201,-0.093,1.3730,0.2060,-0.3080,288.254580,43.704868,14.221
10080248,K01722.01,Kepler-939 b,CONFIRMED,CANDIDATE,0.8200,0,0,0,0,14.878394500,1.3470000e-04,-1.3470000e-04,142.9684100,6.420000e-03,-6.420000e-03,0.7490,0.1940,-0.5340,7.49100,0.20200,-0.20200,3.2280e+02,1.610e+01,-1.610e+01,1.63,4.900e-01,-1.600e-01,692.0,,,54.19,47.65,-15.35,22.90,1,q1_q17_dr25_tce,5822.00,157.00,-174.00,4.557,0.036,-0.204,0.8370,0.2510,-0.0840,293.865600,47.026829,15.534
10213902,K01723.01,Kepler-940 b,CONFIRMED,CANDIDATE,0.9920,0,0,0,0,59.622262700,3.0770000e-04,-3.0770000e-04,138.1380500,4.220000e-03,-4.220000e-03,0.8730,0.0170,-0.5990,6.88800,0.15900,-0.15900,9.9340e+02,3.550e+01,-3.550e+01,3.63,9.700e-01,-4.100e-01,486.0,,,13.23,10.44,-4.21,31.90,1,q1_q17_dr25_tce,6108.00,168.00,-210.00,4.471,0.058,-0.173,0.9970,0.2660,-0.1140,294.241300,47.275982,15.517
9842906,K01493.01,,FALSE POSITIVE,FALSE POSITIVE,0.0000,0,0,1,1,4.988387300,3.0440000e-05,-3.0440000e-05,358.2352600,4.440000e-03,-4.440000e-03,0.9440,0.0180,-0.6270,9.05900,0.49000,-0.49000,5.0760e+02,1.370e+01,-1.370e+01,3.28,1.050e+00,-4.200e-01,1236.0,,,550.52,520.66,-192.58,42.40,1,q1_q17_dr25_tce,6418.00,179.00,-246.00,4.395,0.054,-0.216,1.1710,0.3750,-0.1500,296.441800,46.616711,15.447
11821363,K01494.01,Kepler-1754 b,CONFIRMED,CANDIDATE,0.9940,0,0,0,0,8.195966470,3.9980000e-05,-3.9980000e-05,136.6873600,4.270000e-03,-4.270000e-03,0.2520,0.1980,-0.2520,2.82400,0.13000,-0.13000,7.9280e+02,4.590e+01,-4.590e+01,2.04,1.300e-01,-1.900e-01,672.0,,,48.20,14.22,-13.82,20.20,1,q1_q17_dr25_tce,4723.00,167.00,-167.00,4.557,0.063,-0.032,0.7470,0.0460,-0.0690,295.457150,50.077171,15.858
7629518,K01495.01,Kepler-863 b,CONFIRMED,CANDIDATE,0.9990,0,0,0,0,15.594660450,4.2280000e-05,-4.2280000e-05,137.5636000,2.270000e-03,-2.270000e-03,0.2660,0.1610,-0.2660,5.04780,0.06990,-0.06990,8.6770e+02,2.020e+01,-2.020e+01,2.74,8.800e-01,-2.900e-01,718.0,,,62.88,60.30,-18.94,49.20,1,q1_q17_dr25_tce,5900.00,176.00,-193.00,4.500,0.052,-0.208,0.9290,0.2970,-0.0990,297.664520,43.248959,15.430
10810838,K00174.01,Kepler-482 b,CONFIRMED,CANDIDATE,0.9990,0,0,0,0,56.354079160,9.7560000e-05,-9.7560000e-05,144.8376800,1.360000e-03,-1.360000e-03,0.8350,0.0470,-0.5720,3.44490,0.06610,-0.06610,1.0370e+03,2.020e+01,-2.020e+01,2.59,1.000e-01,-1.600e-01,352.0,,,3.63,0.61,-0.69,59.40,1,q1_q17_dr25_tce,4802.00,96.00,-96.00,4.582,0.049,-0.017,0.7010,0.0270,-0.0440,296.822910,48.107552,13.779
4828341,K01496.01,,FALSE POSITIVE,FALSE POSITIVE,0.0000,0,1,0,0,36.128954510,4.4070000e-05,-4.4070000e-05,388.5513180,8.130000e-04,-8.130000e-04,1.4740,70.2800,-1.1540,2.23480,0.04420,-0.04420,3.7586e+03,6.880e+01,-6.880e+01,53.72,1.567e+01,-6.710e+00,546.0,,,21.05,18.40,-7.11,66.30,1,q1_q17_dr25_tce,5921.00,175.00,-211.00,4.484,0.065,-0.195,0.9120,0.2660,-0.1140,289.606780,39.938332,15.600
10019763,K01558.01,,FALSE POSITIVE,FALSE POSITIVE,0.0000,0,1,0,0,32.504563090,2.0970000e-05,-2.0970000e-05,365.3582950,4.690000e-04,-4.690000e-04,0.9270,0.0330,-0.0190,2.46570,0.03840,-0.03840,7.5896e+03,7.850e+01,-7.850e+01,10.68,3.310e+00,-1.180e+00,591.0,,,28.80,27.06,-9.31,148.10,1,q1_q17_dr25_tce,6132.00,192.00,-234.00,4.479,0.067,-0.202,0.9470,0.2930,-0.1050,295.046390,46.974590,15.134
9899280,K01559.01,,FALSE POSITIVE,FALSE POSITIVE,0.0000,0,1,1,1,1.332560589,2.1800000e-06,-2.1800000e-06,133.3831100,1.300000e-03,-1.300000e-03,0.0090,0.2430,-0.0090,4.24270,0.04520,-0.04520,5.6660e+02,6.300e+00,-6.300e+00,1.40,1.300e-01,-1.100e-01,1086.0,,,330.32,114.05,-81.13,108.80,1,q1_q17_dr25_tce,4489.00,134.00,-134.00,4.662,0.040,-0.036,0.6090,0.0570,-0.0470,295.185610,46.786709,15.036
8046659,K01560.01,,CANDIDATE,CANDIDATE,0.0000,0,0,0,0,31.569043540,2.2920000e-05,-2.2920000e-05,158.2998300,5.870000e-04,-5.870000e-04,0.9850,1.4150,-0.0380,2.63640,0.03000,-0.03000,4.2294e+03,4.480e+01,-4.480e+01,11.18,3.010e+00,-2.010e+00,575.0,,,25.83,21.00,-10.42,113.60,1,q1_q17_dr25_tce,5654.00,169.00,-169.00,4.387,0.132,-0.182,0.9980,0.2690,-0.1790,297.419650,43.876579,15.042
4940438,K01561.01,,FALSE POSITIVE,FALSE POSITIVE,0.0000,0,1,0,0,9.085904950,1.1740000e-05,-1.1740000e-05,182.0816200,1.130000e-03,-1.130000e-03,0.9780,4.8870,-0.0360,2.07180,0.05640,-0.05640,2.1213e+03,4.930e+01,-4.930e+01,6.28,1.520e+00,-8.200e-01,861.0,,,130.10,95.81,-44.05,50.50,1,q1_q17_dr25_tce,5931.00,177.00,-195.00,4.479,0.091,-0.169,0.8660,0.2100,-0.1130,296.033420,40.019611,15.549
5308663,K01562.01,,FALSE POSITIVE,FALSE POSITIVE,0.0000,0,0,0,1,0.784512952,1.6140000e-06,-1.6140000e-06,355.5726300,1.440000e-03,-1.440000e-03,1.2340,1.0010,-0.1740,2.46230,0.07650,-0.07650,5.8600e+02,1.580e+01,-1.580e+01,25.48,7.440e+00,-2.480e+00,1952.0,,,3432.93,3055.16,-1042.53,44.40,1,q1_q17_dr25_tce,5997.00,189.00,-231.00,4.522,0.050,-0.200,0.9040,0.2640,-0.0880,299.556000,40.456551,15.590
5474733,K01610.01,,FALSE POSITIVE,FALSE POSITIVE,0.0000,0,0,1,0,0.883778461,2.1660000e-06,-2.1660000e-06,133.6059900,1.950000e-03,-1.950000e-03,0.6050,0.3100,-0.3730,1.63390,0.06450,-0.06450,1.2010e+02,4.600e+00,-4.600e+00,1.09,3.200e-01,-1.400e-01,1934.0,,,3316.40,2839.69,-1070.18,31.70,1,q1_q17_dr25_tce,5975.00,161.00,-179.00,4.453,0.081,-0.189,0.9490,0.2770,-0.1190,298.394900,40.628910,14.063
10963065,K01612.01,Kepler-408 b,CONFIRMED,CANDIDATE,1.0000,0,0,0,0,2.465024332,5.4140000e-06,-5.4140000e-06,132.6812200,1.770000e-03,-1.770000e-03,0.5480,0.0130,-0.4640,1.26200,0.05840,-0.05840,3.0700e+01,1.600e+00,-1.600e+00,0.69,3.000e-02,-4.000e-02,1561.0,,,1406.11,239.86,-212.65,23.20,1,q1_q17_dr25_tce,6139.00,82.00,-82.00,4.291,0.033,-0.027,1.1940,0.0640,-0.0640,284.786190,48.423229,8.769
6268648,K01613.01,Kepler-907 b,CONFIRMED,CANDIDATE,1.0000,0,0,0,0,15.866247870,6.8130000e-05,-6.8130000e-05,141.0873400,3.230000e-03,-3.230000e-03,0.8580,0.0960,-0.5940,4.25000,0.09410,-0.09410,7.7300e+01,2.900e+00,-2.900e+00,1.31,6.000e-02,-5.000e-02,879.0,,,141.18,19.99,-18.50,28.40,1,q1_q17_dr25_tce,6099.00,79.00,-85.00,4.193,0.016,-0.018,1.3080,0.0540,-0.0540,285.476590,41.632717,11.049
10125352,K00021.01,,FALSE POSITIVE,FALSE POSITIVE,0.0000,0,1,1,0,4.288515468,1.0740000e-06,-1.0740000e-06,121.9726800,2.120000e-04,-2.120000e-04,1.2830,0.5940,-0.1800,2.29590,0.01070,-0.01070,3.4567e+03,1.440e+01,-1.440e+01,76.51,1.612e+01,-2.622e+01,1722.0,,,2081.57,1321.07,-1277.37,292.10,1,q1_q17_dr25_tce,6378.00,176.00,-176.00,3.878,0.315,-0.105,2.0020,0.4220,-0.6860,284.738590,47.169628,13.396
5357901,K00188.01,Kepler-425 b,CONFIRMED,CANDIDATE,0.9950,0,0,0,0,3.797018259,1.8700000e-07,-1.8700000e-07,133.5087760,4.090000e-05,-4.090000e-05,0.3210,0.0360,-0.0720,2.26080,0.00854,-0.00854,1.4431e+04,1.160e+01,-1.160e+01,10.07,7.500e-01,-4.700e-01,982.0,,,219.64,50.33,-32.59,1549.00,1,q1_q17_dr25_tce,5167.00,82.00,-82.00,4.527,0.040,-0.060,0.8480,0.0630,-0.0400,290.358030,40.567741,14.741
4278221,K01615.01,Kepler-908 b,CONFIRMED,CANDIDATE,1.0000,0,0,0,0,1.340596782,2.1130000e-06,-2.1130000e-06,132.2454900,1.300000e-03,-1.300000e-03,0.0070,0.4370,-0.0070,1.64840,0.04150,-0.04150,1.0750e+02,3.400e+00,-3.400e+00,1.16,2.000e-01,-9.000e-02,1783.0,,,2393.35,1122.81,-534.63,37.60,1,q1_q17_dr25_tce,5992.00,119.00,-119.00,4.385,0.054,-0.117,1.1250,0.1860,-0.0930,295.322510,39.376492,11.524
10214162,K01724.01,Kepler-941 b,CONFIRMED,CANDIDATE,1.0000,0,0,0,0,17.423935820,9.2800000e-05,-9.2800000e-05,148.8261400,5.150000e-03,-5.150000e-03,0.9270,0.0020,-0.6690,4.92900,0.14400,-0.14400,7.7090e+02,2.490e+01,-2.490e+01,3.29,1.040e+00,-4.100e-01,722.0,,,64.13,61.52,-22.23,33.20,1,q1_q17_dr25_tce,6018.00,189.00,-231.00,4.460,0.070,-0.210,0.9690,0.3060,-0.1220,294.326350,47.217609,15.601
10905746,K01725.01,Kepler-1651 b,CONFIRMED,CANDIDATE,1.0000,0,0,0,0,9.878646100,1.7420000e-05,-1.7420000e-05,138.4115900,1.980000e-03,-1.980000e-03,0.0190,0.4230,-0.0190,1.89150,0.04200,-0.04200,1.4727e+03,3.530e+01,-3.530e+01,1.60,1.800e-01,-2.100e-01,393.0,,,5.65,1.87,-1.77,49.20,1,q1_q17_dr25_tce,3609.00,72.00,-81.00,4.843,0.050,-0.055,0.4220,0.0460,-0.0560,283.628850,48.391003,13.496
8242434,K01726.01,Kepler-942 b,CONFIRMED,CANDIDATE,0.7480,0,0,0,0,44.964074580,7.4890000e-05,-7.4890000e-05,144.5600200,1.360000e-03,-1.360000e-03,0.1100,0.3690,-0.1100,4.98100,0.05420,-0.05420,8.1160e+02,1.040e+01,-1.040e+01,2.00,1.400e-01,-7.000e-02,379.0,,,4.89,1.17,-0.69,88.00,1,q1_q17_dr25_tce,4827.00,96.00,-96.00,4.615,0.012,-0.054,0.7290,0.0510,-0.0260,294.955110,44.149818,13.054
6185331,K01727.01,Kepler-943 b,CONFIRMED,CANDIDATE,0.9980,0,0,0,0,49.770090700,1.0680000e-04,-1.0680000e-04,159.9865800,1.800000e-03,-1.800000e-03,0.6550,0.0650,-0.2250,10.06500,0.18400,-0.18400,3.5292e+03,3.780e+01,-3.780e+01,5.12,1.240e+00,-4.100e-01,455.0,,,10.16,7.31,-2.55,109.80,1,q1_q17_dr25_tce,5774.00,155.00,-172.00,4.567,0.040,-0.160,0.8180,0.1990,-0.0660,284.273960,41.535019,15.640
11820830,K01728.01,,FALSE POSITIVE,FALSE POSITIVE,0.9940,0,1,0,0,12.731938500,2.4140000e-05,-2.4140000e-05,138.7314400,1.630000e-03,-1.630000e-03,1.2780,6.7420,-0.0720,4.41570,0.08930,-0.08930,1.1449e+04,1.960e+02,-1.960e+02,70.11,2.486e+01,-1.064e+01,1145.0,,,405.75,424.97,-156.02,69.90,1,q1_q17_dr25_tce,7238.00,201.00,-277.00,4.221,0.090,-0.210,1.5680,0.5560,-0.2380,295.216610,50.084332,12.087
11774387,K01497.01,,FALSE POSITIVE,FALSE POSITIVE,0.0000,0,1,1,1,0.520222869,1.0640000e-06,-1.0640000e-06,178.1484600,1.800000e-03,-1.800000e-03,0.5620,0.0150,-0.4700,1.22160,0.05920,-0.05920,2.6950e+02,1.180e+01,-1.180e+01,1.52,4.600e-01,-1.600e-01,2145.0,,,5038.49,4537.96,-1443.68,28.90,1,q1_q17_dr25_tce,5776.00,156.00,-173.00,4.527,0.038,-0.212,0.8890,0.2730,-0.0910,297.046510,49.970390,15.632
9636135,K01498.01,Kepler-864 b,CONFIRMED,CANDIDATE,0.9970,0,0,0,0,5.833761970,1.8160000e-05,-1.8160000e-05,138.7489200,2.600000e-03,-2.600000e-03,0.7420,0.1830,-0.5280,3.99880,0.08770,-0.08770,5.3290e+02,1.550e+01,-1.550e+01,2.98,8.800e-01,-3.500e-01,1143.0,,,403.49,350.26,-138.25,36.60,1,q1_q17_dr25_tce,6213.00,173.00,-259.00,4.387,0.060,-0.192,1.1950,0.3510,-0.1400,285.057100,46.320679,15.776
9636135,K01498.02,Kepler-864 c,CONFIRMED,CANDIDATE,0.9990,0,0,0,0,2.421503410,1.5970000e-05,-1.5970000e-05,133.8351700,5.000000e-03,-5.000000e-03,0.5500,0.4020,-0.3360,2.96500,0.16700,-0.16700,1.7150e+02,1.260e+01,-1.260e+01,1.62,4.700e-01,-1.900e-01,1532.0,,,1305.04,1132.86,-447.17,15.80,2,q1_q17_dr25_tce,6213.00,173.00,-259.00,4.387,0.060,-0.192,1.1950,0.3510,-0.1400,285.057100,46.320679,15.776
7841925,K01499.01,Kepler-865 b,CONFIRMED,CANDIDATE,1.0000,0,0,0,0,14.164000710,2.4670000e-05,-2.4670000e-05,140.5893400,1.340000e-03,-1.340000e-03,0.0270,0.3670,-0.0270,4.30310,0.04790,-0.04790,7.2810e+02,1.080e+01,-1.080e+01,2.35,5.100e-01,-3.400e-01,694.0,,,54.95,36.73,-19.42,71.50,1,q1_q17_dr25_tce,5440.00,162.00,-162.00,4.438,0.144,-0.192,0.8850,0.1930,-0.1290,297.724270,43.527431,14.480
7841925,K01499.02,,CANDIDATE,CANDIDATE,0.9440,0,0,0,0,0.840594032,4.4560000e-06,-4.4560000e-06,131.7410400,3.990000e-03,-3.990000e-03,0.0180,0.4420,-0.0180,1.40400,0.14300,-0.14300,4.9800e+01,5.300e+00,-5.300e+00,0.62,1.300e-01,-9.000e-02,1780.0,,,2368.31,1583.23,-836.95,11.60,3,q1_q17_dr25_tce,5440.00,162.00,-162.00,4.438,0.144,-0.192,0.8850,0.1930,-0.1290,297.724270,43.527431,14.480
7841925,K01499.03,Kepler-865 c,CONFIRMED,CANDIDATE,0.4640,0,0,0,0,6.209202070,4.7900000e-05,-4.7900000e-05,136.8793800,7.110000e-03,-7.110000e-03,0.2720,0.1890,-0.2720,2.63700,0.17000,-0.17000,1.0190e+02,9.200e+00,-9.200e+00,0.89,1.900e-01,-1.300e-01,914.0,,,164.98,110.29,-58.30,12.10,2,q1_q17_dr25_tce,5440.00,162.00,-162.00,4.438,0.144,-0.192,0.8850,0.1930,-0.1290,297.724270,43.527431,14.480
5219234,K01563.01,Kepler-305 b,CONFIRMED,CANDIDATE,1.0000,0,0,0,0,5.487114410,1.1030000e-05,-1.1030000e-05,356.0773000,1.450000e-03,-1.450000e-03,0.8120,0.0330,-0.5620,2.93000,0.06600,-0.06600,1.3286e+03,2.750e+01,-2.750e+01,3.24,2.100e-01,-1.600e-01,836.0,,,115.29,26.09,-19.15,51.90,1,q1_q17_dr25_tce,5103.00,101.00,-101.00,4.562,0.032,-0.048,0.7870,0.0510,-0.0390,299.224330,40.343182,15.812
5219234,K01563.02,Kepler-305 c,CONFIRMED,CANDIDATE,0.9990,0,0,0,0,8.290841670,3.1280000e-05,-3.1280000e-05,359.6366600,2.830000e-03,-2.830000e-03,0.9290,0.0210,-0.6790,3.61300,0.12900,-0.12900,1.0339e+03,3.230e+01,-3.230e+01,3.21,2.100e-01,-1.600e-01,728.0,,,66.47,15.04,-11.04,34.70,2,q1_q17_dr25_tce,5103.00,101.00,-101.00,4.562,0.032,-0.048,0.7870,0.0510,-0.0390,299.224330,40.343182,15.812
5219234,K01563.03,Kepler-305 e,CONFIRMED,CANDIDATE,1.0000,0,0,0,0,3.205396220,1.4010000e-05,-1.4010000e-05,354.6306900,3.320000e-03,-3.320000e-03,0.5120,0.0040,-0.4770,2.14300,0.09470,-0.09470,4.5360e+02,2.470e+01,-2.470e+01,1.70,1.100e-01,-8.000e-02,1000.0,,,236.11,53.42,-39.21,20.60,3,q1_q17_dr25_tce,5103.00,101.00,-101.00,4.562,0.032,-0.048,0.7870,0.0510,-0.0390,299.224330,40.343182,15.812
5219234,K01563.04,Kepler-305 d,CONFIRMED,CANDIDATE,1.0000,0,0,0,0,16.738690350,7.3960000e-05,-7.3960000e-05,359.4165500,3.130000e-03,-3.130000e-03,0.5780,0.3350,-0.3660,2.39800,0.10500,-0.10500,9.9680e+02,5.400e+01,-5.400e+01,2.56,1.600e-01,-1.300e-01,576.0,,,26.06,5.90,-4.33,20.40,4,q1_q17_dr25_tce,5103.00,101.00,-101.00,4.562,0.032,-0.048,0.7870,0.0510,-0.0390,299.224330,40.343182,15.812
12504988,K00181.01,,FALSE POSITIVE,FALSE POSITIVE,0.0030,0,1,0,0,5.093938816,5.3900000e-07,-5.3900000e-07,139.7178386,8.570000e-05,-8.570000e-05,0.6180,0.0050,-0.0050,3.93144,0.00781,-0.00781,2.5027e+04,2.790e+01,-2.790e+01,17.19,5.800e+00,-1.920e+00,1137.0,,,395.38,390.44,-125.99,1131.70,1,q1_q17_dr25_tce,6197.00,166.00,-222.00,4.449,0.056,-0.224,1.0350,0.3490,-0.1160,288.252840,51.417332,14.575
9015738,K01616.01,Kepler-909 b,CONFIRMED,CANDIDATE,0.9990,0,0,0,0,13.932915480,4.4590000e-05,-4.4590000e-05,139.4105800,2.580000e-03,-2.580000e-03,0.9080,0.0310,-0.6180,2.62390,0.07140,-0.07140,1.3160e+02,5.100e+00,-5.100e+00,1.66,2.900e-01,-1.900e-01,852.0,,,124.53,61.30,-35.53,28.90,1,q1_q17_dr25_tce,6026.00,121.00,-133.00,4.321,0.088,-0.121,1.2070,0.2100,-0.1400,289.506350,45.370998,11.538
7215603,K01618.01,Kepler-910 b,CONFIRMED,CANDIDATE,0.9120,0,0,0,0,2.364367620,1.8970000e-05,-1.8970000e-05,132.2500700,6.630000e-03,-6.630000e-03,0.1460,0.3170,-0.1460,3.37200,0.20200,-0.20200,2.8400e+01,2.700e+00,-2.700e+00,0.82,2.000e-02,-2.000e-02,1752.0,,,2228.09,203.74,-233.46,12.40,1,q1_q17_dr25_tce,6250.00,75.00,-82.00,4.184,0.013,-0.011,1.5430,0.0310,-0.0440,296.047360,42.743011,11.600
4276716,K01619.01,,CANDIDATE,CANDIDATE,1.0000,0,0,0,0,20.665437400,1.7850000e-04,-1.7850000e-04,132.0122900,6.510000e-03,-6.510000e-03,0.0500,0.4170,-0.0500,3.17200,0.21000,-0.21000,1.0040e+02,8.400e+00,-8.400e+00,0.66,3.000e-02,-4.000e-02,487.0,,,13.35,2.41,-2.34,13.60,1,q1_q17_dr25_tce,4830.00,96.00,-96.00,4.605,0.042,-0.021,0.6760,0.0300,-0.0370,294.990230,39.346378,11.759
5561278,K01621.01,Kepler-911 b,CONFIRMED,CANDIDATE,1.0000,0,0,0,0,20.310474720,6.1350000e-05,-6.1350000e-05,146.8253400,2.380000e-03,-2.380000e-03,0.0500,0.3560,-0.0500,5.33570,0.06760,-0.06760,1.6460e+02,4.100e+00,-4.100e+00,2.41,1.800e-01,-1.000e-01,931.0,,,177.81,40.33,-20.88,46.10,1,q1_q17_dr25_tce,6065.00,91.00,-72.00,3.970,0.011,-0.014,1.8770,0.1410,-0.0710,298.589200,40.750690,11.855
7287683,K01622.01,,CANDIDATE,CANDIDATE,0.8550,0,0,0,0,69.834798300,3.0610000e-04,-3.0610000e-04,168.7843600,3.720000e-03,-3.720000e-03,0.6720,0.2330,-0.4170,8.26200,0.10800,-0.10800,2.6660e+02,6.600e+00,-6.600e+00,3.51,9.200e-01,-7.600e-01,765.0,,,80.97,63.22,-38.95,46.80,1,q1_q17_dr25_tce,7732.00,214.00,-322.00,4.075,0.135,-0.165,2.0220,0.5330,-0.4360,293.548890,42.888859,12.020
6387542,K01626.01,Kepler-912 b,CONFIRMED,CANDIDATE,1.0000,0,0,0,0,2.534755680,7.4320000e-06,-7.4320000e-06,132.6802400,2.750000e-03,-2.750000e-03,0.8780,0.0170,-0.6220,4.57160,0.07060,-0.07060,4.6300e+02,1.020e+01,-1.020e+01,2.02,4.800e-01,-2.100e-01,1218.0,,,519.95,387.24,-152.89,51.30,1,q1_q17_dr25_tce,5662.00,186.00,-186.00,4.532,0.077,-0.143,0.8060,0.1920,-0.0820,298.111210,41.758331,15.341
8266276,K01731.01,,CANDIDATE,CANDIDATE,0.8090,0,0,0,0,2.594884430,1.0620000e-05,-1.0620000e-05,132.7565800,3.650000e-03,-3.650000e-03,0.8850,0.0800,-0.6380,1.68400,0.11200,-0.11200,5.9220e+02,4.640e+01,-4.640e+01,2.36,1.300e-01,-2.400e-01,1014.0,,,249.92,70.17,-72.49,14.90,1,q1_q17_dr25_tce,4748.00,172.00,-153.00,4.526,0.071,-0.038,0.7970,0.0430,-0.0800,301.469300,44.159649,15.720
6869184,K01732.01,Kepler-944 b,CONFIRMED,CANDIDATE,1.0000,0,0,0,0,43.316742700,2.3560000e-04,-2.3560000e-04,136.5743500,4.070000e-03,-4.070000e-03,0.0340,0.4120,-0.0340,4.99500,0.13700,-0.13700,9.8750e+02,4.180e+01,-4.180e+01,2.42,5.300e-01,-1.900e-01,459.0,,,10.47,7.01,-2.60,27.10,1,q1_q17_dr25_tce,5654.00,169.00,-169.00,4.590,0.036,-0.144,0.7740,0.1690,-0.0610,293.601260,42.379761,15.737
8396405,K01733.01,,CANDIDATE,CANDIDATE,0.9380,0,0,0,0,19.181095250,9.1540000e-05,-9.1540000e-05,141.3709700,3.640000e-03,-3.640000e-03,0.0070,0.4210,-0.0070,2.42400,0.10400,-0.10400,8.6540e+02,5.570e+01,-5.570e+01,1.72,9.000e-02,-1.000e-01,513.0,,,16.42,4.31,-3.51,17.60,1,q1_q17_dr25_tce,5214.00,172.00,-156.00,4.673,0.059,-0.027,0.5870,0.0310,-0.0340,301.085720,44.380192,15.730
10799735,K00193.01,,FALSE POSITIVE,FALSE POSITIVE,0.0000,0,1,0,0,37.590298548,5.1320000e-06,-5.1320000e-06,157.3503570,1.090000e-04,-1.090000e-04,0.3800,0.0180,-0.0280,4.38550,0.01210,-0.01210,1.9939e+04,2.650e+01,-2.650e+01,14.39,4.890e+00,-1.640e+00,573.0,,,25.53,26.05,-8.20,929.00,1,q1_q17_dr25_tce,6147.00,184.00,-220.00,4.463,0.058,-0.217,1.0030,0.3410,-0.1140,292.876160,48.195309,14.904
6604328,K01736.01,Kepler-945 b,CONFIRMED,CANDIDATE,1.0000,0,0,0,0,31.003307200,1.8950000e-04,-1.8950000e-04,143.2908500,4.080000e-03,-4.080000e-03,0.1510,0.2940,-0.1510,5.25300,0.14200,-0.14200,6.4520e+02,3.350e+01,-3.350e+01,2.72,7.200e-01,-3.100e-01,616.0,,,34.03,27.86,-11.22,22.10,1,q1_q17_dr25_tce,6090.00,193.00,-236.00,4.447,0.058,-0.173,1.0710,0.2860,-0.1220,291.269740,42.096039,15.898
9719634,K01500.01,,FALSE POSITIVE,FALSE POSITIVE,0.0000,0,0,1,1,3.351556891,7.2010000e-06,-7.2010000e-06,134.2843900,1.810000e-03,-1.810000e-03,0.1290,0.3420,-0.1290,2.40050,0.05700,-0.05700,3.4190e+02,1.040e+01,-1.040e+01,1.64,2.700e-01,-2.200e-01,1074.0,,,314.73,165.56,-106.17,38.80,1,q1_q17_dr25_tce,5185.00,155.00,-155.00,4.442,0.117,-0.143,0.9110,0.1500,-0.1230,295.525210,46.459431,14.815
7439316,K01501.01,Kepler-866 b,CONFIRMED,CANDIDATE,1.0000,0,0,0,0,2.617028373,6.5920000e-06,-6.5920000e-06,134.0329400,2.130000e-03,-2.130000e-03,0.1460,0.2910,-0.1460,2.04600,0.06580,-0.06580,4.9940e+02,1.900e+01,-1.900e+01,1.57,1.200e-01,-1.500e-01,996.0,,,233.23,71.71,-63.88,30.80,1,q1_q17_dr25_tce,4831.00,146.00,-146.00,4.568,0.065,-0.035,0.7240,0.0560,-0.0680,290.122310,43.085560,15.835
12061238,K01502.01,,FALSE POSITIVE,FALSE POSITIVE,0.0000,0,0,1,0,1.876406096,3.5590000e-06,-3.5590000e-06,133.1276100,1.610000e-03,-1.610000e-03,0.3020,0.3410,-0.3020,1.53100,0.23600,-0.23600,4.3380e+02,1.810e+01,-1.810e+01,1.57,2.200e-01,-1.400e-01,1192.0,,,476.68,228.59,-124.34,37.00,1,q1_q17_dr25_tce,5198.00,169.00,-154.00,4.600,0.030,-0.090,0.7590,0.1070,-0.0660,291.231140,50.567020,15.202
8323753,K00175.01,,FALSE POSITIVE,FALSE POSITIVE,0.0000,0,0,1,1,6.714256320,1.2680000e-05,-1.2680000e-05,134.3164600,1.630000e-03,-1.630000e-03,0.9650,0.0210,-0.6750,3.33900,0.13000,-0.13000,2.8350e+02,6.900e+00,-6.900e+00,5.76,9.100e-01,-2.130e+00,1565.0,,,1416.60,723.92,-918.61,46.50,1,q1_q17_dr25_tce,6093.00,183.00,-183.00,3.737,0.300,-0.100,2.6230,0.4160,-0.9700,299.078130,44.293789,13.488
12400538,K01503.01,Kepler-867 b,CONFIRMED,CANDIDATE,1.0000,0,0,0,0,150.241258200,5.4860000e-04,-5.4860000e-04,138.2901300,2.680000e-03,-2.680000e-03,0.3450,0.0730,-0.3450,10.84900,0.12600,-0.12600,2.3785e+03,3.720e+01,-3.720e+01,4.60,6.000e-01,-4.000e-01,327.0,,,2.72,1.04,-0.63,72.30,1,q1_q17_dr25_tce,5604.00,111.00,-111.00,4.451,0.076,-0.102,0.9430,0.1230,-0.0820,287.285310,51.249981,14.827
5184584,K01564.01,Kepler-891 b,CONFIRMED,CANDIDATE,0.9890,0,0,0,0,53.449444980,6.7010000e-05,-6.7010000e-05,149.2018500,1.030000e-03,-1.030000e-03,0.0920,0.2700,-0.0920,5.30910,0.04390,-0.04390,3.4370e+03,3.320e+01,-3.320e+01,5.82,1.490e+00,-5.000e-01,486.0,,,13.23,10.07,-3.61,119.50,1,q1_q17_dr25_tce,5919.00,162.00,-203.00,4.485,0.044,-0.187,1.0000,0.2570,-0.0860,291.083800,40.355251,15.287
5636648,K01565.01,,FALSE POSITIVE,FALSE POSITIVE,0.0000,0,1,1,1,0.466743525,2.1300000e-07,-2.1300000e-07,133.9711230,3.710000e-04,-3.710000e-04,1.1860,0.7740,-0.0820,1.39560,0.02160,-0.02160,7.9610e+02,8.300e+00,-8.300e+00,20.43,5.940e+00,-1.980e+00,2197.0,,,5480.92,4670.25,-1519.17,103.60,1,q1_q17_dr25_tce,5791.00,155.00,-172.00,4.549,0.036,-0.204,0.8560,0.2490,-0.0830,296.333190,40.896259,15.330
5564247,K01566.01,,FALSE POSITIVE,FALSE POSITIVE,0.0010,0,0,1,0,1.727177258,8.8260000e-06,-8.8260000e-06,355.3703300,3.590000e-03,-3.590000e-03,0.6760,0.2880,-0.4770,2.08100,0.12000,-0.12000,3.4740e+02,2.370e+01,-2.370e+01,1.42,2.500e-01,-1.100e-01,1250.0,,,576.55,329.25,-152.02,17.10,1,q1_q17_dr25_tce,5394.00,187.00,-187.00,4.622,0.035,-0.105,0.7200,0.1230,-0.0570,299.141420,40.725899,15.935
5438099,K01567.01,Kepler-306 c,CONFIRMED,CANDIDATE,1.0000,0,0,0,0,7.240224180,1.6740000e-05,-1.6740000e-05,355.0124300,1.750000e-03,-1.750000e-03,0.5070,0.3890,-0.3140,2.91530,0.05060,-0.05060,8.6490e+02,1.970e+01,-1.970e+01,2.14,1.400e-01,-8.000e-02,716.0,,,62.10,14.23,-9.37,48.20,1,q1_q17_dr25_tce,4955.00,100.00,-100.00,4.610,0.018,-0.046,0.7210,0.0470,-0.0290,288.538670,40.616150,15.565
5438099,K01567.02,Kepler-306 b,CONFIRMED,CANDIDATE,1.0000,0,0,0,0,4.646223830,1.6160000e-05,-1.6160000e-05,354.5886300,2.290000e-03,-2.290000e-03,0.8800,0.0420,-0.6250,2.51370,0.06420,-0.06420,4.4650e+02,1.740e+01,-1.740e+01,1.82,1.200e-01,-7.000e-02,830.0,,,112.18,25.69,-16.94,28.20,3,q1_q17_dr25_tce,4955.00,100.00,-100.00,4.610,0.018,-0.046,0.7210,0.0470,-0.0290,288.538670,40.616150,15.565
6543893,K01627.01,Kepler-913 b,CONFIRMED,CANDIDATE,1.0000,0,0,0,0,10.296740970,3.5920000e-05,-3.5920000e-05,132.1945300,3.190000e-03,-3.190000e-03,0.2980,0.1460,-0.2980,2.72920,0.07530,-0.07530,1.0118e+03,3.520e+01,-3.520e+01,5.75,9.500e-01,-1.300e+00,1129.0,,,384.86,165.50,-166.47,31.30,1,q1_q17_dr25_tce,6068.00,82.00,-82.00,4.040,0.182,-0.112,1.7970,0.2950,-0.4060,297.583130,41.952431,15.767
6543893,K01627.02,Kepler-913 c,CONFIRMED,CANDIDATE,0.9970,0,0,0,0,5.939190410,3.0610000e-05,-3.0610000e-05,353.7553700,3.670000e-03,-3.670000e-03,0.1070,0.3370,-0.1070,2.28500,0.11500,-0.11500,4.2450e+02,2.910e+01,-2.910e+01,3.70,6.100e-01,-8.400e-01,1357.0,,,801.92,344.85,-346.87,15.90,2,q1_q17_dr25_tce,6068.00,82.00,-82.00,4.040,0.182,-0.112,1.7970,0.2950,-0.4060,297.583130,41.952431,15.767
6975129,K01628.01,Kepler-312 c,CONFIRMED,CANDIDATE,1.0000,0,0,0,0,19.747339830,4.3160000e-05,-4.3160000e-05,147.1055300,1.710000e-03,-1.710000e-03,0.5950,0.0150,-0.4840,3.44440,0.06460,-0.06460,4.8070e+02,1.110e+01,-1.110e+01,2.62,4.600e-01,-1.500e-01,754.0,,,76.57,36.00,-14.39,47.10,1,q1_q17_dr25_tce,6243.00,99.00,-136.00,4.406,0.026,-0.136,1.1490,0.2010,-0.0670,298.395750,42.459751,12.949
11391018,K00189.01,Kepler-486 b,CONFIRMED,CANDIDATE,0.9820,0,0,0,0,30.360445359,4.6020000e-06,-4.6020000e-06,148.0915460,1.180000e-04,-1.180000e-04,0.3590,0.0200,-0.0200,6.01340,0.01330,-0.01330,2.1125e+04,2.190e+01,-2.190e+01,10.99,9.000e-01,-1.110e+00,459.0,,,10.47,3.34,-2.87,1126.20,1,q1_q17_dr25_tce,4939.00,148.00,-133.00,4.541,0.072,-0.044,0.7650,0.0630,-0.0770,284.879970,49.266991,14.388
8685497,K01629.01,Kepler-914 b,CONFIRMED,CANDIDATE,0.9950,0,0,0,0,4.409667500,1.1890000e-05,-1.1890000e-05,132.4500300,2.070000e-03,-2.070000e-03,0.8140,0.1200,-0.5790,2.14180,0.06260,-0.06260,1.3270e+02,5.800e+00,-5.800e+00,1.51,2.500e-01,-1.500e-01,1192.0,,,476.94,218.40,-120.73,26.40,1,q1_q17_dr25_tce,5836.00,104.00,-127.00,4.347,0.080,-0.120,1.1660,0.1930,-0.1130,290.411990,44.899330,13.574
4365645,K01738.01,Kepler-1671 b,CONFIRMED,CANDIDATE,0.9990,0,0,0,0,4.167878140,1.0730000e-05,-1.0730000e-05,135.2833400,2.060000e-03,-2.060000e-03,0.1680,0.2710,-0.1680,2.21360,0.06490,-0.06490,1.6810e+02,5.900e+00,-5.900e+00,1.07,1.000e-01,-4.000e-02,962.0,,,202.48,51.07,-27.58,32.90,1,q1_q17_dr25_tce,5251.00,73.00,-84.00,4.541,0.028,-0.083,0.8470,0.0750,-0.0340,291.748380,39.446880,13.293
7199906,K01739.01,,CANDIDATE,CANDIDATE,,0,0,0,0,220.656512530,,,172.4278591,,,,,,7.82000,,,,,,,,,,,,,,,,,,,,,,,,,,,291.650090,42.700779,15.129
8197343,K01746.01,Kepler-946 b,CONFIRMED,CANDIDATE,0.9980,0,0,0,0,11.791612340,5.3550000e-05,-5.3550000e-05,134.5406400,3.860000e-03,-3.860000e-03,0.0340,0.4040,-0.0340,3.03600,0.11000,-0.11000,4.1540e+02,2.260e+01,-2.260e+01,2.41,3.800e-01,-4.200e-01,857.0,,,127.75,52.51,-44.88,20.70,1,q1_q17_dr25_tce,5619.00,75.00,-75.00,4.264,0.162,-0.108,1.1990,0.1880,-0.2070,300.929600,44.028790,14.941
7032421,K01747.01,,FALSE POSITIVE,FALSE POSITIVE,1.0000,0,1,0,0,20.558483880,4.5730000e-05,-4.5730000e-05,133.0040100,1.890000e-03,-1.890000e-03,1.3340,70.5300,-3.7410,1.44900,0.10600,-0.10600,6.7730e+02,4.000e+01,-4.000e+01,36.90,4.890e+00,-2.090e+00,624.0,,,35.76,12.61,-5.79,20.80,1,q1_q17_dr25_tce,5578.00,75.00,-83.00,4.484,0.040,-0.112,0.9360,0.1240,-0.0530,291.418330,42.579819,14.792
6786348,K01749.01,Kepler-947 b,CONFIRMED,CANDIDATE,1.0000,0,0,0,0,26.964501000,1.5400000e-04,-1.5400000e-04,145.3442600,4.950000e-03,-4.950000e-03,0.0060,0.4300,-0.0060,3.79200,0.13100,-0.13100,6.0170e+02,3.470e+01,-3.470e+01,2.20,5.200e-01,-2.200e-01,573.0,,,25.56,18.08,-7.42,20.10,1,q1_q17_dr25_tce,5754.00,161.00,-182.00,4.534,0.042,-0.168,0.9050,0.2140,-0.0920,294.366730,42.252682,15.789
6209677,K01750.01,Kepler-948 b,CONFIRMED,CANDIDATE,0.9990,0,0,0,0,7.768456390,4.1110000e-05,-4.1110000e-05,138.0660200,4.030000e-03,-4.030000e-03,0.3530,0.1240,-0.3530,3.68900,0.12800,-0.12800,2.1780e+02,1.020e+01,-1.020e+01,1.35,1.500e-01,-1.000e-01,841.0,,,118.09,36.60,-21.63,23.60,1,q1_q17_dr25_tce,5447.00,81.00,-81.00,4.481,0.053,-0.098,0.9170,0.1020,-0.0630,293.300230,41.523338,14.800
9641018,K01504.01,,FALSE POSITIVE,FALSE POSITIVE,0.0000,0,1,1,1,2.178154348,2.5010000e-06,-2.5010000e-06,134.2030590,9.810000e-04,-9.810000e-04,1.2100,1.9920,-0.1120,3.48740,0.04770,-0.04770,4.2860e+02,5.500e+00,-5.500e+00,22.22,5.570e+00,-2.570e+00,1392.0,,,886.88,655.21,-272.41,93.00,1,q1_q17_dr25_tce,5947.00,159.00,-177.00,4.482,0.078,-0.182,0.8810,0.2210,-0.1020,288.014860,46.348949,14.070
9813499,K01505.01,Kepler-868 b,CONFIRMED,CANDIDATE,1.0000,0,0,0,0,5.032570090,2.3180000e-05,-2.3180000e-05,137.3263800,3.790000e-03,-3.790000e-03,0.9700,0.0250,-0.6800,4.21300,0.28500,-0.28500,4.3910e+02,1.720e+01,-1.720e+01,2.53,8.200e-01,-2.100e-01,1047.0,,,283.49,268.19,-76.36,26.30,1,q1_q17_dr25_tce,5970.00,161.00,-197.00,4.521,0.039,-0.221,0.9080,0.2930,-0.0780,282.363490,46.675240,15.695
12254792,K01506.01,Kepler-869 b,CONFIRMED,CANDIDATE,1.0000,0,0,0,0,40.428667600,1.8050000e-04,-1.8050000e-04,139.5063100,3.760000e-03,-3.760000e-03,0.8720,0.0540,-0.6180,7.10200,0.17900,-0.17900,9.1610e+02,2.510e+01,-2.510e+01,2.92,7.900e-01,-2.600e-01,494.0,,,14.08,10.99,-3.65,40.90,1,q1_q17_dr25_tce,5813.00,145.00,-160.00,4.561,0.035,-0.196,0.8330,0.2250,-0.0750,289.424590,50.994122,14.982
12020218,K01507.01,Kepler-870 b,CONFIRMED,CANDIDATE,1.0000,0,0,0,0,21.358823600,1.0940000e-04,-1.0940000e-04,135.0702200,4.150000e-03,-4.150000e-03,0.0920,0.3490,-0.0920,5.82300,0.11400,-0.11400,6.4010e+02,2.190e+01,-2.190e+01,2.52,8.000e-01,-2.700e-01,691.0,,,53.89,50.56,-16.95,33.20,1,q1_q17_dr25_tce,6170.00,170.00,-233.00,4.472,0.054,-0.216,0.9920,0.3160,-0.1050,295.402530,50.478630,15.259
7690844,K01508.01,Kepler-871 b,CONFIRMED,CANDIDATE,1.0000,0,0,0,0,22.045916300,1.1140000e-04,-1.1140000e-04,136.4754800,4.560000e-03,-4.560000e-03,0.8370,0.0640,-0.5960,5.22000,0.11800,-0.11800,8.0480e+02,2.980e+01,-2.980e+01,3.05,7.600e-01,-2.700e-01,640.0,,,39.69,29.86,-10.81,29.70,1,q1_q17_dr25_tce,5900.00,176.00,-193.00,4.509,0.042,-0.178,0.9510,0.2360,-0.0840,294.527130,43.368160,15.689
9535080,K01509.01,,FALSE POSITIVE,FALSE POSITIVE,0.0010,0,1,0,0,49.645623500,2.0590000e-04,-2.0590000e-04,153.0806000,3.330000e-03,-3.330000e-03,1.2360,6.1790,-0.5530,23.56800,0.17000,-0.17000,8.5750e+02,5.900e+00,-5.900e+00,43.41,9.920e+00,-1.090e+01,648.0,,,41.57,28.24,-20.69,176.50,1,q1_q17_dr25_tce,6273.00,170.00,-170.00,4.129,0.204,-0.136,1.4930,0.3410,-0.3750,295.263490,46.148022,12.385
5438099,K01567.03,Kepler-306 d,CONFIRMED,CANDIDATE,1.0000,0,0,0,0,17.326704450,7.3870000e-05,-7.3870000e-05,360.5083000,3.260000e-03,-3.260000e-03,0.7560,0.1540,-0.5170,4.26900,0.10000,-0.10000,8.0000e+02,2.450e+01,-2.450e+01,2.23,1.400e-01,-9.000e-02,535.0,,,19.38,4.44,-2.93,34.80,2,q1_q17_dr25_tce,4955.00,100.00,-100.00,4.610,0.018,-0.046,0.7210,0.0470,-0.0290,288.538670,40.616150,15.565
5438099,K01567.04,Kepler-306 e,CONFIRMED,CANDIDATE,0.9990,0,0,0,0,44.841116800,2.7810000e-04,-2.7810000e-04,359.8735900,4.190000e-03,-4.190000e-03,0.8640,0.0500,-0.6120,5.90200,0.13500,-0.13500,1.0516e+03,3.850e+01,-3.850e+01,2.75,1.800e-01,-1.100e-01,390.0,,,5.45,1.25,-0.82,28.90,4,q1_q17_dr25_tce,4955.00,100.00,-100.00,4.610,0.018,-0.046,0.7210,0.0470,-0.0290,288.538670,40.616150,15.565
5210475,K01568.01,,FALSE POSITIVE,FALSE POSITIVE,0.0000,0,0,1,0,1.008917105,2.1260000e-06,-2.1260000e-06,354.8592600,1.440000e-03,-1.440000e-03,0.5450,0.0170,-0.4700,1.45770,0.05230,-0.05230,3.3850e+02,1.160e+01,-1.160e+01,1.51,3.700e-01,-1.200e-01,1636.0,,,1698.88,1302.27,-446.95,34.20,1,q1_q17_dr25_tce,5708.00,189.00,-189.00,4.578,0.040,-0.160,0.7950,0.1950,-0.0650,297.503850,40.342972,15.360
8009350,K01569.01,Kepler-892 b,CONFIRMED,CANDIDATE,1.0000,0,0,0,0,13.752078510,3.4010000e-05,-3.4010000e-05,143.0324100,2.250000e-03,-2.250000e-03,0.8360,0.0680,-0.5920,2.88310,0.06880,-0.06880,1.2156e+03,3.720e+01,-3.720e+01,2.81,2.700e-01,-2.100e-01,556.0,,,22.57,7.64,-5.40,36.80,1,q1_q17_dr25_tce,4802.00,129.00,-144.00,4.616,0.032,-0.048,0.6990,0.0680,-0.0510,283.129640,43.888241,15.587
8082001,K01570.01,Kepler-893 b,CONFIRMED,CANDIDATE,1.0000,0,0,0,0,6.338559460,1.2730000e-05,-1.2730000e-05,354.8510400,1.460000e-03,-1.460000e-03,0.9070,0.0040,-0.6350,3.46170,0.08840,-0.08840,7.2170e+02,1.410e+01,-1.410e+01,3.31,1.090e+00,-3.700e-01,1034.0,,,270.47,272.24,-87.75,57.40,1,q1_q17_dr25_tce,6108.00,193.00,-236.00,4.466,0.056,-0.224,1.0300,0.3410,-0.1140,284.963040,43.913010,15.182
9017682,K01630.01,,CANDIDATE,CANDIDATE,0.9880,0,0,0,0,11.305079840,6.9310000e-05,-6.9310000e-05,138.1363800,5.090000e-03,-5.090000e-03,0.1950,0.2640,-0.1950,3.98900,0.15700,-0.15700,2.7840e+02,1.640e+01,-1.640e+01,1.40,3.900e-01,-1.300e-01,744.0,,,72.67,58.79,-20.24,19.50,1,q1_q17_dr25_tce,5705.00,152.00,-186.00,4.556,0.034,-0.195,0.8440,0.2330,-0.0780,290.259640,45.388409,15.152
9277896,K01632.01,Kepler-915 b,CONFIRMED,CANDIDATE,1.0000,0,0,0,0,4.594898160,1.5810000e-05,-1.5810000e-05,133.8399500,2.800000e-03,-2.800000e-03,0.9530,0.0230,-0.7190,3.13810,0.06560,-0.06560,1.0970e+02,4.700e+00,-4.700e+00,1.85,3.200e-01,-3.200e-01,1319.0,,,716.65,352.04,-269.03,27.70,1,q1_q17_dr25_tce,6056.00,121.00,-133.00,4.217,0.143,-0.117,1.3810,0.2400,-0.2400,290.592070,45.737141,13.298
9401997,K01633.01,Kepler-916 b,CONFIRMED,CANDIDATE,0.9770,0,0,0,0,32.296427500,3.0740000e-04,-3.0740000e-04,138.5261500,7.340000e-03,-7.340000e-03,0.2070,0.2480,-0.2070,4.56100,0.21400,-0.21400,4.7220e+02,3.050e+01,-3.050e+01,1.90,1.400e-01,-1.600e-01,503.0,,,15.14,3.48,-3.04,17.90,1,q1_q17_dr25_tce,5246.00,84.00,-73.00,4.470,0.078,-0.052,0.8910,0.0660,-0.0720,290.983310,45.973301,15.200
10686864,K01637.01,Kepler-917 b,CONFIRMED,CANDIDATE,1.0000,0,0,0,0,2.970418010,1.0690000e-05,-1.0690000e-05,133.3913600,2.970000e-03,-2.970000e-03,0.3790,0.0660,-0.3790,2.23690,0.08940,-0.08940,5.3070e+02,2.770e+01,-2.770e+01,1.70,2.200e-01,-1.300e-01,991.0,,,228.11,106.08,-60.69,22.40,1,q1_q17_dr25_tce,5068.00,179.00,-179.00,4.608,0.028,-0.077,0.7430,0.0960,-0.0590,299.051270,47.949280,15.759
10749128,K01639.02,,CANDIDATE,CANDIDATE,,0,0,0,0,9.982403600,1.7180000e-04,-1.7180000e-04,133.4485500,7.510000e-03,-7.510000e-03,0.8093,0.1425,-0.2453,1.09000,0.26600,-0.26600,8.3900e+01,1.730e+01,-1.730e+01,1.17,6.700e-01,-1.400e-01,966.0,,,205.65,358.67,-64.07,5.40,,,6273.00,153.00,-193.00,4.364,0.080,-0.325,1.1390,0.6590,-0.1330,297.900450,48.094700,13.538
11904734,K01764.01,,CANDIDATE,CANDIDATE,1.0000,0,0,0,0,12.681733929,6.7620000e-06,-6.7620000e-06,132.6825190,4.340000e-04,-4.340000e-04,0.9290,0.4100,-0.0280,1.68660,0.02830,-0.02830,5.8791e+03,7.250e+01,-7.250e+01,7.25,6.700e-01,-7.500e-01,601.0,,,30.84,10.18,-8.61,102.80,1,q1_q17_dr25_tce,4976.00,136.00,-136.00,4.577,0.071,-0.044,0.7010,0.0650,-0.0720,286.052800,50.256592,15.303
8043714,K01765.01,,FALSE POSITIVE,FALSE POSITIVE,0.0000,0,1,0,0,6.814984472,9.4000000e-07,-9.4000000e-07,134.2123910,1.200000e-04,-1.200000e-04,0.7930,0.0070,-0.0040,3.05409,0.00516,-0.00516,2.3915e+04,4.680e+01,-4.680e+01,14.18,3.260e+00,-1.100e+00,836.0,,,115.58,81.27,-28.44,742.20,1,q1_q17_dr25_tce,5465.00,164.00,-164.00,4.566,0.038,-0.152,0.8170,0.1880,-0.0630,296.660860,43.816441,15.981
7918217,K01770.01,,FALSE POSITIVE,FALSE POSITIVE,0.0000,0,1,1,1,63.935496500,5.1490000e-04,-5.1490000e-04,162.8465700,5.490000e-03,-5.490000e-03,1.2000,6.7770,-0.1020,13.32100,0.29300,-0.29300,1.2506e+03,2.610e+01,-2.610e+01,2637.60,5.502e+02,-8.253e+02,2590.0,,,10631.01,6296.13,-6035.27,57.60,1,q1_q17_dr25_tce,3626.00,79.00,-79.00,0.684,0.276,-0.184,97.4100,20.3200,-30.4790,299.602020,43.695995,10.880
10153011,K01773.01,,CANDIDATE,CANDIDATE,0.0000,0,0,0,0,83.097080210,8.0690000e-05,-8.0690000e-05,162.9357430,8.100000e-04,-8.100000e-04,0.9930,0.1350,-0.0770,9.26390,0.05720,-0.05720,1.5860e+04,7.800e+01,-7.800e+01,13.83,1.170e+00,-1.070e+00,329.0,,,2.78,0.95,-0.68,277.20,1,q1_q17_dr25_tce,5286.00,174.00,-158.00,4.627,0.070,-0.045,0.6360,0.0540,-0.0490,296.088200,47.142891,15.678
9631995,K00022.01,Kepler-422 b,CONFIRMED,CANDIDATE,0.9880,0,0,0,0,7.891448838,5.0600000e-07,-5.0600000e-07,177.2499624,5.030000e-05,-5.030000e-05,0.3060,0.0220,-0.0280,4.28540,0.00697,-0.00697,1.0345e+04,6.900e+00,-6.900e+00,12.63,2.130e+00,-1.420e+00,1028.0,,,263.54,114.26,-67.34,1955.10,1,q1_q17_dr25_tce,5972.00,72.00,-84.00,4.313,0.095,-0.116,1.2370,0.2090,-0.1390,282.629670,46.323360,13.435
11870545,K01510.01,,CANDIDATE,CANDIDATE,1.0000,0,0,0,0,0.839961456,1.3700000e-06,-1.3700000e-06,178.3540000,1.340000e-03,-1.340000e-03,0.5480,0.3630,-0.3350,1.30080,0.04560,-0.04560,4.9290e+02,1.740e+01,-1.740e+01,1.63,1.900e-01,-1.000e-01,1455.0,,,1066.37,411.01,-245.04,35.10,1,q1_q17_dr25_tce,4932.00,134.00,-149.00,4.618,0.025,-0.065,0.7180,0.0830,-0.0480,295.084230,50.114609,15.929
7901948,K01511.01,Kepler-872 b,CONFIRMED,CANDIDATE,1.0000,0,0,0,0,2.578852119,5.6960000e-06,-5.6960000e-06,133.2237000,1.840000e-03,-1.840000e-03,0.6250,0.0040,-0.4990,2.35810,0.05550,-0.05550,3.3430e+02,1.060e+01,-1.060e+01,1.63,4.700e-01,-1.400e-01,1230.0,,,540.56,456.93,-144.14,36.70,1,q1_q17_dr25_tce,5743.00,154.00,-171.00,4.553,0.035,-0.196,0.8530,0.2460,-0.0770,295.417450,43.605640,15.106
11955499,K01512.01,,FALSE POSITIVE,FALSE POSITIVE,0.0000,0,1,1,0,9.041891290,2.2120000e-05,-2.2120000e-05,137.8661100,1.860000e-03,-1.860000e-03,0.9670,0.0040,-0.6730,2.78900,0.23200,-0.23200,7.8340e+02,2.680e+01,-2.680e+01,3.24,4.800e-01,-2.300e-01,729.0,,,66.83,32.66,-15.54,34.50,1,q1_q17_dr25_tce,5237.00,157.00,-157.00,4.572,0.028,-0.112,0.8260,0.1240,-0.0570,286.887510,50.377071,14.880
6442377,K00176.01,Kepler-483 b,CONFIRMED,CANDIDATE,1.0000,0,0,0,0,30.229102740,7.3560000e-05,-7.3560000e-05,134.5208100,1.930000e-03,-1.930000e-03,0.7700,0.1180,-0.5280,6.67510,0.07370,-0.07370,4.4340e+02,7.000e+00,-7.000e+00,3.49,6.200e-01,-6.200e-01,755.0,,,76.88,37.74,-29.38,71.70,1,q1_q17_dr25_tce,6325.00,113.00,-138.00,4.188,0.125,-0.125,1.5180,0.2710,-0.2710,291.646760,41.884659,13.432
9784222,K01513.01,,FALSE POSITIVE,FALSE POSITIVE,0.0000,0,1,1,1,0.798200403,2.7500000e-07,-2.7500000e-07,133.9620790,3.920000e-04,-3.920000e-04,1.1930,1.1410,-0.1130,1.82610,0.01570,-0.01570,3.9680e+02,6.200e+00,-6.200e+00,24.03,6.970e+00,-2.500e+00,2128.0,,,4875.01,4150.09,-1450.05,65.90,1,q1_q17_dr25_tce,6258.00,169.00,-206.00,4.449,0.050,-0.200,1.0310,0.2990,-0.1070,296.988530,46.596882,14.613
5376836,K00182.01,,FALSE POSITIVE,FALSE POSITIVE,0.8760,0,1,0,0,3.479425638,2.8480000e-06,-2.8480000e-06,136.7971720,6.700000e-04,-6.700000e-04,0.6120,0.0660,-0.1350,3.44790,0.08840,-0.08840,1.9550e+04,2.060e+02,-2.060e+02,12.86,3.630e+00,-1.220e+00,1166.0,,,435.85,360.82,-119.01,123.30,1,q1_q17_dr25_tce,5907.00,158.00,-175.00,4.519,0.062,-0.188,0.8780,0.2480,-0.0830,295.671300,40.599060,14.041
5557821,K01571.01,,FALSE POSITIVE,FALSE POSITIVE,0.0010,0,0,1,0,2.928787040,1.0640000e-05,-1.0640000e-05,356.2869900,2.550000e-03,-2.550000e-03,1.2120,5.2510,-0.1420,4.63400,0.11500,-0.11500,5.4940e+02,1.310e+01,-1.310e+01,22.76,6.980e+00,-2.320e+00,1239.0,,,556.77,519.39,-167.24,47.70,1,q1_q17_dr25_tce,5955.00,187.00,-208.00,4.534,0.037,-0.212,0.8830,0.2710,-0.0900,297.829440,40.706779,15.148
10004519,K01572.01,Kepler-894 b,CONFIRMED,CANDIDATE,1.0000,0,0,0,0,9.803211430,2.8680000e-05,-2.8680000e-05,363.9868600,2.130000e-03,-2.130000e-03,0.6630,0.2320,-0.4380,4.46170,0.06840,-0.06840,8.1340e+02,1.740e+01,-1.740e+01,2.99,9.900e-01,-3.100e-01,896.0,,,152.12,152.65,-47.64,53.10,1,q1_q17_dr25_tce,6170.00,196.00,-240.00,4.472,0.054,-0.216,0.9920,0.3270,-0.1020,288.734070,46.939388,15.439
5031857,K01573.01,Kepler-1755 b,CONFIRMED,CANDIDATE,1.0000,0,0,0,0,24.810972060,1.9310000e-05,-1.9310000e-05,156.5069710,6.150000e-04,-6.150000e-04,0.0390,0.3500,-0.0390,3.22450,0.02970,-0.02970,2.0908e+03,1.850e+01,-1.850e+01,4.22,1.320e+00,-4.400e-01,631.0,,,37.43,35.14,-11.15,123.90,1,q1_q17_dr25_tce,6086.00,182.00,-200.00,4.511,0.052,-0.221,0.9210,0.2880,-0.0960,296.846160,40.138611,14.373
5031857,K01573.02,,CANDIDATE,CANDIDATE,1.0000,0,0,0,0,7.136922000,1.6320000e-05,-1.6320000e-05,131.7531700,1.850000e-03,-1.850000e-03,0.0720,0.3210,-0.0720,2.80050,0.04960,-0.04960,2.2160e+02,1.060e+01,-1.060e+01,1.38,4.300e-01,-1.500e-01,956.0,,,197.05,184.99,-58.72,23.70,2,q1_q17_dr25_tce,6086.00,182.00,-200.00,4.511,0.052,-0.221,0.9210,0.2880,-0.0960,296.846160,40.138611,14.373
10879038,K01641.01,Kepler-918 b,CONFIRMED,CANDIDATE,0.9860,0,0,0,0,4.853840400,3.4960000e-05,-3.4960000e-05,135.0990200,5.730000e-03,-5.730000e-03,0.9430,0.0230,-0.6470,3.19800,0.16100,-0.16100,1.9640e+02,1.510e+01,-1.510e+01,1.72,2.500e-01,-1.000e-01,1052.0,,,288.70,110.09,-47.89,15.40,1,q1_q17_dr25_tce,5778.00,69.00,-86.00,4.483,0.030,-0.120,0.9680,0.1430,-0.0570,298.200710,48.267841,14.971
10990917,K01643.01,Kepler-919 b,CONFIRMED,CANDIDATE,0.9960,0,0,0,0,11.046053650,7.0090000e-05,-7.0090000e-05,136.4405600,5.880000e-03,-5.880000e-03,0.0640,0.3730,-0.0640,4.79900,0.13800,-0.13800,3.0830e+02,1.500e+01,-1.500e+01,1.80,6.100e-01,-2.000e-01,869.0,,,134.66,135.62,-42.85,24.30,1,q1_q17_dr25_tce,6093.00,180.00,-217.00,4.429,0.072,-0.217,1.0250,0.3450,-0.1150,298.114780,48.494400,14.681
11043136,K01644.01,,FALSE POSITIVE,FALSE POSITIVE,0.0000,0,1,0,0,2.621706694,7.6410000e-06,-7.6410000e-06,131.8822700,2.600000e-03,-2.600000e-03,1.2790,45.3100,-0.0180,1.94100,0.11500,-0.11500,4.5720e+03,2.320e+02,-2.320e+02,34.68,8.460e+00,-5.200e+00,1288.0,,,648.75,496.27,-239.41,24.30,1,q1_q17_dr25_tce,5749.00,192.00,-192.00,4.436,0.155,-0.170,0.8810,0.2150,-0.1320,297.381530,48.565041,15.399
11046025,K01646.01,Kepler-1759 b,CONFIRMED,CANDIDATE,1.0000,0,0,0,0,3.720207080,1.7610000e-05,-1.7610000e-05,133.4168400,3.710000e-03,-3.710000e-03,0.3410,0.1040,-0.3410,1.89200,0.11800,-0.11800,1.5690e+02,1.220e+01,-1.220e+01,0.99,9.000e-02,-1.100e-01,954.0,,,195.70,69.88,-57.88,15.00,1,q1_q17_dr25_tce,5017.00,151.00,-151.00,4.516,0.088,-0.088,0.7970,0.0780,-0.0860,298.465790,48.559410,14.293
5771719,K00190.01,,FALSE POSITIVE,FALSE POSITIVE,0.0000,0,1,0,0,12.264867364,3.0010000e-06,-3.0010000e-06,139.3049990,1.980000e-04,-1.980000e-04,0.8180,0.0030,-0.0030,4.73660,0.01490,-0.01490,1.1311e+04,2.560e+01,-2.560e+01,28.29,4.520e+00,-9.040e+00,1077.0,,,317.89,137.57,-178.64,560.20,1,q1_q17_dr25_tce,5372.00,85.00,-74.00,3.810,0.232,-0.077,2.3440,0.3750,-0.7490,284.648860,41.015018,14.137
9729691,K01751.01,Kepler-949 b,CONFIRMED,CANDIDATE,1.0000,0,0,0,0,8.689301216,9.8010000e-06,-9.8010000e-06,133.6612840,8.670000e-04,-8.670000e-04,0.0290,0.3790,-0.0290,2.56300,0.03130,-0.03130,1.1170e+03,1.740e+01,-1.740e+01,2.92,6.000e-01,-4.200e-01,782.0,,,88.24,59.32,-31.32,70.90,1,q1_q17_dr25_tce,5211.00,181.00,-163.00,4.447,0.120,-0.180,0.8950,0.1860,-0.1290,298.607880,46.453678,14.548
9729691,K01751.02,Kepler-949 c,CONFIRMED,CANDIDATE,0.0000,0,0,0,0,20.997579680,3.3340000e-05,-3.3340000e-05,132.0568900,1.300000e-03,-1.300000e-03,0.2770,0.1610,-0.2770,2.45400,0.04720,-0.04720,1.1318e+03,2.700e+01,-2.700e+01,2.97,6.100e-01,-4.300e-01,582.0,,,27.20,18.29,-9.65,44.70,2,q1_q17_dr25_tce,5211.00,181.00,-163.00,4.447,0.120,-0.180,0.8950,0.1860,-0.1290,298.607880,46.453678,14.548
4950232,K01753.01,,FALSE POSITIVE,FALSE POSITIVE,0.0010,0,0,1,0,0.979442525,2.2550000e-06,-2.2550000e-06,132.4229700,2.020000e-03,-2.020000e-03,0.3880,0.0840,-0.3880,1.03480,0.05210,-0.05210,4.6930e+02,2.220e+01,-2.220e+01,1.64,3.100e-01,-1.300e-01,1567.0,,,1420.01,873.27,-378.48,27.00,1,q1_q17_dr25_tce,5532.00,193.00,-193.00,4.607,0.040,-0.120,0.7450,0.1390,-0.0600,298.140530,40.073872,15.747
10904857,K00194.01,Kepler-488 b,CONFIRMED,CANDIDATE,0.8020,0,0,0,0,3.120828136,1.9860000e-06,-1.9860000e-06,139.4665940,5.130000e-04,-5.130000e-04,0.7840,0.0290,-0.0540,2.18780,0.06450,-0.06450,1.6456e+04,2.130e+02,-2.130e+02,14.16,4.430e+00,-1.480e+00,1303.0,,,680.79,625.11,-203.01,113.50,1,q1_q17_dr25_tce,6122.00,165.00,-201.00,4.471,0.052,-0.208,0.9960,0.3120,-0.1040,282.966160,48.345070,14.804
8651389,K01754.01,Kepler-1768 b,CONFIRMED,CANDIDATE,0.9920,0,0,0,0,15.135904530,6.1550000e-05,-6.1550000e-05,146.5837100,3.460000e-03,-3.460000e-03,0.4600,0.0250,-0.4420,2.23600,0.10200,-0.10200,2.5570e+02,1.530e+01,-1.530e+01,2.57,7.400e-01,-7.500e-01,933.0,,,179.16,159.28,-102.35,19.80,1,q1_q17_dr25_tce,6050.00,190.00,-232.00,4.137,0.252,-0.168,1.5720,0.4590,-0.4590,299.957210,44.771889,13.964
9520668,K01514.01,,FALSE POSITIVE,FALSE POSITIVE,0.0000,0,0,1,0,1.399326503,5.1710000e-06,-5.1710000e-06,133.6142600,2.940000e-03,-2.940000e-03,0.0090,0.4260,-0.0090,1.83050,0.09780,-0.09780,2.0640e+02,1.110e+01,-1.110e+01,1.00,4.000e-02,-9.000e-02,1143.0,,,402.58,84.28,-100.99,22.70,1,q1_q17_dr25_tce,4502.00,137.00,-123.00,4.572,0.056,-0.020,0.7280,0.0260,-0.0620,289.321010,46.134319,15.447
7871954,K01515.01,Kepler-303 b,CONFIRMED,CANDIDATE,0.8890,0,0,0,0,1.937029968,2.6050000e-06,-2.6050000e-06,134.7210700,1.130000e-03,-1.130000e-03,0.1050,0.3470,-0.1050,1.47270,0.03620,-0.03620,3.1230e+02,8.600e+00,-8.600e+00,0.87,6.000e-02,-6.000e-02,802.0,,,97.94,20.43,-21.29,42.80,1,q1_q17_dr25_tce,4042.00,72.00,-88.00,4.761,0.038,-0.035,0.4900,0.0300,-0.0370,283.135470,43.657051,14.390
7871954,K01515.02,Kepler-303 c,CONFIRMED,CANDIDATE,0.9910,0,0,0,0,7.061173220,1.2070000e-05,-1.2070000e-05,136.2734400,1.290000e-03,-1.290000e-03,0.8450,0.0570,-0.5690,1.04060,0.04950,-0.04950,4.8170e+02,2.240e+01,-2.240e+01,1.23,7.000e-02,-1.000e-01,521.0,,,17.41,3.63,-3.79,27.20,2,q1_q17_dr25_tce,4042.00,72.00,-88.00,4.761,0.038,-0.035,0.4900,0.0300,-0.0370,283.135470,43.657051,14.390
12418724,K01516.01,Kepler-873 b,CONFIRMED,CANDIDATE,1.0000,0,0,0,0,20.553314410,7.5070000e-05,-7.5070000e-05,139.5613000,2.960000e-03,-2.960000e-03,0.7950,0.1010,-0.5560,5.31360,0.09750,-0.09750,6.7830e+02,1.900e+01,-1.900e+01,3.19,1.020e+00,-3.400e-01,749.0,,,74.49,69.62,-22.73,40.60,1,q1_q17_dr25_tce,6325.00,174.00,-217.00,4.409,0.065,-0.208,1.1120,0.3530,-0.1180,296.403200,51.271339,14.829
7456001,K01517.01,Kepler-874 b,CONFIRMED,CANDIDATE,1.0000,0,0,0,0,40.068671300,1.0180000e-04,-1.0180000e-04,151.8090100,2.010000e-03,-2.010000e-03,0.0290,0.3620,-0.0290,5.88750,0.06650,-0.06650,9.7090e+02,1.800e+01,-1.800e+01,3.10,8.500e-01,-4.600e-01,560.0,,,23.27,19.42,-8.34,62.00,1,q1_q17_dr25_tce,6026.00,182.00,-182.00,4.411,0.105,-0.195,0.9920,0.2740,-0.1470,294.956850,43.014332,14.683
10028792,K01574.01,Kepler-87 b,CONFIRMED,CANDIDATE,1.0000,0,0,0,0,114.736580000,1.5010000e-04,-1.5010000e-04,165.1506710,9.770000e-04,-9.770000e-04,0.5950,0.0370,-0.0570,12.03550,0.09210,-0.09210,4.8500e+03,2.220e+01,-2.220e+01,12.28,1.060e+00,-8.900e-01,476.0,,,12.13,3.37,-2.43,230.60,1,q1_q17_dr25_tce,5597.00,112.00,-101.00,3.963,0.054,-0.045,1.6990,0.1470,-0.1230,297.916870,46.965130,14.600
10028792,K01574.02,Kepler-87 c,CONFIRMED,CANDIDATE,0.0000,0,0,0,0,191.239133000,2.4200000e-03,-2.4200000e-03,286.2203400,7.210000e-03,-7.210000e-03,0.8760,0.0050,-0.6090,16.94200,0.41300,-0.41300,1.0612e+03,2.920e+01,-2.920e+01,6.47,5.600e-01,-4.700e-01,401.0,,,6.14,1.70,-1.23,36.80,2,q1_q17_dr25_tce,5597.00,112.00,-101.00,3.963,0.054,-0.045,1.6990,0.1470,-0.1230,297.916870,46.965130,14.600
10028792,K01574.03,,CANDIDATE,CANDIDATE,0.9520,0,0,0,0,5.833938570,2.2410000e-05,-2.2410000e-05,132.6342600,3.040000e-03,-3.040000e-03,0.3980,0.0450,-0.3980,4.58130,0.08450,-0.08450,1.3440e+02,8.100e+00,-8.100e+00,1.98,1.800e-01,-1.400e-01,1285.0,,,642.83,178.64,-128.56,17.60,3,q1_q17_dr25_tce,5597.00,112.00,-101.00,3.963,0.054,-0.045,1.6990,0.1470,-0.1230,297.916870,46.965130,14.600
5553652,K01575.01,,FALSE POSITIVE,FALSE POSITIVE,0.0000,0,1,1,0,24.328225100,1.7720000e-04,-1.7720000e-04,141.0514900,5.710000e-03,-5.710000e-03,4.4260,5.1030,-0.0960,6.15800,0.24200,-0.24200,1.1206e+03,5.020e+01,-5.020e+01,294.02,4.599e+01,-2.488e+01,520.0,,,17.33,8.77,-4.47,26.40,1,q1_q17_dr25_tce,5286.00,159.00,-159.00,4.590,0.032,-0.104,0.7800,0.1220,-0.0660,296.991910,40.758911,15.952
5299459,K01576.01,Kepler-307 b,CONFIRMED,CANDIDATE,1.0000,0,0,0,0,10.415726660,1.3620000e-05,-1.3620000e-05,143.0477400,1.060000e-03,-1.060000e-03,0.6820,0.1760,-0.4480,2.77190,0.04140,-0.04140,8.2530e+02,1.350e+01,-1.350e+01,3.01,3.900e-01,-2.600e-01,797.0,,,95.64,36.45,-21.35,69.30,1,q1_q17_dr25_tce,5511.00,110.00,,4.426,0.081,-0.099,0.9870,0.1280,-0.0850,297.795140,40.417709,14.072
11153121,K01647.01,Kepler-313 b,CONFIRMED,CANDIDATE,0.9990,0,0,0,0,14.970316640,8.2690000e-05,-8.2690000e-05,134.5050700,4.110000e-03,-4.110000e-03,0.3520,0.1120,-0.3520,5.88400,0.12400,-0.12400,2.9050e+02,1.070e+01,-1.070e+01,2.53,3.900e-01,-5.400e-01,883.0,,,143.33,63.60,-60.79,28.90,1,q1_q17_dr25_tce,5726.00,114.00,-103.00,4.123,0.182,-0.098,1.4830,0.2300,-0.3160,298.294950,48.775459,14.167
11153121,K01647.02,Kepler-313 c,CONFIRMED,CANDIDATE,0.9870,0,0,0,0,32.275385300,5.4100000e-04,-5.4100000e-04,149.0460000,1.400000e-02,-1.400000e-02,0.6080,0.3480,-0.3860,8.62200,0.56900,-0.56900,2.2390e+02,1.520e+01,-1.520e+01,2.31,3.500e-01,-5.000e-01,683.0,,,51.50,22.85,-21.84,17.90,2,q1_q17_dr25_tce,5726.00,114.00,-103.00,4.123,0.182,-0.098,1.4830,0.2300,-0.3160,298.294950,48.775459,14.167
11153121,K01647.03,,CANDIDATE,CANDIDATE,,0,0,0,0,6.330274760,7.1680000e-05,-7.1680000e-05,133.8621300,8.070000e-03,-8.070000e-03,0.3288,0.1072,-0.3286,3.67000,0.27700,-0.27700,8.9200e+01,9.800e+00,-9.800e+00,1.02,3.800e-01,-1.500e-01,1046.0,,,283.31,316.95,-100.51,9.80,3,q1_q17_dr24_tce,5900.00,173.00,-188.00,4.363,0.114,-0.250,1.0700,0.4000,-0.1530,298.294950,48.775459,14.167
11177543,K01648.01,Kepler-1760 b,CONFIRMED,CANDIDATE,0.9940,0,0,0,0,38.326223700,2.7300000e-04,-2.7300000e-04,142.0840100,5.190000e-03,-5.190000e-03,0.9630,0.0010,-0.6980,3.07300,0.12300,-0.12300,3.9210e+02,3.020e+01,-3.020e+01,2.43,1.500e-01,-2.400e-01,480.0,,,12.56,2.47,-2.92,15.00,1,q1_q17_dr25_tce,5229.00,78.00,-78.00,4.441,0.105,-0.042,0.9030,0.0560,-0.0880,284.132630,48.825119,14.310
11337141,K01649.01,Kepler-1761 b,CONFIRMED,CANDIDATE,0.9920,0,0,0,0,4.043552450,1.2550000e-05,-1.2550000e-05,131.6299500,2.650000e-03,-2.650000e-03,0.9840,0.0490,-0.7050,1.96500,0.16000,-0.16000,4.1620e+02,2.200e+01,-2.200e+01,1.75,1.400e-01,-9.000e-02,613.0,,,33.34,8.66,-5.82,21.20,1,q1_q17_dr25_tce,3871.00,77.00,-84.00,4.744,0.021,-0.053,0.5320,0.0420,-0.0270,284.132870,49.142609,14.963
6705142,K01758.01,,CANDIDATE,CANDIDATE,1.0000,0,0,0,0,5.597282490,1.4120000e-05,-1.4120000e-05,131.8670800,2.310000e-03,-2.310000e-03,0.4730,0.4160,-0.2690,1.79500,0.06210,-0.06210,1.4073e+03,5.420e+01,-5.420e+01,3.28,6.900e-01,-3.000e-01,930.0,,,176.53,116.59,-50.07,30.80,1,q1_q17_dr25_tce,5610.00,177.00,-197.00,4.551,0.038,-0.142,0.8580,0.1810,-0.0780,295.434360,42.166321,15.969
3967760,K01760.01,Kepler-317 b,CONFIRMED,CANDIDATE,0.6770,0,0,0,0,5.524186250,2.3650000e-05,-2.3650000e-05,135.6230600,3.340000e-03,-3.340000e-03,0.4920,0.4490,-0.2860,2.82600,0.11100,-0.11100,4.9100e+02,2.610e+01,-2.610e+01,2.25,2.700e-01,-2.900e-01,976.0,,,214.86,69.72,-61.83,20.70,1,q1_q17_dr25_tce,5334.00,79.00,-79.00,4.372,0.132,-0.099,1.0040,0.1180,-0.1310,294.943880,39.032059,15.377
3967760,K01760.02,Kepler-317 c,CONFIRMED,CANDIDATE,0.9720,0,0,0,0,8.775147820,6.1310000e-05,-6.1310000e-05,133.7031900,5.700000e-03,-5.700000e-03,0.5040,0.4450,-0.2960,3.17600,0.18800,-0.18800,3.5190e+02,3.050e+01,-3.050e+01,1.91,2.300e-01,-2.500e-01,837.0,,,115.84,37.59,-33.33,12.70,2,q1_q17_dr25_tce,5334.00,79.00,-79.00,4.372,0.132,-0.099,1.0040,0.1180,-0.1310,294.943880,39.032059,15.377
4067336,K01761.01,,FALSE POSITIVE,FALSE POSITIVE,1.0000,0,1,0,0,10.127422740,2.8550000e-05,-2.8550000e-05,135.2650400,2.450000e-03,-2.450000e-03,0.6960,0.0250,-0.5100,1.27620,0.08080,-0.08080,9.3350e+02,5.780e+01,-5.780e+01,3.80,1.130e+00,-4.800e-01,969.0,,,208.77,178.16,-72.89,19.50,1,q1_q17_dr25_tce,6392.00,157.00,-246.00,4.399,0.065,-0.195,1.1620,0.3450,-0.1480,294.146820,39.127060,15.623
5387843,K01762.01,,FALSE POSITIVE,FALSE POSITIVE,0.4060,0,0,1,0,0.870693883,8.3100000e-07,-8.3100000e-07,132.0839490,7.810000e-04,-7.810000e-04,0.8320,0.0600,-0.5940,1.21370,0.02730,-0.02730,4.3850e+02,9.400e+00,-9.400e+00,2.09,6.200e-01,-2.100e-01,1876.0,,,2923.54,2539.45,-842.54,55.60,1,q1_q17_dr25_tce,5985.00,160.00,-195.00,4.519,0.052,-0.208,0.8830,0.2620,-0.0870,298.133910,40.530289,14.996
7549209,K01518.01,Kepler-875 b,CONFIRMED,CANDIDATE,1.0000,0,0,0,0,27.507111400,1.7240000e-04,-1.7240000e-04,151.8477500,4.890000e-03,-4.890000e-03,0.9180,0.0090,-0.6500,5.90700,0.15700,-0.15700,5.8070e+02,2.140e+01,-2.140e+01,2.58,8.100e-01,-2.600e-01,569.0,,,24.71,22.93,-6.96,30.70,1,q1_q17_dr25_tce,5783.00,157.00,-175.00,4.539,0.037,-0.212,0.8800,0.2780,-0.0870,297.301300,43.141891,15.219
7663405,K01519.01,Kepler-876 b,CONFIRMED,CANDIDATE,1.0000,0,0,0,0,5.144364500,2.2370000e-05,-2.2370000e-05,133.8304400,3.190000e-03,-3.190000e-03,0.0310,0.4300,-0.0310,2.70300,0.10700,-0.10700,3.1070e+02,1.760e+01,-1.760e+01,1.55,1.100e-01,-1.500e-01,923.0,,,171.63,37.18,-40.68,20.20,1,q1_q17_dr25_tce,5157.00,77.00,-84.00,4.445,0.091,-0.049,0.9040,0.0640,-0.0880,283.478180,43.383781,15.369
9765975,K01520.01,Kepler-877 b,CONFIRMED,CANDIDATE,1.0000,0,0,0,0,18.458483880,4.8820000e-05,-4.8820000e-05,138.1635000,2.230000e-03,-2.230000e-03,0.8320,0.0090,-0.5880,3.37030,0.06840,-0.06840,5.3530e+02,1.500e+01,-1.500e+01,2.50,2.100e-01,-2.600e-01,632.0,,,37.81,9.65,-9.14,41.50,1,q1_q17_dr25_tce,5311.00,85.00,-74.00,4.419,0.111,-0.060,0.9480,0.0810,-0.0990,289.859130,46.522671,14.516
9818462,K01521.01,Kepler-878 b,CONFIRMED,CANDIDATE,1.0000,0,0,0,0,25.942158200,1.1260000e-04,-1.1260000e-04,156.1889400,3.300000e-03,-3.300000e-03,0.5770,0.2950,-0.3720,4.04500,0.10400,-0.10400,5.6970e+02,2.030e+01,-2.030e+01,1.95,1.600e-01,-7.000e-02,501.0,,,14.85,3.69,-1.89,31.60,1,q1_q17_dr25_tce,5167.00,82.00,-82.00,4.585,0.013,-0.081,0.7960,0.0660,-0.0280,285.296200,46.603439,14.817
6803202,K00177.01,Kepler-1711 b,CONFIRMED,CANDIDATE,1.0000,0,0,0,0,21.060753030,5.7020000e-05,-5.7020000e-05,143.5998300,2.270000e-03,-2.270000e-03,0.1760,0.2500,-0.1760,5.24720,0.06630,-0.06630,3.0120e+02,6.300e+00,-6.300e+00,1.78,2.600e-01,-2.100e-01,669.0,,,47.39,19.64,-13.04,54.40,1,q1_q17_dr25_tce,5706.00,114.00,-103.00,4.382,0.099,-0.110,1.0340,0.1480,-0.1210,298.177220,42.237041,13.182
5299459,K01576.02,Kepler-307 c,CONFIRMED,CANDIDATE,1.0000,0,0,0,0,13.084242860,2.6090000e-05,-2.6090000e-05,132.6312900,1.570000e-03,-1.570000e-03,0.7010,0.1850,-0.4750,3.04010,0.05490,-0.05490,6.6200e+02,1.440e+01,-1.440e+01,2.71,3.500e-01,-2.300e-01,739.0,,,70.51,26.87,-15.74,51.20,2,q1_q17_dr25_tce,5511.00,110.00,0.00,4.426,0.081,-0.099,0.9870,0.1280,-0.0850,297.795140,40.417709,14.072
9651668,K00183.01,Kepler-423 b,CONFIRMED,CANDIDATE,0.9950,0,0,0,0,2.684328541,8.2000000e-08,-8.2000000e-08,133.3548095,2.550000e-05,-2.550000e-05,0.0760,0.0080,-0.0530,2.69382,0.00073,-0.00073,1.8136e+04,7.400e+00,-7.400e+00,12.73,1.600e+00,-1.450e+00,1265.0,,,603.57,202.56,-154.50,2833.10,1,q1_q17_dr25_tce,5561.00,74.00,-74.00,4.411,0.110,-0.090,0.9560,0.1200,-0.1090,292.855740,46.391178,14.290
5299459,K01576.03,,CANDIDATE,CANDIDATE,,0,0,0,0,23.339795600,5.8500000e-04,-5.8500000e-04,146.3627000,1.370000e-02,-1.370000e-02,0.4757,0.3547,-0.2223,1.92300,0.47300,-0.47300,1.2510e+02,2.430e+01,-2.430e+01,1.23,4.700e-01,-1.800e-01,653.0,,,43.02,47.96,-14.94,4.50,,,5671.00,162.00,-159.00,4.360,0.118,-0.246,1.0840,0.4060,-0.1570,297.795140,40.417709,14.072
12506770,K01577.01,Kepler-895 b,CONFIRMED,CANDIDATE,1.0000,0,0,0,0,2.806243488,7.5190000e-06,-7.5190000e-06,133.7314000,2.030000e-03,-2.030000e-03,0.0430,0.4100,-0.0430,1.62710,0.07010,-0.07010,5.9960e+02,3.010e+01,-3.010e+01,1.41,6.000e-02,-8.000e-02,771.0,,,83.53,15.48,-14.77,22.40,1,q1_q17_dr25_tce,4153.00,83.00,-91.00,4.684,0.023,-0.025,0.5810,0.0270,-0.0300,289.290650,51.408890,15.988
5629985,K01578.01,,FALSE POSITIVE,FALSE POSITIVE,0.0000,0,0,1,0,2.271907230,1.2990000e-05,-1.2990000e-05,134.7985200,4.670000e-03,-4.670000e-03,0.7190,0.2230,-0.4460,5.38300,0.17600,-0.17600,1.4900e+02,4.900e+00,-4.900e+00,1.12,2.900e-01,-1.300e-01,1318.0,,,714.27,551.84,-209.16,36.80,1,q1_q17_dr25_tce,5788.00,155.00,-155.00,4.506,0.072,-0.168,0.8560,0.2250,-0.0960,294.734190,40.861420,14.459
9898364,K01579.01,,FALSE POSITIVE,FALSE POSITIVE,0.0000,0,0,1,0,7.132351753,7.1340000e-06,-7.1340000e-06,134.4730830,8.220000e-04,-8.220000e-04,1.2060,6.5960,-0.1090,2.96740,0.03970,-0.03970,7.4410e+02,9.500e+00,-9.500e+00,49.34,1.360e+01,-1.112e+01,1579.0,,,1466.12,1195.78,-724.22,91.20,1,q1_q17_dr25_tce,7530.00,209.00,-314.00,4.080,0.160,-0.176,1.9300,0.5320,-0.4350,294.830320,46.734348,13.337
11337372,K01650.01,Kepler-920 b,CONFIRMED,CANDIDATE,1.0000,0,0,0,0,6.531940240,2.2830000e-05,-2.2830000e-05,136.0322300,3.260000e-03,-3.260000e-03,0.8300,0.0490,-0.6010,3.33510,0.06180,-0.06180,7.7190e+02,2.180e+01,-2.180e+01,3.09,3.000e-01,-4.000e-01,907.0,,,159.66,45.57,-45.69,39.60,1,q1_q17_dr25_tce,5301.00,85.00,-74.00,4.391,0.130,-0.070,0.9770,0.0960,-0.1280,284.296940,49.158680,15.280
11337833,K01651.01,Kepler-921 b,CONFIRMED,CANDIDATE,0.9940,0,0,0,0,51.301184400,6.0210000e-04,-6.0210000e-04,153.5257100,9.750000e-03,-9.750000e-03,0.0030,0.4630,-0.0030,5.35900,0.25900,-0.25900,4.9890e+02,3.010e+01,-3.010e+01,2.07,6.500e-01,-1.700e-01,492.0,,,13.86,12.72,-3.56,19.60,1,q1_q17_dr25_tce,6032.00,162.00,-180.00,4.508,0.052,-0.208,0.9290,0.2910,-0.0780,284.616210,49.190811,14.739
11546211,K01654.01,,FALSE POSITIVE,FALSE POSITIVE,0.0000,0,1,0,0,1.097211085,7.2700000e-07,-7.2700000e-07,131.5172010,5.310000e-04,-5.310000e-04,1.1450,22.0000,-0.1080,1.67380,0.03160,-0.03160,3.8946e+04,5.860e+02,-5.860e+02,16.07,1.870e+00,-2.120e+00,740.0,,,71.01,24.01,-20.76,83.50,1,q1_q17_dr25_tce,3497.00,62.00,-55.00,4.920,0.055,-0.040,0.3340,0.0390,-0.0440,283.796540,49.503990,15.155
11547505,K01655.01,Kepler-922 b,CONFIRMED,CANDIDATE,1.0000,0,0,0,0,0.938466959,9.3900000e-07,-9.3900000e-07,135.6006980,7.970000e-04,-7.970000e-04,0.0540,0.3990,-0.0540,1.30150,0.02840,-0.02840,2.1740e+02,4.900e+00,-4.900e+00,1.58,2.400e-01,-2.400e-01,1876.0,,,2919.17,1189.69,-929.75,54.40,1,q1_q17_dr25_tce,5499.00,82.00,-74.00,4.323,0.150,-0.100,1.0870,0.1650,-0.1650,284.731450,49.533192,13.757
4471747,K01656.01,,CANDIDATE,CANDIDATE,0.9960,0,0,0,0,51.390145200,6.2190000e-04,-6.2190000e-04,145.3192000,1.000000e-02,-1.000000e-02,0.9460,0.0020,-0.6540,5.99500,0.21300,-0.21300,4.9400e+02,3.760e+01,-3.760e+01,3.62,6.300e-01,-4.500e-01,570.0,,,24.98,11.29,-7.01,15.40,1,q1_q17_dr25_tce,6074.00,81.00,-90.00,4.284,0.103,-0.126,1.2920,0.2240,-0.1630,293.625920,39.506310,15.030
11502867,K00195.01,Kepler-426 b,CONFIRMED,CANDIDATE,1.0000,0,0,0,0,3.217518511,1.7500000e-07,-1.7500000e-07,133.6320632,4.480000e-05,-4.480000e-05,0.6380,0.0090,-0.0100,2.11481,0.00700,-0.00700,1.4319e+04,1.420e+01,-1.420e+01,11.38,1.510e+00,-9.300e-01,1185.0,,,464.73,164.49,-93.72,1287.40,1,q1_q17_dr25_tce,5720.00,77.00,-77.00,4.473,0.063,-0.108,0.9030,0.1200,-0.0740,289.434630,49.473400,14.835
9909735,K01779.01,Kepler-318 b,CONFIRMED,CANDIDATE,1.0000,0,0,0,0,4.662719020,1.4860000e-05,-1.4860000e-05,134.0829600,2.490000e-03,-2.490000e-03,0.4850,0.0030,-0.4730,2.75700,0.09170,-0.09170,1.6306e+03,6.640e+01,-6.640e+01,3.86,6.400e-01,-1.600e-01,1039.0,,,274.98,126.59,-43.87,28.20,1,q1_q17_dr25_tce,5729.00,103.00,-126.00,4.514,0.022,-0.127,0.9390,0.1560,-0.0390,298.482820,46.793621,13.297
9909735,K01779.02,Kepler-318 c,CONFIRMED,CANDIDATE,1.0000,0,0,0,0,11.815017400,1.0740000e-04,-1.0740000e-04,133.0892900,6.980000e-03,-6.980000e-03,0.8750,0.0450,-0.6100,2.83400,0.22700,-0.22700,1.0030e+03,1.070e+02,-1.070e+02,3.48,5.800e-01,-1.400e-01,762.0,,,79.66,36.67,-12.71,10.50,2,q1_q17_dr25_tce,5729.00,103.00,-126.00,4.514,0.022,-0.127,0.9390,0.1560,-0.0390,298.482820,46.793621,13.297
11551692,K01781.01,Kepler-411 c,CONFIRMED,CANDIDATE,1.0000,0,0,0,0,7.834433676,2.9590000e-06,-2.9590000e-06,135.2221430,2.960000e-04,-2.960000e-04,0.7140,0.0660,-0.4880,2.89000,0.03630,-0.03630,2.0181e+03,8.600e+00,-8.600e+00,3.47,2.900e-01,-1.000e-01,689.0,,,53.33,14.22,-7.09,246.60,1,q1_q17_dr25_tce,4920.00,98.00,-98.00,4.620,0.010,-0.059,0.7200,0.0590,-0.0220,287.605590,49.523258,12.231
11551692,K01781.02,Kepler-411 b,CONFIRMED,CANDIDATE,1.0000,0,0,0,0,3.005156911,1.9220000e-06,-1.9220000e-06,137.1033620,5.150000e-04,-5.150000e-04,0.8440,0.0040,-0.5850,2.07470,0.02670,-0.02670,6.9160e+02,6.700e+00,-6.700e+00,2.20,1.800e-01,-7.000e-02,949.0,,,191.27,51.01,-25.41,115.10,2,q1_q17_dr25_tce,4920.00,98.00,-98.00,4.620,0.010,-0.059,0.7200,0.0590,-0.0220,287.605590,49.523258,12.231
12266636,K01522.01,Kepler-879 b,CONFIRMED,CANDIDATE,0.9980,0,0,0,0,33.385617600,1.4090000e-04,-1.4090000e-04,148.9276400,3.080000e-03,-3.080000e-03,0.5620,0.3450,-0.3450,5.03610,0.09340,-0.09340,5.5320e+02,1.590e+01,-1.590e+01,2.48,7.000e-01,-3.700e-01,580.0,,,26.73,22.11,-9.70,37.10,1,q1_q17_dr25_tce,5833.00,157.00,-175.00,4.407,0.101,-0.188,1.0220,0.2880,-0.1550,295.806580,50.909801,14.264
9850893,K01523.01,,FALSE POSITIVE,FALSE POSITIVE,0.0000,0,0,1,1,8.480397890,5.7550000e-05,-5.7550000e-05,135.8501800,6.130000e-03,-6.130000e-03,0.4860,0.4460,-0.2790,6.24900,0.20400,-0.20400,2.5970e+02,1.310e+01,-1.310e+01,1.71,4.800e-01,-3.000e-01,866.0,,,132.85,113.57,-52.79,22.70,1,q1_q17_dr25_tce,5401.00,164.00,-164.00,4.364,0.153,-0.187,1.0500,0.2970,-0.1830,298.730070,46.688671,14.673
4826110,K01524.01,,FALSE POSITIVE,FALSE POSITIVE,0.0000,0,0,1,0,1.333395306,7.4090000e-06,-7.4090000e-06,134.1822800,3.660000e-03,-3.660000e-03,0.1510,0.3130,-0.1510,1.18800,0.16800,-0.16800,1.1450e+02,1.300e+01,-1.300e+01,0.86,1.000e-01,-9.000e-02,1390.0,,,880.53,384.08,-250.18,11.50,1,q1_q17_dr25_tce,5199.00,171.00,-155.00,4.527,0.060,-0.082,0.8110,0.1000,-0.0820,288.925750,39.901550,15.299
7869917,K01525.01,Kepler-880 b,CONFIRMED,CANDIDATE,1.0000,0,0,0,0,7.714676860,2.9070000e-05,-2.9070000e-05,133.5563500,3.310000e-03,-3.310000e-03,0.8990,0.0290,-0.6620,4.58710,0.07260,-0.07260,2.3390e+02,7.600e+00,-7.600e+00,4.65,9.300e-01,-1.520e+00,1622.0,,,1636.72,987.17,-979.35,33.30,1,q1_q17_dr25_tce,6900.00,184.00,-204.00,3.843,0.259,-0.111,2.5990,0.5230,-0.8500,281.971250,43.672771,12.082
9824805,K01526.01,Kepler-881 b,CONFIRMED,CANDIDATE,1.0000,0,0,0,0,4.444482600,2.4270000e-05,-2.4270000e-05,133.4630800,4.900000e-03,-4.900000e-03,0.9410,0.0050,-0.7150,3.68600,0.13100,-0.13100,1.6300e+02,1.070e+01,-1.070e+01,1.71,5.000e-01,-2.000e-01,1217.0,,,518.45,451.70,-168.14,18.00,1,q1_q17_dr25_tce,6240.00,174.00,-217.00,4.426,0.062,-0.188,1.0790,0.3180,-0.1270,288.992580,46.670750,15.216
5193400,K01580.01,,FALSE POSITIVE,FALSE POSITIVE,0.0000,0,1,1,1,21.378114600,2.6670000e-04,-2.6670000e-04,147.2124000,1.020000e-02,-1.020000e-02,0.9060,0.0400,-0.6320,19.35900,0.68200,-0.68200,5.5610e+02,1.770e+01,-1.770e+01,3.18,9.400e-01,-3.400e-01,727.0,,,65.94,57.61,-21.47,35.40,1,q1_q17_dr25_tce,6218.00,174.00,-261.00,4.417,0.048,-0.192,1.1310,0.3340,-0.1190,293.665070,40.359531,15.686
7939330,K01581.01,Kepler-896 c,CONFIRMED,CANDIDATE,1.0000,0,0,0,0,29.542256600,2.9580000e-04,-2.9580000e-04,137.5783700,8.710000e-03,-8.710000e-03,0.9590,0.0110,-0.0080,13.90200,0.52200,-0.52200,8.7990e+02,3.310e+01,-3.310e+01,3.15,7.300e-01,-2.500e-01,515.0,,,16.56,11.85,-3.95,39.50,1,q1_q17_dr25_tce,5510.00,166.00,-149.00,4.572,0.038,-0.152,0.8030,0.1880,-0.0630,282.439180,43.734482,15.481
7939330,K01581.02,Kepler-896 b,CONFIRMED,CANDIDATE,0.9940,0,0,0,0,144.551628000,2.4960000e-03,-2.4960000e-03,265.9401000,1.030000e-02,-1.030000e-02,0.8870,0.0550,-0.6160,16.59900,0.38900,-0.38900,1.0352e+03,3.840e+01,-3.840e+01,3.06,7.100e-01,-2.400e-01,303.0,,,1.99,1.43,-0.47,27.10,2,q1_q17_dr25_tce,5510.00,166.00,-149.00,4.572,0.038,-0.152,0.8030,0.1880,-0.0630,282.439180,43.734482,15.481
4918309,K01582.01,,CANDIDATE,CANDIDATE,1.0000,0,0,0,0,186.436181100,4.8900000e-04,-4.8900000e-04,146.9182500,2.070000e-03,-2.070000e-03,0.9210,0.0240,-0.0140,5.77400,0.15700,-0.15700,4.3470e+03,1.140e+02,-1.140e+02,11.32,1.800e+00,-3.350e+00,353.0,,,3.66,1.55,-1.93,66.50,1,q1_q17_dr25_tce,5393.00,80.00,-64.00,4.132,0.280,-0.120,1.3700,0.2180,-0.4050,290.128570,40.021832,15.402
12602568,K01583.01,Kepler-897 b,CONFIRMED,CANDIDATE,1.0000,0,0,0,0,8.047277210,2.8900000e-05,-2.8900000e-05,137.2073000,2.800000e-03,-2.800000e-03,0.9370,0.0180,-0.6530,5.15900,0.21600,-0.21600,4.8600e+02,1.510e+01,-1.510e+01,2.33,6.500e-01,-2.200e-01,855.0,,,126.56,102.29,-34.32,36.10,1,q1_q17_dr25_tce,5840.00,145.00,-174.00,4.553,0.036,-0.192,0.8490,0.2380,-0.0790,290.586850,51.695820,15.068
9941066,K01584.01,Kepler-898 b,CONFIRMED,CANDIDATE,0.9980,0,0,0,0,5.870634160,2.1090000e-05,-2.1090000e-05,137.2481300,2.770000e-03,-2.770000e-03,0.6420,0.0470,-0.4760,2.57360,0.09130,-0.09130,5.0560e+02,2.530e+01,-2.530e+01,1.44,6.000e-02,-7.000e-02,616.0,,,33.99,6.11,-5.63,23.20,1,q1_q17_dr25_tce,4166.00,83.00,-83.00,4.660,0.024,-0.022,0.6120,0.0270,-0.0300,286.585390,46.870930,15.961
5972334,K00191.01,Kepler-487 b,CONFIRMED,CANDIDATE,0.9980,0,0,0,0,15.358767771,2.1290000e-06,-2.1290000e-06,132.3850850,1.140000e-04,-1.140000e-04,0.4870,0.0160,-0.0310,4.12230,0.01570,-0.01570,1.4638e+04,2.020e+01,-2.020e+01,10.89,1.110e+00,-8.200e-01,662.0,,,45.46,14.22,-9.61,812.60,1,q1_q17_dr25_tce,5422.00,108.00,-108.00,4.484,0.063,-0.077,0.8870,0.0900,-0.0670,295.287230,41.221958,14.991
4650733,K01659.01,Kepler-1762 b,CONFIRMED,CANDIDATE,1.0000,0,0,0,0,29.539089700,1.9800000e-04,-1.9800000e-04,143.9160700,4.970000e-03,-4.970000e-03,0.2130,0.2240,-0.2130,4.13900,0.15100,-0.15100,4.0330e+02,2.510e+01,-2.510e+01,2.51,7.900e-01,-2.800e-01,714.0,,,61.49,55.58,-20.02,18.80,1,q1_q17_dr25_tce,6572.00,160.00,-251.00,4.365,0.065,-0.208,1.2380,0.3900,-0.1390,290.493160,39.785519,15.111
4830605,K01660.01,,CANDIDATE,CANDIDATE,0.9850,0,0,0,0,35.636402200,3.7150000e-04,-3.7150000e-04,164.1749600,7.990000e-03,-7.990000e-03,0.6540,0.0590,-0.4770,4.88800,0.30100,-0.30100,4.5260e+02,3.430e+01,-3.430e+01,1.99,4.800e-01,-1.700e-01,537.0,,,19.62,14.12,-5.14,15.70,1,q1_q17_dr25_tce,5926.00,160.00,-178.00,4.532,0.042,-0.168,0.8870,0.2160,-0.0770,290.241030,39.968010,15.614
4832197,K01661.01,,FALSE POSITIVE,FALSE POSITIVE,0.0000,0,1,0,0,0.947732530,5.3900000e-07,-5.3900000e-07,137.1299300,4.640000e-04,-4.640000e-04,1.1860,8.7860,-0.0440,1.76450,0.02560,-0.02560,1.1306e+04,1.330e+02,-1.330e+02,45.58,1.138e+01,-1.264e+01,2321.0,,,6862.81,5061.29,-3650.54,103.90,1,q1_q17_dr25_tce,6302.00,170.00,-170.00,4.183,0.293,-0.158,1.2690,0.3170,-0.3520,290.738040,39.919651,11.510
4844004,K01662.01,,FALSE POSITIVE,FALSE POSITIVE,0.0000,0,1,0,0,0.784031658,1.0000000e-06,-1.0000000e-06,133.3839100,1.000000e-03,-1.000000e-03,0.1020,0.3560,-0.1020,0.77730,0.05150,-0.05150,3.5220e+02,1.860e+01,-1.860e+01,1.55,3.200e-01,-1.100e-01,1705.0,,,1995.65,1336.95,-468.82,28.20,1,q1_q17_dr25_tce,5435.00,179.00,-163.00,4.578,0.027,-0.144,0.8240,0.1740,-0.0580,294.132020,39.981979,15.479
12120943,K01458.01,,CANDIDATE,CANDIDATE,0.9780,0,0,0,0,8.981284720,2.0680000e-05,-2.0680000e-05,354.8304200,1.560000e-03,-1.560000e-03,0.2940,0.0930,-0.2940,5.03970,0.07360,-0.07360,4.9240e+03,7.670e+01,-7.670e+01,7.19,1.950e+00,-7.800e-01,898.0,,,153.36,127.32,-49.13,76.60,1,q1_q17_dr25_tce,5977.00,187.00,-229.00,4.473,0.048,-0.192,1.0220,0.2780,-0.1110,296.571530,50.677849,15.703
7831264,K00171.02,Kepler-116 c,CONFIRMED,CANDIDATE,1.0000,0,0,0,0,13.071418890,4.0480000e-05,-4.0480000e-05,144.4421700,2.590000e-03,-2.590000e-03,0.7510,0.1790,-0.5170,3.09460,0.07250,-0.07250,2.5110e+02,8.400e+00,-8.400e+00,2.47,4.500e-01,-4.400e-01,964.0,,,203.87,105.33,-77.13,32.00,2,q1_q17_dr25_tce,6122.00,136.00,-124.00,4.173,0.168,-0.112,1.4390,0.2570,-0.2570,294.742070,43.536831,13.717
9761199,K01459.01,,FALSE POSITIVE,FALSE POSITIVE,0.0000,0,1,0,0,0.692015479,1.7200000e-07,-1.7200000e-07,133.1141770,2.070000e-04,-2.070000e-04,1.2670,4.0810,-0.0250,1.13150,0.01340,-0.01340,4.5181e+03,3.650e+01,-3.650e+01,19.31,1.200e+00,-2.020e+00,1057.0,,,294.34,64.86,-78.33,163.40,1,q1_q17_dr25_tce,3752.00,74.00,-82.00,4.747,0.056,-0.024,0.4970,0.0310,-0.0520,287.143130,46.508060,15.692
7751571,K01460.01,,FALSE POSITIVE,FALSE POSITIVE,0.0000,0,1,1,1,17.042134600,3.2060000e-05,-3.2060000e-05,363.9742800,1.320000e-03,-1.320000e-03,0.7840,0.0240,-0.0360,7.50700,0.11400,-0.11400,3.6167e+03,3.640e+01,-3.640e+01,5.14,9.500e-01,-4.400e-01,594.0,,,29.47,17.92,-8.04,108.90,1,q1_q17_dr25_tce,5367.00,185.00,-185.00,4.590,0.032,-0.120,0.7730,0.1430,-0.0660,291.286590,43.404411,15.570
9579499,K01461.01,,FALSE POSITIVE,FALSE POSITIVE,0.0000,0,1,0,0,7.946710440,4.1710000e-06,-4.1710000e-06,140.7082070,4.280000e-04,-4.280000e-04,1.2550,6.1900,-0.1750,2.84190,0.02380,-0.02380,6.0844e+03,4.490e+01,-4.490e+01,27.43,3.130e+00,-1.910e+00,673.0,,,48.50,19.25,-10.88,165.30,1,q1_q17_dr25_tce,4859.00,146.00,-131.00,4.626,0.027,-0.063,0.7020,0.0800,-0.0490,287.804570,46.238930,15.791
11913013,K01462.01,,FALSE POSITIVE,FALSE POSITIVE,0.0000,0,1,1,1,3.747812420,1.4560000e-05,-1.4560000e-05,355.3132500,2.970000e-03,-2.970000e-03,1.2580,15.9400,-0.4090,5.24100,0.13200,-0.13200,5.3670e+03,1.360e+02,-1.360e+02,38.04,0.000e+00,0.000e+00,1172.0,,,446.47,0.00,0.00,44.80,1,q1_q17_dr25_tce,5780.00,,,4.438,,,1.0000,,,291.023010,50.262226,17.445
7768451,K01527.01,,CANDIDATE,CANDIDATE,0.9900,0,0,0,0,192.667139000,1.0170000e-03,-1.0170000e-03,162.8796200,4.200000e-03,-4.200000e-03,0.9110,0.0180,-0.6250,5.44300,0.16800,-0.16800,1.1483e+03,4.950e+01,-4.950e+01,3.64,3.700e-01,-2.700e-01,283.0,,,1.52,0.47,-0.32,26.00,1,q1_q17_dr25_tce,5401.00,107.00,-107.00,4.487,0.065,-0.071,0.8780,0.0880,-0.0660,296.671300,43.498390,14.879
7691260,K01528.01,Kepler-882 b,CONFIRMED,CANDIDATE,1.0000,0,0,0,0,3.989544192,9.7640000e-06,-9.7640000e-06,134.0989000,1.990000e-03,-1.990000e-03,0.0850,0.3710,-0.0850,1.59100,0.06800,-0.06800,1.9000e+02,8.700e+00,-8.700e+00,0.93,1.400e-01,-6.000e-02,903.0,,,157.10,71.37,-35.82,26.20,1,q1_q17_dr25_tce,5229.00,140.00,-155.00,4.643,0.030,-0.084,0.6880,0.0990,-0.0460,294.649900,43.335590,14.083
9821454,K01529.01,Kepler-59 c,CONFIRMED,CANDIDATE,1.0000,0,0,0,0,17.977603700,1.6800000e-04,-1.6800000e-04,147.7515000,8.360000e-03,-8.360000e-03,0.7210,0.0630,-0.5090,4.60500,0.32700,-0.32700,2.1390e+02,1.220e+01,-1.220e+01,1.58,4.900e-01,-1.700e-01,752.0,,,75.61,68.67,-23.26,23.30,1,q1_q17_dr25_tce,6296.00,169.00,-207.00,4.460,0.052,-0.221,1.0060,0.3120,-0.1110,287.039520,46.640129,14.307
9821454,K01529.02,Kepler-59 b,CONFIRMED,CANDIDATE,1.0000,0,0,0,0,11.869314400,1.7490000e-04,-1.7490000e-04,137.7210000,1.300000e-02,-1.300000e-02,0.7300,0.2220,-0.4900,4.65300,0.29800,-0.29800,1.0190e+02,8.400e+00,-8.400e+00,1.09,3.400e-01,-1.200e-01,864.0,,,131.58,119.52,-40.47,13.90,2,q1_q17_dr25_tce,6296.00,169.00,-207.00,4.460,0.052,-0.221,1.0060,0.3120,-0.1110,287.039520,46.640129,14.307
11954842,K01530.01,Kepler-883 b,CONFIRMED,CANDIDATE,1.0000,0,0,0,0,12.984946030,3.2490000e-05,-3.2490000e-05,139.7820700,2.030000e-03,-2.030000e-03,0.0460,0.3780,-0.0460,3.44970,0.06490,-0.06490,2.5720e+02,7.600e+00,-7.600e+00,1.64,2.400e-01,-1.900e-01,818.0,,,105.74,43.23,-30.05,38.40,1,q1_q17_dr25_tce,5948.00,107.00,-119.00,4.384,0.110,-0.110,1.0250,0.1490,-0.1220,286.433650,50.300331,13.029
7972785,K00184.01,,FALSE POSITIVE,FALSE POSITIVE,0.0040,0,1,0,0,7.300735516,7.1600000e-07,-7.1600000e-07,133.5664741,8.130000e-05,-8.130000e-05,0.4460,0.0090,-0.0120,5.78725,0.00813,-0.00813,1.3052e+04,9.800e+00,-9.800e+00,13.32,4.550e+00,-1.520e+00,1086.0,,,328.98,321.74,-105.84,1640.00,1,q1_q17_dr25_tce,6434.00,153.00,-230.00,4.394,0.070,-0.210,1.1380,0.3890,-0.1300,296.047640,43.762138,14.933
5470739,K01585.01,Kepler-899 b,CONFIRMED,CANDIDATE,1.0000,0,0,0,0,19.178939760,8.0640000e-05,-8.0640000e-05,139.7455200,2.840000e-03,-2.840000e-03,0.0040,0.4300,-0.0040,5.14400,0.10500,-0.10500,7.5280e+02,2.530e+01,-2.530e+01,2.40,7.100e-01,-2.200e-01,640.0,,,39.65,35.21,-10.70,34.30,1,q1_q17_dr25_tce,5767.00,173.00,-173.00,4.538,0.035,-0.196,0.8810,0.2600,-0.0810,297.482570,40.680779,15.401
10022908,K01586.01,Kepler-900 b,CONFIRMED,CANDIDATE,1.0000,0,0,0,0,6.991304520,1.4490000e-05,-1.4490000e-05,135.4629100,1.520000e-03,-1.520000e-03,0.7400,0.1660,-0.5050,2.15680,0.05700,-0.05700,5.5540e+02,1.780e+01,-1.780e+01,1.95,1.500e-01,-1.100e-01,716.0,,,62.05,18.94,-12.47,36.30,1,q1_q17_dr25_tce,4847.00,144.00,-129.00,4.606,0.020,-0.064,0.7610,0.0590,-0.0430,296.177280,46.999020,14.940
9932970,K01587.01,,CANDIDATE,CANDIDATE,0.0000,0,0,0,0,52.971584000,1.0580000e-04,-1.0580000e-04,159.0610900,1.600000e-03,-1.600000e-03,1.2590,6.9870,-0.8930,3.46320,0.08150,-0.08150,3.8826e+03,8.800e+01,-8.800e+01,29.02,3.780e+00,-2.760e+00,402.0,,,6.19,2.83,-1.71,51.40,1,q1_q17_dr25_tce,5204.00,174.00,-158.00,4.550,0.052,-0.084,0.7890,0.1030,-0.0750,281.618870,46.814201,15.700
5617854,K01588.01,Kepler-901 b,CONFIRMED,CANDIDATE,1.0000,0,0,0,0,3.517494725,3.7910000e-06,-3.7910000e-06,135.5467240,9.060000e-04,-9.060000e-04,0.7420,0.0810,-0.5150,1.56390,0.03330,-0.03330,5.3280e+02,1.200e+01,-1.200e+01,1.42,7.000e-02,-8.000e-02,704.0,,,58.08,11.61,-10.45,52.60,1,q1_q17_dr25_tce,4132.00,82.00,-91.00,4.699,0.025,-0.028,0.5640,0.0300,-0.0300,291.152950,40.887489,14.699
4932442,K01665.01,Kepler-923 b,CONFIRMED,CANDIDATE,0.9930,0,0,0,0,6.933651670,4.1110000e-05,-4.1110000e-05,137.0737500,5.370000e-03,-5.370000e-03,0.9040,0.0410,-0.6200,4.60800,0.14600,-0.14600,1.1960e+02,6.400e+00,-6.400e+00,1.70,2.600e-01,-3.100e-01,1104.0,,,351.27,147.08,-134.72,20.10,1,q1_q17_dr25_tce,5861.00,105.00,-117.00,4.212,0.176,-0.108,1.3040,0.1950,-0.2380,294.171080,40.055168,14.042
4932442,K01665.02,,CANDIDATE,CANDIDATE,,0,0,0,0,5.913939770,4.9330000e-05,-4.9330000e-05,137.1718200,7.750000e-03,-7.750000e-03,0.0896,0.5342,-0.0893,0.56200,0.50800,-0.50800,8.4000e+01,2.320e+01,-2.320e+01,1.07,5.500e-01,-1.200e-01,1112.0,,,361.00,551.09,-111.49,2.80,,,6194.00,155.00,-217.00,4.415,0.053,-0.302,1.1290,0.5790,-0.1210,294.171080,40.055168,14.042
5183357,K01669.01,Kepler-924 b,CONFIRMED,CANDIDATE,0.9890,0,0,0,0,61.037359100,3.2310000e-04,-3.2310000e-04,175.1767100,4.600000e-03,-4.600000e-03,0.0710,0.3660,-0.0710,8.37800,0.13200,-0.13200,4.3750e+02,1.260e+01,-1.260e+01,3.38,5.900e-01,-5.300e-01,610.0,,,32.74,14.62,-10.68,40.20,1,q1_q17_dr25_tce,6309.00,75.00,-82.00,4.154,0.132,-0.120,1.6140,0.2820,-0.2540,290.668520,40.397720,14.171
5269467,K01672.01,Kepler-925 b,CONFIRMED,CANDIDATE,0.9910,0,0,0,0,33.867778300,1.6670000e-04,-1.6670000e-04,137.5153200,4.110000e-03,-4.110000e-03,0.7870,0.1460,-0.5770,3.72000,0.12700,-0.12700,8.9480e+02,4.320e+01,-4.320e+01,2.31,1.400e-01,-2.000e-01,394.0,,,5.69,1.54,-1.48,23.80,1,q1_q17_dr25_tce,4564.00,134.00,-134.00,4.593,0.052,-0.024,0.6910,0.0440,-0.0600,290.106540,40.490662,15.810
5360920,K01675.01,,CANDIDATE,CANDIDATE,1.0000,0,0,0,0,14.623996210,3.9620000e-05,-3.9620000e-05,144.4552700,2.250000e-03,-2.250000e-03,1.2090,68.3400,-0.0560,2.19300,0.13400,-0.13400,1.0820e+03,5.370e+01,-5.370e+01,21.92,5.020e+00,-2.020e+00,681.0,,,50.91,34.67,-13.74,25.00,1,q1_q17_dr25_tce,5753.00,155.00,-172.00,4.570,0.038,-0.152,0.8150,0.1870,-0.0750,291.337190,40.558201,15.789
7672940,K01463.01,,FALSE POSITIVE,FALSE POSITIVE,0.0000,0,1,0,0,1064.268095600,2.2380000e-04,-2.2380000e-04,144.0860720,1.580000e-04,-1.580000e-04,0.4470,0.0060,-0.0090,11.55210,0.01640,-0.01640,2.2772e+04,2.340e+01,-2.340e+01,33.63,7.310e+00,-1.581e+01,281.0,,,1.47,1.01,-1.11,1171.20,1,q1_q17_dr25_tce,6340.00,204.00,-227.00,3.833,0.512,-0.128,2.1730,0.4720,-1.0220,288.258640,43.376465,12.328
7838655,K01464.01,,FALSE POSITIVE,FALSE POSITIVE,0.0000,0,0,1,1,2.113202658,3.0240000e-06,-3.0240000e-06,356.3283200,1.140000e-03,-1.140000e-03,3.1780,4.4310,-0.6560,3.52340,0.04290,-0.04290,2.1048e+03,2.600e+01,-2.600e+01,207.71,4.720e+01,-2.179e+01,1281.0,,,635.47,466.85,-189.97,97.20,1,q1_q17_dr25_tce,5482.00,197.00,-180.00,4.502,0.077,-0.143,0.8580,0.1950,-0.0900,296.917240,43.517529,15.465
11702948,K01465.01,,CANDIDATE,CANDIDATE,0.0000,0,0,0,0,9.771462706,2.7330000e-06,-2.7330000e-06,135.5848990,2.190000e-04,-2.190000e-04,0.9460,0.0610,-0.0290,1.76700,0.02510,-0.02510,6.9332e+03,4.840e+01,-4.840e+01,10.15,2.520e+00,-9.000e-01,799.0,,,96.39,69.43,-24.81,215.00,1,q1_q17_dr25_tce,5812.00,145.00,-159.00,4.551,0.042,-0.168,0.8530,0.2120,-0.0760,286.149380,49.867512,14.245
9512981,K01466.01,,CANDIDATE,CANDIDATE,0.9980,0,0,0,0,281.562888900,3.8350000e-04,-3.8350000e-04,357.9965710,7.370000e-04,-7.370000e-04,0.0000,0.1070,0.0000,8.85300,0.02860,-0.02860,2.1012e+04,1.020e+02,-1.020e+02,10.83,3.700e-01,-7.000e-01,214.0,,,0.49,0.07,-0.09,237.10,1,q1_q17_dr25_tce,4810.00,76.00,-76.00,4.536,0.064,-0.016,0.7760,0.0270,-0.0500,284.849880,46.138950,15.962
7770450,K01467.01,,FALSE POSITIVE,FALSE POSITIVE,0.0000,0,1,1,1,1.157808038,2.1060000e-06,-2.1060000e-06,354.7448800,1.260000e-03,-1.260000e-03,1.2030,1.1940,-0.1170,3.67050,0.07120,-0.07120,8.6670e+02,1.350e+01,-1.350e+01,22.90,6.120e+00,-2.040e+00,1579.0,,,1472.38,1188.13,-403.76,78.80,1,q1_q17_dr25_tce,5566.00,166.00,-183.00,4.532,0.046,-0.184,0.8860,0.2370,-0.0790,297.174290,43.479099,15.837
11455491,K00178.01,,FALSE POSITIVE,FALSE POSITIVE,0.0000,0,1,1,1,6.142814980,2.5310000e-05,-2.5310000e-05,135.1616900,3.470000e-03,-3.470000e-03,0.6700,0.0280,-0.5060,4.62400,0.11400,-0.11400,1.2200e+02,4.000e+00,-4.000e+00,1.82,4.100e-01,-4.100e-01,1355.0,,,796.26,506.12,-366.43,36.00,1,q1_q17_dr25_tce,6495.00,146.00,-178.00,4.128,0.186,-0.124,1.5540,0.3470,-0.3470,292.031490,49.388618,13.450
11764462,K01531.01,Kepler-884 b,CONFIRMED,CANDIDATE,1.0000,0,0,0,0,5.699195920,1.3670000e-05,-1.3670000e-05,136.5873800,1.990000e-03,-1.990000e-03,0.0070,0.4440,-0.0070,2.39060,0.06030,-0.06030,1.5940e+02,5.300e+00,-5.300e+00,1.16,1.600e-01,-7.000e-02,964.0,,,204.18,78.82,-37.05,35.30,1,q1_q17_dr25_tce,5646.00,101.00,-113.00,4.493,0.040,-0.112,0.9320,0.1270,-0.0540,292.584440,49.923161,13.069
11656246,K01532.01,Kepler-885 b,CONFIRMED,CANDIDATE,0.9970,0,0,0,0,18.114738130,5.2500000e-05,-5.2500000e-05,147.4904000,2.540000e-03,-2.540000e-03,0.8960,0.0240,-0.6040,5.27060,0.07020,-0.07020,2.4150e+02,5.300e+00,-5.300e+00,2.49,4.500e-01,-3.600e-01,830.0,,,112.43,55.53,-37.45,51.30,1,q1_q17_dr25_tce,6109.00,110.00,-134.00,4.247,0.120,-0.120,1.3600,0.2440,-0.1990,288.661560,49.737209,12.841
7808587,K01533.01,Kepler-886 b,CONFIRMED,CANDIDATE,1.0000,0,0,0,0,6.241457910,2.1930000e-05,-2.1930000e-05,134.8889200,2.970000e-03,-2.970000e-03,0.0290,0.4090,-0.0290,3.09980,0.07380,-0.07380,1.6370e+02,6.200e+00,-6.200e+00,1.60,2.600e-01,-2.700e-01,1111.0,,,360.09,155.25,-122.07,30.80,1,q1_q17_dr25_tce,5810.00,79.00,-79.00,4.250,0.156,-0.104,1.2590,0.2070,-0.2070,286.271760,43.595230,13.939
4741126,K01534.01,Kepler-887 b,CONFIRMED,CANDIDATE,1.0000,0,0,0,0,20.422244700,1.0800000e-04,-1.0800000e-04,146.9837000,4.230000e-03,-4.230000e-03,0.0590,0.3590,-0.0590,6.22000,0.11900,-0.11900,1.8930e+02,5.800e+00,-5.800e+00,1.78,3.100e-01,-2.500e-01,785.0,,,89.74,42.90,-29.27,34.70,1,q1_q17_dr25_tce,6119.00,110.00,-135.00,4.274,0.115,-0.115,1.2990,0.2250,-0.1840,290.090820,39.816990,13.470
5301750,K01589.01,Kepler-84 b,CONFIRMED,CANDIDATE,0.9980,0,0,0,0,8.725854780,2.9920000e-05,-2.9920000e-05,138.7683800,2.870000e-03,-2.870000e-03,0.9110,0.0040,-0.6300,4.47300,0.06580,-0.06580,4.4670e+02,1.280e+01,-1.280e+01,2.86,4.500e-01,-4.000e-01,985.0,,,222.19,98.84,-71.67,37.70,1,q1_q17_dr25_tce,6036.00,120.00,-132.00,4.326,0.120,-0.120,1.1310,0.1760,-0.1580,298.252040,40.496078,14.764
5301750,K01589.02,Kepler-84 c,CONFIRMED,CANDIDATE,1.0000,0,0,0,0,12.882913950,6.8880000e-05,-6.8880000e-05,135.1873600,4.240000e-03,-4.240000e-03,0.9620,0.0480,-0.5650,5.67600,0.59000,-0.59000,4.6050e+02,1.890e+01,-1.890e+01,3.15,4.900e-01,-4.400e-01,865.0,,,132.23,58.83,-42.65,33.60,2,q1_q17_dr25_tce,6036.00,120.00,-132.00,4.326,0.120,-0.120,1.1310,0.1760,-0.1580,298.252040,40.496078,14.764
5301750,K01589.03,Kepler-84 e,CONFIRMED,CANDIDATE,1.0000,0,0,0,0,27.434597300,1.3170000e-04,-1.3170000e-04,145.1232200,3.690000e-03,-3.690000e-03,0.6030,0.0220,-0.4620,5.03800,0.12100,-0.12100,4.7260e+02,1.940e+01,-1.940e+01,2.56,4.000e-01,-3.500e-01,672.0,,,48.29,21.48,-15.58,25.30,3,q1_q17_dr25_tce,6036.00,120.00,-132.00,4.326,0.120,-0.120,1.1310,0.1760,-0.1580,298.252040,40.496078,14.764
5301750,K01589.04,Kepler-84 d,CONFIRMED,CANDIDATE,0.9960,0,0,0,0,4.224536310,2.2200000e-05,-2.2200000e-05,135.4290800,3.880000e-03,-3.880000e-03,0.8230,0.1250,-0.5630,3.12800,0.11900,-0.11900,1.5910e+02,1.030e+01,-1.030e+01,1.60,2.500e-01,-2.300e-01,1254.0,,,584.24,259.90,-188.44,16.70,4,q1_q17_dr25_tce,6036.00,120.00,-132.00,4.326,0.120,-0.120,1.1310,0.1760,-0.1580,298.252040,40.496078,14.764
5301750,K01589.05,Kepler-84 f,CONFIRMED,CANDIDATE,0.9960,0,0,0,0,44.552026600,4.5310000e-04,-4.5310000e-04,160.2938600,7.440000e-03,-7.440000e-03,0.6890,0.2530,-0.4540,6.00000,0.21200,-0.21200,3.6210e+02,2.250e+01,-2.250e+01,2.29,3.500e-01,-3.200e-01,572.0,,,25.30,11.25,-8.16,16.70,5,q1_q17_dr25_tce,6036.00,120.00,-132.00,4.326,0.120,-0.120,1.1310,0.1760,-0.1580,298.252040,40.496078,14.764
5526717,K01677.01,Kepler-926 b,CONFIRMED,CANDIDATE,0.9940,0,0,0,0,52.069002000,1.9590000e-04,-1.9590000e-04,178.1552500,2.840000e-03,-2.840000e-03,0.2750,0.1800,-0.2750,3.00890,0.08870,-0.08870,5.5830e+02,2.330e+01,-2.330e+01,2.92,4.200e-01,-5.200e-01,524.0,,,17.76,6.75,-6.40,25.60,1,q1_q17_dr25_tce,5565.00,75.00,-83.00,4.251,0.149,-0.108,1.2460,0.1790,-0.2190,289.679350,40.700459,14.279
5972334,K00191.02,Kepler-487 d,CONFIRMED,CANDIDATE,0.9960,0,0,0,0,2.418406841,2.4720000e-06,-2.4720000e-06,132.5055870,8.640000e-04,-8.640000e-04,0.0180,0.4390,-0.0180,2.07440,0.03110,-0.03110,6.6540e+02,1.090e+01,-1.090e+01,2.25,2.300e-01,-1.700e-01,1226.0,,,535.84,167.62,-113.31,69.10,2,q1_q17_dr25_tce,5422.00,108.00,-108.00,4.484,0.063,-0.077,0.8870,0.0900,-0.0670,295.287230,41.221958,14.991
5526717,K01677.02,,CANDIDATE,CANDIDATE,,0,0,0,0,8.511700880,,,131.7557438,,,,,,2.90000,,,,,,,,,,,,,,,,,,,,,,,,,,,289.679350,40.700459,14.279
5530882,K01680.01,,FALSE POSITIVE,FALSE POSITIVE,0.0000,0,0,1,1,5.082518800,4.1200000e-05,-4.1200000e-05,132.9579200,5.970000e-03,-5.970000e-03,0.5220,0.4340,-0.3220,3.32800,0.23000,-0.23000,1.0500e+02,7.600e+00,-7.600e+00,0.88,2.400e-01,-8.000e-02,968.0,,,207.45,166.93,-55.51,17.10,1,q1_q17_dr25_tce,5706.00,152.00,-169.00,4.561,0.035,-0.184,0.8340,0.2290,-0.0760,290.923160,40.771030,14.445
5531953,K01681.01,,CANDIDATE,CANDIDATE,1.0000,0,0,0,0,6.939103370,3.0600000e-05,-3.0600000e-05,138.3392700,3.490000e-03,-3.490000e-03,0.9660,0.0430,-0.7310,2.97700,0.13300,-0.13300,6.1470e+02,2.860e+01,-2.860e+01,1.41,1.600e-01,-1.900e-01,445.0,,,9.28,3.07,-2.96,22.90,1,q1_q17_dr25_tce,3638.00,72.00,-87.00,4.844,0.049,-0.055,0.4200,0.0460,-0.0560,291.285000,40.730049,15.855
6034945,K01683.01,Kepler-927 b,CONFIRMED,CANDIDATE,0.9970,0,0,0,0,9.115002690,5.0790000e-05,-5.0790000e-05,133.9752300,4.690000e-03,-4.690000e-03,0.6750,0.0090,-0.5190,4.55800,0.12100,-0.12100,2.6830e+02,1.410e+01,-1.410e+01,1.78,5.600e-01,-2.300e-01,906.0,,,159.34,145.26,-54.55,21.70,1,q1_q17_dr25_tce,5962.00,160.00,-195.00,4.431,0.070,-0.210,1.0280,0.3200,-0.1370,289.383510,41.392689,14.630
9851226,K01468.01,,FALSE POSITIVE,FALSE POSITIVE,0.0000,0,0,1,1,8.480319420,1.8490000e-05,-1.8490000e-05,135.8521700,1.790000e-03,-1.790000e-03,0.9180,0.0060,-0.0080,7.29700,0.12500,-0.12500,1.4267e+03,1.800e+01,-1.800e+01,4.54,1.380e+00,-5.900e-01,918.0,,,168.01,153.30,-58.21,92.80,1,q1_q17_dr25_tce,5951.00,178.00,-214.00,4.439,0.084,-0.196,0.9910,0.3010,-0.1290,298.822540,46.650269,15.262
8692861,K00172.01,Kepler-69 b,CONFIRMED,CANDIDATE,1.0000,0,0,0,0,13.722368200,1.8220000e-05,-1.8220000e-05,137.8408300,1.120000e-03,-1.120000e-03,0.0090,0.3590,-0.0090,5.12310,0.03570,-0.03570,5.7110e+02,6.500e+00,-6.500e+00,2.23,2.800e-01,-2.700e-01,746.0,,,73.16,26.92,-20.94,97.90,1,q1_q17_dr25_tce,5637.00,113.00,-101.00,4.399,0.132,-0.088,0.9430,0.1170,-0.1170,293.260930,44.868889,13.749
7543649,K01469.01,,FALSE POSITIVE,FALSE POSITIVE,0.0000,0,1,1,0,3.582076914,4.3180000e-06,-4.3180000e-06,355.5150640,8.640000e-04,-8.640000e-04,0.9660,0.0110,-0.0080,4.42280,0.06360,-0.06360,1.5344e+03,1.770e+01,-1.770e+01,5.33,1.520e+00,-7.000e-01,1265.0,,,604.27,524.99,-215.04,138.40,1,q1_q17_dr25_tce,6109.00,192.00,-235.00,4.422,0.090,-0.195,0.9930,0.2830,-0.1310,296.078220,43.136940,15.193
9480310,K01470.01,Kepler-1668 b,CONFIRMED,CANDIDATE,1.0000,0,0,0,0,15.434009960,3.6930000e-05,-3.6930000e-05,363.2949400,1.590000e-03,-1.590000e-03,0.7070,0.0050,-0.5200,4.25720,0.07640,-0.07640,1.7859e+03,3.490e+01,-3.490e+01,4.30,1.270e+00,-4.300e-01,721.0,,,63.79,55.86,-19.48,59.70,1,q1_q17_dr25_tce,5900.00,164.00,-226.00,4.509,0.037,-0.213,0.9510,0.2820,-0.0940,297.352330,46.095940,15.703
11858748,K01471.01,,FALSE POSITIVE,FALSE POSITIVE,0.0000,0,0,1,1,1.780984316,2.8910000e-06,-2.8910000e-06,177.8249000,1.430000e-03,-1.430000e-03,0.7820,0.1970,-0.5160,2.17300,0.10200,-0.10200,5.9090e+02,1.730e+01,-1.730e+01,2.33,6.500e-01,-1.700e-01,1397.0,,,899.03,744.43,-210.77,46.00,1,q1_q17_dr25_tce,5730.00,158.00,-158.00,4.545,0.036,-0.192,0.8700,0.2440,-0.0650,288.763180,50.174221,15.516
4741126,K01534.02,Kepler-887 c,CONFIRMED,CANDIDATE,0.9930,0,0,0,0,7.638460840,5.4250000e-05,-5.4250000e-05,138.2455700,5.820000e-03,-5.820000e-03,0.4050,0.0450,-0.4050,3.95700,0.16200,-0.16200,7.1700e+01,4.700e+00,-4.700e+00,1.12,1.900e-01,-1.600e-01,1089.0,,,333.30,159.35,-108.70,16.60,2,q1_q17_dr25_tce,6119.00,110.00,-135.00,4.274,0.115,-0.115,1.2990,0.2250,-0.1840,290.090820,39.816990,13.470
11669125,K01535.01,Kepler-888 b,CONFIRMED,CANDIDATE,0.9560,0,0,0,0,70.698172400,3.5350000e-04,-3.5350000e-04,188.5679500,4.030000e-03,-4.030000e-03,0.0260,0.4000,-0.0260,6.63200,0.10400,-0.10400,3.5770e+02,1.100e+01,-1.100e+01,1.63,2.200e-01,-1.000e-01,417.0,,,7.11,2.75,-1.28,37.70,1,q1_q17_dr25_tce,5811.00,104.00,-116.00,4.536,0.030,-0.113,0.8660,0.1180,-0.0500,295.521210,49.738628,13.046
12159249,K01536.01,Kepler-889 b,CONFIRMED,CANDIDATE,1.0000,0,0,0,0,3.744436450,1.4500000e-05,-1.4500000e-05,133.5599700,3.080000e-03,-3.080000e-03,0.1690,0.3000,-0.1690,2.91910,0.08760,-0.08760,7.3300e+01,3.400e+00,-3.400e+00,1.10,1.800e-01,-1.700e-01,1328.0,,,736.89,338.30,-247.13,25.40,1,q1_q17_dr25_tce,5876.00,104.00,-116.00,4.269,0.125,-0.112,1.2930,0.2150,-0.1960,291.467320,50.759480,12.710
9872292,K01537.01,,CANDIDATE,CANDIDATE,0.9240,0,0,0,0,10.191546780,7.8120000e-05,-7.8120000e-05,136.6975500,6.470000e-03,-6.470000e-03,0.6590,0.2740,-0.4370,6.16500,0.14300,-0.14300,6.1300e+01,2.500e+00,-2.500e+00,1.39,9.000e-02,-5.000e-02,1144.0,,,404.17,77.00,-47.20,27.60,1,q1_q17_dr25_tce,6212.00,80.00,-74.00,4.049,0.013,-0.015,1.6840,0.1070,-0.0630,281.461730,46.789894,11.740
9963461,K01538.01,,FALSE POSITIVE,FALSE POSITIVE,0.0000,0,1,0,0,10.581581895,1.6490000e-06,-1.6490000e-06,183.0084580,1.190000e-04,-1.190000e-04,0.2020,0.0090,-0.0160,6.66929,0.00948,-0.00948,1.1264e+05,1.120e+02,-1.120e+02,53.19,1.480e+01,-1.809e+01,1098.0,,,342.98,301.34,-215.65,1241.40,1,q1_q17_dr25_tce,6168.00,219.00,-241.00,4.074,0.336,-0.144,1.5670,0.4360,-0.5330,296.629790,46.880203,13.936
8081482,K01539.01,,FALSE POSITIVE,FALSE POSITIVE,0.4880,0,1,0,0,2.819453322,1.8300000e-06,-1.8300000e-06,133.8701410,5.400000e-04,-5.400000e-04,0.5320,0.0210,-0.0270,4.41270,0.04110,-0.04110,7.1867e+04,4.430e+02,-4.430e+02,29.80,8.460e+00,-5.630e+00,1357.0,,,803.40,669.34,-329.56,202.00,1,q1_q17_dr25_tce,5767.00,155.00,-155.00,4.330,0.180,-0.180,1.0740,0.3050,-0.2030,284.664000,43.985020,14.569
5542466,K01590.01,,CANDIDATE,CANDIDATE,0.9980,0,0,0,0,12.890067280,6.0120000e-05,-6.0120000e-05,201.2298900,3.250000e-03,-3.250000e-03,0.0820,0.3600,-0.0820,3.55500,0.11700,-0.11700,6.0250e+02,2.710e+01,-2.710e+01,1.93,6.000e-02,-1.400e-01,620.0,,,34.99,4.80,-6.92,23.60,1,q1_q17_dr25_tce,4915.00,78.00,-88.00,4.512,0.072,-0.022,0.8120,0.0270,-0.0580,294.364870,40.720879,15.674
4178389,K00185.01,,CANDIDATE,CANDIDATE,0.0000,0,0,0,0,23.210509958,2.1250000e-06,-2.1250000e-06,134.3863780,7.470000e-05,-7.470000e-05,0.9540,0.0300,-0.0230,3.09802,0.00829,-0.00829,2.8737e+04,4.760e+01,-4.760e+01,21.19,5.530e+00,-1.830e+00,595.0,,,29.69,22.90,-7.52,958.70,1,q1_q17_dr25_tce,5875.00,161.00,-161.00,4.572,0.033,-0.187,0.8090,0.2110,-0.0700,296.185240,39.262680,14.228
5542466,K01590.02,Kepler-1756 b,CONFIRMED,CANDIDATE,0.9030,0,0,0,0,2.355745050,1.0210000e-05,-1.0210000e-05,177.8882400,3.230000e-03,-3.230000e-03,0.5000,0.0230,-0.4580,1.79600,0.11500,-0.11500,2.6690e+02,1.800e+01,-1.800e+01,1.34,4.000e-02,-1.000e-01,1093.0,,,338.40,46.37,-66.96,17.00,2,q1_q17_dr25_tce,4915.00,78.00,-88.00,4.512,0.072,-0.022,0.8120,0.0270,-0.0580,294.364870,40.720879,15.674
5542466,K01590.03,,CANDIDATE,CANDIDATE,0.9960,0,0,0,0,4.746661280,2.7790000e-05,-2.7790000e-05,134.6378400,4.780000e-03,-4.780000e-03,0.4410,0.0470,-0.4140,2.09300,0.15600,-0.15600,2.5680e+02,2.330e+01,-2.330e+01,1.30,4.000e-02,-9.000e-02,865.0,,,132.40,18.14,-26.20,12.50,3,q1_q17_dr25_tce,4915.00,78.00,-88.00,4.512,0.072,-0.022,0.8120,0.0270,-0.0580,294.364870,40.720879,15.674
10028140,K01591.01,Kepler-1757 b,CONFIRMED,CANDIDATE,1.0000,0,0,0,0,19.656393420,6.9860000e-05,-6.9860000e-05,140.2993700,2.660000e-03,-2.660000e-03,0.9550,0.0040,-0.6640,3.22600,0.21500,-0.21500,8.4320e+02,3.730e+01,-3.730e+01,2.83,4.300e-01,-2.200e-01,549.0,,,21.50,10.59,-5.23,25.50,1,q1_q17_dr25_tce,5288.00,159.00,-143.00,4.613,0.036,-0.090,0.7400,0.1120,-0.0600,297.739840,46.941910,15.372
6048024,K01684.01,,FALSE POSITIVE,FALSE POSITIVE,0.0000,0,1,0,0,62.815844020,9.5230000e-05,-9.5230000e-05,151.4769100,1.210000e-03,-1.210000e-03,1.3100,70.1100,-0.1540,2.69010,0.06070,-0.06070,1.6884e+03,3.720e+01,-3.720e+01,57.62,1.023e+01,-5.520e+00,582.0,,,27.14,13.25,-6.84,54.60,1,q1_q17_dr25_tce,6340.00,113.00,-139.00,4.230,0.076,-0.114,1.4920,0.2650,-0.1430,293.534480,41.329899,12.849
6049190,K01685.01,Kepler-1764 b,CONFIRMED,CANDIDATE,0.3650,0,0,0,0,70.468171000,2.6800000e-04,-2.6800000e-04,189.1582200,3.450000e-03,-3.450000e-03,0.0310,0.4330,-0.0310,6.65300,0.12000,-0.12000,9.2240e+02,2.390e+01,-2.390e+01,3.46,1.110e+00,-3.700e-01,511.0,,,16.17,14.92,-4.98,45.00,1,q1_q17_dr25_tce,6461.00,158.00,-225.00,4.396,0.067,-0.202,1.1310,0.3630,-0.1210,293.879880,41.393822,14.811
6149553,K01686.01,,FALSE POSITIVE,FALSE POSITIVE,,1,0,0,0,56.867167920,,,157.2619128,,,,,,4.23000,,,,,,,,,,,,,,,,,,,,,,,,,,,298.507260,41.479050,15.886
6198999,K01687.01,Kepler-928 b,CONFIRMED,CANDIDATE,1.0000,0,0,0,0,3.932460690,1.0360000e-05,-1.0360000e-05,132.5543500,2.350000e-03,-2.350000e-03,0.4160,0.0420,-0.4120,2.17630,0.07420,-0.07420,4.5550e+02,1.760e+01,-1.760e+01,1.65,1.000e-01,-1.600e-01,894.0,,,151.31,40.89,-40.08,30.60,1,q1_q17_dr25_tce,4841.00,144.00,-129.00,4.533,0.072,-0.044,0.7790,0.0490,-0.0740,289.920720,41.542831,15.320
6310636,K01688.01,Kepler-929 b,CONFIRMED,CANDIDATE,1.0000,0,0,0,0,0.921030497,2.9920000e-06,-2.9920000e-06,132.0317100,2.640000e-03,-2.640000e-03,0.0250,0.4100,-0.0250,2.60770,0.07900,-0.07900,1.0150e+02,4.300e+00,-4.300e+00,1.62,2.500e-01,-3.500e-01,2362.0,,,7380.64,3027.37,-3065.21,27.00,1,q1_q17_dr25_tce,5843.00,79.00,-79.00,4.069,0.182,-0.084,1.6150,0.2520,-0.3460,298.481110,41.615341,14.542
6616218,K01692.01,Kepler-314 c,CONFIRMED,CANDIDATE,1.0000,0,0,0,0,5.960400011,4.3900000e-06,-4.3900000e-06,137.2651710,6.360000e-04,-6.360000e-04,0.8000,0.0770,-0.5530,2.86170,0.04410,-0.04410,8.2830e+02,7.300e+00,-7.300e+00,2.85,3.300e-01,-1.200e-01,890.0,,,148.26,50.61,-22.66,126.10,1,q1_q17_dr25_tce,5418.00,98.00,-108.00,4.534,0.024,-0.102,0.8860,0.1040,-0.0370,294.674100,42.075581,12.557
7761545,K01472.01,Kepler-857 b,CONFIRMED,CANDIDATE,0.9360,0,0,0,0,85.351487500,1.0290000e-04,-1.0290000e-04,161.0076080,9.390000e-04,-9.390000e-04,0.0520,0.2270,-0.0520,6.75040,0.04040,-0.04040,4.6747e+03,3.660e+01,-3.660e+01,6.31,8.600e-01,-3.600e-01,390.0,,,5.44,1.96,-0.89,142.80,1,q1_q17_dr25_tce,5584.00,75.00,-83.00,4.478,0.045,-0.113,0.9380,0.1270,-0.0540,294.632390,43.400471,15.061
7499398,K01473.01,,CANDIDATE,CANDIDATE,1.0000,0,0,0,0,23.020284780,2.7650000e-05,-2.7650000e-05,357.7861240,8.370000e-04,-8.370000e-04,0.7940,0.0070,-0.4200,3.54400,0.13100,-0.13100,5.0778e+03,6.270e+01,-6.270e+01,7.58,2.110e+00,-7.100e-01,604.0,,,31.40,26.25,-9.06,97.20,1,q1_q17_dr25_tce,5613.00,166.00,-200.00,4.496,0.048,-0.192,0.9560,0.2660,-0.0890,280.360230,43.123680,15.573
12365184,K01474.01,Kepler-419 b,CONFIRMED,CANDIDATE,0.9850,0,0,0,0,69.726466390,2.3800000e-05,-2.3800000e-05,196.0932430,2.760000e-04,-2.760000e-04,0.0190,0.1490,-0.0190,3.71770,0.01080,-0.01080,4.4912e+03,1.740e+01,-1.740e+01,11.65,2.120e+00,-2.120e+00,613.0,,,33.30,15.50,-12.14,300.70,1,q1_q17_dr25_tce,6430.00,77.00,-83.00,4.107,0.149,-0.122,1.7310,0.3150,-0.3150,295.417880,51.184761,13.005
4770365,K01475.01,Kepler-1669 c,CONFIRMED,CANDIDATE,1.0000,0,0,0,0,1.609321941,3.0440000e-06,-3.0440000e-06,178.9417800,1.580000e-03,-1.580000e-03,0.0160,0.4630,-0.0160,1.60670,0.05050,-0.05050,7.2850e+02,2.440e+01,-2.440e+01,1.57,7.000e-02,-8.000e-02,958.0,,,199.28,36.07,-33.23,35.30,1,q1_q17_dr25_tce,4224.00,84.00,-84.00,4.662,0.025,-0.020,0.6030,0.0270,-0.0300,297.430390,39.847839,15.937
4770365,K01475.02,Kepler-1669 b,CONFIRMED,CANDIDATE,0.9750,0,0,0,0,9.512200460,3.2100000e-05,-3.2100000e-05,185.4789300,2.960000e-03,-2.960000e-03,0.1330,0.3370,-0.1330,2.94970,0.08370,-0.08370,1.1694e+03,4.020e+01,-4.020e+01,1.99,8.000e-02,-1.000e-01,530.0,,,18.66,3.38,-3.11,31.90,2,q1_q17_dr25_tce,4224.00,84.00,-84.00,4.662,0.025,-0.020,0.6030,0.0270,-0.0300,297.430390,39.847839,15.937
4770365,K01475.03,Kepler-1669 d,CONFIRMED,CANDIDATE,0.9870,0,0,0,0,4.729411770,3.0750000e-05,-3.0750000e-05,132.9387100,5.480000e-03,-5.480000e-03,0.2360,0.2340,-0.2360,2.23400,0.15600,-0.15600,4.3430e+02,3.370e+01,-3.370e+01,1.22,5.000e-02,-6.000e-02,669.0,,,47.30,8.56,-7.89,14.60,3,q1_q17_dr25_tce,4224.00,84.00,-84.00,4.662,0.025,-0.020,0.6030,0.0270,-0.0300,297.430390,39.847839,15.937
10748390,K00003.01,Kepler-3 b,CONFIRMED,CANDIDATE,0.9130,0,0,0,0,4.887803076,4.6600000e-07,-4.6600000e-07,124.8130808,7.510000e-05,-7.510000e-05,0.0540,0.1450,-0.0540,2.36255,0.00466,-0.00466,4.3158e+03,6.100e+00,-6.100e+00,4.82,1.700e-01,-1.800e-01,800.0,,,96.67,14.91,-13.89,862.30,1,q1_q17_dr25_tce,4778.00,86.00,-95.00,4.591,0.015,-0.036,0.7630,0.0280,-0.0280,297.709350,48.080853,9.174
11804465,K00020.01,Kepler-12 b,CONFIRMED,CANDIDATE,0.7610,0,0,0,0,4.437962934,1.7100000e-07,-1.7100000e-07,171.0091259,2.880000e-05,-2.880000e-05,0.0690,0.0070,-0.0500,4.69813,0.00079,-0.00079,1.6388e+04,5.300e+00,-5.300e+00,18.05,2.920e+00,-3.570e+00,1338.0,,,757.65,339.17,-311.08,3535.60,1,q1_q17_dr25_tce,5953.00,105.00,-129.00,4.175,0.168,-0.112,1.4150,0.2290,-0.2800,286.243440,50.040379,13.438
9663113,K00179.01,Kepler-458 c,CONFIRMED,CANDIDATE,0.9990,0,0,0,0,20.740286450,2.9650000e-05,-2.9650000e-05,142.8000300,1.120000e-03,-1.120000e-03,0.4310,0.0370,-0.3630,10.39390,0.06260,-0.06260,1.0233e+03,7.500e+00,-7.500e+00,4.24,7.500e-01,-5.700e-01,798.0,,,95.68,46.87,-29.35,155.30,1,q1_q17_dr25_tce,6226.00,112.00,-124.00,4.264,0.115,-0.115,1.2990,0.2310,-0.1730,297.045410,46.328701,13.955
5649956,K01540.01,,FALSE POSITIVE,FALSE POSITIVE,0.0000,0,1,0,0,1.207852845,6.2400000e-07,-6.2400000e-07,178.2142000,4.110000e-04,-4.110000e-04,1.1130,3.2620,-0.1480,3.58020,0.03280,-0.03280,4.9720e+04,2.950e+02,-2.950e+02,38.59,8.190e+00,-4.110e+00,1539.0,,,1331.31,897.48,-391.37,205.90,1,q1_q17_dr25_tce,5601.00,186.00,-169.00,4.533,0.070,-0.130,0.7970,0.1690,-0.0850,299.103270,40.849300,15.559
4840513,K01541.01,,FALSE POSITIVE,FALSE POSITIVE,0.7590,0,1,0,0,2.379282197,4.0600000e-07,-4.0600000e-07,133.6513650,1.390000e-04,-1.390000e-04,0.0030,0.0670,-0.0030,3.17290,0.00588,-0.00588,4.8434e+04,1.060e+02,-1.060e+02,25.74,8.170e+00,-2.930e+00,1571.0,,,1442.19,1309.84,-463.54,538.00,1,q1_q17_dr25_tce,6392.00,153.00,-230.00,4.399,0.054,-0.216,1.1620,0.3690,-0.1320,293.195070,39.907280,15.189
5217586,K01592.01,,FALSE POSITIVE,FALSE POSITIVE,0.0000,0,0,1,0,26.069251200,1.0460000e-04,-1.0460000e-04,143.1254900,3.420000e-03,-3.420000e-03,1.2060,6.8390,-0.0780,7.48700,0.15200,-0.15200,8.3150e+02,1.630e+01,-1.630e+01,23.61,6.530e+00,-4.030e+00,591.0,,,28.85,23.52,-11.29,59.70,1,q1_q17_dr25_tce,5585.00,152.00,-169.00,4.409,0.148,-0.204,0.9100,0.2520,-0.1550,298.902400,40.319530,14.106
5289854,K01593.01,Kepler-308 b,CONFIRMED,CANDIDATE,0.9640,0,0,0,0,9.695011460,4.6570000e-05,-4.6570000e-05,182.4541300,4.190000e-03,-4.190000e-03,0.2930,0.1440,-0.2930,2.75000,0.10300,-0.10300,5.1520e+02,3.090e+01,-3.090e+01,2.08,6.300e-01,-2.000e-01,833.0,,,114.06,102.70,-33.16,18.30,1,q1_q17_dr25_tce,5896.00,176.00,-194.00,4.516,0.052,-0.208,0.9140,0.2740,-0.0910,295.785160,40.439548,15.809
5289854,K01593.02,Kepler-308 c,CONFIRMED,CANDIDATE,1.0000,0,0,0,0,15.382539400,1.1440000e-04,-1.1440000e-04,139.0764800,5.470000e-03,-5.470000e-03,0.0150,0.4430,-0.0150,3.81500,0.16200,-0.16200,5.5050e+02,3.300e+01,-3.300e+01,2.14,6.400e-01,-2.200e-01,714.0,,,61.61,55.47,-17.92,18.40,2,q1_q17_dr25_tce,5896.00,176.00,-194.00,4.516,0.052,-0.208,0.9140,0.2740,-0.0910,295.785160,40.439548,15.809
9895709,K01594.01,,FALSE POSITIVE,FALSE POSITIVE,0.0000,0,0,1,0,1.818939148,3.4500000e-06,-3.4500000e-06,133.1229900,1.560000e-03,-1.560000e-03,0.5600,0.3690,-0.5600,1.64400,0.32100,-0.32100,3.3120e+02,1.710e+01,-1.710e+01,1.82,5.500e-01,-1.800e-01,1549.0,,,1364.15,1227.34,-395.19,39.30,1,q1_q17_dr25_tce,6153.00,174.00,-196.00,4.487,0.052,-0.208,0.9620,0.2920,-0.0970,293.872650,46.714951,15.134
10006581,K01595.01,Kepler-902 b,CONFIRMED,CANDIDATE,1.0000,0,0,0,0,40.109781700,1.4090000e-04,-1.4090000e-04,142.0822700,2.850000e-03,-2.850000e-03,0.0160,0.4320,-0.0160,5.20960,0.08690,-0.08690,7.3200e+02,2.080e+01,-2.080e+01,3.11,4.800e-01,-5.400e-01,556.0,,,22.65,9.49,-7.96,40.30,1,q1_q17_dr25_tce,5509.00,82.00,-71.00,4.265,0.168,-0.112,1.1690,0.1830,-0.2030,289.731690,46.953819,14.904
5972334,K00191.03,,CANDIDATE,CANDIDATE,0.9980,0,0,0,0,0.708621057,1.3570000e-06,-1.3570000e-06,133.3656500,1.660000e-03,-1.660000e-03,0.0330,0.4680,-0.0330,1.50410,0.05260,-0.05260,1.8750e+02,7.300e+00,-7.300e+00,1.20,1.200e-01,-9.000e-02,1846.0,,,2741.07,857.46,-579.60,30.50,3,q1_q17_dr25_tce,5422.00,108.00,-108.00,4.484,0.063,-0.077,0.8870,0.0900,-0.0670,295.287230,41.221958,14.991
6616218,K01692.02,Kepler-314 b,CONFIRMED,CANDIDATE,0.9590,0,0,0,0,2.461069620,1.2800000e-05,-1.2800000e-05,133.3213800,4.310000e-03,-4.310000e-03,0.5750,0.3660,-0.3560,2.18400,0.11000,-0.11000,8.4200e+01,5.300e+00,-5.300e+00,0.84,1.000e-01,-4.000e-02,1195.0,,,483.09,164.90,-73.83,18.00,2,q1_q17_dr25_tce,5418.00,98.00,-108.00,4.534,0.024,-0.102,0.8860,0.1040,-0.0370,294.674100,42.075581,12.557
6696462,K01693.01,,FALSE POSITIVE,FALSE POSITIVE,1.0000,0,1,0,0,3.403743926,2.8920000e-06,-2.8920000e-06,137.2325740,6.820000e-04,-6.820000e-04,1.0750,14.7400,-0.0640,1.50170,0.04000,-0.04000,8.1590e+02,1.740e+01,-1.740e+01,10.77,2.740e+00,-9.800e-01,1101.0,,,346.98,260.77,-93.62,59.50,1,q1_q17_dr25_tce,5596.00,152.00,-169.00,4.533,0.044,-0.165,0.8530,0.2170,-0.0780,293.259160,42.126629,14.980
7220429,K01700.01,Kepler-931 b,CONFIRMED,CANDIDATE,1.0000,0,0,0,0,8.037537960,2.2690000e-05,-2.2690000e-05,139.3582000,2.370000e-03,-2.370000e-03,0.8210,0.0970,-0.5780,2.91180,0.06800,-0.06800,2.8650e+02,1.050e+01,-1.050e+01,1.54,2.000e-01,-1.700e-01,744.0,,,72.44,31.29,-22.28,31.10,1,q1_q17_dr25_tce,5044.00,151.00,-151.00,4.511,0.085,-0.570,0.8040,0.1030,-0.0930,297.132630,42.768250,14.471
7222086,K01701.01,,FALSE POSITIVE,FALSE POSITIVE,0.9830,0,1,0,0,2.439025750,5.9410000e-06,-5.9410000e-06,133.5847400,2.060000e-03,-2.060000e-03,0.4830,0.0460,-0.4260,1.15980,0.07230,-0.07230,8.2500e+01,5.300e+00,-5.300e+00,2.61,5.500e-01,-5.600e-01,2307.0,,,6700.04,3618.22,-2733.72,20.50,1,q1_q17_dr25_tce,6546.00,78.00,-78.00,3.817,0.165,-0.135,2.7840,0.5900,-0.5900,297.519070,42.777061,11.041
12406749,K01476.01,Kepler-1752 b,CONFIRMED,CANDIDATE,0.9990,0,0,0,0,56.358798700,2.6550000e-04,-2.6550000e-04,222.3181900,3.680000e-03,-3.680000e-03,0.9060,0.0090,-0.0380,6.92700,0.26800,-0.26800,2.5596e+03,6.880e+01,-6.880e+01,5.04,9.600e-01,-5.200e-01,419.0,,,7.29,4.34,-2.10,44.40,1,q1_q17_dr25_tce,5446.00,162.00,-162.00,4.525,0.072,-0.126,0.8210,0.1570,-0.0850,290.854130,51.222809,15.792
8692861,K00172.02,Kepler-69 c,CONFIRMED,CANDIDATE,0.6930,0,0,0,0,242.467406000,2.6000000e-03,-2.6000000e-03,150.8582700,7.420000e-03,-7.420000e-03,0.1730,0.2630,-0.1730,12.80800,0.26500,-0.26500,3.4030e+02,1.520e+01,-1.520e+01,1.73,2.100e-01,-2.200e-01,286.0,,,1.59,0.59,-0.45,23.20,2,q1_q17_dr25_tce,5637.00,113.00,-101.00,4.399,0.132,-0.088,0.9430,0.1170,-0.1170,293.260930,44.868889,13.749
7811397,K01477.01,,CANDIDATE,CANDIDATE,0.9220,0,0,0,0,169.497608500,6.7690000e-04,-6.7690000e-04,228.9999700,2.760000e-03,-2.760000e-03,0.6250,0.0470,-0.4060,7.77000,0.20000,-0.20000,1.2192e+04,1.690e+02,-1.690e+02,9.06,9.000e-01,-2.800e-01,272.0,,,1.29,0.37,-0.14,82.80,1,q1_q17_dr25_tce,5270.00,84.00,-73.00,4.592,0.009,-0.077,0.7870,0.0780,-0.0240,287.653960,43.505718,15.917
12403119,K01478.01,Kepler-858 b,CONFIRMED,CANDIDATE,0.9610,0,0,0,0,76.136222220,5.2040000e-05,-5.2040000e-05,199.4762370,5.540000e-04,-5.540000e-04,0.0440,0.2530,-0.0440,7.93930,0.03290,-0.03290,2.9495e+03,1.000e+01,-1.000e+01,4.78,6.000e-01,-3.100e-01,399.0,,,6.01,2.24,-1.15,339.40,1,q1_q17_dr25_tce,5591.00,111.00,-111.00,4.494,0.053,-0.098,0.8920,0.1130,-0.0570,288.848630,51.209049,12.450
9842890,K01479.01,,FALSE POSITIVE,FALSE POSITIVE,0.0000,0,0,1,0,4.988387200,2.6860000e-05,-2.6860000e-05,358.2335000,3.690000e-03,-3.690000e-03,0.9390,0.0080,-0.0240,9.14200,0.29300,-0.29300,6.3820e+02,1.440e+01,-1.440e+01,2.59,7.400e-01,-2.500e-01,990.0,,,227.27,197.71,-64.86,52.90,1,q1_q17_dr25_tce,5819.00,174.00,-192.00,4.565,0.034,-0.184,0.8230,0.2380,-0.0790,296.438140,46.615360,15.752
8113154,K01542.01,,FALSE POSITIVE,FALSE POSITIVE,0.0000,0,1,0,0,2.586878667,1.8260000e-06,-1.8260000e-06,133.8170080,5.820000e-04,-5.820000e-04,0.6510,0.0130,-0.0220,6.16140,0.05860,-0.05860,2.5480e+04,1.190e+02,-1.190e+02,19.84,5.890e+00,-2.520e+00,1666.0,,,1823.52,1551.84,-616.21,261.30,1,q1_q17_dr25_tce,6812.00,165.00,-235.00,4.343,0.084,-0.182,1.1720,0.3480,-0.1490,296.877620,43.941631,12.897
5270698,K01543.01,,FALSE POSITIVE,FALSE POSITIVE,0.1860,0,1,0,0,3.964333304,1.3010000e-06,-1.3010000e-06,136.0295420,2.680000e-04,-2.680000e-04,0.0940,0.0440,-0.0940,4.71360,0.01410,-0.01410,2.5886e+04,7.370e+01,-7.370e+01,37.09,6.080e+00,-1.130e+01,1680.0,,,1881.78,806.68,-1019.43,408.50,1,q1_q17_dr25_tce,5758.00,77.00,-77.00,3.808,0.233,-0.093,2.3180,0.3800,-0.7060,290.447360,40.442890,14.985
5024450,K01544.01,,FALSE POSITIVE,FALSE POSITIVE,0.0000,0,1,0,0,1.525924389,3.8600000e-07,-3.8600000e-07,355.4795710,1.810000e-04,-1.810000e-04,1.2170,0.1470,-0.0890,3.15998,0.00992,-0.00992,2.4627e+04,7.040e+01,-7.040e+01,49.86,1.722e+01,-6.910e+00,1722.0,,,2072.80,2170.29,-776.23,423.90,1,q1_q17_dr25_tce,6203.00,194.00,-259.00,4.427,0.072,-0.217,1.0600,0.3660,-0.1470,295.320770,40.187359,15.063
5282049,K01545.01,,FALSE POSITIVE,FALSE POSITIVE,0.9260,0,1,0,0,5.910371418,7.0500000e-07,-7.0500000e-07,360.2852478,8.390000e-05,-8.390000e-05,0.0650,0.0630,-0.0440,3.88962,0.00306,-0.00306,1.7219e+04,1.930e+01,-1.930e+01,12.62,3.840e+00,-1.280e+00,1053.0,,,290.83,270.46,-91.57,990.30,1,q1_q17_dr25_tce,6200.00,200.00,-250.00,4.488,0.050,-0.200,0.9580,0.2910,-0.0970,293.836880,40.410450,15.169
5475431,K01546.01,,CANDIDATE,CANDIDATE,0.7330,0,0,0,0,0.917568975,5.1000000e-07,-5.1000000e-07,133.9324190,4.540000e-04,-4.540000e-04,0.6670,0.0570,-0.3300,2.06540,0.07160,-0.07160,1.5805e+04,1.610e+02,-1.610e+02,11.92,2.890e+00,-9.600e-01,1748.0,,,2197.57,1578.95,-572.78,128.10,1,q1_q17_dr25_tce,5713.00,154.00,-188.00,4.541,0.031,-0.168,0.8930,0.2170,-0.0720,298.513700,40.639622,14.456
10027323,K01596.01,Kepler-309 b,CONFIRMED,CANDIDATE,1.0000,0,0,0,0,5.923657470,1.6330000e-05,-1.6330000e-05,134.6836100,2.160000e-03,-2.160000e-03,0.0450,0.3760,-0.0450,2.63020,0.07220,-0.07220,4.0650e+02,1.730e+01,-1.730e+01,0.99,7.000e-02,-9.000e-02,531.0,,,18.87,4.43,-4.65,26.40,1,q1_q17_dr25_tce,3883.00,69.00,-93.00,4.762,0.040,-0.036,0.4960,0.0360,-0.0440,297.509860,46.961262,15.157
10027323,K01596.02,Kepler-309 c,CONFIRMED,CANDIDATE,0.7380,0,0,0,0,105.358229900,5.2500000e-04,-5.2500000e-04,138.6806900,3.270000e-03,-3.270000e-03,0.7500,0.1960,-0.5110,3.81000,0.13700,-0.13700,1.2102e+03,5.610e+01,-5.610e+01,1.87,1.300e-01,-1.700e-01,204.0,,,0.41,0.09,-0.10,22.60,2,q1_q17_dr25_tce,3883.00,69.00,-93.00,4.762,0.040,-0.036,0.4960,0.0360,-0.0440,297.509860,46.961262,15.157
12019440,K00186.01,Kepler-485 b,CONFIRMED,CANDIDATE,0.9980,0,0,0,0,3.243259880,2.0900000e-07,-2.0900000e-07,133.6690203,5.240000e-05,-5.240000e-05,0.1170,0.0280,-0.0800,3.03318,0.00154,-0.00154,1.6451e+04,1.180e+01,-1.180e+01,12.91,2.110e+00,-9.100e-01,1243.0,,,563.17,236.50,-104.64,1586.20,1,q1_q17_dr25_tce,5823.00,69.00,-87.00,4.438,0.051,-0.127,1.0130,0.1660,-0.0710,294.996310,50.470058,14.952
5039228,K01597.01,,CANDIDATE,CANDIDATE,1.0000,0,0,0,0,7.796687810,2.0650000e-05,-2.0650000e-05,134.4208100,2.200000e-03,-2.200000e-03,0.0050,0.4260,-0.0050,4.66990,0.06390,-0.06390,3.6130e+02,8.700e+00,-8.700e+00,2.44,4.900e-01,-1.300e-01,1116.0,,,366.42,199.97,-65.89,48.50,1,q1_q17_dr25_tce,6521.00,117.00,-143.00,4.352,0.025,-0.136,1.2760,0.2550,-0.0680,298.368840,40.173424,12.681
10004738,K01598.01,Kepler-310 c,CONFIRMED,CANDIDATE,0.9860,0,0,0,0,56.475806900,1.2810000e-04,-1.2810000e-04,143.8112800,1.870000e-03,-1.870000e-03,0.8620,0.0190,-0.5870,5.96100,0.16900,-0.16900,1.0918e+03,1.670e+01,-1.670e+01,3.22,2.500e-01,-1.400e-01,417.0,,,7.14,1.61,-0.96,70.00,1,q1_q17_dr25_tce,5497.00,74.00,-82.00,4.570,0.014,-0.063,0.8390,0.0650,-0.0350,288.839360,46.986740,14.279
10004738,K01598.02,Kepler-310 d,CONFIRMED,CANDIDATE,1.0000,0,0,0,0,92.874729400,4.9610000e-04,-4.9610000e-04,145.9353500,3.770000e-03,-3.770000e-03,0.9170,0.0170,-0.6290,7.47400,0.21700,-0.21700,6.5880e+02,1.820e+01,-1.820e+01,2.64,2.100e-01,-1.100e-01,353.0,,,3.68,0.83,-0.50,37.90,2,q1_q17_dr25_tce,5497.00,74.00,-82.00,4.570,0.014,-0.063,0.8390,0.0650,-0.0350,288.839360,46.986740,14.279
7304449,K01702.01,Kepler-1650 b,CONFIRMED,CANDIDATE,0.9990,0,0,0,0,1.538180949,1.6150000e-06,-1.6150000e-06,131.8228230,8.960000e-04,-8.960000e-04,0.9320,0.0630,-0.6790,1.26350,0.05380,-0.05380,8.4100e+02,2.240e+01,-2.240e+01,1.00,2.300e-01,-1.800e-01,602.0,,,30.85,19.76,-11.82,47.70,1,q1_q17_dr25_tce,3364.00,74.00,-67.00,4.978,0.070,-0.070,0.2740,0.0620,-0.0500,297.729250,42.866920,15.722
7386827,K01704.01,Kepler-1765 b,CONFIRMED,CANDIDATE,1.0000,0,0,0,0,10.418891500,2.3880000e-05,-2.3880000e-05,137.7497100,1.930000e-03,-1.930000e-03,0.8560,0.0510,-0.5940,3.00690,0.04850,-0.04850,6.7000e+02,1.850e+01,-1.850e+01,3.17,9.300e-01,-5.700e-01,855.0,,,126.48,111.61,-51.22,42.10,1,q1_q17_dr25_tce,5692.00,173.00,-173.00,4.360,0.132,-0.198,1.0640,0.3110,-0.1910,298.014430,42.957458,14.860
7522911,K01705.01,Kepler-1670 b,CONFIRMED,CANDIDATE,1.0000,0,0,0,0,20.499876300,1.7160000e-04,-1.7160000e-04,131.8206800,6.640000e-03,-6.640000e-03,0.9430,0.0000,-0.7000,6.50100,0.14200,-0.14200,4.3780e+02,2.280e+01,-2.280e+01,2.80,9.200e-01,-3.100e-01,731.0,,,67.67,65.55,-21.10,21.10,1,q1_q17_dr25_tce,6249.00,174.00,-217.00,4.428,0.067,-0.202,1.0760,0.3530,-0.1180,290.326510,43.121830,15.442
7626370,K01706.01,Kepler-932 b,CONFIRMED,CANDIDATE,1.0000,0,0,0,0,1.921437488,2.1960000e-06,-2.1960000e-06,131.8062040,9.610000e-04,-9.610000e-04,0.9190,0.0310,-0.6720,1.90460,0.02850,-0.02850,2.7870e+02,5.800e+00,-5.800e+00,1.77,4.100e-01,-2.400e-01,1276.0,,,626.79,443.77,-203.34,56.70,1,q1_q17_dr25_tce,5238.00,158.00,-142.00,4.472,0.117,-0.273,0.8510,0.1970,-0.1120,296.952060,43.271969,14.131
7703955,K01707.01,Kepler-315 b,CONFIRMED,CANDIDATE,0.9980,0,0,0,0,96.109323000,2.0320000e-03,-2.0320000e-03,187.6990000,1.010000e-02,-1.010000e-02,0.9480,0.0400,-0.5350,9.87700,0.78400,-0.78400,9.8230e+02,4.830e+01,-4.830e+01,4.01,5.400e-01,-5.400e-01,409.0,,,6.59,2.54,-2.00,28.70,1,q1_q17_dr25_tce,5792.00,104.00,-104.00,4.375,0.126,-0.103,1.0050,0.1360,-0.1360,298.023100,43.363522,15.321
7512982,K01480.01,Kepler-859 b,CONFIRMED,CANDIDATE,1.0000,0,0,0,0,20.381748020,5.2390000e-05,-5.2390000e-05,142.3149900,2.090000e-03,-2.090000e-03,0.2950,0.1480,-0.2950,3.79220,0.06920,-0.06920,1.5971e+03,3.670e+01,-3.670e+01,3.16,1.100e-01,-2.200e-01,528.0,,,18.36,2.57,-3.52,46.80,1,q1_q17_dr25_tce,4883.00,77.00,-87.00,4.515,0.064,-0.020,0.8080,0.0280,-0.0550,286.741880,43.190102,15.887
7512982,K01480.02,,CANDIDATE,CANDIDATE,0.9770,0,0,0,0,7.004478920,6.2560000e-05,-6.2560000e-05,137.8990200,6.350000e-03,-6.350000e-03,0.1390,0.3190,-0.1390,2.66900,0.19400,-0.19400,2.3140e+02,2.640e+01,-2.640e+01,1.19,4.000e-02,-8.000e-02,754.0,,,76.26,10.65,-14.63,9.90,2,q1_q17_dr25_tce,4883.00,77.00,-87.00,4.515,0.064,-0.020,0.8080,0.0280,-0.0550,286.741880,43.190102,15.887
9597806,K01481.01,Kepler-860 b,CONFIRMED,CANDIDATE,1.0000,0,0,0,0,5.101375725,8.8210000e-06,-8.8210000e-06,357.4821700,1.170000e-03,-1.170000e-03,0.0270,0.3580,-0.0270,2.59500,0.03780,-0.03780,8.9460e+02,1.890e+01,-1.890e+01,2.84,8.800e-01,-3.000e-01,1050.0,,,287.28,264.29,-87.12,55.10,1,q1_q17_dr25_tce,5869.00,164.00,-205.00,4.479,0.067,-0.202,0.9540,0.2970,-0.0990,295.577270,46.254742,15.455
7812167,K01482.01,,FALSE POSITIVE,FALSE POSITIVE,0.0000,0,1,1,1,17.794004900,1.0170000e-04,-1.0170000e-04,365.3466600,3.450000e-03,-3.450000e-03,3.7200,72.7100,-4.2350,4.09100,0.18300,-0.18300,8.7940e+02,3.730e+01,-3.730e+01,312.48,1.015e+02,-3.622e+01,762.0,,,79.54,76.29,-27.15,27.70,1,q1_q17_dr25_tce,6273.00,175.00,-263.00,4.442,0.056,-0.224,1.0440,0.3390,-0.1210,288.022710,43.548210,15.378
11760959,K01484.01,,FALSE POSITIVE,FALSE POSITIVE,0.1330,0,0,1,0,3.470214010,2.2060000e-05,-2.2060000e-05,356.0994300,4.690000e-03,-4.690000e-03,0.0760,0.4100,-0.0760,2.28900,0.15500,-0.15500,1.1052e+03,8.590e+01,-8.590e+01,2.40,2.100e-01,-2.300e-01,933.0,,,179.02,64.59,-52.77,8.30,1,q1_q17_dr25_tce,4922.00,176.00,-176.00,4.555,0.066,-0.044,0.7440,0.0650,-0.0720,290.616790,49.957619,15.305
5283458,K01547.01,,CANDIDATE,CANDIDATE,1.0000,0,0,0,0,30.693955320,1.5560000e-05,-1.5560000e-05,365.6652140,3.580000e-04,-3.580000e-04,0.0010,0.1860,-0.0010,2.95120,0.01660,-0.01660,1.8121e+04,1.090e+02,-1.090e+02,13.72,4.370e+00,-1.450e+00,614.0,,,33.69,32.59,-10.67,196.60,1,q1_q17_dr25_tce,6137.00,193.00,-236.00,4.460,0.054,-0.202,1.0180,0.3240,-0.1080,294.200900,40.455959,15.673
9940565,K01548.01,,FALSE POSITIVE,FALSE POSITIVE,0.0000,0,1,0,0,2.139325409,1.1340000e-06,-1.1340000e-06,135.0622610,4.180000e-04,-4.180000e-04,1.0190,1.0900,-0.0140,2.80560,0.02270,-0.02270,6.8978e+03,5.080e+01,-5.080e+01,11.61,1.150e+00,-9.400e-01,1007.0,,,243.34,84.03,-59.38,164.40,1,q1_q17_dr25_tce,4765.00,130.00,-130.00,4.642,0.032,-0.052,0.6660,0.0660,-0.0540,286.256440,46.892670,14.708
8053552,K01549.01,,CANDIDATE,CANDIDATE,0.0000,0,0,0,0,29.481061268,9.6000000e-06,-9.6000000e-06,134.2244600,2.610000e-04,-2.610000e-04,0.9830,0.0990,-0.0530,3.66360,0.02340,-0.02340,1.1871e+04,4.830e+01,-4.830e+01,16.61,4.490e+00,-3.010e+00,571.0,,,25.10,20.52,-10.19,332.00,1,q1_q17_dr25_tce,5631.00,169.00,-169.00,4.410,0.171,-0.209,0.9010,0.2440,-0.1630,299.055850,43.897202,15.135
9663113,K00179.02,Kepler-458 b,CONFIRMED,CANDIDATE,0.0000,0,0,0,0,572.376632000,6.2150000e-03,-6.2150000e-03,306.5100600,4.250000e-03,-4.250000e-03,0.7120,0.0630,-0.3320,24.42000,0.55900,-0.55900,1.7434e+03,2.230e+01,-2.230e+01,5.80,1.040e+00,-7.700e-01,264.0,,,1.15,0.56,-0.35,78.60,2,q1_q17_dr25_tce,6226.00,112.00,-124.00,4.264,0.115,-0.115,1.2990,0.2310,-0.1730,297.045410,46.328701,13.955
8111381,K01550.01,,FALSE POSITIVE,FALSE POSITIVE,0.0000,0,1,1,0,2.233799622,9.5900000e-07,-9.5900000e-07,134.7207090,3.460000e-04,-3.460000e-04,1.2490,1.5430,-0.1760,3.04000,0.01730,-0.01730,2.6585e+03,1.390e+01,-1.390e+01,28.63,7.920e+00,-2.640e+00,1287.0,,,650.73,527.42,-175.21,228.90,1,q1_q17_dr25_tce,5741.00,153.00,-170.00,4.555,0.035,-0.196,0.8460,0.2340,-0.0780,296.365690,43.905571,15.195
5444549,K01551.01,,FALSE POSITIVE,FALSE POSITIVE,0.0000,0,1,1,0,31.138626640,3.1110000e-05,-3.1110000e-05,415.9492000,6.500000e-04,-6.500000e-04,0.8890,0.0110,-0.0080,5.24820,0.04920,-0.04920,1.1427e+04,1.210e+02,-1.210e+02,12.88,3.720e+00,-1.240e+00,582.0,,,27.22,23.83,-8.14,163.70,1,q1_q17_dr25_tce,5919.00,182.00,-223.00,4.485,0.050,-0.200,1.0000,0.2890,-0.0960,290.566680,40.678162,15.821
10004738,K01598.03,Kepler-310 b,CONFIRMED,CANDIDATE,1.0000,0,0,0,0,13.930687910,7.5260000e-05,-7.5260000e-05,134.4285100,4.090000e-03,-4.090000e-03,0.9120,0.0080,-0.6290,2.31200,0.11700,-0.11700,1.8650e+02,1.380e+01,-1.380e+01,1.40,1.100e-01,-6.000e-02,665.0,,,46.19,10.38,-6.25,14.90,3,q1_q17_dr25_tce,5497.00,74.00,-82.00,4.570,0.014,-0.063,0.8390,0.0650,-0.0350,288.839360,46.986740,14.279
5474613,K01599.01,Kepler-1659 c,CONFIRMED,CANDIDATE,0.9000,0,0,0,0,20.407484600,3.1290000e-04,-3.1290000e-04,140.1821000,1.340000e-02,-1.340000e-02,0.9860,6.1910,-0.0090,8.83900,0.49200,-0.49200,3.6340e+02,1.800e+01,-1.800e+01,2.90,8.700e-01,-3.100e-01,660.0,,,44.80,39.40,-13.58,24.50,1,q1_q17_dr25_tce,5823.00,158.00,-193.00,4.472,0.052,-0.208,0.9720,0.2910,-0.1040,298.373840,40.618420,14.802
4860932,K01600.01,,FALSE POSITIVE,FALSE POSITIVE,0.0000,0,1,1,0,12.365646690,5.9150000e-05,-5.9150000e-05,140.9202900,3.970000e-03,-3.970000e-03,1.2200,71.7400,-0.0400,3.64400,0.21500,-0.21500,3.8840e+02,2.110e+01,-2.110e+01,24.89,7.600e+00,-2.540e+00,804.0,,,98.51,88.19,-28.96,22.80,1,q1_q17_dr25_tce,6075.00,163.00,-199.00,4.495,0.052,-0.208,0.9520,0.2910,-0.0970,297.843990,39.989811,14.590
5438757,K01601.01,Kepler-903 b,CONFIRMED,CANDIDATE,0.9990,0,0,0,0,10.350784150,4.7210000e-05,-4.7210000e-05,133.7116300,3.780000e-03,-3.780000e-03,0.7900,0.0430,-0.5510,6.25300,0.11900,-0.11900,2.7310e+02,8.500e+00,-8.500e+00,1.97,3.100e-01,-2.700e-01,842.0,,,119.01,48.73,-35.39,36.50,1,q1_q17_dr25_tce,5534.00,82.00,-74.00,4.338,0.138,-0.103,1.0800,0.1650,-0.1500,288.771030,40.664181,14.659
5438757,K01601.02,Kepler-903 c,CONFIRMED,CANDIDATE,0.8380,0,0,0,0,62.922493600,7.8590000e-04,-7.8590000e-04,151.6882000,1.070000e-02,-1.070000e-02,0.9280,0.0140,-0.6550,11.64000,0.31700,-0.31700,4.1780e+02,1.620e+01,-1.620e+01,2.75,4.200e-01,-3.800e-01,462.0,,,10.73,4.40,-3.19,28.70,2,q1_q17_dr25_tce,5534.00,82.00,-74.00,4.338,0.138,-0.103,1.0800,0.1650,-0.1500,288.771030,40.664181,14.659
7750419,K01708.01,,CANDIDATE,CANDIDATE,1.0000,0,0,0,0,32.773763100,1.7880000e-04,-1.7880000e-04,151.4435200,4.630000e-03,-4.630000e-03,0.9710,0.0080,-0.6870,3.41600,0.24100,-0.24100,5.6450e+02,2.880e+01,-2.880e+01,5.00,7.800e-01,-1.170e+00,686.0,,,52.22,21.88,-23.25,21.70,1,q1_q17_dr25_tce,5640.00,84.00,-76.00,4.076,0.203,-0.087,1.5340,0.2400,-0.3600,290.882320,43.471760,14.758
5972334,K00191.04,Kepler-487 c,CONFIRMED,CANDIDATE,0.0000,0,0,0,0,38.652079600,2.5640000e-04,-2.5640000e-04,164.0445500,5.160000e-03,-5.160000e-03,0.0380,0.3950,-0.0380,5.60700,0.17900,-0.17900,5.6650e+02,2.440e+01,-2.440e+01,2.07,2.100e-01,-1.600e-01,487.0,,,13.28,4.15,-2.81,24.80,4,q1_q17_dr25_tce,5422.00,108.00,-108.00,4.484,0.063,-0.077,0.8870,0.0900,-0.0670,295.287230,41.221958,14.991
7815744,K01710.01,Kepler-933 b,CONFIRMED,CANDIDATE,0.9970,0,0,0,0,14.204426160,6.2850000e-05,-6.2850000e-05,142.7332000,3.450000e-03,-3.450000e-03,0.0110,0.4330,-0.0110,3.89800,0.10400,-0.10400,8.0060e+02,3.330e+01,-3.330e+01,1.90,3.000e-01,-1.200e-01,602.0,,,31.10,16.70,-7.29,26.70,1,q1_q17_dr25_tce,5350.00,193.00,-171.00,4.647,0.030,-0.096,0.6780,0.1050,-0.0450,289.568660,43.538609,15.469
7955580,K01711.01,Kepler-934 b,CONFIRMED,CANDIDATE,0.9910,0,0,0,0,55.673582000,2.7220000e-04,-2.7220000e-04,136.5490600,4.060000e-03,-4.060000e-03,0.2740,0.1790,-0.2740,3.77800,0.11800,-0.11800,7.6510e+02,3.790e+01,-3.790e+01,2.19,1.000e-01,-1.300e-01,384.0,,,5.16,0.85,-0.85,22.70,1,q1_q17_dr25_tce,4998.00,79.00,-79.00,4.530,0.056,-0.032,0.8080,0.0370,-0.0460,290.288450,43.755322,15.061
8230616,K01713.01,Kepler-316 c,CONFIRMED,CANDIDATE,1.0000,0,0,0,0,6.827781570,1.7440000e-05,-1.7440000e-05,131.7883900,2.200000e-03,-2.200000e-03,0.3360,0.1240,-0.3360,2.37260,0.06320,-0.06320,5.4580e+02,1.850e+01,-1.850e+01,1.34,8.000e-02,-6.000e-02,577.0,,,26.31,5.40,-4.33,32.20,2,q1_q17_dr25_tce,4198.00,83.00,-83.00,4.689,0.023,-0.028,0.5740,0.0320,-0.0280,290.826020,44.184109,15.224
9692345,K01485.01,,FALSE POSITIVE,FALSE POSITIVE,0.0000,0,1,1,1,0.687895191,1.2100000e-06,-1.2100000e-06,133.6649200,1.440000e-03,-1.440000e-03,0.0180,0.3620,-0.0180,2.42330,0.05420,-0.05420,4.6250e+02,9.300e+00,-9.300e+00,1.35,1.000e-01,-1.100e-01,1391.0,,,888.72,256.56,-230.67,60.90,1,q1_q17_dr25_tce,4478.00,133.00,-133.00,4.615,0.053,-0.025,0.6510,0.0460,-0.0560,282.179410,46.457169,15.657
7898352,K01486.01,Kepler-302 c,CONFIRMED,CANDIDATE,1.0000,0,0,0,0,127.282444200,1.6960000e-04,-1.6960000e-04,163.8900000,1.150000e-03,-1.150000e-03,0.8270,0.0090,-0.0110,7.15450,0.07440,-0.07440,8.0886e+03,6.260e+01,-6.260e+01,12.04,1.870e+00,-2.060e+00,392.0,,,5.61,2.49,-2.03,148.10,1,q1_q17_dr25_tce,5733.00,115.00,-104.00,4.281,0.143,-0.104,1.1830,0.1840,-0.2020,294.316990,43.629341,15.505
11402995,K00173.01,Kepler-481 b,CONFIRMED,CANDIDATE,1.0000,0,0,0,0,10.060832380,1.4950000e-05,-1.4950000e-05,138.9672300,1.260000e-03,-1.260000e-03,0.6720,0.0150,-0.5150,4.57180,0.05080,-0.05080,4.6020e+02,6.100e+00,-6.100e+00,2.58,4.100e-01,-4.000e-01,899.0,,,154.16,68.53,-51.89,86.40,1,q1_q17_dr25_tce,5705.00,114.00,-103.00,4.297,0.156,-0.104,1.1400,0.1770,-0.1770,291.907040,49.262051,13.844
7898352,K01486.02,Kepler-302 b,CONFIRMED,CANDIDATE,1.0000,0,0,0,0,30.183702100,1.1540000e-04,-1.1540000e-04,146.6467500,3.110000e-03,-3.110000e-03,0.0110,0.3920,-0.0110,5.87900,0.10300,-0.10300,9.7490e+02,2.890e+01,-2.890e+01,3.65,5.700e-01,-6.200e-01,634.0,,,38.20,17.02,-13.79,37.90,2,q1_q17_dr25_tce,5733.00,115.00,-104.00,4.281,0.143,-0.104,1.1830,0.1840,-0.2020,294.316990,43.629341,15.505
12062667,K01487.01,,FALSE POSITIVE,FALSE POSITIVE,0.0000,0,0,1,1,2.929282440,1.5470000e-05,-1.5470000e-05,133.7227500,4.740000e-03,-4.740000e-03,1.1400,1.1870,-0.0320,6.79400,0.21100,-0.21100,2.6860e+02,8.000e+00,-8.000e+00,38.42,6.950e+00,-1.290e+01,2112.0,,,4706.45,2516.39,-2847.92,39.20,1,q1_q17_dr25_tce,6634.00,161.00,-181.00,3.831,0.300,-0.100,2.2510,0.4070,-0.7560,292.072690,50.548290,12.674
7984047,K01552.01,,CANDIDATE,CANDIDATE,0.9390,0,0,0,0,77.634245860,6.0040000e-05,-6.0040000e-05,417.1532120,5.170000e-04,-5.170000e-04,0.1130,0.1180,-0.1130,4.10020,0.02590,-0.02590,1.6612e+04,1.020e+02,-1.020e+02,9.40,6.700e-01,-9.200e-01,325.0,,,2.65,0.85,-0.79,185.50,1,q1_q17_dr25_tce,4812.00,172.00,-172.00,4.548,0.066,-0.039,0.7550,0.0540,-0.0740,298.925930,43.750370,15.915
7951018,K01553.01,Kepler-890 b,CONFIRMED,CANDIDATE,0.3310,0,0,0,0,52.758785050,3.3470000e-05,-3.3470000e-05,156.3063510,5.260000e-04,-5.260000e-04,0.3440,0.0790,-0.2210,6.65170,0.04040,-0.04040,5.8058e+03,2.660e+01,-2.660e+01,8.76,2.910e+00,-9.700e-01,540.0,,,20.08,19.73,-6.50,265.40,1,q1_q17_dr25_tce,6228.00,174.00,-239.00,4.413,0.054,-0.216,1.1370,0.3780,-0.1260,288.435760,43.763489,15.182
9899355,K01554.01,,FALSE POSITIVE,FALSE POSITIVE,0.0000,0,1,1,1,1.332564478,2.2930000e-06,-2.2930000e-06,354.5890800,1.210000e-03,-1.210000e-03,1.2480,0.3870,-0.0810,6.03250,0.07600,-0.07600,1.0715e+03,1.110e+01,-1.110e+01,27.04,7.890e+00,-2.610e+00,1618.0,,,1627.50,1446.33,-492.96,119.60,1,q1_q17_dr25_tce,5995.00,189.00,-231.00,4.536,0.048,-0.192,0.8780,0.2560,-0.0850,295.211030,46.757229,15.866
12644774,K01555.01,,FALSE POSITIVE,FALSE POSITIVE,0.0000,0,1,1,1,41.077296900,1.9850000e-04,-1.9850000e-04,379.1284800,3.110000e-03,-3.110000e-03,0.0300,0.4150,-0.0300,5.52500,0.11400,-0.11400,1.2168e+03,4.440e+01,-4.440e+01,3.25,9.100e-01,-6.800e-01,523.0,,,17.74,15.43,-8.07,28.80,1,q1_q17_dr25_tce,5665.00,189.00,-189.00,4.381,0.195,-0.214,0.9380,0.2630,-0.1970,289.077030,51.761822,14.907
9902856,K01556.01,,FALSE POSITIVE,FALSE POSITIVE,0.0000,0,1,0,0,135.912161900,2.1950000e-04,-2.1950000e-04,277.3300000,1.180000e-03,-1.180000e-03,1.2560,63.8900,-0.2030,5.62800,0.06430,-0.06430,1.0188e+04,1.180e+02,-1.180e+02,40.18,1.228e+01,-4.350e+00,370.0,,,4.41,4.09,-1.36,99.50,1,q1_q17_dr25_tce,6141.00,192.00,-213.00,4.468,0.070,-0.210,0.9590,0.2930,-0.1040,296.417600,46.732021,15.535
7747425,K01952.04,Kepler-341 e,CONFIRMED,CANDIDATE,1.0000,0,0,0,0,42.472907800,3.6900000e-04,-3.6900000e-04,146.2871200,7.600000e-03,-7.600000e-03,0.3610,0.1100,-0.3610,7.25300,0.21400,-0.21400,3.3400e+02,1.550e+01,-1.550e+01,2.03,2.900e-01,-2.900e-01,539.0,,,19.93,7.60,-6.10,22.80,3,q1_q17_dr25_tce,5616.00,76.00,-76.00,4.327,0.132,-0.108,1.1110,0.1600,-0.1600,289.861570,43.472771,14.601
9892816,K01955.01,Kepler-342 b,CONFIRMED,CANDIDATE,0.9980,0,0,0,0,15.170269210,4.0770000e-05,-4.0770000e-05,132.6655000,2.080000e-03,-2.080000e-03,0.9170,0.0230,-0.6520,4.33110,0.05670,-0.05670,2.2480e+02,5.200e+00,-5.200e+00,2.47,4.100e-01,-3.400e-01,905.0,,,158.23,72.98,-49.43,45.40,1,q1_q17_dr25_tce,6297.00,113.00,-126.00,4.260,0.090,-0.110,1.3690,0.2280,-0.1870,292.678070,46.726711,13.147
9892816,K01955.02,Kepler-342 d,CONFIRMED,CANDIDATE,0.6030,0,0,0,0,39.457622800,2.7440000e-04,-2.7440000e-04,136.4739800,5.360000e-03,-5.360000e-03,0.9670,0.0070,-0.0140,9.55700,0.38700,-0.38700,2.4480e+02,6.900e+00,-6.900e+00,2.80,4.600e-01,-3.800e-01,658.0,,,44.26,20.41,-13.83,41.60,2,q1_q17_dr25_tce,6297.00,113.00,-126.00,4.260,0.090,-0.110,1.3690,0.2280,-0.1870,292.678070,46.726711,13.147
9836149,K01958.01,Kepler-66 b,CONFIRMED,CANDIDATE,1.0000,0,0,0,0,17.815968900,9.0200000e-05,-9.0200000e-05,134.4832000,4.090000e-03,-4.090000e-03,0.9110,0.0160,-0.6480,3.67650,0.09720,-0.09720,7.7680e+02,3.940e+01,-3.940e+01,3.12,4.600e-01,-2.100e-01,699.0,,,56.48,23.14,-11.54,22.50,1,q1_q17_dr25_tce,5964.00,107.00,-131.00,4.484,0.040,-0.120,0.9330,0.1360,-0.0630,293.981570,46.687752,15.200
4813563,K01959.01,Kepler-1026 b,CONFIRMED,CANDIDATE,1.0000,0,0,0,0,36.515763900,1.0730000e-04,-1.0730000e-04,151.2898900,2.400000e-03,-2.400000e-03,0.7870,0.0050,-0.5620,3.65770,0.08900,-0.08900,8.6130e+02,2.760e+01,-2.760e+01,2.55,1.000e-01,-1.400e-01,425.0,,,7.71,1.14,-1.29,34.70,1,q1_q17_dr25_tce,4847.00,77.00,-77.00,4.540,0.052,-0.021,0.7810,0.0300,-0.0450,283.605260,39.997978,14.254
2985767,K02032.01,Kepler-1063 b,CONFIRMED,CANDIDATE,1.0000,0,0,0,0,14.079692360,3.1030000e-05,-3.1030000e-05,139.9605300,1.840000e-03,-1.840000e-03,0.5440,0.3960,-0.3340,1.37500,0.06360,-0.06360,1.6950e+02,7.800e+00,-7.800e+00,2.08,3.600e-01,-5.500e-01,931.0,,,177.81,80.90,-86.16,26.20,1,q1_q17_dr25_tce,5821.00,78.00,-78.00,4.097,0.221,-0.102,1.5470,0.2700,-0.4060,290.526760,38.142979,12.261
2304320,K02033.01,Kepler-1064 b,CONFIRMED,CANDIDATE,0.9980,0,0,0,0,16.540813860,4.0430000e-05,-4.0430000e-05,133.9527400,2.000000e-03,-2.000000e-03,0.6880,0.0110,-0.5090,2.59960,0.06400,-0.06400,3.7000e+02,1.280e+01,-1.280e+01,1.57,1.000e-01,-8.000e-02,570.0,,,24.87,5.58,-4.14,32.80,1,q1_q17_dr25_tce,5064.00,101.00,-101.00,4.572,0.028,-0.048,0.7690,0.0490,-0.0380,291.741640,37.688938,13.755
3657758,K02034.01,Kepler-1065 b,CONFIRMED,CANDIDATE,1.0000,0,0,0,0,3.609313059,7.6050000e-06,-7.6050000e-06,133.7902400,1.860000e-03,-1.860000e-03,0.4080,0.0320,-0.4080,1.77520,0.05400,-0.05400,1.3751e+03,4.510e+01,-4.510e+01,3.26,9.200e-01,-3.100e-01,1092.0,,,336.16,286.59,-94.96,35.00,1,q1_q17_dr25_tce,5668.00,169.00,-186.00,4.545,0.036,-0.192,0.8680,0.2460,-0.0820,294.511260,38.790501,15.540
9790806,K02035.01,Kepler-1066 b,CONFIRMED,CANDIDATE,1.0000,0,0,0,0,1.931555460,1.5020000e-05,-1.5020000e-05,131.7670800,6.060000e-03,-6.060000e-03,0.8610,0.1130,-0.6350,1.61400,0.21700,-0.21700,5.0490e+02,7.250e+01,-7.250e+01,2.25,2.600e-01,-9.000e-02,1290.0,,,655.43,208.06,-85.99,8.60,1,q1_q17_dr25_tce,5461.00,73.00,-81.00,4.552,0.018,-0.102,0.8580,0.1010,-0.0340,298.866580,46.502239,13.007
6382217,K02036.01,Kepler-353 c,CONFIRMED,CANDIDATE,0.9780,0,0,0,0,8.411003050,2.3260000e-05,-2.3260000e-05,133.7985600,2.340000e-03,-2.340000e-03,0.9050,0.0050,-0.6260,2.45530,0.06210,-0.06210,7.5560e+02,3.070e+01,-3.070e+01,1.80,9.000e-02,-1.300e-01,472.0,,,11.71,2.42,-2.45,27.60,1,q1_q17_dr25_tce,3757.00,75.00,-83.00,4.718,0.039,-0.024,0.5390,0.0300,-0.0380,296.856630,41.758179,15.773
5375194,K01825.01,Kepler-964 b,CONFIRMED,CANDIDATE,1.0000,0,0,0,0,13.522523640,7.4470000e-05,-7.4470000e-05,142.1793200,4.580000e-03,-4.580000e-03,0.2160,0.2320,-0.2160,3.98700,0.14100,-0.14100,6.9060e+02,3.600e+01,-3.600e+01,2.11,2.000e-01,-1.000e-01,652.0,,,42.82,12.78,-6.99,22.40,1,q1_q17_dr25_tce,5338.00,106.00,-106.00,4.557,0.028,-0.077,0.8160,0.0780,-0.0390,295.300080,40.556591,13.895
6468138,K01826.01,Kepler-965 b,CONFIRMED,CANDIDATE,0.9870,0,0,0,0,134.252047400,5.4670000e-04,-5.4670000e-04,182.7053400,3.060000e-03,-3.060000e-03,0.0010,0.3920,-0.0010,9.06360,0.09040,-0.09040,8.3210e+02,1.660e+01,-1.660e+01,3.43,5.400e-01,-5.300e-01,393.0,,,5.63,2.44,-1.92,57.20,1,q1_q17_dr25_tce,5818.00,105.00,-117.00,4.276,0.143,-0.104,1.2000,0.1860,-0.1860,298.515320,41.891201,13.350
10019708,K00199.01,Kepler-490 b,CONFIRMED,CANDIDATE,0.9990,0,0,0,0,3.268695042,2.6200000e-07,-2.6200000e-07,137.4817205,6.500000e-05,-6.500000e-05,0.0650,0.0810,-0.0440,3.45188,0.00218,-0.00218,1.0091e+04,7.900e+00,-7.900e+00,16.91,2.610e+00,-3.920e+00,1597.0,,,1539.00,624.72,-678.87,1429.90,1,q1_q17_dr25_tce,5927.00,80.00,-80.00,4.046,0.182,-0.098,1.6910,0.2610,-0.3920,295.025670,46.956001,14.879
11875734,K01828.01,Kepler-966 b,CONFIRMED,CANDIDATE,1.0000,0,0,0,0,99.746880400,3.9380000e-04,-3.9380000e-04,208.3968800,2.780000e-03,-2.780000e-03,0.8280,0.0660,-0.5730,6.80400,0.16000,-0.16000,1.2870e+03,3.130e+01,-3.130e+01,3.94,1.400e+00,-7.500e-01,391.0,,,5.55,5.92,-2.30,45.60,1,q1_q17_dr25_tce,5620.00,169.00,-152.00,4.363,0.194,-0.237,0.9740,0.3460,-0.1860,297.270570,50.121811,14.422
7697568,K01829.01,,FALSE POSITIVE,FALSE POSITIVE,0.0000,0,1,0,0,22.841562930,4.1310000e-05,-4.1310000e-05,138.6320000,1.490000e-03,-1.490000e-03,1.2670,69.5100,-0.0510,2.59970,0.06920,-0.06920,2.9407e+03,7.250e+01,-7.250e+01,30.00,5.560e+00,-2.980e+00,557.0,,,22.78,13.60,-6.39,47.60,1,q1_q17_dr25_tce,5381.00,175.00,-159.00,4.538,0.051,-0.119,0.8260,0.1530,-0.0820,296.522430,43.363369,15.911
7046804,K00205.01,Kepler-492 b,CONFIRMED,CANDIDATE,0.9980,0,0,0,0,11.720123999,1.5740000e-06,-1.5740000e-06,142.1739990,1.090000e-04,-1.090000e-04,0.6230,0.0160,-0.0260,3.00390,0.01650,-0.01650,9.7633e+03,1.700e+01,-1.700e+01,7.94,1.060e+00,-7.100e-01,660.0,,,44.89,20.14,-11.57,707.30,1,q1_q17_dr25_tce,5215.00,158.00,-142.00,4.564,0.052,-0.078,0.7700,0.1030,-0.0690,295.496670,42.537891,14.518
7449136,K01890.01,Kepler-1002 b,CONFIRMED,CANDIDATE,1.0000,0,0,0,0,4.336435060,1.1480000e-05,-1.1480000e-05,133.8544200,2.180000e-03,-2.180000e-03,0.6410,0.2670,-0.4270,4.14450,0.05680,-0.05680,1.0850e+02,2.600e+00,-2.600e+00,1.75,7.000e-02,-9.000e-02,1453.0,,,1054.56,131.47,-153.35,48.00,1,q1_q17_dr25_tce,6180.00,74.00,-80.00,4.133,0.015,-0.015,1.6030,0.0570,-0.0820,293.079500,43.073711,11.704
8680979,K01891.01,Kepler-330 c,CONFIRMED,CANDIDATE,1.0000,0,0,0,0,15.955419130,5.0980000e-05,-5.0980000e-05,143.3023600,2.630000e-03,-2.630000e-03,0.3140,0.1260,-0.3140,3.98510,0.07880,-0.07880,7.6260e+02,2.090e+01,-2.090e+01,2.18,7.000e-02,-1.500e-01,573.0,,,25.54,3.59,-4.96,39.00,1,q1_q17_dr25_tce,4891.00,78.00,-87.00,4.516,0.067,-0.018,0.8050,0.0280,-0.0560,288.447390,44.801682,15.261
8680979,K01891.02,Kepler-330 b,CONFIRMED,CANDIDATE,0.9900,0,0,0,0,8.259803520,4.6860000e-05,-4.6860000e-05,137.4702100,4.850000e-03,-4.850000e-03,0.1610,0.3020,-0.1610,2.92800,0.13000,-0.13000,2.9840e+02,1.800e+01,-1.800e+01,1.35,4.000e-02,-1.000e-01,714.0,,,61.43,8.65,-11.93,18.30,2,q1_q17_dr25_tce,4891.00,78.00,-87.00,4.516,0.067,-0.018,0.8050,0.0280,-0.0560,288.447390,44.801682,15.261
9030537,K01892.01,Kepler-1674 b,CONFIRMED,CANDIDATE,1.0000,0,0,0,0,62.561387900,3.1870000e-04,-3.1870000e-04,178.4084700,4.030000e-03,-4.030000e-03,0.8420,0.0590,-0.5820,5.90700,0.11000,-0.11000,1.3726e+03,4.320e+01,-4.320e+01,3.54,9.300e-01,-3.100e-01,417.0,,,7.13,5.64,-1.80,35.00,1,q1_q17_dr25_tce,5662.00,169.00,-152.00,4.560,0.042,-0.168,0.8400,0.2200,-0.0730,294.816100,45.306122,15.500
6949061,K01960.01,Kepler-343 b,CONFIRMED,CANDIDATE,1.0000,0,0,0,0,8.968470340,3.0920000e-05,-3.0920000e-05,139.3947300,2.530000e-03,-2.530000e-03,0.5580,0.0570,-0.4500,4.40730,0.08200,-0.08200,2.3430e+02,6.800e+00,-6.800e+00,2.17,3.500e-01,-3.900e-01,1024.0,,,259.95,116.38,-98.45,38.20,1,q1_q17_dr25_tce,5808.00,105.00,-117.00,4.185,0.176,-0.108,1.3740,0.2210,-0.2460,291.960690,42.433010,14.128
7269493,K01961.01,Kepler-1027 b,CONFIRMED,CANDIDATE,1.0000,0,0,0,0,1.907810683,3.1680000e-06,-3.1680000e-06,131.6378400,1.410000e-03,-1.410000e-03,0.4100,0.0370,-0.4100,1.87070,0.04470,-0.04470,1.2050e+02,3.500e+00,-3.500e+00,0.91,9.000e-02,-4.000e-02,1268.0,,,609.28,188.30,-95.41,40.90,1,q1_q17_dr25_tce,5435.00,97.00,-119.00,4.578,0.010,-0.095,0.8240,0.0860,-0.0330,287.571170,42.813919,12.852
5513648,K01962.01,,CANDIDATE,CANDIDATE,1.0000,0,0,0,0,32.858625710,9.2070000e-05,-9.2070000e-05,133.5120200,2.320000e-03,-2.320000e-03,0.9550,0.0170,-0.6660,3.14830,0.08380,-0.08380,1.6280e+02,5.100e+00,-5.100e+00,2.31,1.500e-01,-1.000e-01,691.0,,,53.85,10.06,-7.41,36.40,1,q1_q17_dr25_tce,5899.00,79.00,-79.00,4.135,0.027,-0.027,1.4140,0.0860,-0.0650,284.233980,40.794540,10.770
9164836,K00213.01,,FALSE POSITIVE,FALSE POSITIVE,0.0000,0,1,0,0,48.118812545,3.4410000e-06,-3.4410000e-06,170.8396102,5.810000e-05,-5.810000e-05,1.0790,0.0200,-0.0240,5.27958,0.00291,-0.00291,6.9851e+04,3.740e+01,-3.740e+01,45.18,1.393e+01,-4.670e+00,490.0,,,13.60,12.30,-3.92,2145.10,1,q1_q17_dr25_tce,6003.00,162.00,-180.00,4.536,0.050,-0.213,0.8720,0.2690,-0.0900,295.712250,45.589771,14.474
7887791,K01964.01,,CANDIDATE,CANDIDATE,1.0000,0,0,0,0,2.229326354,6.2720000e-06,-6.2720000e-06,133.0942300,2.390000e-03,-2.390000e-03,0.2490,0.2060,-0.2490,1.99460,0.07080,-0.07080,4.9100e+01,2.300e+00,-2.300e+00,0.60,8.000e-02,-3.000e-02,1273.0,,,621.53,230.43,-111.96,24.60,1,q1_q17_dr25_tce,5587.00,110.00,-110.00,4.525,0.035,-0.105,0.8650,0.1090,-0.0500,290.703700,43.607208,10.687
11657891,K01965.01,Kepler-1028 b,CONFIRMED,CANDIDATE,1.0000,0,0,0,0,2.514628496,4.4280000e-06,-4.4280000e-06,132.9090400,1.430000e-03,-1.430000e-03,0.2470,0.2180,-0.2470,1.62390,0.05170,-0.05170,2.2840e+02,8.200e+00,-8.200e+00,1.27,3.100e-01,-1.100e-01,1217.0,,,517.89,376.64,-126.58,33.30,1,q1_q17_dr25_tce,5662.00,152.00,-152.00,4.560,0.031,-0.168,0.8400,0.2070,-0.0690,289.593080,49.781158,14.325
6305192,K00219.01,Kepler-494 b,CONFIRMED,CANDIDATE,1.0000,0,0,0,0,8.025118521,3.1660000e-06,-3.1660000e-06,132.4691330,3.250000e-04,-3.250000e-04,0.4540,0.0420,-0.3230,5.36940,0.03960,-0.03960,3.1204e+03,1.060e+01,-1.060e+01,7.79,1.370e+00,-1.370e+00,1093.0,,,336.73,167.37,-125.86,373.00,1,q1_q17_dr25_tce,6002.00,120.00,-120.00,4.196,0.162,-0.108,1.3690,0.2410,-0.2410,297.214080,41.664040,14.153
6382217,K02036.02,Kepler-353 b,CONFIRMED,CANDIDATE,1.0000,0,0,0,0,5.795294950,3.6230000e-05,-3.6230000e-05,136.7797400,5.460000e-03,-5.460000e-03,0.7140,0.2360,-0.4930,2.27200,0.14700,-0.14700,3.3430e+02,2.600e+01,-2.600e+01,1.05,6.000e-02,-7.000e-02,534.0,,,19.23,3.97,-4.03,14.80,2,q1_q17_dr25_tce,3757.00,75.00,-83.00,4.718,0.039,-0.024,0.5390,0.0300,-0.0380,296.856630,41.758179,15.773
9634821,K02037.01,Kepler-1995 b,CONFIRMED,CANDIDATE,0.9790,0,0,0,0,73.757887500,4.3040000e-04,-4.3040000e-04,183.7234800,4.880000e-03,-4.880000e-03,0.7140,0.2050,-0.4870,2.69000,0.11500,-0.11500,1.8369e+03,9.880e+01,-9.880e+01,4.28,2.210e+00,-6.600e-01,375.0,,,4.66,7.81,-1.77,20.20,1,q1_q17_dr25_tce,5029.00,192.00,-174.00,4.429,0.130,-0.416,0.9300,0.4810,-0.1440,284.342740,46.316551,15.213
9634821,K02037.03,,CANDIDATE,CANDIDATE,1.0000,0,0,0,0,8.562672660,4.3080000e-05,-4.3080000e-05,355.1351800,3.480000e-03,-3.480000e-03,0.3350,0.1260,-0.3350,1.53000,0.12900,-0.12900,6.0810e+02,5.060e+01,-5.060e+01,2.26,1.170e+00,-3.500e-01,768.0,,,82.22,137.64,-31.21,15.20,3,q1_q17_dr25_tce,5029.00,192.00,-174.00,4.429,0.130,-0.416,0.9300,0.4810,-0.1440,284.342740,46.316551,15.213
8950568,K02038.01,Kepler-85 b,CONFIRMED,CANDIDATE,1.0000,0,0,0,0,8.305377020,3.9370000e-05,-3.9370000e-05,139.7437000,4.400000e-03,-4.400000e-03,0.4890,0.6340,-0.4890,3.75100,0.60100,-0.60100,3.6560e+02,2.660e+01,-2.660e+01,1.69,1.800e-01,-1.300e-01,809.0,,,101.43,32.20,-21.90,28.50,1,q1_q17_dr25_tce,5435.00,109.00,-109.00,4.495,0.063,-0.077,0.8730,0.0900,-0.0680,290.973420,45.290321,14.779
3326377,K01830.01,Kepler-967 b,CONFIRMED,CANDIDATE,1.0000,0,0,0,0,13.227140560,2.7280000e-05,-2.7280000e-05,142.2025100,1.660000e-03,-1.660000e-03,0.0130,0.4060,-0.0130,3.28610,0.05100,-0.05100,8.1200e+02,1.780e+01,-1.780e+01,2.22,1.500e-01,-1.200e-01,638.0,,,39.10,9.11,-6.79,51.80,1,q1_q17_dr25_tce,5180.00,103.00,-103.00,4.548,0.036,-0.054,0.8000,0.0540,-0.0430,286.558070,38.405369,14.443
11601584,K01831.01,Kepler-324 c,CONFIRMED,CANDIDATE,1.0000,0,0,0,0,51.809827600,2.2940000e-04,-2.2940000e-04,182.9733500,3.270000e-03,-3.270000e-03,0.2730,0.6680,-0.5970,6.34300,0.45400,-0.45400,1.0254e+03,2.320e+01,-2.320e+01,2.60,1.900e-01,-1.600e-01,410.0,,,6.71,1.66,-1.25,56.80,1,q1_q17_dr25_tce,5191.00,103.00,-103.00,4.530,0.044,-0.055,0.8260,0.0610,-0.0500,286.471470,49.649021,14.122
11601584,K01831.02,Kepler-324 b,CONFIRMED,CANDIDATE,0.9500,0,0,0,0,4.385364280,1.3660000e-05,-1.3660000e-05,139.2254800,2.580000e-03,-2.580000e-03,0.3350,0.1170,-0.3350,2.51260,0.07770,-0.07770,1.9850e+02,8.500e+00,-8.500e+00,1.15,9.000e-02,-7.000e-02,935.0,,,180.22,44.60,-33.41,25.90,2,q1_q17_dr25_tce,5191.00,103.00,-103.00,4.530,0.044,-0.055,0.8260,0.0610,-0.0500,286.471470,49.649021,14.122
11601584,K01831.03,Kepler-324 d,CONFIRMED,CANDIDATE,0.8500,0,0,0,0,34.205785079,,,148.8050925,,,0.3190,,,5.16910,,,1.8320e+02,,,1.10,9.000e-02,-6.000e-02,471.0,,,11.67,2.89,-2.16,11.60,4,q1_q17_dr25_tce,5191.00,103.00,-103.00,4.530,0.044,-0.055,0.8260,0.0610,-0.0500,286.471470,49.649021,14.122
11601584,K01831.04,Kepler-324 e,CONFIRMED,CANDIDATE,0.9800,0,0,0,0,13.979450550,3.9170000e-05,-3.9170000e-05,142.3382900,2.250000e-03,-2.250000e-03,0.9240,0.0150,-0.6450,1.23250,0.08000,-0.08000,3.5610e+02,2.590e+01,-2.590e+01,1.97,1.500e-01,-1.200e-01,635.0,,,38.44,9.51,-7.13,17.10,3,q1_q17_dr25_tce,5191.00,103.00,-103.00,4.530,0.044,-0.055,0.8260,0.0610,-0.0500,286.471470,49.649021,14.122
8689793,K01893.01,Kepler-1003 b,CONFIRMED,CANDIDATE,1.0000,0,0,0,0,3.554856338,6.6580000e-06,-6.6580000e-06,131.8039800,1.590000e-03,-1.590000e-03,0.3310,0.0930,-0.3310,2.10040,0.04280,-0.04280,2.3290e+02,6.700e+00,-6.700e+00,1.29,3.700e-01,-1.000e-01,1157.0,,,425.04,359.93,-100.90,40.80,1,q1_q17_dr25_tce,6068.00,163.00,-181.00,4.565,0.036,-0.204,0.8310,0.2400,-0.0600,292.020450,44.876221,14.053
11673802,K01894.01,Kepler-1004 b,CONFIRMED,CANDIDATE,1.0000,0,0,0,0,5.287907540,1.1290000e-05,-1.1290000e-05,135.3611900,1.800000e-03,-1.800000e-03,0.4740,0.3540,-0.2730,8.52740,0.05910,-0.05910,3.4390e+02,4.300e+00,-4.300e+00,7.10,3.500e-01,-9.600e-01,1661.0,,,1802.31,262.70,-548.56,90.60,1,q1_q17_dr25_tce,4994.00,52.00,-89.00,3.433,0.020,-0.024,3.8180,0.1850,-0.5170,297.359280,49.797550,13.427
4263293,K01895.01,Kepler-331 b,CONFIRMED,CANDIDATE,1.0000,0,0,0,0,8.457466360,3.0530000e-05,-3.0530000e-05,133.8713200,2.980000e-03,-2.980000e-03,0.2090,0.2530,-0.2090,2.29060,0.09410,-0.09410,1.3203e+03,6.740e+01,-6.740e+01,1.87,1.600e-01,-1.600e-01,540.0,,,20.08,6.25,-5.40,21.80,1,q1_q17_dr25_tce,4347.00,117.00,-143.00,4.730,0.050,-0.041,0.5240,0.0450,-0.0450,291.834320,39.307362,15.862
4263293,K01895.02,Kepler-331 c,CONFIRMED,CANDIDATE,1.0000,0,0,0,0,17.281169570,8.9970000e-05,-8.9970000e-05,136.0071800,4.010000e-03,-4.010000e-03,0.2060,0.2710,-0.2060,2.82900,0.13700,-0.13700,1.5628e+03,8.330e+01,-8.330e+01,2.04,1.700e-01,-1.800e-01,425.0,,,7.75,2.41,-2.08,20.30,2,q1_q17_dr25_tce,4347.00,117.00,-143.00,4.730,0.050,-0.041,0.5240,0.0450,-0.0450,291.834320,39.307362,15.862
4263293,K01895.03,Kepler-331 d,CONFIRMED,CANDIDATE,0.2430,0,0,0,0,32.134001400,2.5470000e-04,-2.5470000e-04,142.2758200,6.670000e-03,-6.670000e-03,0.2560,0.1910,-0.2560,2.69100,0.20500,-0.20500,1.2620e+03,1.160e+02,-1.160e+02,1.84,1.500e-01,-1.600e-01,346.0,,,3.39,1.05,-0.92,11.80,3,q1_q17_dr25_tce,4347.00,117.00,-143.00,4.730,0.050,-0.041,0.5240,0.0450,-0.0450,291.834320,39.307362,15.862
5695524,K01897.01,Kepler-1774 b,CONFIRMED,CANDIDATE,0.9380,0,0,0,0,59.771143300,2.1460000e-04,-2.1460000e-04,148.9688600,2.980000e-03,-2.980000e-03,0.8990,0.0300,-0.6190,4.84300,0.10700,-0.10700,5.7450e+02,1.730e+01,-1.730e+01,3.17,1.090e+00,-4.300e-01,522.0,,,17.53,17.71,-6.19,38.50,1,q1_q17_dr25_tce,6214.00,173.00,-217.00,4.382,0.087,-0.217,1.1220,0.3840,-0.1530,288.574430,40.988659,13.952
6205897,K01967.01,Kepler-1029 b,CONFIRMED,CANDIDATE,1.0000,0,0,0,0,4.417692516,9.0400000e-06,-9.0400000e-06,133.9613900,1.590000e-03,-1.590000e-03,0.9710,0.0430,-0.6850,2.32300,0.12200,-0.12200,2.7920e+02,9.000e+00,-9.000e+00,1.57,9.000e-02,-6.000e-02,790.0,,,92.16,17.36,-12.69,35.10,1,q1_q17_dr25_tce,4766.00,77.00,-77.00,4.645,0.015,-0.039,0.6640,0.0370,-0.0270,292.132970,41.547539,14.310
7948784,K01968.01,Kepler-1778 b,CONFIRMED,CANDIDATE,1.0000,0,0,0,0,10.087445560,2.4180000e-05,-2.4180000e-05,135.1358200,2.180000e-03,-2.180000e-03,0.9210,0.0030,-0.6360,2.98840,0.07130,-0.07130,5.6810e+02,1.610e+01,-1.610e+01,3.15,9.000e-01,-3.800e-01,942.0,,,186.14,155.73,-60.51,39.90,1,q1_q17_dr25_tce,6310.00,168.00,-205.00,4.417,0.065,-0.195,1.0950,0.3130,-0.1340,287.361270,43.738781,15.079
9244756,K01969.01,Kepler-1779 b,CONFIRMED,CANDIDATE,1.0000,0,0,0,0,16.343559020,7.6390000e-05,-7.6390000e-05,145.0411600,3.630000e-03,-3.630000e-03,0.7160,0.2030,-0.4780,5.47400,0.12200,-0.12200,8.2940e+02,2.750e+01,-2.750e+01,3.26,5.000e-01,-2.900e-01,730.0,,,67.34,27.00,-14.74,34.00,1,q1_q17_dr25_tce,5730.00,77.00,-86.00,4.394,0.080,-0.120,1.0560,0.1610,-0.0940,300.417510,45.605518,15.017
9650808,K01970.01,Kepler-344 b,CONFIRMED,CANDIDATE,1.0000,0,0,0,0,21.964016460,6.9640000e-05,-6.9640000e-05,133.0358600,2.510000e-03,-2.510000e-03,0.4830,0.0000,-0.4460,2.75090,0.07660,-0.07660,6.9340e+02,2.830e+01,-2.830e+01,2.57,7.200e-01,-3.100e-01,643.0,,,40.41,33.23,-12.70,26.90,1,q1_q17_dr25_tce,5774.00,156.00,-173.00,4.447,0.081,-0.189,0.9580,0.2680,-0.1150,292.499630,46.324409,15.378
9650808,K01970.02,Kepler-344 c,CONFIRMED,CANDIDATE,0.8990,0,0,0,0,125.602323000,1.1140000e-03,-1.1140000e-03,215.4336000,6.290000e-03,-6.290000e-03,0.0650,0.4000,-0.0650,7.10500,0.20600,-0.20600,9.2570e+02,4.110e+01,-4.110e+01,2.89,8.100e-01,-3.500e-01,360.0,,,3.95,3.25,-1.24,23.30,2,q1_q17_dr25_tce,5774.00,156.00,-173.00,4.447,0.081,-0.189,0.9580,0.2680,-0.1150,292.499630,46.324409,15.378
8950568,K02038.02,Kepler-85 c,CONFIRMED,CANDIDATE,1.0000,0,0,0,0,12.513533250,6.1510000e-05,-6.1510000e-05,139.4246100,4.070000e-03,-4.070000e-03,0.5960,0.0350,-0.4700,4.30100,0.15700,-0.15700,4.3080e+02,1.640e+01,-1.640e+01,1.88,1.900e-01,-1.500e-01,706.0,,,58.69,18.63,-12.67,30.00,2,q1_q17_dr25_tce,5435.00,109.00,-109.00,4.495,0.063,-0.077,0.8730,0.0900,-0.0680,290.973420,45.290321,14.779
8950568,K02038.03,Kepler-85 d,CONFIRMED,CANDIDATE,0.8890,0,0,0,0,17.913421500,2.1490000e-04,-2.1490000e-04,135.5292100,9.270000e-03,-9.270000e-03,0.8320,0.1460,-0.5870,4.36400,0.24400,-0.24400,1.9780e+02,1.850e+01,-1.850e+01,1.39,1.500e-01,-1.000e-01,626.0,,,36.38,11.55,-7.85,11.40,4,q1_q17_dr25_tce,5435.00,109.00,-109.00,4.495,0.063,-0.077,0.8730,0.0900,-0.0680,290.973420,45.290321,14.779
8950568,K02038.04,Kepler-85 e,CONFIRMED,CANDIDATE,0.9980,0,0,0,0,25.214914300,3.9920000e-04,-3.9920000e-04,152.6912000,1.560000e-02,-1.560000e-02,0.5990,0.3760,-0.3890,5.76000,0.51400,-0.51400,1.7410e+02,2.380e+01,-2.380e+01,1.19,1.300e-01,-9.000e-02,559.0,,,23.05,7.31,-4.98,9.90,3,q1_q17_dr25_tce,5435.00,109.00,-109.00,4.495,0.063,-0.077,0.8730,0.0900,-0.0680,290.973420,45.290321,14.779
8804845,K02039.01,Kepler-1067 c,CONFIRMED,CANDIDATE,0.9510,0,0,0,0,5.425869010,1.7670000e-05,-1.7670000e-05,135.8658900,2.740000e-03,-2.740000e-03,0.1000,0.3360,-0.1000,2.53420,0.08360,-0.08360,2.5900e+02,1.080e+01,-1.080e+01,1.48,2.000e-01,-8.000e-02,973.0,,,211.66,76.42,-34.67,26.10,1,q1_q17_dr25_tce,5594.00,75.00,-83.00,4.489,0.038,-0.113,0.9340,0.1270,-0.0540,285.387420,45.049049,14.305
10480915,K02040.01,Kepler-1785 b,CONFIRMED,CANDIDATE,1.0000,0,0,0,0,19.585611770,4.5260000e-05,-4.5260000e-05,132.3647200,1.980000e-03,-1.980000e-03,0.9640,0.0250,-0.6750,1.75500,0.11100,-0.11100,5.3290e+02,2.370e+01,-2.370e+01,3.09,4.100e-01,-3.400e-01,666.0,,,46.51,18.16,-12.21,27.10,1,q1_q17_dr25_tce,5618.00,112.00,-101.00,4.401,0.100,-0.100,0.9960,0.1330,-0.1090,295.792180,47.600101,14.180
11709244,K01832.01,Kepler-325 b,CONFIRMED,CANDIDATE,1.0000,0,0,0,0,4.544436472,6.7600000e-06,-6.7600000e-06,134.9015900,1.270000e-03,-1.270000e-03,0.7310,0.1620,-0.4940,1.81410,0.04440,-0.04440,8.7930e+02,2.410e+01,-2.410e+01,3.00,3.400e-01,-2.500e-01,1017.0,,,253.48,79.06,-52.84,42.50,1,q1_q17_dr25_tce,5445.00,81.00,-81.00,4.458,0.072,-0.096,0.9370,0.1050,-0.0780,289.835420,49.825630,15.009
11709244,K01832.02,Kepler-325 c,CONFIRMED,CANDIDATE,0.9740,0,0,0,0,12.762205580,5.5480000e-05,-5.5480000e-05,143.7302600,3.910000e-03,-3.910000e-03,0.9550,0.0120,-0.7290,2.06880,0.08230,-0.08230,6.5380e+02,4.340e+01,-4.340e+01,3.18,3.500e-01,-2.700e-01,721.0,,,63.86,19.92,-13.31,17.40,2,q1_q17_dr25_tce,5445.00,81.00,-81.00,4.458,0.072,-0.096,0.9370,0.1050,-0.0780,289.835420,49.825630,15.009
11709244,K01832.03,Kepler-325 d,CONFIRMED,CANDIDATE,0.9990,0,0,0,0,38.714961700,2.5110000e-04,-2.5110000e-04,134.0313000,5.000000e-03,-5.000000e-03,0.6910,0.0530,-0.4940,3.44100,0.16400,-0.16400,6.9480e+02,4.630e+01,-4.630e+01,2.62,3.000e-01,-2.100e-01,498.0,,,14.55,4.53,-3.04,16.20,3,q1_q17_dr25_tce,5445.00,81.00,-81.00,4.458,0.072,-0.096,0.9370,0.1050,-0.0780,289.835420,49.825630,15.009
10019708,K00199.02,,FALSE POSITIVE,FALSE POSITIVE,0.0000,0,1,1,0,8.784582740,7.2520000e-05,-7.2520000e-05,135.3781200,6.780000e-03,-6.780000e-03,0.6810,0.0050,-0.5310,6.45900,0.24400,-0.24400,2.1080e+02,9.200e+00,-9.200e+00,2.60,4.000e-01,-6.000e-01,1149.0,,,411.55,167.07,-181.54,25.90,2,q1_q17_dr25_tce,5927.00,80.00,-80.00,4.046,0.182,-0.098,1.6910,0.2610,-0.3920,295.025670,46.956001,14.879
11853878,K01833.01,Kepler-968 b,CONFIRMED,CANDIDATE,1.0000,0,0,0,0,3.692986230,7.3160000e-06,-7.3160000e-06,132.7362400,1.600000e-03,-1.600000e-03,0.7750,0.0510,-0.5310,1.77440,0.05430,-0.05430,7.6330e+02,2.570e+01,-2.570e+01,1.74,1.500e-01,-1.500e-01,745.0,,,72.66,22.54,-19.48,33.90,1,q1_q17_dr25_tce,4402.00,118.00,-144.00,4.682,0.045,-0.036,0.5720,0.0490,-0.0490,285.602540,50.112041,14.265
5728139,K00206.01,Kepler-433 b,CONFIRMED,CANDIDATE,1.0000,0,0,0,0,5.334082429,1.3320000e-06,-1.3320000e-06,131.9817610,2.080000e-04,-2.080000e-04,0.0450,0.0520,-0.0450,6.22260,0.00687,-0.00687,4.6765e+03,8.300e+00,-8.300e+00,13.08,2.450e+00,-3.000e+00,1495.0,,,1180.64,571.89,-512.17,653.40,1,q1_q17_dr25_tce,6332.00,82.00,-75.00,4.016,0.180,-0.120,1.9050,0.3570,-0.4370,297.593660,40.977268,14.463
7668663,K01898.01,Kepler-1005 b,CONFIRMED,CANDIDATE,1.0000,0,0,0,0,6.498014700,1.4080000e-05,-1.4080000e-05,136.0010800,1.780000e-03,-1.780000e-03,0.9200,0.0150,-0.6620,2.43840,0.03530,-0.03530,1.9090e+02,5.400e+00,-5.400e+00,1.87,2.700e-01,-2.800e-01,1026.0,,,262.18,109.50,-86.92,41.20,1,q1_q17_dr25_tce,5727.00,104.00,-115.00,4.328,0.137,-0.112,1.1040,0.1640,-0.1640,286.286010,43.320461,13.250
7047922,K01899.01,Kepler-1006 b,CONFIRMED,CANDIDATE,0.9750,0,0,0,0,19.761692470,6.9830000e-05,-6.9830000e-05,135.1779400,2.800000e-03,-2.800000e-03,0.9240,0.0320,-0.6390,3.90970,0.08710,-0.08710,3.9250e+02,1.180e+01,-1.180e+01,2.81,9.400e-01,-6.200e-01,791.0,,,92.38,103.55,-53.14,35.30,1,q1_q17_dr25_tce,6327.00,291.00,-542.00,4.327,0.158,-0.193,1.1750,0.3890,-0.2590,295.754120,42.537479,14.563
9353314,K01900.01,Kepler-1007 b,CONFIRMED,CANDIDATE,1.0000,0,0,0,0,5.184989610,1.1590000e-05,-1.1590000e-05,131.8814000,1.850000e-03,-1.850000e-03,0.0210,0.4150,-0.0210,2.13970,0.05800,-0.05800,4.3010e+02,1.370e+01,-1.370e+01,1.15,9.000e-02,-1.200e-01,652.0,,,42.62,13.44,-12.09,36.40,1,q1_q17_dr25_tce,4325.00,131.00,-131.00,4.680,0.059,-0.027,0.5600,0.0450,-0.0560,295.906560,45.809120,14.744
3629967,K01901.01,Kepler-1775 b,CONFIRMED,CANDIDATE,0.9560,0,0,0,0,85.654247600,4.3280000e-04,-4.3280000e-04,155.1234600,3.870000e-03,-3.870000e-03,0.0120,0.4420,-0.0120,6.86600,0.12200,-0.12200,4.7600e+02,1.490e+01,-1.490e+01,3.56,5.400e-01,-8.200e-01,522.0,,,17.51,6.89,-7.72,36.60,1,q1_q17_dr25_tce,5818.00,69.00,-86.00,4.065,0.202,-0.081,1.6470,0.2520,-0.3780,286.402310,38.738541,13.340
9347009,K01971.01,Kepler-1030 b,CONFIRMED,CANDIDATE,1.0000,0,0,0,0,19.329456020,9.0410000e-05,-9.0410000e-05,133.2671700,3.560000e-03,-3.560000e-03,0.0090,0.4570,-0.0090,3.79400,0.12200,-0.12200,9.3550e+02,4.020e+01,-4.020e+01,2.26,2.700e-01,-1.400e-01,529.0,,,18.57,7.70,-4.03,26.80,1,q1_q17_dr25_tce,5026.00,149.00,-149.00,4.604,0.020,-0.080,0.7630,0.0930,-0.0460,293.681920,45.817558,15.719
11253711,K01972.01,,CANDIDATE,CANDIDATE,0.9910,0,0,0,0,17.791086670,4.4130000e-05,-4.4130000e-05,149.2534400,1.970000e-03,-1.970000e-03,0.6540,0.0370,-0.4950,2.66200,0.05930,-0.05930,4.1420e+02,1.130e+01,-1.130e+01,2.88,4.700e-01,-6.400e-01,830.0,,,112.09,48.40,-47.00,39.80,1,q1_q17_dr25_tce,5855.00,79.00,-70.00,4.148,0.195,-0.105,1.3400,0.2210,-0.2940,296.089750,48.955372,13.800
4917596,K01973.01,Kepler-1032 b,CONFIRMED,CANDIDATE,1.0000,0,0,0,0,3.290114076,6.2330000e-06,-6.2330000e-06,133.1570900,1.680000e-03,-1.680000e-03,0.2030,0.2480,-0.2030,1.51510,0.05360,-0.05360,6.4530e+02,2.570e+01,-2.570e+01,1.49,1.200e-01,-1.300e-01,802.0,,,97.96,29.97,-25.46,30.30,1,q1_q17_dr25_tce,4484.00,134.00,-134.00,4.654,0.054,-0.027,0.5940,0.0460,-0.0510,289.930850,40.097752,15.753
4743513,K00024.01,,FALSE POSITIVE,FALSE POSITIVE,0.0000,0,1,1,1,2.086075752,1.3920000e-06,-1.3920000e-06,170.9656270,5.750000e-04,-5.750000e-04,0.9140,0.0080,-0.0120,2.26470,0.05200,-0.05200,3.6578e+03,5.380e+01,-5.380e+01,10.30,2.080e+00,-3.140e+00,1845.0,,,2747.42,1679.34,-1545.05,102.20,1,q1_q17_dr25_tce,6131.00,168.00,-153.00,4.071,0.294,-0.126,1.4170,0.2870,-0.4310,290.815400,39.819469,12.963
11046458,K00214.01,Kepler-424 b,CONFIRMED,CANDIDATE,1.0000,0,0,0,0,3.311864148,3.5500000e-07,-3.5500000e-07,131.7427761,8.650000e-05,-8.650000e-05,0.9050,0.0050,-0.0070,1.40490,0.01390,-0.01390,5.9765e+03,2.420e+01,-2.420e+01,9.06,1.160e+00,-3.300e-01,1116.0,,,365.94,125.14,-46.03,448.20,1,q1_q17_dr25_tce,5461.00,73.00,-82.00,4.499,0.023,-0.120,0.9370,0.1200,-0.0340,298.624880,48.577450,14.256
9111849,K02042.01,,CANDIDATE,CANDIDATE,0.9940,0,0,0,0,63.073224100,2.8660000e-04,-2.8660000e-04,191.2532000,3.540000e-03,-3.540000e-03,0.7460,0.1840,-0.5330,5.39700,0.12200,-0.12200,6.7130e+02,2.550e+01,-2.550e+01,17.80,4.460e+00,-8.910e+00,1077.0,,,317.78,202.95,-242.18,30.00,1,q1_q17_dr25_tce,6234.00,74.00,-74.00,3.209,0.458,-0.122,6.3540,1.5900,-3.1800,298.750180,45.466400,13.089
7132798,K00220.01,Kepler-119 b,CONFIRMED,CANDIDATE,1.0000,0,0,0,0,2.422084188,4.8300000e-07,-4.8300000e-07,132.9400790,1.650000e-04,-1.650000e-04,0.0580,0.2290,-0.0580,2.56130,0.00828,-0.00828,1.8718e+03,5.200e+00,-5.200e+00,3.55,7.500e-01,-3.200e-01,1213.0,,,511.66,323.27,-136.32,423.70,1,q1_q17_dr25_tce,5598.00,149.00,-166.00,4.565,0.036,-0.144,0.8300,0.1760,-0.0750,295.946410,42.658920,14.236
3448130,K02043.01,Kepler-1786 b,CONFIRMED,CANDIDATE,0.9830,0,0,0,0,78.546110600,4.2500000e-04,-4.2500000e-04,144.0687100,4.040000e-03,-4.040000e-03,0.0440,0.3660,-0.0440,8.68900,0.13100,-0.13100,6.5870e+02,2.130e+01,-2.130e+01,3.55,5.800e-01,-6.400e-01,501.0,,,14.85,6.34,-5.44,35.60,1,q1_q17_dr25_tce,5808.00,78.00,-78.00,4.172,0.162,-0.108,1.3970,0.2280,-0.2540,292.587800,38.522030,14.087
9656252,K02044.01,Kepler-1068 b,CONFIRMED,CANDIDATE,1.0000,0,0,0,0,16.923421260,5.9480000e-05,-5.9480000e-05,145.8140700,2.800000e-03,-2.800000e-03,0.5150,0.3850,-0.3070,4.18640,0.09040,-0.09040,1.1253e+03,3.180e+01,-3.180e+01,3.40,5.000e-01,-2.200e-01,702.0,,,57.37,22.47,-9.99,40.80,1,q1_q17_dr25_tce,5786.00,78.00,-86.00,4.465,0.038,-0.120,0.9900,0.1470,-0.0630,294.648160,46.392361,15.818
6026438,K02045.01,Kepler-354 b,CONFIRMED,CANDIDATE,1.0000,0,0,0,0,5.476658010,1.3490000e-05,-1.3490000e-05,135.7043100,2.140000e-03,-2.140000e-03,0.7880,0.1270,-0.5670,2.54820,0.07020,-0.07020,6.4800e+02,2.280e+01,-2.280e+01,2.01,1.300e-01,-1.800e-01,741.0,,,71.00,18.57,-18.52,32.10,1,q1_q17_dr25_tce,4650.00,125.00,-139.00,4.589,0.048,-0.028,0.7060,0.0460,-0.0610,285.751460,41.335640,15.549
9471268,K01835.01,Kepler-326 c,CONFIRMED,CANDIDATE,1.0000,0,0,0,0,4.580346161,7.0380000e-06,-7.0380000e-06,134.0754000,1.310000e-03,-1.310000e-03,0.3840,0.0770,-0.3840,2.09700,0.03840,-0.03840,3.0830e+02,6.800e+00,-6.800e+00,1.38,9.000e-02,-7.000e-02,889.0,,,147.56,33.76,-23.82,49.80,2,q1_q17_dr25_tce,5103.00,101.00,-101.00,4.558,0.032,-0.050,0.7890,0.0520,-0.0370,294.325530,46.002251,13.693
9471268,K01835.02,Kepler-326 b,CONFIRMED,CANDIDATE,1.0000,0,0,0,0,2.248288213,2.6100000e-06,-2.6100000e-06,133.4258050,9.570000e-04,-9.570000e-04,0.0040,0.4600,-0.0040,2.03610,0.03110,-0.03110,2.6320e+02,5.000e+00,-5.000e+00,1.25,8.000e-02,-6.000e-02,1127.0,,,380.75,87.12,-61.45,59.70,1,q1_q17_dr25_tce,5103.00,101.00,-101.00,4.558,0.032,-0.050,0.7890,0.0520,-0.0370,294.325530,46.002251,13.693
9471268,K01835.03,Kepler-326 d,CONFIRMED,CANDIDATE,1.0000,0,0,0,0,6.766907590,1.4380000e-05,-1.4380000e-05,136.6163300,1.800000e-03,-1.800000e-03,0.6480,0.2670,-0.4200,1.70620,0.05330,-0.05330,2.4930e+02,9.400e+00,-9.400e+00,1.31,9.000e-02,-6.000e-02,781.0,,,87.79,20.09,-14.17,29.70,3,q1_q17_dr25_tce,5103.00,101.00,-101.00,4.558,0.032,-0.050,0.7890,0.0520,-0.0370,294.325530,46.002251,13.693
10657406,K01837.01,Kepler-969 b,CONFIRMED,CANDIDATE,1.0000,0,0,0,0,34.173215600,1.2030000e-04,-1.2030000e-04,137.7886200,2.910000e-03,-2.910000e-03,0.8150,0.0040,-0.5700,4.76790,0.08140,-0.08140,6.3500e+02,1.740e+01,-1.740e+01,2.37,2.200e-01,-7.000e-02,465.0,,,11.09,3.11,-1.57,38.90,1,q1_q17_dr25_tce,5201.00,93.00,-114.00,4.573,0.010,-0.090,0.8340,0.0770,-0.0260,288.372500,47.933559,13.733
5526527,K01838.01,Kepler-970 b,CONFIRMED,CANDIDATE,1.0000,0,0,0,0,16.736475500,1.3960000e-04,-1.3960000e-04,143.1360600,6.820000e-03,-6.820000e-03,0.9000,0.0600,-0.6030,2.15100,0.21200,-0.21200,1.1470e+03,1.430e+02,-1.430e+02,2.73,9.000e-02,-1.500e-01,464.0,,,10.99,1.61,-1.83,9.90,1,q1_q17_dr25_tce,4334.00,77.00,-77.00,4.618,0.040,-0.012,0.6530,0.0220,-0.0350,289.625240,40.708729,14.786
5809954,K01902.01,,FALSE POSITIVE,FALSE POSITIVE,0.0000,0,1,0,0,137.864588100,3.0450000e-04,-3.0450000e-04,172.8113000,1.720000e-03,-1.720000e-03,1.2650,35.1900,-1.3670,1.92200,0.10800,-0.10800,2.3630e+03,1.060e+02,-1.060e+02,15.90,1.410e+00,-2.160e+00,170.0,,,0.20,0.05,-0.07,28.20,1,q1_q17_dr25_tce,3645.00,72.00,-90.00,4.797,0.071,-0.038,0.4490,0.0400,-0.0610,296.876830,41.080582,14.645
8766650,K01904.01,Kepler-1008 b,CONFIRMED,CANDIDATE,0.9840,0,0,0,0,12.439294280,5.2670000e-05,-5.2670000e-05,136.3795200,3.620000e-03,-3.620000e-03,0.6630,0.0340,-0.4870,3.17600,0.10500,-0.10500,2.5430e+02,1.210e+01,-1.210e+01,1.30,6.000e-02,-9.000e-02,627.0,,,36.57,6.77,-7.29,24.90,1,q1_q17_dr25_tce,4987.00,99.00,,4.531,0.068,-0.023,0.7730,0.0360,-0.0530,296.547520,44.941929,13.395
10328393,K01905.01,Kepler-332 b,CONFIRMED,CANDIDATE,1.0000,0,0,0,0,7.626354940,2.2020000e-05,-2.2020000e-05,136.0158500,2.370000e-03,-2.370000e-03,0.2370,0.2150,-0.2360,2.41680,0.07440,-0.07440,2.9610e+02,1.040e+01,-1.040e+01,1.21,8.000e-02,-5.000e-02,703.0,,,57.89,13.26,-8.74,32.50,1,q1_q17_dr25_tce,4955.00,100.00,-100.00,4.610,0.018,-0.046,0.7210,0.0470,-0.0290,286.662960,47.413700,14.017
11773328,K01906.01,,CANDIDATE,CANDIDATE,1.0000,0,0,0,0,8.710442022,7.9060000e-06,-7.9060000e-06,134.6143760,7.790000e-04,-7.790000e-04,0.9350,0.0380,-0.6790,0.94250,0.03730,-0.03730,1.1964e+03,4.200e+01,-4.200e+01,3.61,7.600e-01,-3.000e-01,760.0,,,78.75,50.55,-20.15,42.60,1,q1_q17_dr25_tce,5416.00,160.00,-160.00,4.575,0.034,-0.136,0.8090,0.1690,-0.0680,296.623470,49.979172,14.816
7094486,K01907.01,Kepler-1009 b,CONFIRMED,CANDIDATE,1.0000,0,0,0,0,11.350106420,2.1630000e-05,-2.1630000e-05,134.0461200,1.650000e-03,-1.650000e-03,0.0350,0.3980,-0.0350,2.27920,0.05440,-0.05440,1.2210e+03,3.660e+01,-3.660e+01,1.75,9.000e-02,-1.700e-01,403.0,,,6.25,1.21,-1.65,38.30,1,q1_q17_dr25_tce,3597.00,72.00,-86.00,4.734,0.052,-0.017,0.5140,0.0260,-0.0510,282.859920,42.665760,15.278
7289577,K01974.01,Kepler-1780 b,CONFIRMED,CANDIDATE,1.0000,0,0,0,0,109.445059700,4.3400000e-04,-4.3400000e-04,197.9832000,2.850000e-03,-2.850000e-03,0.1490,0.3010,-0.1490,3.79200,0.10800,-0.10800,1.2696e+03,4.850e+01,-4.850e+01,3.04,2.800e-01,-2.000e-01,340.0,,,3.14,0.91,-0.61,30.10,1,q1_q17_dr25_tce,5403.00,107.00,-107.00,4.500,0.058,-0.071,0.8680,0.0800,-0.0580,294.083920,42.809589,14.937
8543100,K01975.01,Kepler-1033 b,CONFIRMED,CANDIDATE,0.9980,0,0,0,0,7.560522090,2.6360000e-05,-2.6360000e-05,134.4788900,2.700000e-03,-2.700000e-03,0.0220,0.3940,-0.0220,3.85730,0.07930,-0.07930,6.5980e+02,2.220e+01,-2.220e+01,2.40,7.300e-01,-2.400e-01,914.0,,,164.90,144.89,-49.45,34.60,1,q1_q17_dr25_tce,5895.00,158.00,-211.00,4.503,0.052,-0.208,0.9400,0.2820,-0.0940,283.845150,44.609089,15.986
2693736,K01976.01,Kepler-1034 b,CONFIRMED,CANDIDATE,1.0000,0,0,0,0,12.124017370,3.1970000e-05,-3.1970000e-05,134.9550000,2.370000e-03,-2.370000e-03,0.0290,0.4260,-0.0290,3.30910,0.06790,-0.06790,7.8840e+02,2.290e+01,-2.290e+01,2.37,1.100e-01,-2.000e-01,675.0,,,48.98,8.44,-10.18,40.10,1,q1_q17_dr25_tce,5094.00,83.00,-76.00,4.469,0.082,-0.033,0.8700,0.0420,-0.0720,286.115360,37.966999,15.090
9412760,K01977.01,Kepler-345 c,CONFIRMED,CANDIDATE,1.0000,0,0,0,0,9.387406460,2.4540000e-05,-2.4540000e-05,137.3838300,2.100000e-03,-2.100000e-03,0.9460,0.0150,-0.6910,1.61650,0.06220,-0.06220,3.8460e+02,2.000e+01,-2.000e+01,1.69,1.200e-01,-5.000e-02,575.0,,,25.83,6.25,-3.46,22.30,1,q1_q17_dr25_tce,4500.00,90.00,-90.00,4.656,0.012,-0.045,0.6460,0.0460,-0.0200,295.228790,45.971020,14.028
9412760,K01977.02,Kepler-345 b,CONFIRMED,CANDIDATE,1.0000,0,0,0,0,7.415564710,5.3570000e-05,-5.3570000e-05,137.8151200,6.130000e-03,-6.130000e-03,0.4340,0.0200,-0.4340,1.97300,0.19400,-0.19400,1.5040e+02,1.560e+01,-1.560e+01,0.79,5.000e-02,-3.000e-02,622.0,,,35.37,8.57,-4.73,11.80,2,q1_q17_dr25_tce,4500.00,90.00,-90.00,4.656,0.012,-0.045,0.6460,0.0460,-0.0200,295.228790,45.971020,14.028
6026438,K02045.02,Kepler-354 d,CONFIRMED,CANDIDATE,0.4000,0,0,0,0,24.210197300,2.4610000e-04,-2.4610000e-04,141.4698000,7.670000e-03,-7.670000e-03,0.4500,0.5010,-0.2450,4.04600,0.28600,-0.28600,4.5800e+02,3.520e+01,-3.520e+01,1.50,1.000e-01,-1.300e-01,451.0,,,9.80,2.56,-2.56,14.10,2,q1_q17_dr25_tce,4650.00,125.00,-139.00,4.589,0.048,-0.028,0.7060,0.0460,-0.0610,285.751460,41.335640,15.549
10663396,K02046.01,Kepler-1069 b,CONFIRMED,CANDIDATE,1.0000,0,0,0,0,23.899007500,1.2810000e-04,-1.2810000e-04,151.3984700,4.310000e-03,-4.310000e-03,0.1530,0.2700,-0.1530,15.95500,0.12100,-0.12100,2.9340e+02,5.500e+00,-5.500e+00,3.26,5.700e-01,-8.600e-01,823.0,,,108.30,50.64,-52.76,61.50,1,q1_q17_dr25_tce,5511.00,82.00,-74.00,3.914,0.210,-0.090,1.9300,0.3400,-0.5100,290.979340,47.988998,13.153
11457726,K02047.01,Kepler-1070 b,CONFIRMED,CANDIDATE,1.0000,0,0,0,0,6.221611070,2.0490000e-05,-2.0490000e-05,131.9909400,2.530000e-03,-2.530000e-03,0.8380,0.0740,-0.6340,3.41170,0.07830,-0.07830,1.6500e+02,6.400e+00,-6.400e+00,1.59,2.700e-01,-9.000e-02,1101.0,,,348.15,151.24,-52.79,29.00,1,q1_q17_dr25_tce,6277.00,75.00,-75.00,4.417,0.032,-0.120,1.0970,0.1860,-0.0620,293.195370,49.316502,13.977
8956206,K02048.01,Kepler-1071 b,CONFIRMED,CANDIDATE,1.0000,0,0,0,0,6.179985080,1.5530000e-05,-1.5530000e-05,132.7227800,2.070000e-03,-2.070000e-03,0.1750,0.2900,-0.1750,2.10940,0.06840,-0.06840,7.5050e+02,2.940e+01,-2.940e+01,2.12,1.400e-01,-1.100e-01,814.0,,,104.06,23.58,-18.00,29.00,1,q1_q17_dr25_tce,5149.00,103.00,-103.00,4.551,0.041,-0.045,0.7910,0.0510,-0.0420,293.058010,45.248821,15.801
9649706,K02049.01,Kepler-1072 b,CONFIRMED,CANDIDATE,1.0000,0,0,0,0,1.569066598,3.0570000e-06,-3.0570000e-06,133.0403200,1.710000e-03,-1.710000e-03,0.0970,0.3580,-0.0970,2.78030,0.04690,-0.04690,1.4720e+02,3.500e+00,-3.500e+00,1.68,2.800e-01,-3.400e-01,1849.0,,,2763.39,1157.65,-1098.21,48.70,1,q1_q17_dr25_tce,5821.00,69.00,-87.00,4.172,0.162,-0.108,1.3950,0.2280,-0.2790,292.044370,46.329029,13.930
5856571,K01839.01,Kepler-971 b,CONFIRMED,CANDIDATE,1.0000,0,0,0,0,9.590685860,2.4950000e-05,-2.4950000e-05,132.6826400,2.050000e-03,-2.050000e-03,0.3590,0.0750,-0.3590,3.45200,0.07100,-0.07100,5.4460e+02,1.570e+01,-1.570e+01,3.93,2.280e+00,-2.280e+00,1087.0,,,329.34,606.17,-277.29,40.00,1,q1_q17_dr25_tce,5476.00,179.00,-146.00,3.904,0.693,-0.297,1.6730,0.9710,-0.9710,284.094570,41.182819,13.237
7765528,K01840.01,Kepler-972 b,CONFIRMED,CANDIDATE,1.0000,0,0,0,0,7.039329130,1.7470000e-05,-1.7470000e-05,133.8543300,2.000000e-03,-2.000000e-03,0.9560,0.0170,-0.0430,3.51400,0.22600,-0.22600,8.3670e+02,2.700e+01,-2.700e+01,4.67,8.000e-01,-7.300e-01,1060.0,,,298.33,133.89,-97.29,48.60,1,q1_q17_dr25_tce,5846.00,79.00,-79.00,4.278,0.132,-0.108,1.2400,0.2130,-0.1940,295.828700,43.425491,14.915
11760231,K01841.01,Kepler-973 b,CONFIRMED,CANDIDATE,0.9780,0,0,0,0,49.607577100,1.0000000e-04,-1.0000000e-04,138.4151700,1.700000e-03,-1.700000e-03,0.7640,0.0150,-0.5440,2.95750,0.05990,-0.05990,6.2670e+02,1.620e+01,-1.620e+01,2.12,1.800e-01,-9.000e-02,402.0,,,6.17,1.67,-0.95,44.90,1,q1_q17_dr25_tce,5187.00,103.00,-103.00,4.592,0.014,-0.072,0.7740,0.0650,-0.0330,290.165250,49.923859,13.218
7779077,K01842.01,Kepler-1770 b,CONFIRMED,CANDIDATE,1.0000,0,0,0,0,16.841833550,6.2390000e-05,-6.2390000e-05,137.9944300,3.120000e-03,-3.120000e-03,0.6880,0.2530,-0.4780,2.61940,0.09910,-0.09910,8.2210e+02,4.020e+01,-4.020e+01,3.08,8.200e-01,-4.500e-01,699.0,,,56.43,45.32,-19.31,23.60,1,q1_q17_dr25_tce,5602.00,166.00,-150.00,4.404,0.116,-0.188,1.0090,0.2690,-0.1450,299.250310,43.410439,14.306
6046540,K00200.01,Kepler-74 b,CONFIRMED,CANDIDATE,0.9980,0,0,0,0,7.340714946,8.0500000e-07,-8.0500000e-07,134.3457036,9.210000e-05,-9.210000e-05,0.5680,0.0220,-0.0280,2.99870,0.01410,-0.01410,8.5105e+03,1.270e+01,-1.270e+01,14.31,8.800e-01,-1.340e+00,1155.0,,,421.03,92.67,-106.78,856.30,1,q1_q17_dr25_tce,6056.00,120.00,-144.00,4.191,0.060,-0.045,1.4980,0.0930,-0.1400,293.092530,41.355518,14.412
5706966,K01908.01,Kepler-333 b,CONFIRMED,CANDIDATE,1.0000,0,0,0,0,12.551110990,3.5280000e-05,-3.5280000e-05,137.2622600,2.300000e-03,-2.300000e-03,0.5190,0.0470,-0.4330,3.12930,0.07290,-0.07290,4.9410e+02,1.640e+01,-1.640e+01,1.34,7.000e-02,-6.000e-02,480.0,,,12.56,2.38,-2.07,33.20,1,q1_q17_dr25_tce,4213.00,84.00,-84.00,4.669,0.024,-0.022,0.5980,0.0290,-0.0290,292.286070,40.913589,14.731
3762468,K00208.01,Kepler-493 b,CONFIRMED,CANDIDATE,1.0000,0,0,0,0,3.003879547,3.5810000e-06,-3.5810000e-06,134.7098740,9.910000e-04,-9.910000e-04,0.3380,0.0500,-0.3380,3.28480,0.05870,-0.05870,8.5380e+03,1.220e+02,-1.220e+02,10.96,3.520e+00,-1.170e+00,1438.0,,,1011.87,959.94,-321.70,80.80,1,q1_q17_dr25_tce,6311.00,177.00,-243.00,4.398,0.054,-0.216,1.1720,0.3760,-0.1250,295.307530,38.881641,14.996
5706966,K01908.02,Kepler-333 c,CONFIRMED,CANDIDATE,1.0000,0,0,0,0,24.088417800,1.7630000e-04,-1.7630000e-04,134.4217800,5.040000e-03,-5.040000e-03,0.3760,0.0690,-0.3760,3.95200,0.14000,-0.14000,3.8720e+02,2.010e+01,-2.010e+01,1.16,5.000e-02,-6.000e-02,386.0,,,5.26,1.00,-0.86,21.00,2,q1_q17_dr25_tce,4213.00,84.00,-84.00,4.669,0.024,-0.022,0.5980,0.0290,-0.0290,292.286070,40.913589,14.731
10130039,K01909.01,Kepler-334 c,CONFIRMED,CANDIDATE,0.9990,0,0,0,0,12.758000920,3.6870000e-05,-3.6870000e-05,133.9588800,2.540000e-03,-2.540000e-03,0.0110,0.4050,-0.0110,4.18280,0.07160,-0.07160,1.8790e+02,4.900e+00,-4.900e+00,1.49,2.300e-01,-2.100e-01,822.0,,,107.96,46.78,-34.54,41.70,1,q1_q17_dr25_tce,5782.00,104.00,-115.00,4.340,0.126,-0.103,1.0950,0.1700,-0.1550,287.140660,47.115189,12.776
10130039,K01909.02,Kepler-334 b,CONFIRMED,CANDIDATE,1.0000,0,0,0,0,5.470333760,1.6590000e-05,-1.6590000e-05,131.4954800,2.420000e-03,-2.420000e-03,0.0740,0.3640,-0.0740,3.14410,0.07390,-0.07390,1.1200e+02,3.800e+00,-3.800e+00,1.15,1.800e-01,-1.600e-01,1090.0,,,334.27,144.82,-106.96,32.70,2,q1_q17_dr25_tce,5782.00,104.00,-115.00,4.340,0.126,-0.103,1.0950,0.1700,-0.1550,287.140660,47.115189,12.776
9518318,K01978.01,Kepler-346 b,CONFIRMED,CANDIDATE,1.0000,0,0,0,0,6.511123850,1.0510000e-05,-1.0510000e-05,131.7064600,1.390000e-03,-1.390000e-03,0.8820,0.0190,-0.6630,1.69190,0.03950,-0.03950,6.9510e+02,2.130e+01,-2.130e+01,3.09,1.030e+00,-3.400e-01,1008.0,,,243.67,246.25,-79.01,38.40,1,q1_q17_dr25_tce,6032.00,190.00,-232.00,4.465,0.056,-0.210,1.0010,0.3330,-0.1110,288.011900,46.117611,15.214
9518318,K01978.02,Kepler-346 c,CONFIRMED,CANDIDATE,1.0000,0,0,0,0,23.851633210,6.8210000e-05,-6.8210000e-05,147.6145600,2.470000e-03,-2.470000e-03,0.8800,0.0390,-0.5970,2.44530,0.06770,-0.06770,8.3370e+02,3.160e+01,-3.160e+01,3.37,1.120e+00,-3.700e-01,654.0,,,43.19,43.64,-14.01,28.60,2,q1_q17_dr25_tce,6032.00,190.00,-232.00,4.465,0.056,-0.210,1.0010,0.3330,-0.1110,288.011900,46.117611,15.214
7273277,K01979.01,Kepler-1035 b,CONFIRMED,CANDIDATE,0.9980,0,0,0,0,2.714078374,3.8650000e-06,-3.8650000e-06,133.7117900,1.160000e-03,-1.160000e-03,0.8680,0.0040,-0.6010,1.31150,0.04080,-0.04080,1.4350e+02,4.700e+00,-4.700e+00,1.38,2.200e-01,-9.000e-02,1301.0,,,675.86,266.41,-120.21,36.80,1,q1_q17_dr25_tce,5815.00,69.00,-87.00,4.461,0.040,-0.120,0.9920,0.1520,-0.0650,289.042210,42.882488,12.987
11769890,K01980.01,Kepler-1036 b,CONFIRMED,CANDIDATE,1.0000,0,0,0,0,122.879954300,6.8070000e-04,-6.8070000e-04,165.4635600,4.380000e-03,-4.380000e-03,0.8720,0.0390,-0.6150,7.83500,0.15600,-0.15600,7.1770e+02,1.970e+01,-1.970e+01,2.70,2.800e-01,-1.600e-01,326.0,,,2.66,0.83,-0.49,41.90,1,q1_q17_dr25_tce,5413.00,107.00,-107.00,4.510,0.052,-0.078,0.8610,0.0880,-0.0510,295.181640,49.945782,13.800
6862721,K01982.01,Kepler-1781 b,CONFIRMED,CANDIDATE,1.0000,0,0,0,0,4.887531110,2.1740000e-05,-2.1740000e-05,132.7078300,3.680000e-03,-3.680000e-03,0.1470,0.3100,-0.1470,2.03400,0.11700,-0.11700,6.7960e+02,4.680e+01,-4.680e+01,2.45,6.100e-01,-2.000e-01,1003.0,,,239.11,179.51,-63.03,17.40,1,q1_q17_dr25_tce,5568.00,166.00,-183.00,4.499,0.044,-0.187,0.9570,0.2370,-0.0790,291.711460,42.341499,15.768
12301181,K02059.01,Kepler-1076 b,CONFIRMED,CANDIDATE,0.9940,0,0,0,0,6.147283410,2.1460000e-05,-2.1460000e-05,134.8728900,2.800000e-03,-2.800000e-03,0.1880,0.2610,-0.1880,2.76450,0.07760,-0.07760,1.1970e+02,4.800e+00,-4.800e+00,0.79,6.000e-02,-3.000e-02,770.0,,,83.18,19.08,-12.50,26.80,1,q1_q17_dr25_tce,4997.00,100.00,-100.00,4.598,0.018,-0.053,0.7460,0.0490,-0.0300,287.590090,51.060570,12.906
9279354,K02060.01,Kepler-1788 b,CONFIRMED,CANDIDATE,1.0000,0,0,0,0,2.800111267,4.0140000e-06,-4.0140000e-06,132.0486500,1.210000e-03,-1.210000e-03,0.8060,0.0960,-0.5710,1.02370,0.04590,-0.04590,7.0670e+02,2.850e+01,-2.850e+01,2.13,1.700e-01,-2.000e-01,956.0,,,197.81,57.46,-54.04,33.50,1,q1_q17_dr25_tce,4786.00,130.00,-144.00,4.579,0.060,-0.030,0.7040,0.0540,-0.0660,291.224330,45.778091,15.229
6774880,K02062.01,Kepler-1077 b,CONFIRMED,CANDIDATE,1.0000,0,0,0,0,34.351133900,1.5120000e-04,-1.5120000e-04,134.1904600,3.430000e-03,-3.430000e-03,0.8800,0.0290,-0.6430,4.44080,0.09870,-0.09870,5.9940e+02,2.380e+01,-2.380e+01,2.75,9.300e-01,-2.900e-01,576.0,,,26.10,25.87,-7.92,28.80,1,q1_q17_dr25_tce,6091.00,169.00,-211.00,4.487,0.054,-0.216,0.9670,0.3250,-0.1010,291.033630,42.267860,14.998
3937519,K00221.01,Kepler-495 b,CONFIRMED,CANDIDATE,1.0000,0,0,0,0,3.413036353,6.2600000e-07,-6.2600000e-07,132.4430540,1.510000e-04,-1.510000e-04,0.0460,0.1170,-0.0460,2.61366,0.00578,-0.00578,3.8687e+03,8.900e+00,-8.900e+00,6.62,1.370e+00,-1.120e+00,1200.0,,,490.24,266.14,-169.63,480.70,1,q1_q17_dr25_tce,5392.00,80.00,-72.00,4.314,0.165,-0.150,1.0870,0.2240,-0.1840,285.930690,39.098141,14.622
7449541,K02063.01,Kepler-1078 b,CONFIRMED,CANDIDATE,1.0000,0,0,0,0,3.007250680,1.1440000e-05,-1.1440000e-05,131.9048400,3.120000e-03,-3.120000e-03,0.8970,0.0440,-0.6330,4.43020,0.08370,-0.08370,2.8580e+02,1.090e+01,-1.090e+01,1.56,3.400e-01,-1.200e-01,1122.0,,,373.99,248.39,-88.89,30.00,1,q1_q17_dr25_tce,5667.00,169.00,-152.00,4.587,0.038,-0.142,0.7810,0.1690,-0.0610,293.200590,43.050041,15.620
5080636,K01843.01,Kepler-974 b,CONFIRMED,CANDIDATE,1.0000,0,0,0,0,4.194496867,5.5870000e-06,-5.5870000e-06,134.1351100,1.140000e-03,-1.140000e-03,0.8630,0.0050,-0.6250,1.78070,0.03430,-0.03430,6.6070e+02,1.710e+01,-1.710e+01,1.57,9.000e-02,-1.200e-01,577.0,,,26.20,5.71,-5.91,45.00,1,q1_q17_dr25_tce,3706.00,73.00,-92.00,4.747,0.033,-0.033,0.5220,0.0320,-0.0390,285.013090,40.220749,14.404
5080636,K01843.02,,CANDIDATE,CANDIDATE,0.9740,0,0,0,0,6.355856820,3.9200000e-05,-3.9200000e-05,137.4983700,4.810000e-03,-4.810000e-03,0.9120,0.0510,-0.6670,1.55000,0.18400,-0.18400,1.7660e+02,2.350e+01,-2.350e+01,0.86,5.000e-02,-7.000e-02,503.0,,,15.10,3.28,-3.41,9.20,2,q1_q17_dr25_tce,3706.00,73.00,-92.00,4.747,0.033,-0.033,0.5220,0.0320,-0.0390,285.013090,40.220749,14.404
3338885,K01845.01,Kepler-975 b,CONFIRMED,CANDIDATE,1.0000,0,0,0,0,1.970340203,2.2760000e-06,-2.2760000e-06,131.9483890,9.600000e-04,-9.600000e-04,0.8590,0.0330,-0.6060,1.79010,0.03410,-0.03410,4.0320e+02,8.500e+00,-8.500e+00,3.97,2.570e+00,-2.340e+00,1599.0,,,1540.07,3171.86,-1307.70,56.30,1,q1_q17_dr25_tce,4883.00,146.00,-132.00,3.972,0.570,-0.380,1.6670,1.0820,-0.9830,290.548550,38.495281,14.438
3338885,K01845.02,Kepler-975 c,CONFIRMED,CANDIDATE,1.0000,0,0,0,0,5.058213380,4.7380000e-06,-4.7380000e-06,135.7024540,7.870000e-04,-7.870000e-04,1.0040,0.0420,-0.6960,1.13200,0.11200,-0.11200,7.4830e+02,2.370e+01,-2.370e+01,10.69,6.940e+00,-6.300e+00,1168.0,,,439.80,905.81,-373.44,43.20,2,q1_q17_dr25_tce,4883.00,146.00,-132.00,3.972,0.570,-0.380,1.6670,1.0820,-0.9830,290.548550,38.495281,14.438
6776401,K01847.01,Kepler-977 b,CONFIRMED,CANDIDATE,1.0000,0,0,0,0,26.853236470,6.6910000e-05,-6.6910000e-05,143.3130300,2.030000e-03,-2.030000e-03,0.0100,0.4240,-0.0100,4.45570,0.06240,-0.06240,9.6580e+02,2.090e+01,-2.090e+01,2.65,4.700e-01,-3.900e-01,544.0,,,20.77,11.67,-7.36,53.30,1,q1_q17_dr25_tce,5329.00,159.00,-159.00,4.455,0.117,-0.143,0.8690,0.1550,-0.1270,291.516200,42.248192,14.812
10130039,K01909.03,Kepler-334 d,CONFIRMED,CANDIDATE,0.9870,0,0,0,0,25.098508300,1.0200000e-04,-1.0200000e-04,145.5682900,3.330000e-03,-3.330000e-03,0.8140,0.1100,-0.5740,2.77270,0.09360,-0.09360,1.6760e+02,8.300e+00,-8.300e+00,1.59,2.400e-01,-2.300e-01,656.0,,,43.84,18.99,-14.03,21.30,3,q1_q17_dr25_tce,5782.00,104.00,-115.00,4.340,0.126,-0.103,1.0950,0.1700,-0.1550,287.140660,47.115189,12.776
8226050,K01910.01,Kepler-1010 b,CONFIRMED,CANDIDATE,0.9950,0,0,0,0,34.268574100,1.1320000e-04,-1.1320000e-04,147.0514300,2.680000e-03,-2.680000e-03,0.6770,0.2170,-0.4550,4.82510,0.08480,-0.08480,6.9930e+02,1.940e+01,-1.940e+01,2.44,1.100e-01,-2.000e-01,477.0,,,12.20,2.10,-2.54,38.20,1,q1_q17_dr25_tce,5083.00,83.00,-76.00,4.468,0.088,-0.033,0.8720,0.0420,-0.0720,289.192630,44.149319,14.685
9965957,K01911.01,Kepler-1011 b,CONFIRMED,CANDIDATE,1.0000,0,0,0,0,5.753215390,1.1840000e-05,-1.1840000e-05,136.7561700,1.530000e-03,-1.530000e-03,0.9210,0.0170,-0.6660,1.79480,0.04800,-0.04800,7.3380e+02,2.810e+01,-2.810e+01,3.14,7.700e-01,-2.600e-01,920.0,,,169.44,130.41,-43.04,31.80,1,q1_q17_dr25_tce,5445.00,180.00,-164.00,4.510,0.033,-0.176,0.9290,0.2290,-0.0760,297.401550,46.824001,15.196
9704384,K01913.01,Kepler-1012 b,CONFIRMED,CANDIDATE,1.0000,0,0,0,0,5.508606990,1.3610000e-05,-1.3610000e-05,132.2983000,1.930000e-03,-1.930000e-03,0.8790,0.0570,-0.6010,3.07880,0.05860,-0.05860,2.0390e+02,6.300e+00,-6.300e+00,1.49,1.500e-01,-1.200e-01,934.0,,,179.62,57.44,-38.13,38.20,1,q1_q17_dr25_tce,5448.00,109.00,-109.00,4.489,0.063,-0.084,0.8830,0.0920,-0.0670,289.296260,46.457951,13.317
8426567,K01914.01,Kepler-1013 b,CONFIRMED,CANDIDATE,1.0000,0,0,0,0,18.930551190,7.5490000e-05,-7.5490000e-05,143.2505800,3.160000e-03,-3.160000e-03,0.5830,0.3690,-0.3700,3.37200,0.10200,-0.10200,6.8400e+02,2.940e+01,-2.940e+01,4.41,2.250e+00,-2.250e+00,766.0,,,81.42,129.57,-64.05,26.20,1,q1_q17_dr25_tce,5015.00,164.00,-149.00,3.987,0.602,-0.258,1.6430,0.8370,-0.8370,290.248050,44.435242,14.417
12508335,K00215.01,,FALSE POSITIVE,FALSE POSITIVE,0.0000,0,1,0,0,42.943862580,1.7750000e-05,-1.7750000e-05,155.2065150,3.320000e-04,-3.320000e-04,1.2850,11.9000,-0.1770,3.75910,0.02080,-0.02080,9.2079e+03,4.030e+01,-4.030e+01,41.62,1.107e+01,-7.390e+00,520.0,,,17.26,13.88,-6.80,273.00,1,q1_q17_dr25_tce,5750.00,173.00,-155.00,4.400,0.158,-0.193,0.9400,0.2500,-0.1670,290.165130,51.467258,14.708
10094670,K01984.01,Kepler-1677 b,CONFIRMED,CANDIDATE,0.9910,0,0,0,0,22.064020000,8.0640000e-05,-8.0640000e-05,148.9199000,2.840000e-03,-2.840000e-03,0.9410,0.0310,-0.6720,4.10000,0.12800,-0.12800,3.8870e+02,1.410e+01,-1.410e+01,2.67,9.100e-01,-2.800e-01,712.0,,,60.81,60.93,-18.67,31.50,1,q1_q17_dr25_tce,6232.00,173.00,-217.00,4.432,0.054,-0.229,1.0900,0.3700,-0.1160,298.493290,47.013039,13.698
8142942,K01985.01,Kepler-1782 b,CONFIRMED,CANDIDATE,1.0000,0,0,0,0,5.756245244,5.3870000e-06,-5.3870000e-06,133.9034210,8.160000e-04,-8.160000e-04,0.8880,0.0370,-0.6280,1.07100,0.03210,-0.03210,6.2360e+02,1.750e+01,-1.750e+01,2.24,1.400e-01,-9.000e-02,773.0,,,84.16,19.19,-12.71,45.50,1,q1_q17_dr25_tce,4931.00,98.00,-98.00,4.605,0.018,-0.049,0.7340,0.0480,-0.0300,280.926120,44.087929,13.708
8257205,K01986.01,Kepler-1038 b,CONFIRMED,CANDIDATE,0.9930,0,0,0,0,148.460181900,7.8020000e-04,-7.8020000e-04,151.3868600,3.450000e-03,-3.450000e-03,0.8080,0.1130,-0.5750,5.49900,0.13900,-0.13900,1.5321e+03,4.750e+01,-4.750e+01,3.61,2.400e-01,-1.700e-01,285.0,,,1.56,0.33,-0.23,33.70,1,q1_q17_dr25_tce,5159.00,82.00,-82.00,4.548,0.032,-0.063,0.8210,0.0550,-0.0390,298.972170,44.132381,14.839
9044228,K01988.01,Kepler-1039 b,CONFIRMED,CANDIDATE,1.0000,0,0,0,0,0.934885365,9.1000000e-07,-9.1000000e-07,131.5806760,8.200000e-04,-8.200000e-04,0.7310,0.1590,-0.4870,1.40830,0.02770,-0.02770,2.7040e+02,5.700e+00,-5.700e+00,3.21,1.910e+00,-1.910e+00,2080.0,,,4435.29,8252.09,-3775.76,57.80,1,q1_q17_dr25_tce,4777.00,143.00,-119.00,3.909,0.707,-0.353,1.7950,1.0670,-1.0670,298.326600,45.315510,14.145
7265298,K02051.01,Kepler-355 c,CONFIRMED,CANDIDATE,0.8620,0,0,0,0,25.762684600,1.3760000e-04,-1.3760000e-04,147.6963000,4.750000e-03,-4.750000e-03,0.3270,0.1240,-0.3270,6.90800,0.11800,-0.11800,6.1950e+02,1.710e+01,-1.710e+01,2.66,4.300e-01,-2.700e-01,633.0,,,37.99,16.22,-9.03,38.00,1,q1_q17_dr25_tce,5739.00,78.00,-86.00,4.381,0.095,-0.116,1.0690,0.1740,-0.1070,285.799470,42.811779,15.087
7265298,K02051.02,Kepler-355 b,CONFIRMED,CANDIDATE,0.9950,0,0,0,0,11.031783600,2.2800000e-04,-2.2800000e-04,362.3431000,1.150000e-02,-1.150000e-02,0.4050,0.0450,-0.4050,4.75300,0.42000,-0.42000,1.8230e+02,1.490e+01,-1.490e+01,1.45,2.400e-01,-1.400e-01,840.0,,,117.67,50.25,-27.96,14.10,2,q1_q17_dr25_tce,5739.00,78.00,-86.00,4.381,0.095,-0.116,1.0690,0.1740,-0.1070,285.799470,42.811779,15.087
7132798,K00220.02,Kepler-119 c,CONFIRMED,CANDIDATE,1.0000,0,0,0,0,4.125119350,1.9420000e-05,-1.9420000e-05,133.6401400,3.800000e-03,-3.800000e-03,0.2530,0.1950,-0.2530,2.87700,0.10300,-0.10300,1.1470e+02,5.900e+00,-5.900e+00,0.88,1.900e-01,-8.000e-02,1016.0,,,252.18,159.33,-67.19,21.60,2,q1_q17_dr25_tce,5598.00,149.00,-166.00,4.565,0.036,-0.144,0.8300,0.1760,-0.0750,295.946410,42.658920,14.236
3248501,K02052.01,,CANDIDATE,CANDIDATE,1.0000,0,0,0,0,4.224642160,3.1460000e-05,-3.1460000e-05,133.0910800,6.060000e-03,-6.060000e-03,0.9130,0.0570,-0.6830,1.40300,0.25900,-0.25900,9.8700e+02,1.950e+02,-1.950e+02,4.31,1.430e+00,-4.700e-01,1279.0,,,631.55,615.29,-203.32,7.70,1,q1_q17_dr25_tce,6343.00,177.00,-243.00,4.408,0.054,-0.216,1.1400,0.3760,-0.1250,294.697720,38.364159,15.341
2307415,K02053.01,Kepler-356 c,CONFIRMED,CANDIDATE,0.9780,0,0,0,0,13.121621670,4.4830000e-05,-4.4830000e-05,133.3952600,2.680000e-03,-2.680000e-03,0.8070,0.0190,-0.5670,3.61380,0.08440,-0.08440,1.9690e+02,6.600e+00,-6.600e+00,1.99,3.600e-01,-2.900e-01,913.0,,,164.48,83.49,-55.05,32.70,2,q1_q17_dr25_tce,6140.00,123.00,-135.00,4.265,0.125,-0.125,1.2770,0.2300,-0.1880,292.421080,37.682819,12.992
7430034,K01848.01,Kepler-978 b,CONFIRMED,CANDIDATE,0.9990,0,0,0,0,49.622066900,2.0490000e-04,-2.0490000e-04,137.1014900,3.310000e-03,-3.310000e-03,0.9390,0.0070,-0.6620,7.22200,0.26400,-0.26400,5.0550e+02,1.160e+01,-1.160e+01,3.33,5.500e-01,-3.400e-01,546.0,,,20.99,8.78,-5.06,47.60,1,q1_q17_dr25_tce,5938.00,71.00,-83.00,4.331,0.095,-0.116,1.1840,0.1930,-0.1230,286.710720,43.043449,13.429
9735426,K01849.01,Kepler-979 b,CONFIRMED,CANDIDATE,1.0000,0,0,0,0,8.088016630,1.1280000e-05,-1.1280000e-05,138.7351600,1.090000e-03,-1.090000e-03,0.7440,0.1050,-0.5180,1.83340,0.03960,-0.03960,9.5290e+02,2.360e+01,-2.360e+01,2.94,2.400e-01,-2.000e-01,792.0,,,92.93,23.05,-16.51,46.10,1,q1_q17_dr25_tce,5269.00,84.00,-73.00,4.494,0.060,-0.066,0.8740,0.0720,-0.0590,300.371280,46.408279,14.624
8826168,K01850.01,Kepler-980 b,CONFIRMED,CANDIDATE,1.0000,0,0,0,0,11.551038480,2.5670000e-05,-2.5670000e-05,134.9080300,1.770000e-03,-1.770000e-03,0.4930,0.4270,-0.2920,3.36010,0.05900,-0.05900,4.0280e+02,9.200e+00,-9.200e+00,2.17,3.400e-01,-2.000e-01,845.0,,,120.76,52.67,-28.79,49.80,1,q1_q17_dr25_tce,5907.00,105.00,-117.00,4.395,0.080,-0.120,1.0580,0.1660,-0.0970,294.613010,45.060169,14.138
10464050,K01851.01,Kepler-981 b,CONFIRMED,CANDIDATE,1.0000,0,0,0,0,4.469754641,8.1230000e-06,-8.1230000e-06,131.8440200,1.520000e-03,-1.520000e-03,0.4940,0.4130,-0.2950,1.81300,0.05030,-0.05030,5.5390e+02,1.770e+01,-1.770e+01,2.26,6.700e-01,-2.300e-01,1103.0,,,350.69,308.11,-101.97,37.10,1,q1_q17_dr25_tce,5988.00,161.00,-197.00,4.507,0.050,-0.200,0.9340,0.2800,-0.0930,289.248900,47.650101,14.769
9763348,K01852.01,Kepler-982 b,CONFIRMED,CANDIDATE,1.0000,0,0,0,0,15.773827940,8.0380000e-05,-8.0380000e-05,137.5305100,4.080000e-03,-4.080000e-03,0.0350,0.4190,-0.0350,4.95700,0.11500,-0.11500,3.1360e+02,1.210e+01,-1.210e+01,2.72,5.200e-01,-5.100e-01,955.0,,,196.14,104.29,-76.29,30.40,1,q1_q17_dr25_tce,6283.00,126.00,-113.00,4.129,0.168,-0.112,1.5310,0.2900,-0.2900,288.417690,46.590431,13.205
9101496,K01915.01,Kepler-335 b,CONFIRMED,CANDIDATE,1.0000,0,0,0,0,6.562264830,1.8960000e-05,-1.8960000e-05,132.6112300,2.420000e-03,-2.420000e-03,0.6430,0.0090,-0.4840,4.01440,0.06940,-0.06940,2.6080e+02,7.200e+00,-7.200e+00,3.07,4.800e-01,-7.700e-01,1290.0,,,654.67,290.44,-316.87,41.20,1,q1_q17_dr25_tce,5878.00,117.00,-117.00,4.005,0.196,-0.084,1.8120,0.2810,-0.4570,296.064330,45.428619,13.996
6037581,K01916.01,Kepler-336 d,CONFIRMED,CANDIDATE,1.0000,0,0,0,0,20.678763650,6.4100000e-05,-6.4100000e-05,151.6924500,2.480000e-03,-2.480000e-03,0.6650,0.2970,-0.4510,4.63950,0.08500,-0.08500,3.2390e+02,7.900e+00,-7.900e+00,2.42,4.000e-01,-4.100e-01,749.0,,,74.36,34.44,-26.81,42.60,2,q1_q17_dr25_tce,5865.00,105.00,-117.00,4.266,0.137,-0.112,1.2720,0.2130,-0.2130,290.237640,41.331379,13.598
10723750,K00209.01,Kepler-117 c,CONFIRMED,CANDIDATE,0.9930,0,0,0,0,50.790346480,2.3810000e-05,-2.3810000e-05,135.6327590,4.060000e-04,-4.060000e-04,0.0580,0.0760,-0.0580,10.84740,0.01380,-0.01380,5.6711e+03,1.190e+01,-1.190e+01,10.60,1.910e+00,-1.900e+00,612.0,,,33.12,16.79,-12.57,508.80,1,q1_q17_dr25_tce,6163.00,123.00,-123.00,4.185,0.154,-0.112,1.4060,0.2530,-0.2530,288.793030,48.040230,14.274
6037581,K01916.02,Kepler-336 c,CONFIRMED,CANDIDATE,1.0000,0,0,0,0,9.599932460,2.1390000e-05,-2.1390000e-05,136.5822700,1.720000e-03,-1.720000e-03,0.0630,0.3620,-0.0630,4.32060,0.05490,-0.05490,2.7120e+02,5.500e+00,-5.500e+00,2.08,3.500e-01,-3.500e-01,967.0,,,206.91,95.83,-74.60,52.00,1,q1_q17_dr25_tce,5865.00,105.00,-117.00,4.266,0.137,-0.112,1.2720,0.2130,-0.2130,290.237640,41.331379,13.598
6037581,K01916.03,Kepler-336 b,CONFIRMED,CANDIDATE,0.9330,0,0,0,0,2.024820500,1.0020000e-05,-1.0020000e-05,132.3546500,3.810000e-03,-3.810000e-03,0.2480,0.2200,-0.2480,2.55000,0.11800,-0.11800,6.3300e+01,3.500e+00,-3.500e+00,1.01,1.700e-01,-1.700e-01,1625.0,,,1652.50,765.44,-595.79,20.20,3,q1_q17_dr25_tce,5865.00,105.00,-117.00,4.266,0.137,-0.112,1.2720,0.2130,-0.2130,290.237640,41.331379,13.598
10779233,K01989.01,Kepler-1040 b,CONFIRMED,CANDIDATE,0.8610,0,0,0,0,201.118319000,1.4610000e-03,-1.4610000e-03,187.5698600,5.290000e-03,-5.290000e-03,0.0010,0.4170,-0.0010,10.32800,0.16500,-0.16500,5.8480e+02,1.920e+01,-1.920e+01,2.28,3.200e-01,-2.000e-01,300.0,,,1.92,0.77,-0.44,34.70,1,q1_q17_dr25_tce,5646.00,101.00,-112.00,4.447,0.072,-0.108,0.9540,0.1350,-0.0830,283.113770,48.131390,13.328
11614617,K01990.01,Kepler-1041 b,CONFIRMED,CANDIDATE,1.0000,0,0,0,0,24.757765200,1.2150000e-04,-1.2150000e-04,142.0682600,3.600000e-03,-3.600000e-03,0.8960,0.0250,-0.6190,6.99800,0.13000,-0.13000,4.5870e+02,1.380e+01,-1.380e+01,2.44,7.100e-01,-2.400e-01,644.0,,,40.74,35.18,-11.73,37.60,1,q1_q17_dr25_tce,6106.00,163.00,-199.00,4.487,0.048,-0.192,0.9660,0.2850,-0.0950,293.881770,49.683151,14.490
11450414,K01992.01,Kepler-347 b,CONFIRMED,CANDIDATE,1.0000,0,0,0,0,12.798317400,6.1080000e-05,-6.1080000e-05,133.6497900,3.820000e-03,-3.820000e-03,0.7380,0.1580,-0.5180,6.40100,0.11600,-0.11600,3.3660e+02,9.700e+00,-9.700e+00,2.88,4.100e-01,-6.800e-01,908.0,,,160.33,61.54,-71.60,38.20,1,q1_q17_dr25_tce,5592.00,75.00,-75.00,4.115,0.195,-0.090,1.4510,0.2110,-0.3420,289.199580,49.305721,14.513
4736569,K01996.01,Kepler-1042 b,CONFIRMED,CANDIDATE,1.0000,0,0,0,0,10.132005550,3.1750000e-05,-3.1750000e-05,132.9115500,2.790000e-03,-2.790000e-03,0.0300,0.3990,-0.0300,3.16830,0.06890,-0.06890,9.1160e+02,2.680e+01,-2.680e+01,1.67,1.100e-01,-1.100e-01,574.0,,,25.66,7.91,-6.31,37.60,1,q1_q17_dr25_tce,4777.00,167.00,-167.00,4.689,0.048,-0.032,0.5610,0.0380,-0.0380,288.668910,39.824009,15.629
10384798,K01997.01,Kepler-1043 b,CONFIRMED,CANDIDATE,1.0000,0,0,0,0,38.505224000,1.7760000e-04,-1.7760000e-04,158.3049100,3.250000e-03,-3.250000e-03,0.6540,0.0030,-0.5060,5.94100,0.10400,-0.10400,6.9520e+02,2.240e+01,-2.240e+01,2.45,6.800e-01,-2.400e-01,532.0,,,18.98,15.38,-5.16,35.50,1,q1_q17_dr25_tce,5974.00,161.00,-161.00,4.504,0.062,-0.188,0.8810,0.2430,-0.0870,281.662990,47.568581,14.777
2307415,K02053.02,Kepler-356 b,CONFIRMED,CANDIDATE,0.9830,0,0,0,0,4.612673600,1.2080000e-05,-1.2080000e-05,132.7757000,2.330000e-03,-2.330000e-03,0.7550,0.0250,-0.5350,3.06430,0.06810,-0.06810,1.3320e+02,4.300e+00,-4.300e+00,1.60,2.900e-01,-2.400e-01,1294.0,,,663.80,336.98,-222.14,34.30,1,q1_q17_dr25_tce,6140.00,123.00,-135.00,4.265,0.125,-0.125,1.2770,0.2300,-0.1880,292.421080,37.682819,12.992
3128552,K02055.01,Kepler-1073 b,CONFIRMED,CANDIDATE,0.9990,0,0,0,0,8.678903120,2.3820000e-05,-2.3820000e-05,133.0365100,2.280000e-03,-2.280000e-03,0.2030,0.2290,-0.2030,3.53170,0.06850,-0.06850,5.4060e+02,1.520e+01,-1.520e+01,2.56,3.900e-01,-4.300e-01,905.0,,,158.43,64.40,-54.20,37.40,1,q1_q17_dr25_tce,5509.00,82.00,-74.00,4.308,0.156,-0.104,1.1160,0.1690,-0.1860,294.152710,38.233040,14.523
10134152,K02056.01,Kepler-1787 b,CONFIRMED,CANDIDATE,1.0000,0,0,0,0,39.313569900,1.4830000e-04,-1.4830000e-04,154.9376700,3.150000e-03,-3.150000e-03,0.0060,0.4000,-0.0060,5.01370,0.09030,-0.09030,5.0010e+02,1.690e+01,-1.690e+01,2.07,5.900e-01,-1.900e-01,540.0,,,20.04,16.66,-5.47,33.80,1,q1_q17_dr25_tce,6060.00,163.00,-181.00,4.509,0.048,-0.192,0.9250,0.2620,-0.0870,289.064330,47.117420,14.476
9573685,K02057.01,Kepler-1074 b,CONFIRMED,CANDIDATE,1.0000,0,0,0,0,5.945655160,1.6910000e-05,-1.6910000e-05,133.9935900,2.140000e-03,-2.140000e-03,0.2290,0.2280,-0.2290,2.16040,0.07110,-0.07110,4.0120e+02,1.660e+01,-1.660e+01,1.12,6.000e-02,-7.000e-02,568.0,,,24.71,4.95,-4.57,28.50,1,q1_q17_dr25_tce,3974.00,79.00,-79.00,4.700,0.027,-0.027,0.5640,0.0300,-0.0340,284.476530,46.252579,15.026
10329835,K02058.01,Kepler-1075 b,CONFIRMED,CANDIDATE,1.0000,0,0,0,0,1.523730730,2.4970000e-06,-2.4970000e-06,131.6181300,1.360000e-03,-1.360000e-03,0.9420,0.0580,-0.6790,1.47960,0.03420,-0.03420,3.6470e+02,1.310e+01,-1.310e+01,1.26,9.000e-02,-1.200e-01,818.0,,,105.95,24.06,-27.15,34.10,1,q1_q17_dr25_tce,3746.00,75.00,-83.00,4.736,0.053,-0.025,0.5100,0.0330,-0.0500,287.501160,47.469269,15.313
6849046,K00201.01,Kepler-491 b,CONFIRMED,CANDIDATE,0.9980,0,0,0,0,4.225384543,2.6900000e-07,-2.6900000e-07,137.5606891,5.220000e-05,-5.220000e-05,0.0740,0.0800,-0.0510,2.82038,0.00192,-0.00192,7.5630e+03,6.000e+00,-6.000e+00,9.00,1.420e+00,-7.700e-01,1111.0,,,360.46,158.93,-82.24,1457.80,1,q1_q17_dr25_tce,5574.00,100.00,-111.00,4.403,0.080,-0.120,1.0540,0.1670,-0.0900,287.130580,42.350151,14.014
8804397,K01853.01,Kepler-983 b,CONFIRMED,CANDIDATE,0.9970,0,0,0,0,60.085384800,2.2390000e-04,-2.2390000e-04,153.2570700,2.690000e-03,-2.690000e-03,0.7900,0.1310,-0.5350,7.00700,0.11600,-0.11600,4.3220e+02,9.600e+00,-9.600e+00,2.40,4.300e-01,-1.200e-01,485.0,,,13.07,6.51,-2.24,51.70,1,q1_q17_dr25_tce,6028.00,107.00,-131.00,4.459,0.024,-0.136,1.0470,0.1900,-0.0510,285.104060,45.008171,13.430
9662811,K01854.01,Kepler-984 b,CONFIRMED,CANDIDATE,0.9900,0,0,0,0,43.034336400,1.8590000e-04,-1.8590000e-04,137.6900700,2.920000e-03,-2.920000e-03,0.8820,0.0360,-0.6110,6.57100,0.13500,-0.13500,5.4160e+02,1.220e+01,-1.220e+01,2.50,3.000e-01,-1.800e-01,484.0,,,13.01,4.67,-2.63,50.00,1,q1_q17_dr25_tce,5550.00,110.00,-110.00,4.476,0.064,-0.096,0.9110,0.1100,-0.0640,296.958860,46.394131,13.534
11570749,K01856.01,,CANDIDATE,CANDIDATE,0.9990,0,0,0,0,46.299105200,1.1730000e-04,-1.1730000e-04,155.8022300,1.980000e-03,-1.980000e-03,0.0250,0.3700,-0.0250,5.24810,0.06100,-0.06100,8.5490e+02,1.790e+01,-1.790e+01,4.33,1.590e+00,-1.940e+00,592.0,,,29.04,31.95,-21.12,55.00,1,q1_q17_dr25_tce,5396.00,160.00,-144.00,4.035,0.504,-0.216,1.5070,0.5530,-0.6760,297.078610,49.502079,14.082
11297236,K01857.01,Kepler-1771 b,CONFIRMED,CANDIDATE,0.8620,0,0,0,0,88.644001500,2.9220000e-04,-2.9220000e-04,145.4719300,2.880000e-03,-2.880000e-03,0.7240,0.0030,-0.5390,7.82000,0.11100,-0.11100,6.2550e+02,1.220e+01,-1.220e+01,2.51,3.300e-01,-1.900e-01,391.0,,,5.51,2.08,-1.18,57.60,1,q1_q17_dr25_tce,5661.00,101.00,-112.00,4.471,0.056,-0.112,0.9340,0.1240,-0.0720,292.013400,49.019119,13.748
10074466,K01917.01,Kepler-1776 b,CONFIRMED,CANDIDATE,0.9990,0,0,0,0,35.011908750,9.5310000e-05,-9.5310000e-05,150.3712600,2.000000e-03,-2.000000e-03,0.9270,0.0200,-0.7360,2.86800,0.06840,-0.06840,4.3670e+02,1.450e+01,-1.450e+01,2.97,4.800e-01,-3.500e-01,603.0,,,31.35,12.92,-8.20,34.00,1,q1_q17_dr25_tce,5872.00,70.00,-79.00,4.332,0.103,-0.115,1.1530,0.1850,-0.1350,291.534390,47.042500,13.624
8218379,K01920.01,Kepler-1014 b,CONFIRMED,CANDIDATE,1.0000,0,0,0,0,16.570992650,4.0230000e-05,-4.0230000e-05,133.9070400,1.960000e-03,-1.960000e-03,0.5500,0.3380,-0.3480,2.90520,0.05750,-0.05750,6.4490e+02,1.690e+01,-1.690e+01,2.03,4.300e-01,-1.500e-01,614.0,,,33.53,21.82,-7.88,40.90,1,q1_q17_dr25_tce,5483.00,166.00,-149.00,4.589,0.034,-0.136,0.7790,0.1640,-0.0590,285.122040,44.110600,14.640
7755636,K01921.01,Kepler-1015 b,CONFIRMED,CANDIDATE,1.0000,0,0,0,0,16.004966570,5.3310000e-05,-5.3310000e-05,135.2530500,2.830000e-03,-2.830000e-03,0.0130,0.4260,-0.0120,6.50470,0.08470,-0.08470,3.7750e+02,9.000e+00,-9.000e+00,3.71,7.600e-01,-1.040e+00,1040.0,,,276.53,142.05,-141.18,49.80,1,q1_q17_dr25_tce,6384.00,70.00,-89.00,4.029,0.240,-0.129,1.9040,0.3880,-0.5340,292.757320,43.426910,12.818
9411166,K01922.01,Kepler-1016 b,CONFIRMED,CANDIDATE,1.0000,0,0,0,0,1.954525966,3.2830000e-06,-3.2830000e-06,132.2967900,1.380000e-03,-1.380000e-03,0.6730,0.2370,-0.4550,2.09440,0.04570,-0.04570,3.9280e+02,1.020e+01,-1.020e+01,2.38,3.800e-01,-3.000e-01,1540.0,,,1331.18,553.07,-375.27,43.10,1,q1_q17_dr25_tce,5741.00,77.00,-77.00,4.331,0.115,-0.115,1.1360,0.1800,-0.1470,294.613650,45.984619,15.356
9411166,K01922.02,,CANDIDATE,CANDIDATE,,0,0,0,0,15.095213230,,,139.4743590,,,,,,3.41000,,,,,,,,,,,,,,,,,,,,,,,,,,,294.613650,45.984619,15.356
4989057,K01923.01,Kepler-1017 b,CONFIRMED,CANDIDATE,1.0000,0,0,0,0,7.234003810,1.6030000e-05,-1.6030000e-05,137.6774200,1.800000e-03,-1.800000e-03,0.0320,0.4260,-0.0320,2.16500,0.05870,-0.05870,4.5330e+02,1.570e+01,-1.570e+01,1.78,1.900e-01,-1.000e-01,831.0,,,112.48,36.61,-19.34,34.30,1,q1_q17_dr25_tce,5411.00,107.00,-107.00,4.523,0.042,-0.084,0.8500,0.0910,-0.0450,283.469360,40.132610,14.139
9834040,K01998.01,Kepler-1044 b,CONFIRMED,CANDIDATE,1.0000,0,0,0,0,6.774089840,1.7760000e-05,-1.7760000e-05,135.9552400,2.230000e-03,-2.230000e-03,0.0260,0.4020,-0.0260,2.62150,0.06340,-0.06340,5.2030e+02,1.830e+01,-1.830e+01,2.50,7.500e-01,-3.300e-01,1058.0,,,295.82,263.29,-103.88,33.60,1,q1_q17_dr25_tce,6246.00,174.00,-239.00,4.433,0.052,-0.208,1.0920,0.3290,-0.1410,293.144470,46.666241,15.368
6152974,K00216.01,Kepler-118 c,CONFIRMED,CANDIDATE,1.0000,0,0,0,0,20.172024672,9.3350000e-06,-9.3350000e-06,141.2091820,3.900000e-04,-3.900000e-04,0.3340,0.1480,-0.2240,3.14880,0.02480,-0.02480,5.3681e+03,2.620e+01,-2.620e+01,6.24,2.700e-01,-5.500e-01,564.0,,,24.00,3.92,-5.19,226.80,1,q1_q17_dr25_tce,5064.00,83.00,-75.00,4.474,0.090,-0.030,0.8640,0.0380,-0.0760,299.213170,41.424831,14.711
8802693,K02000.01,Kepler-1045 b,CONFIRMED,CANDIDATE,1.0000,0,0,0,0,26.410441990,7.7410000e-05,-7.7410000e-05,149.3954100,2.370000e-03,-2.370000e-03,0.6740,0.0200,-0.5150,3.07150,0.08400,-0.08400,9.9110e+02,3.650e+01,-3.650e+01,2.45,4.300e-01,-1.900e-01,512.0,,,16.27,9.13,-3.97,31.20,1,q1_q17_dr25_tce,5448.00,162.00,-162.00,4.613,0.037,-0.112,0.7340,0.1310,-0.0560,284.183290,45.074100,15.593
6061773,K02001.01,Kepler-1783 b,CONFIRMED,CANDIDATE,1.0000,0,0,0,0,8.277457640,4.6110000e-05,-4.6110000e-05,138.2566700,4.710000e-03,-4.710000e-03,0.2610,0.1880,-0.2610,2.71300,0.13800,-0.13800,1.9720e+02,1.340e+01,-1.340e+01,2.46,1.260e+00,-1.530e+00,1088.0,,,331.35,518.86,-289.30,17.30,1,q1_q17_dr25_tce,5129.00,153.00,-138.00,3.884,0.707,-0.303,1.7810,0.9090,-1.1110,297.021090,41.377171,13.115
10024701,K02002.01,Kepler-1046 b,CONFIRMED,CANDIDATE,1.0000,0,0,0,0,14.375045820,8.6840000e-05,-8.6840000e-05,139.0592400,5.100000e-03,-5.100000e-03,0.9270,0.0190,-0.6720,3.20800,0.15100,-0.15100,2.5110e+02,1.840e+01,-1.840e+01,2.05,3.300e-01,-2.000e-01,786.0,,,90.16,39.97,-23.14,15.70,1,q1_q17_dr25_tce,5931.00,106.00,-130.00,4.403,0.076,-0.114,1.0530,0.1680,-0.1040,296.755740,46.998291,13.286
2579043,K02064.01,,CANDIDATE,CANDIDATE,1.0000,0,0,0,0,6.312191710,2.2020000e-05,-2.2020000e-05,136.9331500,2.920000e-03,-2.920000e-03,0.0180,0.4100,-0.0180,4.93770,0.09220,-0.09220,4.0370e+02,1.330e+01,-1.330e+01,2.17,7.000e-01,-2.300e-01,1096.0,,,342.04,324.93,-106.57,35.60,1,q1_q17_dr25_tce,6322.00,169.00,-225.00,4.426,0.054,-0.216,1.0750,0.3490,-0.1160,292.135250,37.889622,14.959
3239671,K02066.01,Kepler-1678 b,CONFIRMED,CANDIDATE,0.9970,0,0,0,0,147.973910000,1.1600000e-03,-1.1600000e-03,263.0856100,5.120000e-03,-5.120000e-03,0.0340,0.4120,-0.0340,6.85400,0.16800,-0.16800,1.2671e+03,5.350e+01,-5.350e+01,3.33,4.300e-01,-2.900e-01,329.0,,,2.78,1.03,-0.64,26.40,1,q1_q17_dr25_tce,5578.00,100.00,-111.00,4.440,0.090,-0.099,0.9500,0.1230,-0.0820,292.591640,38.399658,14.904
9304101,K02067.01,Kepler-1079 b,CONFIRMED,CANDIDATE,0.9750,0,0,0,0,13.245034820,4.6770000e-05,-4.6770000e-05,142.0057300,2.770000e-03,-2.770000e-03,0.4980,0.0100,-0.4680,4.40780,0.08310,-0.08310,1.5610e+02,5.000e+00,-5.000e+00,1.77,2.800e-01,-3.800e-01,887.0,,,146.31,67.14,-62.43,35.70,1,q1_q17_dr25_tce,5636.00,114.00,-103.00,4.147,0.188,-0.101,1.3900,0.2230,-0.2980,299.549500,45.769749,12.584
11360571,K02069.01,Kepler-1080 b,CONFIRMED,CANDIDATE,0.9370,0,0,0,0,77.255072600,3.9130000e-04,-3.9130000e-04,159.3239900,4.070000e-03,-4.070000e-03,0.8370,0.0670,-0.5900,10.21400,0.16100,-0.16100,5.8950e+02,1.520e+01,-1.520e+01,3.70,1.140e+00,-6.600e-01,548.0,,,21.37,19.36,-9.04,44.00,1,q1_q17_dr25_tce,6564.00,181.00,-250.00,4.255,0.128,-0.192,1.3560,0.4170,-0.2430,296.464480,49.182907,13.754
6035124,K02071.01,Kepler-1081 b,CONFIRMED,CANDIDATE,0.9000,0,0,0,0,3.856906860,1.1180000e-05,-1.1180000e-05,134.4740500,2.510000e-03,-2.510000e-03,0.4660,0.4510,-0.2570,2.08080,0.07420,-0.07420,1.2780e+02,6.200e+00,-6.200e+00,0.93,9.000e-02,-4.000e-02,972.0,,,210.44,57.80,-26.93,24.30,1,q1_q17_dr25_tce,5272.00,73.00,-84.00,4.574,0.015,-0.085,0.8130,0.0800,-0.0290,289.444520,41.317760,13.746
8160953,K01858.01,Kepler-985 b,CONFIRMED,CANDIDATE,1.0000,0,0,0,0,116.331173900,6.1100000e-04,-6.1100000e-04,173.6888700,3.940000e-03,-3.940000e-03,0.0320,0.4000,-0.0320,7.02500,0.14300,-0.14300,1.5863e+03,5.410e+01,-5.410e+01,3.26,3.000e-01,-1.800e-01,323.0,,,2.59,0.75,-0.45,31.50,1,q1_q17_dr25_tce,5354.00,106.00,-106.00,4.533,0.039,-0.072,0.8350,0.0770,-0.0450,290.144320,44.049950,14.767
8160953,K01858.02,,CANDIDATE,CANDIDATE,,0,0,0,0,86.049055000,6.9980000e-03,-6.9980000e-03,201.0385000,7.420000e-02,-7.420000e-02,0.2597,0.1882,-0.2596,29.28000,4.80000,-4.80000,4.2990e+02,3.500e+01,-3.500e+01,2.06,8.000e-01,-2.300e-01,410.0,,,6.68,7.69,-1.98,8.00,,,5733.00,157.00,-165.00,4.432,0.076,-0.267,0.9970,0.3880,-0.1110,290.144320,44.049950,14.767
4157325,K01860.01,Kepler-416 b,CONFIRMED,CANDIDATE,1.0000,0,0,0,0,6.319435530,1.2890000e-05,-1.2890000e-05,132.2289200,1.780000e-03,-1.780000e-03,0.7750,0.0120,-0.5480,3.34220,0.04570,-0.04570,5.8110e+02,1.030e+01,-1.030e+01,2.71,3.900e-01,-2.900e-01,986.0,,,223.15,93.54,-58.60,61.00,1,q1_q17_dr25_tce,5670.00,114.00,-114.00,4.397,0.095,-0.105,1.0220,0.1480,-0.1080,291.556950,39.227291,14.028
4157325,K01860.02,Kepler-416 c,CONFIRMED,CANDIDATE,1.0000,0,0,0,0,12.209517550,3.9320000e-05,-3.9320000e-05,360.3204000,2.190000e-03,-2.190000e-03,0.7790,0.0250,-0.5520,4.18080,0.07680,-0.07680,5.3810e+02,1.250e+01,-1.250e+01,2.61,3.700e-01,-2.800e-01,791.0,,,92.68,38.85,-24.34,45.50,2,q1_q17_dr25_tce,5670.00,114.00,-114.00,4.397,0.095,-0.105,1.0220,0.1480,-0.1080,291.556950,39.227291,14.028
4157325,K01860.03,Kepler-416 d,CONFIRMED,CANDIDATE,1.0000,0,0,0,0,3.076447090,1.0380000e-05,-1.0380000e-05,353.7643000,2.240000e-03,-2.240000e-03,0.7080,0.2350,-0.5050,2.63260,0.06930,-0.06930,2.1670e+02,8.100e+00,-8.100e+00,1.61,2.300e-01,-1.700e-01,1253.0,,,583.25,244.51,-153.16,29.30,3,q1_q17_dr25_tce,5670.00,114.00,-114.00,4.397,0.095,-0.105,1.0220,0.1480,-0.1080,291.556950,39.227291,14.028
5108214,K01924.01,,FALSE POSITIVE,FALSE POSITIVE,0.9990,0,1,1,0,2.119130050,2.1160000e-05,-2.1160000e-05,132.5900000,9.290000e-03,-9.290000e-03,0.6700,0.0060,-0.5110,4.14100,0.26100,-0.26100,2.8700e+01,1.600e+00,-1.600e+00,1.35,1.200e-01,-1.500e-01,2090.0,,,4512.10,1134.60,-1121.81,21.50,1,q1_q17_dr25_tce,5799.00,78.00,-78.00,3.813,0.078,-0.052,2.3770,0.2120,-0.2600,294.286900,40.213810,7.837
9955598,K01925.01,Kepler-409 b,CONFIRMED,CANDIDATE,0.9990,0,0,0,0,68.958447000,2.3450000e-04,-2.3450000e-04,179.0815800,2.730000e-03,-2.730000e-03,0.8210,0.0430,-0.5630,3.12800,0.08690,-0.08690,1.2330e+02,4.800e+00,-4.800e+00,1.11,5.000e-02,-4.000e-02,402.0,,,6.17,0.87,-0.83,30.00,1,q1_q17_dr25_tce,5455.00,73.00,-82.00,4.497,0.027,-0.030,0.8880,0.0360,-0.0360,293.679200,46.852760,9.439
10723750,K00209.02,Kepler-117 b,CONFIRMED,CANDIDATE,1.0000,0,0,0,0,18.795912760,1.2310000e-05,-1.2310000e-05,145.8218540,5.440000e-04,-5.440000e-04,0.6950,0.0700,-0.4180,7.52350,0.04400,-0.04400,2.4314e+03,1.000e+01,-1.000e+01,7.39,1.330e+00,-1.330e+00,852.0,,,124.64,63.17,-47.31,282.30,2,q1_q17_dr25_tce,6163.00,123.00,-123.00,4.185,0.154,-0.112,1.4060,0.2530,-0.2530,288.793030,48.040230,14.274
7219761,K01927.01,,FALSE POSITIVE,FALSE POSITIVE,,0,0,0,0,47.763977280,,,165.0410660,,,,,,4.08000,,,,,,,,,,,,,,,,,,,,,,,,,,,296.986050,42.729980,9.668
5770074,K01928.01,Kepler-1675 b,CONFIRMED,CANDIDATE,0.9860,0,0,0,0,63.038036600,2.2930000e-04,-2.2930000e-04,169.1216100,2.820000e-03,-2.820000e-03,0.0210,0.3560,-0.0210,7.37020,0.08550,-0.08550,6.5870e+02,1.420e+01,-1.420e+01,2.59,3.900e-01,-2.200e-01,465.0,,,11.10,4.61,-2.55,53.10,1,q1_q17_dr25_tce,5798.00,104.00,-116.00,4.411,0.085,-0.114,1.0190,0.1510,-0.0880,283.809540,41.041241,13.605
10136549,K01929.01,Kepler-337 c,CONFIRMED,CANDIDATE,1.0000,0,0,0,0,9.693150230,2.7590000e-05,-2.7590000e-05,132.8136200,2.250000e-03,-2.250000e-03,0.7340,0.0790,-0.5020,5.67250,0.06700,-0.06700,1.4180e+02,3.300e+00,-3.300e+00,1.89,2.900e-01,-4.400e-01,1017.0,,,253.08,113.07,-115.05,45.10,1,q1_q17_dr25_tce,5683.00,115.00,-104.00,4.108,0.195,-0.090,1.4720,0.2290,-0.3440,290.060490,47.163960,12.727
9851271,K02003.01,,FALSE POSITIVE,FALSE POSITIVE,0.0000,0,0,1,1,8.480312290,3.9330000e-05,-3.9330000e-05,135.8531900,3.800000e-03,-3.800000e-03,0.9510,0.0070,-0.6660,7.10500,0.21800,-0.21800,3.5110e+02,1.030e+01,-1.030e+01,2.58,7.700e-01,-4.200e-01,952.0,,,193.86,169.51,-74.22,37.30,1,q1_q17_dr25_tce,5910.00,158.00,-193.00,4.364,0.128,-0.192,1.0780,0.3220,-0.1730,298.833340,46.654530,14.613
12154526,K02004.01,Kepler-1047 b,CONFIRMED,CANDIDATE,0.9990,0,0,0,0,56.188643600,2.6420000e-04,-2.6420000e-04,146.3794500,3.710000e-03,-3.710000e-03,0.8730,0.0110,-0.6020,6.52720,0.08940,-0.08940,3.4620e+02,1.000e+01,-1.000e+01,2.56,3.900e-01,-3.300e-01,503.0,,,15.13,6.70,-4.49,35.60,1,q1_q17_dr25_tce,5700.00,114.00,-114.00,4.327,0.103,-0.115,1.1760,0.1820,-0.1490,288.646270,50.788979,13.351
6665512,K02005.01,Kepler-1048 b,CONFIRMED,CANDIDATE,1.0000,0,0,0,0,6.921014520,2.2200000e-05,-2.2200000e-05,135.6434300,2.680000e-03,-2.680000e-03,0.7710,0.1220,-0.5350,4.35910,0.08010,-0.08010,5.2970e+02,1.500e+01,-1.500e+01,1.48,1.200e-01,-1.400e-01,619.0,,,34.85,11.14,-9.39,39.90,1,q1_q17_dr25_tce,4461.00,132.00,-132.00,4.661,0.052,-0.028,0.5850,0.0490,-0.0540,281.898350,42.165791,14.832
10525027,K02006.01,Kepler-1049 b,CONFIRMED,CANDIDATE,1.0000,0,0,0,0,3.273447840,6.1770000e-06,-6.1770000e-06,134.4502300,1.550000e-03,-1.550000e-03,0.4400,0.4450,-0.2420,1.72920,0.04950,-0.04950,2.6250e+02,9.100e+00,-9.100e+00,0.81,7.000e-02,-7.000e-02,625.0,,,36.05,9.86,-8.49,34.00,1,q1_q17_dr25_tce,3758.00,75.00,-85.00,4.769,0.040,-0.040,0.4960,0.0420,-0.0420,287.346740,47.772961,14.220
11069176,K02007.01,Kepler-1050 b,CONFIRMED,CANDIDATE,0.9990,0,0,0,0,15.378901400,1.3830000e-04,-1.3830000e-04,143.4062900,6.950000e-03,-6.950000e-03,0.3590,0.1160,-0.3590,4.66200,0.22800,-0.22800,1.8510e+02,1.200e+01,-1.200e+01,2.94,3.800e-01,-1.040e+00,1039.0,,,275.53,93.14,-166.25,17.60,1,q1_q17_dr25_tce,5817.00,78.00,-78.00,3.877,0.293,-0.098,2.1530,0.2720,-0.7600,282.924990,48.626389,13.127
10005758,K01783.01,Kepler-1662 b,CONFIRMED,CANDIDATE,0.9990,0,0,0,0,134.478518900,1.7050000e-04,-1.7050000e-04,169.2814100,1.030000e-03,-1.030000e-03,0.9240,0.0040,-0.0040,5.92880,0.05650,-0.05650,4.0335e+03,4.600e+01,-4.600e+01,10.52,1.650e+00,-2.010e+00,412.0,,,6.81,3.06,-2.67,149.90,1,q1_q17_dr25_tce,5791.00,117.00,-105.00,4.185,0.182,-0.098,1.3360,0.2090,-0.2560,289.341430,46.988239,13.929
10158418,K01784.01,,CANDIDATE,CANDIDATE,0.9990,0,0,0,0,5.007414194,1.1640000e-06,-1.1640000e-06,135.0240660,1.800000e-04,-1.800000e-04,0.9260,0.0860,-0.0070,1.35840,0.01680,-0.01680,4.4139e+03,2.830e+01,-2.830e+01,8.80,1.420e+00,-7.100e-01,1114.0,,,363.75,162.95,-82.45,196.60,1,q1_q17_dr25_tce,5957.00,107.00,-131.00,4.417,0.063,-0.117,1.0420,0.1680,-0.0840,297.646060,47.167488,13.592
3128793,K01786.01,,FALSE POSITIVE,FALSE POSITIVE,0.0000,0,1,0,0,24.686623780,4.7040000e-05,-4.7040000e-05,137.5397600,1.500000e-03,-1.500000e-03,0.6430,0.0240,-0.0470,15.16800,0.14600,-0.14600,8.0523e+03,4.420e+01,-4.420e+01,48.04,1.251e+01,-6.730e+00,1149.0,,,412.55,282.54,-121.69,210.90,1,q1_q17_dr25_tce,4648.00,69.00,-55.00,2.996,0.145,-0.145,5.1320,1.3360,-0.7190,294.207000,38.223450,14.633
5864975,K01787.01,Kepler-950 b,CONFIRMED,CANDIDATE,1.0000,0,0,0,0,98.717933200,1.4610000e-04,-1.4610000e-04,131.5869400,1.290000e-03,-1.290000e-03,0.5880,0.0570,-0.1370,6.59300,0.10900,-0.10900,7.3200e+03,7.050e+01,-7.050e+01,6.99,1.480e+00,-5.200e-01,360.0,,,3.97,2.51,-0.93,124.40,1,q1_q17_dr25_tce,5808.00,157.00,-157.00,4.583,0.036,-0.144,0.7860,0.1660,-0.0590,287.956570,41.130329,15.700
2975770,K01788.01,Kepler-951 b,CONFIRMED,CANDIDATE,0.9330,0,0,0,0,71.525439380,9.4700000e-05,-9.4700000e-05,191.6914700,1.040000e-03,-1.040000e-03,0.0660,0.2930,-0.0660,5.91890,0.05640,-0.05640,5.9043e+03,5.950e+01,-5.950e+01,5.76,2.200e-01,-3.500e-01,340.0,,,3.15,0.46,-0.56,111.30,1,q1_q17_dr25_tce,4855.00,77.00,-87.00,4.542,0.056,-0.020,0.7780,0.0290,-0.0470,287.737550,38.114559,14.521
3648437,K01861.01,,CANDIDATE,CANDIDATE,1.0000,0,0,0,0,17.504417260,4.6940000e-05,-4.6940000e-05,135.7473100,2.170000e-03,-2.170000e-03,0.0060,0.4060,-0.0060,4.25850,0.06480,-0.06480,7.2540e+02,1.710e+01,-1.710e+01,3.56,5.300e-01,-7.300e-01,824.0,,,108.78,42.49,-43.47,47.50,1,q1_q17_dr25_tce,5815.00,78.00,-78.00,4.160,0.203,-0.101,1.3290,0.1970,-0.2710,292.166170,38.739052,13.926
7877496,K00202.01,Kepler-412 b,CONFIRMED,CANDIDATE,1.0000,0,1,0,0,1.720861290,7.1000000e-08,-7.1000000e-08,133.0209998,3.400000e-05,-3.400000e-05,0.7250,0.0050,-0.0050,2.02430,0.00533,-0.00533,1.0184e+04,8.100e+00,-8.100e+00,13.25,8.500e-01,-1.050e+00,1647.0,,,1743.61,394.07,-379.62,1654.90,1,q1_q17_dr25_tce,5742.00,115.00,-115.00,4.297,0.055,-0.045,1.2150,0.0780,-0.0960,286.110320,43.680962,14.309
7286173,K01862.01,Kepler-986 b,CONFIRMED,CANDIDATE,0.3590,0,0,0,0,56.434993300,1.4880000e-04,-1.4880000e-04,151.4108200,2.060000e-03,-2.060000e-03,0.0190,0.3970,-0.0190,4.73810,0.07120,-0.07120,5.8000e+02,1.400e+01,-1.400e+01,2.37,3.200e-01,-2.800e-01,465.0,,,11.04,4.32,-3.08,47.70,1,q1_q17_dr25_tce,5534.00,110.00,,4.381,0.121,-0.099,1.0010,0.1340,-0.1200,293.093990,42.896431,13.668
11126381,K01863.01,Kepler-1673 b,CONFIRMED,CANDIDATE,1.0000,0,0,0,0,33.788802800,1.4660000e-04,-1.4660000e-04,153.6538400,3.450000e-03,-3.450000e-03,0.0780,0.3440,-0.0780,5.49600,0.10200,-0.10200,6.4920e+02,2.060e+01,-2.060e+01,2.71,8.900e-01,-3.000e-01,611.0,,,33.01,31.75,-10.08,36.00,1,q1_q17_dr25_tce,6202.00,166.00,-203.00,4.436,0.054,-0.202,1.0620,0.3490,-0.1160,285.667110,48.719559,13.631
4149450,K01864.01,Kepler-1772 b,CONFIRMED,CANDIDATE,1.0000,0,0,0,0,3.215109385,7.8790000e-06,-7.8790000e-06,133.7774700,1.970000e-03,-1.970000e-03,0.9540,0.1070,-0.7120,4.36500,0.11200,-0.11200,1.5800e+02,3.400e+00,-3.400e+00,1.54,1.900e-01,-1.200e-01,1155.0,,,421.21,151.70,-87.25,53.30,1,q1_q17_dr25_tce,5541.00,100.00,-111.00,4.472,0.056,-0.104,0.9340,0.1170,-0.0680,289.438110,39.270359,13.405
10136549,K01929.02,Kepler-337 b,CONFIRMED,CANDIDATE,0.9980,0,0,0,0,3.292767970,1.1920000e-05,-1.1920000e-05,133.0074100,3.120000e-03,-3.120000e-03,0.6630,0.2570,-0.4480,4.80690,0.08190,-0.08190,8.0700e+01,2.200e+00,-2.200e+00,1.39,2.200e-01,-3.200e-01,1458.0,,,1068.95,477.55,-485.94,40.80,2,q1_q17_dr25_tce,5683.00,115.00,-104.00,4.108,0.195,-0.090,1.4720,0.2290,-0.3440,290.060490,47.163960,12.727
5511081,K01930.01,Kepler-338 b,CONFIRMED,CANDIDATE,0.9990,0,0,0,0,13.727103340,4.0680000e-05,-4.0680000e-05,138.7447300,2.260000e-03,-2.260000e-03,0.0250,0.4390,-0.0250,7.34190,0.07410,-0.07410,1.9920e+02,3.400e+00,-3.400e+00,2.38,1.600e-01,-1.300e-01,1005.0,,,241.58,49.06,-37.43,62.50,1,q1_q17_dr25_tce,5951.00,80.00,-80.00,4.017,0.033,-0.030,1.6930,0.1150,-0.0940,282.978970,40.784351,12.119
5511081,K01930.02,Kepler-338 c,CONFIRMED,CANDIDATE,0.9980,0,0,0,0,24.311003100,1.0360000e-04,-1.0360000e-04,137.0394000,3.290000e-03,-3.290000e-03,0.1460,0.2780,-0.1460,8.76820,0.09670,-0.09670,1.8440e+02,4.000e+00,-4.000e+00,2.30,1.500e-01,-1.300e-01,831.0,,,112.64,22.88,-17.45,48.90,2,q1_q17_dr25_tce,5951.00,80.00,-80.00,4.017,0.033,-0.030,1.6930,0.1150,-0.0940,282.978970,40.784351,12.119
5511081,K01930.03,Kepler-338 d,CONFIRMED,CANDIDATE,0.8960,0,0,0,0,44.430405900,1.9110000e-04,-1.9110000e-04,143.5462000,4.030000e-03,-4.030000e-03,0.0250,0.4260,-0.0250,10.30600,0.11200,-0.11200,2.3850e+02,4.900e+00,-4.900e+00,2.61,1.700e-01,-1.500e-01,680.0,,,50.42,10.24,-7.81,50.50,3,q1_q17_dr25_tce,5951.00,80.00,-80.00,4.017,0.033,-0.030,1.6930,0.1150,-0.0940,282.978970,40.784351,12.119
5511081,K01930.04,Kepler-338 e,CONFIRMED,CANDIDATE,0.9960,0,0,0,0,9.341459250,4.4300000e-05,-4.4300000e-05,132.3858100,3.900000e-03,-3.900000e-03,0.4550,0.0460,-0.4290,6.18000,0.11400,-0.11400,8.1700e+01,3.000e+00,-3.000e+00,1.56,1.100e-01,-9.000e-02,1143.0,,,403.44,81.91,-62.52,29.40,4,q1_q17_dr25_tce,5951.00,80.00,-80.00,4.017,0.033,-0.030,1.6930,0.1150,-0.0940,282.978970,40.784351,12.119
10978763,K01931.01,Kepler-339 b,CONFIRMED,CANDIDATE,1.0000,0,0,0,0,4.977604470,1.6940000e-05,-1.6940000e-05,134.6730400,2.610000e-03,-2.610000e-03,0.4740,0.4620,-0.2650,2.57190,0.07900,-0.07900,2.8730e+02,1.160e+01,-1.160e+01,1.75,2.400e-01,-2.400e-01,1023.0,,,258.91,96.79,-76.60,27.50,1,q1_q17_dr25_tce,5353.00,80.00,-72.00,4.358,0.137,-0.100,1.0230,0.1410,-0.1410,293.351720,48.444641,14.531
11069176,K02007.02,Kepler-1050 c,CONFIRMED,CANDIDATE,0.9740,0,0,0,0,21.128565500,1.9970000e-04,-1.9970000e-04,149.2763200,6.950000e-03,-6.950000e-03,0.3600,0.0810,-0.3600,3.85200,0.22600,-0.22600,1.7670e+02,1.550e+01,-1.550e+01,2.88,3.600e-01,-1.020e+00,935.0,,,180.55,61.03,-108.94,12.50,2,q1_q17_dr25_tce,5817.00,78.00,-78.00,3.877,0.293,-0.098,2.1530,0.2720,-0.7600,282.924990,48.626389,13.127
8098728,K02008.01,,FALSE POSITIVE,FALSE POSITIVE,0.0000,0,1,0,0,24.485117800,3.4070000e-04,-3.4070000e-04,137.6248000,1.030000e-02,-1.030000e-02,0.9870,0.0180,-0.7280,4.64200,0.27900,-0.27900,2.6380e+02,2.540e+01,-2.540e+01,7.14,1.200e+00,-2.820e+00,1179.0,,,456.64,232.76,-306.73,10.90,1,q1_q17_dr25_tce,6655.00,168.00,-184.00,3.638,0.337,-0.112,2.9950,0.5060,-1.1800,292.226290,43.995312,10.800
6152974,K00216.02,Kepler-118 b,CONFIRMED,CANDIDATE,0.9920,0,0,0,0,7.518545370,4.9330000e-05,-4.9330000e-05,132.5307800,4.670000e-03,-4.670000e-03,0.1300,0.3210,-0.1300,2.84500,0.14600,-0.14600,2.8670e+02,1.720e+01,-1.720e+01,1.42,6.000e-02,-1.200e-01,784.0,,,89.41,14.58,-19.35,19.40,2,q1_q17_dr25_tce,5064.00,83.00,-75.00,4.474,0.090,-0.030,0.8640,0.0380,-0.0760,299.213170,41.424831,14.711
2449431,K02009.01,,CANDIDATE,CANDIDATE,0.9360,0,0,0,0,86.749080700,5.4990000e-04,-5.4990000e-04,170.2928100,4.720000e-03,-4.720000e-03,0.0030,0.4060,-0.0030,9.17900,0.13500,-0.13500,5.4710e+02,1.730e+01,-1.730e+01,2.23,3.100e-01,-2.200e-01,398.0,,,5.94,2.35,-1.45,35.70,1,q1_q17_dr25_tce,5579.00,111.00,-100.00,4.419,0.100,-0.100,0.9700,0.1320,-0.0960,292.773990,37.797691,13.820
5631630,K02010.01,Kepler-1051 b,CONFIRMED,CANDIDATE,0.8790,0,0,0,0,25.961900670,9.6160000e-05,-9.6160000e-05,138.9690800,3.030000e-03,-3.030000e-03,0.0200,0.3990,-0.0200,6.27320,0.09410,-0.09410,3.5030e+02,1.050e+01,-1.050e+01,3.25,5.900e-01,-7.300e-01,850.0,,,123.11,57.42,-52.63,37.50,1,q1_q17_dr25_tce,6369.00,77.00,-83.00,4.088,0.174,-0.116,1.7290,0.3150,-0.3860,295.158110,40.898849,13.200
6504954,K01790.01,Kepler-952 b,CONFIRMED,CANDIDATE,0.9990,0,0,0,0,130.354392900,2.1390000e-04,-2.1390000e-04,144.0602200,1.220000e-03,-1.220000e-03,0.6750,0.0750,-0.2510,6.47400,0.14300,-0.14300,5.1287e+03,5.970e+01,-5.970e+01,7.70,2.530e+00,-8.400e-01,369.0,,,4.36,4.22,-1.34,103.70,1,q1_q17_dr25_tce,5970.00,163.00,-199.00,4.463,0.056,-0.224,1.0150,0.3340,-0.1110,285.371950,41.993912,15.254
9410930,K00196.01,Kepler-41 b,CONFIRMED,CANDIDATE,1.0000,0,1,0,0,1.855557556,7.9000000e-08,-7.9000000e-08,137.1810280,3.500000e-05,-3.500000e-05,0.5540,0.0110,-0.0150,2.35672,0.00610,-0.00610,1.0570e+04,7.100e+00,-7.100e+00,10.05,5.900e-01,-6.600e-01,1436.0,,,1004.89,215.17,-195.32,1853.80,1,q1_q17_dr25_tce,5657.00,113.00,-113.00,4.441,0.050,-0.045,0.9470,0.0560,-0.0620,294.513240,45.981640,14.465
5731623,K01793.01,,CANDIDATE,CANDIDATE,1.0000,0,0,0,0,3.261759866,1.1670000e-06,-1.1670000e-06,131.7788580,3.220000e-04,-3.220000e-04,0.9490,0.0350,-0.0260,1.75930,0.03010,-0.03010,3.8761e+03,3.220e+01,-3.220e+01,8.01,2.660e+00,-8.900e-01,1262.0,,,599.54,605.46,-194.11,190.40,1,q1_q17_dr25_tce,6131.00,191.00,-234.00,4.497,0.054,-0.229,0.9450,0.3150,-0.1050,298.316740,40.996101,15.280
6153672,K01794.01,,FALSE POSITIVE,FALSE POSITIVE,0.0030,0,1,0,0,3.364425589,4.8810000e-06,-4.8810000e-06,131.6684300,1.210000e-03,-1.210000e-03,1.5970,49.4100,-10.1800,1.32610,0.07140,-0.07140,4.8430e+03,1.940e+02,-1.940e+02,56.83,1.474e+01,-4.910e+00,1106.0,,,352.97,276.93,-92.11,32.00,1,q1_q17_dr25_tce,5813.00,174.00,-174.00,4.589,0.042,-0.168,0.7750,0.2010,-0.0670,299.356510,41.414291,15.337
10676014,K01797.01,Kepler-954 b,CONFIRMED,CANDIDATE,1.0000,0,0,0,0,16.781757880,1.6390000e-05,-1.6390000e-05,139.7935600,7.430000e-04,-7.430000e-04,0.5020,0.0060,-0.4620,3.73860,0.03530,-0.03530,9.0800e+02,8.600e+00,-8.600e+00,2.25,1.400e-01,-1.000e-01,545.0,,,20.82,4.52,-3.28,118.80,1,q1_q17_dr25_tce,4925.00,98.00,-98.00,4.588,0.024,-0.042,0.7420,0.0450,-0.0330,295.859380,47.939510,12.971
9520838,K01866.01,Kepler-987 b,CONFIRMED,CANDIDATE,1.0000,0,0,0,0,105.303509300,4.3050000e-04,-4.3050000e-04,207.1701500,3.420000e-03,-3.420000e-03,0.0270,0.4110,-0.0270,6.21400,0.12100,-0.12100,1.3622e+03,3.900e+01,-3.900e+01,3.18,3.800e-01,-1.900e-01,351.0,,,3.58,1.28,-0.67,40.60,1,q1_q17_dr25_tce,5534.00,110.00,-110.00,4.515,0.042,-0.098,0.8750,0.1050,-0.0530,289.411070,46.130852,14.986
8167996,K01867.01,Kepler-327 b,CONFIRMED,CANDIDATE,1.0000,0,0,0,0,2.549562652,3.7430000e-06,-3.7430000e-06,132.6080300,1.260000e-03,-1.260000e-03,0.0470,0.3770,-0.0470,1.69990,0.03860,-0.03860,4.9510e+02,1.290e+01,-1.290e+01,1.11,7.000e-02,-1.100e-01,682.0,,,50.90,11.06,-13.30,43.70,1,q1_q17_dr25_tce,3716.00,73.00,-83.00,4.740,0.056,-0.024,0.5060,0.0310,-0.0510,292.642360,44.087669,15.018
8167996,K01867.02,Kepler-327 d,CONFIRMED,CANDIDATE,1.0000,0,0,0,0,13.969501810,2.1530000e-05,-2.1530000e-05,132.1706200,1.210000e-03,-1.210000e-03,0.9010,0.0380,-0.6390,1.58710,0.04690,-0.04690,1.1100e+03,3.460e+01,-3.460e+01,2.04,1.300e-01,-2.000e-01,387.0,,,5.29,1.15,-1.38,37.00,2,q1_q17_dr25_tce,3716.00,73.00,-83.00,4.740,0.056,-0.024,0.5060,0.0310,-0.0510,292.642360,44.087669,15.018
8167996,K01867.03,Kepler-327 c,CONFIRMED,CANDIDATE,1.0000,0,0,0,0,5.212301710,1.3090000e-05,-1.3090000e-05,132.7105200,2.030000e-03,-2.030000e-03,0.1870,0.2540,-0.1870,2.09800,0.06390,-0.06390,4.3000e+02,1.620e+01,-1.620e+01,1.04,6.000e-02,-1.100e-01,537.0,,,19.70,4.28,-5.15,29.30,3,q1_q17_dr25_tce,3716.00,73.00,-83.00,4.740,0.056,-0.024,0.5060,0.0310,-0.0510,292.642360,44.087669,15.018
6773862,K01868.01,Kepler-988 b,CONFIRMED,CANDIDATE,1.0000,0,0,0,0,17.760765240,2.6970000e-05,-2.6970000e-05,137.5077800,1.260000e-03,-1.260000e-03,0.6270,0.0240,-0.4750,1.66790,0.04460,-0.04460,1.2872e+03,3.600e+01,-3.600e+01,1.93,1.400e-01,-1.500e-01,368.0,,,4.34,1.05,-0.96,42.60,1,q1_q17_dr25_tce,3826.00,76.00,-84.00,4.744,0.035,-0.035,0.5160,0.0370,-0.0400,290.708400,42.237251,15.220
10978763,K01931.02,Kepler-339 d,CONFIRMED,CANDIDATE,0.9820,0,0,0,0,10.558404790,8.5660000e-05,-8.5660000e-05,136.3444900,6.780000e-03,-6.780000e-03,0.3100,0.1460,-0.3100,3.36600,0.18000,-0.18000,1.9420e+02,1.430e+01,-1.430e+01,1.41,2.000e-01,-1.900e-01,796.0,,,94.94,35.49,-28.09,14.60,3,q1_q17_dr25_tce,5353.00,80.00,-72.00,4.358,0.137,-0.100,1.0230,0.1410,-0.1410,293.351720,48.444641,14.531
10602291,K00210.01,,CANDIDATE,CANDIDATE,0.0000,0,0,0,0,20.927358020,8.3780000e-06,-8.3780000e-06,139.3257910,3.160000e-04,-3.160000e-04,0.9910,0.1730,-0.0450,3.42560,0.02450,-0.02450,8.0910e+03,4.020e+01,-4.020e+01,17.36,5.480e+00,-2.740e+00,735.0,,,69.08,64.40,-26.58,263.50,1,q1_q17_dr25_tce,6126.00,171.00,-214.00,4.358,0.112,-0.192,1.1090,0.3500,-0.1750,292.782350,47.800629,14.877
10978763,K01931.03,Kepler-339 c,CONFIRMED,CANDIDATE,0.9670,0,0,0,0,6.988009530,4.5070000e-05,-4.5070000e-05,132.5696400,5.120000e-03,-5.120000e-03,0.0240,0.4260,-0.0240,3.10300,0.15600,-0.15600,1.9320e+02,1.220e+01,-1.220e+01,1.39,1.900e-01,-1.900e-01,914.0,,,164.86,61.62,-48.78,17.10,2,q1_q17_dr25_tce,5353.00,80.00,-72.00,4.358,0.137,-0.100,1.0230,0.1410,-0.1410,293.351720,48.444641,14.531
5202905,K01932.01,Kepler-340 c,CONFIRMED,CANDIDATE,0.9440,0,0,0,0,22.824514400,2.3500000e-04,-2.3500000e-04,144.4684300,8.480000e-03,-8.480000e-03,0.2790,0.1750,-0.2790,6.61700,0.30000,-0.30000,3.2270e+02,2.240e+01,-2.240e+01,3.36,6.000e-01,-7.200e-01,946.0,,,189.46,89.81,-83.67,15.90,1,q1_q17_dr25_tce,6642.00,105.00,-157.00,4.057,0.174,-0.116,1.8460,0.3260,-0.3990,295.933470,40.300571,12.345
9072190,K01933.01,Kepler-1018 b,CONFIRMED,CANDIDATE,0.9990,0,0,0,0,49.101109300,2.0940000e-04,-2.0940000e-04,136.4726500,3.170000e-03,-3.170000e-03,0.5200,0.3360,-0.3140,6.34100,0.11000,-0.11000,8.4560e+02,2.430e+01,-2.430e+01,3.28,7.700e-01,-5.600e-01,498.0,,,14.57,9.01,-5.06,39.70,1,q1_q17_dr25_tce,5393.00,80.00,-72.00,4.299,0.165,-0.165,1.1100,0.2610,-0.1890,283.596680,45.407879,15.041
5384079,K02011.01,Kepler-348 b,CONFIRMED,CANDIDATE,0.9890,0,0,0,0,7.056751450,2.0520000e-05,-2.0520000e-05,132.5351200,2.310000e-03,-2.310000e-03,0.6310,0.3070,-0.4090,2.02610,0.07440,-0.07440,1.3000e+02,6.000e+00,-6.000e+00,1.68,3.200e-01,-2.100e-01,1196.0,,,483.95,252.62,-146.37,25.20,1,q1_q17_dr25_tce,6388.00,115.00,-140.00,4.244,0.088,-0.121,1.4020,0.2670,-0.1780,297.255040,40.548370,12.556
9839821,K02012.01,Kepler-1052 b,CONFIRMED,CANDIDATE,0.9960,0,0,0,0,34.853690300,1.8840000e-04,-1.8840000e-04,164.0466800,4.380000e-03,-4.380000e-03,0.4930,0.4300,-0.2780,5.33300,0.13600,-0.13600,7.6770e+02,3.110e+01,-3.110e+01,2.40,5.700e-01,-2.000e-01,522.0,,,17.62,11.89,-4.36,27.00,1,q1_q17_dr25_tce,5818.00,139.00,-157.00,4.554,0.042,-0.168,0.8480,0.1990,-0.0710,295.342710,46.602261,14.876
4056616,K02013.01,Kepler-1053 b,CONFIRMED,CANDIDATE,1.0000,0,0,0,0,2.414348680,4.2310000e-06,-4.2310000e-06,132.4287800,1.470000e-03,-1.470000e-03,0.2210,0.2220,-0.2210,1.27010,0.04880,-0.04880,1.9100e+02,7.800e+00,-7.800e+00,0.97,3.000e-02,-4.000e-02,953.0,,,195.08,25.95,-30.62,30.00,1,q1_q17_dr25_tce,4507.00,80.00,-80.00,4.573,0.043,-0.013,0.7240,0.0200,-0.0350,291.418640,39.127419,13.156
6707908,K02014.01,,FALSE POSITIVE,FALSE POSITIVE,0.9980,0,1,0,0,2.466070972,3.8270000e-06,-3.8270000e-06,132.3209700,1.290000e-03,-1.290000e-03,1.2230,12.5300,-0.0440,1.95590,0.06390,-0.06390,7.0450e+02,2.010e+01,-2.010e+01,24.30,7.120e+00,-2.370e+00,1260.0,,,595.80,523.57,-170.54,42.60,1,q1_q17_dr25_tce,5708.00,169.00,-186.00,4.529,0.048,-0.192,0.8840,0.2590,-0.0860,296.050420,42.113239,15.601
8492026,K02016.01,Kepler-1054 b,CONFIRMED,CANDIDATE,1.0000,0,0,0,0,4.306563890,1.3640000e-05,-1.3640000e-05,132.4409800,2.710000e-03,-2.710000e-03,0.8940,0.0040,-0.6650,4.11070,0.05090,-0.05090,2.5700e+02,7.500e+00,-7.500e+00,1.95,6.700e-01,-2.300e-01,1177.0,,,453.20,477.50,-150.37,39.80,1,q1_q17_dr25_tce,6108.00,193.00,-236.00,4.466,0.056,-0.224,1.0300,0.3570,-0.1190,290.601140,44.556381,14.136
6867766,K01798.01,,FALSE POSITIVE,FALSE POSITIVE,0.0000,0,1,0,0,12.964717746,4.1890000e-06,-4.1890000e-06,136.1433420,2.620000e-04,-2.620000e-04,1.2820,37.3600,-0.1300,1.83030,0.01440,-0.01440,3.7329e+03,2.470e+01,-2.470e+01,39.93,1.283e+01,-4.290e+00,834.0,,,114.24,107.43,-35.56,183.30,1,q1_q17_dr25_tce,6210.00,166.00,-222.00,4.450,0.054,-0.202,1.0330,0.3320,-0.1110,293.196200,42.370628,14.384
6058614,K01799.01,,FALSE POSITIVE,FALSE POSITIVE,0.4600,0,1,0,0,1.731079436,2.9420000e-06,-2.9420000e-06,134.7797700,1.430000e-03,-1.430000e-03,1.4040,36.0100,-2.0150,1.84190,0.07270,-0.07270,1.1974e+04,4.080e+02,-4.080e+02,56.05,1.761e+01,-5.870e+00,1541.0,,,1332.50,1270.24,-419.21,36.20,1,q1_q17_dr25_tce,6045.00,189.00,-232.00,4.494,0.052,-0.208,0.9550,0.3000,-0.1000,296.305730,41.317120,15.505
11017901,K01800.01,Kepler-447 b,CONFIRMED,CANDIDATE,1.0000,0,0,0,0,7.794302043,1.9630000e-06,-1.9630000e-06,137.2603850,2.000000e-04,-2.000000e-04,1.0600,0.3900,-0.1160,1.10810,0.01480,-0.01480,3.3874e+03,2.830e+01,-2.830e+01,16.51,2.160e+00,-1.760e+00,882.0,,,142.82,50.79,-34.85,159.20,1,q1_q17_dr25_tce,5494.00,82.00,-73.00,4.405,0.110,-0.090,0.9820,0.1280,-0.1050,285.268590,48.560009,12.394
5088591,K01801.01,Kepler-955 b,CONFIRMED,CANDIDATE,1.0000,0,0,0,0,14.532448300,9.6270000e-05,-9.6270000e-05,140.7240700,5.520000e-03,-5.520000e-03,0.0010,0.4590,-0.0010,3.13000,0.17100,-0.17100,1.3559e+03,9.520e+01,-9.520e+01,3.11,5.000e-01,-3.700e-01,664.0,,,46.06,23.69,-13.87,16.50,1,q1_q17_dr25_tce,5345.00,159.00,-143.00,4.473,0.104,-0.127,0.8600,0.1380,-0.1010,288.471440,40.269791,14.625
11298298,K01802.01,Kepler-956 b,CONFIRMED,CANDIDATE,1.0000,0,0,0,0,5.248667607,6.0640000e-06,-6.0640000e-06,135.5167080,9.620000e-04,-9.620000e-04,0.8470,0.0050,-0.5870,1.91700,0.02970,-0.02970,6.0120e+02,1.190e+01,-1.190e+01,2.84,4.300e-01,-2.000e-01,1056.0,,,293.42,117.44,-53.09,59.50,1,q1_q17_dr25_tce,5807.00,78.00,-78.00,4.437,0.051,-0.119,1.0120,0.1540,-0.0710,292.530820,49.061710,13.345
10187159,K01870.01,Kepler-989 b,CONFIRMED,CANDIDATE,1.0000,0,0,0,0,7.964314920,1.0370000e-05,-1.0370000e-05,136.8164600,1.090000e-03,-1.090000e-03,0.1890,0.2890,-0.1890,1.53420,0.03840,-0.03840,7.4600e+02,2.040e+01,-2.040e+01,2.44,5.900e-01,-3.200e-01,805.0,,,99.42,75.62,-32.21,44.30,1,q1_q17_dr25_tce,5185.00,170.00,-139.00,4.440,0.105,-0.192,0.9100,0.2220,-0.1200,281.582920,47.233631,14.425
9758089,K01871.01,Kepler-1996 c,CONFIRMED,CANDIDATE,0.9980,0,0,0,0,92.729724800,3.9800000e-04,-3.9800000e-04,177.4380800,3.470000e-03,-3.470000e-03,0.8570,0.0560,-0.5970,6.83000,0.15300,-0.15300,1.2575e+03,3.190e+01,-3.190e+01,2.81,2.000e-01,-8.000e-02,276.0,,,1.38,0.32,-0.19,43.30,1,q1_q17_dr25_tce,4580.00,92.00,-92.00,4.641,0.012,-0.045,0.6750,0.0460,-0.0210,285.253660,46.582191,14.897
10619192,K00203.01,Kepler-17 b,CONFIRMED,CANDIDATE,1.0000,0,1,0,0,1.485710994,9.5000000e-08,-9.5000000e-08,132.7935653,5.150000e-05,-5.150000e-05,0.1050,0.0220,-0.0720,2.28740,0.00174,-0.00174,2.0824e+04,2.110e+01,-2.110e+01,14.48,8.800e-01,-8.800e-01,1562.0,,,1404.81,293.01,-261.68,1176.60,1,q1_q17_dr25_tce,5624.00,101.00,-112.00,4.432,0.040,-0.049,1.0180,0.0620,-0.0620,298.395260,47.815010,14.141
9883311,K01872.01,,CANDIDATE,CANDIDATE,1.0000,0,0,0,0,30.523145900,6.6070000e-05,-6.6070000e-05,146.8507200,1.760000e-03,-1.760000e-03,1.0600,69.6800,-0.3910,2.72860,0.08880,-0.08880,2.2123e+03,6.780e+01,-6.780e+01,11.26,2.330e+00,-1.000e+00,506.0,,,15.46,9.93,-4.09,38.70,1,q1_q17_dr25_tce,5518.00,166.00,-166.00,4.585,0.034,-0.136,0.7900,0.1640,-0.0700,288.313320,46.771431,15.841
4939346,K01873.01,Kepler-328 c,CONFIRMED,CANDIDATE,0.9890,0,0,0,0,71.311659800,4.8670000e-04,-4.8670000e-04,132.3923900,3.910000e-03,-3.910000e-03,0.0350,0.3540,-0.0350,8.81300,0.13600,-0.13600,2.1380e+03,5.200e+01,-5.200e+01,4.94,1.500e+00,-5.900e-01,475.0,,,12.01,11.06,-4.37,43.40,1,q1_q17_dr25_tce,6194.00,196.00,-295.00,4.445,0.052,-0.195,1.0690,0.3230,-0.1290,295.809300,40.008511,15.674
4242147,K01934.01,,CANDIDATE,CANDIDATE,1.0000,0,0,0,0,28.782709550,9.1740000e-05,-9.1740000e-05,132.3189000,2.410000e-03,-2.410000e-03,0.0020,0.5010,-0.0010,3.45100,0.10800,-0.10800,8.6450e+02,2.570e+01,-2.570e+01,2.11,9.000e-02,-1.100e-01,443.0,,,9.09,1.53,-1.37,40.10,1,q1_q17_dr25_tce,4774.00,86.00,-76.00,4.580,0.030,-0.030,0.7450,0.0320,-0.0360,284.969670,39.360291,14.649
5396122,K01935.01,,FALSE POSITIVE,FALSE POSITIVE,0.0000,0,1,0,0,15.444288750,2.5710000e-05,-2.5710000e-05,138.1678000,1.500000e-03,-1.500000e-03,1.2750,6.9480,-0.0300,2.07910,0.06070,-0.06070,3.5962e+03,9.300e+01,-9.300e+01,37.58,1.108e+01,-3.450e+00,731.0,,,67.39,60.17,-19.75,44.90,1,q1_q17_dr25_tce,5895.00,182.00,-223.00,4.489,0.036,-0.204,0.9910,0.2920,-0.0910,299.651700,40.545681,15.838
10190777,K01937.01,Kepler-1019 b,CONFIRMED,CANDIDATE,0.9720,0,0,0,0,1.411230023,8.3000000e-07,-8.3000000e-07,132.6419250,4.940000e-04,-4.940000e-04,0.8510,0.0170,-0.5990,1.43250,0.01660,-0.01660,3.8820e+02,5.100e+00,-5.100e+00,1.71,5.000e-02,-1.000e-01,1164.0,,,436.04,54.05,-76.38,89.30,1,q1_q17_dr25_tce,4575.00,73.00,-82.00,4.564,0.051,-0.012,0.7370,0.0200,-0.0430,283.717530,47.204449,13.590
9651234,K01938.01,Kepler-1020 b,CONFIRMED,CANDIDATE,1.0000,0,0,0,0,96.915170700,2.9160000e-04,-2.9160000e-04,187.0895500,2.360000e-03,-2.360000e-03,0.5410,0.0610,-0.4100,6.06500,0.08050,-0.08050,8.6280e+02,1.870e+01,-1.870e+01,2.37,1.700e-01,-1.300e-01,325.0,,,2.64,0.64,-0.44,53.40,1,q1_q17_dr25_tce,5162.00,103.00,-93.00,4.559,0.036,-0.054,0.7910,0.0560,-0.0420,292.672550,46.377419,14.031
7045496,K01939.01,Kepler-1021 b,CONFIRMED,CANDIDATE,1.0000,0,0,0,0,13.474727420,4.4620000e-05,-4.4620000e-05,133.4899900,2.880000e-03,-2.880000e-03,0.0250,0.4290,-0.0250,2.59950,0.08450,-0.08450,7.2960e+02,3.380e+01,-3.380e+01,1.96,3.300e-01,-1.500e-01,634.0,,,38.21,20.33,-9.04,25.30,1,q1_q17_dr25_tce,5395.00,160.00,-144.00,4.615,0.035,-0.105,0.7340,0.1230,-0.0570,295.204900,42.559681,15.164
8750043,K02017.01,Kepler-1055 b,CONFIRMED,CANDIDATE,1.0000,0,0,0,0,2.295035150,1.2900000e-05,-1.2900000e-05,132.6932900,4.570000e-03,-4.570000e-03,0.1600,0.2910,-0.1600,1.65400,0.15100,-0.15100,1.7210e+02,1.850e+01,-1.850e+01,1.18,1.600e-01,-8.000e-02,1304.0,,,681.51,261.58,-140.59,11.60,1,q1_q17_dr25_tce,5637.00,101.00,-112.00,4.482,0.059,-0.102,0.9090,0.1230,-0.0660,290.486760,44.932621,13.090
9973109,K02018.01,Kepler-1056 b,CONFIRMED,CANDIDATE,1.0000,0,0,0,0,27.495634000,1.4850000e-04,-1.4850000e-04,133.2853800,4.030000e-03,-4.030000e-03,0.6640,0.0460,-0.4850,4.85800,0.13700,-0.13700,4.8330e+02,2.050e+01,-2.050e+01,2.11,6.100e-01,-3.700e-01,590.0,,,28.66,24.80,-11.45,24.70,1,q1_q17_dr25_tce,5657.00,169.00,-169.00,4.401,0.167,-0.204,0.9110,0.2620,-0.1610,299.526000,46.899261,14.550
6226290,K02019.01,Kepler-1057 b,CONFIRMED,CANDIDATE,1.0000,0,0,0,0,14.088264420,5.2440000e-05,-5.2440000e-05,137.3433400,3.220000e-03,-3.220000e-03,0.1330,0.3190,-0.1330,4.18470,0.09600,-0.09600,8.8940e+02,2.980e+01,-2.980e+01,2.66,7.700e-01,-2.600e-01,724.0,,,64.97,55.31,-18.63,34.20,1,q1_q17_dr25_tce,5853.00,157.00,-192.00,4.529,0.048,-0.204,0.8950,0.2600,-0.0870,297.452150,41.558128,15.624
9595827,K00217.01,Kepler-71 b,CONFIRMED,CANDIDATE,0.9990,0,0,0,0,3.905081685,3.5200000e-07,-3.5200000e-07,133.4150433,7.450000e-05,-7.450000e-05,0.1310,0.0160,-0.1110,2.82130,0.00486,-0.00486,2.1340e+04,1.790e+01,-1.790e+01,12.78,8.500e-01,-5.200e-01,1046.0,,,282.59,59.74,-44.46,1315.80,1,q1_q17_dr25_tce,5543.00,88.00,-121.00,4.540,0.017,-0.052,0.8870,0.0590,-0.0360,294.865510,46.285851,15.127
9349482,K02020.01,Kepler-1058 b,CONFIRMED,CANDIDATE,0.9960,0,0,0,0,110.964370600,8.4710000e-04,-8.4710000e-04,187.0462100,6.480000e-03,-6.480000e-03,0.7290,0.0350,-0.5110,12.83100,0.24200,-0.24200,1.2832e+03,3.410e+01,-3.410e+01,2.11,1.500e-01,-1.900e-01,239.0,,,0.77,0.22,-0.21,42.10,1,q1_q17_dr25_tce,4441.00,133.00,-146.00,4.695,0.059,-0.027,0.5460,0.0390,-0.0490,294.595790,45.875031,15.498
4349442,K01803.01,,CANDIDATE,CANDIDATE,1.0000,0,0,0,0,4.539297295,,,133.9595824,,,0.8300,,,1.94550,,,7.9810e+02,,,2.34,1.400e-01,-1.000e-01,830.0,,,112.09,24.76,-17.07,50.30,1,q1_q17_dr25_tce,4914.00,98.00,-98.00,4.610,0.018,-0.046,0.7240,0.0450,-0.0300,286.635530,39.488621,13.260
4644952,K01805.01,Kepler-319 c,CONFIRMED,CANDIDATE,1.0000,0,0,0,0,6.941358240,1.0900000e-05,-1.0900000e-05,137.5437000,1.300000e-03,-1.300000e-03,0.8710,0.0220,-0.5970,1.88990,0.03630,-0.03630,8.2500e+02,2.200e+01,-2.200e+01,2.96,3.300e-01,-2.300e-01,876.0,,,139.05,47.54,-29.54,43.10,1,q1_q17_dr25_tce,5527.00,110.00,-110.00,4.491,0.060,-0.090,0.8800,0.1000,-0.0670,288.811950,39.770660,13.828
2987027,K00197.01,Kepler-489 b,CONFIRMED,CANDIDATE,0.9900,0,0,0,0,17.276296682,2.3940000e-06,-2.3940000e-06,133.8391720,1.100000e-04,-1.100000e-04,0.0850,0.1290,-0.0500,3.94738,0.00420,-0.00420,1.0458e+04,1.390e+01,-1.390e+01,7.31,4.700e-01,-3.000e-01,538.0,,,19.88,4.51,-3.00,871.40,1,q1_q17_dr25_tce,4941.00,98.00,-98.00,4.599,0.018,-0.049,0.7380,0.0480,-0.0300,290.833130,38.184349,14.018
4644952,K01805.02,Kepler-319 d,CONFIRMED,CANDIDATE,1.0000,0,0,0,0,31.782111700,1.7690000e-04,-1.7690000e-04,134.8645000,4.780000e-03,-4.780000e-03,0.1700,0.2690,-0.1700,3.85600,0.13000,-0.13000,5.7020e+02,2.840e+01,-2.840e+01,2.08,2.300e-01,-1.600e-01,528.0,,,18.32,6.26,-3.89,21.60,3,q1_q17_dr25_tce,5527.00,110.00,-110.00,4.491,0.060,-0.090,0.8800,0.1000,-0.0670,288.811950,39.770660,13.828
4644952,K01805.03,Kepler-319 b,CONFIRMED,CANDIDATE,1.0000,0,0,0,0,4.362732330,1.2980000e-05,-1.2980000e-05,135.2334200,2.470000e-03,-2.470000e-03,0.7320,0.2020,-0.5080,2.23750,0.07670,-0.07670,3.4160e+02,1.500e+01,-1.500e+01,1.76,2.000e-01,-1.400e-01,1023.0,,,258.70,88.45,-54.96,25.60,2,q1_q17_dr25_tce,5527.00,110.00,-110.00,4.491,0.060,-0.090,0.8800,0.1000,-0.0670,288.811950,39.770660,13.828
8978528,K01874.01,Kepler-329 c,CONFIRMED,CANDIDATE,1.0000,0,0,0,0,18.684837700,5.2690000e-05,-5.2690000e-05,136.1458700,2.290000e-03,-2.290000e-03,0.4050,0.0730,-0.4050,3.79650,0.08590,-0.08590,1.2515e+03,3.200e+01,-3.200e+01,1.93,1.100e-01,-1.100e-01,402.0,,,6.16,1.26,-1.13,41.20,1,q1_q17_dr25_tce,4156.00,83.00,-91.00,4.712,0.027,-0.030,0.5450,0.0300,-0.0300,299.268040,45.227428,15.434
8978528,K01874.02,Kepler-329 b,CONFIRMED,CANDIDATE,1.0000,0,0,0,0,7.416347010,2.7520000e-05,-2.7520000e-05,135.8537200,3.010000e-03,-3.010000e-03,0.4760,0.4660,-0.2750,2.13620,0.08640,-0.08640,5.0550e+02,2.740e+01,-2.740e+01,1.24,7.000e-02,-7.000e-02,547.0,,,21.10,4.33,-3.85,20.60,2,q1_q17_dr25_tce,4156.00,83.00,-91.00,4.712,0.027,-0.030,0.5450,0.0300,-0.0300,299.268040,45.227428,15.434
9967771,K01875.01,Kepler-990 b,CONFIRMED,CANDIDATE,1.0000,0,0,0,0,9.917242680,2.3750000e-05,-2.3750000e-05,135.1389000,1.940000e-03,-1.940000e-03,0.7860,0.0570,-0.5330,3.22410,0.06980,-0.06980,4.5790e+02,1.260e+01,-1.260e+01,2.85,4.200e-01,-5.500e-01,903.0,,,157.41,61.60,-60.28,38.80,2,q1_q17_dr25_tce,5539.00,83.00,-74.00,4.244,0.174,-0.101,1.2070,0.1750,-0.2330,297.938200,46.881401,14.498
11622600,K01876.01,Kepler-991 b,CONFIRMED,CANDIDATE,0.8540,0,0,0,0,82.534118800,2.8220000e-04,-2.8220000e-04,209.1276300,2.830000e-03,-2.830000e-03,0.0330,0.3870,-0.0330,4.85560,0.08910,-0.08910,1.8954e+03,5.310e+01,-5.310e+01,2.45,1.100e-01,-1.300e-01,260.0,,,1.08,0.20,-0.18,40.10,1,q1_q17_dr25_tce,4316.00,86.00,-86.00,4.678,0.028,-0.023,0.5800,0.0260,-0.0290,297.090670,49.626572,15.187
10454632,K01877.01,Kepler-992 b,CONFIRMED,CANDIDATE,1.0000,0,0,0,0,20.160378580,6.6950000e-05,-6.6950000e-05,144.3428100,2.740000e-03,-2.740000e-03,0.9410,0.0190,-0.6670,4.13000,0.10900,-0.10900,3.4360e+02,1.120e+01,-1.120e+01,1.75,1.300e-01,-6.000e-02,510.0,,,16.03,4.15,-2.12,35.10,1,q1_q17_dr25_tce,4975.00,99.00,,4.614,0.012,-0.054,0.7240,0.0570,-0.0220,284.430300,47.641781,13.389
10005788,K01940.01,Kepler-1022 b,CONFIRMED,CANDIDATE,1.0000,0,0,0,0,10.994708910,1.9160000e-05,-1.9160000e-05,137.3576900,1.490000e-03,-1.490000e-03,0.2650,0.1840,-0.2650,1.59290,0.04970,-0.04970,8.8470e+02,3.090e+01,-3.090e+01,1.71,1.500e-01,-1.700e-01,512.0,,,16.24,5.19,-4.59,32.70,1,q1_q17_dr25_tce,4302.00,127.00,-127.00,4.661,0.056,-0.028,0.5860,0.0490,-0.0590,289.352020,46.973728,15.389
10005788,K01940.02,,CANDIDATE,CANDIDATE,,0,0,0,0,6.736797320,,,136.4043415,,,,,,2.36000,,,,,,,,,,,,,,,,,,,,,,,,,,,289.352020,46.973728,15.389
10656508,K00211.01,,CANDIDATE,CANDIDATE,0.9980,0,0,0,0,124.035899390,9.1260000e-05,-9.1260000e-05,136.0150980,6.500000e-04,-6.500000e-04,0.0750,0.1750,-0.0750,4.84720,0.02780,-0.02780,7.6900e+03,4.710e+01,-4.710e+01,11.13,1.800e+00,-1.800e+00,413.0,,,6.88,2.93,-2.30,190.10,1,q1_q17_dr25_tce,5822.00,79.00,-79.00,4.244,0.143,-0.104,1.2800,0.2070,-0.2070,287.970310,47.972099,14.989
5213902,K01941.01,,FALSE POSITIVE,FALSE POSITIVE,0.0000,0,0,1,0,1.194812329,1.8660000e-06,-1.8660000e-06,132.1832900,1.360000e-03,-1.360000e-03,0.4040,0.1210,-0.4040,1.37770,0.06280,-0.06280,1.8950e+02,5.700e+00,-5.700e+00,1.36,4.300e-01,-1.400e-01,1806.0,,,2521.46,2348.19,-747.12,41.20,1,q1_q17_dr25_tce,6198.00,175.00,-197.00,4.475,0.054,-0.216,0.9700,0.3050,-0.1020,298.217650,40.341019,14.029
2832589,K01942.01,Kepler-1978 b,CONFIRMED,CANDIDATE,1.0000,0,0,0,0,10.849694770,2.7770000e-05,-2.7770000e-05,136.7443200,2.100000e-03,-2.100000e-03,0.5500,0.2800,-0.3470,3.47400,0.06730,-0.06730,1.1221e+03,2.750e+01,-2.750e+01,2.67,3.800e-01,-2.100e-01,676.0,,,49.30,23.34,-12.14,43.50,1,q1_q17_dr25_tce,5251.00,158.00,-158.00,4.592,0.032,-0.097,0.7780,0.1120,-0.0600,286.006740,38.009541,15.409
2438513,K01944.01,Kepler-1777 b,CONFIRMED,CANDIDATE,1.0000,0,0,0,0,12.184200060,4.1270000e-05,-4.1270000e-05,139.0564400,2.820000e-03,-2.820000e-03,0.7460,0.0350,-0.5330,2.50140,0.08630,-0.08630,4.9930e+02,2.250e+01,-2.250e+01,2.59,3.900e-01,-2.900e-01,819.0,,,106.52,44.98,-29.08,23.30,1,q1_q17_dr25_tce,5771.00,104.00,-115.00,4.374,0.105,-0.105,1.0680,0.1610,-0.1200,290.328670,37.723110,13.982
6356207,K02021.01,Kepler-1059 b,CONFIRMED,CANDIDATE,1.0000,0,0,0,0,3.764170120,1.1490000e-05,-1.1490000e-05,132.3546200,2.660000e-03,-2.660000e-03,0.2870,0.1680,-0.2870,2.01110,0.07050,-0.07050,5.5840e+02,2.400e+01,-2.400e+01,1.70,2.100e-01,-1.400e-01,908.0,,,160.99,74.64,-43.11,27.20,1,q1_q17_dr25_tce,5063.00,181.00,-181.00,4.617,0.033,-0.077,0.7280,0.0930,-0.0580,289.220210,41.706478,15.484
8564674,K02022.01,Kepler-349 b,CONFIRMED,CANDIDATE,1.0000,0,0,0,0,5.929722370,6.9850000e-05,-6.9850000e-05,135.4981100,9.730000e-03,-9.730000e-03,0.0480,0.4010,-0.0480,2.51800,0.29400,-0.29400,4.1210e+02,5.630e+01,-5.630e+01,1.92,2.900e-01,-1.000e-01,972.0,,,210.95,83.29,-30.78,8.90,1,q1_q17_dr25_tce,5741.00,78.00,-78.00,4.492,0.030,-0.128,0.9560,0.1430,-0.0480,293.676480,44.615582,14.746
8564674,K02022.02,Kepler-349 c,CONFIRMED,CANDIDATE,1.0000,0,0,0,0,12.247612100,2.3090000e-04,-2.3090000e-04,138.2196000,1.480000e-02,-1.480000e-02,0.1160,0.3450,-0.1160,3.20900,0.46500,-0.46500,4.0270e+02,6.900e+01,-6.900e+01,1.90,2.800e-01,-1.000e-01,763.0,,,80.29,31.70,-11.72,6.80,2,q1_q17_dr25_tce,5741.00,78.00,-78.00,4.492,0.030,-0.128,0.9560,0.1430,-0.0480,293.676480,44.615582,14.746
8578780,K02023.01,Kepler-1784 b,CONFIRMED,CANDIDATE,0.9990,0,0,0,0,13.590515470,5.6340000e-05,-5.6340000e-05,133.0721700,3.300000e-03,-3.300000e-03,0.2320,0.2220,-0.2310,3.78400,0.10400,-0.10400,6.2190e+02,2.490e+01,-2.490e+01,2.40,6.100e-01,-3.300e-01,724.0,,,64.80,50.06,-22.05,27.70,1,q1_q17_dr25_tce,5442.00,164.00,-164.00,4.409,0.135,-0.180,0.9740,0.2480,-0.1330,297.954160,44.667480,15.150
4544907,K02024.01,Kepler-1060 b,CONFIRMED,CANDIDATE,0.9900,0,0,0,0,46.877672400,3.1070000e-04,-3.1070000e-04,137.6679100,5.750000e-03,-5.750000e-03,0.8340,0.0900,-0.5930,10.04100,0.16600,-0.16600,5.3980e+02,1.630e+01,-1.630e+01,2.62,3.500e-01,-2.300e-01,484.0,,,13.01,4.54,-2.81,37.50,1,q1_q17_dr25_tce,5504.00,74.00,-82.00,4.418,0.090,-0.099,0.9930,0.1300,-0.0870,286.025180,39.630932,14.632
7761918,K01808.01,Kepler-1769 b,CONFIRMED,CANDIDATE,0.9720,0,0,0,0,89.193573700,2.3010000e-04,-2.3010000e-04,217.8218400,2.040000e-03,-2.040000e-03,0.0150,0.4060,-0.0150,4.01040,0.07200,-0.07200,8.6830e+02,2.320e+01,-2.320e+01,3.81,6.900e-01,-6.200e-01,483.0,,,12.83,6.63,-4.61,43.50,1,q1_q17_dr25_tce,6071.00,134.00,-134.00,4.239,0.143,-0.117,1.2950,0.2320,-0.2110,294.743320,43.461208,12.487
8240797,K01809.01,Kepler-321 c,CONFIRMED,CANDIDATE,0.3710,0,0,0,0,13.093909110,1.6100000e-05,-1.6100000e-05,144.5250000,1.020000e-03,-1.020000e-03,0.8600,0.0010,-0.6490,2.28050,0.02670,-0.02670,3.9870e+02,7.000e+00,-7.000e+00,2.20,3.400e-01,-1.200e-01,752.0,,,75.58,32.48,-13.89,62.20,1,q1_q17_dr25_tce,5772.00,104.00,-127.00,4.487,0.030,-0.120,0.9560,0.1470,-0.0530,294.453860,44.145973,12.706
8240797,K01809.02,Kepler-321 b,CONFIRMED,CANDIDATE,0.4040,0,0,0,0,4.915385452,7.4850000e-06,-7.4850000e-06,132.6944800,1.240000e-03,-1.240000e-03,0.4840,0.0620,-0.4070,2.77570,0.03720,-0.03720,2.2550e+02,4.000e+00,-4.000e+00,1.46,2.300e-01,-8.000e-02,1042.0,,,279.43,120.09,-51.35,65.60,2,q1_q17_dr25_tce,5772.00,104.00,-127.00,4.487,0.030,-0.120,0.9560,0.1470,-0.0530,294.453860,44.145973,12.706
8164262,K01810.01,,FALSE POSITIVE,FALSE POSITIVE,0.0000,1,0,0,0,87.455958000,3.8530000e-04,-3.8530000e-04,136.2304200,3.660000e-03,-3.660000e-03,1.2620,10.3800,-0.1910,18.25700,0.19600,-0.19600,1.6049e+03,1.610e+01,-1.610e+01,70.11,1.743e+01,-1.920e+01,728.0,,,66.26,50.37,-36.71,118.90,1,q1_q17_dr25_tce,7700.00,237.00,-316.00,4.018,0.193,-0.140,2.1110,0.5250,-0.5780,291.246830,44.000420,13.360
6279974,K01812.01,,FALSE POSITIVE,FALSE POSITIVE,0.0000,0,1,0,0,0.805259257,1.2000000e-07,-1.2000000e-07,132.1009160,1.220000e-04,-1.220000e-04,1.2450,0.2300,-0.1690,1.42246,0.00696,-0.00696,1.3843e+03,5.200e+00,-5.200e+00,63.55,8.110e+00,-1.621e+01,2723.0,,,12990.09,4421.69,-6159.32,329.70,1,q1_q17_dr25_tce,5872.00,78.00,-78.00,3.926,0.202,-0.067,2.0220,0.2580,-0.5160,290.126530,41.601082,13.742
9455325,K01813.01,Kepler-958 b,CONFIRMED,CANDIDATE,1.0000,0,0,0,0,9.767859110,1.3830000e-05,-1.3830000e-05,139.4396800,1.180000e-03,-1.180000e-03,0.9160,0.0150,-0.6680,2.16490,0.06120,-0.06120,5.8540e+02,1.270e+01,-1.270e+01,2.54,2.300e-01,-1.500e-01,749.0,,,74.48,21.34,-13.89,54.10,1,q1_q17_dr25_tce,5371.00,107.00,-107.00,4.513,0.054,-0.072,0.8520,0.0770,-0.0520,287.256680,46.066769,13.766
3098810,K01878.01,Kepler-1773 b,CONFIRMED,CANDIDATE,1.0000,0,0,0,0,40.809573430,9.4270000e-05,-9.4270000e-05,142.6921800,2.000000e-03,-2.000000e-03,0.9490,0.0510,-0.6750,3.15800,0.12700,-0.12700,4.3610e+02,1.250e+01,-1.250e+01,3.44,5.800e-01,-3.400e-01,623.0,,,35.68,16.60,-9.11,39.30,1,q1_q17_dr25_tce,6183.00,110.00,-134.00,4.301,0.066,-0.114,1.3000,0.2190,-0.1280,286.223240,38.258171,12.988
8367644,K01879.01,Kepler-993 b,CONFIRMED,CANDIDATE,1.0000,0,0,0,0,22.085515990,4.1970000e-05,-4.1970000e-05,135.2343200,1.700000e-03,-1.700000e-03,0.6560,0.0040,-0.4900,2.17270,0.05040,-0.05040,3.1574e+03,7.540e+01,-7.540e+01,3.34,1.700e-01,-1.800e-01,352.0,,,3.63,0.71,-0.64,48.50,1,q1_q17_dr25_tce,3828.00,76.00,-84.00,4.712,0.022,-0.032,0.5650,0.0290,-0.0290,292.614110,44.394661,15.967
10332883,K01880.01,Kepler-994 b,CONFIRMED,CANDIDATE,1.0000,0,0,0,0,1.151166776,6.0500000e-07,-6.0500000e-07,133.2317660,4.300000e-04,-4.300000e-04,0.0290,0.3290,-0.0290,1.09070,0.01420,-0.01420,5.7840e+02,8.400e+00,-8.400e+00,1.28,8.000e-02,-8.000e-02,957.0,,,199.25,42.53,-39.24,83.70,1,q1_q17_dr25_tce,3951.00,70.00,-86.00,4.730,0.028,-0.035,0.5350,0.0340,-0.0340,289.072240,47.407070,14.440
9071386,K00023.01,,FALSE POSITIVE,FALSE POSITIVE,0.2690,0,1,0,0,4.693305543,3.8400000e-07,-3.8400000e-07,136.8627229,6.620000e-05,-6.620000e-05,0.2300,0.0240,-0.0300,5.17249,0.00775,-0.00775,1.4523e+04,1.070e+01,-1.070e+01,17.85,3.240e+00,-2.430e+00,1389.0,,,881.73,440.80,-279.63,1765.20,1,q1_q17_dr25_tce,6365.00,115.00,-140.00,4.220,0.099,-0.121,1.4700,0.2670,-0.2000,283.166320,45.403061,12.291
9305831,K00204.01,Kepler-44 b,CONFIRMED,CANDIDATE,1.0000,0,0,0,0,3.246732048,3.9400000e-07,-3.9400000e-07,133.3791650,1.010000e-04,-1.010000e-04,0.4750,0.0430,-0.0820,3.05350,0.01940,-0.01940,6.9982e+03,1.170e+01,-1.170e+01,12.40,1.030e+00,-9.300e-01,1459.0,,,1072.70,277.96,-225.02,775.00,1,q1_q17_dr25_tce,5763.00,103.00,-114.00,4.150,0.055,-0.044,1.4570,0.1210,-0.1090,300.102360,45.762138,14.678
2438513,K01944.02,,FALSE POSITIVE,FALSE POSITIVE,0.0000,0,0,1,1,8.360675900,8.1060000e-05,-8.1060000e-05,138.8193400,7.600000e-03,-7.600000e-03,0.2590,0.2150,-0.2590,6.28700,0.26800,-0.26800,1.9480e+02,1.340e+01,-1.340e+01,1.49,2.200e-01,-1.700e-01,929.0,,,176.04,74.34,-48.07,17.70,2,q1_q17_dr25_tce,5771.00,104.00,-115.00,4.374,0.105,-0.105,1.0680,0.1610,-0.1200,290.328670,37.723110,13.982
11656918,K01945.01,Kepler-1023 b,CONFIRMED,CANDIDATE,0.9920,0,0,0,0,62.138597900,2.0870000e-04,-2.0870000e-04,161.1483400,2.900000e-03,-2.900000e-03,0.6990,0.1980,-0.4700,4.29380,0.09070,-0.09070,8.8630e+02,2.610e+01,-2.610e+01,5.14,8.300e-01,-2.470e+00,524.0,,,17.88,7.75,-13.35,36.10,1,q1_q17_dr25_tce,5123.00,81.00,-81.00,3.992,0.535,-0.094,1.6210,0.2600,-0.7790,289.029750,49.769711,14.520
11656918,K01945.02,,CANDIDATE,CANDIDATE,,0,0,0,0,17.118103600,9.0620000e-04,-9.0620000e-04,136.1942900,8.510000e-03,-8.510000e-03,0.4346,0.0697,-0.4346,1.29000,0.34000,-0.34000,1.6770e+02,4.390e+01,-4.390e+01,1.22,4.600e-01,-9.000e-02,654.0,,,43.25,48.35,-10.24,6.10,,,5576.00,157.00,-156.00,4.515,0.033,-0.281,0.9290,0.3500,-0.0700,289.029750,49.769711,14.520
10844890,K01946.01,,CANDIDATE,CANDIDATE,1.0000,0,0,0,0,8.294828110,2.1790000e-05,-2.1790000e-05,133.5020100,2.400000e-03,-2.400000e-03,0.9320,0.0420,-0.6840,2.74370,0.07780,-0.07780,5.5950e+02,1.630e+01,-1.630e+01,2.76,7.900e-01,-3.400e-01,876.0,,,139.38,119.78,-46.70,38.10,1,q1_q17_dr25_tce,5773.00,173.00,-208.00,4.478,0.067,-0.202,0.9390,0.2680,-0.1150,283.344270,48.223911,14.469
9536692,K01948.01,,FALSE POSITIVE,FALSE POSITIVE,0.0000,0,1,1,0,26.635216000,1.5950000e-04,-1.5950000e-04,155.5577000,4.840000e-03,-4.840000e-03,1.2420,7.0460,-0.0780,5.94900,0.22900,-0.22900,1.4928e+03,5.690e+01,-5.690e+01,27.64,4.800e+00,-3.570e+00,536.0,,,19.45,10.67,-6.38,30.60,1,q1_q17_dr25_tce,5215.00,155.00,-155.00,4.455,0.108,-0.148,0.8820,0.1530,-0.1140,295.849000,46.181290,15.551
4636578,K02025.01,Kepler-350 c,CONFIRMED,CANDIDATE,1.0000,0,0,0,0,17.848508350,6.4990000e-05,-6.4990000e-05,148.3911700,2.890000e-03,-2.890000e-03,0.8490,0.0730,-0.6100,5.89190,0.08700,-0.08700,3.9120e+02,9.500e+00,-9.500e+00,3.29,5.900e-01,-6.000e-01,888.0,,,146.82,74.83,-55.97,43.50,1,q1_q17_dr25_tce,6188.00,124.00,-124.00,4.152,0.168,-0.112,1.4650,0.2650,-0.2650,285.419620,39.706108,13.781
4636578,K02025.02,Kepler-350 d,CONFIRMED,CANDIDATE,0.9980,0,0,0,0,26.136344300,1.1420000e-04,-1.1420000e-04,131.6179600,3.420000e-03,-3.420000e-03,0.1870,0.2600,-0.1870,6.61300,0.10800,-0.10800,3.6220e+02,9.900e+00,-9.900e+00,2.80,5.100e-01,-5.100e-01,782.0,,,88.29,45.00,-33.66,38.10,2,q1_q17_dr25_tce,6188.00,124.00,-124.00,4.152,0.168,-0.112,1.4650,0.2650,-0.2650,285.419620,39.706108,13.781
4636578,K02025.03,Kepler-350 b,CONFIRMED,CANDIDATE,0.9960,0,0,0,0,11.189570900,8.6760000e-05,-8.6760000e-05,140.6350400,6.730000e-03,-6.730000e-03,0.5410,0.3780,-0.3280,5.30000,0.16100,-0.16100,1.4330e+02,7.600e+00,-7.600e+00,1.81,3.300e-01,-3.300e-01,1037.0,,,273.37,139.33,-104.22,19.90,3,q1_q17_dr25_tce,6188.00,124.00,-124.00,4.152,0.168,-0.112,1.4650,0.2650,-0.2650,285.419620,39.706108,13.781
11923284,K02026.01,Kepler-1061 b,CONFIRMED,CANDIDATE,1.0000,0,0,0,0,2.757977384,9.2800000e-06,-9.2800000e-06,131.8790700,2.790000e-03,-2.790000e-03,0.8750,0.0010,-0.6100,2.14890,0.08530,-0.08530,2.1100e+02,1.110e+01,-1.110e+01,1.69,2.500e-01,-1.300e-01,1332.0,,,744.97,305.40,-166.77,22.50,1,q1_q17_dr25_tce,5919.00,106.00,-130.00,4.435,0.063,-0.117,1.0000,0.1460,-0.0790,296.230010,50.275230,13.263
9838975,K00218.01,,FALSE POSITIVE,FALSE POSITIVE,0.0000,0,1,0,0,18.692860599,1.7470000e-06,-1.7470000e-06,143.8331829,7.720000e-05,-7.720000e-05,0.1160,0.0230,-0.0780,3.88584,0.00636,-0.00636,5.1256e+04,4.800e+01,-4.800e+01,14.81,2.000e+00,-9.200e-01,528.0,,,18.40,8.27,-3.90,1281.90,1,q1_q17_dr25_tce,5190.00,156.00,-140.00,4.660,0.028,-0.083,0.6600,0.0890,-0.0410,295.033540,46.600151,16.147
5621125,K01814.01,Kepler-959 b,CONFIRMED,CANDIDATE,1.0000,0,0,0,0,14.800750820,4.0390000e-05,-4.0390000e-05,132.8217900,2.290000e-03,-2.290000e-03,0.3670,0.0760,-0.3670,5.76200,0.07410,-0.07410,5.0140e+02,1.060e+01,-1.060e+01,17.38,3.360e+00,-6.240e+00,1912.0,,,3158.09,2258.59,-2193.80,54.00,1,q1_q17_dr25_tce,6327.00,301.00,-452.00,3.092,0.287,-0.123,7.6630,1.4820,-2.7520,292.171170,40.811378,12.538
9872283,K01815.01,Kepler-960 b,CONFIRMED,CANDIDATE,1.0000,0,0,0,0,3.126861192,1.6920000e-06,-1.6920000e-06,133.7249590,4.610000e-04,-4.610000e-04,0.6030,0.2460,-0.3780,1.19260,0.01980,-0.01980,7.9460e+02,1.040e+01,-1.040e+01,5.12,3.270e+00,-2.980e+00,1391.0,,,886.72,1795.52,-745.72,94.60,1,q1_q17_dr25_tce,4854.00,145.00,-116.00,3.939,0.637,-0.343,1.7490,1.1190,-1.0170,281.457180,46.746471,13.884
10666242,K00198.01,,FALSE POSITIVE,FALSE POSITIVE,0.0000,0,1,0,0,87.242503160,5.3070000e-05,-5.3070000e-05,153.3446950,5.280000e-04,-5.280000e-04,0.8840,0.0130,-0.0120,4.12060,0.02720,-0.02720,1.7860e+04,7.550e+01,-7.550e+01,15.86,2.170e+00,-7.300e-01,390.0,,,5.49,2.14,-0.88,335.20,1,q1_q17_dr25_tce,5671.00,102.00,-113.00,4.501,0.028,-0.105,0.9550,0.1310,-0.0440,292.098240,47.940819,14.288
8624520,K01816.01,,CANDIDATE,CANDIDATE,1.0000,0,0,0,0,10.240611361,5.6150000e-06,-5.6150000e-06,131.6678970,4.400000e-04,-4.400000e-04,0.7860,0.0160,-0.5580,0.96170,0.02410,-0.02410,2.9580e+03,5.380e+01,-5.380e+01,3.90,3.400e-01,-3.400e-01,656.0,,,43.85,15.22,-11.53,72.00,1,q1_q17_dr25_tce,5227.00,173.00,-157.00,4.623,0.066,-0.044,0.6400,0.0560,-0.0560,291.683290,44.751640,15.408
7870032,K01818.01,Kepler-961 b,CONFIRMED,CANDIDATE,1.0000,0,0,0,0,16.877257750,4.1340000e-05,-4.1340000e-05,138.6490700,2.120000e-03,-2.120000e-03,0.5160,0.0330,-0.4290,3.79170,0.06670,-0.06670,8.1840e+02,2.160e+01,-2.160e+01,2.54,2.900e-01,-1.500e-01,642.0,,,40.09,13.57,-7.45,43.10,1,q1_q17_dr25_tce,5497.00,109.00,-109.00,4.512,0.042,-0.091,0.8720,0.0980,-0.0530,282.035490,43.631271,14.101
9597058,K01819.01,Kepler-962 b,CONFIRMED,CANDIDATE,1.0000,0,0,0,0,12.057056590,4.7190000e-05,-4.7190000e-05,135.4159500,3.050000e-03,-3.050000e-03,0.5480,0.3920,-0.3340,2.34620,0.09890,-0.09890,5.2390e+02,2.960e+01,-2.960e+01,1.96,1.900e-01,-1.100e-01,689.0,,,53.26,16.58,-9.28,20.80,1,q1_q17_dr25_tce,5365.00,107.00,-107.00,4.537,0.036,-0.078,0.8340,0.0840,-0.0450,295.313140,46.237492,13.576
4035640,K01881.01,Kepler-995 b,CONFIRMED,CANDIDATE,1.0000,0,0,0,0,28.267273850,9.6400000e-05,-9.6400000e-05,140.9256100,2.580000e-03,-2.580000e-03,0.0100,0.4410,-0.0100,4.58390,0.08740,-0.08740,1.1602e+03,3.150e+01,-3.150e+01,2.93,1.600e-01,-2.600e-01,517.0,,,16.84,3.18,-3.61,42.10,1,q1_q17_dr25_tce,5132.00,84.00,-76.00,4.457,0.084,-0.039,0.8860,0.0490,-0.0770,284.615720,39.131039,14.907
6205228,K01882.01,Kepler-996 b,CONFIRMED,CANDIDATE,1.0000,0,0,0,0,3.770590654,7.9860000e-06,-7.9860000e-06,133.3908800,1.770000e-03,-1.770000e-03,0.2400,0.2190,-0.2400,2.02900,0.05540,-0.05540,3.1440e+02,1.010e+01,-1.010e+01,2.13,3.400e-01,-3.400e-01,1272.0,,,619.65,259.66,-205.29,37.10,1,q1_q17_dr25_tce,5714.00,77.00,-77.00,4.274,0.156,-0.104,1.2080,0.1930,-0.1930,291.912810,41.533611,14.668
11758544,K01883.01,Kepler-997 b,CONFIRMED,CANDIDATE,0.9990,0,0,0,0,2.707306400,8.9600000e-06,-8.9600000e-06,132.4306800,2.550000e-03,-2.550000e-03,0.0070,0.4360,-0.0070,3.43780,0.07610,-0.07610,6.9500e+01,2.500e+00,-2.500e+00,1.36,2.300e-01,-3.200e-01,1709.0,,,2012.12,982.26,-922.02,31.70,1,q1_q17_dr25_tce,6045.00,121.00,-134.00,4.069,0.188,-0.101,1.6290,0.2810,-0.3750,289.233370,49.938931,11.894
4851530,K01884.01,,CANDIDATE,CANDIDATE,0.0110,0,0,0,0,23.117072220,4.9170000e-05,-4.9170000e-05,149.5622100,1.870000e-03,-1.870000e-03,0.8070,0.0150,-0.5810,3.99480,0.08560,-0.08560,2.4075e+03,4.320e+01,-4.320e+01,4.37,6.200e-01,-5.600e-01,548.0,,,21.26,10.47,-7.24,61.20,1,q1_q17_dr25_tce,5275.00,184.00,-184.00,4.505,0.104,-0.095,0.7960,0.1120,-0.1020,295.902400,39.918362,15.462
4851530,K01884.02,,CANDIDATE,CANDIDATE,0.9890,0,0,0,0,4.775021170,1.7840000e-05,-1.7840000e-05,355.4564400,2.580000e-03,-2.580000e-03,0.5180,0.0090,-0.4780,1.70870,0.08820,-0.08820,4.5140e+02,3.190e+01,-3.190e+01,1.73,2.400e-01,-2.200e-01,926.0,,,174.23,85.80,-59.33,16.70,2,q1_q17_dr25_tce,5275.00,184.00,-184.00,4.505,0.104,-0.095,0.7960,0.1120,-0.1020,295.902400,39.918362,15.462
3118797,K01950.01,Kepler-1024 b,CONFIRMED,CANDIDATE,0.8940,0,0,0,0,66.415978900,3.6260000e-04,-3.6260000e-04,188.1398800,4.760000e-03,-4.760000e-03,0.3710,0.0390,-0.3710,7.06100,0.13300,-0.13300,2.0532e+03,6.730e+01,-6.730e+01,3.44,6.500e-01,-2.800e-01,376.0,,,4.71,3.00,-1.25,33.60,1,q1_q17_dr25_tce,5383.00,204.00,-185.00,4.603,0.030,-0.120,0.7590,0.1430,-0.0610,291.950990,38.251701,15.983
7747425,K01952.01,Kepler-341 c,CONFIRMED,CANDIDATE,0.9970,0,0,0,0,8.010392900,2.7950000e-05,-2.7950000e-05,135.3182300,3.000000e-03,-3.000000e-03,0.0450,0.3960,-0.0450,4.27130,0.08160,-0.08160,2.9410e+02,9.100e+00,-9.100e+00,1.88,2.700e-01,-2.700e-01,940.0,,,184.38,70.26,-56.45,34.60,1,q1_q17_dr25_tce,5616.00,76.00,-76.00,4.327,0.132,-0.108,1.1110,0.1600,-0.1600,289.861570,43.472771,14.601
6300348,K00212.01,,CANDIDATE,CANDIDATE,1.0000,0,0,0,0,5.695902020,1.5930000e-06,-1.5930000e-06,139.2316370,2.210000e-04,-2.210000e-04,0.0490,0.1500,-0.0490,3.56610,0.01060,-0.01060,4.9211e+03,1.500e+01,-1.500e+01,6.61,2.130e+00,-7.100e-01,1043.0,,,279.61,273.07,-88.96,391.20,1,q1_q17_dr25_tce,6106.00,190.00,-233.00,4.497,0.052,-0.221,0.9400,0.3030,-0.1010,296.139800,41.603180,14.858
7747425,K01952.02,Kepler-341 d,CONFIRMED,CANDIDATE,0.9670,0,0,0,0,27.666637500,2.0490000e-04,-2.0490000e-04,143.8634300,6.350000e-03,-6.350000e-03,0.5190,0.4370,-0.3230,6.31500,0.16700,-0.16700,3.2400e+02,1.370e+01,-1.370e+01,2.04,3.000e-01,-2.900e-01,622.0,,,35.27,13.45,-10.80,24.40,2,q1_q17_dr25_tce,5616.00,76.00,-76.00,4.327,0.132,-0.108,1.1110,0.1600,-0.1600,289.861570,43.472771,14.601
7747425,K01952.03,Kepler-341 b,CONFIRMED,CANDIDATE,1.0000,0,0,0,0,5.195593980,5.2840000e-05,-5.2840000e-05,132.7217800,6.940000e-03,-6.940000e-03,0.0540,0.4090,-0.0540,3.74800,0.18800,-0.18800,1.1600e+02,8.100e+00,-8.100e+00,1.18,1.700e-01,-1.700e-01,1085.0,,,327.78,124.91,-100.35,16.00,4,q1_q17_dr25_tce,5616.00,76.00,-76.00,4.327,0.132,-0.108,1.1110,0.1600,-0.1600,289.861570,43.472771,14.601
7102316,K02028.01,Kepler-351 c,CONFIRMED,CANDIDATE,0.9980,0,0,0,0,57.248851800,3.2400000e-04,-3.2400000e-04,184.6864000,4.310000e-03,-4.310000e-03,0.0220,0.4170,-0.0220,6.08300,0.13400,-0.13400,1.4556e+03,5.190e+01,-5.190e+01,3.19,8.800e-01,-2.900e-01,431.0,,,8.17,6.79,-2.21,29.80,1,q1_q17_dr25_tce,5642.00,169.00,-169.00,4.542,0.044,-0.176,0.8460,0.2330,-0.0780,286.452700,42.657879,15.990
7102316,K02028.02,Kepler-351 b,CONFIRMED,CANDIDATE,1.0000,0,0,0,0,37.055172600,2.6080000e-04,-2.6080000e-04,200.2017600,6.010000e-03,-6.010000e-03,0.8840,0.0540,-0.5950,5.43900,0.16000,-0.16000,1.0288e+03,4.750e+01,-4.750e+01,3.19,8.800e-01,-2.900e-01,498.0,,,14.59,12.12,-3.94,23.20,2,q1_q17_dr25_tce,5642.00,169.00,-169.00,4.542,0.044,-0.176,0.8460,0.2330,-0.0780,286.452700,42.657879,15.990
9489524,K02029.01,Kepler-352 c,CONFIRMED,CANDIDATE,1.0000,0,0,0,0,16.332699810,7.7670000e-05,-7.7670000e-05,136.9090900,3.910000e-03,-3.910000e-03,0.8930,0.0550,-0.6290,2.17400,0.11400,-0.11400,3.0040e+02,1.930e+01,-1.930e+01,1.61,1.100e-01,-9.000e-02,591.0,,,28.76,6.94,-4.95,17.50,1,q1_q17_dr25_tce,5208.00,103.00,-103.00,4.563,0.036,-0.052,0.7720,0.0550,-0.0410,299.896510,46.051971,12.957
9489524,K02029.02,Kepler-352 b,CONFIRMED,CANDIDATE,1.0000,0,0,0,0,10.055502670,8.7090000e-05,-8.7090000e-05,173.2234000,6.200000e-03,-6.200000e-03,0.0610,0.3880,-0.0610,2.95100,0.20100,-0.20100,1.4770e+02,1.210e+01,-1.210e+01,0.92,6.000e-02,-5.000e-02,694.0,,,54.96,13.24,-9.47,13.60,2,q1_q17_dr25_tce,5208.00,103.00,-103.00,4.563,0.036,-0.052,0.7720,0.0550,-0.0410,299.896510,46.051971,12.957
5940165,K02031.01,Kepler-1062 b,CONFIRMED,CANDIDATE,1.0000,0,0,0,0,9.304138780,2.5410000e-05,-2.5410000e-05,140.3386800,2.280000e-03,-2.280000e-03,0.4880,0.0110,-0.4760,1.92540,0.07160,-0.07160,6.3730e+02,3.110e+01,-3.110e+01,1.67,1.200e-01,-1.600e-01,583.0,,,27.35,7.87,-7.40,24.20,1,q1_q17_dr25_tce,4458.00,133.00,-133.00,4.611,0.052,-0.024,0.6580,0.0460,-0.0610,283.899410,41.221611,14.796
8277797,K01820.01,Kepler-322 c,CONFIRMED,CANDIDATE,1.0000,0,0,0,0,4.337220070,7.5880000e-06,-7.5880000e-06,132.8515200,1.470000e-03,-1.470000e-03,0.0530,0.3780,-0.0530,2.49730,0.04270,-0.04270,3.5850e+02,8.000e+00,-8.000e+00,1.63,1.500e-01,-1.100e-01,996.0,,,231.86,69.38,-45.27,47.90,1,q1_q17_dr25_tce,5390.00,107.00,-107.00,4.499,0.052,-0.078,0.8760,0.0840,-0.0580,281.348820,44.295238,13.530
8277797,K01820.02,Kepler-322 b,CONFIRMED,CANDIDATE,0.9730,0,0,0,0,1.653889476,5.1070000e-06,-5.1070000e-06,132.1884500,2.650000e-03,-2.650000e-03,0.2260,0.2430,-0.2260,1.72420,0.08110,-0.08110,1.2440e+02,6.600e+00,-6.600e+00,0.97,9.000e-02,-7.000e-02,1373.0,,,838.03,250.75,-163.62,22.30,2,q1_q17_dr25_tce,5390.00,107.00,-107.00,4.499,0.052,-0.078,0.8760,0.0840,-0.0580,281.348820,44.295238,13.530
5124667,K01822.01,Kepler-1672 b,CONFIRMED,CANDIDATE,1.0000,0,0,0,0,150.878319800,5.0290000e-04,-5.0290000e-04,206.6922300,2.130000e-03,-2.130000e-03,0.0220,0.4000,-0.0220,8.67970,0.08260,-0.08260,6.5990e+02,1.080e+01,-1.080e+01,4.37,6.500e-01,-1.530e+00,423.0,,,7.56,3.09,-4.54,70.60,1,q1_q17_dr25_tce,5504.00,87.00,-76.00,3.999,0.304,-0.095,1.7370,0.2610,-0.6080,297.940160,40.278629,12.443
2989404,K01824.01,Kepler-323 c,CONFIRMED,CANDIDATE,1.0000,0,0,0,0,3.553831111,4.5000000e-06,-4.5000000e-06,134.6406600,1.060000e-03,-1.060000e-03,0.7400,0.0590,-0.5060,3.10290,0.03140,-0.03140,1.9180e+02,2.700e+00,-2.700e+00,1.62,2.700e-01,-1.800e-01,1292.0,,,658.37,303.61,-182.25,77.40,1,q1_q17_dr25_tce,6015.00,108.00,-132.00,4.370,0.095,-0.116,1.0810,0.1800,-0.1200,291.382230,38.127468,12.722
2989404,K01824.02,Kepler-323 b,CONFIRMED,CANDIDATE,1.0000,0,0,0,0,1.678326300,1.9240000e-06,-1.9240000e-06,136.0525900,9.050000e-04,-9.050000e-04,0.9100,0.0770,-0.6810,2.51230,0.02210,-0.02210,1.4630e+02,2.200e+00,-2.200e+00,1.57,2.600e-01,-1.800e-01,1659.0,,,1797.15,828.74,-497.48,76.10,2,q1_q17_dr25_tce,6015.00,108.00,-132.00,4.370,0.095,-0.116,1.0810,0.1800,-0.1200,291.382230,38.127468,12.722
11413812,K01885.01,Kepler-998 b,CONFIRMED,CANDIDATE,1.0000,0,0,0,0,5.653781630,1.1050000e-05,-1.1050000e-05,131.7115400,1.640000e-03,-1.640000e-03,0.4390,0.4510,-0.2470,1.94830,0.04890,-0.04890,3.6680e+02,1.140e+01,-1.140e+01,1.82,5.800e-01,-1.500e-01,1020.0,,,256.14,236.21,-65.59,37.80,1,q1_q17_dr25_tce,5988.00,161.00,-179.00,4.507,0.039,-0.221,0.9340,0.2940,-0.0780,296.754150,49.208740,14.377
9549648,K01886.01,Kepler-999 b,CONFIRMED,CANDIDATE,1.0000,0,0,0,0,5.991858270,1.0950000e-05,-1.0950000e-05,136.8824400,1.540000e-03,-1.540000e-03,0.9050,0.0170,-0.6370,1.72150,0.04620,-0.04620,1.8630e+02,6.900e+00,-6.900e+00,2.75,4.900e-01,-5.900e-01,1355.0,,,796.76,398.64,-345.22,32.10,1,q1_q17_dr25_tce,6157.00,124.00,-124.00,4.049,0.188,-0.101,1.6950,0.3000,-0.3660,299.660460,46.198421,12.239
10063802,K01888.01,Kepler-1000 b,CONFIRMED,CANDIDATE,0.9780,0,0,0,0,120.018355100,6.4930000e-04,-6.4930000e-04,134.1874200,4.710000e-03,-4.710000e-03,0.5800,0.2960,-0.3710,11.63700,0.15900,-0.15900,8.8600e+02,2.160e+01,-2.160e+01,4.54,7.400e-01,-3.500e-01,473.0,,,11.84,5.24,-2.65,46.10,1,q1_q17_dr25_tce,6469.00,103.00,-154.00,4.253,0.048,-0.104,1.4670,0.2400,-0.1110,286.685520,47.098221,13.256
11074178,K01889.01,Kepler-1001 b,CONFIRMED,CANDIDATE,1.0000,0,0,0,0,14.305175790,4.8150000e-05,-4.8150000e-05,135.0630100,2.650000e-03,-2.650000e-03,0.9240,0.0030,-0.6630,4.53500,0.15200,-0.15200,8.6340e+02,2.460e+01,-2.460e+01,3.05,8.500e-01,-2.800e-01,693.0,,,54.59,44.75,-14.37,37.50,1,q1_q17_dr25_tce,5741.00,155.00,-155.00,4.555,0.034,-0.195,0.8460,0.2360,-0.0790,286.273860,48.618710,15.338
11074178,K01889.02,Kepler-1001 c,CONFIRMED,CANDIDATE,0.9760,0,0,0,0,9.181891220,6.3600000e-05,-6.3600000e-05,132.4050500,5.260000e-03,-5.260000e-03,0.9710,0.0050,-0.6780,4.34300,0.23900,-0.23900,3.6360e+02,2.260e+01,-2.260e+01,2.17,6.100e-01,-2.000e-01,804.0,,,98.61,80.84,-25.96,18.20,2,q1_q17_dr25_tce,5741.00,155.00,-155.00,4.555,0.034,-0.195,0.8460,0.2360,-0.0790,286.273860,48.618710,15.338
11030475,K02248.04,,CANDIDATE,CANDIDATE,0.9920,0,0,0,0,2.646227420,2.0600000e-05,-2.0600000e-05,132.6634300,7.220000e-03,-7.220000e-03,0.4780,0.1100,-0.3930,1.40700,0.25200,-0.25200,1.5550e+02,2.610e+01,-2.610e+01,0.99,7.000e-02,-5.000e-02,1082.0,,,324.38,75.53,-56.91,8.40,3,q1_q17_dr25_tce,5167.00,103.00,-103.00,4.555,0.036,-0.050,0.7870,0.0530,-0.0430,292.239930,48.511570,15.498
5942808,K02250.01,Kepler-1814 b,CONFIRMED,CANDIDATE,1.0000,0,0,0,0,2.935362067,5.0610000e-06,-5.0610000e-06,136.1841500,1.540000e-03,-1.540000e-03,0.8600,0.0360,-0.6200,1.50430,0.03880,-0.03880,1.0526e+03,3.220e+01,-3.220e+01,3.15,2.400e-01,-3.200e-01,1022.0,,,258.48,83.62,-77.74,38.00,1,q1_q17_dr25_tce,4922.00,169.00,-169.00,4.505,0.084,-0.056,0.8230,0.0620,-0.0850,285.216670,41.282429,15.622
6206214,K02252.01,Kepler-1158 b,CONFIRMED,CANDIDATE,0.9990,0,0,0,0,13.539535950,8.8100000e-05,-8.8100000e-05,143.1562900,4.940000e-03,-4.940000e-03,0.2190,0.2380,-0.2180,4.38900,0.17600,-0.17600,1.3420e+02,7.200e+00,-7.200e+00,2.32,3.700e-01,-5.700e-01,1079.0,,,320.19,147.52,-150.87,21.80,1,q1_q17_dr25_tce,6109.00,122.00,-122.00,3.985,0.188,-0.101,1.9970,0.3230,-0.4850,292.233950,41.575211,13.628
8959839,K02253.01,Kepler-1159 b,CONFIRMED,CANDIDATE,1.0000,0,0,0,0,22.708237500,1.0190000e-04,-1.0190000e-04,133.7211400,3.810000e-03,-3.810000e-03,0.0320,0.3970,-0.0320,3.50300,0.11900,-0.11900,2.9880e+02,1.580e+01,-1.580e+01,1.72,5.400e-01,-2.000e-01,677.0,,,49.67,46.55,-15.32,22.00,1,q1_q17_dr25_tce,6170.00,174.00,-196.00,4.472,0.054,-0.216,0.9920,0.3140,-0.1120,294.266330,45.204311,14.574
7672097,K02255.01,Kepler-1160 b,CONFIRMED,CANDIDATE,0.9960,0,0,0,0,7.970339850,3.5020000e-05,-3.5020000e-05,136.5577500,3.820000e-03,-3.820000e-03,0.1070,0.3470,-0.1060,2.66750,0.09880,-0.09880,4.9080e+02,2.380e+01,-2.380e+01,1.81,4.400e-01,-1.500e-01,839.0,,,116.77,83.90,-29.33,23.50,1,q1_q17_dr25_tce,5774.00,155.00,-172.00,4.567,0.042,-0.158,0.8180,0.1990,-0.0660,287.879390,43.364071,15.833
6142862,K02336.01,,FALSE POSITIVE,FALSE POSITIVE,0.0000,0,0,1,0,5.334593930,3.5360000e-05,-3.5360000e-05,133.4344300,5.690000e-03,-5.690000e-03,0.1580,0.3000,-0.1580,2.64200,0.16300,-0.16300,2.2630e+02,1.820e+01,-1.820e+01,0.79,7.000e-02,-9.000e-02,627.0,,,36.55,11.08,-11.27,14.70,1,q1_q17_dr25_tce,4275.00,115.00,-141.00,4.704,0.065,-0.030,0.5330,0.0440,-0.0590,296.971070,41.467010,14.853
5599774,K02337.01,Kepler-1195 b,CONFIRMED,CANDIDATE,1.0000,0,0,0,0,8.496404370,2.9080000e-05,-2.9080000e-05,138.7359500,2.810000e-03,-2.810000e-03,0.6280,0.3070,-0.4130,2.21280,0.09590,-0.09590,8.3400e+02,4.450e+01,-4.450e+01,2.14,2.400e-01,-2.000e-01,702.0,,,57.43,22.30,-15.42,21.80,1,q1_q17_dr25_tce,5093.00,151.00,-151.00,4.586,0.061,-0.050,0.7090,0.0790,-0.0650,284.351100,40.852982,15.888
8099138,K02338.01,Kepler-1196 b,CONFIRMED,CANDIDATE,0.9980,0,0,0,0,66.184364600,4.5360000e-04,-4.5360000e-04,141.6225900,6.210000e-03,-6.210000e-03,0.8770,0.0240,-0.6300,5.15500,0.14900,-0.14900,5.6050e+02,3.000e+01,-3.000e+01,2.72,3.700e-01,-2.100e-01,436.0,,,8.57,3.14,-1.66,21.30,1,q1_q17_dr25_tce,5640.00,76.00,-84.00,4.447,0.063,-0.117,0.9780,0.1350,-0.0730,292.369570,43.910809,14.862
7033233,K02339.01,Kepler-1197 b,CONFIRMED,CANDIDATE,1.0000,0,0,0,0,2.032318856,4.5890000e-06,-4.5890000e-06,132.6439400,1.890000e-03,-1.890000e-03,0.0090,0.4600,-0.0090,1.15960,0.06250,-0.06250,2.8750e+02,1.840e+01,-1.840e+01,1.12,8.000e-02,-3.000e-02,1011.0,,,247.21,59.27,-32.94,20.40,1,q1_q17_dr25_tce,4670.00,93.00,-93.00,4.635,0.012,-0.048,0.6820,0.0480,-0.0210,291.669280,42.590710,15.130
7033233,K02339.02,,CANDIDATE,CANDIDATE,,0,0,0,0,65.187037250,,,177.6208875,,,,,,5.44000,,,,,,,,,,,,,,,,,,,,,,,,,,,291.669280,42.590710,15.130
6383785,K00239.02,Kepler-501 c,CONFIRMED,CANDIDATE,0.9970,0,0,0,0,3.622755060,1.4990000e-05,-1.4990000e-05,132.9926700,3.510000e-03,-3.510000e-03,0.0070,0.4560,-0.0070,2.78680,0.09800,-0.09800,1.8060e+02,9.200e+00,-9.200e+00,1.62,2.700e-01,-2.400e-01,1304.0,,,683.84,295.78,-216.38,22.30,2,q1_q17_dr25_tce,5794.00,78.00,-78.00,4.282,0.137,-0.112,1.2160,0.2010,-0.1830,297.201540,41.730209,14.762
9411412,K02101.01,Kepler-1096 b,CONFIRMED,CANDIDATE,0.9980,0,0,0,0,2.892216772,7.0090000e-06,-7.0090000e-06,132.8772600,1.920000e-03,-1.920000e-03,0.8060,0.1310,-0.5800,1.35960,0.06860,-0.06860,3.6050e+02,1.830e+01,-1.830e+01,1.31,6.000e-02,-6.000e-02,794.0,,,93.66,16.07,-15.72,23.90,1,q1_q17_dr25_tce,4229.00,84.00,-84.00,4.655,0.025,-0.020,0.6150,0.0250,-0.0310,294.709380,45.969501,15.068
7008211,K02102.01,Kepler-1097 b,CONFIRMED,CANDIDATE,0.9960,0,0,0,0,187.746606000,1.4600000e-03,-1.4600000e-03,157.3506400,5.740000e-03,-5.740000e-03,0.0150,0.4360,-0.0150,5.88500,0.17900,-0.17900,1.5830e+03,9.010e+01,-9.010e+01,2.95,4.100e-01,-3.000e-01,267.0,,,1.20,0.59,-0.35,20.20,1,q1_q17_dr25_tce,5303.00,193.00,-171.00,4.550,0.075,-0.075,0.7530,0.1040,-0.0760,281.594150,42.596409,15.206
7620413,K02103.01,Kepler-1098 b,CONFIRMED,CANDIDATE,0.9990,0,0,0,0,2.543063763,9.2120000e-06,-9.2120000e-06,132.6815900,3.210000e-03,-3.210000e-03,0.2150,0.2380,-0.2150,2.84730,0.09200,-0.09200,1.5200e+02,6.400e+00,-6.400e+00,1.26,1.800e-01,-1.400e-01,1319.0,,,716.30,279.02,-179.77,26.50,1,q1_q17_dr25_tce,5579.00,75.00,-75.00,4.389,0.105,-0.105,1.0290,0.1520,-0.1140,295.502690,43.232792,14.736
4545187,K00223.01,Kepler-121 b,CONFIRMED,CANDIDATE,1.0000,0,0,0,0,3.177414601,1.5870000e-06,-1.5870000e-06,134.4788920,4.170000e-04,-4.170000e-04,0.7860,0.0150,-0.5610,1.52620,0.02540,-0.02540,1.1343e+03,1.210e+01,-1.210e+01,2.65,4.100e-01,-1.900e-01,997.0,,,233.26,118.02,-53.20,113.70,1,q1_q17_dr25_tce,5303.00,159.00,-143.00,4.630,0.032,-0.097,0.7080,0.1110,-0.0510,286.162050,39.678001,14.708
10854546,K02104.01,Kepler-1099 b,CONFIRMED,CANDIDATE,1.0000,0,0,0,0,2.168451063,2.8110000e-06,-2.8110000e-06,132.1410700,1.060000e-03,-1.060000e-03,0.2070,0.2560,-0.2070,1.45800,0.03660,-0.03660,4.6690e+02,1.230e+01,-1.230e+01,2.41,8.000e-01,-3.400e-01,1558.0,,,1389.18,1391.38,-513.74,45.50,1,q1_q17_dr25_tce,6153.00,193.00,-236.00,4.382,0.087,-0.217,1.1090,0.3660,-0.1570,288.749940,48.277168,15.141
11774991,K02173.01,Kepler-367 b,CONFIRMED,CANDIDATE,0.9990,0,0,0,0,37.815415700,2.6670000e-04,-2.6670000e-04,141.1034600,5.680000e-03,-5.680000e-03,0.5330,0.3990,-0.3160,4.66200,0.16200,-0.16200,2.8640e+02,1.420e+01,-1.420e+01,1.21,8.000e-02,-4.000e-02,401.0,,,6.09,1.38,-0.91,22.40,1,q1_q17_dr25_tce,4856.00,86.00,-106.00,4.624,0.012,-0.048,0.7050,0.0490,-0.0250,297.292420,49.981628,12.879
11774991,K02173.02,Kepler-367 c,CONFIRMED,CANDIDATE,0.0000,0,0,0,0,53.578305200,4.6840000e-04,-4.6840000e-04,171.1857000,7.440000e-03,-7.440000e-03,0.7690,0.0130,-0.5560,5.19400,0.20000,-0.20000,2.2490e+02,1.580e+01,-1.580e+01,1.16,9.000e-02,-4.000e-02,357.0,,,3.82,0.87,-0.56,15.40,2,q1_q17_dr25_tce,4856.00,86.00,-106.00,4.624,0.012,-0.048,0.7050,0.0490,-0.0250,297.292420,49.981628,12.879
8261920,K02174.01,,CANDIDATE,CANDIDATE,0.9730,0,0,0,0,6.693328250,2.1010000e-05,-2.1010000e-05,137.7032400,2.590000e-03,-2.590000e-03,0.9520,0.0200,-0.6730,2.31100,0.10300,-0.10300,7.8180e+02,3.850e+01,-3.850e+01,2.44,1.000e-01,-1.200e-01,609.0,,,32.54,5.62,-5.47,23.40,1,q1_q17_dr25_tce,4245.00,85.00,-85.00,4.641,0.027,-0.020,0.6370,0.0260,-0.0320,300.242220,44.141399,15.673
8261920,K02174.02,Kepler-1802 c,CONFIRMED,CANDIDATE,0.9930,0,0,0,0,33.136286100,2.3920000e-04,-2.3920000e-04,169.5067600,5.830000e-03,-5.830000e-03,0.7910,0.1470,-0.5380,4.16300,0.18000,-0.18000,8.2520e+02,5.400e+01,-5.400e+01,2.05,8.000e-02,-1.000e-01,357.0,,,3.86,0.67,-0.65,16.30,3,q1_q17_dr25_tce,4245.00,85.00,-85.00,4.641,0.027,-0.020,0.6370,0.0260,-0.0320,300.242220,44.141399,15.673
8261920,K02174.03,Kepler-1802 b,CONFIRMED,CANDIDATE,0.9930,0,0,0,0,7.725136190,5.3410000e-05,-5.3410000e-05,176.8020200,5.010000e-03,-5.010000e-03,0.9540,0.0240,-0.6800,2.04200,0.17400,-0.17400,3.8220e+02,4.340e+01,-4.340e+01,1.71,7.000e-02,-9.000e-02,581.0,,,26.91,4.65,-4.52,10.50,2,q1_q17_dr25_tce,4245.00,85.00,-85.00,4.641,0.027,-0.020,0.6370,0.0260,-0.0320,300.242220,44.141399,15.673
9112931,K02256.01,Kepler-1161 b,CONFIRMED,CANDIDATE,1.0000,0,0,0,0,10.712534750,3.8040000e-05,-3.8040000e-05,137.1649900,2.910000e-03,-2.910000e-03,0.7200,0.1890,-0.5040,2.71860,0.07800,-0.07800,1.1986e+03,4.300e+01,-4.300e+01,2.02,1.100e-01,-1.000e-01,485.0,,,13.09,2.62,-2.35,31.20,1,q1_q17_dr25_tce,4175.00,83.00,-91.00,4.715,0.025,-0.032,0.5440,0.0290,-0.0290,299.077090,45.440639,15.813
9071593,K02257.01,Kepler-1162 b,CONFIRMED,CANDIDATE,1.0000,0,0,0,0,32.563524900,2.3690000e-04,-2.3690000e-04,163.4603800,5.640000e-03,-5.640000e-03,0.3710,0.0940,-0.3710,5.41800,0.16900,-0.16900,5.7830e+02,2.650e+01,-2.650e+01,2.05,1.500e-01,-1.200e-01,490.0,,,13.63,3.10,-2.23,24.10,1,q1_q17_dr25_tce,5225.00,83.00,-73.00,4.505,0.054,-0.054,0.8590,0.0630,-0.0510,283.292140,45.434109,15.480
8126558,K02259.01,Kepler-1815 b,CONFIRMED,CANDIDATE,1.0000,0,0,0,0,12.191404050,4.5070000e-05,-4.5070000e-05,136.3367700,3.120000e-03,-3.120000e-03,0.0910,0.3710,-0.0910,1.88320,0.09830,-0.09830,6.6580e+02,4.070e+01,-4.070e+01,2.46,6.700e-01,-4.100e-01,763.0,,,80.01,65.27,-30.82,19.40,1,q1_q17_dr25_tce,5516.00,166.00,-166.00,4.399,0.144,-0.176,0.9670,0.2610,-0.1610,300.170500,43.984970,15.364
11811193,K02260.01,Kepler-1163 b,CONFIRMED,CANDIDATE,1.0000,0,0,0,0,6.117849720,2.7820000e-05,-2.7820000e-05,133.6187300,3.870000e-03,-3.870000e-03,0.3910,0.0610,-0.3910,3.45800,0.11200,-0.11200,6.0500e+01,2.800e+00,-2.800e+00,1.05,1.900e-01,-1.500e-01,1211.0,,,509.24,250.37,-169.70,25.80,1,q1_q17_dr25_tce,6226.00,112.00,-137.00,4.247,0.120,-0.120,1.3330,0.2380,-0.1950,290.235840,50.030090,12.168
3734418,K02261.01,Kepler-1164 b,CONFIRMED,CANDIDATE,0.9970,0,0,0,0,3.975996290,1.1370000e-05,-1.1370000e-05,133.6223800,2.270000e-03,-2.270000e-03,0.3310,0.1260,-0.3310,2.20290,0.07320,-0.07320,2.0600e+02,8.700e+00,-8.700e+00,1.11,7.000e-02,-6.000e-02,936.0,,,181.47,40.33,-30.76,27.30,1,q1_q17_dr25_tce,5143.00,102.00,-102.00,4.561,0.036,-0.050,0.7780,0.0490,-0.0400,287.529630,38.894508,14.110
8681734,K02340.01,Kepler-1198 b,CONFIRMED,CANDIDATE,1.0000,0,0,0,0,7.684785040,3.0770000e-05,-3.0770000e-05,137.6403500,3.580000e-03,-3.580000e-03,0.0450,0.4190,-0.0450,2.44700,0.10500,-0.10500,2.7410e+02,1.470e+01,-1.470e+01,1.47,1.300e-01,-1.100e-01,830.0,,,112.06,29.58,-20.94,21.40,1,q1_q17_dr25_tce,5344.00,85.00,-74.00,4.469,0.070,-0.077,0.9070,0.0810,-0.0660,288.834010,44.838249,14.776
10232693,K02341.01,,FALSE POSITIVE,FALSE POSITIVE,0.0130,0,0,1,0,0.990516282,2.9760000e-06,-2.9760000e-06,131.8415200,2.410000e-03,-2.410000e-03,0.9890,0.0770,-0.7190,2.01900,0.27700,-0.27700,1.0160e+02,6.600e+00,-6.600e+00,3.52,8.500e-01,-2.000e+00,2841.0,,,15469.83,12063.03,-12900.51,20.40,1,q1_q17_dr25_tce,5975.00,215.00,-179.00,3.755,0.616,-0.154,2.3990,0.5830,-1.3600,299.849090,47.202560,13.405
10212441,K02342.01,Kepler-1199 b,CONFIRMED,CANDIDATE,1.0000,0,0,0,0,15.044709800,1.1810000e-04,-1.1810000e-04,133.2089500,5.840000e-03,-5.840000e-03,0.0220,0.4070,-0.0220,5.82300,0.18600,-0.18600,9.7900e+01,4.900e+00,-4.900e+00,1.51,2.500e-01,-3.800e-01,931.0,,,177.24,83.26,-82.46,23.40,1,q1_q17_dr25_tce,5798.00,116.00,-81.00,4.025,0.208,-0.112,1.5250,0.2520,-0.3780,293.725860,47.247040,13.037
6119141,K02343.01,,CANDIDATE,CANDIDATE,0.0560,0,0,0,0,29.072629300,1.2490000e-04,-1.2490000e-04,136.9736400,3.670000e-03,-3.670000e-03,0.6820,0.2620,-0.4620,2.51600,0.11000,-0.11000,4.3960e+02,2.430e+01,-2.430e+01,2.32,6.700e-01,-3.600e-01,614.0,,,33.69,28.59,-12.16,20.90,1,q1_q17_dr25_tce,5799.00,157.00,-157.00,4.370,0.144,-0.192,1.0420,0.3010,-0.1620,290.375120,41.433750,14.409
8247771,K02344.01,Kepler-1200 b,CONFIRMED,CANDIDATE,0.9990,0,0,0,0,1.118547814,3.2330000e-06,-3.2330000e-06,132.8482600,2.240000e-03,-2.240000e-03,0.2210,0.2490,-0.2210,1.55340,0.07610,-0.07610,2.3480e+02,1.300e+01,-1.300e+01,0.98,8.000e-02,-7.000e-02,1174.0,,,447.97,148.57,-97.09,21.70,1,q1_q17_dr25_tce,4496.00,134.00,-121.00,4.650,0.021,-0.049,0.6580,0.0580,-0.0430,296.603420,44.129261,15.793
8165946,K02105.01,Kepler-1100 b,CONFIRMED,CANDIDATE,1.0000,0,0,0,0,6.421999190,2.4990000e-05,-2.4990000e-05,134.5803700,3.430000e-03,-3.430000e-03,0.2810,0.1680,-0.2810,2.61920,0.08410,-0.08410,1.6160e+02,7.400e+00,-7.400e+00,1.25,2.000e-01,-7.000e-02,1000.0,,,236.21,95.47,-37.32,25.40,1,q1_q17_dr25_tce,5985.00,72.00,-84.00,4.468,0.032,-0.128,0.9810,0.1540,-0.0550,291.871340,44.087379,13.862
12017109,K02106.01,Kepler-1679 b,CONFIRMED,CANDIDATE,1.0000,0,0,0,0,9.753740330,4.4600000e-05,-4.4600000e-05,134.0601400,3.530000e-03,-3.530000e-03,0.2950,0.1710,-0.2950,2.34800,0.11100,-0.11100,4.3080e+02,2.690e+01,-2.690e+01,1.87,4.800e-01,-1.700e-01,813.0,,,103.30,77.65,-27.81,18.90,1,q1_q17_dr25_tce,5806.00,157.00,-175.00,4.528,0.044,-0.187,0.8990,0.2290,-0.0820,293.900570,50.427052,15.158
9225395,K02107.01,Kepler-1101 b,CONFIRMED,CANDIDATE,0.9790,0,0,0,0,81.315305200,9.3520000e-04,-9.3520000e-04,175.9957000,1.050000e-02,-1.050000e-02,0.0130,0.4530,-0.0130,5.80700,0.22800,-0.22800,7.1550e+02,3.960e+01,-3.960e+01,2.55,3.000e-01,-3.300e-01,393.0,,,5.64,1.84,-1.61,20.70,1,q1_q17_dr25_tce,5325.00,79.00,-79.00,4.390,0.120,-0.080,0.9750,0.1150,-0.1260,294.569370,45.671261,15.111
10709622,K02108.01,Kepler-1102 b,CONFIRMED,CANDIDATE,0.9980,0,0,0,0,51.328352700,3.0260000e-04,-3.0260000e-04,177.6741800,4.680000e-03,-4.680000e-03,0.5820,0.3010,-0.3620,9.35700,0.15600,-0.15600,6.9230e+02,2.290e+01,-2.290e+01,3.06,9.600e-01,-4.800e-01,546.0,,,21.06,19.47,-8.06,34.70,1,q1_q17_dr25_tce,6119.00,171.00,-214.00,4.353,0.108,-0.201,1.1190,0.3500,-0.1750,281.322570,48.066502,14.955
11499228,K02109.01,Kepler-1103 b,CONFIRMED,CANDIDATE,1.0000,0,0,0,0,19.791938900,1.1440000e-04,-1.1440000e-04,149.3071900,4.340000e-03,-4.340000e-03,0.9540,0.0250,-0.7010,3.78700,0.12500,-0.12500,3.8370e+02,1.880e+01,-1.880e+01,2.58,8.600e-01,-2.900e-01,736.0,,,69.48,68.40,-21.49,22.80,1,q1_q17_dr25_tce,6285.00,169.00,-206.00,4.441,0.056,-0.210,1.0390,0.3490,-0.1160,287.382080,49.452389,14.090
9022166,K02175.01,Kepler-368 b,CONFIRMED,CANDIDATE,0.9890,0,0,0,0,26.847596200,1.5720000e-04,-1.5720000e-04,142.1702300,4.790000e-03,-4.790000e-03,0.4570,0.4210,-0.2560,10.06800,0.11900,-0.11900,2.5410e+02,7.100e+00,-7.100e+00,3.20,5.500e-01,-8.200e-01,800.0,,,96.89,46.92,-47.08,39.20,1,q1_q17_dr25_tce,5508.00,110.00,,3.897,0.195,-0.090,1.9880,0.3400,-0.5100,291.880040,45.387932,12.848
10965588,K02177.01,Kepler-1132 b,CONFIRMED,CANDIDATE,1.0000,0,0,0,0,62.891749300,4.6370000e-04,-4.6370000e-04,139.1277800,5.660000e-03,-5.660000e-03,0.6320,0.2940,-0.4160,6.83100,0.18100,-0.18100,7.9100e+02,4.000e+01,-4.000e+01,2.50,1.200e-01,-2.100e-01,384.0,,,5.13,0.82,-1.10,22.60,1,q1_q17_dr25_tce,5052.00,75.00,-83.00,4.480,0.083,-0.028,0.8550,0.0390,-0.0720,286.367460,48.423931,15.481
10670119,K02179.01,Kepler-369 c,CONFIRMED,CANDIDATE,0.9980,0,0,0,0,14.871497730,4.9010000e-05,-4.9010000e-05,137.6957300,3.030000e-03,-3.030000e-03,0.0180,0.4320,-0.0180,2.40760,0.07410,-0.07410,9.4490e+02,3.760e+01,-3.760e+01,1.59,1.200e-01,-1.000e-01,391.0,,,5.51,1.35,-1.10,27.30,1,q1_q17_dr25_tce,3825.00,76.00,-84.00,4.749,0.028,-0.044,0.5240,0.0380,-0.0340,293.674220,47.908459,15.673
10670119,K02179.02,Kepler-369 b,CONFIRMED,CANDIDATE,0.9920,0,0,0,0,2.732767897,5.9140000e-06,-5.9140000e-06,354.0958100,1.450000e-03,-1.450000e-03,0.7480,0.1700,-0.5170,1.11020,0.05210,-0.05210,6.1310e+02,2.720e+01,-2.720e+01,1.42,1.000e-01,-1.000e-01,687.0,,,52.68,12.88,-10.53,27.00,2,q1_q17_dr25_tce,3825.00,76.00,-84.00,4.749,0.028,-0.044,0.5240,0.0380,-0.0340,293.674220,47.908459,15.673
4043443,K00231.01,,FALSE POSITIVE,FALSE POSITIVE,0.0000,0,1,0,0,119.840101900,1.6770000e-04,-1.6770000e-04,161.8634610,9.700000e-04,-9.700000e-04,1.2690,66.5000,-0.0740,3.67960,0.05320,-0.05320,5.4487e+03,7.630e+01,-7.630e+01,26.96,1.680e+00,-9.600e-01,255.0,,,1.00,0.23,-0.14,83.70,1,q1_q17_dr25_tce,4602.00,92.00,-92.00,4.637,0.015,-0.040,0.6750,0.0420,-0.0240,287.402440,39.190731,14.945
8491277,K00234.01,Kepler-498 b,CONFIRMED,CANDIDATE,1.0000,0,0,0,0,9.613753160,1.1430000e-05,-1.1430000e-05,132.1856790,9.710000e-04,-9.710000e-04,0.6040,0.2850,-0.3840,4.65400,0.05100,-0.05100,7.9790e+02,8.400e+00,-8.400e+00,3.27,9.700e-01,-5.300e-01,931.0,,,177.26,158.74,-68.07,108.60,1,q1_q17_dr25_tce,5997.00,181.00,-199.00,4.364,0.108,-0.201,1.1100,0.3300,-0.1780,290.358150,44.518749,14.283
3734418,K02261.02,,CANDIDATE,CANDIDATE,,0,0,0,0,6.625478100,1.7420000e-04,-1.7420000e-04,136.1733000,2.410000e-02,-2.410000e-02,0.2113,0.3334,-0.2113,2.35800,0.73000,-0.73000,1.2200e+02,4.150e+01,-4.150e+01,0.90,2.700e-01,-8.000e-02,828.0,,,111.18,101.20,-29.54,2.70,,,5211.00,176.00,-137.00,4.500,0.070,-0.216,0.8320,0.2440,-0.0800,287.529630,38.894508,14.110
8613535,K02263.01,Kepler-1165 c,CONFIRMED,CANDIDATE,0.9620,0,0,0,0,29.968591700,1.7410000e-04,-1.7410000e-04,147.8598000,4.130000e-03,-4.130000e-03,0.2820,0.1410,-0.2820,6.67800,0.13400,-0.13400,3.0950e+02,1.220e+01,-1.220e+01,1.91,6.000e-01,-2.000e-01,644.0,,,40.76,37.46,-12.36,26.50,1,q1_q17_dr25_tce,6249.00,174.00,-217.00,4.428,0.054,-0.202,1.0760,0.3350,-0.1120,286.971280,44.708302,14.456
12256520,K02264.01,Kepler-1166 b,CONFIRMED,CANDIDATE,0.9990,0,0,0,0,33.240798500,2.7870000e-04,-2.7870000e-04,143.4668300,6.710000e-03,-6.710000e-03,0.2310,0.2080,-0.2310,4.67500,0.21800,-0.21800,3.4190e+02,1.830e+01,-1.830e+01,1.51,1.600e-01,-5.000e-02,486.0,,,13.17,4.04,-1.59,20.40,1,q1_q17_dr25_tce,5382.00,80.00,-80.00,4.571,0.015,-0.095,0.8270,0.0910,-0.0280,290.348510,50.902851,14.477
3337432,K02265.01,,FALSE POSITIVE,FALSE POSITIVE,0.0000,0,0,1,1,2.976008460,2.5490000e-05,-2.5490000e-05,132.9812100,5.510000e-03,-5.510000e-03,0.7150,0.0150,-0.5300,4.27400,0.21900,-0.21900,1.0320e+02,5.100e+00,-5.100e+00,2.27,5.500e-01,-1.010e+00,1892.0,,,3034.68,2255.33,-2239.90,25.90,1,q1_q17_dr25_tce,6208.00,198.00,-242.00,3.898,0.420,-0.140,2.0880,0.5010,-0.9310,290.138210,38.491184,13.400
5629538,K02345.01,Kepler-1201 b,CONFIRMED,CANDIDATE,0.9910,0,0,0,0,15.187270490,8.6640000e-05,-8.6640000e-05,134.0549500,4.790000e-03,-4.790000e-03,0.8390,0.0830,-0.5770,4.50900,0.15400,-0.15400,2.9250e+02,1.560e+01,-1.560e+01,1.94,5.800e-01,-2.500e-01,789.0,,,91.56,83.15,-31.59,21.40,1,q1_q17_dr25_tce,6136.00,183.00,-220.00,4.414,0.105,-0.195,1.0050,0.3040,-0.1300,294.614810,40.833172,14.724
8561231,K02346.01,Kepler-1202 b,CONFIRMED,CANDIDATE,0.9990,0,0,0,0,28.685321200,2.0240000e-04,-2.0240000e-04,159.8709400,5.850000e-03,-5.850000e-03,0.9220,0.0300,-0.6380,6.30700,0.17400,-0.17400,6.8910e+02,3.180e+01,-3.180e+01,2.69,6.400e-01,-2.300e-01,547.0,,,21.09,14.41,-5.45,23.80,1,q1_q17_dr25_tce,5726.00,143.00,-172.00,4.559,0.040,-0.160,0.8380,0.1970,-0.0710,292.290620,44.653252,15.658
8235924,K02347.01,Kepler-1203 b,CONFIRMED,CANDIDATE,0.1500,0,0,0,0,0.588001053,5.8200000e-07,-5.8200000e-07,132.0587540,8.140000e-04,-8.140000e-04,0.4030,0.0280,-0.4030,1.14510,0.02880,-0.02880,2.9740e+02,7.400e+00,-7.400e+00,0.99,4.000e-02,-7.000e-02,1188.0,,,473.45,81.06,-94.76,50.90,1,q1_q17_dr25_tce,3814.00,76.00,-84.00,4.687,0.039,-0.018,0.5700,0.0230,-0.0370,292.773380,44.178131,14.934
6941084,K02348.01,Kepler-1204 b,CONFIRMED,CANDIDATE,0.9900,0,0,0,0,85.735720200,8.3120000e-04,-8.3120000e-04,170.9812100,7.920000e-03,-7.920000e-03,0.0330,0.4310,-0.0330,7.62500,0.26000,-0.26000,7.4770e+02,4.030e+01,-4.030e+01,2.94,9.800e-01,-3.900e-01,448.0,,,9.54,9.64,-3.32,20.80,1,q1_q17_dr25_tce,6096.00,193.00,-214.00,4.397,0.090,-0.210,1.0770,0.3580,-0.1430,289.441500,42.498131,15.301
6200235,K02350.01,Kepler-1205 b,CONFIRMED,CANDIDATE,1.0000,0,0,0,0,1.078389713,2.5880000e-06,-2.5880000e-06,133.2504100,2.080000e-03,-2.080000e-03,0.8460,0.1160,-0.5940,1.33940,0.06460,-0.06460,3.0050e+02,1.550e+01,-1.550e+01,1.98,5.500e-01,-3.300e-01,1667.0,,,1817.38,1572.44,-676.76,23.60,1,q1_q17_dr25_tce,5325.00,175.00,-143.00,4.384,0.162,-0.216,0.9850,0.2760,-0.1610,290.279690,41.515049,15.143
11460462,K02110.01,Kepler-1104 b,CONFIRMED,CANDIDATE,0.9980,0,0,0,0,5.037280330,1.5660000e-05,-1.5660000e-05,134.1094000,2.580000e-03,-2.580000e-03,0.9600,0.0010,-0.6650,2.06190,0.06280,-0.06280,7.6300e+01,4.300e+00,-4.300e+00,1.55,2.800e-01,-1.700e-01,1321.0,,,720.22,362.66,-201.60,20.90,1,q1_q17_dr25_tce,6387.00,115.00,-140.00,4.271,0.066,-0.123,1.3810,0.2530,-0.1560,294.468540,49.331020,12.189
8612275,K02111.01,Kepler-360 b,CONFIRMED,CANDIDATE,1.0000,0,0,0,0,3.289726319,8.6260000e-06,-8.6260000e-06,131.7552200,2.110000e-03,-2.110000e-03,0.0520,0.3910,-0.0520,2.32740,0.06620,-0.06620,2.3490e+02,9.900e+00,-9.900e+00,1.37,1.600e-01,-8.000e-02,1116.0,,,367.18,122.47,-60.02,27.00,1,q1_q17_dr25_tce,5463.00,82.00,-73.00,4.492,0.045,-0.098,0.9100,0.1100,-0.0550,286.284730,44.781551,14.866
8612275,K02111.02,Kepler-360 c,CONFIRMED,CANDIDATE,1.0000,0,0,0,0,7.186445940,1.9330000e-05,-1.9330000e-05,136.6234500,2.370000e-03,-2.370000e-03,0.8920,0.0220,-0.6440,1.49720,0.06370,-0.06370,4.0200e+02,2.040e+01,-2.040e+01,2.19,2.700e-01,-1.300e-01,860.0,,,129.48,43.19,-21.16,23.80,2,q1_q17_dr25_tce,5463.00,82.00,-73.00,4.492,0.045,-0.098,0.9100,0.1100,-0.0550,286.284730,44.781551,14.866
7207061,K02113.01,Kepler-417 c,CONFIRMED,CANDIDATE,1.0000,0,0,0,0,15.942484530,5.9850000e-05,-5.9850000e-05,146.3315700,2.980000e-03,-2.980000e-03,0.0220,0.4230,-0.0220,3.48940,0.08060,-0.08060,1.0937e+03,3.470e+01,-3.470e+01,2.62,5.400e-01,-2.200e-01,616.0,,,34.06,22.94,-9.19,34.30,1,q1_q17_dr25_tce,5376.00,186.00,-186.00,4.576,0.034,-0.136,0.8060,0.1680,-0.0670,293.824310,42.779701,15.886
4545187,K00223.02,Kepler-121 c,CONFIRMED,CANDIDATE,1.0000,0,0,0,0,41.008111700,1.1800000e-04,-1.1800000e-04,147.0338200,2.380000e-03,-2.380000e-03,0.8780,0.0390,-0.5950,4.37600,0.11300,-0.11300,1.0045e+03,2.430e+01,-2.430e+01,2.64,4.100e-01,-1.900e-01,425.0,,,7.72,3.90,-1.76,43.90,2,q1_q17_dr25_tce,5303.00,159.00,-143.00,4.630,0.032,-0.097,0.7080,0.1110,-0.0510,286.162050,39.678001,14.708
7286911,K02180.01,Kepler-1133 b,CONFIRMED,CANDIDATE,0.9900,0,0,0,0,11.555620420,3.1020000e-05,-3.1020000e-05,138.1975200,2.070000e-03,-2.070000e-03,0.8740,0.0530,-0.6210,1.67580,0.06490,-0.06490,4.4150e+02,2.270e+01,-2.270e+01,2.11,2.500e-01,-9.000e-02,703.0,,,57.75,18.51,-7.64,22.70,1,q1_q17_dr25_tce,5420.00,73.00,-81.00,4.555,0.019,-0.097,0.8500,0.1010,-0.0340,293.322420,42.867470,14.816
8591173,K02181.01,Kepler-1804 b,CONFIRMED,CANDIDATE,1.0000,0,0,0,0,12.288504600,1.0920000e-04,-1.0920000e-04,141.6186900,7.710000e-03,-7.710000e-03,0.6320,0.3090,-0.4060,2.80700,0.23200,-0.23200,3.4210e+02,3.370e+01,-3.370e+01,3.22,1.500e+00,-1.820e+00,913.0,,,164.61,237.14,-136.91,12.00,1,q1_q17_dr25_tce,5109.00,169.00,-138.00,3.960,0.616,-0.264,1.6710,0.7750,-0.9470,301.342860,44.672211,14.414
6962109,K02182.01,Kepler-1134 b,CONFIRMED,CANDIDATE,0.9690,0,0,0,0,17.132631250,7.8920000e-05,-7.8920000e-05,147.1546000,4.030000e-03,-4.030000e-03,0.2980,0.1530,-0.2980,3.05550,0.09580,-0.09580,8.5020e+02,3.740e+01,-3.740e+01,2.31,5.100e-01,-2.200e-01,611.0,,,32.91,23.07,-9.33,26.40,1,q1_q17_dr25_tce,5477.00,182.00,-182.00,4.578,0.036,-0.144,0.7940,0.1760,-0.0750,295.567990,42.478298,15.842
5706595,K02183.01,Kepler-370 c,CONFIRMED,CANDIDATE,1.0000,0,0,0,0,19.023136100,1.1510000e-04,-1.1510000e-04,139.6598800,4.470000e-03,-4.470000e-03,0.6980,0.2430,-0.4930,3.43100,0.13000,-0.13000,4.0160e+02,2.150e+01,-2.150e+01,2.04,2.700e-01,-1.500e-01,647.0,,,41.50,14.82,-7.87,19.70,1,q1_q17_dr25_tce,5569.00,75.00,-83.00,4.459,0.059,-0.110,0.9540,0.1280,-0.0690,292.171140,40.916309,15.198
5706595,K02183.02,Kepler-370 b,CONFIRMED,CANDIDATE,1.0000,0,0,0,0,4.579482350,2.8860000e-05,-2.8860000e-05,135.0968500,5.470000e-03,-5.470000e-03,0.0550,0.3930,-0.0550,3.10600,0.15900,-0.15900,2.0710e+02,1.200e+01,-1.200e+01,1.35,1.800e-01,-1.000e-01,1040.0,,,276.82,98.83,-52.49,20.00,2,q1_q17_dr25_tce,5569.00,75.00,-83.00,4.459,0.059,-0.110,0.9540,0.1280,-0.0690,292.171140,40.916309,15.198
10489345,K02266.01,Kepler-1167 b,CONFIRMED,CANDIDATE,1.0000,0,0,0,0,1.003931703,2.6860000e-06,-2.6860000e-06,132.0998800,2.470000e-03,-2.470000e-03,0.0230,0.4350,-0.0230,1.43610,0.06340,-0.06340,4.9110e+02,2.380e+01,-2.380e+01,1.60,1.600e-01,-1.700e-01,1419.0,,,962.58,369.98,-297.90,25.20,1,q1_q17_dr25_tce,4949.00,176.00,-176.00,4.552,0.072,-0.048,0.7410,0.0720,-0.0790,298.302730,47.694031,15.942
11774303,K02269.01,,FALSE POSITIVE,FALSE POSITIVE,0.0000,0,1,1,0,0.614083885,8.1700000e-07,-8.1700000e-07,132.4696900,1.110000e-03,-1.110000e-03,0.1060,0.3440,-0.1060,0.98170,0.04030,-0.04030,3.8950e+02,1.390e+01,-1.390e+01,2.55,8.000e-01,-3.200e-01,2603.0,,,10827.22,9729.43,-3739.42,36.40,1,q1_q17_dr25_tce,6521.00,158.00,-249.00,4.352,0.062,-0.200,1.2760,0.4000,-0.1600,297.019650,49.997379,15.177
10329469,K02271.01,Kepler-1168 b,CONFIRMED,CANDIDATE,0.9980,0,0,0,0,55.822477500,4.1000000e-04,-4.1000000e-04,169.0374100,5.450000e-03,-5.450000e-03,0.0310,0.4240,-0.0310,5.45700,0.17000,-0.17000,8.7960e+02,4.260e+01,-4.260e+01,2.13,2.800e-01,-1.900e-01,379.0,,,4.85,2.14,-1.23,23.70,1,q1_q17_dr25_tce,5162.00,153.00,-138.00,4.611,0.033,-0.083,0.7360,0.0970,-0.0650,287.297700,47.455441,15.624
9654875,K02272.01,,CANDIDATE,CANDIDATE,0.0360,0,0,0,0,1.341452550,1.3090000e-05,-1.3090000e-05,132.6910600,8.210000e-03,-8.210000e-03,0.6800,0.2360,-0.4400,7.50200,0.22700,-0.22700,2.6600e+01,1.100e+00,-1.100e+00,1.31,2.800e-01,-4.600e-01,3015.0,,,19568.74,13259.64,-12680.97,31.20,1,q1_q17_dr25_tce,7495.00,235.00,-314.00,3.926,0.266,-0.123,2.3890,0.5200,-0.8450,294.153660,46.309681,12.783
9717943,K02273.01,Kepler-1169 b,CONFIRMED,CANDIDATE,0.9990,0,0,0,0,6.110104390,4.6400000e-05,-4.6400000e-05,136.9121400,5.870000e-03,-5.870000e-03,0.2840,0.1750,-0.2840,2.31400,0.18200,-0.18200,5.9700e+01,5.900e+00,-5.900e+00,0.93,1.500e-01,-5.000e-02,1125.0,,,378.84,168.53,-70.64,11.80,1,q1_q17_dr25_tce,6213.00,112.00,-137.00,4.387,0.030,-0.113,1.1950,0.1910,-0.0680,294.911560,46.491459,12.716
8026752,K00240.01,Kepler-502 b,CONFIRMED,CANDIDATE,0.0070,0,0,0,0,4.286866229,3.2320000e-06,-3.2320000e-06,138.6148820,6.110000e-04,-6.110000e-04,0.7570,0.0180,-0.3840,4.47260,0.07480,-0.07480,1.3219e+03,9.900e+00,-9.900e+00,4.14,1.310e+00,-4.300e-01,1217.0,,,517.66,482.82,-158.26,167.30,1,q1_q17_dr25_tce,6228.00,172.00,-216.00,4.441,0.052,-0.208,1.0490,0.3320,-0.1110,291.080140,43.860199,14.982
1872821,K02351.01,Kepler-1828 b,CONFIRMED,CANDIDATE,1.0000,0,0,0,0,10.273809570,5.9290000e-05,-5.9290000e-05,134.6574800,5.050000e-03,-5.050000e-03,0.1250,0.3340,-0.1250,3.25200,0.14100,-0.14100,3.5280e+02,2.050e+01,-2.050e+01,1.68,1.600e-01,-8.000e-02,799.0,,,96.27,24.40,-14.49,19.20,1,q1_q17_dr25_tce,5806.00,69.00,-87.00,4.528,0.023,-0.068,0.8990,0.0840,-0.0450,292.427580,37.320808,14.909
8013439,K02352.01,Kepler-381 c,CONFIRMED,CANDIDATE,1.0000,0,0,0,0,13.391551540,5.9390000e-05,-5.9390000e-05,133.0549900,3.500000e-03,-3.500000e-03,0.5390,0.4300,-0.3300,3.39100,0.10700,-0.10700,4.8900e+01,2.200e+00,-2.200e+00,1.58,2.500e-01,-4.100e-01,1180.0,,,459.23,206.89,-227.35,24.50,2,q1_q17_dr25_tce,6197.00,135.00,-111.00,3.837,0.233,-0.093,2.1880,0.3360,-0.5760,285.182800,43.831078,10.421
8013439,K02352.02,Kepler-381 b,CONFIRMED,CANDIDATE,1.0000,0,0,0,0,5.629043960,2.1650000e-05,-2.1650000e-05,134.7467900,3.050000e-03,-3.050000e-03,0.2370,0.2230,-0.2370,3.72950,0.08760,-0.08760,3.9500e+01,1.400e+00,-1.400e+00,1.39,2.100e-01,-3.700e-01,1576.0,,,1459.41,657.48,-722.50,32.20,1,q1_q17_dr25_tce,6197.00,135.00,-111.00,3.837,0.233,-0.093,2.1880,0.3360,-0.5760,285.182800,43.831078,10.421
8013439,K02352.03,Kepler-381 d,CONFIRMED,CANDIDATE,1.0000,0,0,0,0,8.256285700,3.6970000e-05,-3.6970000e-05,137.9267000,3.360000e-03,-3.360000e-03,0.8160,0.1420,-0.5610,2.03780,0.09760,-0.09760,3.7300e+01,2.300e+00,-2.300e+00,1.49,2.300e-01,-3.900e-01,1387.0,,,874.56,394.00,-432.96,18.20,3,q1_q17_dr25_tce,6197.00,135.00,-111.00,3.837,0.233,-0.093,2.1880,0.3360,-0.5760,285.182800,43.831078,10.421
7207061,K02113.02,Kepler-417 b,CONFIRMED,CANDIDATE,1.0000,0,0,0,0,12.330879210,4.9720000e-05,-4.9720000e-05,361.9744000,2.700000e-03,-2.700000e-03,0.0110,0.4350,-0.0110,3.06640,0.08070,-0.08070,8.7220e+02,3.350e+01,-3.350e+01,2.34,4.800e-01,-2.000e-01,671.0,,,47.99,32.30,-12.95,28.30,2,q1_q17_dr25_tce,5376.00,186.00,-186.00,4.576,0.034,-0.136,0.8060,0.1680,-0.0670,293.824310,42.779701,15.886
6921944,K02114.01,Kepler-1105 b,CONFIRMED,CANDIDATE,1.0000,0,0,0,0,4.421566535,9.7260000e-06,-9.7260000e-06,132.1846500,1.830000e-03,-1.830000e-03,0.8690,0.0580,-0.5830,2.12290,0.05760,-0.05760,6.8400e+02,2.530e+01,-2.530e+01,2.19,6.000e-02,-1.000e-01,729.0,,,66.94,9.53,-10.73,31.90,1,q1_q17_dr25_tce,4299.00,86.00,-86.00,4.604,0.033,-0.015,0.6970,0.0190,-0.0320,281.111760,42.454910,15.180
9532052,K02115.01,Kepler-67 b,CONFIRMED,CANDIDATE,0.9990,0,0,0,0,15.725859410,6.2770000e-05,-6.2770000e-05,133.9877400,3.870000e-03,-3.870000e-03,0.1220,0.2860,-0.1220,3.82840,0.08410,-0.08410,1.3131e+03,4.630e+01,-4.630e+01,2.69,2.500e-01,-1.100e-01,602.0,,,31.13,8.98,-4.79,32.70,1,q1_q17_dr25_tce,5332.00,106.00,-106.00,4.597,0.018,-0.077,0.7550,0.0690,-0.0320,294.153320,46.166439,16.144
8164012,K02116.01,Kepler-1106 b,CONFIRMED,CANDIDATE,1.0000,0,0,0,0,1.252753881,2.2280000e-06,-2.2280000e-06,133.1705400,1.480000e-03,-1.480000e-03,0.4000,0.0410,-0.4000,2.14720,0.04710,-0.04710,2.0000e+02,5.700e+00,-5.700e+00,2.44,3.700e-01,-5.600e-01,2199.0,,,5545.35,2235.30,-2431.33,40.50,1,q1_q17_dr25_tce,5907.00,80.00,-80.00,4.041,0.196,-0.084,1.7050,0.2610,-0.3920,291.145200,44.062538,14.690
4140813,K02117.01,Kepler-1795 b,CONFIRMED,CANDIDATE,1.0000,0,0,0,0,13.360198640,5.9560000e-05,-5.9560000e-05,131.8148100,3.560000e-03,-3.560000e-03,0.5340,0.3290,-0.3540,2.78800,0.11300,-0.11300,6.9990e+02,3.750e+01,-3.750e+01,1.84,1.300e-01,-1.100e-01,520.0,,,17.30,4.76,-3.74,21.30,1,q1_q17_dr25_tce,4500.00,123.00,-137.00,4.638,0.018,-0.049,0.6880,0.0480,-0.0400,286.479340,39.269958,15.637
8611781,K02185.01,Kepler-1135 b,CONFIRMED,CANDIDATE,0.9780,0,0,0,0,76.957056000,6.2560000e-04,-6.2560000e-04,192.3368200,6.840000e-03,-6.840000e-03,0.6380,0.0600,-0.4600,9.55100,0.18900,-0.18900,3.6710e+02,1.580e+01,-1.580e+01,2.09,5.700e-01,-3.700e-01,451.0,,,9.81,7.76,-3.89,26.50,1,q1_q17_dr25_tce,5878.00,157.00,-157.00,4.363,0.153,-0.187,1.0410,0.2810,-0.1870,286.002960,44.756592,14.353
3097926,K02186.01,,CANDIDATE,CANDIDATE,1.0000,0,0,0,0,14.979743350,6.3250000e-05,-6.3250000e-05,143.4617400,3.430000e-03,-3.430000e-03,0.9300,0.0170,-0.6830,4.12600,0.17100,-0.17100,1.2118e+03,3.930e+01,-3.930e+01,3.79,4.100e-01,-4.500e-01,620.0,,,34.95,14.91,-11.50,33.20,1,q1_q17_dr25_tce,5062.00,194.00,-176.00,4.481,0.104,-0.095,0.8530,0.0920,-0.1030,285.908480,38.212719,15.549
10518424,K02188.02,,CANDIDATE,CANDIDATE,,0,0,0,0,6.744568300,5.6960000e-04,-5.6960000e-04,135.5092000,3.640000e-02,-3.640000e-02,0.1199,0.3210,-0.1198,3.81300,0.83100,-0.83100,8.6600e+01,1.730e+01,-1.730e+01,0.86,3.500e-01,-8.000e-02,983.0,,,220.68,260.48,-59.34,6.80,,,6106.00,158.00,-184.00,4.496,0.048,-0.292,0.9230,0.3720,-0.0840,283.753850,47.796951,15.319
5730445,K02189.01,,CANDIDATE,CANDIDATE,0.9750,0,0,0,0,33.358598520,8.6710000e-05,-8.6710000e-05,137.5706100,2.380000e-03,-2.380000e-03,0.9370,0.0560,-0.7240,2.28600,0.15100,-0.15100,1.8259e+03,6.330e+01,-6.330e+01,4.44,4.800e-01,-4.700e-01,459.0,,,10.46,4.28,-3.24,32.20,1,q1_q17_dr25_tce,5009.00,176.00,-176.00,4.515,0.080,-0.080,0.7990,0.0860,-0.0860,298.074740,40.948990,15.253
5601258,K02191.01,Kepler-1805 b,CONFIRMED,CANDIDATE,1.0000,0,0,0,0,8.847842730,3.3690000e-05,-3.3690000e-05,140.1508500,2.860000e-03,-2.860000e-03,0.0470,0.4110,-0.0470,2.05720,0.09950,-0.09950,4.6020e+02,2.580e+01,-2.580e+01,1.15,7.000e-02,-7.000e-02,479.0,,,12.48,2.69,-2.38,21.10,1,q1_q17_dr25_tce,3867.00,77.00,-84.00,4.718,0.027,-0.033,0.5520,0.0330,-0.0330,285.086550,40.898998,14.911
7960980,K02274.01,Kepler-1170 b,CONFIRMED,CANDIDATE,0.9990,0,0,0,0,9.989702660,4.1690000e-05,-4.1690000e-05,133.7610200,3.420000e-03,-3.420000e-03,0.0050,0.4470,-0.0050,3.70000,0.10900,-0.10900,9.8840e+02,4.640e+01,-4.640e+01,2.48,4.200e-01,-1.800e-01,705.0,,,58.26,33.11,-14.82,24.10,1,q1_q17_dr25_tce,5265.00,184.00,-184.00,4.580,0.030,-0.112,0.8100,0.1370,-0.0590,292.168580,43.779671,15.909
8107225,K00235.01,Kepler-499 b,CONFIRMED,CANDIDATE,1.0000,0,0,0,0,5.632525080,6.0050000e-06,-6.0050000e-06,133.8181800,8.670000e-04,-8.670000e-04,0.4550,0.0230,-0.4250,2.14480,0.03030,-0.03030,6.3440e+02,1.030e+01,-1.030e+01,2.04,2.800e-01,-1.600e-01,844.0,,,119.75,55.64,-29.25,70.90,1,q1_q17_dr25_tce,5216.00,157.00,-157.00,4.580,0.028,-0.105,0.8040,0.1130,-0.0610,295.109950,43.915211,14.353
3458028,K02276.01,Kepler-1171 b,CONFIRMED,CANDIDATE,1.0000,0,0,0,0,1.442592305,4.8740000e-06,-4.8740000e-06,134.0718800,2.780000e-03,-2.780000e-03,0.2070,0.2480,-0.2070,2.96980,0.08580,-0.08580,1.6600e+02,7.100e+00,-7.100e+00,2.67,6.700e-01,-9.100e-01,2700.0,,,12557.23,9301.91,-7901.93,27.10,1,q1_q17_dr25_tce,7216.00,203.00,-279.00,3.983,0.280,-0.151,2.0430,0.5070,-0.6970,294.958920,38.591572,11.558
3342794,K02278.01,Kepler-376 c,CONFIRMED,CANDIDATE,0.9970,0,0,0,0,14.172228580,5.5550000e-05,-5.5550000e-05,142.6013400,3.200000e-03,-3.200000e-03,0.8690,0.0480,-0.6200,2.62970,0.08300,-0.08300,2.4680e+02,1.100e+01,-1.100e+01,2.39,3.800e-01,-4.600e-01,873.0,,,137.33,60.78,-55.22,24.50,1,q1_q17_dr25_tce,5845.00,105.00,-117.00,4.200,0.176,-0.108,1.3140,0.2090,-0.2560,291.607180,38.410389,13.776
3342794,K02278.02,Kepler-376 b,CONFIRMED,CANDIDATE,0.9910,0,0,0,0,4.920310630,3.0820000e-05,-3.0820000e-05,135.4057700,5.100000e-03,-5.100000e-03,0.2420,0.2040,-0.2420,4.04600,0.13100,-0.13100,8.1000e+01,5.200e+00,-5.200e+00,1.18,1.900e-01,-2.300e-01,1242.0,,,562.99,249.17,-226.36,17.70,2,q1_q17_dr25_tce,5845.00,105.00,-117.00,4.200,0.176,-0.108,1.3140,0.2090,-0.2560,291.607180,38.410389,13.776
5716932,K02358.01,Kepler-1830 b,CONFIRMED,CANDIDATE,0.9730,0,0,0,0,56.493169800,3.6260000e-04,-3.6260000e-04,143.9926200,5.830000e-03,-5.830000e-03,0.7070,0.2270,-0.4730,8.70400,0.17600,-0.17600,4.1190e+02,1.490e+01,-1.490e+01,4.43,7.700e-01,-1.140e+00,681.0,,,50.79,24.72,-24.97,31.80,1,q1_q17_dr25_tce,6160.00,123.00,-123.00,3.976,0.180,-0.105,2.0460,0.3520,-0.5270,295.139100,40.979061,13.524
11288051,K00241.01,Kepler-124 c,CONFIRMED,CANDIDATE,1.0000,0,0,0,0,13.821420840,2.2230000e-05,-2.2230000e-05,131.7923700,1.250000e-03,-1.250000e-03,0.9040,0.0310,-0.6600,3.98500,0.12400,-0.12400,7.6520e+02,1.080e+01,-1.080e+01,2.20,1.500e-01,-8.000e-02,560.0,,,23.15,5.42,-3.35,75.30,1,q1_q17_dr25_tce,4983.00,100.00,-100.00,4.660,0.017,-0.052,0.6510,0.0440,-0.0240,286.752780,49.064911,14.139
7515670,K02360.01,,FALSE POSITIVE,FALSE POSITIVE,0.0060,0,0,1,0,2.303679520,1.3070000e-05,-1.3070000e-05,133.7690900,4.230000e-03,-4.230000e-03,0.9640,0.0350,-0.7480,3.08980,0.08350,-0.08350,1.3640e+02,8.100e+00,-8.100e+00,1.30,3.700e-01,-9.000e-02,1384.0,,,866.21,709.01,-216.60,18.90,1,q1_q17_dr25_tce,6191.00,167.00,-204.00,4.546,0.034,-0.195,0.8650,0.2410,-0.0640,287.804080,43.168961,15.206
11566256,K02361.01,Kepler-1831 b,CONFIRMED,CANDIDATE,1.0000,0,0,0,0,5.783870490,1.5380000e-05,-1.5380000e-05,135.5798000,1.960000e-03,-1.960000e-03,0.2270,0.2210,-0.2270,1.39660,0.06810,-0.06810,4.1330e+02,2.370e+01,-2.370e+01,2.07,6.200e-01,-2.100e-01,1051.0,,,288.69,258.79,-86.48,20.70,1,q1_q17_dr25_tce,6063.00,181.00,-217.00,4.476,0.048,-0.192,1.0120,0.3020,-0.1010,295.302550,49.589119,15.049
8495415,K02362.02,Kepler-1208 b,CONFIRMED,CANDIDATE,0.9970,0,0,0,0,11.085076580,5.1490000e-05,-5.1490000e-05,355.0362700,3.400000e-03,-3.400000e-03,0.8190,0.0050,-0.5820,1.75100,0.10300,-0.10300,7.7180e+02,5.110e+01,-5.110e+01,2.50,2.900e-01,-2.300e-01,665.0,,,46.17,19.68,-12.76,17.70,2,q1_q17_dr25_tce,5080.00,184.00,-163.00,4.538,0.065,-0.065,0.7930,0.0890,-0.0730,291.881260,44.555729,15.938
4055304,K02119.01,Kepler-1107 b,CONFIRMED,CANDIDATE,1.0000,0,0,0,0,0.571038347,6.8400000e-07,-6.8400000e-07,131.6537520,9.220000e-04,-9.220000e-04,0.8760,0.0250,-0.6520,1.12670,0.03310,-0.03310,2.4210e+02,7.500e+00,-7.500e+00,1.65,8.000e-02,-1.500e-01,1897.0,,,3069.59,547.14,-696.13,38.20,1,q1_q17_dr25_tce,5132.00,84.00,-77.00,4.457,0.096,-0.036,0.8860,0.0450,-0.0830,291.049930,39.141670,14.098
4857213,K02120.01,Kepler-1680 b,CONFIRMED,CANDIDATE,1.0000,0,0,0,0,8.774257860,2.9310000e-05,-2.9310000e-05,132.3338600,2.960000e-03,-2.960000e-03,0.9170,0.0250,-0.6930,2.22450,0.07600,-0.07600,2.3960e+02,1.260e+01,-1.260e+01,1.75,5.300e-01,-2.200e-01,771.0,,,83.63,76.88,-25.89,22.30,1,q1_q17_dr25_tce,5146.00,154.00,-138.00,4.445,0.100,-0.300,0.9050,0.2770,-0.1110,297.074650,39.933849,13.714
9415108,K02121.01,Kepler-1108 b,CONFIRMED,CANDIDATE,0.0000,0,0,0,0,4.510050820,1.5290000e-05,-1.5290000e-05,134.5695400,2.870000e-03,-2.870000e-03,0.1150,0.3540,-0.1150,2.15330,0.08720,-0.08720,2.9480e+02,1.610e+01,-1.610e+01,1.74,2.400e-01,-2.400e-01,1063.0,,,301.74,112.58,-89.14,21.50,1,q1_q17_dr25_tce,5362.00,80.00,-72.00,4.352,0.144,-0.108,1.0320,0.1420,-0.1420,296.042330,45.985142,14.979
4262581,K02122.01,Kepler-1109 b,CONFIRMED,CANDIDATE,1.0000,0,0,0,0,37.646851900,2.2700000e-04,-2.2700000e-04,161.4635500,4.860000e-03,-4.860000e-03,0.0080,0.4520,-0.0080,6.34400,0.13300,-0.13300,4.2740e+02,1.580e+01,-1.580e+01,5.37,8.100e-01,-1.900e+00,787.0,,,90.85,36.50,-55.31,31.00,1,q1_q17_dr25_tce,5443.00,76.00,-87.00,3.740,0.255,-0.085,2.6520,0.4020,-0.9390,291.646240,39.396629,14.288
8591693,K02123.01,Kepler-1796 b,CONFIRMED,CANDIDATE,1.0000,0,0,0,0,29.455784100,1.1870000e-04,-1.1870000e-04,154.1706200,2.910000e-03,-2.910000e-03,0.0180,0.4260,-0.0180,3.45100,0.10100,-0.10100,5.3380e+02,2.300e+01,-2.300e+01,2.19,6.800e-01,-2.200e-01,598.0,,,30.30,27.31,-8.93,26.60,1,q1_q17_dr25_tce,6036.00,162.00,-198.00,4.491,0.052,-0.208,0.9490,0.2920,-0.0970,301.542970,44.605610,14.385
4833421,K00232.01,Kepler-122 c,CONFIRMED,CANDIDATE,1.0000,0,0,0,0,12.466004437,5.5440000e-06,-5.5440000e-06,134.0032580,3.760000e-04,-3.760000e-04,0.2090,0.0940,-0.2090,5.00660,0.01980,-0.01980,2.2321e+03,8.100e+00,-8.100e+00,5.65,8.900e-01,-9.000e-01,897.0,,,152.76,69.26,-53.05,304.60,1,q1_q17_dr25_tce,6038.00,121.00,-121.00,4.284,0.137,-0.112,1.1910,0.1890,-0.1890,291.111880,39.949108,14.247
8282651,K02193.01,Kepler-1136 b,CONFIRMED,CANDIDATE,1.0000,0,0,0,0,2.361724472,3.4920000e-06,-3.4920000e-06,133.2393200,1.200000e-03,-1.200000e-03,0.0090,0.4570,-0.0090,1.21670,0.04230,-0.04230,5.8700e+02,1.990e+01,-1.990e+01,1.53,1.100e-01,-1.400e-01,922.0,,,170.59,49.25,-46.39,34.60,1,q1_q17_dr25_tce,4478.00,133.00,-133.00,4.615,0.052,-0.024,0.6510,0.0460,-0.0610,284.107790,44.245811,15.658
3548044,K02194.01,Kepler-371 b,CONFIRMED,CANDIDATE,0.9910,0,0,0,0,34.763054300,2.1320000e-04,-2.1320000e-04,161.7421700,5.310000e-03,-5.310000e-03,0.7310,0.2040,-0.5110,4.30900,0.13400,-0.13400,2.9370e+02,1.320e+01,-1.320e+01,1.75,2.300e-01,-2.200e-01,554.0,,,22.23,8.51,-6.60,24.00,1,q1_q17_dr25_tce,5670.00,113.00,-102.00,4.387,0.138,-0.092,0.9500,0.1240,-0.1240,292.326450,38.657581,13.865
11401767,K02195.01,Kepler-372 c,CONFIRMED,CANDIDATE,0.9980,0,0,0,0,20.054528200,1.4960000e-04,-1.4960000e-04,136.5658700,5.610000e-03,-5.610000e-03,0.9390,0.0230,-0.6900,7.17300,0.12900,-0.12900,3.0540e+02,1.180e+01,-1.180e+01,2.63,4.400e-01,-2.900e-01,755.0,,,76.97,33.59,-19.66,26.90,1,q1_q17_dr25_tce,6056.00,81.00,-90.00,4.332,0.080,-0.120,1.2090,0.2020,-0.1340,291.256200,49.258949,14.881
10909127,K02200.01,Kepler-1138 b,CONFIRMED,CANDIDATE,1.0000,0,0,0,0,3.170597310,1.0010000e-05,-1.0010000e-05,132.6781300,2.500000e-03,-2.500000e-03,0.7930,0.1240,-0.5500,1.66860,0.08350,-0.08350,3.2540e+02,1.930e+01,-1.930e+01,1.69,1.800e-01,-6.000e-02,1080.0,,,321.28,92.70,-41.96,20.10,1,q1_q17_dr25_tce,5431.00,81.00,-81.00,4.563,0.011,-0.088,0.8430,0.0860,-0.0330,285.899230,48.307301,15.353
3661886,K02279.01,Kepler-377 c,CONFIRMED,CANDIDATE,1.0000,0,0,0,0,27.014262200,1.4970000e-04,-1.4970000e-04,132.5224500,4.870000e-03,-4.870000e-03,0.0090,0.4430,-0.0090,5.38500,0.12600,-0.12600,2.8760e+02,1.210e+01,-1.210e+01,2.00,3.100e-01,-2.800e-01,677.0,,,49.65,21.43,-15.73,25.50,1,q1_q17_dr25_tce,5949.00,107.00,-119.00,4.303,0.120,-0.108,1.1840,0.1830,-0.1650,295.422000,38.735691,13.860
3661886,K02279.02,Kepler-377 b,CONFIRMED,CANDIDATE,0.9980,0,0,0,0,12.509457980,7.4690000e-05,-7.4690000e-05,136.9921700,4.600000e-03,-4.600000e-03,0.6260,0.3350,-0.4200,3.47900,0.14500,-0.14500,1.5530e+02,1.080e+01,-1.080e+01,1.54,2.400e-01,-2.100e-01,875.0,,,138.54,59.79,-43.89,16.00,2,q1_q17_dr25_tce,5949.00,107.00,-119.00,4.303,0.120,-0.108,1.1840,0.1830,-0.1650,295.422000,38.735691,13.860
2439243,K02280.01,Kepler-1172 b,CONFIRMED,CANDIDATE,1.0000,0,0,0,0,26.020332900,1.8690000e-04,-1.8690000e-04,154.5286000,6.240000e-03,-6.240000e-03,0.7040,0.0540,-0.4940,4.96500,0.14700,-0.14700,1.1644e+03,5.570e+01,-5.570e+01,4.53,7.100e-01,-8.700e-01,675.0,,,49.09,20.71,-18.78,23.70,1,q1_q17_dr25_tce,5624.00,84.00,-75.00,4.218,0.188,-0.101,1.2440,0.1960,-0.2400,290.474520,37.766602,15.889
9221517,K02281.01,Kepler-1173 b,CONFIRMED,CANDIDATE,0.9950,0,0,0,0,0.769854899,1.2430000e-06,-1.2430000e-06,132.5194400,1.260000e-03,-1.260000e-03,0.7050,0.2400,-0.4940,1.02430,0.04490,-0.04490,1.0960e+02,4.900e+00,-4.900e+00,0.93,1.200e-01,-7.000e-02,1650.0,,,1756.80,768.41,-413.59,28.70,1,q1_q17_dr25_tce,5173.00,155.00,-139.00,4.550,0.039,-0.091,0.8220,0.1070,-0.0630,293.131100,45.663551,13.829
6751874,K02282.01,Kepler-1174 b,CONFIRMED,CANDIDATE,1.0000,0,0,0,0,6.892263330,2.6260000e-05,-2.6260000e-05,132.4644000,2.830000e-03,-2.830000e-03,0.0610,0.3870,-0.0610,2.49210,0.09970,-0.09970,2.1440e+02,1.110e+01,-1.110e+01,2.13,3.400e-01,-4.200e-01,1156.0,,,422.14,176.38,-162.47,22.40,1,q1_q17_dr25_tce,5862.00,79.00,-79.00,4.148,0.176,-0.095,1.4630,0.2330,-0.2840,281.831450,42.298908,14.207
10863608,K02368.01,Kepler-1210 b,CONFIRMED,CANDIDATE,0.9990,0,0,0,0,8.071270430,5.1720000e-05,-5.1720000e-05,137.7660400,5.770000e-03,-5.770000e-03,0.2710,0.1920,-0.2710,2.39300,0.15600,-0.15600,3.1820e+02,2.230e+01,-2.230e+01,1.53,4.200e-01,-1.400e-01,856.0,,,126.94,103.13,-34.34,16.90,1,q1_q17_dr25_tce,5766.00,155.00,-172.00,4.517,0.060,-0.180,0.8530,0.2360,-0.0790,292.832150,48.219360,15.553
5602588,K02369.01,Kepler-1211 b,CONFIRMED,CANDIDATE,1.0000,0,0,0,0,11.018191780,7.2440000e-05,-7.2440000e-05,139.8785800,5.950000e-03,-5.950000e-03,0.8830,0.0160,-0.6260,4.63500,0.14800,-0.14800,5.4570e+02,2.680e+01,-2.680e+01,2.64,8.200e-01,-2.700e-01,840.0,,,117.97,107.68,-35.55,22.00,1,q1_q17_dr25_tce,6075.00,168.00,-210.00,4.486,0.052,-0.208,0.9690,0.3000,-0.1000,285.720790,40.856960,15.832
11288051,K00241.02,Kepler-124 d,CONFIRMED,CANDIDATE,0.9820,0,0,0,0,30.950592700,2.1870000e-04,-2.1870000e-04,153.8450700,5.470000e-03,-5.470000e-03,0.9580,0.0150,-0.6650,5.39400,0.20800,-0.20800,3.0140e+02,1.420e+01,-1.420e+01,1.51,1.100e-01,-5.000e-02,428.0,,,7.91,1.86,-1.14,23.20,2,q1_q17_dr25_tce,4983.00,100.00,-100.00,4.660,0.017,-0.052,0.6510,0.0440,-0.0240,286.752780,49.064911,14.139
5602588,K02369.02,,CANDIDATE,CANDIDATE,,0,0,0,0,6.314344700,1.1320000e-04,-1.1320000e-04,173.3097000,1.510000e-02,-1.510000e-02,0.0584,0.4186,-0.0583,2.79600,0.45900,-0.45900,1.9140e+02,3.960e+01,-3.960e+01,1.34,5.300e-01,-1.200e-01,1012.0,,,247.53,282.49,-69.37,6.40,,,6075.00,151.00,-200.00,4.486,0.045,-0.285,0.9690,0.3810,-0.0900,285.720790,40.856960,15.832
5385304,K02370.01,,CANDIDATE,CANDIDATE,0.9840,0,0,0,0,78.732702300,6.4880000e-04,-6.4880000e-04,168.7292600,7.160000e-03,-7.160000e-03,0.9560,0.0020,-0.7310,5.04100,0.26800,-0.26800,4.9580e+02,3.010e+01,-3.010e+01,7.76,1.410e+00,-2.610e+00,761.0,,,79.13,43.47,-48.56,19.10,1,q1_q17_dr25_tce,6715.00,179.00,-219.00,3.754,0.292,-0.097,2.7630,0.5000,-0.9280,297.558200,40.541309,13.003
5547480,K00224.01,,FALSE POSITIVE,FALSE POSITIVE,0.0000,0,1,1,0,3.979867514,4.3660000e-06,-4.3660000e-06,132.0712330,8.920000e-04,-8.920000e-04,1.2160,15.0100,-0.1090,2.36070,0.04760,-0.04760,9.0760e+02,1.680e+01,-1.680e+01,26.50,8.580e+00,-2.860e+00,1173.0,,,446.89,427.15,-138.24,65.20,1,q1_q17_dr25_tce,6032.00,168.00,-210.00,4.485,0.054,-0.216,0.9730,0.3150,-0.1050,295.640200,40.794842,14.782
11462341,K02124.01,,CANDIDATE,CANDIDATE,0.9920,0,0,0,0,42.337579900,4.0590000e-04,-4.0590000e-04,158.2518700,8.150000e-03,-8.150000e-03,0.9470,0.0000,-0.6550,4.92400,0.15700,-0.15700,3.5480e+02,2.260e+01,-2.260e+01,1.45,7.000e-02,-8.000e-02,311.0,,,2.21,0.43,-0.39,18.10,1,q1_q17_dr25_tce,4132.00,83.00,-91.00,4.682,0.025,-0.022,0.5810,0.0300,-0.0300,295.288540,49.379791,14.275
9405595,K02125.01,Kepler-1797 b,CONFIRMED,CANDIDATE,1.0000,0,0,0,0,23.359358900,1.2780000e-04,-1.2780000e-04,144.0182600,4.510000e-03,-4.510000e-03,0.9400,0.0120,-0.6510,5.38900,0.18700,-0.18700,5.7010e+02,2.450e+01,-2.450e+01,2.98,9.900e-01,-3.300e-01,684.0,,,51.68,50.36,-16.41,25.90,1,q1_q17_dr25_tce,6244.00,169.00,-225.00,4.460,0.054,-0.216,1.0090,0.3350,-0.1120,292.464290,45.968288,15.347
3546060,K02126.01,Kepler-1110 b,CONFIRMED,CANDIDATE,1.0000,0,0,0,0,9.693108370,3.0350000e-05,-3.0350000e-05,134.5300300,2.860000e-03,-2.860000e-03,0.5340,0.0090,-0.4660,2.73400,0.07720,-0.07720,1.1307e+03,4.060e+01,-4.060e+01,2.12,1.800e-01,-1.900e-01,609.0,,,32.40,11.71,-9.09,30.40,1,q1_q17_dr25_tce,4818.00,173.00,-173.00,4.639,0.059,-0.036,0.6180,0.0540,-0.0540,291.808010,38.622700,15.914
7019489,K02128.01,,FALSE POSITIVE,FALSE POSITIVE,0.0000,0,1,1,0,24.259830100,1.3290000e-04,-1.3290000e-04,132.4798200,5.110000e-03,-5.110000e-03,1.2440,7.0760,-0.3440,3.89700,0.21800,-0.21800,1.5403e+03,7.200e+01,-7.200e+01,25.42,5.560e+00,-2.360e+00,547.0,,,21.13,14.63,-5.94,26.30,1,q1_q17_dr25_tce,5485.00,182.00,-182.00,4.574,0.036,-0.144,0.8050,0.1760,-0.0750,286.944150,42.580631,15.962
2141783,K02201.01,,FALSE POSITIVE,FALSE POSITIVE,0.0000,0,1,0,0,116.521431700,7.0390000e-04,-7.0390000e-04,144.1337800,5.200000e-03,-5.200000e-03,1.2600,73.9500,-1.2500,5.57700,0.26600,-0.26600,7.7150e+02,3.620e+01,-3.620e+01,44.41,7.930e+00,-8.720e+00,457.0,,,10.33,5.33,-4.18,25.00,1,q1_q17_dr25_tce,6056.00,134.00,-122.00,4.179,0.168,-0.112,1.4110,0.2520,-0.2770,286.370000,37.552521,13.806
4144576,K02202.01,Kepler-1139 b,CONFIRMED,CANDIDATE,1.0000,0,0,0,0,0.813166357,1.3990000e-06,-1.3990000e-06,131.8253600,1.490000e-03,-1.490000e-03,0.0600,0.3990,-0.0600,1.41220,0.05010,-0.05010,1.7350e+02,6.200e+00,-6.200e+00,1.14,1.000e-01,-6.000e-02,1693.0,,,1945.44,463.14,-317.76,34.80,1,q1_q17_dr25_tce,5237.00,73.00,-84.00,4.500,0.048,-0.072,0.8870,0.0730,-0.0490,287.945620,39.230572,14.113
8494542,K02204.01,Kepler-1807 b,CONFIRMED,CANDIDATE,0.9890,0,0,0,0,10.860623780,3.9560000e-05,-3.9560000e-05,136.6595700,3.010000e-03,-3.010000e-03,0.2610,0.1880,-0.2610,2.28740,0.08560,-0.08560,1.8960e+02,1.060e+01,-1.060e+01,2.09,5.900e-01,-5.900e-01,1108.0,,,356.24,294.78,-195.50,20.70,1,q1_q17_dr25_tce,6455.00,175.00,-214.00,4.125,0.252,-0.168,1.4960,0.4210,-0.4210,291.549410,44.527290,13.957
9992325,K02205.01,Kepler-1140 b,CONFIRMED,CANDIDATE,1.0000,0,0,0,0,24.086321770,9.9220000e-05,-9.9220000e-05,148.2008600,2.900000e-03,-2.900000e-03,0.8020,0.1520,-0.5900,2.23600,0.11700,-0.11700,1.0417e+03,6.910e+01,-6.910e+01,2.78,2.600e-01,-2.800e-01,500.0,,,14.78,5.57,-4.35,18.00,1,q1_q17_dr25_tce,4973.00,181.00,-161.00,4.537,0.071,-0.052,0.7680,0.0710,-0.0790,281.693970,46.946449,15.464
11073656,K02206.01,,CANDIDATE,CANDIDATE,0.9990,0,0,0,0,1.834277283,7.8510000e-06,-7.8510000e-06,132.8589500,3.790000e-03,-3.790000e-03,0.3810,0.0880,-0.3810,1.74990,0.08600,-0.08600,2.8650e+02,1.430e+01,-1.430e+01,1.64,4.500e-01,-2.000e-01,1459.0,,,1068.36,901.58,-345.13,24.80,1,q1_q17_dr25_tce,5751.00,173.00,-190.00,4.458,0.081,-0.189,0.9580,0.2680,-0.1150,285.968020,48.679050,15.198
10206675,K02283.01,,FALSE POSITIVE,FALSE POSITIVE,0.0000,0,1,1,0,17.402089650,9.2270000e-05,-9.2270000e-05,141.9305700,4.320000e-03,-4.320000e-03,1.2160,74.9600,-4.0390,3.74500,0.22000,-0.22000,6.1650e+02,3.490e+01,-3.490e+01,16.37,7.200e-01,-7.700e-01,422.0,,,7.49,1.34,-1.22,20.90,1,q1_q17_dr25_tce,4098.00,82.00,-82.00,4.662,0.022,-0.022,0.6150,0.0270,-0.0290,291.377440,47.212570,15.245
9945370,K02285.01,Kepler-1175 b,CONFIRMED,CANDIDATE,1.0000,0,0,0,0,37.945613800,2.1070000e-04,-2.1070000e-04,134.7833100,4.590000e-03,-4.590000e-03,0.2630,0.1900,-0.2630,4.09300,0.12700,-0.12700,1.0329e+03,4.930e+01,-4.930e+01,2.79,8.400e-01,-2.300e-01,515.0,,,16.61,14.79,-4.17,24.00,1,q1_q17_dr25_tce,5861.00,157.00,-174.00,4.546,0.037,-0.200,0.8650,0.2630,-0.0700,289.142700,46.812889,15.939
3832716,K00027.01,,FALSE POSITIVE,FALSE POSITIVE,0.0000,1,0,0,0,1.141877248,6.6000000e-08,-6.6000000e-08,170.3386848,4.620000e-05,-4.620000e-05,0.5980,0.0070,-0.0070,4.33931,0.00301,-0.00301,3.0949e+05,1.770e+02,-1.770e+02,88.62,2.578e+01,-2.578e+01,2184.0,,,5358.79,4593.18,-2978.79,2036.30,1,q1_q17_dr25_tce,6158.00,169.00,-188.00,4.152,0.286,-0.176,1.3680,0.3980,-0.3980,285.394040,38.904911,13.418
8453211,K00236.01,,FALSE POSITIVE,FALSE POSITIVE,0.0000,0,1,1,1,5.776759280,1.4780000e-05,-1.4780000e-05,143.0961600,2.240000e-03,-2.240000e-03,1.2720,3.8330,-0.1270,6.78900,0.42500,-0.42500,3.5225e+03,3.000e-01,-3.000e-01,32.77,9.100e+00,-5.580e+00,954.0,,,195.79,163.88,-76.44,141.40,1,q1_q17_dr25_tce,5544.00,166.00,-166.00,4.435,0.157,-0.210,0.8750,0.2430,-0.1490,298.802060,44.420349,14.572
8973129,K02286.01,Kepler-1176 b,CONFIRMED,CANDIDATE,1.0000,0,0,0,0,24.173824400,1.2430000e-04,-1.2430000e-04,135.6247100,4.450000e-03,-4.450000e-03,0.2510,0.2090,-0.2510,3.05600,0.11700,-0.11700,5.3260e+02,2.870e+01,-2.870e+01,2.21,2.600e-01,-1.900e-01,595.0,,,29.69,9.50,-6.38,21.50,1,q1_q17_dr25_tce,5468.00,73.00,-82.00,4.427,0.090,-0.090,0.9680,0.1150,-0.0840,297.919740,45.274158,15.056
12505654,K02353.01,Kepler-1829 b,CONFIRMED,CANDIDATE,1.0000,0,0,0,0,5.186737262,7.3690000e-06,-7.3690000e-06,134.9950900,1.200000e-03,-1.200000e-03,0.8250,0.0380,-0.5680,0.80230,0.05210,-0.05210,7.1270e+02,3.990e+01,-3.990e+01,2.40,3.800e-01,-1.700e-01,860.0,,,129.37,65.71,-30.84,25.70,1,q1_q17_dr25_tce,5230.00,158.00,-158.00,4.594,0.032,-0.104,0.7770,0.1220,-0.0560,288.664490,51.498421,14.988
7215678,K02354.01,,CANDIDATE,CANDIDATE,1.0000,0,0,0,0,1.151244686,1.5220000e-06,-1.5220000e-06,132.6455100,1.150000e-03,-1.150000e-03,1.3870,7.6210,-0.1190,1.27200,0.06790,-0.06790,2.6960e+02,1.070e+01,-1.070e+01,40.32,1.260e+01,-4.210e+00,1756.0,,,2253.09,2065.12,-671.41,32.60,1,q1_q17_dr25_tce,6086.00,164.00,-200.00,4.511,0.040,-0.216,0.9210,0.2880,-0.0960,296.066250,42.768219,14.519
11670125,K02355.01,Kepler-1206 b,CONFIRMED,CANDIDATE,1.0000,0,0,0,0,1.217000383,2.8650000e-06,-2.8650000e-06,132.0312800,1.930000e-03,-1.930000e-03,0.0280,0.4220,-0.0280,1.32850,0.07010,-0.07010,4.5980e+02,2.160e+01,-2.160e+01,1.58,1.100e-01,-1.500e-01,1314.0,,,707.61,203.68,-194.33,26.50,1,q1_q17_dr25_tce,4859.00,145.00,-145.00,4.545,0.072,-0.039,0.7570,0.0530,-0.0720,295.938420,49.791142,15.975
11461844,K02356.01,Kepler-1207 b,CONFIRMED,CANDIDATE,0.9970,0,0,0,0,13.682379800,1.0590000e-04,-1.0590000e-04,139.1861100,5.980000e-03,-5.980000e-03,0.5950,0.0290,-0.4700,4.15300,0.17600,-0.17600,1.7960e+02,1.220e+01,-1.220e+01,1.43,4.400e-01,-1.700e-01,802.0,,,97.74,87.21,-32.66,17.00,1,q1_q17_dr25_tce,6102.00,165.00,-220.00,4.457,0.054,-0.216,1.0260,0.3120,-0.1250,295.064240,49.358990,14.500
7449554,K02357.01,,CANDIDATE,CANDIDATE,0.9990,0,0,0,0,2.420882770,1.3270000e-05,-1.3270000e-05,133.5780900,4.990000e-03,-4.990000e-03,0.2270,0.2370,-0.2270,2.81200,0.14000,-0.14000,2.2330e+02,1.270e+01,-1.270e+01,2.27,3.500e-01,-5.300e-01,1616.0,,,1615.12,670.11,-712.71,20.70,1,q1_q17_dr25_tce,5583.00,83.00,-75.00,4.077,0.210,-0.090,1.5300,0.2370,-0.3550,293.203770,43.057011,15.610
9351920,K02129.01,Kepler-1111 b,CONFIRMED,CANDIDATE,1.0000,0,0,0,0,8.796184330,3.0700000e-05,-3.0700000e-05,135.6764500,3.050000e-03,-3.050000e-03,0.0500,0.4000,-0.0500,3.37810,0.08940,-0.08940,2.8630e+02,1.200e+01,-1.200e+01,1.77,4.800e-01,-1.700e-01,938.0,,,183.26,143.41,-52.77,27.00,1,q1_q17_dr25_tce,6142.00,147.00,-203.00,4.456,0.046,-0.184,1.0460,0.2860,-0.1020,295.463380,45.812740,15.159
2161536,K02130.01,Kepler-1798 b,CONFIRMED,CANDIDATE,1.0000,0,0,0,0,16.855925930,6.4300000e-05,-6.4300000e-05,138.2680800,3.510000e-03,-3.510000e-03,0.0380,0.4100,-0.0380,2.30900,0.11700,-0.11700,8.7150e+02,5.190e+01,-5.190e+01,1.70,8.000e-02,-1.000e-01,408.0,,,6.52,1.18,-1.20,19.50,1,q1_q17_dr25_tce,3967.00,79.00,-79.00,4.674,0.032,-0.017,0.5870,0.0260,-0.0350,291.726200,37.528900,15.661
10549023,K02131.01,Kepler-1112 b,CONFIRMED,CANDIDATE,1.0000,0,0,0,0,14.362704510,6.9040000e-05,-6.9040000e-05,141.4350000,4.320000e-03,-4.320000e-03,0.2720,0.1800,-0.2720,4.56400,0.11900,-0.11900,3.4940e+02,1.510e+01,-1.510e+01,2.31,6.600e-01,-2.900e-01,918.0,,,167.88,138.53,-55.20,26.80,1,q1_q17_dr25_tce,6643.00,161.00,-221.00,4.357,0.069,-0.173,1.2160,0.3500,-0.1500,296.968810,47.751492,14.612
9661979,K02132.01,Kepler-1681 b,CONFIRMED,CANDIDATE,0.9990,0,0,0,0,69.895678900,5.2430000e-04,-5.2430000e-04,160.6680500,6.130000e-03,-6.130000e-03,0.8720,0.0640,-0.5840,5.27600,0.18200,-0.18200,5.4840e+02,2.870e+01,-2.870e+01,3.04,6.200e-01,-5.100e-01,442.0,,,8.99,4.87,-3.09,21.90,1,q1_q17_dr25_tce,5390.00,80.00,-72.00,4.303,0.170,-0.155,1.1040,0.2270,-0.1850,296.697270,46.371712,14.552
8219268,K02133.01,Kepler-91 b,CONFIRMED,CANDIDATE,0.0590,0,0,0,0,6.246675470,2.7870000e-05,-2.7870000e-05,136.3868800,3.640000e-03,-3.640000e-03,0.8770,0.0230,-0.5870,11.26100,0.19200,-0.19200,3.9680e+02,7.100e+00,-7.100e+00,14.93,1.340e+00,-1.220e+00,1902.0,,,3095.83,823.53,-606.19,63.60,1,q1_q17_dr25_tce,4604.00,74.00,-54.00,2.936,0.013,-0.012,6.2210,0.5590,-0.5090,285.672880,44.116730,12.495
10531955,K02208.01,Kepler-1141 b,CONFIRMED,CANDIDATE,1.0000,0,0,0,0,2.344512589,5.6940000e-06,-5.6940000e-06,132.8731600,2.170000e-03,-2.170000e-03,0.8030,0.0030,-0.5720,1.41160,0.06030,-0.06030,5.8900e+01,3.200e+00,-3.200e+00,0.97,1.400e-01,-1.300e-01,1471.0,,,1106.25,459.81,-339.72,21.90,1,q1_q17_dr25_tce,5821.00,104.00,-116.00,4.328,0.126,-0.115,1.1320,0.1680,-0.1510,290.543640,47.725887,12.589
4833421,K00232.02,Kepler-122 b,CONFIRMED,CANDIDATE,1.0000,0,0,0,0,5.766165573,7.6190000e-06,-7.6190000e-06,134.0172500,1.070000e-03,-1.070000e-03,0.0170,0.3070,-0.0170,3.83140,0.02960,-0.02960,3.6480e+02,5.900e+00,-5.900e+00,2.27,3.600e-01,-3.600e-01,1159.0,,,426.48,193.40,-148.09,65.60,2,q1_q17_dr25_tce,6038.00,121.00,-121.00,4.284,0.137,-0.112,1.1910,0.1890,-0.1890,291.111880,39.949108,14.247
8168187,K02209.01,Kepler-1142 b,CONFIRMED,CANDIDATE,0.9880,0,0,0,0,18.302723500,1.4920000e-04,-1.4920000e-04,142.8916600,6.410000e-03,-6.410000e-03,0.7420,0.1650,-0.5070,8.26200,0.21700,-0.21700,1.8670e+02,8.300e+00,-8.300e+00,2.72,6.500e-01,-4.400e-01,902.0,,,156.71,99.65,-52.00,24.70,1,q1_q17_dr25_tce,5528.00,88.00,-77.00,3.892,0.120,-0.120,1.8390,0.4400,-0.2930,292.714450,44.082329,14.310
4142847,K02210.01,Kepler-1143 b,CONFIRMED,CANDIDATE,0.9990,0,0,0,0,2.888904439,7.1040000e-06,-7.1040000e-06,132.1527100,1.860000e-03,-1.860000e-03,0.7700,0.0070,-0.5580,1.60430,0.06220,-0.06220,4.0220e+02,1.980e+01,-1.980e+01,1.68,1.000e-01,-6.000e-02,976.0,,,215.06,39.46,-29.01,23.70,2,q1_q17_dr25_tce,4895.00,78.00,-78.00,4.589,0.018,-0.046,0.7590,0.0410,-0.0300,287.302830,39.289688,15.195
10203349,K02212.01,Kepler-1144 b,CONFIRMED,CANDIDATE,1.0000,0,0,0,0,17.146487560,8.6580000e-05,-8.6580000e-05,140.6612200,4.590000e-03,-4.590000e-03,0.9180,0.0250,-0.6460,4.23540,0.07300,-0.07300,4.4030e+02,1.790e+01,-1.790e+01,3.64,5.500e-01,-8.400e-01,811.0,,,102.24,41.97,-44.62,28.30,1,q1_q17_dr25_tce,5559.00,83.00,-72.00,4.127,0.210,-0.090,1.4120,0.2160,-0.3240,290.043270,47.257980,14.941
9718066,K02287.01,Kepler-378 b,CONFIRMED,CANDIDATE,0.1990,0,0,0,0,16.092275180,6.1650000e-05,-6.1650000e-05,142.5165900,3.310000e-03,-3.310000e-03,0.9320,0.0270,-0.6540,2.10720,0.09500,-0.09500,1.2850e+02,8.000e+00,-8.000e+00,0.98,9.000e-02,-2.000e-02,503.0,,,15.15,4.04,-1.88,18.10,1,q1_q17_dr25_tce,4657.00,93.00,-93.00,4.641,0.012,-0.048,0.6700,0.0550,-0.0170,294.948580,46.438641,12.485
3440978,K02288.01,,CANDIDATE,CANDIDATE,0.9970,0,0,0,0,38.103908000,2.2550000e-04,-2.2550000e-04,161.0864700,4.760000e-03,-4.760000e-03,0.9870,68.5600,-0.0050,3.83700,0.22300,-0.22300,9.6110e+02,5.610e+01,-5.610e+01,4.08,5.100e-01,-5.100e-01,456.0,,,10.22,4.33,-3.29,20.30,1,q1_q17_dr25_tce,5250.00,158.00,-158.00,4.522,0.088,-0.072,0.7710,0.0960,-0.0960,290.703000,38.567032,15.469
3867615,K02289.01,Kepler-379 c,CONFIRMED,CANDIDATE,0.9440,0,0,0,0,62.784398100,4.2310000e-04,-4.2310000e-04,157.3069800,4.530000e-03,-4.530000e-03,0.2720,0.1710,-0.2720,4.81000,0.14300,-0.14300,3.2500e+02,1.640e+01,-1.640e+01,2.28,3.900e-01,-3.200e-01,530.0,,,18.70,9.11,-6.06,21.10,1,q1_q17_dr25_tce,6053.00,121.00,-133.00,4.279,0.120,-0.120,1.2600,0.2170,-0.1770,295.701110,38.945831,13.358
12121570,K02290.01,Kepler-1816 b,CONFIRMED,CANDIDATE,0.9700,0,0,0,0,91.500873000,5.2310000e-04,-5.2310000e-04,165.6730900,4.930000e-03,-4.930000e-03,0.0320,0.4050,-0.0320,4.84200,0.12600,-0.12600,7.0480e+02,3.580e+01,-3.580e+01,1.82,1.300e-01,-7.000e-02,310.0,,,2.18,0.53,-0.32,22.60,1,q1_q17_dr25_tce,5051.00,111.00,-90.00,4.628,0.017,-0.052,0.7060,0.0470,-0.0300,296.851010,50.698929,14.447
8410415,K02291.01,Kepler-1817 b,CONFIRMED,CANDIDATE,0.9850,0,0,0,0,44.299348300,2.6640000e-04,-2.6640000e-04,141.2819400,4.970000e-03,-4.970000e-03,0.6140,0.3460,-0.3890,4.29800,0.14600,-0.14600,7.9790e+02,3.870e+01,-3.870e+01,2.68,2.200e-01,-2.100e-01,463.0,,,10.85,2.66,-2.18,23.20,1,q1_q17_dr25_tce,5316.00,85.00,-74.00,4.459,0.077,-0.063,0.9150,0.0740,-0.0740,282.033290,44.478008,15.115
7987866,K02363.01,Kepler-1832 b,CONFIRMED,CANDIDATE,0.9990,0,0,0,0,3.138776460,1.1640000e-05,-1.1640000e-05,133.6561400,3.380000e-03,-3.380000e-03,0.4360,0.0260,-0.4360,1.66630,0.09220,-0.09220,1.7410e+02,1.030e+01,-1.030e+01,0.97,1.300e-01,-1.100e-01,1022.0,,,257.32,114.36,-76.04,20.20,1,q1_q17_dr25_tce,5242.00,157.00,-157.00,4.556,0.090,-0.099,0.7220,0.0960,-0.0780,299.851840,43.732182,14.364
9532710,K02364.01,,CANDIDATE,CANDIDATE,0.3050,0,0,0,0,5.242420290,4.0770000e-05,-4.0770000e-05,133.2304700,7.650000e-03,-7.650000e-03,0.8630,0.0340,-0.6020,6.41300,0.18500,-0.18500,3.3490e+02,1.910e+01,-1.910e+01,3.86,2.420e+00,-2.410e+00,1367.0,,,825.00,1706.42,-724.25,20.10,1,q1_q17_dr25_tce,5383.00,206.00,-187.00,3.824,0.791,-0.339,1.8290,1.1430,-1.1430,294.384700,46.157841,15.830
11560897,K02365.01,Kepler-430 b,CONFIRMED,CANDIDATE,0.9980,0,0,0,0,35.968269200,1.4960000e-04,-1.4960000e-04,138.6688500,3.450000e-03,-3.450000e-03,0.8830,0.0550,-0.5950,2.83900,0.10800,-0.10800,2.6970e+02,1.440e+01,-1.440e+01,2.95,4.900e-01,-6.100e-01,674.0,,,48.68,21.30,-19.51,21.00,1,q1_q17_dr25_tce,5883.00,79.00,-79.00,4.149,0.176,-0.095,1.5290,0.2560,-0.3130,292.808650,49.579441,13.848
11342416,K02366.01,Kepler-1209 b,CONFIRMED,CANDIDATE,0.9980,0,0,0,0,25.369086800,1.4670000e-04,-1.4670000e-04,143.6869900,4.970000e-03,-4.970000e-03,0.8450,0.0990,-0.5850,4.74600,0.11800,-0.11800,1.1010e+02,5.800e+00,-5.800e+00,1.67,2.900e-01,-2.800e-01,755.0,,,76.90,36.94,-28.39,21.60,1,q1_q17_dr25_tce,6126.00,123.00,-136.00,4.224,0.130,-0.117,1.4060,0.2380,-0.2380,287.584900,49.154789,12.476
9086251,K02367.01,Kepler-1833 b,CONFIRMED,CANDIDATE,0.9990,0,0,0,0,6.892132440,3.3080000e-05,-3.3080000e-05,131.6317900,3.930000e-03,-3.930000e-03,0.5410,0.0400,-0.4460,1.72500,0.11400,-0.11400,8.2000e+01,6.000e+00,-6.000e+00,1.35,2.300e-01,-1.900e-01,1177.0,,,454.45,214.98,-147.11,17.30,1,q1_q17_dr25_tce,6164.00,110.00,-135.00,4.227,0.110,-0.110,1.4460,0.2480,-0.2030,290.871370,45.410301,12.618
4254466,K02134.01,Kepler-1113 b,CONFIRMED,CANDIDATE,0.9120,0,0,0,0,42.300628200,2.1670000e-04,-2.1670000e-04,168.7778300,3.720000e-03,-3.720000e-03,0.2690,0.2000,-0.2690,4.37200,0.13500,-0.13500,5.0790e+02,2.490e+01,-2.490e+01,2.54,4.400e-01,-2.700e-01,558.0,,,22.94,10.04,-5.66,23.80,1,q1_q17_dr25_tce,5852.00,70.00,-88.00,4.353,0.095,-0.116,1.1290,0.1930,-0.1190,289.406710,39.338840,14.766
5801571,K00225.01,,FALSE POSITIVE,FALSE POSITIVE,0.0000,0,1,0,0,0.838597429,1.4500000e-07,-1.4500000e-07,141.5378170,1.450000e-04,-1.450000e-04,1.2740,0.2790,-0.1470,1.68668,0.00855,-0.00855,2.4821e+03,1.020e+01,-1.020e+01,44.67,7.910e+00,-2.970e+00,2278.0,,,6353.25,2844.51,-1118.30,303.70,1,q1_q17_dr25_tce,6366.00,70.00,-89.00,4.352,0.032,-0.120,1.2360,0.2190,-0.0820,294.913300,41.074711,14.784
9904006,K02135.01,Kepler-361 c,CONFIRMED,CANDIDATE,0.9790,0,0,0,0,55.186621300,3.4620000e-04,-3.4620000e-04,180.7595300,5.490000e-03,-5.490000e-03,0.2250,0.2150,-0.2250,9.13300,0.16800,-0.16800,3.7550e+02,1.090e+01,-1.090e+01,2.47,4.600e-01,-3.500e-01,568.0,,,24.56,12.61,-7.95,36.20,1,q1_q17_dr25_tce,6178.00,111.00,-135.00,4.269,0.125,-0.125,1.2670,0.2370,-0.1780,296.803440,46.741150,13.573
5288570,K02136.01,,FALSE POSITIVE,FALSE POSITIVE,0.0000,0,0,1,1,1.728528176,8.6440000e-06,-8.6440000e-06,131.8085100,4.210000e-03,-4.210000e-03,0.7870,0.1830,-0.5490,3.68200,0.13100,-0.13100,1.9760e+02,8.600e+00,-8.600e+00,5.07,7.800e-01,-2.940e+00,2720.0,,,12977.86,6896.43,-10989.58,26.20,1,q1_q17_dr25_tce,6153.00,217.00,-217.00,3.597,0.616,-0.115,3.2790,0.5070,-1.9000,295.501070,40.410225,12.990
9364609,K02137.01,Kepler-1114 b,CONFIRMED,CANDIDATE,0.9970,0,0,0,0,14.974362380,4.7340000e-05,-4.7340000e-05,141.5005700,2.650000e-03,-2.650000e-03,0.0920,0.3580,-0.0920,2.44610,0.08400,-0.08400,2.6540e+02,1.250e+01,-1.250e+01,1.28,9.000e-02,-9.000e-02,631.0,,,37.53,9.08,-7.67,24.90,1,q1_q17_dr25_tce,5311.00,106.00,-106.00,4.532,0.055,-0.050,0.8000,0.0570,-0.0570,299.236940,45.834702,13.747
7457296,K02213.01,Kepler-1145 b,CONFIRMED,CANDIDATE,1.0000,0,0,0,0,3.970766030,1.1130000e-05,-1.1130000e-05,134.6396200,2.320000e-03,-2.320000e-03,0.7750,0.1700,-0.5420,1.81400,0.07000,-0.07000,3.4920e+02,1.730e+01,-1.730e+01,1.60,1.900e-01,-1.800e-01,958.0,,,198.43,77.80,-60.00,23.90,1,q1_q17_dr25_tce,5178.00,153.00,-153.00,4.521,0.085,-0.076,0.7780,0.0880,-0.0880,295.308170,43.044411,15.443
10328458,K02214.01,Kepler-1146 b,CONFIRMED,CANDIDATE,0.9940,0,0,0,0,2.352273912,8.0870000e-06,-8.0870000e-06,131.8026700,2.620000e-03,-2.620000e-03,0.0950,0.3590,-0.0950,1.73890,0.08730,-0.08730,3.1860e+02,1.890e+01,-1.890e+01,1.29,1.000e-01,-8.000e-02,1019.0,,,255.03,78.68,-57.05,20.40,1,q1_q17_dr25_tce,4816.00,143.00,-143.00,4.608,0.020,-0.060,0.7480,0.0590,-0.0480,286.716610,47.425629,15.848
7050060,K02215.01,,FALSE POSITIVE,FALSE POSITIVE,0.0000,0,0,1,0,22.042595300,3.5030000e-04,-3.5030000e-04,134.1281000,1.040000e-02,-1.040000e-02,1.1910,0.4280,-0.5280,61.20180,0.00000,0.00000,3.4800e+02,6.500e+00,-6.500e+00,28.78,7.830e+00,-7.830e+00,760.0,,,78.85,65.70,-42.66,90.40,1,q1_q17_dr25_tce,5974.00,189.00,-210.00,4.216,0.258,-0.172,1.2600,0.3430,-0.3430,296.255070,42.530220,12.999
4248120,K02216.01,Kepler-1808 b,CONFIRMED,CANDIDATE,1.0000,0,0,0,0,23.340362510,9.6740000e-05,-9.6740000e-05,136.2072700,3.540000e-03,-3.540000e-03,0.2500,0.2060,-0.2500,2.05400,0.11100,-0.11100,6.1510e+02,4.010e+01,-4.010e+01,2.21,5.300e-01,-3.600e-01,601.0,,,30.94,22.86,-11.71,18.20,1,q1_q17_dr25_tce,5530.00,165.00,-165.00,4.425,0.153,-0.187,0.8920,0.2170,-0.1450,287.292510,39.383221,15.230
9580992,K02217.01,,CANDIDATE,CANDIDATE,1.0000,0,0,0,0,37.803412100,3.7440000e-04,-3.7440000e-04,155.3771900,6.070000e-03,-6.070000e-03,0.9680,0.0210,-0.7160,4.64100,0.34000,-0.34000,6.7810e+02,3.610e+01,-3.610e+01,2.95,5.400e-01,-2.300e-01,460.0,,,10.57,6.24,-2.61,20.20,1,q1_q17_dr25_tce,5329.00,175.00,-159.00,4.572,0.032,-0.128,0.8190,0.1490,-0.0640,288.642520,46.215660,15.191
8321314,K02293.01,Kepler-1683 b,CONFIRMED,CANDIDATE,1.0000,0,0,0,0,15.033664110,6.4230000e-05,-6.4230000e-05,144.9805500,3.490000e-03,-3.490000e-03,0.0100,0.4270,-0.0100,3.27200,0.10300,-0.10300,3.7490e+02,1.990e+01,-1.990e+01,1.70,2.100e-01,-8.000e-02,669.0,,,47.32,15.67,-6.57,22.20,1,q1_q17_dr25_tce,5523.00,74.00,-82.00,4.526,0.026,-0.111,0.8910,0.1100,-0.0390,298.450130,44.284012,14.837
6934986,K02294.01,,CANDIDATE,CANDIDATE,0.9700,0,0,0,0,131.485184000,1.4330000e-03,-1.4330000e-03,177.4874900,5.750000e-03,-5.750000e-03,0.5780,0.0500,-0.4540,5.29400,0.24500,-0.24500,5.5780e+02,3.370e+01,-3.370e+01,3.03,5.200e-01,-5.100e-01,400.0,,,6.08,2.83,-2.21,19.40,1,q1_q17_dr25_tce,5765.00,105.00,-116.00,4.236,0.162,-0.108,1.2420,0.2090,-0.2090,287.153200,42.421612,14.895
4049901,K02295.01,,CANDIDATE,CANDIDATE,0.9610,0,0,0,0,16.290852700,1.4070000e-04,-1.4070000e-04,132.1177400,5.930000e-03,-5.930000e-03,0.1050,0.3530,-0.1050,3.17600,0.18800,-0.18800,4.4100e+01,3.600e+00,-3.600e+00,0.52,5.000e-02,-3.000e-02,622.0,,,35.48,10.27,-6.33,14.50,1,q1_q17_dr25_tce,5425.00,108.00,-108.00,4.549,0.039,-0.072,0.7970,0.0730,-0.0450,289.545140,39.164429,11.671
11498128,K02296.01,Kepler-1177 b,CONFIRMED,CANDIDATE,0.9900,0,0,0,0,106.247882000,1.9040000e-03,-1.9040000e-03,135.7435000,1.250000e-02,-1.250000e-02,0.5860,0.0010,-0.4890,13.78000,0.37400,-0.37400,3.9740e+02,1.870e+01,-1.870e+01,2.01,2.700e-01,-1.900e-01,377.0,,,4.75,1.87,-1.14,24.00,1,q1_q17_dr25_tce,5679.00,101.00,-112.00,4.435,0.076,-0.104,0.9720,0.1350,-0.0900,286.671450,49.406288,14.552
8041216,K00237.01,Kepler-500 b,CONFIRMED,CANDIDATE,1.0000,0,0,0,0,8.508333104,9.7050000e-06,-9.7050000e-06,134.7856450,9.650000e-04,-9.650000e-04,0.0040,0.4130,-0.0040,3.45590,0.03530,-0.03530,6.4650e+02,8.200e+00,-8.200e+00,2.60,3.700e-01,-2.800e-01,909.0,,,161.66,65.86,-42.15,93.40,1,q1_q17_dr25_tce,5767.00,104.00,-115.00,4.396,0.090,-0.110,1.0300,0.1490,-0.1080,295.951350,43.852051,14.176
11824786,K02371.01,Kepler-1212 b,CONFIRMED,CANDIDATE,0.9960,0,0,0,0,12.941235640,7.2390000e-05,-7.2390000e-05,139.8990100,4.840000e-03,-4.840000e-03,0.0280,0.4040,-0.0280,4.63600,0.13300,-0.13300,3.2880e+02,1.760e+01,-1.760e+01,1.70,5.300e-01,-1.700e-01,795.0,,,94.29,86.83,-27.77,22.10,1,q1_q17_dr25_tce,6119.00,182.00,-200.00,4.497,0.052,-0.208,0.9380,0.2880,-0.0960,296.853420,50.037350,15.012
12254909,K02372.01,Kepler-1213 b,CONFIRMED,CANDIDATE,0.9970,0,0,0,0,5.349791000,2.5090000e-05,-2.5090000e-05,133.8836000,4.120000e-03,-4.120000e-03,0.8670,0.0070,-0.6020,4.27900,0.11600,-0.11600,8.8800e+01,4.400e+00,-4.400e+00,1.29,2.100e-01,-1.100e-01,1156.0,,,422.79,192.78,-99.31,23.30,1,q1_q17_dr25_tce,6074.00,108.00,-145.00,4.368,0.051,-0.110,1.1830,0.1950,-0.0970,289.485810,50.944160,13.386
10798331,K02373.01,,CANDIDATE,CANDIDATE,0.9900,0,0,0,0,147.281212000,1.2120000e-03,-1.2120000e-03,148.8012400,6.680000e-03,-6.680000e-03,0.4740,0.0010,-0.4550,7.37500,0.21700,-0.21700,4.5280e+02,3.000e+01,-3.000e+01,2.28,3.500e-01,-2.900e-01,353.0,,,3.69,1.62,-1.08,17.30,1,q1_q17_dr25_tce,5708.00,114.00,-103.00,4.365,0.115,-0.103,1.0540,0.1610,-0.1350,292.314670,48.140461,14.685
9364290,K02374.01,Kepler-382 b,CONFIRMED,CANDIDATE,0.9940,0,0,0,0,5.262118330,2.7500000e-05,-2.7500000e-05,136.3756600,4.030000e-03,-4.030000e-03,0.7100,0.0120,-0.5210,3.24400,0.12000,-0.12000,1.9450e+02,1.050e+01,-1.050e+01,1.95,3.100e-01,-4.100e-01,1166.0,,,436.61,181.90,-179.52,20.30,1,q1_q17_dr25_tce,5587.00,75.00,-75.00,4.188,0.188,-0.101,1.3090,0.2080,-0.2770,299.136170,45.869930,14.623
9364290,K02374.02,Kepler-382 c,CONFIRMED,CANDIDATE,0.9980,0,0,0,0,12.162819500,6.2560000e-05,-6.2560000e-05,137.5240200,4.230000e-03,-4.230000e-03,0.9710,0.0170,-0.6850,2.31610,0.08770,-0.08770,3.0630e+02,2.320e+01,-2.320e+01,3.14,5.000e-01,-6.600e-01,882.0,,,142.77,59.49,-58.70,15.20,2,q1_q17_dr25_tce,5587.00,75.00,-75.00,4.188,0.188,-0.101,1.3090,0.2080,-0.2770,299.136170,45.869930,14.623
5022828,K02138.01,Kepler-1115 b,CONFIRMED,CANDIDATE,0.9950,0,0,0,0,23.554101200,1.8120000e-04,-1.8120000e-04,144.2148600,5.490000e-03,-5.490000e-03,0.5360,0.3890,-0.3280,7.30000,0.15900,-0.15900,9.5200e+01,3.700e+00,-3.700e+00,2.33,8.600e-01,-7.000e-01,1381.0,,,859.63,961.81,-508.02,29.90,1,q1_q17_dr25_tce,9565.00,302.00,-416.00,4.088,0.171,-0.209,2.2860,0.8410,-0.6880,294.991760,40.144409,11.980
8233702,K02140.01,Kepler-1116 b,CONFIRMED,CANDIDATE,1.0000,0,0,0,0,41.697758200,1.8910000e-04,-1.8910000e-04,134.2460800,3.680000e-03,-3.680000e-03,0.0180,0.3770,-0.0180,5.51300,0.11200,-0.11200,6.8480e+02,2.860e+01,-2.860e+01,2.26,6.000e-01,-2.100e-01,488.0,,,13.45,10.62,-3.57,27.70,1,q1_q17_dr25_tce,5730.00,153.00,-170.00,4.545,0.035,-0.184,0.8700,0.2340,-0.0780,291.933650,44.115501,15.265
11403339,K02143.01,Kepler-1117 b,CONFIRMED,CANDIDATE,0.9990,0,0,0,0,4.790294820,1.9660000e-05,-1.9660000e-05,134.9527700,3.250000e-03,-3.250000e-03,0.4600,0.0680,-0.4140,2.72190,0.09000,-0.09000,1.4200e+02,7.000e+00,-7.000e+00,1.01,1.100e-01,-4.000e-02,938.0,,,183.02,51.32,-23.82,23.10,1,q1_q17_dr25_tce,5412.00,72.00,-80.00,4.562,0.017,-0.099,0.8430,0.0860,-0.0330,292.084780,49.237480,14.102
8260902,K02144.01,Kepler-1118 b,CONFIRMED,CANDIDATE,0.9910,0,0,0,0,38.671584300,2.1030000e-04,-2.1030000e-04,157.6198800,4.820000e-03,-4.820000e-03,0.7730,0.1430,-0.5320,5.53200,0.14800,-0.14800,5.9930e+02,2.680e+01,-2.680e+01,2.45,8.300e-01,-3.800e-01,502.0,,,15.03,15.04,-5.49,25.20,1,q1_q17_dr25_tce,5432.00,159.00,-159.00,4.420,0.147,-0.273,0.9130,0.3060,-0.1410,299.965670,44.160889,14.940
8381204,K02145.01,Kepler-1119 b,CONFIRMED,CANDIDATE,1.0000,0,0,0,0,8.326518540,4.6050000e-05,-4.6050000e-05,135.5865500,4.640000e-03,-4.640000e-03,0.7820,0.1180,-0.5840,5.48300,0.11300,-0.11300,2.6790e+02,1.110e+01,-1.110e+01,1.80,5.900e-01,-2.000e-01,938.0,,,182.69,182.74,-57.03,27.20,1,q1_q17_dr25_tce,6057.00,189.00,-210.00,4.450,0.056,-0.224,1.0000,0.3300,-0.1100,297.019130,44.327518,15.060
12058204,K02218.01,Kepler-373 b,CONFIRMED,CANDIDATE,1.0000,0,0,0,0,5.535331520,1.8600000e-05,-1.8600000e-05,132.7608700,2.550000e-03,-2.550000e-03,0.0510,0.3760,-0.0510,2.79300,0.07920,-0.07920,2.6060e+02,1.040e+01,-1.040e+01,1.75,2.600e-01,-2.300e-01,1054.0,,,292.33,114.81,-84.46,27.50,1,q1_q17_dr25_tce,5588.00,75.00,-75.00,4.331,0.132,-0.108,1.1000,0.1640,-0.1470,289.388000,50.597050,14.514
12058204,K02218.02,Kepler-373 c,CONFIRMED,CANDIDATE,0.9830,0,0,0,0,16.726196900,1.4750000e-04,-1.4750000e-04,143.7467300,6.750000e-03,-6.750000e-03,0.4960,0.4770,-0.2890,2.70800,0.22700,-0.22700,1.9490e+02,1.950e+01,-1.950e+01,1.56,2.400e-01,-2.100e-01,729.0,,,66.83,26.24,-19.31,11.60,2,q1_q17_dr25_tce,5588.00,75.00,-75.00,4.331,0.132,-0.108,1.1000,0.1640,-0.1470,289.388000,50.597050,14.514
4833421,K00232.03,Kepler-122 d,CONFIRMED,CANDIDATE,1.0000,0,0,0,0,21.587527880,7.4980000e-05,-7.4980000e-05,142.9672800,2.710000e-03,-2.710000e-03,0.0090,0.3920,-0.0090,4.49680,0.07890,-0.07890,3.3680e+02,1.040e+01,-1.040e+01,2.18,3.500e-01,-3.400e-01,747.0,,,73.42,33.29,-25.50,34.00,4,q1_q17_dr25_tce,6038.00,121.00,-121.00,4.284,0.137,-0.112,1.1910,0.1890,-0.1890,291.111880,39.949108,14.247
5357545,K02219.01,Kepler-1809 b,CONFIRMED,CANDIDATE,0.9950,0,0,0,0,3.757294695,6.7290000e-06,-6.7290000e-06,133.9596500,1.480000e-03,-1.480000e-03,0.5860,0.3620,-0.3720,0.92690,0.06570,-0.06570,2.7330e+02,1.670e+01,-1.670e+01,1.23,1.000e-01,-3.000e-02,877.0,,,139.89,32.45,-16.28,23.40,1,q1_q17_dr25_tce,4901.00,78.00,-78.00,4.618,0.012,-0.054,0.7160,0.0540,-0.0210,290.265350,40.548649,14.099
6871071,K02220.01,Kepler-374 c,CONFIRMED,CANDIDATE,1.0000,0,0,0,0,3.282802400,1.2810000e-05,-1.2810000e-05,131.8996500,3.180000e-03,-3.180000e-03,0.1590,0.2940,-0.1590,3.25320,0.09250,-0.09250,1.4250e+02,6.300e+00,-6.300e+00,1.79,2.800e-01,-4.200e-01,1467.0,,,1093.39,457.24,-484.58,24.40,3,q1_q17_dr25_tce,5640.00,85.00,-77.00,4.087,0.203,-0.087,1.5150,0.2360,-0.3530,294.137910,42.370499,14.686
5342473,K02297.01,Kepler-1818 b,CONFIRMED,CANDIDATE,1.0000,0,0,0,0,4.644951720,2.5680000e-05,-2.5680000e-05,136.0209500,5.210000e-03,-5.210000e-03,0.3010,0.1470,-0.3010,3.36600,0.12300,-0.12300,1.4740e+02,8.600e+00,-8.600e+00,1.38,4.100e-01,-2.200e-01,1209.0,,,504.23,453.09,-189.86,19.80,1,q1_q17_dr25_tce,6047.00,180.00,-180.00,4.343,0.128,-0.192,1.1290,0.3380,-0.1820,284.328520,40.568909,14.338
9334893,K02298.01,,CANDIDATE,CANDIDATE,0.9000,0,0,0,0,16.667141500,1.2530000e-04,-1.2530000e-04,141.7655100,6.340000e-03,-6.340000e-03,0.4440,0.0420,-0.4220,3.52600,0.19700,-0.19700,1.7500e+02,1.100e+01,-1.100e+01,0.70,4.000e-02,-4.000e-02,469.0,,,11.47,2.87,-2.52,17.90,1,q1_q17_dr25_tce,4729.00,143.00,-143.00,4.726,0.045,-0.024,0.5250,0.0280,-0.0320,288.456050,45.802120,13.831
9963265,K02299.01,Kepler-1819 b,CONFIRMED,CANDIDATE,1.0000,0,0,0,0,16.486867120,3.6100000e-05,-3.6100000e-05,139.2033800,1.690000e-03,-1.690000e-03,1.1980,70.4900,-0.4790,1.43100,0.11000,-0.11000,9.8790e+02,5.800e+01,-5.800e+01,27.45,7.490e+00,-3.200e+00,760.0,,,78.99,63.75,-26.23,22.10,1,q1_q17_dr25_tce,6090.00,169.00,-232.00,4.447,0.060,-0.192,1.0710,0.2920,-0.1250,296.560060,46.857479,15.315
10583761,K02300.01,Kepler-1179 b,CONFIRMED,CANDIDATE,0.9920,0,0,0,0,2.685054445,4.5080000e-06,-4.5080000e-06,132.6044300,1.380000e-03,-1.380000e-03,0.7620,0.1880,-0.5190,1.04730,0.04820,-0.04820,2.5270e+02,1.100e+01,-1.100e+01,1.46,2.600e-01,-1.800e-01,1137.0,,,395.08,225.07,-121.21,28.90,1,q1_q17_dr25_tce,5266.00,158.00,-142.00,4.484,0.112,-0.182,0.8290,0.1500,-0.1000,284.097630,47.810638,14.077
7542813,K02302.01,Kepler-1180 b,CONFIRMED,CANDIDATE,0.9820,0,0,0,0,16.860080500,1.3000000e-04,-1.3000000e-04,139.8491600,6.620000e-03,-6.620000e-03,0.6820,0.2550,-0.4700,5.55700,0.17400,-0.17400,2.7340e+02,1.400e+01,-1.400e+01,1.71,4.700e-01,-2.400e-01,765.0,,,80.90,68.23,-28.80,22.40,1,q1_q17_dr25_tce,6205.00,197.00,-219.00,4.419,0.101,-0.188,0.9730,0.2680,-0.1340,295.887510,43.156059,14.989
12058147,K02072.01,Kepler-1082 b,CONFIRMED,CANDIDATE,1.0000,0,0,0,0,1.543205410,3.8380000e-06,-3.8380000e-06,131.5554000,1.910000e-03,-1.910000e-03,0.2170,0.2260,-0.2170,2.57790,0.05390,-0.05390,9.1200e+01,3.000e+00,-3.000e+00,1.23,1.900e-01,-2.500e-01,1827.0,,,2636.85,1181.88,-1069.59,35.20,1,q1_q17_dr25_tce,5866.00,105.00,-117.00,4.200,0.182,-0.112,1.2820,0.2070,-0.2530,289.358670,50.598480,13.380
8164257,K02073.01,Kepler-357 d,CONFIRMED,CANDIDATE,0.9930,0,0,0,0,49.500472500,3.3990000e-04,-3.3990000e-04,139.0429400,5.700000e-03,-5.700000e-03,0.1620,0.3040,-0.1620,5.77200,0.16200,-0.16200,9.6520e+02,3.560e+01,-3.560e+01,2.49,1.000e-01,-1.900e-01,402.0,,,6.20,0.93,-1.26,27.80,2,q1_q17_dr25_tce,4954.00,79.00,-79.00,4.500,0.072,-0.023,0.8280,0.0320,-0.0650,291.243100,44.008720,15.565
8164257,K02073.02,Kepler-357 b,CONFIRMED,CANDIDATE,1.0000,0,0,0,0,6.475391080,2.1050000e-05,-2.1050000e-05,137.5825000,2.720000e-03,-2.720000e-03,0.4860,0.0270,-0.4430,2.70480,0.08160,-0.08160,5.3060e+02,2.080e+01,-2.080e+01,1.92,7.000e-02,-1.500e-01,793.0,,,93.41,13.94,-19.03,28.10,1,q1_q17_dr25_tce,4954.00,79.00,-79.00,4.500,0.072,-0.023,0.8280,0.0320,-0.0650,291.243100,44.008720,15.565
8164257,K02073.03,Kepler-357 c,CONFIRMED,CANDIDATE,0.9990,0,0,0,0,16.858256090,6.0420000e-05,-6.0420000e-05,142.3428900,2.730000e-03,-2.730000e-03,0.7630,0.0480,-0.5330,2.07280,0.08480,-0.08480,7.5960e+02,3.790e+01,-3.790e+01,2.51,1.000e-01,-2.000e-01,576.0,,,26.05,3.89,-5.30,21.80,3,q1_q17_dr25_tce,4954.00,79.00,-79.00,4.500,0.072,-0.023,0.8280,0.0320,-0.0650,291.243100,44.008720,15.565
10593759,K00025.01,,FALSE POSITIVE,FALSE POSITIVE,0.0000,0,1,0,0,3.132604547,1.4810000e-06,-1.4810000e-06,136.0104540,3.940000e-04,-3.940000e-04,1.2510,3.6550,-0.1510,3.63370,0.02260,-0.02260,9.9692e+03,5.200e+01,-5.200e+01,48.73,1.667e+01,-7.140e+00,1444.0,,,1028.81,1031.76,-372.96,222.30,1,q1_q17_dr25_tce,6248.00,168.00,-205.00,4.328,0.108,-0.201,1.1810,0.4040,-0.1730,289.261660,47.815521,13.499
6774537,K02146.01,Kepler-1120 b,CONFIRMED,CANDIDATE,1.0000,0,0,0,0,2.949029106,7.7200000e-06,-7.7200000e-06,133.1383200,2.240000e-03,-2.240000e-03,0.0440,0.4120,-0.0440,2.03110,0.06520,-0.06520,3.5830e+02,1.410e+01,-1.410e+01,1.48,1.200e-01,-1.500e-01,1027.0,,,263.92,82.24,-74.65,29.30,1,q1_q17_dr25_tce,4983.00,150.00,-135.00,4.512,0.084,-0.052,0.8070,0.0640,-0.0850,290.914490,42.286579,15.333
10404582,K02147.01,Kepler-362 c,CONFIRMED,CANDIDATE,1.0000,0,0,0,0,37.865896400,2.1840000e-04,-2.1840000e-04,134.3623700,4.540000e-03,-4.540000e-03,0.1800,0.2710,-0.1800,4.78200,0.13400,-0.13400,3.9520e+02,1.620e+01,-1.620e+01,2.01,3.100e-01,-1.600e-01,543.0,,,20.61,8.58,-4.13,25.90,1,q1_q17_dr25_tce,5757.00,78.00,-86.00,4.431,0.054,-0.126,1.0170,0.1610,-0.0800,291.771640,47.529900,14.500
5959753,K00226.01,Kepler-496 b,CONFIRMED,CANDIDATE,1.0000,0,0,0,0,8.308653070,1.0270000e-05,-1.0270000e-05,138.1078800,1.020000e-03,-1.020000e-03,0.3330,0.0980,-0.3330,3.27470,0.03530,-0.03530,8.3610e+02,1.270e+01,-1.270e+01,2.42,1.100e-01,-1.900e-01,747.0,,,73.53,12.36,-14.88,74.30,1,q1_q17_dr25_tce,5022.00,80.00,-80.00,4.485,0.077,-0.033,0.8490,0.0400,-0.0660,291.640900,41.241039,14.817
6021193,K02148.01,Kepler-363 d,CONFIRMED,CANDIDATE,1.0000,0,0,0,0,11.932053990,4.8330000e-05,-4.8330000e-05,142.1064800,3.200000e-03,-3.200000e-03,0.1230,0.3410,-0.1230,6.20500,0.10100,-0.10100,1.7850e+02,5.800e+00,-5.800e+00,1.83,3.100e-01,-3.400e-01,905.0,,,158.22,72.83,-61.31,32.30,1,q1_q17_dr25_tce,5711.00,101.00,-113.00,4.221,0.149,-0.122,1.3910,0.2320,-0.2580,283.192080,41.305389,13.353
6021193,K02148.02,Kepler-363 c,CONFIRMED,CANDIDATE,1.0000,0,0,0,0,7.542358320,3.7860000e-05,-3.7860000e-05,132.9611700,4.130000e-03,-4.130000e-03,0.3180,0.1150,-0.3180,4.73000,0.11300,-0.11300,1.3250e+02,5.400e+00,-5.400e+00,1.59,2.700e-01,-2.900e-01,1054.0,,,292.19,134.49,-113.23,25.80,2,q1_q17_dr25_tce,5711.00,101.00,-113.00,4.221,0.149,-0.122,1.3910,0.2320,-0.2580,283.192080,41.305389,13.353
6871071,K02220.02,Kepler-374 d,CONFIRMED,CANDIDATE,0.9950,0,0,0,0,5.028182530,2.0490000e-05,-2.0490000e-05,134.1089100,3.610000e-03,-3.610000e-03,0.3000,0.1440,-0.3000,3.52600,0.10200,-0.10200,1.8130e+02,7.300e+00,-7.300e+00,2.03,3.200e-01,-4.700e-01,1272.0,,,620.00,259.28,-274.78,26.10,2,q1_q17_dr25_tce,5640.00,85.00,-77.00,4.087,0.203,-0.087,1.5150,0.2360,-0.3530,294.137910,42.370499,14.686
6871071,K02220.03,Kepler-374 b,CONFIRMED,CANDIDATE,1.0000,0,0,0,0,1.897828815,6.3010000e-06,-6.3010000e-06,132.6785000,2.930000e-03,-2.930000e-03,0.2270,0.2460,-0.2270,2.71140,0.07430,-0.07430,1.3240e+02,5.400e+00,-5.400e+00,1.73,2.700e-01,-4.000e-01,1761.0,,,2278.95,953.03,-1010.01,27.20,1,q1_q17_dr25_tce,5640.00,85.00,-77.00,4.087,0.203,-0.087,1.5150,0.2360,-0.3530,294.137910,42.370499,14.686
6287313,K02221.01,Kepler-1147 b,CONFIRMED,CANDIDATE,0.9950,0,0,0,0,10.627886950,8.2210000e-05,-8.2210000e-05,137.8184300,6.080000e-03,-6.080000e-03,0.4730,0.3300,-0.3230,4.57600,0.17200,-0.17200,3.2670e+02,1.690e+01,-1.690e+01,1.87,6.000e-01,-2.100e-01,872.0,,,136.34,131.16,-43.22,22.60,1,q1_q17_dr25_tce,6082.00,189.00,-210.00,4.445,0.072,-0.217,1.0140,0.3220,-0.1150,292.547520,41.642960,15.401
9289704,K02222.01,,CANDIDATE,CANDIDATE,0.9870,0,0,0,0,34.135676000,2.1540000e-03,-2.1540000e-03,157.7959000,4.460000e-02,-4.460000e-02,0.0870,0.3660,-0.0870,9.12000,1.90000,-1.90000,6.2200e+02,1.030e+02,-1.030e+02,13.98,4.730e+00,-8.800e+00,1526.0,,,1281.86,1281.02,-1133.26,8.60,1,q1_q17_dr25_tce,7818.00,216.00,-325.00,3.365,0.704,-0.176,5.5550,1.8830,-3.4960,295.247340,45.757401,12.963
9278725,K02223.01,Kepler-1148 b,CONFIRMED,CANDIDATE,1.0000,0,0,0,0,1.104462494,1.5520000e-06,-1.5520000e-06,132.3213400,1.190000e-03,-1.190000e-03,0.1510,0.3060,-0.1510,1.04580,0.04070,-0.04070,4.6910e+02,1.700e+01,-1.700e+01,1.60,1.400e-01,-1.600e-01,1397.0,,,898.79,295.86,-253.88,35.30,1,q1_q17_dr25_tce,5002.00,151.00,-136.00,4.543,0.078,-0.048,0.7530,0.0650,-0.0790,290.953550,45.719528,15.277
4458082,K02303.01,Kepler-1181 b,CONFIRMED,CANDIDATE,1.0000,0,0,0,0,4.893364950,3.6090000e-05,-3.6090000e-05,133.6449000,6.200000e-03,-6.200000e-03,0.2180,0.2350,-0.2180,3.48500,0.16900,-0.16900,1.3830e+02,9.800e+00,-9.800e+00,1.60,5.700e-01,-2.000e-01,1374.0,,,842.45,874.90,-299.78,15.90,1,q1_q17_dr25_tce,6688.00,187.00,-281.00,4.304,0.075,-0.225,1.3470,0.4730,-0.1690,289.747310,39.523453,13.827
8042453,K02304.01,Kepler-1182 b,CONFIRMED,CANDIDATE,0.9990,0,0,0,0,11.173920770,6.1260000e-05,-6.1260000e-05,134.7062600,5.050000e-03,-5.050000e-03,0.0250,0.4370,-0.0250,3.30700,0.16000,-0.16000,3.2480e+02,1.830e+01,-1.830e+01,1.64,4.800e-01,-1.600e-01,796.0,,,94.84,81.36,-27.27,21.40,1,q1_q17_dr25_tce,5911.00,160.00,-195.00,4.519,0.037,-0.200,0.9140,0.2670,-0.0890,296.307950,43.821350,15.356
10874215,K02305.01,Kepler-1820 b,CONFIRMED,CANDIDATE,0.9950,0,0,0,0,31.032599100,2.0420000e-04,-2.0420000e-04,152.2715700,5.610000e-03,-5.610000e-03,0.6110,0.0260,-0.4880,3.47600,0.19300,-0.19300,7.3740e+02,4.960e+01,-4.960e+01,2.64,7.200e-01,-2.500e-01,561.0,,,23.41,19.68,-6.91,17.60,1,q1_q17_dr25_tce,5841.00,182.00,-223.00,4.520,0.046,-0.184,0.9310,0.2570,-0.0860,296.712740,48.272308,15.728
6666233,K02306.01,,FALSE POSITIVE,FALSE POSITIVE,0.0000,0,1,0,0,0.512407185,5.2200000e-07,-5.2200000e-07,132.2404490,8.350000e-04,-8.350000e-04,0.3010,0.1420,-0.3010,1.05790,0.02990,-0.02990,3.2920e+02,8.800e+00,-8.800e+00,1.03,4.000e-02,-8.000e-02,1255.0,,,583.45,107.61,-122.35,46.10,1,q1_q17_dr25_tce,3862.00,77.00,-84.00,4.690,0.042,-0.018,0.5630,0.0260,-0.0400,282.284390,42.154190,14.780
7661065,K02307.01,,FALSE POSITIVE,FALSE POSITIVE,1.0000,0,1,0,0,4.150297119,7.6740000e-06,-7.6740000e-06,134.9355000,1.490000e-03,-1.490000e-03,0.9710,0.0250,-0.6980,1.20580,0.08010,-0.08010,5.9340e+02,3.060e+01,-3.060e+01,3.03,2.600e-01,-1.600e-01,981.0,,,218.44,54.89,-33.37,24.20,1,q1_q17_dr25_tce,5290.00,84.00,-73.00,4.519,0.039,-0.072,0.8580,0.0720,-0.0460,282.149230,43.378590,14.854
3937519,K00221.02,Kepler-495 c,CONFIRMED,CANDIDATE,1.0000,0,0,0,0,5.896619660,4.5910000e-05,-4.5910000e-05,134.0304600,7.010000e-03,-7.010000e-03,0.0390,0.4190,-0.0390,3.15400,0.18900,-0.18900,1.4400e+02,1.040e+01,-1.040e+01,1.28,2.600e-01,-2.200e-01,1000.0,,,237.10,128.71,-82.04,15.30,2,q1_q17_dr25_tce,5392.00,80.00,-72.00,4.314,0.165,-0.150,1.0870,0.2240,-0.1840,285.930690,39.098141,14.622
8866137,K02074.01,Kepler-1083 b,CONFIRMED,CANDIDATE,1.0000,0,0,0,0,33.417817300,1.7350000e-04,-1.7350000e-04,155.5878100,4.520000e-03,-4.520000e-03,0.9130,0.0280,-0.6150,4.64500,0.13300,-0.13300,1.1668e+03,4.580e+01,-4.580e+01,3.13,4.100e-01,-2.400e-01,448.0,,,9.56,4.14,-2.29,28.40,1,q1_q17_dr25_tce,5136.00,153.00,-138.00,4.607,0.033,-0.077,0.7440,0.0960,-0.0590,283.161960,45.198311,15.824
10857519,K02075.01,Kepler-1084 b,CONFIRMED,CANDIDATE,0.9990,0,0,0,0,2.053341891,7.3970000e-06,-7.3970000e-06,134.5160600,3.110000e-03,-3.110000e-03,0.9660,0.0110,-0.6720,2.59600,0.06610,-0.06610,6.5500e+01,3.200e+00,-3.200e+00,1.44,2.500e-01,-2.500e-01,1737.0,,,2154.14,1100.40,-817.97,23.20,1,q1_q17_dr25_tce,6084.00,136.00,-136.00,4.204,0.168,-0.112,1.3580,0.2390,-0.2390,290.101960,48.251141,12.217
9517393,K02076.01,Kepler-1085 c,CONFIRMED,CANDIDATE,0.9920,0,0,0,0,56.776983100,3.3330000e-04,-3.3330000e-04,181.0978900,4.130000e-03,-4.130000e-03,0.7030,0.0420,-0.5050,6.86400,0.15200,-0.15200,8.8430e+02,2.840e+01,-2.840e+01,3.21,8.000e-01,-3.400e-01,491.0,,,13.74,10.38,-4.03,33.60,2,q1_q17_dr25_tce,6063.00,181.00,-181.00,4.476,0.055,-0.165,1.0120,0.2520,-0.1080,287.477630,46.141178,15.273
9351316,K02078.01,Kepler-1086 b,CONFIRMED,CANDIDATE,1.0000,0,0,0,0,18.784292320,7.6330000e-05,-7.6330000e-05,137.8820700,3.380000e-03,-3.380000e-03,0.6580,0.0080,-0.5090,3.11360,0.09940,-0.09940,1.0095e+03,4.830e+01,-4.830e+01,2.14,8.000e-02,-1.000e-01,433.0,,,8.30,1.40,-1.33,23.80,1,q1_q17_dr25_tce,4243.00,84.00,-84.00,4.637,0.027,-0.020,0.6410,0.0250,-0.0300,295.251160,45.842972,15.561
6021193,K02148.03,Kepler-363 b,CONFIRMED,CANDIDATE,0.7490,0,0,0,0,3.614602790,2.8330000e-05,-2.8330000e-05,134.6952100,7.140000e-03,-7.140000e-03,0.5160,0.4370,-0.2970,3.22700,0.22600,-0.22600,6.4800e+01,4.900e+00,-4.900e+00,1.14,1.900e-01,-2.100e-01,1347.0,,,776.70,357.50,-300.99,14.90,3,q1_q17_dr25_tce,5711.00,101.00,-113.00,4.221,0.149,-0.122,1.3910,0.2320,-0.2580,283.192080,41.305389,13.353
10617017,K02149.01,Kepler-1121 b,CONFIRMED,CANDIDATE,0.9890,0,0,0,0,13.151402230,7.9760000e-05,-7.9760000e-05,144.1623700,4.780000e-03,-4.780000e-03,0.8720,0.0510,-0.5890,5.43900,0.13300,-0.13300,9.7800e+01,4.400e+00,-4.400e+00,1.87,3.500e-01,-3.900e-01,1008.0,,,243.84,125.97,-102.57,25.50,1,q1_q17_dr25_tce,6154.00,111.00,-124.00,4.120,0.168,-0.126,1.6360,0.3080,-0.3390,297.786590,47.886120,12.071
3229150,K02150.01,Kepler-1979 b,CONFIRMED,CANDIDATE,0.9990,0,0,0,0,18.508452600,1.3110000e-04,-1.3110000e-04,131.5455500,5.700000e-03,-5.700000e-03,1.2580,71.8000,-2.2170,6.59600,0.24900,-0.24900,7.5890e+02,2.870e+01,-2.870e+01,29.33,8.820e+00,-2.940e+00,683.0,,,51.32,46.25,-14.91,30.10,1,q1_q17_dr25_tce,5942.00,176.00,-193.00,4.506,0.039,-0.208,0.9380,0.2820,-0.0940,289.842860,38.309601,15.253
7989422,K02151.01,,FALSE POSITIVE,FALSE POSITIVE,0.0000,0,1,1,0,7.477638330,2.8910000e-05,-2.8910000e-05,133.4097600,3.400000e-03,-3.400000e-03,0.0120,0.4360,-0.0120,2.56930,0.08030,-0.08030,1.1000e+02,4.700e+00,-4.700e+00,2.05,4.500e-01,-6.600e-01,1346.0,,,776.56,502.56,-455.02,26.20,1,q1_q17_dr25_tce,5957.00,164.00,-149.00,3.849,0.308,-0.132,1.9530,0.4210,-0.6310,300.225190,43.758179,11.539
9641481,K02152.01,Kepler-1122 b,CONFIRMED,CANDIDATE,0.9990,0,0,0,0,42.191833100,3.5610000e-04,-3.5610000e-04,155.3121100,6.930000e-03,-6.930000e-03,0.0670,0.3980,-0.0670,7.08300,0.19000,-0.19000,4.8870e+02,2.170e+01,-2.170e+01,2.35,3.200e-01,-3.300e-01,526.0,,,18.08,6.66,-5.37,25.70,1,q1_q17_dr25_tce,5520.00,74.00,-74.00,4.339,0.138,-0.103,1.0800,0.1500,-0.1500,288.280520,46.340900,15.060
8892157,K02224.01,Kepler-1149 b,CONFIRMED,CANDIDATE,0.9990,0,0,0,0,3.730900260,1.5000000e-05,-1.5000000e-05,132.8942800,3.420000e-03,-3.420000e-03,0.8220,0.0170,-0.5670,2.90950,0.09330,-0.09330,1.9120e+02,9.200e+00,-9.200e+00,1.48,2.200e-01,-7.000e-02,1128.0,,,383.51,151.11,-57.19,24.00,1,q1_q17_dr25_tce,5709.00,77.00,-85.00,4.489,0.030,-0.120,0.9500,0.1420,-0.0470,294.189270,45.151581,14.966
8892157,K02224.02,,CANDIDATE,CANDIDATE,,0,0,0,0,86.130534000,8.0760000e-03,-8.0760000e-03,200.9117000,2.240000e-02,-2.240000e-02,0.0720,0.4858,-0.0717,3.32100,0.66100,-0.66100,2.8520e+02,7.400e+01,-7.400e+01,1.47,6.400e-01,-1.100e-01,391.0,,,5.55,7.16,-1.34,3.70,,,5830.00,155.00,-166.00,4.540,0.029,-0.309,0.8760,0.3820,-0.0680,294.189270,45.151581,14.966
11569782,K02225.01,Kepler-1150 b,CONFIRMED,CANDIDATE,0.9980,0,0,0,0,2.787874175,9.7730000e-06,-9.7730000e-06,133.9041700,3.160000e-03,-3.160000e-03,0.1530,0.3140,-0.1530,2.03480,0.09800,-0.09800,1.9740e+02,1.070e+01,-1.070e+01,2.33,1.470e+00,-1.330e+00,1432.0,,,993.06,1970.38,-829.45,22.20,1,q1_q17_dr25_tce,4827.00,144.00,-129.00,3.942,0.631,-0.340,1.7270,1.0860,-0.9870,296.724490,49.532711,14.435
4833421,K00232.04,Kepler-122 e,CONFIRMED,CANDIDATE,1.0000,0,0,0,0,37.996236900,1.5150000e-04,-1.5150000e-04,162.9798400,3.310000e-03,-3.310000e-03,0.0230,0.3950,-0.0230,6.77510,0.09350,-0.09350,4.0370e+02,1.100e+01,-1.100e+01,2.39,3.800e-01,-3.800e-01,618.0,,,34.55,15.66,-12.00,37.80,3,q1_q17_dr25_tce,6038.00,121.00,-121.00,4.284,0.137,-0.112,1.1910,0.1890,-0.1890,291.111880,39.949108,14.247
11520459,K02226.01,,CANDIDATE,CANDIDATE,1.0000,0,0,0,0,8.463543840,2.1980000e-05,-2.1980000e-05,134.3534100,2.400000e-03,-2.400000e-03,0.3870,0.0760,-0.3860,1.40780,0.06390,-0.06390,7.9220e+02,3.720e+01,-3.720e+01,2.51,5.700e-01,-2.900e-01,805.0,,,99.37,72.47,-30.74,26.10,1,q1_q17_dr25_tce,5427.00,187.00,-168.00,4.495,0.066,-0.154,0.8870,0.2030,-0.1020,297.525420,49.401451,15.338
7219825,K00238.01,Kepler-123 b,CONFIRMED,CANDIDATE,1.0000,0,0,0,0,17.232328940,3.5660000e-05,-3.5660000e-05,135.0922000,1.680000e-03,-1.680000e-03,0.3950,0.0960,-0.3480,4.55680,0.05080,-0.05080,5.0980e+02,8.600e+00,-8.600e+00,2.79,4.500e-01,-4.100e-01,817.0,,,105.47,50.25,-35.25,64.10,1,q1_q17_dr25_tce,6086.00,133.00,-133.00,4.274,0.137,-0.112,1.2160,0.1990,-0.1790,296.998630,42.781960,14.061
3749978,K02308.01,Kepler-1183 b,CONFIRMED,CANDIDATE,1.0000,0,0,0,0,28.505721700,2.8370000e-04,-2.8370000e-04,132.9207500,8.030000e-03,-8.030000e-03,0.6950,0.0300,-0.5060,6.32400,0.22700,-0.22700,7.5580e+02,4.050e+01,-4.050e+01,2.55,7.500e-01,-2.600e-01,555.0,,,22.43,20.02,-6.28,20.80,1,q1_q17_dr25_tce,5712.00,169.00,-169.00,4.534,0.048,-0.192,0.8700,0.2590,-0.0860,292.232420,38.892220,15.778
10010440,K02309.01,Kepler-1184 b,CONFIRMED,CANDIDATE,0.9710,0,0,0,0,53.599145900,4.1420000e-04,-4.1420000e-04,147.4301500,5.850000e-03,-5.850000e-03,0.6580,0.2690,-0.4490,6.81100,0.17600,-0.17600,5.2310e+02,2.530e+01,-2.530e+01,2.49,7.800e-01,-2.600e-01,529.0,,,18.54,16.82,-5.49,23.10,1,q1_q17_dr25_tce,6319.00,169.00,-206.00,4.447,0.052,-0.208,1.0320,0.3200,-0.1070,291.282070,46.965988,14.953
11718144,K02310.01,Kepler-1821 b,CONFIRMED,CANDIDATE,1.0000,0,0,0,0,16.458186100,5.9770000e-05,-5.9770000e-05,134.0196900,3.010000e-03,-3.010000e-03,0.1080,0.3490,-0.1080,1.96370,0.08720,-0.08720,4.3580e+02,2.340e+01,-2.340e+01,1.82,2.300e-01,-9.000e-02,644.0,,,40.61,13.74,-5.93,22.40,1,q1_q17_dr25_tce,5475.00,73.00,-82.00,4.521,0.028,-0.105,0.8840,0.1120,-0.0420,294.525450,49.872471,14.640
4247991,K02311.01,,CANDIDATE,CANDIDATE,,0,0,0,0,191.864192960,,,294.4703600,,,,,,4.90000,,,,,,,,,,,,,,,,,,,,,,,,,,,287.241180,39.332760,12.570
4247991,K02311.02,,CANDIDATE,CANDIDATE,,0,0,0,0,13.725496890,,,145.0335200,,,,,,7.62000,,,,,,,,,,,,,,,,,,,,,,,,,,,287.241180,39.332760,12.570
10026544,K02312.01,,CANDIDATE,CANDIDATE,,0,0,0,0,176.331289000,7.9950000e-03,-7.9950000e-03,170.8589000,4.150000e-02,-4.150000e-02,0.2455,0.2440,-0.2455,13.89000,1.70000,-1.70000,1.0980e+02,1.350e+01,-1.350e+01,2.38,4.300e-01,-6.500e-01,505.0,,,15.40,7.99,-7.92,8.40,,,6146.00,128.00,-127.00,3.800,0.209,-0.106,2.2510,0.4110,-0.6150,297.283170,46.904530,12.982
9473078,K02079.01,Kepler-1087 b,CONFIRMED,CANDIDATE,0.9970,0,0,0,0,0.693842661,1.6200000e-06,-1.6200000e-06,132.1815700,2.080000e-03,-2.080000e-03,0.1950,0.2690,-0.1950,1.61970,0.06400,-0.06400,4.9300e+01,2.100e+00,-2.100e+00,0.83,1.700e-01,-1.900e-01,2161.0,,,5182.78,2864.21,-2295.80,28.90,1,q1_q17_dr25_tce,5457.00,81.00,-73.00,4.239,0.228,-0.152,1.1960,0.2510,-0.2790,294.978820,46.005650,12.953
10864531,K02080.01,Kepler-358 c,CONFIRMED,CANDIDATE,0.5260,0,0,0,0,83.488740500,5.8890000e-04,-5.8890000e-04,188.5379200,4.810000e-03,-4.810000e-03,0.4200,0.0400,-0.4200,6.21000,0.16300,-0.16300,9.5540e+02,4.050e+01,-4.050e+01,2.95,9.300e-01,-3.100e-01,411.0,,,6.76,6.40,-2.03,24.70,1,q1_q17_dr25_tce,5910.00,176.00,-193.00,4.505,0.052,-0.208,0.9400,0.2970,-0.0990,293.230220,48.281368,15.375
10864531,K02080.02,Kepler-358 b,CONFIRMED,CANDIDATE,1.0000,0,0,0,0,34.060767700,1.3720000e-04,-1.3720000e-04,141.3592800,3.370000e-03,-3.370000e-03,0.7860,0.1370,-0.5740,2.47100,0.10100,-0.10100,8.1890e+02,4.450e+01,-4.450e+01,2.96,9.400e-01,-3.100e-01,554.0,,,22.32,21.15,-6.68,20.50,2,q1_q17_dr25_tce,5910.00,176.00,-193.00,4.505,0.052,-0.208,0.9400,0.2970,-0.0990,293.230220,48.281368,15.375
2853780,K02081.01,,CANDIDATE,CANDIDATE,0.8810,0,0,0,0,6.214149600,3.0470000e-05,-3.0470000e-05,132.2518200,4.120000e-03,-4.120000e-03,0.4030,0.0230,-0.4030,10.14100,0.10900,-0.10900,1.8340e+02,3.900e+00,-3.900e+00,4.27,1.260e+00,-2.950e+00,1506.0,,,1216.48,1125.91,-1115.23,53.40,1,q1_q17_dr25_tce,5295.00,184.00,-184.00,3.617,0.840,-0.210,3.1520,0.9330,-2.1760,291.729160,38.070019,13.439
9472000,K02082.01,Kepler-1790 b,CONFIRMED,CANDIDATE,0.9970,0,0,0,0,31.588897900,1.2110000e-04,-1.2110000e-04,155.6153800,3.060000e-03,-3.060000e-03,0.1940,0.2510,-0.1940,3.43800,0.09860,-0.09860,3.6060e+02,1.560e+01,-1.560e+01,2.59,4.000e-01,-4.900e-01,682.0,,,51.02,21.79,-19.93,27.30,1,q1_q17_dr25_tce,5866.00,105.00,-117.00,4.175,0.182,-0.098,1.3670,0.2090,-0.2560,294.566930,46.075802,14.143
10253547,K02153.01,Kepler-364 c,CONFIRMED,CANDIDATE,0.8590,0,0,0,0,59.980986800,4.6960000e-04,-4.6960000e-04,176.1490300,5.350000e-03,-5.350000e-03,0.9180,0.0360,-0.6250,7.58800,0.16900,-0.16900,2.8240e+02,1.170e+01,-1.170e+01,2.81,5.100e-01,-5.200e-01,568.0,,,24.58,12.61,-9.54,25.20,1,q1_q17_dr25_tce,6103.00,122.00,-134.00,4.202,0.149,-0.122,1.3830,0.2520,-0.2520,281.569950,47.398689,13.660
10253547,K02153.02,Kepler-364 b,CONFIRMED,CANDIDATE,0.9950,0,0,0,0,25.745795700,3.2120000e-04,-3.2120000e-04,135.9480600,8.630000e-03,-8.630000e-03,0.6610,0.2600,-0.4330,7.07300,0.20500,-0.20500,1.4030e+02,7.900e+00,-7.900e+00,1.73,3.100e-01,-3.200e-01,753.0,,,75.97,38.96,-29.48,19.30,2,q1_q17_dr25_tce,6103.00,122.00,-134.00,4.202,0.149,-0.122,1.3830,0.2520,-0.2520,281.569950,47.398689,13.660
12505076,K02154.01,Kepler-1799 b,CONFIRMED,CANDIDATE,1.0000,0,0,0,0,11.929793480,6.6590000e-05,-6.6590000e-05,136.6691900,4.640000e-03,-4.640000e-03,0.0030,0.4120,-0.0030,6.15200,0.12200,-0.12200,7.0930e+02,2.810e+01,-2.810e+01,2.43,6.800e-01,-2.400e-01,770.0,,,83.04,67.79,-24.19,27.80,1,q1_q17_dr25_tce,5831.00,157.00,-192.00,4.517,0.048,-0.204,0.9210,0.2560,-0.0920,288.308690,51.478291,15.844
6185476,K00227.01,,CANDIDATE,CANDIDATE,,0,0,0,0,17.657378380,1.5280000e-05,-1.5280000e-05,136.5855090,7.020000e-04,-7.020000e-04,0.8277,0.0186,-0.3729,3.50900,0.10100,-0.10100,2.1557e+03,2.310e+01,-2.310e+01,2.45,2.700e-01,-2.600e-01,350.0,,,3.55,1.03,-0.89,117.20,1,q1_q17_dr24_tce,3745.00,51.00,-59.00,4.784,0.070,-0.070,0.4700,0.0500,-0.0500,284.352020,41.519199,14.267
12116380,K02155.01,Kepler-1123 b,CONFIRMED,CANDIDATE,1.0000,0,0,0,0,4.339456900,1.0700000e-05,-1.0700000e-05,132.8030900,2.020000e-03,-2.020000e-03,0.8210,0.0360,-0.5640,2.36520,0.06070,-0.06070,3.3740e+02,1.230e+01,-1.230e+01,2.11,2.900e-01,-2.900e-01,1061.0,,,300.07,111.52,-89.65,31.60,1,q1_q17_dr25_tce,5330.00,79.00,-79.00,4.366,0.132,-0.108,1.0130,0.1390,-0.1390,294.517670,50.670399,14.822
2556650,K02156.01,Kepler-1124 b,CONFIRMED,CANDIDATE,1.0000,0,0,0,0,2.852348262,2.9260000e-06,-2.9260000e-06,132.0445340,8.310000e-04,-8.310000e-04,0.2950,0.1410,-0.2950,0.70510,0.03950,-0.03950,1.4029e+03,5.910e+01,-5.910e+01,1.66,1.800e-01,-2.000e-01,621.0,,,34.95,11.51,-10.16,33.30,1,q1_q17_dr25_tce,3731.00,74.00,-81.00,4.830,0.055,-0.055,0.4330,0.0470,-0.0520,286.594270,37.891258,15.959
10600955,K02227.01,Kepler-1151 b,CONFIRMED,CANDIDATE,0.4850,0,0,0,0,65.648089200,5.4940000e-04,-5.4940000e-04,173.3016600,6.650000e-03,-6.650000e-03,0.9490,0.0110,-0.6780,5.74600,0.23100,-0.23100,5.8870e+02,3.090e+01,-3.090e+01,3.93,5.700e-01,-6.900e-01,485.0,,,13.04,4.95,-4.70,22.00,1,q1_q17_dr25_tce,5565.00,75.00,-83.00,4.251,0.149,-0.108,1.2460,0.1790,-0.2190,292.247800,47.878448,14.872
10801100,K02228.01,,FALSE POSITIVE,FALSE POSITIVE,0.0000,1,0,0,0,102.653705000,2.7730000e-03,-2.7730000e-03,222.9895000,1.760000e-02,-1.760000e-02,1.1840,0.2400,-0.2590,53.58870,0.00000,0.00000,6.8730e+02,1.560e+01,-1.560e+01,39.16,1.118e+01,-1.119e+01,562.0,,,23.66,20.05,-13.35,82.10,1,q1_q17_dr25_tce,6711.00,189.00,-260.00,4.097,0.220,-0.180,1.6980,0.4850,-0.4850,293.417940,48.198849,12.678
4473226,K02229.01,Kepler-1682 b,CONFIRMED,CANDIDATE,1.0000,0,0,0,0,14.833409440,8.0430000e-05,-8.0430000e-05,135.4421300,4.900000e-03,-4.900000e-03,0.3990,0.0860,-0.3990,3.92700,0.17900,-0.17900,7.8300e+02,4.760e+01,-4.760e+01,2.54,3.100e-01,-1.800e-01,694.0,,,54.74,17.87,-10.23,19.10,1,q1_q17_dr25_tce,5570.00,74.00,-83.00,4.471,0.064,-0.096,0.9040,0.1100,-0.0640,293.983580,39.572880,15.707
8914779,K02230.01,,FALSE POSITIVE,FALSE POSITIVE,0.0010,0,0,1,0,0.987338654,4.2430000e-06,-4.2430000e-06,131.8815500,3.490000e-03,-3.490000e-03,0.0020,0.4430,-0.0020,2.59100,0.10300,-0.10300,2.6500e+01,1.200e+00,-1.200e+00,0.98,2.100e-01,-3.100e-01,2669.0,,,11973.87,7643.01,-6995.87,25.00,1,q1_q17_dr25_tce,6258.00,173.00,-173.00,3.939,0.292,-0.117,1.8960,0.4020,-0.6030,300.778750,45.110222,11.511
2854181,K02232.01,Kepler-1810 b,CONFIRMED,CANDIDATE,1.0000,0,0,0,0,101.132347500,5.8760000e-04,-5.8760000e-04,210.1831600,4.430000e-03,-4.430000e-03,0.0570,0.3960,-0.0570,4.36600,0.13600,-0.13600,1.5029e+03,6.190e+01,-6.190e+01,3.87,5.000e-01,-4.100e-01,380.0,,,4.91,1.73,-1.19,25.70,1,q1_q17_dr25_tce,5492.00,82.00,-74.00,4.389,0.105,-0.095,1.0160,0.1310,-0.1080,291.813020,38.088181,15.331
8963721,K02233.01,,FALSE POSITIVE,FALSE POSITIVE,0.0000,0,0,1,1,1.811460943,3.7970000e-06,-3.7970000e-06,132.9320700,2.180000e-03,-2.180000e-03,0.9710,0.0040,-0.0040,5.06500,0.11500,-0.11500,4.2850e+02,9.400e+00,-9.400e+00,2.83,8.200e-01,-5.100e-01,1508.0,,,1224.37,1038.17,-481.10,83.90,1,q1_q17_dr25_tce,5700.00,152.00,-152.00,4.382,0.149,-0.182,1.0080,0.2920,-0.1790,295.475370,45.239979,14.674
10132832,K02313.01,Kepler-1186 b,CONFIRMED,CANDIDATE,1.0000,0,0,0,0,16.076731480,6.4560000e-05,-6.4560000e-05,143.3909100,3.370000e-03,-3.370000e-03,0.1080,0.3460,-0.1080,2.20500,0.10600,-0.10600,4.8800e+02,2.960e+01,-2.960e+01,2.14,6.600e-01,-2.200e-01,724.0,,,64.75,59.79,-19.14,19.30,1,q1_q17_dr25_tce,5957.00,177.00,-195.00,4.498,0.052,-0.221,0.9710,0.2990,-0.1000,288.479640,47.101768,15.306
3219995,K02314.01,Kepler-1187 b,CONFIRMED,CANDIDATE,1.0000,0,0,0,0,18.870587050,6.7340000e-05,-6.7340000e-05,143.9563900,2.900000e-03,-2.900000e-03,0.8780,0.0260,-0.6400,3.47010,0.07990,-0.07990,5.8800e+02,2.360e+01,-2.360e+01,2.67,8.500e-01,-2.800e-01,701.0,,,56.97,54.48,-17.16,28.50,1,q1_q17_dr25_tce,6103.00,181.00,-200.00,4.496,0.040,-0.229,0.9490,0.3030,-0.1010,286.892000,38.318550,14.562
6062929,K02315.01,Kepler-1822 b,CONFIRMED,CANDIDATE,0.9940,0,0,0,0,22.133422400,1.0920000e-04,-1.0920000e-04,152.1840500,4.150000e-03,-4.150000e-03,0.0250,0.4220,-0.0250,2.04900,0.12600,-0.12600,6.5460e+02,4.800e+01,-4.800e+01,1.76,2.400e-01,-1.300e-01,507.0,,,15.65,7.08,-3.61,16.30,1,q1_q17_dr25_tce,5165.00,153.00,-138.00,4.633,0.033,-0.082,0.7020,0.0960,-0.0520,297.285490,41.305592,15.571
7504778,K02316.01,Kepler-1188 b,CONFIRMED,CANDIDATE,1.0000,0,0,0,0,17.136940800,1.3140000e-04,-1.3140000e-04,141.0149700,6.840000e-03,-6.840000e-03,0.0300,0.4090,-0.0300,6.41600,0.15700,-0.15700,3.6210e+02,1.620e+01,-1.620e+01,2.05,6.900e-01,-2.400e-01,775.0,,,85.15,83.45,-27.76,25.40,1,q1_q17_dr25_tce,6218.00,172.00,-216.00,4.421,0.058,-0.217,1.0770,0.3580,-0.1280,283.103850,43.148041,15.004
7219825,K00238.02,Kepler-123 c,CONFIRMED,CANDIDATE,0.9930,0,0,0,0,26.695194400,2.6070000e-04,-2.6070000e-04,143.9999000,8.060000e-03,-8.060000e-03,0.1360,0.3110,-0.1360,4.57600,0.20700,-0.20700,1.3260e+02,1.060e+01,-1.060e+01,1.40,2.300e-01,-2.000e-01,706.0,,,58.81,28.02,-19.66,13.40,3,q1_q17_dr25_tce,6086.00,133.00,-133.00,4.274,0.137,-0.112,1.2160,0.1990,-0.1790,296.998630,42.781960,14.061
7097965,K02083.01,Kepler-1791 b,CONFIRMED,CANDIDATE,1.0000,0,0,0,0,7.720850470,2.0800000e-05,-2.0800000e-05,136.5630000,2.110000e-03,-2.110000e-03,0.9630,0.0290,-0.7170,1.82640,0.06960,-0.06960,2.6700e+02,1.270e+01,-1.270e+01,2.53,4.000e-01,-4.000e-01,1021.0,,,257.14,112.96,-90.31,25.00,1,q1_q17_dr25_tce,5887.00,105.00,-129.00,4.290,0.138,-0.113,1.1770,0.1860,-0.1860,284.490330,42.648289,13.516
4249725,K00222.01,Kepler-120 b,CONFIRMED,CANDIDATE,1.0000,0,0,0,0,6.312508525,5.2630000e-06,-5.2630000e-06,132.6544180,6.940000e-04,-6.940000e-04,0.0290,0.3740,-0.0290,2.74550,0.02650,-0.02650,1.2860e+03,1.290e+01,-1.290e+01,2.00,2.600e-01,-3.300e-01,575.0,,,25.94,24.50,-13.02,112.50,1,q1_q17_dr25_tce,4090.00,447.00,-335.00,4.696,0.084,-0.056,0.5710,0.0760,-0.0930,287.891630,39.339130,14.735
3967326,K02084.01,Kepler-1792 b,CONFIRMED,CANDIDATE,1.0000,0,0,0,0,4.195773850,1.5680000e-05,-1.5680000e-05,135.1760500,3.240000e-03,-3.240000e-03,0.5210,0.0170,-0.4680,2.15570,0.09180,-0.09180,8.7420e+02,4.500e+01,-4.500e+01,3.02,9.800e-01,-5.300e-01,1047.0,,,283.78,289.09,-116.74,23.30,1,q1_q17_dr25_tce,5229.00,183.00,-183.00,4.378,0.160,-0.240,1.0050,0.3280,-0.1770,294.840030,39.085991,15.168
6768394,K02086.01,Kepler-60 b,CONFIRMED,CANDIDATE,0.9830,0,0,0,0,7.132947200,3.6350000e-05,-3.6350000e-05,135.9925900,4.680000e-03,-4.680000e-03,0.6120,0.3090,-0.4030,4.36800,0.12900,-0.12900,1.4500e+02,5.900e+00,-5.900e+00,1.64,2.600e-01,-3.200e-01,1102.0,,,349.21,155.19,-140.90,27.20,2,q1_q17_dr25_tce,5862.00,105.00,-117.00,4.194,0.182,-0.098,1.3070,0.2090,-0.2560,288.961240,42.265011,13.959
6768394,K02086.02,Kepler-60 c,CONFIRMED,CANDIDATE,0.9720,0,0,0,0,8.919012280,5.0780000e-05,-5.0780000e-05,140.0777000,4.060000e-03,-4.060000e-03,0.6190,0.2880,-0.4040,4.14100,0.12000,-0.12000,1.8060e+02,6.700e+00,-6.700e+00,1.84,2.900e-01,-3.600e-01,1023.0,,,258.92,115.07,-104.47,29.60,1,q1_q17_dr25_tce,5862.00,105.00,-117.00,4.194,0.182,-0.098,1.3070,0.2090,-0.2560,288.961240,42.265011,13.959
5211199,K02158.01,Kepler-1800 b,CONFIRMED,CANDIDATE,0.9440,0,0,0,0,4.562040700,1.6240000e-05,-1.6240000e-05,132.6429500,3.080000e-03,-3.080000e-03,0.9250,0.0020,-0.6480,2.85210,0.07900,-0.07900,8.1600e+01,4.000e+00,-4.000e+00,2.82,5.300e-01,-9.800e-01,1533.0,,,1306.97,653.71,-780.17,22.80,1,q1_q17_dr25_tce,5343.00,85.00,-74.00,3.764,0.238,-0.102,2.5060,0.4680,-0.8700,297.651430,40.352551,13.052
8804455,K02159.01,,CANDIDATE,CANDIDATE,0.8980,0,0,0,0,7.596699800,3.3220000e-05,-3.3220000e-05,131.9529600,3.760000e-03,-3.760000e-03,0.7250,0.2200,-0.5100,3.66700,0.10200,-0.10200,1.2750e+02,5.700e+00,-5.700e+00,1.32,2.000e-01,-1.700e-01,964.0,,,204.34,85.61,-63.20,24.50,2,q1_q17_dr25_tce,5716.00,103.00,-114.00,4.343,0.115,-0.115,1.0910,0.1630,-0.1470,285.138310,45.004539,13.482
8804455,K02159.02,,FALSE POSITIVE,FALSE POSITIVE,0.0000,0,0,1,0,2.392630668,6.4100000e-06,-6.4100000e-06,133.7861000,2.370000e-03,-2.370000e-03,0.9090,0.0260,-0.6310,1.37050,0.06600,-0.06600,1.0150e+02,5.800e+00,-5.800e+00,1.33,2.000e-01,-1.800e-01,1418.0,,,955.41,400.27,-295.50,20.50,1,q1_q17_dr25_tce,5716.00,103.00,-114.00,4.343,0.115,-0.115,1.0910,0.1630,-0.1470,285.138310,45.004539,13.482
5546761,K02160.01,Kepler-1125 b,CONFIRMED,CANDIDATE,1.0000,0,0,0,0,17.670029100,1.2260000e-04,-1.2260000e-04,131.6010300,5.940000e-03,-5.940000e-03,0.9320,0.0250,-0.6590,6.69300,0.18800,-0.18800,3.4840e+02,1.500e+01,-1.500e+01,2.89,4.900e-01,-4.800e-01,778.0,,,86.37,37.85,-29.68,25.00,1,q1_q17_dr25_tce,5795.00,78.00,-78.00,4.265,0.150,-0.112,1.2470,0.2090,-0.2090,295.481230,40.731979,14.874
5546761,K02160.02,,CANDIDATE,CANDIDATE,,0,0,0,0,15.408773830,,,139.4831786,,,,,,3.49000,,,,,,,,,,,,,,,,,,,,,,,,,,,295.481230,40.731979,14.874
9205938,K02162.01,Kepler-1126 b,CONFIRMED,CANDIDATE,1.0000,0,0,0,0,108.593113000,1.1300000e-03,-1.1300000e-03,173.7519800,8.400000e-03,-8.400000e-03,0.0070,0.4460,-0.0070,7.98900,0.23400,-0.23400,3.3820e+02,1.540e+01,-1.540e+01,1.68,2.100e-01,-2.100e-01,374.0,,,4.64,1.71,-1.34,24.30,1,q1_q17_dr25_tce,5678.00,113.00,-102.00,4.409,0.132,-0.088,0.9210,0.1150,-0.1150,285.691990,45.689388,14.033
10723367,K02236.01,Kepler-375 c,CONFIRMED,CANDIDATE,1.0000,0,0,0,0,19.986591600,1.2860000e-04,-1.2860000e-04,135.5226500,5.430000e-03,-5.430000e-03,0.9620,0.0230,-0.6650,4.39100,0.32400,-0.32400,6.4800e+02,3.520e+01,-3.520e+01,4.22,6.900e-01,-8.400e-01,720.0,,,63.67,27.73,-24.94,21.80,1,q1_q17_dr25_tce,5500.00,82.00,-71.00,4.218,0.195,-0.120,1.2380,0.2020,-0.2470,288.617920,48.098412,15.699
10723367,K02236.02,Kepler-375 b,CONFIRMED,CANDIDATE,0.9590,0,0,0,0,12.125806440,7.9630000e-05,-7.9630000e-05,142.1076300,6.010000e-03,-6.010000e-03,0.8050,0.1530,-0.5930,3.28900,0.17700,-0.17700,3.2750e+02,2.530e+01,-2.530e+01,2.50,4.100e-01,-5.000e-01,851.0,,,123.78,53.90,-48.48,14.00,2,q1_q17_dr25_tce,5500.00,82.00,-71.00,4.218,0.195,-0.120,1.2380,0.2020,-0.2470,288.617920,48.098412,15.699
5005121,K02237.01,Kepler-1811 b,CONFIRMED,CANDIDATE,0.9940,0,0,0,0,76.421501000,1.3230000e-03,-1.3230000e-03,164.4879000,1.320000e-02,-1.320000e-02,0.0150,0.5090,-0.0150,7.21800,0.39600,-0.39600,5.7840e+02,2.890e+01,-2.890e+01,2.81,4.200e-01,-5.100e-01,455.0,,,10.11,4.05,-3.69,23.90,1,q1_q17_dr25_tce,5561.00,83.00,-75.00,4.263,0.168,-0.112,1.1900,0.1770,-0.2160,289.979340,40.142830,15.165
4833421,K00232.05,Kepler-122 f,CONFIRMED,CANDIDATE,1.0000,0,0,0,0,56.259088100,2.8000000e-04,-2.8000000e-04,164.2199300,3.820000e-03,-3.820000e-03,0.0260,0.3830,-0.0260,8.11400,0.11400,-0.11400,3.4880e+02,1.200e+01,-1.200e+01,2.22,3.600e-01,-3.500e-01,543.0,,,20.49,9.28,-7.12,29.70,5,q1_q17_dr25_tce,6038.00,121.00,-121.00,4.284,0.137,-0.112,1.1910,0.1890,-0.1890,291.111880,39.949108,14.247
8229458,K02238.01,Kepler-1152 b,CONFIRMED,CANDIDATE,0.9970,0,0,0,0,1.646801683,3.5120000e-06,-3.5120000e-06,132.0615000,1.750000e-03,-1.750000e-03,0.1290,0.3460,-0.1290,1.19660,0.06170,-0.06170,2.8420e+02,1.400e+01,-1.400e+01,0.86,7.000e-02,-6.000e-02,806.0,,,99.80,24.80,-21.54,25.20,1,q1_q17_dr25_tce,3810.00,76.00,-84.00,4.753,0.035,-0.038,0.5130,0.0380,-0.0380,290.434020,44.107651,14.634
10684670,K02317.01,Kepler-1189 b,CONFIRMED,CANDIDATE,0.9960,0,0,0,0,3.788618330,2.2850000e-05,-2.2850000e-05,134.6141900,4.970000e-03,-4.970000e-03,0.1830,0.2650,-0.1830,2.80800,0.18500,-0.18500,1.4340e+02,9.700e+00,-9.700e+00,1.23,1.800e-01,-1.400e-01,1158.0,,,424.17,160.77,-111.15,18.20,1,q1_q17_dr25_tce,5560.00,75.00,-75.00,4.379,0.110,-0.099,1.0400,0.1490,-0.1220,298.426330,47.946781,14.285
11495458,K02318.01,Kepler-1190 b,CONFIRMED,CANDIDATE,1.0000,0,0,0,0,10.458398650,5.7800000e-05,-5.7800000e-05,137.6541600,4.300000e-03,-4.300000e-03,0.0090,0.4690,-0.0090,3.15400,0.12600,-0.12600,3.0680e+02,1.930e+01,-1.930e+01,1.25,4.000e-02,-6.000e-02,609.0,,,32.45,3.99,-5.41,18.60,1,q1_q17_dr25_tce,4641.00,74.00,-83.00,4.557,0.049,-0.014,0.7470,0.0200,-0.0400,284.999630,49.479980,14.471
9003401,K02319.01,Kepler-1823 b,CONFIRMED,CANDIDATE,0.9980,0,0,0,0,21.103301400,7.2890000e-05,-7.2890000e-05,144.6603500,2.830000e-03,-2.830000e-03,0.1250,0.3390,-0.1250,2.05900,0.09190,-0.09190,1.9250e+02,1.090e+01,-1.090e+01,1.56,2.700e-01,-1.400e-01,718.0,,,62.99,30.11,-15.64,21.30,1,q1_q17_dr25_tce,6000.00,108.00,-133.00,4.363,0.080,-0.120,1.1260,0.1950,-0.1050,283.754820,45.335178,13.355
5978559,K02321.01,Kepler-1824 b,CONFIRMED,CANDIDATE,0.9900,0,0,0,0,95.611461700,8.6300000e-04,-8.6300000e-04,138.3566400,6.440000e-03,-6.440000e-03,0.0460,0.4070,-0.0460,7.48900,0.24400,-0.24400,4.8740e+02,2.400e+01,-2.400e+01,2.37,3.800e-01,-1.300e-01,421.0,,,7.45,3.03,-1.20,21.60,1,q1_q17_dr25_tce,6002.00,71.00,-89.00,4.424,0.032,-0.120,1.0810,0.1710,-0.0610,296.707240,41.203651,14.710
8872048,K02323.01,,CANDIDATE,CANDIDATE,,0,0,0,0,58.355125520,,,179.3979500,,,,,,8.45000,,,,,,,,,,,,,,,,,,,,,,,,,,,286.072020,45.136711,15.484
7746958,K02324.01,,CANDIDATE,CANDIDATE,1.0000,0,0,0,0,1.204686597,4.4450000e-06,-4.4450000e-06,131.9055600,3.230000e-03,-3.230000e-03,0.3280,0.1360,-0.3280,0.82300,0.16800,-0.16800,2.3320e+02,3.290e+01,-3.290e+01,1.55,0.000e+00,0.000e+00,1711.0,,,2026.81,0.00,0.00,10.80,1,q1_q17_dr25_tce,5780.00,,,4.438,,,1.0000,,,289.677860,43.458134,11.671
6768394,K02086.03,Kepler-60 d,CONFIRMED,CANDIDATE,0.9510,0,0,0,0,11.898494800,1.4170000e-04,-1.4170000e-04,133.3468500,9.790000e-03,-9.790000e-03,0.8360,0.0460,-0.5700,3.01500,0.29500,-0.29500,1.3090e+02,1.220e+01,-1.220e+01,1.69,2.700e-01,-3.300e-01,929.0,,,176.27,78.34,-71.12,15.90,3,q1_q17_dr25_tce,5862.00,105.00,-117.00,4.194,0.182,-0.098,1.3070,0.2090,-0.2560,288.961240,42.265011,13.959
6922710,K02087.01,Kepler-1088 b,CONFIRMED,CANDIDATE,0.9970,0,0,0,0,23.127417100,1.5670000e-04,-1.5670000e-04,145.6619400,5.210000e-03,-5.210000e-03,0.7370,0.2170,-0.5060,4.90100,0.14900,-0.14900,1.5730e+02,8.600e+00,-8.600e+00,1.44,2.300e-01,-1.300e-01,667.0,,,46.89,20.35,-11.15,20.90,1,q1_q17_dr25_tce,5865.00,105.00,-117.00,4.393,0.080,-0.120,1.0660,0.1660,-0.0970,281.561460,42.450500,11.863
11348997,K02090.01,Kepler-1089 b,CONFIRMED,CANDIDATE,1.0000,0,0,0,0,5.132486123,9.6340000e-06,-9.6340000e-06,132.1598500,1.760000e-03,-1.760000e-03,0.2170,0.2220,-0.2170,1.45750,0.04610,-0.04610,9.0840e+02,3.100e+01,-3.100e+01,1.69,9.000e-02,-8.000e-02,584.0,,,27.41,5.61,-4.42,35.40,1,q1_q17_dr25_tce,3879.00,77.00,-77.00,4.707,0.018,-0.036,0.5780,0.0320,-0.0270,291.092740,49.190060,15.535
5705819,K02091.01,Kepler-1793 b,CONFIRMED,CANDIDATE,1.0000,0,0,0,0,8.779973490,3.1900000e-05,-3.1900000e-05,138.4838300,3.150000e-03,-3.150000e-03,0.4810,0.0020,-0.4810,3.22010,0.09810,-0.09810,7.5570e+02,2.660e+01,-2.660e+01,2.12,3.000e-01,-1.600e-01,713.0,,,61.24,28.71,-14.92,32.70,1,q1_q17_dr25_tce,5191.00,155.00,-155.00,4.597,0.030,-0.090,0.7640,0.1090,-0.0580,291.912870,40.953892,15.789
6696580,K02092.01,Kepler-359 c,CONFIRMED,CANDIDATE,0.9810,0,0,0,0,57.689621200,3.5450000e-04,-3.5450000e-04,139.9275300,5.270000e-03,-5.270000e-03,0.9240,0.0340,-0.6380,5.11800,0.25800,-0.25800,1.6266e+03,5.720e+01,-5.720e+01,5.14,1.540e+00,-6.600e-01,512.0,,,16.19,14.71,-5.81,30.20,1,q1_q17_dr25_tce,6228.00,196.00,-261.00,4.441,0.065,-0.195,1.0490,0.3130,-0.1340,293.293640,42.196350,15.886
11358389,K02163.01,Kepler-365 b,CONFIRMED,CANDIDATE,0.9950,0,0,0,0,10.664895140,4.5480000e-05,-4.5480000e-05,132.0087200,3.440000e-03,-3.440000e-03,0.3080,0.1500,-0.3080,3.15900,0.10900,-0.10900,2.9260e+02,1.310e+01,-1.310e+01,1.76,5.700e-01,-2.300e-01,865.0,,,132.15,131.05,-45.49,25.30,1,q1_q17_dr25_tce,6014.00,190.00,-211.00,4.436,0.072,-0.217,1.0210,0.3330,-0.1330,295.626590,49.130428,14.651
7204981,K02164.01,Kepler-1127 b,CONFIRMED,CANDIDATE,1.0000,0,0,0,0,5.123320400,2.0600000e-05,-2.0600000e-05,132.0847200,3.140000e-03,-3.140000e-03,0.3080,0.1280,-0.3080,2.74660,0.09200,-0.09200,2.8620e+02,1.330e+01,-1.330e+01,1.65,1.700e-01,-2.000e-01,994.0,,,231.12,70.45,-61.22,25.10,1,q1_q17_dr25_tce,5364.00,85.00,-75.00,4.394,0.114,-0.076,0.9820,0.1050,-0.1160,293.217380,42.720711,15.162
3847907,K00229.01,Kepler-497 b,CONFIRMED,CANDIDATE,1.0000,0,0,0,0,3.573202801,9.0000000e-07,-9.0000000e-07,134.9343970,2.060000e-04,-2.060000e-04,0.0530,0.2270,-0.0530,2.88000,0.01140,-0.01140,2.9750e+03,9.700e+00,-9.700e+00,5.81,1.600e+00,-9.400e-01,1210.0,,,507.91,442.50,-203.01,362.10,1,q1_q17_dr25_tce,5646.00,200.00,-220.00,4.370,0.128,-0.192,1.0800,0.2980,-0.1740,290.765870,38.927959,14.720
4370527,K02166.01,Kepler-1128 b,CONFIRMED,CANDIDATE,0.9970,0,0,0,0,61.617452800,3.5730000e-04,-3.5730000e-04,179.0828200,4.850000e-03,-4.850000e-03,0.0910,0.3780,-0.0910,3.81600,0.14800,-0.14800,1.3507e+03,8.050e+01,-8.050e+01,3.36,4.100e-01,-2.000e-01,424.0,,,7.67,2.54,-1.25,19.50,1,q1_q17_dr25_tce,5480.00,73.00,-82.00,4.485,0.045,-0.105,0.9310,0.1150,-0.0530,293.063350,39.403450,15.722
6041734,K02167.01,Kepler-1129 b,CONFIRMED,CANDIDATE,1.0000,0,0,0,0,24.339820200,1.4340000e-04,-1.4340000e-04,136.0581300,4.930000e-03,-4.930000e-03,0.9280,0.0040,-0.6470,3.89100,0.13000,-0.13000,7.7730e+02,3.000e+01,-3.000e+01,5.09,8.500e-01,-1.130e+00,737.0,,,69.79,30.99,-29.81,27.80,1,q1_q17_dr25_tce,5596.00,84.00,-75.00,4.105,0.203,-0.101,1.4660,0.2440,-0.3260,291.604490,41.309361,15.280
5125347,K02241.01,Kepler-1812 b,CONFIRMED,CANDIDATE,0.9840,0,0,0,0,7.165204280,2.6730000e-05,-2.6730000e-05,132.9692100,3.020000e-03,-3.020000e-03,0.1420,0.3150,-0.1420,1.70500,0.10800,-0.10800,4.3380e+02,2.900e+01,-2.900e+01,2.31,7.400e-01,-2.700e-01,1034.0,,,270.34,259.40,-92.50,17.60,1,q1_q17_dr25_tce,6174.00,173.00,-260.00,4.417,0.054,-0.216,1.1030,0.3580,-0.1280,298.084530,40.283249,15.302
9336200,K02242.01,Kepler-1153 b,CONFIRMED,CANDIDATE,0.9990,0,0,0,0,1.755843555,4.9150000e-06,-4.9150000e-06,133.1550900,2.170000e-03,-2.170000e-03,0.8930,0.0080,-0.6750,1.94250,0.06420,-0.06420,3.8600e+02,1.800e+01,-1.800e+01,1.94,4.400e-01,-1.700e-01,1343.0,,,771.02,518.61,-205.91,25.10,1,q1_q17_dr25_tce,5569.00,149.00,-166.00,4.566,0.036,-0.153,0.8290,0.1880,-0.0750,289.147220,45.866180,15.758
4770617,K02243.01,Kepler-1154 b,CONFIRMED,CANDIDATE,1.0000,0,0,0,0,5.185600810,2.0840000e-05,-2.0840000e-05,132.3245500,3.220000e-03,-3.220000e-03,0.0120,0.4240,-0.0120,4.05400,0.09700,-0.09700,2.5260e+02,1.000e+01,-1.000e+01,2.34,4.700e-01,-4.000e-01,1314.0,,,705.79,368.41,-243.79,27.60,1,q1_q17_dr25_tce,6172.00,74.00,-86.00,4.198,0.130,-0.130,1.4710,0.3010,-0.2470,297.477110,39.877239,14.806
4454934,K02245.01,Kepler-1155 b,CONFIRMED,CANDIDATE,1.0000,0,0,0,0,33.469857100,2.2080000e-04,-2.2080000e-04,140.1497700,4.580000e-03,-4.580000e-03,0.8760,0.0410,-0.6100,4.74900,0.12000,-0.12000,3.7070e+02,1.790e+01,-1.790e+01,2.45,7.000e-01,-4.100e-01,609.0,,,32.52,27.41,-12.57,23.20,1,q1_q17_dr25_tce,5912.00,160.00,-178.00,4.342,0.136,-0.187,1.0940,0.3140,-0.1830,288.820590,39.522820,14.740
9458343,K02246.01,Kepler-1156 b,CONFIRMED,CANDIDATE,1.0000,0,0,0,0,11.895204360,5.3910000e-05,-5.3910000e-05,132.8908000,3.650000e-03,-3.650000e-03,0.0670,0.3840,-0.0670,3.43300,0.10800,-0.10800,1.8430e+02,9.700e+00,-9.700e+00,1.33,2.000e-01,-1.300e-01,787.0,,,90.77,38.22,-22.57,22.30,1,q1_q17_dr25_tce,5649.00,112.00,-112.00,4.411,0.095,-0.105,0.9920,0.1450,-0.0970,288.924010,46.057629,14.152
7120108,K02325.01,Kepler-1825 b,CONFIRMED,CANDIDATE,1.0000,0,0,0,0,1.025857984,1.0510000e-06,-1.0510000e-06,131.6556210,8.410000e-04,-8.410000e-04,0.7790,0.1370,-0.5790,0.80690,0.03510,-0.03510,2.7070e+02,1.020e+01,-1.020e+01,1.57,8.000e-02,-1.000e-01,1520.0,,,1264.70,226.59,-228.03,36.00,1,q1_q17_dr25_tce,5123.00,82.00,-82.00,4.501,0.066,-0.038,0.8470,0.0440,-0.0550,292.513980,42.651760,14.413
10730703,K02327.01,Kepler-1191 b,CONFIRMED,CANDIDATE,1.0000,0,0,0,0,5.600133270,2.0320000e-05,-2.0320000e-05,135.9649500,3.040000e-03,-3.040000e-03,0.0460,0.4070,-0.0460,2.65080,0.09640,-0.09640,3.2920e+02,1.600e+01,-1.600e+01,1.73,2.000e-01,-2.200e-01,952.0,,,194.26,62.25,-54.80,22.80,1,q1_q17_dr25_tce,5288.00,79.00,-79.00,4.391,0.120,-0.080,0.9780,0.1130,-0.1240,291.657780,48.009312,15.378
8007644,K02328.01,Kepler-1192 b,CONFIRMED,CANDIDATE,0.4070,0,0,0,0,25.203412800,1.3690000e-04,-1.3690000e-04,137.5639300,4.480000e-03,-4.480000e-03,0.1680,0.2970,-0.1680,4.51500,0.13700,-0.13700,6.9710e+02,3.570e+01,-3.570e+01,2.42,6.700e-01,-2.400e-01,600.0,,,30.62,24.99,-8.66,22.30,1,q1_q17_dr25_tce,5831.00,157.00,-175.00,4.517,0.048,-0.204,0.9210,0.2560,-0.0920,282.140560,43.896580,15.684
11192235,K02329.01,Kepler-1826 b,CONFIRMED,CANDIDATE,0.9490,0,0,0,0,1.615357809,2.3240000e-06,-2.3240000e-06,132.7846000,1.210000e-03,-1.210000e-03,0.9310,0.0070,-0.6790,1.14350,0.03770,-0.03770,4.9960e+02,2.070e+01,-2.070e+01,1.37,9.000e-02,-1.300e-01,806.0,,,99.32,23.70,-25.18,31.20,1,q1_q17_dr25_tce,3821.00,76.00,-84.00,4.755,0.056,-0.028,0.4860,0.0340,-0.0470,292.769930,48.899620,15.655
6383785,K00239.01,Kepler-501 b,CONFIRMED,CANDIDATE,1.0000,0,0,0,0,5.640676975,3.7250000e-06,-3.7250000e-06,138.5562590,5.570000e-04,-5.570000e-04,0.0330,0.3690,-0.0330,2.83540,0.02630,-0.02630,1.4533e+03,1.140e+01,-1.140e+01,4.59,7.600e-01,-6.900e-01,1125.0,,,379.36,164.09,-120.04,145.90,1,q1_q17_dr25_tce,5794.00,78.00,-78.00,4.282,0.137,-0.112,1.2160,0.2010,-0.1830,297.201540,41.730209,14.762
6696580,K02092.02,Kepler-359 b,CONFIRMED,CANDIDATE,1.0000,0,0,0,0,25.563862600,1.2730000e-04,-1.2730000e-04,375.2781100,3.560000e-03,-3.560000e-03,0.8500,0.0620,-0.6200,4.68500,0.10900,-0.10900,1.1249e+03,3.910e+01,-3.910e+01,4.00,1.190e+00,-5.100e-01,671.0,,,47.94,43.54,-17.20,31.60,2,q1_q17_dr25_tce,6228.00,196.00,-261.00,4.441,0.065,-0.195,1.0490,0.3130,-0.1340,293.293640,42.196350,15.886
6525946,K02093.01,,CANDIDATE,CANDIDATE,0.9990,0,0,0,0,6.783413250,2.3870000e-05,-2.3870000e-05,136.1046800,3.070000e-03,-3.070000e-03,0.6650,0.2580,-0.4310,3.54370,0.07850,-0.07850,5.0120e+02,1.490e+01,-1.490e+01,20.75,7.850e+00,-2.620e+00,2628.0,,,11295.61,11495.77,-2976.92,35.30,1,q1_q17_dr25_tce,5096.00,77.00,-46.00,2.435,0.117,-0.143,8.7690,3.3190,-1.1060,292.954160,41.934799,15.357
4249725,K00222.02,Kepler-120 c,CONFIRMED,CANDIDATE,1.0000,0,0,0,0,12.794547400,2.6150000e-05,-2.6150000e-05,130.7668000,1.700000e-03,-1.700000e-03,0.1800,0.2600,-0.1800,3.41970,0.05310,-0.05310,8.1670e+02,1.640e+01,-1.640e+01,1.60,2.100e-01,-2.600e-01,455.0,,,10.10,9.54,-5.07,54.10,2,q1_q17_dr25_tce,4090.00,447.00,-335.00,4.696,0.084,-0.056,0.5710,0.0760,-0.0930,287.891630,39.339130,14.735
8505920,K02094.01,Kepler-1090 c,CONFIRMED,CANDIDATE,0.9740,0,0,0,0,42.426964700,3.3130000e-04,-3.3130000e-04,156.1719400,6.630000e-03,-6.630000e-03,0.9620,0.0510,-0.0570,5.90700,0.63400,-0.63400,6.3240e+02,3.770e+01,-3.770e+01,3.44,5.500e-01,-4.500e-01,496.0,,,14.33,6.12,-4.14,26.00,1,q1_q17_dr25_tce,5330.00,79.00,-79.00,4.366,0.137,-0.125,1.0130,0.1620,-0.1330,295.662870,44.525841,15.001
7918992,K02095.01,Kepler-1091 b,CONFIRMED,CANDIDATE,0.9980,0,0,0,0,1.434745129,3.3710000e-06,-3.3710000e-06,132.6280200,2.080000e-03,-2.080000e-03,0.1080,0.3360,-0.1080,1.86200,0.05930,-0.05930,2.0070e+02,8.300e+00,-8.300e+00,1.50,2.300e-01,-1.300e-01,1664.0,,,1813.00,731.22,-382.77,28.40,1,q1_q17_dr25_tce,5806.00,69.00,-87.00,4.400,0.066,-0.123,1.0640,0.1670,-0.0900,299.785460,43.670750,14.691
6041734,K02167.02,,CANDIDATE,CANDIDATE,,0,0,0,0,6.957870000,3.4960000e-04,-3.4960000e-04,359.0070000,2.020000e-02,-2.020000e-02,0.1686,0.3303,-0.1682,4.53700,0.92300,-0.92300,1.8230e+02,8.540e+01,-8.540e+01,1.39,5.500e-01,-1.700e-01,1047.0,,,284.40,339.61,-95.60,1.80,,,6240.00,192.00,-229.00,4.406,0.083,-0.271,1.0250,0.4040,-0.1250,291.604490,41.309361,15.280
11308499,K02168.01,Kepler-366 b,CONFIRMED,CANDIDATE,0.9930,0,0,0,0,3.281920560,1.2760000e-05,-1.2760000e-05,132.4248500,3.100000e-03,-3.100000e-03,0.2230,0.2340,-0.2230,2.91700,0.09810,-0.09810,1.9100e+02,8.900e+00,-8.900e+00,1.60,2.600e-01,-2.000e-01,1326.0,,,728.90,312.16,-197.99,24.50,1,q1_q17_dr25_tce,5859.00,79.00,-79.00,4.335,0.099,-0.110,1.1620,0.1900,-0.1430,296.852050,49.084438,14.842
11308499,K02168.02,Kepler-366 c,CONFIRMED,CANDIDATE,1.0000,0,0,0,0,12.516105490,8.3690000e-05,-8.3690000e-05,135.0333300,5.720000e-03,-5.720000e-03,0.0230,0.4240,-0.0230,4.85300,0.14600,-0.14600,2.6300e+02,1.240e+01,-1.240e+01,1.87,3.000e-01,-2.300e-01,848.0,,,122.54,52.48,-33.29,22.60,2,q1_q17_dr25_tce,5859.00,79.00,-79.00,4.335,0.099,-0.110,1.1620,0.1900,-0.1430,296.852050,49.084438,14.842
9006186,K02169.01,Kepler-1130 b,CONFIRMED,CANDIDATE,0.8970,0,0,0,0,5.452987420,1.8200000e-05,-1.8200000e-05,134.1518300,2.810000e-03,-2.810000e-03,0.8790,0.0600,-0.5900,2.13280,0.07740,-0.07740,8.6000e+01,4.400e+00,-4.400e+00,0.92,1.000e-01,-3.000e-02,904.0,,,158.12,52.78,-23.38,21.00,1,q1_q17_dr25_tce,5450.00,108.00,-108.00,4.563,0.017,-0.094,0.8420,0.0930,-0.0330,285.207490,45.384350,12.404
9006186,K02169.02,Kepler-1130 c,CONFIRMED,CANDIDATE,0.9610,0,0,0,0,3.266627330,1.3950000e-05,-1.3950000e-05,136.0845200,3.540000e-03,-3.540000e-03,0.6230,0.0020,-0.5030,2.05600,0.11300,-0.11300,5.9900e+01,3.600e+00,-3.600e+00,0.68,8.000e-02,-3.000e-02,1072.0,,,312.85,104.43,-46.26,18.60,2,q1_q17_dr25_tce,5450.00,108.00,-108.00,4.563,0.017,-0.094,0.8420,0.0930,-0.0330,285.207490,45.384350,12.404
7802719,K02247.01,Kepler-1157 b,CONFIRMED,CANDIDATE,1.0000,0,0,0,0,4.457432670,1.7100000e-05,-1.7100000e-05,132.1600600,3.450000e-03,-3.450000e-03,0.1750,0.2870,-0.1750,2.32260,0.09280,-0.09280,1.7570e+02,9.700e+00,-9.700e+00,0.79,6.000e-02,-7.000e-02,732.0,,,67.70,21.95,-17.49,20.80,1,q1_q17_dr25_tce,4487.00,134.00,-134.00,4.644,0.052,-0.028,0.6120,0.0520,-0.0520,283.121030,43.525639,14.374
11030475,K02248.01,Kepler-1813 b,CONFIRMED,CANDIDATE,0.8950,0,0,0,0,2.818147150,1.0900000e-05,-1.0900000e-05,132.2533600,3.210000e-03,-3.210000e-03,0.3050,0.1650,-0.3050,1.76300,0.09740,-0.09740,2.7860e+02,1.900e+01,-1.900e+01,1.30,9.000e-02,-7.000e-02,1059.0,,,298.20,69.43,-52.32,16.50,1,q1_q17_dr25_tce,5167.00,103.00,-103.00,4.555,0.036,-0.050,0.7870,0.0530,-0.0430,292.239930,48.511570,15.498
11030475,K02248.02,,CANDIDATE,CANDIDATE,,0,0,0,0,9.490763800,1.0040000e-04,-1.0040000e-04,131.5039600,8.840000e-03,-8.840000e-03,0.3638,0.1021,-0.3637,2.71300,0.24200,-0.24200,1.9740e+02,2.380e+01,-2.380e+01,1.05,2.600e-01,-8.000e-02,704.0,,,58.01,45.41,-13.37,7.30,,,5290.00,173.00,-142.00,4.604,0.029,-0.148,0.7460,0.1880,-0.0550,292.239930,48.511570,15.498
11030475,K02248.03,,CANDIDATE,CANDIDATE,0.9900,0,0,0,0,0.761962470,2.2160000e-06,-2.2160000e-06,132.7837100,2.440000e-03,-2.440000e-03,0.3220,0.1410,-0.3210,1.28200,0.08340,-0.08340,1.9020e+02,1.250e+01,-1.250e+01,1.08,7.000e-02,-6.000e-02,1638.0,,,1710.11,398.14,-300.04,18.30,2,q1_q17_dr25_tce,5167.00,103.00,-103.00,4.555,0.036,-0.050,0.7870,0.0530,-0.0430,292.239930,48.511570,15.498
5023956,K00233.01,,FALSE POSITIVE,FALSE POSITIVE,0.0000,0,1,1,1,1.824649000,1.1030000e-06,-1.1030000e-06,147.4826620,5.020000e-04,-5.020000e-04,0.9010,0.0030,-0.0040,4.22850,0.03380,-0.03380,3.2185e+03,2.150e+01,-2.150e+01,5.31,7.000e-01,-6.400e-01,1508.0,,,1222.28,557.08,-393.56,184.30,1,q1_q17_dr25_tce,6190.00,203.00,-203.00,4.487,0.132,-0.108,0.7930,0.1040,-0.0950,295.241820,40.155209,14.605
12401863,K02331.01,Kepler-1193 b,CONFIRMED,CANDIDATE,0.9890,0,0,0,0,2.832647249,8.3290000e-06,-8.3290000e-06,131.8264200,2.340000e-03,-2.340000e-03,0.3740,0.0670,-0.3740,2.30600,0.06890,-0.06890,1.1470e+02,4.700e+00,-4.700e+00,1.37,2.300e-01,-2.200e-01,1453.0,,,1054.98,476.22,-372.70,27.50,1,q1_q17_dr25_tce,5865.00,105.00,-117.00,4.266,0.132,-0.120,1.2720,0.2070,-0.2070,288.144780,51.275620,13.467
5534941,K02332.01,Kepler-1827 b,CONFIRMED,CANDIDATE,0.9940,0,0,0,0,3.700632510,1.7720000e-05,-1.7720000e-05,133.1606500,4.060000e-03,-4.060000e-03,0.7100,0.2400,-0.4920,5.40800,0.10200,-0.10200,6.8600e+01,2.600e+00,-2.600e+00,1.24,1.900e-01,-4.300e-01,1329.0,,,737.02,316.90,-446.43,29.80,1,q1_q17_dr25_tce,5423.00,108.00,-97.00,4.105,0.360,-0.112,1.4040,0.2100,-0.4900,292.252470,40.792721,13.024
11121752,K02333.01,Kepler-380 b,CONFIRMED,CANDIDATE,0.9700,0,0,0,0,3.930839970,2.0330000e-05,-2.0330000e-05,135.1939300,3.930000e-03,-3.930000e-03,0.2220,0.2300,-0.2220,2.93200,0.11700,-0.11700,1.0140e+02,5.300e+00,-5.300e+00,1.20,1.900e-01,-1.800e-01,1317.0,,,711.45,318.13,-244.27,22.00,1,q1_q17_dr25_tce,6038.00,121.00,-121.00,4.284,0.150,-0.112,1.1910,0.1860,-0.1860,282.394620,48.759140,13.652
11121752,K02333.02,Kepler-380 c,CONFIRMED,CANDIDATE,0.9950,0,0,0,0,7.630081960,4.2210000e-05,-4.2210000e-05,137.0794800,4.560000e-03,-4.560000e-03,0.6280,0.3360,-0.4090,2.78000,0.13100,-0.13100,1.2400e+02,7.300e+00,-7.300e+00,1.39,2.200e-01,-2.200e-01,1056.0,,,293.67,131.32,-100.83,18.60,2,q1_q17_dr25_tce,6038.00,121.00,-121.00,4.284,0.150,-0.112,1.1910,0.1860,-0.1860,282.394620,48.759140,13.652
2990873,K02335.01,Kepler-1194 b,CONFIRMED,CANDIDATE,0.9930,0,0,0,0,16.223784790,7.7580000e-05,-7.7580000e-05,136.0245400,3.490000e-03,-3.490000e-03,0.4130,0.0390,-0.4130,2.54620,0.09840,-0.09840,2.6230e+02,1.450e+01,-1.450e+01,1.51,1.900e-01,-1.200e-01,676.0,,,49.35,18.79,-10.11,20.60,1,q1_q17_dr25_tce,5547.00,110.00,,4.460,0.068,-0.102,0.9250,0.1200,-0.0700,291.699550,38.145271,14.129
9307509,K02096.01,Kepler-1794 b,CONFIRMED,CANDIDATE,0.9910,0,0,0,0,9.762932840,4.6830000e-05,-4.6830000e-05,139.1580200,3.600000e-03,-3.600000e-03,0.4990,0.0050,-0.4620,3.06400,0.11600,-0.11600,5.5320e+02,2.710e+01,-2.710e+01,1.94,1.800e-01,-2.300e-01,703.0,,,57.59,20.18,-17.77,23.60,1,q1_q17_dr25_tce,5052.00,151.00,-151.00,4.503,0.088,-0.072,0.8160,0.0780,-0.0950,300.619690,45.788921,15.246
10158729,K02097.01,Kepler-1092 b,CONFIRMED,CANDIDATE,0.9190,0,0,0,0,58.601926000,5.7880000e-04,-5.7880000e-04,137.6682500,4.650000e-03,-4.650000e-03,0.3920,0.0690,-0.3920,5.52200,0.19200,-0.19200,3.9640e+02,2.400e+01,-2.400e+01,2.06,6.800e-01,-2.200e-01,508.0,,,15.80,15.23,-4.99,19.10,1,q1_q17_dr25_tce,6250.00,169.00,-225.00,4.440,0.070,-0.224,1.0190,0.3350,-0.1120,297.723140,47.112659,14.649
6105462,K02098.01,Kepler-1093 b,CONFIRMED,CANDIDATE,0.8160,0,0,0,0,25.082340200,1.2070000e-04,-1.2070000e-04,134.1356800,4.210000e-03,-4.210000e-03,0.8650,0.0390,-0.6110,6.42300,0.11400,-0.11400,2.4460e+02,8.800e+00,-8.800e+00,2.26,5.900e-01,-4.900e-01,776.0,,,85.76,67.71,-40.24,30.50,1,q1_q17_dr25_tce,6429.00,181.00,-227.00,4.241,0.180,-0.180,1.2620,0.3350,-0.2740,284.978000,41.420158,13.838
3120355,K02099.01,Kepler-1094 b,CONFIRMED,CANDIDATE,0.9950,0,0,0,0,78.099890800,6.6270000e-04,-6.6270000e-04,139.4964600,6.560000e-03,-6.560000e-03,0.5280,0.0010,-0.4730,8.42200,0.19700,-0.19700,6.5690e+02,3.050e+01,-3.050e+01,3.37,5.700e-01,-5.600e-01,480.0,,,12.52,5.49,-4.30,23.80,1,q1_q17_dr25_tce,5779.00,78.00,-78.00,4.238,0.143,-0.117,1.2840,0.2150,-0.2150,292.301240,38.267040,14.999
6047072,K02100.01,Kepler-1095 b,CONFIRMED,CANDIDATE,0.9800,0,0,0,0,4.271037270,1.5050000e-05,-1.5050000e-05,133.1402800,2.580000e-03,-2.580000e-03,0.0200,0.4510,-0.0200,2.27590,0.08460,-0.08460,1.8040e+02,8.700e+00,-8.700e+00,1.22,3.700e-01,-1.300e-01,1108.0,,,356.54,321.74,-105.42,24.60,1,q1_q17_dr25_tce,5984.00,161.00,-197.00,4.521,0.052,-0.208,0.9060,0.2790,-0.0930,293.262450,41.365120,14.553
9006186,K02169.03,Kepler-1130 d,CONFIRMED,CANDIDATE,0.6490,0,0,0,0,4.272264210,2.2360000e-05,-2.2360000e-05,133.2186300,4.370000e-03,-4.370000e-03,0.7440,0.2250,-0.5130,2.11300,0.12500,-0.12500,4.8900e+01,3.900e+00,-3.900e+00,0.64,7.000e-02,-3.000e-02,981.0,,,218.63,72.98,-32.33,13.70,3,q1_q17_dr25_tce,5450.00,108.00,-108.00,4.563,0.017,-0.094,0.8420,0.0930,-0.0330,285.207490,45.384350,12.404
9006186,K02169.04,,CANDIDATE,CANDIDATE,0.9930,0,0,0,0,2.192519030,3.2670000e-05,-3.2670000e-05,132.2332000,1.040000e-02,-1.040000e-02,0.6160,0.3620,-0.4070,1.84500,0.33300,-0.33300,1.8100e+01,3.200e+00,-3.200e+00,0.37,5.000e-02,-1.000e-02,1225.0,,,533.25,177.99,-78.86,6.60,4,q1_q17_dr25_tce,5450.00,108.00,-108.00,4.563,0.017,-0.094,0.8420,0.0930,-0.0330,285.207490,45.384350,12.404
11410904,K02171.01,Kepler-1131 b,CONFIRMED,CANDIDATE,0.9960,0,0,0,0,3.532324290,2.2900000e-05,-2.2900000e-05,134.7472700,5.340000e-03,-5.340000e-03,0.2990,0.1570,-0.2990,2.76500,0.15600,-0.15600,2.2420e+02,2.000e+01,-2.000e+01,1.43,2.100e-01,-7.000e-02,1159.0,,,427.65,168.74,-62.34,12.80,1,q1_q17_dr25_tce,5761.00,78.00,-78.00,4.492,0.022,-0.120,0.9560,0.1430,-0.0480,295.651490,49.261292,14.972
5021737,K00026.01,,FALSE POSITIVE,FALSE POSITIVE,0.0000,0,1,1,1,15.039463260,1.1120000e-05,-1.1120000e-05,144.1374610,6.060000e-04,-6.060000e-04,0.9020,0.0030,-0.0030,5.10080,0.03740,-0.03740,5.2377e+03,3.860e+01,-3.860e+01,12.36,3.960e+00,-2.630e+00,962.0,,,202.60,183.16,-91.45,181.60,1,q1_q17_dr25_tce,6501.00,146.00,-194.00,4.212,0.153,-0.187,1.4410,0.4610,-0.3070,294.732820,40.150341,11.997
3862246,K00230.01,,FALSE POSITIVE,FALSE POSITIVE,0.0000,0,1,0,0,4.702495974,3.2020000e-06,-3.2020000e-06,136.3084680,5.590000e-04,-5.590000e-04,1.3030,24.9900,-0.0420,2.34210,0.03060,-0.03060,4.7873e+03,5.570e+01,-5.570e+01,37.24,7.420e+00,-4.330e+00,981.0,,,219.08,135.28,-65.57,101.10,1,q1_q17_dr25_tce,5408.00,161.00,-145.00,4.476,0.092,-0.138,0.8780,0.1750,-0.1020,294.517460,38.956341,14.916
4173026,K02172.01,Kepler-1801 b,CONFIRMED,CANDIDATE,1.0000,0,0,0,0,10.440873980,5.1130000e-05,-5.1130000e-05,137.9711300,4.060000e-03,-4.060000e-03,0.9140,0.0390,-0.6200,3.74300,0.12200,-0.12200,8.2150e+02,4.050e+01,-4.050e+01,3.41,9.800e-01,-4.900e-01,829.0,,,111.52,93.94,-39.18,22.20,1,q1_q17_dr25_tce,5738.00,156.00,-173.00,4.426,0.101,-0.188,0.9810,0.2810,-0.1410,295.164000,39.201408,15.104
10471621,K02554.01,,CANDIDATE,CANDIDATE,0.5820,0,0,0,0,39.755764200,3.3300000e-04,-3.3300000e-04,150.6074500,4.430000e-03,-4.430000e-03,1.2190,6.8370,-0.0240,1.95800,0.28000,-0.28000,6.2180e+02,7.650e+01,-7.650e+01,13.72,1.000e+00,-1.210e+00,325.0,,,2.64,0.73,-0.72,10.20,2,q1_q17_dr25_tce,4405.00,119.00,-146.00,4.732,0.058,-0.031,0.5110,0.0370,-0.0450,292.379790,47.644611,15.439
10471621,K02554.02,,CANDIDATE,CANDIDATE,0.9880,0,0,0,0,10.271275270,6.3230000e-05,-6.3230000e-05,135.1763100,4.750000e-03,-4.750000e-03,0.0460,0.4140,-0.0460,3.02900,0.15000,-0.15000,3.4350e+02,2.420e+01,-2.420e+01,0.94,7.000e-02,-8.000e-02,510.0,,,16.02,4.48,-4.37,17.50,1,q1_q17_dr25_tce,4405.00,119.00,-146.00,4.732,0.058,-0.031,0.5110,0.0370,-0.0450,292.379790,47.644611,15.439
5350244,K02555.01,Kepler-1276 b,CONFIRMED,CANDIDATE,0.9910,0,0,0,0,12.572289700,1.9500000e-04,-1.9500000e-04,143.0663000,1.260000e-02,-1.260000e-02,0.2520,0.1990,-0.2520,4.76500,0.30400,-0.30400,8.6500e+01,8.300e+00,-8.300e+00,1.09,1.900e-01,-1.300e-01,886.0,,,145.82,69.11,-42.87,12.40,1,q1_q17_dr25_tce,6084.00,122.00,-134.00,4.319,0.103,-0.115,1.1690,0.1950,-0.1420,287.856990,40.547180,12.885
5374403,K02556.01,Kepler-1277 b,CONFIRMED,CANDIDATE,0.9830,0,0,0,0,40.836630700,3.8480000e-04,-3.8480000e-04,152.8734600,7.340000e-03,-7.340000e-03,0.3630,0.1010,-0.3630,4.95600,0.18200,-0.18200,2.6480e+02,1.630e+01,-1.630e+01,1.50,1.800e-01,-1.300e-01,496.0,,,14.30,5.07,-3.37,18.70,1,q1_q17_dr25_tce,5529.00,110.00,-110.00,4.457,0.076,-0.093,0.9250,0.1100,-0.0830,295.102420,40.572392,14.050
10925113,K02557.01,,FALSE POSITIVE,FALSE POSITIVE,0.0000,0,0,1,1,11.776107300,7.3570000e-05,-7.3570000e-05,142.7055800,5.620000e-03,-5.620000e-03,0.8290,0.0690,-0.5600,2.82900,0.14200,-0.14200,2.8130e+02,2.160e+01,-2.160e+01,1.31,1.700e-01,-1.100e-01,619.0,,,34.75,15.62,-9.42,15.10,1,q1_q17_dr25_tce,5096.00,176.00,-176.00,4.618,0.045,-0.060,0.6890,0.0860,-0.0580,294.123900,48.348999,15.005
11769801,K02633.01,,FALSE POSITIVE,FALSE POSITIVE,0.0000,1,0,0,0,29.712318100,3.1090000e-04,-3.1090000e-04,151.5603000,1.180000e-02,-1.180000e-02,1.2020,0.5040,-0.5520,70.37070,0.00000,0.00000,3.8540e+02,7.100e+00,-7.100e+00,46.43,9.910e+00,-1.361e+01,870.0,,,135.31,84.73,-74.24,130.00,1,q1_q17_dr25_tce,6440.00,162.00,-162.00,3.984,0.247,-0.133,1.9210,0.4100,-0.5630,295.142940,49.993069,11.549
11752906,K00253.02,Kepler-2000 c,CONFIRMED,CANDIDATE,0.9930,0,0,0,0,20.618034800,1.3820000e-04,-1.3820000e-04,145.5123200,4.640000e-03,-4.640000e-03,0.1550,0.3140,-0.1550,3.26700,0.18500,-0.18500,7.6950e+02,5.210e+01,-5.210e+01,1.57,6.000e-02,-1.000e-01,359.0,,,3.92,0.65,-0.76,16.30,2,q1_q17_dr25_tce,3757.00,74.00,-82.00,4.681,0.039,-0.015,0.5760,0.0220,-0.0360,285.574340,49.962269,15.254
1995519,K02634.01,Kepler-1299 b,CONFIRMED,CANDIDATE,0.9520,0,0,0,0,19.940121100,1.3440000e-04,-1.3440000e-04,142.3484900,5.300000e-03,-5.300000e-03,0.8620,0.0830,-0.6210,4.28300,0.18800,-0.18800,7.5890e+02,4.710e+01,-4.710e+01,2.42,4.700e-01,-2.000e-01,588.0,,,28.29,16.48,-7.22,18.00,1,q1_q17_dr25_tce,5623.00,152.00,-169.00,4.596,0.040,-0.120,0.7630,0.1470,-0.0630,286.150150,37.411369,15.922
4914566,K02635.01,Kepler-1300 b,CONFIRMED,CANDIDATE,0.9910,0,0,0,0,22.242003200,2.4600000e-04,-2.4600000e-04,144.7236400,8.840000e-03,-8.840000e-03,0.8970,0.0520,-0.6220,7.53200,0.23500,-0.23500,6.3500e+01,4.500e+00,-4.500e+00,2.04,3.000e-01,-5.700e-01,954.0,,,195.54,83.73,-102.12,16.20,1,q1_q17_dr25_tce,5979.00,118.00,-130.00,3.854,0.224,-0.080,2.1640,0.3230,-0.6010,289.033020,40.086891,12.816
6198182,K02636.01,Kepler-1864 b,CONFIRMED,CANDIDATE,0.9570,0,0,0,0,3.881483850,3.4030000e-05,-3.4030000e-05,135.1231400,7.730000e-03,-7.730000e-03,0.2520,0.2020,-0.2520,2.67900,0.20300,-0.20300,3.6300e+01,3.600e+00,-3.600e+00,0.59,9.000e-02,-4.000e-02,1156.0,,,423.00,178.88,-84.77,11.90,1,q1_q17_dr25_tce,5854.00,105.00,-128.00,4.469,0.040,-0.120,0.9790,0.1480,-0.0640,289.686710,41.588928,12.320
10024051,K02409.01,Kepler-1228 b,CONFIRMED,CANDIDATE,1.0000,0,0,0,0,0.577369336,3.9500000e-07,-3.9500000e-07,132.4257950,5.050000e-04,-5.050000e-04,0.0320,0.4030,-0.0320,1.08520,0.02030,-0.02030,4.0040e+02,7.300e+00,-7.300e+00,1.42,2.000e-01,-1.200e-01,1757.0,,,2239.26,1059.17,-554.65,68.30,1,q1_q17_dr25_tce,5255.00,158.00,-142.00,4.617,0.039,-0.084,0.7160,0.1030,-0.0600,296.553070,46.966290,14.859
8676038,K02410.01,,FALSE POSITIVE,FALSE POSITIVE,,1,0,0,0,186.654354830,,,187.3800339,,,,,,10.51000,,,,,,,,,,,,,,,,,,,,,,,,,,,285.742980,44.857830,15.141
4349452,K00244.01,Kepler-25 c,CONFIRMED,CANDIDATE,1.0000,0,0,0,0,12.720370263,2.2820000e-06,-2.2820000e-06,178.5282970,1.440000e-04,-1.440000e-04,0.7870,0.0510,-0.4010,2.73060,0.05130,-0.05130,1.1801e+03,3.900e+00,-3.900e+00,4.75,2.800e-01,-2.200e-01,934.0,,,180.23,31.84,-24.20,485.50,1,q1_q17_dr25_tce,6267.00,81.00,-75.00,4.280,0.033,-0.030,1.2580,0.0720,-0.0590,286.638400,39.487881,10.734
8676038,K02410.02,,FALSE POSITIVE,FALSE POSITIVE,,0,0,0,0,86.593222940,,,201.0035479,,,,,,7.98000,,,,,,,,,,,,,,,,,,,,,,,,,,,285.742980,44.857830,15.141
8073806,K02411.01,Kepler-1835 b,CONFIRMED,CANDIDATE,1.0000,0,0,0,0,11.964073990,5.7380000e-05,-5.7380000e-05,133.1580400,5.120000e-03,-5.120000e-03,0.9030,0.0410,-0.6200,4.52600,0.14800,-0.14800,7.8420e+02,3.880e+01,-3.880e+01,3.21,9.200e-01,-4.700e-01,808.0,,,100.96,85.57,-35.47,22.90,1,q1_q17_dr25_tce,5903.00,158.00,-175.00,4.437,0.101,-0.188,0.9610,0.2780,-0.1390,280.314880,43.985710,15.361
10419312,K02412.01,,FALSE POSITIVE,FALSE POSITIVE,0.0000,0,0,1,0,2.493237866,9.3490000e-06,-9.3490000e-06,132.6363300,2.780000e-03,-2.780000e-03,0.9750,0.0170,-0.7310,2.64400,0.12200,-0.12200,2.5920e+02,1.430e+01,-1.430e+01,9.48,3.550e+00,-3.910e+00,2241.0,,,5975.48,6475.20,-4125.23,20.70,1,q1_q17_dr25_tce,5002.00,124.00,-136.00,3.344,0.336,-0.275,4.1310,1.5470,-1.7020,297.111570,47.534691,13.962
3234598,K02413.01,Kepler-383 b,CONFIRMED,CANDIDATE,1.0000,0,0,0,0,12.904675230,7.1370000e-05,-7.1370000e-05,144.3200900,4.510000e-03,-4.510000e-03,0.5530,0.3860,-0.3380,3.28000,0.13100,-0.13100,4.1240e+02,2.160e+01,-2.160e+01,1.49,4.000e-02,-8.000e-02,545.0,,,20.91,2.66,-3.44,21.20,1,q1_q17_dr25_tce,4513.00,71.00,-80.00,4.574,0.048,-0.012,0.7220,0.0210,-0.0380,291.342590,38.363129,15.070
10453588,K02484.01,Kepler-1253 b,CONFIRMED,CANDIDATE,0.9390,0,0,0,0,68.886101700,5.5760000e-04,-5.5760000e-04,160.2995800,6.840000e-03,-6.840000e-03,0.2410,0.2070,-0.2410,5.92500,0.22700,-0.22700,1.4390e+02,8.700e+00,-8.700e+00,1.47,2.400e-01,-3.300e-01,501.0,,,14.91,7.01,-6.42,19.50,1,q1_q17_dr25_tce,5753.00,115.00,-92.00,4.200,0.201,-0.108,1.2220,0.2020,-0.2700,283.885100,47.637218,12.464
11125613,K02485.01,Kepler-1254 b,CONFIRMED,CANDIDATE,0.9980,0,0,0,0,9.991152410,5.8570000e-05,-5.8570000e-05,134.3933500,4.510000e-03,-4.510000e-03,0.6910,0.2750,-0.4540,2.65700,0.12600,-0.12600,3.9170e+02,2.550e+01,-2.550e+01,1.68,5.000e-02,-1.200e-01,660.0,,,44.77,6.21,-8.28,16.70,2,q1_q17_dr25_tce,4838.00,77.00,-77.00,4.524,0.063,-0.018,0.7960,0.0270,-0.0540,285.173340,48.770039,15.311
8074328,K02486.01,,CANDIDATE,CANDIDATE,1.0000,0,0,0,0,4.267961416,8.8760000e-06,-8.8760000e-06,134.0706300,1.770000e-03,-1.770000e-03,0.2550,0.2040,-0.2550,1.34270,0.06030,-0.06030,1.2740e+02,6.600e+00,-6.600e+00,1.42,4.400e-01,-2.800e-01,1371.0,,,834.16,774.43,-369.77,24.60,1,q1_q17_dr25_tce,6395.00,176.00,-242.00,4.275,0.153,-0.187,1.2370,0.3900,-0.2400,280.690460,43.919182,13.047
7212184,K02487.01,Kepler-1255 b,CONFIRMED,CANDIDATE,0.9870,0,0,0,0,36.292017000,3.4430000e-04,-3.4430000e-04,132.1769100,7.840000e-03,-7.840000e-03,0.0020,0.4520,-0.0020,8.19800,0.22500,-0.22500,3.7470e+02,1.980e+01,-1.980e+01,3.10,4.800e-01,-6.600e-01,694.0,,,54.91,22.52,-22.80,21.40,1,q1_q17_dr25_tce,5843.00,79.00,-79.00,4.069,0.182,-0.084,1.6150,0.2520,-0.3460,295.239260,42.726479,15.251
6956014,K00031.01,,FALSE POSITIVE,FALSE POSITIVE,0.0000,0,1,0,0,0.925589891,3.6530000e-06,-3.6530000e-06,169.6927500,3.190000e-03,-3.190000e-03,0.6160,0.0560,-0.4740,1.96700,0.11700,-0.11700,4.0080e+02,2.380e+01,-2.380e+01,50.60,1.485e+01,-5.300e+00,6637.0,,,460202.18,366069.92,-110815.42,20.60,1,q1_q17_dr25_tce,4094.00,73.00,-55.00,1.627,0.120,-0.120,24.4880,7.1850,-2.5660,294.031800,42.468845,10.795
9757613,K00250.02,Kepler-26 c,CONFIRMED,CANDIDATE,1.0000,0,0,0,0,17.251213970,1.8140000e-05,-1.8140000e-05,149.8864790,8.540000e-04,-8.540000e-04,0.7490,0.1520,-0.5090,2.03710,0.04470,-0.04470,2.0548e+03,3.320e+01,-3.320e+01,2.64,1.500e-01,-2.000e-01,385.0,,,5.17,1.07,-1.13,68.60,2,q1_q17_dr25_tce,3879.00,77.00,-85.00,4.708,0.045,-0.021,0.5370,0.0300,-0.0410,284.940980,46.566540,15.473
5307858,K02558.01,,FALSE POSITIVE,FALSE POSITIVE,0.0000,1,0,1,0,1.867281146,8.2280000e-06,-8.2280000e-06,132.0774400,4.100000e-03,-4.100000e-03,1.2520,0.5820,-0.1630,7.49500,0.16900,-0.16900,7.0110e+02,1.440e+01,-1.440e+01,31.18,9.190e+00,-3.950e+00,1561.0,,,1405.94,1262.30,-490.11,58.50,1,q1_q17_dr25_tce,6117.00,193.00,-236.00,4.457,0.052,-0.208,1.0250,0.3020,-0.1300,299.413330,40.428478,15.600
6605493,K02559.01,Kepler-1686 b,CONFIRMED,CANDIDATE,1.0000,0,0,0,0,9.309918340,5.3870000e-05,-5.3870000e-05,136.3978500,5.180000e-03,-5.180000e-03,0.5510,0.0190,-0.4580,3.45500,0.13300,-0.13300,1.1450e+02,6.800e+00,-6.800e+00,1.21,2.000e-01,-1.400e-01,913.0,,,164.38,72.29,-45.47,19.20,1,q1_q17_dr25_tce,5806.00,104.00,-116.00,4.353,0.105,-0.116,1.1010,0.1740,-0.1260,291.606750,42.035919,13.799
4670217,K02560.01,,CANDIDATE,CANDIDATE,0.9990,0,0,0,0,18.120938800,1.7990000e-04,-1.7990000e-04,134.1761600,8.300000e-03,-8.300000e-03,0.1080,0.3510,-0.1080,3.78100,0.26700,-0.26700,5.0420e+02,3.800e+01,-3.800e+01,1.68,1.400e-01,-1.600e-01,543.0,,,20.58,7.11,-6.14,15.80,1,q1_q17_dr25_tce,4905.00,178.00,-178.00,4.536,0.072,-0.048,0.7740,0.0620,-0.0760,295.705170,39.756840,15.486
7259298,K02561.01,Kepler-1278 b,CONFIRMED,CANDIDATE,1.0000,0,0,0,0,3.239417750,1.6030000e-05,-1.6030000e-05,133.9838300,3.670000e-03,-3.670000e-03,0.3860,0.0720,-0.3860,2.56900,0.12000,-0.12000,7.7400e+01,5.200e+00,-5.200e+00,0.77,2.100e-01,-7.000e-02,1213.0,,,511.14,416.08,-137.81,17.20,1,q1_q17_dr25_tce,6075.00,163.00,-181.00,4.541,0.036,-0.204,0.8580,0.2380,-0.0790,282.956940,42.825619,13.658
9574179,K02637.01,,CANDIDATE,CANDIDATE,0.9930,0,0,0,0,3.988649990,4.2610000e-05,-4.2610000e-05,134.8296000,9.910000e-03,-9.910000e-03,0.3550,0.0930,-0.3550,3.51600,0.25800,-0.25800,9.4200e+01,9.000e+00,-9.000e+00,1.15,1.900e-01,-1.800e-01,1233.0,,,547.73,228.78,-180.95,12.40,1,q1_q17_dr25_tce,5692.00,77.00,-77.00,4.288,0.137,-0.112,1.1880,0.1890,-0.1890,284.728940,46.206478,15.016
6211812,K02638.01,Kepler-1865 b,CONFIRMED,CANDIDATE,0.9700,0,0,0,0,2.524017517,6.5470000e-06,-6.5470000e-06,133.8594600,2.210000e-03,-2.210000e-03,0.0770,0.3920,-0.0770,1.19680,0.07230,-0.07230,3.0300e+02,1.920e+01,-1.920e+01,1.50,3.100e-01,-1.700e-01,1203.0,,,495.14,324.68,-148.57,19.80,1,q1_q17_dr25_tce,5420.00,177.00,-161.00,4.487,0.077,-0.143,0.8710,0.1800,-0.0970,293.941160,41.590500,15.550
11391755,K02639.01,,CANDIDATE,CANDIDATE,0.6510,0,0,0,0,25.112336200,3.8660000e-04,-3.8660000e-04,146.3464000,1.200000e-02,-1.200000e-02,0.0070,0.4340,-0.0070,7.92200,0.45500,-0.45500,3.9880e+02,3.650e+01,-3.650e+01,2.22,7.300e-01,-3.100e-01,691.0,,,53.73,52.23,-19.86,11.80,1,q1_q17_dr25_tce,6133.00,171.00,-236.00,4.367,0.105,-0.210,1.1120,0.3660,-0.1570,285.365170,49.201561,15.527
11391755,K02639.02,,CANDIDATE,CANDIDATE,,0,0,0,0,2.121023807,9.0450000e-06,-9.0450000e-06,170.8500400,2.790000e-03,-2.790000e-03,1.0045,0.6000,-0.0753,0.36730,0.08720,-0.08720,2.6390e+02,5.090e+01,-5.090e+01,5.75,2.960e+00,-7.100e-01,1573.0,,,1446.50,2239.56,-482.39,6.40,,,6133.00,160.00,-215.00,4.367,0.090,-0.306,1.1120,0.5740,-0.1370,285.365170,49.201561,15.527
9088780,K02640.01,,CANDIDATE,CANDIDATE,,0,0,0,0,33.180894530,,,136.4820180,,,,,,15.24000,,,,,,,,,,,,,,,,,,,,,,,,,,,291.809840,45.435478,13.226
8894646,K02641.01,,CANDIDATE,CANDIDATE,1.0000,0,0,0,0,3.555579220,2.3570000e-05,-2.3570000e-05,132.7520300,5.350000e-03,-5.350000e-03,0.2690,0.1870,-0.2690,3.24000,0.15900,-0.15900,6.0400e+01,4.500e+00,-4.500e+00,0.84,2.300e-01,-1.500e-01,1270.0,,,615.03,488.45,-247.94,15.50,1,q1_q17_dr25_tce,5839.00,147.00,-161.00,4.337,0.153,-0.187,1.0820,0.2970,-0.1980,294.995850,45.119579,13.845
3234598,K02413.02,Kepler-383 c,CONFIRMED,CANDIDATE,1.0000,0,0,0,0,31.201220200,3.4890000e-04,-3.4890000e-04,140.0704200,8.450000e-03,-8.450000e-03,0.7140,0.0350,-0.5210,4.07700,0.21600,-0.21600,3.6010e+02,2.860e+01,-2.860e+01,1.47,4.000e-02,-8.000e-02,406.0,,,6.44,0.82,-1.06,13.70,2,q1_q17_dr25_tce,4513.00,71.00,-80.00,4.574,0.048,-0.012,0.7220,0.0210,-0.0380,291.342590,38.363129,15.070
8611832,K02414.01,Kepler-384 b,CONFIRMED,CANDIDATE,0.9720,0,0,0,0,22.596825600,2.2420000e-04,-2.2420000e-04,140.4265400,8.090000e-03,-8.090000e-03,0.0620,0.3800,-0.0620,6.17900,0.18200,-0.18200,1.4290e+02,7.100e+00,-7.100e+00,1.30,2.100e-01,-2.000e-01,670.0,,,47.70,21.70,-16.36,22.20,1,q1_q17_dr25_tce,5610.00,112.00,-101.00,4.301,0.168,-0.112,1.1040,0.1760,-0.1760,286.026120,44.782871,13.584
8611832,K02414.02,Kepler-384 c,CONFIRMED,CANDIDATE,0.9730,0,0,0,0,45.348638100,4.0070000e-04,-4.0070000e-04,142.2504900,7.730000e-03,-7.730000e-03,0.8470,0.0490,-0.5730,4.85800,0.20500,-0.20500,1.6290e+02,1.100e+01,-1.100e+01,1.61,2.600e-01,-2.600e-01,531.0,,,18.84,8.56,-6.46,15.90,2,q1_q17_dr25_tce,5610.00,112.00,-101.00,4.301,0.168,-0.112,1.1040,0.1760,-0.1760,286.026120,44.782871,13.584
5621586,K02415.01,Kepler-1836 b,CONFIRMED,CANDIDATE,1.0000,0,0,0,0,5.254195890,1.9010000e-05,-1.9010000e-05,133.7295200,3.350000e-03,-3.350000e-03,0.0070,0.4170,-0.0070,2.98780,0.08120,-0.08120,4.6180e+02,2.080e+01,-2.080e+01,2.12,6.900e-01,-2.200e-01,1093.0,,,338.15,328.83,-107.30,26.10,1,q1_q17_dr25_tce,6123.00,190.00,-232.00,4.472,0.054,-0.216,0.9870,0.3170,-0.1060,292.315120,40.838821,15.659
9210387,K02416.01,Kepler-1837 b,CONFIRMED,CANDIDATE,1.0000,0,0,0,0,5.906089020,3.7340000e-05,-3.7340000e-05,131.5609600,4.870000e-03,-4.870000e-03,0.0250,0.4420,-0.0250,2.40900,0.17000,-0.17000,3.4070e+02,2.940e+01,-2.940e+01,1.77,5.500e-01,-1.900e-01,1012.0,,,247.83,233.88,-75.10,9.30,1,q1_q17_dr25_tce,5966.00,186.00,-207.00,4.493,0.040,-0.216,0.9610,0.2990,-0.1000,288.207640,45.683479,15.466
11852982,K00247.01,Kepler-1712 b,CONFIRMED,CANDIDATE,1.0000,0,0,0,0,13.815044490,2.5150000e-05,-2.5150000e-05,181.1262100,1.450000e-03,-1.450000e-03,0.8680,0.0150,-0.6390,2.32440,0.09210,-0.09210,1.0326e+03,2.610e+01,-2.610e+01,1.91,1.300e-01,-1.900e-01,391.0,,,5.52,1.28,-1.42,46.70,1,q1_q17_dr25_tce,3732.00,75.00,-83.00,4.736,0.052,-0.024,0.5090,0.0340,-0.0500,284.998600,50.146790,14.216
8559152,K02488.01,Kepler-1256 b,CONFIRMED,CANDIDATE,0.9740,0,0,0,0,12.412851800,9.9370000e-05,-9.9370000e-05,140.3567900,7.020000e-03,-7.020000e-03,0.7110,0.2510,-0.5050,4.29800,0.17400,-0.17400,1.0810e+02,6.500e+00,-6.500e+00,1.50,2.400e-01,-2.700e-01,933.0,,,179.24,81.22,-67.14,19.40,1,q1_q17_dr25_tce,5945.00,118.00,-118.00,4.196,0.168,-0.112,1.3460,0.2140,-0.2380,291.474300,44.683510,13.539
2718778,K02489.01,Kepler-1844 b,CONFIRMED,CANDIDATE,0.9990,0,0,0,0,3.924530090,1.6730000e-05,-1.6730000e-05,132.4017900,3.980000e-03,-3.980000e-03,0.1120,0.3340,-0.1120,3.69100,0.10700,-0.10700,4.6350e+02,2.080e+01,-2.080e+01,1.82,4.500e-01,-1.600e-01,1074.0,,,314.25,237.87,-87.57,25.30,1,q1_q17_dr25_tce,5776.00,181.00,-201.00,4.554,0.042,-0.168,0.8490,0.2090,-0.0750,292.690400,37.934570,15.708
3122913,K02490.01,Kepler-1845 b,CONFIRMED,CANDIDATE,1.0000,0,0,0,0,11.606530610,6.0840000e-05,-6.0840000e-05,134.4163700,3.870000e-03,-3.870000e-03,0.0240,0.4360,-0.0240,2.19400,0.11900,-0.11900,7.7170e+02,5.040e+01,-5.040e+01,1.88,7.000e-02,-1.100e-01,584.0,,,27.47,4.07,-4.81,17.80,1,q1_q17_dr25_tce,4703.00,74.00,-84.00,4.582,0.049,-0.017,0.7010,0.0270,-0.0410,292.901610,38.297081,15.701
9229657,K02491.01,Kepler-1257 b,CONFIRMED,CANDIDATE,1.0000,0,0,0,0,2.668312740,1.0260000e-05,-1.0260000e-05,131.6882300,2.870000e-03,-2.870000e-03,0.3330,0.1220,-0.3330,2.41410,0.09240,-0.09240,2.6620e+02,1.340e+01,-1.340e+01,1.48,3.700e-01,-1.300e-01,1252.0,,,581.38,440.61,-156.50,23.30,1,q1_q17_dr25_tce,5806.00,157.00,-192.00,4.528,0.042,-0.168,0.8990,0.2310,-0.0770,296.075680,45.627060,15.553
10415227,K02562.01,,FALSE POSITIVE,FALSE POSITIVE,0.0010,0,0,1,0,2.932250900,3.9670000e-05,-3.9670000e-05,133.7648000,1.000000e-02,-1.000000e-02,0.4570,0.0160,-0.4570,2.93100,0.35500,-0.35500,1.8120e+02,1.680e+01,-1.680e+01,1.33,3.900e-01,-1.300e-01,1312.0,,,700.81,626.94,-212.84,13.10,1,q1_q17_dr25_tce,6106.00,189.00,-232.00,4.487,0.048,-0.192,0.9660,0.2850,-0.0950,295.852660,47.503578,15.662
5175024,K02563.01,Kepler-1279 b,CONFIRMED,CANDIDATE,0.9930,0,0,0,0,23.477255300,2.5250000e-04,-2.5250000e-04,145.3641000,1.000000e-02,-1.000000e-02,0.0130,0.4450,-0.0130,6.73500,0.31000,-0.31000,1.4140e+02,8.700e+00,-8.700e+00,1.34,4.200e-01,-1.800e-01,738.0,,,70.05,62.76,-24.08,17.60,1,q1_q17_dr25_tce,6384.00,151.00,-207.00,4.361,0.087,-0.203,1.1210,0.3520,-0.1510,288.095640,40.365971,13.973
9026749,K02564.01,Kepler-1280 b,CONFIRMED,CANDIDATE,0.9560,0,0,0,0,66.557672800,8.9920000e-04,-8.9920000e-04,181.3241000,1.060000e-02,-1.060000e-02,0.2540,0.1960,-0.2530,10.53200,0.27100,-0.27100,2.1420e+02,1.050e+01,-1.050e+01,4.96,9.100e-01,-1.690e+00,757.0,,,77.68,38.53,-45.54,21.30,1,q1_q17_dr25_tce,5734.00,95.00,-69.00,3.591,0.292,-0.097,3.4050,0.6250,-1.1610,293.573940,45.384541,14.074
12216278,K02565.01,,FALSE POSITIVE,FALSE POSITIVE,0.0010,0,0,1,0,2.019486070,1.6440000e-05,-1.6440000e-05,132.9238000,7.300000e-03,-7.300000e-03,0.9770,0.4250,-0.0100,5.24800,0.29700,-0.29700,2.7540e+02,1.220e+01,-1.220e+01,2.15,6.400e-01,-2.600e-01,1430.0,,,988.37,897.23,-323.75,27.90,1,q1_q17_dr25_tce,5884.00,184.00,-205.00,4.481,0.065,-0.195,0.9440,0.2820,-0.1130,295.558200,50.828388,15.415
9159242,K02566.01,,FALSE POSITIVE,FALSE POSITIVE,0.0000,0,0,1,1,3.044682290,4.3330000e-05,-4.3330000e-05,132.4640000,1.360000e-02,-1.360000e-02,0.6230,0.3350,-0.4070,5.95100,0.30000,-0.30000,7.1400e+01,3.800e+00,-3.800e+00,0.86,3.000e-01,-1.700e-01,1244.0,,,566.03,569.04,-245.26,22.20,1,q1_q17_dr25_tce,5575.00,150.00,-167.00,4.363,0.198,-0.264,0.9800,0.3360,-0.1960,293.674260,45.517239,14.028
12061096,K02642.01,,FALSE POSITIVE,FALSE POSITIVE,,0,0,1,0,15.050283130,7.5670000e-05,-7.5670000e-05,141.5352200,4.620000e-03,-4.620000e-03,0.3125,0.1983,-0.3023,1.84800,0.13100,-0.13100,6.1520e+02,5.470e+01,-5.470e+01,2.46,1.110e+00,-2.000e-01,735.0,,,69.16,92.70,-18.57,13.40,1,q1_q17_dr24_tce,5887.00,160.00,-205.00,4.490,0.037,-0.312,0.9890,0.4450,-0.0810,291.136380,50.575939,15.612
5794240,K00254.01,Kepler-45 b,CONFIRMED,CANDIDATE,0.9990,0,0,0,0,2.455240626,1.1100000e-07,-1.1100000e-07,170.8217620,3.560000e-05,-3.560000e-05,0.1440,0.1520,-0.0840,1.72722,0.00373,-0.00373,3.6912e+04,3.370e+01,-3.370e+01,10.60,4.300e-01,-7.100e-01,730.0,,,67.30,11.58,-13.73,1341.60,1,q1_q17_dr25_tce,3793.00,76.00,-84.00,4.697,0.032,-0.020,0.5680,0.0230,-0.0380,292.872890,41.064270,15.979
6933567,K02643.01,Kepler-1301 b,CONFIRMED,CANDIDATE,0.9180,0,0,0,0,9.082334110,4.3180000e-05,-4.3180000e-05,139.6548900,4.460000e-03,-4.460000e-03,0.2620,0.1920,-0.2620,2.00800,0.11400,-0.11400,2.9690e+02,2.180e+01,-2.180e+01,1.35,2.400e-01,-1.300e-01,734.0,,,68.75,40.39,-18.30,15.80,1,q1_q17_dr25_tce,5354.00,175.00,-159.00,4.587,0.032,-0.120,0.7880,0.1430,-0.0710,286.604160,42.440319,15.400
9993529,K02644.01,,FALSE POSITIVE,FALSE POSITIVE,0.0000,0,0,1,0,0.790539912,1.2330000e-06,-1.2330000e-06,131.8770200,1.320000e-03,-1.320000e-03,0.0080,0.4420,-0.0080,1.05670,0.05190,-0.05190,2.7730e+02,1.170e+01,-1.170e+01,1.24,7.000e-02,-1.200e-01,1502.0,,,1200.65,288.54,-332.39,31.50,1,q1_q17_dr25_tce,4791.00,129.00,-143.00,4.541,0.070,-0.030,0.7670,0.0430,-0.0740,282.405940,46.904480,14.864
11303815,K02645.01,,FALSE POSITIVE,FALSE POSITIVE,0.0000,0,0,1,1,1.705782214,7.5600000e-06,-7.5600000e-06,133.1560700,3.390000e-03,-3.390000e-03,0.7090,0.0340,-0.5130,1.00700,0.13700,-0.13700,2.7800e+02,3.160e+01,-3.160e+01,1.82,5.100e-01,-3.200e-01,1455.0,,,1060.41,928.69,-411.83,11.50,1,q1_q17_dr25_tce,5387.00,180.00,-147.00,4.380,0.153,-0.187,1.0090,0.2850,-0.1750,295.062410,49.049278,15.272
6044553,K02646.01,,FALSE POSITIVE,FALSE POSITIVE,0.0000,1,0,1,0,0.532086296,6.7800000e-07,-6.7800000e-07,131.9134000,1.150000e-03,-1.150000e-03,1.1990,0.1020,-0.1360,4.02300,0.11500,-0.11500,4.9580e+02,7.700e+00,-7.700e+00,16.99,2.480e+00,-1.250e+00,1790.0,,,2417.28,1156.30,-555.26,85.20,1,q1_q17_dr25_tce,5271.00,158.00,-142.00,4.636,0.030,-0.090,0.6980,0.1020,-0.0510,292.487030,41.311119,15.397
9654468,K02417.01,Kepler-1684 b,CONFIRMED,CANDIDATE,1.0000,0,0,0,0,47.705256600,4.6970000e-04,-4.6970000e-04,146.3164000,1.000000e-02,-1.000000e-02,0.9180,0.0250,-0.6270,5.95900,0.25100,-0.25100,1.1615e+03,5.890e+01,-5.890e+01,2.89,1.200e-01,-1.400e-01,347.0,,,3.42,0.58,-0.57,22.80,1,q1_q17_dr25_tce,4551.00,90.00,-90.00,4.609,0.036,-0.018,0.6720,0.0270,-0.0330,294.005430,46.310692,16.220
4349452,K00244.02,Kepler-25 b,CONFIRMED,CANDIDATE,1.0000,0,0,0,0,6.238535444,2.3250000e-06,-2.3250000e-06,171.7063250,2.950000e-04,-2.950000e-04,0.0080,0.2660,-0.0080,3.52550,0.01050,-0.01050,4.0160e+02,1.700e+00,-1.700e+00,2.53,1.400e-01,-1.200e-01,1185.0,,,465.61,82.26,-62.53,274.50,2,q1_q17_dr25_tce,6267.00,81.00,-75.00,4.280,0.033,-0.030,1.2580,0.0720,-0.0590,286.638400,39.487881,10.734
10027247,K02418.01,Kepler-1229 b,CONFIRMED,CANDIDATE,0.9370,0,0,0,0,86.829519000,1.2900000e-03,-1.2900000e-03,189.2616200,9.690000e-03,-9.690000e-03,0.9530,0.0180,-0.6690,7.46400,0.37100,-0.37100,7.5100e+02,5.720e+01,-5.720e+01,1.68,1.200e-01,-2.100e-01,196.0,,,0.35,0.08,-0.11,15.10,1,q1_q17_dr25_tce,3576.00,71.00,-85.00,4.791,0.055,-0.035,0.4630,0.0340,-0.0580,297.486690,46.996712,15.474
6343170,K02419.01,Kepler-1230 b,CONFIRMED,CANDIDATE,0.9980,0,0,0,0,9.956670350,5.8540000e-05,-5.8540000e-05,136.5827000,6.300000e-03,-6.300000e-03,0.9490,0.0110,-0.6910,3.53400,0.11000,-0.11000,5.8680e+02,3.960e+01,-3.960e+01,3.41,1.120e+00,-4.800e-01,946.0,,,189.48,186.55,-67.05,16.80,1,q1_q17_dr25_tce,6165.00,184.00,-202.00,4.365,0.105,-0.210,1.1150,0.3660,-0.1570,283.264500,41.711449,15.309
7107802,K02420.01,Kepler-1231 b,CONFIRMED,CANDIDATE,0.9960,0,0,0,0,10.417287220,6.6950000e-05,-6.6950000e-05,137.4578400,4.850000e-03,-4.850000e-03,0.1200,0.3200,-0.1200,4.12500,0.15300,-0.15300,2.1040e+02,1.140e+01,-1.140e+01,1.64,2.400e-01,-2.600e-01,870.0,,,135.34,52.68,-44.87,20.30,1,q1_q17_dr25_tce,5557.00,83.00,-75.00,4.288,0.162,-0.108,1.1510,0.1660,-0.1840,288.588350,42.605659,14.746
11752632,K02492.01,Kepler-1258 b,CONFIRMED,CANDIDATE,1.0000,0,0,0,0,0.984941669,3.0730000e-06,-3.0730000e-06,133.3180100,2.600000e-03,-2.600000e-03,0.0450,0.4250,-0.0450,1.97240,0.07630,-0.07630,8.1400e+01,4.100e+00,-4.100e+00,1.49,2.300e-01,-3.400e-01,2335.0,,,7044.68,2815.50,-3063.53,22.90,1,q1_q17_dr25_tce,5825.00,79.00,-79.00,4.046,0.196,-0.084,1.6620,0.2520,-0.3780,285.404940,49.994740,13.835
10028535,K02493.01,Kepler-1259 b,CONFIRMED,CANDIDATE,1.0000,0,0,0,0,0.663085361,9.1100000e-07,-9.1100000e-07,131.9796100,1.110000e-03,-1.110000e-03,0.8410,0.0500,-0.5790,1.15220,0.03830,-0.03830,3.2270e+02,1.150e+01,-1.150e+01,1.60,2.400e-01,-1.200e-01,1681.0,,,1894.94,982.81,-447.99,35.30,1,q1_q17_dr25_tce,5172.00,170.00,-154.00,4.600,0.026,-0.097,0.7670,0.1190,-0.0550,297.841490,46.967682,15.304
7047207,K02494.01,Kepler-1260 b,CONFIRMED,CANDIDATE,1.0000,0,0,0,0,19.118742500,1.7210000e-04,-1.7210000e-04,138.4282400,7.330000e-03,-7.330000e-03,0.7400,0.2120,-0.5320,6.80500,0.21700,-0.21700,2.1750e+02,1.210e+01,-1.210e+01,2.33,3.700e-01,-4.500e-01,823.0,,,108.48,45.32,-41.75,20.50,1,q1_q17_dr25_tce,5862.00,79.00,-79.00,4.148,0.176,-0.095,1.4630,0.2330,-0.2840,295.591250,42.555241,14.838
5212220,K02495.01,,FALSE POSITIVE,FALSE POSITIVE,0.0000,0,0,1,0,1.087491010,1.7290000e-06,-1.7290000e-06,131.7703400,1.370000e-03,-1.370000e-03,0.9790,0.0670,-0.7270,1.61920,0.09090,-0.09090,1.2640e+02,4.600e+00,-4.600e+00,4.91,9.100e-01,-1.970e+00,3081.0,,,21388.70,13064.35,-14644.54,33.50,1,q1_q17_dr25_tce,5988.00,208.00,-187.00,3.594,0.360,-0.120,3.2040,0.5940,-1.2870,297.859380,40.326939,13.214
9964748,K02496.01,,FALSE POSITIVE,FALSE POSITIVE,0.0000,0,0,1,0,1.183818383,4.9770000e-06,-4.9770000e-06,131.8840300,3.240000e-03,-3.240000e-03,0.1700,0.2880,-0.1700,1.39300,0.11800,-0.11800,8.4300e+01,8.000e+00,-8.000e+00,0.91,3.100e-01,-1.000e-01,1775.0,,,2337.65,2297.68,-734.59,12.70,1,q1_q17_dr25_tce,6014.00,168.00,-210.00,4.459,0.054,-0.216,0.9920,0.3300,-0.1100,297.048520,46.867981,14.675
9842937,K02567.01,,FALSE POSITIVE,FALSE POSITIVE,0.0000,0,0,1,1,4.988450990,4.7220000e-05,-4.7220000e-05,133.7468400,8.830000e-03,-8.830000e-03,0.0410,0.4350,-0.0410,7.45300,0.32700,-0.32700,1.9390e+02,9.700e+00,-9.700e+00,1.33,3.600e-01,-2.000e-01,1055.0,,,292.71,241.93,-104.25,23.30,1,q1_q17_dr25_tce,5695.00,169.00,-169.00,4.411,0.124,-0.186,0.9610,0.2640,-0.1420,296.449010,46.623589,15.331
9757613,K00250.03,Kepler-26 d,CONFIRMED,CANDIDATE,1.0000,0,0,0,0,3.543919702,4.4940000e-06,-4.4940000e-06,136.2607500,1.070000e-03,-1.070000e-03,0.0220,0.2670,-0.0220,1.87170,0.02850,-0.02850,5.0700e+02,1.470e+01,-1.470e+01,1.21,6.000e-02,-1.000e-01,652.0,,,42.68,8.79,-9.36,38.20,4,q1_q17_dr25_tce,3879.00,77.00,-85.00,4.708,0.045,-0.021,0.5370,0.0300,-0.0410,284.940980,46.566540,15.473
8247770,K02569.01,,CANDIDATE,CANDIDATE,0.4270,0,0,0,0,8.281570720,7.3410000e-05,-7.3410000e-05,136.2577500,6.470000e-03,-6.470000e-03,0.0420,0.4070,-0.0420,3.10000,0.21600,-0.21600,1.3920e+02,1.260e+01,-1.260e+01,1.37,2.100e-01,-2.100e-01,956.0,,,197.82,79.31,-63.19,12.90,1,q1_q17_dr25_tce,5640.00,76.00,-76.00,4.288,0.143,-0.104,1.1750,0.1790,-0.1790,296.603000,44.140820,14.273
6867588,K02571.01,,CANDIDATE,CANDIDATE,1.0000,0,0,0,0,0.826284420,1.4410000e-06,-1.4410000e-06,132.2699300,1.480000e-03,-1.480000e-03,0.2800,0.1860,-0.2800,0.96030,0.05320,-0.05320,1.3490e+02,6.400e+00,-6.400e+00,0.96,7.000e-02,-5.000e-02,1629.0,,,1654.69,370.53,-248.94,25.60,1,q1_q17_dr25_tce,5218.00,73.00,-83.00,4.548,0.025,-0.070,0.8290,0.0630,-0.0400,293.137050,42.350479,14.434
7501646,K02572.01,,CANDIDATE,CANDIDATE,1.0000,0,0,0,0,6.377052950,3.2060000e-05,-3.2060000e-05,136.9138400,4.530000e-03,-4.530000e-03,0.2340,0.2430,-0.2340,1.94900,0.14700,-0.14700,5.0280e+02,3.380e+01,-3.380e+01,2.15,5.200e-01,-2.100e-01,935.0,,,180.66,130.54,-52.88,17.90,1,q1_q17_dr25_tce,5672.00,160.00,-200.00,4.503,0.044,-0.176,0.9650,0.2330,-0.0930,281.592350,43.177879,15.522
11962284,K02647.01,Kepler-1302 b,CONFIRMED,CANDIDATE,0.9990,0,0,0,0,8.839294620,4.9290000e-05,-4.9290000e-05,135.5412500,4.710000e-03,-4.710000e-03,0.9240,0.0180,-0.7090,1.71900,0.11700,-0.11700,3.1620e+02,2.580e+01,-2.580e+01,1.94,3.500e-01,-2.100e-01,778.0,,,86.50,49.08,-25.22,14.80,1,q1_q17_dr25_tce,5330.00,159.00,-159.00,4.491,0.074,-0.126,0.8700,0.1570,-0.0920,290.989230,50.308060,15.102
2573056,K02648.01,,FALSE POSITIVE,FALSE POSITIVE,0.0000,0,1,1,0,0.631795416,1.2930000e-06,-1.2930000e-06,132.5396300,1.700000e-03,-1.700000e-03,0.4330,0.0260,-0.4330,1.07030,0.07100,-0.07100,1.4520e+02,7.900e+00,-7.900e+00,1.88,3.400e-01,-3.300e-01,2797.0,,,14547.08,6526.44,-5211.13,24.70,1,q1_q17_dr25_tce,6414.00,70.00,-83.00,4.173,0.143,-0.117,1.5190,0.2700,-0.2700,290.847140,37.864052,14.676
6842682,K02649.01,Kepler-1303 b,CONFIRMED,CANDIDATE,0.9920,0,0,0,0,7.561261520,4.2570000e-05,-4.2570000e-05,135.6368000,4.920000e-03,-4.920000e-03,0.2530,0.1930,-0.2530,2.85100,0.15900,-0.15900,1.8060e+02,1.350e+01,-1.350e+01,1.20,3.400e-01,-1.100e-01,891.0,,,149.17,118.39,-40.15,15.70,1,q1_q17_dr25_tce,5853.00,146.00,-175.00,4.529,0.048,-0.192,0.8950,0.2460,-0.0820,284.287140,42.355610,14.640
8890150,K02650.01,Kepler-395 c,CONFIRMED,CANDIDATE,0.9850,0,0,0,0,34.989784700,3.8030000e-04,-3.8030000e-04,144.2091200,9.700000e-03,-9.700000e-03,0.0340,0.4220,-0.0340,4.20800,0.23500,-0.23500,4.9850e+02,4.720e+01,-4.720e+01,1.14,7.000e-02,-1.000e-01,292.0,,,1.71,0.35,-0.42,11.50,1,q1_q17_dr25_tce,3765.00,75.00,-83.00,4.725,0.049,-0.021,0.5210,0.0290,-0.0470,293.511080,45.136589,15.987
8890150,K02650.02,Kepler-395 b,CONFIRMED,CANDIDATE,0.9830,0,0,0,0,7.054294830,4.1320000e-05,-4.1320000e-05,136.1896100,5.190000e-03,-5.190000e-03,0.4800,0.0480,-0.4170,1.71600,0.17100,-0.17100,3.5930e+02,3.920e+01,-3.920e+01,1.00,6.000e-02,-9.000e-02,497.0,,,14.46,2.98,-3.51,11.20,2,q1_q17_dr25_tce,3765.00,75.00,-83.00,4.725,0.049,-0.021,0.5210,0.0290,-0.0470,293.511080,45.136589,15.987
8838950,K02421.01,,CANDIDATE,CANDIDATE,0.9110,0,0,0,0,2.270501060,1.1550000e-05,-1.1550000e-05,133.5421600,4.160000e-03,-4.160000e-03,0.4730,0.4650,-0.2620,1.90300,0.11100,-0.11100,1.0670e+02,7.600e+00,-7.600e+00,0.55,3.000e-02,-3.000e-02,903.0,,,157.05,38.78,-36.72,15.90,1,q1_q17_dr25_tce,4671.00,139.00,-153.00,4.721,0.048,-0.028,0.5280,0.0280,-0.0340,298.419310,45.071442,14.363
11360805,K02422.01,Kepler-1232 b,CONFIRMED,CANDIDATE,1.0000,0,0,0,0,26.783893500,1.5820000e-04,-1.5820000e-04,140.7539600,5.220000e-03,-5.220000e-03,0.0360,0.4420,-0.0360,4.58400,0.16000,-0.16000,3.6530e+02,1.940e+01,-1.940e+01,1.59,1.200e-01,-8.000e-02,523.0,,,17.69,4.04,-2.71,20.90,1,q1_q17_dr25_tce,5242.00,84.00,-73.00,4.512,0.050,-0.061,0.8560,0.0630,-0.0460,296.550050,49.102322,14.803
9845898,K02423.01,Kepler-1233 b,CONFIRMED,CANDIDATE,1.0000,0,0,0,0,45.126216000,4.9950000e-04,-4.9950000e-04,165.4206600,9.070000e-03,-9.070000e-03,0.4900,0.0170,-0.4560,6.65600,0.26600,-0.26600,3.7310e+02,2.510e+01,-2.510e+01,2.32,7.600e-01,-2.500e-01,604.0,,,31.54,30.18,-9.87,17.10,1,q1_q17_dr25_tce,6499.00,174.00,-232.00,4.378,0.067,-0.202,1.1690,0.3820,-0.1270,297.375090,46.662209,14.689
12453581,K02424.01,Kepler-1234 b,CONFIRMED,CANDIDATE,0.9860,0,0,0,0,11.940191010,7.0960000e-05,-7.0960000e-05,136.5560300,4.830000e-03,-4.830000e-03,0.3480,0.1140,-0.3480,2.86600,0.16300,-0.16300,6.3170e+02,4.570e+01,-4.570e+01,1.86,2.400e-01,-1.200e-01,625.0,,,35.99,16.45,-8.17,15.60,1,q1_q17_dr25_tce,5073.00,168.00,-152.00,4.607,0.024,-0.084,0.7480,0.0980,-0.0490,287.522030,51.375858,15.912
11922678,K02425.01,,FALSE POSITIVE,FALSE POSITIVE,0.0000,0,0,1,1,3.512956740,2.5230000e-05,-2.5230000e-05,133.7819800,7.100000e-03,-7.100000e-03,0.4990,0.4530,-0.2740,3.06000,0.18100,-0.18100,8.3100e+01,4.400e+00,-4.400e+00,1.10,3.400e-01,-1.600e-01,1434.0,,,999.60,862.47,-346.83,22.50,1,q1_q17_dr25_tce,6453.00,146.00,-194.00,4.326,0.105,-0.195,1.1700,0.3570,-0.1650,295.962830,50.240250,13.510
11179076,K02497.01,Kepler-1261 b,CONFIRMED,CANDIDATE,0.9850,0,0,0,0,48.431300300,3.5480000e-04,-3.5480000e-04,141.4561200,5.920000e-03,-5.920000e-03,0.8460,0.0720,-0.5940,4.03000,0.19200,-0.19200,8.8640e+02,5.890e+01,-5.890e+01,2.78,1.000e-01,-1.900e-01,396.0,,,5.81,0.82,-1.13,17.30,1,q1_q17_dr25_tce,4891.00,78.00,-87.00,4.516,0.067,-0.018,0.8050,0.0280,-0.0560,285.232450,48.806721,15.605
5364071,K00248.01,Kepler-49 b,CONFIRMED,CANDIDATE,1.0000,0,0,0,0,7.203855862,5.9210000e-06,-5.9210000e-06,170.2857310,6.520000e-04,-6.520000e-04,0.0370,0.2590,-0.0370,2.54180,0.02260,-0.02260,1.7659e+03,1.920e+01,-1.920e+01,2.25,1.300e-01,-1.700e-01,509.0,,,15.87,3.28,-3.47,101.10,1,q1_q17_dr25_tce,3834.00,77.00,-84.00,4.708,0.045,-0.021,0.5390,0.0300,-0.0410,292.294590,40.591789,15.264
5959719,K02498.01,Kepler-390 b,CONFIRMED,CANDIDATE,0.9220,0,0,0,0,6.738087010,4.4730000e-05,-4.4730000e-05,133.3295300,5.800000e-03,-5.800000e-03,0.1480,0.3210,-0.1480,2.59100,0.15800,-0.15800,9.2900e+01,7.500e+00,-7.500e+00,0.73,4.000e-02,-4.000e-02,786.0,,,90.19,20.15,-15.35,14.40,1,q1_q17_dr25_tce,5168.00,102.00,-102.00,4.566,0.036,-0.048,0.7690,0.0490,-0.0400,291.628780,41.208599,13.942
5544903,K02499.01,,FALSE POSITIVE,FALSE POSITIVE,0.0000,0,0,1,0,7.575714140,6.5900000e-05,-6.5900000e-05,138.2166000,1.010000e-02,-1.010000e-02,0.4130,0.0530,-0.4080,2.35700,0.33500,-0.33500,4.1850e+02,4.930e+01,-4.930e+01,2.45,8.200e-01,-2.800e-01,1075.0,,,315.80,315.48,-106.18,12.80,1,q1_q17_dr25_tce,6418.00,179.00,-268.00,4.395,0.056,-0.210,1.1710,0.3960,-0.1320,295.017400,40.728001,15.614
5542983,K02501.01,,FALSE POSITIVE,FALSE POSITIVE,0.0000,0,1,1,0,4.768876710,1.9340000e-05,-1.9340000e-05,132.0988800,3.310000e-03,-3.310000e-03,0.6540,0.0270,-0.4930,1.67200,0.11500,-0.11500,1.1580e+02,7.300e+00,-7.300e+00,2.11,3.900e-01,-6.700e-01,1532.0,,,1303.61,733.42,-759.98,20.00,1,q1_q17_dr25_tce,6063.00,163.00,-163.00,3.926,0.308,-0.103,1.8550,0.3440,-0.5900,294.509770,40.726452,13.388
8256453,K02573.01,,FALSE POSITIVE,FALSE POSITIVE,1.0000,0,1,0,0,1.347512632,1.1140000e-06,-1.1140000e-06,132.1278580,7.240000e-04,-7.240000e-04,1.2520,5.9070,-0.0340,1.98170,0.03000,-0.03000,2.6518e+03,3.450e+01,-3.450e+01,23.45,2.460e+00,-2.470e+00,1346.0,,,775.18,311.13,-236.82,88.70,1,q1_q17_dr25_tce,5316.00,186.00,-186.00,4.585,0.083,-0.053,0.6850,0.0720,-0.0720,298.777560,44.119942,15.894
9474493,K02574.01,,FALSE POSITIVE,FALSE POSITIVE,0.0000,0,0,1,1,0.512581697,8.0800000e-07,-8.0800000e-07,132.8060900,1.300000e-03,-1.300000e-03,0.2830,0.1960,-0.2830,1.57890,0.04540,-0.04540,2.5910e+02,7.100e+00,-7.100e+00,1.32,2.800e-01,-1.100e-01,2009.0,,,3827.79,2451.16,-992.07,45.20,1,q1_q17_dr25_tce,5547.00,149.00,-166.00,4.571,0.034,-0.136,0.8200,0.1760,-0.0700,295.466580,46.012402,15.338
4551663,K02576.01,,FALSE POSITIVE,FALSE POSITIVE,0.0000,0,0,1,0,12.077608840,8.4980000e-05,-8.4980000e-05,140.4628700,5.620000e-03,-5.620000e-03,0.2640,0.1930,-0.2640,2.23300,0.19800,-0.19800,1.5100e+02,1.320e+01,-1.320e+01,1.03,1.700e-01,-1.400e-01,708.0,,,59.51,30.99,-19.43,14.00,1,q1_q17_dr25_tce,5370.00,159.00,-143.00,4.471,0.115,-0.127,0.8450,0.1380,-0.1130,288.771120,39.667980,14.166
12257999,K02577.01,,CANDIDATE,CANDIDATE,1.0000,0,0,0,0,18.555815650,8.2760000e-05,-8.2760000e-05,132.0710500,3.830000e-03,-3.830000e-03,0.0730,0.3680,-0.0730,5.37200,0.11500,-0.11500,5.6590e+02,1.950e+01,-1.950e+01,20.83,3.510e+00,-7.620e+00,1793.0,,,2442.24,1705.42,-1750.19,33.20,1,q1_q17_dr25_tce,5988.00,335.00,-503.00,2.982,0.273,-0.117,8.8410,1.4920,-3.2320,291.287720,50.909149,13.506
6922203,K02578.01,,CANDIDATE,CANDIDATE,1.0000,0,0,0,0,13.330948690,3.6990000e-05,-3.6990000e-05,133.7863200,2.280000e-03,-2.280000e-03,1.1990,6.9470,-0.3240,1.42600,0.13300,-0.13300,7.2560e+02,5.200e+01,-5.200e+01,25.95,7.540e+00,-3.470e+00,815.0,,,104.37,88.95,-35.00,17.10,1,q1_q17_dr25_tce,5991.00,161.00,-179.00,4.394,0.105,-0.195,1.0390,0.3020,-0.1390,281.260130,42.403290,14.847
11752908,K02651.01,,FALSE POSITIVE,FALSE POSITIVE,0.0000,0,0,0,1,6.383157440,2.3530000e-05,-2.3530000e-05,132.3053900,3.380000e-03,-3.380000e-03,0.0290,0.4260,-0.0290,1.70750,0.07730,-0.07730,1.1126e+03,5.610e+01,-5.610e+01,2.35,3.700e-01,-2.000e-01,787.0,,,91.00,49.41,-24.99,23.80,1,q1_q17_dr25_tce,5262.00,184.00,-184.00,4.623,0.032,-0.091,0.7140,0.1140,-0.0610,285.574920,49.960892,15.554
7021681,K00255.01,Kepler-505 b,CONFIRMED,CANDIDATE,1.0000,0,0,0,0,27.521947720,3.0580000e-05,-3.0580000e-05,189.8245230,8.080000e-04,-8.080000e-04,0.3500,0.0520,-0.3500,4.04700,0.04150,-0.04150,2.3128e+03,2.410e+01,-2.410e+01,2.47,1.700e-01,-2.100e-01,314.0,,,2.28,0.56,-0.53,106.50,1,q1_q17_dr25_tce,3780.00,76.00,-83.00,4.746,0.042,-0.031,0.5110,0.0360,-0.0430,287.858120,42.542629,15.108
4346178,K02652.01,Kepler-1304 b,CONFIRMED,CANDIDATE,1.0000,0,0,0,0,16.128967900,1.5520000e-04,-1.5520000e-04,143.7551800,7.460000e-03,-7.460000e-03,0.9680,0.0460,-0.6840,6.27100,0.36600,-0.36600,3.8900e+02,2.110e+01,-2.110e+01,2.94,6.100e-01,-5.000e-01,715.0,,,61.87,34.02,-21.74,21.30,1,q1_q17_dr25_tce,5392.00,80.00,-80.00,4.314,0.165,-0.150,1.0870,0.2270,-0.1850,285.276430,39.446911,15.022
9664142,K02654.01,Kepler-1305 b,CONFIRMED,CANDIDATE,0.9780,0,0,0,0,13.563115700,1.4340000e-04,-1.4340000e-04,140.6536400,7.800000e-03,-7.800000e-03,0.7040,0.0050,-0.5240,5.43800,0.23000,-0.23000,3.3640e+02,2.520e+01,-2.520e+01,1.75,5.100e-01,-1.700e-01,733.0,,,68.41,58.24,-19.62,15.40,1,q1_q17_dr25_tce,5853.00,157.00,-192.00,4.529,0.048,-0.192,0.8950,0.2600,-0.0870,297.339450,46.347252,15.785
10018233,K02655.01,Kepler-1306 b,CONFIRMED,CANDIDATE,0.8940,0,0,0,0,16.295991600,7.7030000e-05,-7.7030000e-05,133.9078400,3.750000e-03,-3.750000e-03,0.2130,0.2440,-0.2130,2.11600,0.12800,-0.12800,3.6960e+02,2.800e+01,-2.800e+01,1.83,2.100e-01,-1.700e-01,678.0,,,49.81,16.07,-10.93,15.70,1,q1_q17_dr25_tce,5495.00,74.00,-82.00,4.442,0.072,-0.099,0.9610,0.1150,-0.0860,294.478330,46.945862,15.243
8081899,K02426.01,Kepler-1235 b,CONFIRMED,CANDIDATE,0.9860,0,0,0,0,4.160566580,2.5770000e-05,-2.5770000e-05,132.2741800,4.820000e-03,-4.820000e-03,0.0690,0.3950,-0.0690,2.61000,0.16700,-0.16700,7.5800e+01,5.500e+00,-5.500e+00,0.70,1.400e-01,-6.000e-02,985.0,,,222.54,133.70,-53.50,16.30,1,q1_q17_dr25_tce,5481.00,147.00,-147.00,4.574,0.032,-0.136,0.8150,0.1630,-0.0650,284.903020,43.953960,13.889
10189557,K02427.01,,FALSE POSITIVE,FALSE POSITIVE,0.0010,0,0,1,0,2.931017710,2.3020000e-05,-2.3020000e-05,131.9295900,6.410000e-03,-6.410000e-03,0.5230,0.4360,-0.3150,2.23100,0.18800,-0.18800,1.9910e+02,1.630e+01,-1.630e+01,1.15,1.700e-01,-1.500e-01,1134.0,,,390.28,196.17,-127.35,15.00,1,q1_q17_dr25_tce,5485.00,163.00,-163.00,4.500,0.110,-0.110,0.7880,0.1230,-0.1010,283.027250,47.249882,15.484
8478994,K00245.01,Kepler-37 d,CONFIRMED,CANDIDATE,0.9970,0,0,0,0,39.792200770,3.0070000e-05,-3.0070000e-05,175.2505580,5.840000e-04,-5.840000e-04,0.0190,0.3360,-0.0190,4.46600,0.02160,-0.02160,6.1040e+02,3.600e+00,-3.600e+00,1.90,8.000e-02,-7.000e-02,458.0,,,10.38,1.54,-1.37,179.50,1,q1_q17_dr25_tce,5437.00,73.00,-81.00,4.571,0.020,-0.030,0.7810,0.0340,-0.0310,284.059540,44.518215,9.705
9965184,K02428.01,,FALSE POSITIVE,FALSE POSITIVE,0.0000,0,1,1,1,16.227675600,1.3440000e-04,-1.3440000e-04,136.6258600,7.100000e-03,-7.100000e-03,0.6330,0.3170,-0.4130,3.69900,0.22100,-0.22100,5.2580e+02,3.190e+01,-3.190e+01,2.11,4.500e-01,-3.000e-01,648.0,,,41.57,29.51,-15.04,20.50,1,q1_q17_dr25_tce,5328.00,204.00,-185.00,4.447,0.130,-0.174,0.8830,0.1880,-0.1260,297.185640,46.825298,15.388
9911882,K02429.01,,FALSE POSITIVE,FALSE POSITIVE,0.2800,0,0,1,0,1.595630597,5.0880000e-06,-5.0880000e-06,136.1378200,2.370000e-03,-2.370000e-03,1.2100,10.8000,-0.0740,1.79300,0.14700,-0.14700,2.5960e+02,1.750e+01,-1.750e+01,17.94,3.660e+00,-1.230e+00,1346.0,,,778.05,492.25,-180.51,18.30,1,q1_q17_dr25_tce,5632.00,169.00,-169.00,4.616,0.032,-0.128,0.7290,0.1490,-0.0500,299.078280,46.786160,15.112
8631504,K02503.01,Kepler-1846 b,CONFIRMED,CANDIDATE,1.0000,0,0,0,0,14.820059600,1.1190000e-04,-1.1190000e-04,133.3993300,5.380000e-03,-5.380000e-03,0.0590,0.3670,-0.0590,3.90200,0.20100,-0.20100,1.8490e+02,1.030e+01,-1.030e+01,0.96,6.000e-02,-4.000e-02,552.0,,,21.92,4.66,-3.27,21.90,1,q1_q17_dr25_tce,4825.00,96.00,-96.00,4.603,0.018,-0.045,0.7320,0.0430,-0.0290,294.391050,44.762959,14.146
8110767,K02504.01,Kepler-1685 b,CONFIRMED,CANDIDATE,0.9600,0,0,0,0,20.490410000,1.7510000e-04,-1.7510000e-04,144.4197900,7.630000e-03,-7.630000e-03,0.0110,0.4400,-0.0110,4.36900,0.17000,-0.17000,6.6180e+02,3.330e+01,-3.330e+01,2.34,6.700e-01,-2.200e-01,625.0,,,36.01,31.47,-10.47,23.30,1,q1_q17_dr25_tce,5681.00,180.00,-200.00,4.524,0.036,-0.204,0.9230,0.2640,-0.0880,296.188290,43.936852,15.930
5471574,K02505.01,,FALSE POSITIVE,FALSE POSITIVE,0.0000,0,1,1,1,0.962827066,4.8910000e-06,-4.8910000e-06,132.2051700,4.340000e-03,-4.340000e-03,1.0790,0.2580,-0.0910,4.48000,0.23500,-0.23500,8.6300e+01,3.700e+00,-3.700e+00,29.27,3.960e+00,-1.109e+01,3399.0,,,31471.91,14245.65,-20733.67,28.70,1,q1_q17_dr25_tce,6534.00,198.00,-198.00,3.647,0.344,-0.086,3.0280,0.4100,-1.1470,297.688810,40.643661,13.398
6767840,K02506.01,Kepler-1262 b,CONFIRMED,CANDIDATE,1.0000,0,0,0,0,8.679037000,3.9760000e-05,-3.9760000e-05,140.9042300,4.090000e-03,-4.090000e-03,0.2240,0.2340,-0.2240,2.86400,0.10600,-0.10600,3.0160e+02,1.730e+01,-1.730e+01,1.79,5.900e-01,-2.500e-01,949.0,,,191.84,188.93,-68.41,19.90,1,q1_q17_dr25_tce,6117.00,190.00,-212.00,4.420,0.087,-0.203,1.0270,0.3340,-0.1430,288.771820,42.213219,15.180
8379705,K02507.01,Kepler-1847 b,CONFIRMED,CANDIDATE,1.0000,0,0,0,0,11.129697100,9.1030000e-05,-9.1030000e-05,138.5757300,6.450000e-03,-6.450000e-03,0.5720,0.3830,-0.3690,2.94200,0.21800,-0.21800,3.7100e+02,3.000e+01,-3.000e+01,1.93,6.200e-01,-2.000e-01,843.0,,,119.44,115.92,-36.66,14.70,1,q1_q17_dr25_tce,6122.00,190.00,-232.00,4.487,0.052,-0.208,0.9640,0.3090,-0.0970,296.601410,44.325260,15.859
9896018,K02579.01,Kepler-1859 b,CONFIRMED,CANDIDATE,0.9990,0,0,0,0,2.729603600,1.3120000e-05,-1.3120000e-05,133.2866100,3.790000e-03,-3.790000e-03,0.5090,0.4280,-0.3080,2.72100,0.12300,-0.12300,1.4560e+02,8.800e+00,-8.800e+00,1.53,2.600e-01,-2.200e-01,1455.0,,,1056.15,466.02,-319.04,18.40,1,q1_q17_dr25_tce,5887.00,70.00,-79.00,4.292,0.120,-0.120,1.2350,0.2130,-0.1750,293.988710,46.718021,15.147
11037511,K02580.01,Kepler-1281 b,CONFIRMED,CANDIDATE,1.0000,0,0,0,0,3.116041940,1.1880000e-05,-1.1880000e-05,133.8498800,2.850000e-03,-2.850000e-03,0.1950,0.2830,-0.1950,1.77630,0.09900,-0.09900,3.4520e+02,2.110e+01,-2.110e+01,1.59,4.300e-01,-1.100e-01,1123.0,,,375.55,315.68,-92.68,18.80,1,q1_q17_dr25_tce,5591.00,175.00,-194.00,4.559,0.033,-0.187,0.8600,0.2370,-0.0590,295.354460,48.515400,15.790
9757613,K00250.04,Kepler-26 e,CONFIRMED,CANDIDATE,0.9650,0,0,0,0,46.827677250,9.7940000e-05,-9.7940000e-05,136.7446800,1.790000e-03,-1.790000e-03,0.3930,0.0270,-0.3930,1.90330,0.05690,-0.05690,1.5377e+03,5.290e+01,-5.290e+01,2.13,1.200e-01,-1.600e-01,276.0,,,1.37,0.28,-0.30,32.40,3,q1_q17_dr25_tce,3879.00,77.00,-85.00,4.708,0.045,-0.021,0.5370,0.0300,-0.0410,284.940980,46.566540,15.473
11818872,K02581.01,Kepler-1860 b,CONFIRMED,CANDIDATE,1.0000,0,0,0,0,12.737237100,1.2980000e-04,-1.2980000e-04,136.0162000,8.640000e-03,-8.640000e-03,0.3640,0.0830,-0.3640,3.35800,0.22500,-0.22500,1.0080e+02,9.400e+00,-9.400e+00,0.87,9.000e-02,-5.000e-02,697.0,,,55.82,17.76,-9.93,12.90,1,q1_q17_dr25_tce,5420.00,108.00,-97.00,4.502,0.058,-0.078,0.8680,0.0900,-0.0520,294.350920,50.081089,13.463
11771430,K02582.01,Kepler-1861 b,CONFIRMED,CANDIDATE,0.9840,0,0,0,0,40.030626700,3.4010000e-04,-3.4010000e-04,148.8588200,7.730000e-03,-7.730000e-03,0.3220,0.1310,-0.3220,4.81500,0.18800,-0.18800,2.1450e+02,1.280e+01,-1.280e+01,2.01,3.500e-01,-3.800e-01,617.0,,,34.19,16.13,-13.41,19.50,1,q1_q17_dr25_tce,5855.00,104.00,-116.00,4.227,0.143,-0.117,1.3730,0.2350,-0.2590,295.846530,49.936131,13.628
5513012,K02668.01,Kepler-1310 b,CONFIRMED,CANDIDATE,1.0000,0,0,0,0,0.679336747,8.2300000e-07,-8.2300000e-07,132.8561780,9.840000e-04,-9.840000e-04,0.2090,0.2390,-0.2090,1.21880,0.03660,-0.03660,2.4070e+02,7.700e+00,-7.700e+00,1.40,1.600e-01,-8.000e-02,1883.0,,,2982.78,913.26,-501.97,36.70,1,q1_q17_dr25_tce,5440.00,73.00,-81.00,4.491,0.045,-0.098,0.9130,0.1030,-0.0550,283.920040,40.740131,14.159
11761199,K02669.01,,FALSE POSITIVE,FALSE POSITIVE,0.0000,0,1,0,0,213.610320700,1.7300000e-04,-1.7300000e-04,141.6555620,5.620000e-04,-5.620000e-04,0.9770,1.9280,-0.1050,10.76430,0.06350,-0.06350,1.1099e+05,2.420e+02,-2.420e+02,46.07,1.139e+01,-4.090e+00,291.0,,,1.69,1.24,-0.45,534.50,1,q1_q17_dr25_tce,5931.00,160.00,-178.00,4.554,0.033,-0.176,0.8450,0.2090,-0.0750,290.751830,49.972301,15.619
8074805,K02670.01,,FALSE POSITIVE,FALSE POSITIVE,0.0000,0,1,0,0,170.865849200,1.2500000e-04,-1.2500000e-04,299.6603850,5.340000e-04,-5.340000e-04,0.6840,0.0030,-0.0030,16.98950,0.03430,-0.03430,2.9841e+04,4.030e+01,-4.030e+01,24.40,3.850e+00,-4.300e+00,387.0,,,5.33,2.40,-1.99,897.00,1,q1_q17_dr25_tce,5989.00,119.00,-119.00,4.221,0.149,-0.108,1.3240,0.2090,-0.2330,281.055940,43.923740,14.412
2437505,K02671.01,,CANDIDATE,CANDIDATE,0.0000,0,0,0,0,21.476427270,2.4440000e-05,-2.4440000e-05,149.2615600,1.130000e-03,-1.130000e-03,0.0060,0.0280,-0.0060,5.54980,0.02930,-0.02930,3.4813e+05,2.293e+03,-2.293e+03,59.50,0.000e+00,0.000e+00,655.0,,,43.52,0.00,0.00,124.80,1,q1_q17_dr25_tce,5780.00,,,4.438,,,1.0000,,,290.230320,37.777481,17.290
2437505,K02671.02,,FALSE POSITIVE,FALSE POSITIVE,,0,0,0,0,17.550974200,3.3910000e-04,-3.3910000e-04,133.9459000,1.850000e-02,-1.850000e-02,0.2023,0.2665,-0.2022,4.06400,0.45600,-0.45600,3.8590e+03,5.300e+02,-5.300e+02,5.97,0.000e+00,0.000e+00,700.0,,,56.90,0.00,0.00,9.70,,,5780.00,,,4.438,,,1.0000,,,290.230320,37.777481,17.290
11253827,K02672.01,Kepler-396 c,CONFIRMED,CANDIDATE,0.8200,0,0,0,0,88.512201400,2.7360000e-04,-2.7360000e-04,182.6726600,2.390000e-03,-2.390000e-03,0.2420,0.1770,-0.2420,6.82140,0.09580,-0.09580,2.5187e+03,4.330e+01,-4.330e+01,4.70,6.100e-01,-3.700e-01,390.0,,,5.47,2.08,-1.19,63.10,2,q1_q17_dr25_tce,5593.00,111.00,-111.00,4.450,0.068,-0.102,0.9450,0.1220,-0.0750,296.132810,48.977402,11.921
3533469,K02430.01,,FALSE POSITIVE,FALSE POSITIVE,0.3870,0,0,1,0,10.215075060,8.2380000e-05,-8.2380000e-05,133.6454600,6.630000e-03,-6.630000e-03,0.1000,0.3580,-0.1000,3.39500,0.17100,-0.17100,2.5860e+02,1.740e+01,-1.740e+01,1.50,1.700e-01,-1.400e-01,780.0,,,87.48,27.17,-19.37,17.40,1,q1_q17_dr25_tce,5406.00,75.00,-75.00,4.433,0.085,-0.085,0.9500,0.1080,-0.0880,288.106080,38.659061,14.338
8956706,K02431.01,,FALSE POSITIVE,FALSE POSITIVE,,0,0,0,0,8.380697300,1.7420000e-04,-1.7420000e-04,134.7287000,1.100000e-02,-1.100000e-02,0.5317,0.0472,-0.4463,3.02800,0.39000,-0.39000,6.5080e+02,6.530e+01,-6.530e+01,1.91,3.400e-01,-1.500e-01,701.0,,,57.04,35.78,-14.38,4.60,,,5062.00,202.00,-157.00,4.601,0.031,-0.101,0.7350,0.1320,-0.0580,293.244870,45.298279,15.970
7047363,K02432.01,Kepler-1236 b,CONFIRMED,CANDIDATE,1.0000,0,0,0,0,31.057294700,2.3030000e-04,-2.3030000e-04,147.5627500,6.160000e-03,-6.160000e-03,0.3350,0.1350,-0.3350,3.40100,0.19700,-0.19700,6.3660e+02,4.660e+01,-4.660e+01,1.85,3.400e-01,-1.400e-01,480.0,,,12.57,7.33,-2.98,15.80,1,q1_q17_dr25_tce,5395.00,177.00,-144.00,4.615,0.035,-0.112,0.7340,0.1320,-0.0570,295.624690,42.545898,15.956
11968463,K02433.01,Kepler-385 c,CONFIRMED,CANDIDATE,0.9820,0,0,0,0,15.162228700,1.2400000e-04,-1.2400000e-04,144.4740000,8.190000e-03,-8.190000e-03,0.9590,0.0140,-0.6510,7.33200,0.44800,-0.44800,4.7980e+02,1.870e+01,-1.870e+01,3.12,1.090e+00,-3.600e-01,829.0,,,111.74,114.89,-37.97,28.50,2,q1_q17_dr25_tce,6325.00,174.00,-261.00,4.409,0.058,-0.218,1.1120,0.3880,-0.1290,294.338470,50.336540,15.212
11968463,K02433.02,Kepler-385 b,CONFIRMED,CANDIDATE,1.0000,0,0,0,0,10.043783510,6.5510000e-05,-6.5510000e-05,353.6185900,4.170000e-03,-4.170000e-03,0.9530,0.0110,-0.6480,5.54800,0.22300,-0.22300,4.3790e+02,1.660e+01,-1.660e+01,2.94,1.030e+00,-3.400e-01,951.0,,,193.39,198.85,-65.71,28.80,1,q1_q17_dr25_tce,6325.00,174.00,-261.00,4.409,0.058,-0.218,1.1120,0.3880,-0.1290,294.338470,50.336540,15.212
8836888,K02508.01,,CANDIDATE,CANDIDATE,0.2940,0,0,0,0,7.103979250,2.4240000e-05,-2.4240000e-05,136.3309600,2.730000e-03,-2.730000e-03,0.1920,0.2580,-0.1920,1.53980,0.09890,-0.09890,3.7050e+02,2.600e+01,-2.600e+01,1.51,3.100e-01,-1.400e-01,818.0,,,105.84,68.12,-27.11,16.80,1,q1_q17_dr25_tce,5488.00,166.00,-149.00,4.584,0.036,-0.135,0.7890,0.1640,-0.0700,297.907380,45.032310,15.164
9880190,K02509.01,Kepler-1263 b,CONFIRMED,CANDIDATE,0.9760,0,0,0,0,4.551398800,2.0010000e-05,-2.0010000e-05,133.0595400,3.600000e-03,-3.600000e-03,0.2480,0.1990,-0.2480,2.45700,0.10100,-0.10100,1.8870e+02,1.140e+01,-1.140e+01,1.13,4.000e-02,-9.000e-02,907.0,,,159.65,24.49,-31.24,19.40,1,q1_q17_dr25_tce,5009.00,80.00,-80.00,4.491,0.077,-0.028,0.8400,0.0340,-0.0620,286.483640,46.752621,15.035
5364071,K00248.02,Kepler-49 c,CONFIRMED,CANDIDATE,1.0000,0,0,0,0,10.912740650,1.4650000e-05,-1.4650000e-05,169.8524700,1.050000e-03,-1.050000e-03,0.6850,0.1920,-0.4590,2.18010,0.04450,-0.04450,1.3872e+03,2.650e+01,-2.650e+01,2.13,1.200e-01,-1.600e-01,443.0,,,9.12,1.88,-2.00,57.40,3,q1_q17_dr25_tce,3834.00,77.00,-84.00,4.708,0.045,-0.021,0.5390,0.0300,-0.0410,292.294590,40.591789,15.264
5392702,K02510.01,,FALSE POSITIVE,FALSE POSITIVE,0.0000,0,0,1,0,12.214154500,1.8690000e-04,-1.8690000e-04,141.3677000,1.210000e-02,-1.210000e-02,1.1750,26.7000,-0.5380,10.26200,0.72400,-0.72400,5.3580e+02,2.760e+01,-2.760e+01,18.13,3.480e+00,-1.490e+00,683.0,,,51.37,32.51,-13.95,24.70,1,q1_q17_dr25_tce,5435.00,193.00,-193.00,4.578,0.025,-0.136,0.8240,0.1580,-0.0680,299.036410,40.583172,15.352
8429566,K02511.01,,FALSE POSITIVE,FALSE POSITIVE,0.0000,0,1,1,0,3.732261000,2.1250000e-05,-2.1250000e-05,131.9379500,3.890000e-03,-3.890000e-03,0.4000,0.0530,-0.4000,2.05400,0.15500,-0.15500,1.5360e+02,1.210e+01,-1.210e+01,1.09,2.900e-01,-1.300e-01,1119.0,,,369.47,290.70,-110.19,15.70,1,q1_q17_dr25_tce,5762.00,155.00,-155.00,4.495,0.072,-0.180,0.8670,0.2320,-0.1000,291.358670,44.424252,14.834
10387742,K02583.01,Kepler-1998 b,CONFIRMED,CANDIDATE,0.9980,0,0,0,0,3.032671350,1.3740000e-05,-1.3740000e-05,134.0668000,3.810000e-03,-3.810000e-03,0.2380,0.2320,-0.2380,1.77400,0.12200,-0.12200,4.2400e+01,3.200e+00,-3.200e+00,0.60,8.000e-02,-4.000e-02,1187.0,,,468.31,187.65,-91.73,15.60,1,q1_q17_dr25_tce,5640.00,101.00,-113.00,4.492,0.045,-0.113,0.9210,0.1310,-0.0610,283.429110,47.592510,12.623
7673841,K02585.01,Kepler-392 b,CONFIRMED,CANDIDATE,0.9890,0,0,0,0,5.341824660,4.1120000e-05,-4.1120000e-05,136.3186000,6.400000e-03,-6.400000e-03,0.0700,0.3800,-0.0700,3.57700,0.16300,-0.16300,7.0500e+01,4.100e+00,-4.100e+00,0.95,1.400e-01,-1.700e-01,1125.0,,,379.09,159.10,-140.91,19.20,1,q1_q17_dr25_tce,5767.00,115.00,-104.00,4.287,0.162,-0.108,1.1350,0.1650,-0.2020,288.660770,43.368080,13.455
9827149,K02586.01,Kepler-1282 b,CONFIRMED,CANDIDATE,1.0000,0,0,0,0,2.131945045,6.4490000e-06,-6.4490000e-06,133.6554700,2.680000e-03,-2.680000e-03,0.2090,0.2370,-0.2090,1.80610,0.06990,-0.06990,2.6940e+02,1.340e+01,-1.340e+01,1.66,5.000e-01,-1.700e-01,1418.0,,,955.16,848.60,-293.98,22.90,1,q1_q17_dr25_tce,5845.00,162.00,-223.00,4.469,0.050,-0.200,1.0130,0.3050,-0.1020,290.176180,46.698341,15.545
5546691,K02587.01,Kepler-1283 b,CONFIRMED,CANDIDATE,0.9990,0,0,0,0,12.946256700,2.9300000e-04,-2.9300000e-04,139.4165000,1.830000e-02,-1.830000e-02,0.1090,0.3360,-0.1090,9.56800,0.60600,-0.60600,1.6870e+02,1.270e+01,-1.270e+01,1.13,2.900e-01,-1.000e-01,764.0,,,80.34,59.91,-22.05,15.70,1,q1_q17_dr25_tce,6058.00,161.00,-197.00,4.540,0.046,-0.184,0.8670,0.2200,-0.0780,295.462340,40.776970,15.079
12156347,K02588.01,Kepler-1687 b,CONFIRMED,CANDIDATE,1.0000,0,0,0,0,5.779571330,2.3780000e-05,-2.3780000e-05,136.5301400,3.600000e-03,-3.600000e-03,0.9460,0.0040,-0.6560,2.52130,0.08500,-0.08500,3.9660e+02,2.430e+01,-2.430e+01,1.50,8.000e-02,-8.000e-02,598.0,,,30.22,6.04,-5.21,18.90,1,q1_q17_dr25_tce,4102.00,81.00,-81.00,4.687,0.022,-0.027,0.5810,0.0310,-0.0310,289.742770,50.787041,15.484
8636539,K02656.01,,CANDIDATE,CANDIDATE,0.9900,0,0,0,0,6.773678920,6.3320000e-05,-6.3320000e-05,138.0756800,8.860000e-03,-8.860000e-03,0.2280,0.2180,-0.2280,3.57900,0.20900,-0.20900,1.5070e+02,1.210e+01,-1.210e+01,1.33,4.100e-01,-1.700e-01,1083.0,,,324.84,289.79,-108.64,15.10,1,q1_q17_dr25_tce,6392.00,154.00,-220.00,4.425,0.065,-0.195,1.0720,0.3340,-0.1340,296.005430,44.718510,15.024
9283156,K02657.01,,CANDIDATE,CANDIDATE,1.0000,0,0,0,0,5.224024360,3.1720000e-05,-3.1720000e-05,132.8537900,5.430000e-03,-5.430000e-03,0.1200,0.3340,-0.1200,2.60800,0.15100,-0.15100,4.8100e+01,3.700e+00,-3.700e+00,0.58,5.000e-02,-5.000e-02,941.0,,,185.16,57.75,-37.44,15.10,1,q1_q17_dr25_tce,5487.00,109.00,-109.00,4.512,0.056,-0.077,0.8400,0.0850,-0.0590,292.761750,45.727242,12.869
8547429,K02658.01,Kepler-1866 b,CONFIRMED,CANDIDATE,0.9950,0,0,0,0,11.660166700,1.0240000e-04,-1.0240000e-04,140.6218900,8.590000e-03,-8.590000e-03,0.9830,0.0030,-0.6870,5.88200,0.36100,-0.36100,1.8100e+02,8.800e+00,-8.800e+00,2.08,3.300e-01,-1.900e-01,834.0,,,114.36,47.66,-25.61,20.40,1,q1_q17_dr25_tce,5791.00,78.00,-86.00,4.381,0.080,-0.120,1.0830,0.1720,-0.1000,286.224640,44.654469,14.406
8803882,K02659.01,,FALSE POSITIVE,FALSE POSITIVE,0.0540,0,1,0,0,89.465468000,1.5390000e-03,-1.5390000e-03,170.8426000,2.190000e-02,-2.190000e-02,0.9310,0.0410,-0.6630,9.88000,2.50000,-2.50000,6.7900e+01,2.370e+01,-2.370e+01,2.57,3.900e-01,-7.200e-01,549.0,,,21.43,9.53,-11.28,5.70,1,q1_q17_dr25_tce,5192.00,113.00,-113.00,3.773,0.189,-0.081,2.4600,0.3720,-0.6910,284.796940,45.099091,12.998
9893318,K02660.01,Kepler-1307 b,CONFIRMED,CANDIDATE,1.0000,0,0,0,0,18.016122700,1.0880000e-04,-1.0880000e-04,145.2416900,6.140000e-03,-6.140000e-03,0.0230,0.4290,-0.0230,4.01600,0.17800,-0.17800,4.9950e+02,3.490e+01,-3.490e+01,2.39,7.600e-01,-3.300e-01,768.0,,,82.38,77.53,-29.08,16.70,1,q1_q17_dr25_tce,6245.00,175.00,-219.00,4.406,0.072,-0.217,1.0650,0.3390,-0.1450,292.869840,46.741859,15.394
6864885,K02434.01,,FALSE POSITIVE,FALSE POSITIVE,0.0000,0,1,1,1,40.877760500,4.8140000e-04,-4.8140000e-04,163.4347700,9.760000e-03,-9.760000e-03,1.2620,71.4400,-4.1770,9.74500,0.49000,-0.49000,7.1910e+02,3.580e+01,-3.580e+01,29.55,9.270e+00,-3.090e+00,526.0,,,18.15,17.10,-5.43,23.60,1,q1_q17_dr25_tce,5930.00,178.00,-196.00,4.489,0.054,-0.216,0.9370,0.2940,-0.0980,292.357450,42.389149,15.590
5097868,K02435.01,,FALSE POSITIVE,FALSE POSITIVE,1.0000,0,0,1,0,6.802434310,6.3770000e-05,-6.3770000e-05,132.4035500,6.140000e-03,-6.140000e-03,1.0000,0.0220,-0.7180,3.81700,0.31900,-0.31900,2.4910e+02,1.880e+01,-1.880e+01,2.60,7.200e-01,-2.200e-01,895.0,,,151.72,123.05,-39.45,14.90,1,q1_q17_dr25_tce,5836.00,158.00,-175.00,4.561,0.046,-0.184,0.8160,0.2250,-0.0700,291.374080,40.263371,15.188
8570333,K02436.01,Kepler-1237 b,CONFIRMED,CANDIDATE,0.9820,0,0,0,0,84.573334600,6.5410000e-04,-6.5410000e-04,150.1520000,6.910000e-03,-6.910000e-03,0.0240,0.4280,-0.0240,5.76200,0.19300,-0.19300,8.9160e+02,5.050e+01,-5.050e+01,2.59,5.800e-01,-2.200e-01,366.0,,,4.26,2.92,-1.13,20.40,1,q1_q17_dr25_tce,5418.00,164.00,-180.00,4.543,0.030,-0.170,0.8880,0.1980,-0.0740,295.629270,44.690620,15.758
8478994,K00245.02,Kepler-37 c,CONFIRMED,CANDIDATE,1.0000,0,0,0,0,21.301818630,7.7990000e-05,-7.7990000e-05,191.8413600,2.740000e-03,-2.740000e-03,0.0860,0.3760,-0.0860,3.87630,0.08560,-0.08560,8.7300e+01,2.900e+00,-2.900e+00,0.72,3.000e-02,-3.000e-02,564.0,,,23.89,3.55,-3.14,32.40,2,q1_q17_dr25_tce,5437.00,73.00,-81.00,4.571,0.020,-0.030,0.7810,0.0340,-0.0310,284.059540,44.518215,9.705
5036705,K02437.01,Kepler-1238 b,CONFIRMED,CANDIDATE,0.9870,0,0,0,0,4.147890510,3.4080000e-05,-3.4080000e-05,135.5329100,7.740000e-03,-7.740000e-03,0.8780,0.0760,-0.6640,3.82900,0.20400,-0.20400,1.3760e+02,9.900e+00,-9.900e+00,1.93,3.700e-01,-3.000e-01,1389.0,,,878.32,434.93,-286.13,16.40,1,q1_q17_dr25_tce,6150.00,79.00,-79.00,4.223,0.125,-0.125,1.4170,0.2720,-0.2230,297.905790,40.162861,14.725
9574158,K02512.01,,CANDIDATE,CANDIDATE,1.0000,0,0,0,0,15.921081380,5.0370000e-05,-5.0370000e-05,147.0537000,2.530000e-03,-2.530000e-03,0.9720,0.0090,-0.6770,1.54430,0.08490,-0.08490,7.1680e+02,5.460e+01,-5.460e+01,3.14,7.700e-01,-3.000e-01,645.0,,,40.88,29.53,-11.36,16.10,1,q1_q17_dr25_tce,5595.00,149.00,-166.00,4.570,0.040,-0.160,0.8200,0.2010,-0.0800,284.719880,46.250790,15.523
9653622,K02513.01,Kepler-2002 b,CONFIRMED,CANDIDATE,1.0000,0,0,0,0,19.005409800,6.0400000e-05,-6.0400000e-05,144.1557400,2.660000e-03,-2.660000e-03,1.2280,71.2200,-4.9890,1.84300,0.15200,-0.15200,5.4240e+02,3.500e+01,-3.500e+01,28.47,9.160e+00,-3.650e+00,758.0,,,78.19,74.12,-26.61,20.20,1,q1_q17_dr25_tce,6347.00,176.00,-220.00,4.423,0.067,-0.202,1.0360,0.3330,-0.1330,293.668850,46.379250,14.839
4391348,K02514.01,,FALSE POSITIVE,FALSE POSITIVE,0.0000,0,0,1,0,1.964331130,1.6110000e-05,-1.6110000e-05,131.6519500,7.080000e-03,-7.080000e-03,0.1600,0.3090,-0.1600,2.38100,0.16700,-0.16700,1.3910e+02,1.130e+01,-1.130e+01,1.33,4.600e-01,-1.500e-01,1638.0,,,1704.63,1739.51,-577.40,14.20,1,q1_q17_dr25_tce,6306.00,174.00,-261.00,4.405,0.073,-0.218,1.1210,0.3880,-0.1290,297.409060,39.490292,15.083
7294743,K02516.01,,CANDIDATE,CANDIDATE,0.9920,0,0,0,0,2.810432280,2.1150000e-05,-2.1150000e-05,133.4082100,6.070000e-03,-6.070000e-03,0.3510,0.1150,-0.3510,3.87400,0.18500,-0.18500,4.7400e+01,3.100e+00,-3.100e+00,1.43,2.400e-01,-3.900e-01,1701.0,,,1978.53,885.15,-986.59,17.80,1,q1_q17_dr25_tce,5415.00,81.00,-72.00,3.868,0.196,-0.084,2.0790,0.3490,-0.5670,295.453670,42.858799,13.388
8947520,K02517.01,Kepler-1264 b,CONFIRMED,CANDIDATE,0.9800,0,0,0,0,0.968527683,2.9580000e-06,-2.9580000e-06,131.5095400,2.430000e-03,-2.430000e-03,0.9410,0.0150,-0.6970,1.36720,0.07600,-0.07600,1.1460e+02,8.200e+00,-8.200e+00,1.21,1.600e-01,-5.000e-02,1677.0,,,1867.00,656.06,-239.17,16.90,1,q1_q17_dr25_tce,5580.00,83.00,-75.00,4.538,0.020,-0.104,0.8860,0.1140,-0.0360,289.884370,45.211498,14.511
10468885,K02589.01,Kepler-1284 b,CONFIRMED,CANDIDATE,1.0000,0,0,0,0,0.664074145,1.5280000e-06,-1.5280000e-06,133.4028500,1.720000e-03,-1.720000e-03,0.5250,0.3800,-0.3170,1.09250,0.05990,-0.05990,2.1260e+02,1.200e+01,-1.200e+01,1.19,1.600e-01,-9.000e-02,1703.0,,,1998.48,894.59,-478.26,20.90,1,q1_q17_dr25_tce,5178.00,155.00,-139.00,4.585,0.024,-0.102,0.7970,0.1070,-0.0630,291.278990,47.687649,15.645
12016267,K02590.01,,FALSE POSITIVE,FALSE POSITIVE,,0,0,0,0,11.748990700,1.4000000e-04,-1.4000000e-04,135.6804500,9.230000e-03,-9.230000e-03,0.1228,0.3194,-0.1227,4.04300,0.26200,-0.26200,3.6700e+01,3.200e+00,-3.200e+00,1.01,5.300e-01,-2.900e-01,1114.0,,,363.51,558.00,-202.31,12.50,,,6440.00,148.00,-195.00,4.081,0.236,-0.273,1.6550,0.8630,-0.4830,293.507020,50.450119,11.638
6765135,K02592.01,,CANDIDATE,CANDIDATE,0.9940,0,0,0,0,175.603366000,3.2320000e-03,-3.2320000e-03,202.3721000,1.450000e-02,-1.450000e-02,0.9520,0.0130,-0.6650,9.54300,0.29400,-0.29400,5.0680e+02,3.820e+01,-3.820e+01,2.87,9.500e-01,-3.200e-01,348.0,,,3.46,3.40,-1.09,14.70,1,q1_q17_dr25_tce,6225.00,175.00,-218.00,4.461,0.056,-0.210,1.0090,0.3350,-0.1120,287.752290,42.244781,15.054
3861595,K00004.01,Kepler-1658 b,CONFIRMED,CANDIDATE,1.0000,0,0,0,0,3.849371737,2.3440000e-06,-2.3440000e-06,157.5266860,4.880000e-04,-4.880000e-04,0.9150,0.0200,-0.0560,2.63200,0.10600,-0.10600,1.2986e+03,1.300e+01,-1.300e+01,12.94,1.800e+00,-4.200e+00,2034.0,,,4055.29,1643.78,-2336.51,132.70,1,q1_q17_dr25_tce,6244.00,126.00,-114.00,3.657,0.270,-0.090,2.9920,0.4160,-0.9710,294.356540,38.947380,11.432
5725087,K00033.01,,FALSE POSITIVE,FALSE POSITIVE,0.0000,0,1,0,0,0.366197145,1.0250000e-06,-1.0250000e-06,133.5596900,2.270000e-03,-2.270000e-03,0.3190,0.1670,-0.3180,1.23350,0.08770,-0.08770,2.7530e+02,2.140e+01,-2.140e+01,51.34,2.150e+00,-1.150e+01,9983.0,,,2335438.28,407000.24,-1077153.97,16.70,1,q1_q17_dr25_tce,4448.00,88.00,-122.00,1.694,0.033,-0.027,31.5000,1.3230,-7.0560,296.967900,40.926769,11.059
10489206,K00251.01,Kepler-125 b,CONFIRMED,CANDIDATE,1.0000,0,0,0,0,4.164384505,2.1550000e-06,-2.1550000e-06,171.0879350,3.910000e-04,-3.910000e-04,0.5900,0.0560,-0.4290,1.84640,0.02800,-0.02800,2.3380e+03,2.080e+01,-2.080e+01,2.54,1.900e-01,-2.100e-01,590.0,,,28.75,7.06,-6.62,132.10,1,q1_q17_dr25_tce,3808.00,76.00,-84.00,4.754,0.036,-0.036,0.5080,0.0370,-0.0420,298.258120,47.604939,14.752
3426367,K02662.01,Kepler-1308 b,CONFIRMED,CANDIDATE,1.0000,0,0,0,0,2.104335340,4.4670000e-06,-4.4670000e-06,133.3161200,1.730000e-03,-1.730000e-03,0.8720,0.0490,-0.6610,1.11680,0.06490,-0.06490,2.4210e+02,1.500e+01,-1.500e+01,0.79,1.100e-01,-8.000e-02,662.0,,,45.34,17.70,-12.75,20.70,1,q1_q17_dr25_tce,3605.00,71.00,-85.00,4.837,0.038,-0.071,0.4330,0.0580,-0.0480,285.928890,38.520981,14.488
5562090,K02664.01,Kepler-1309 b,CONFIRMED,CANDIDATE,0.9980,0,0,0,0,28.843175100,2.7050000e-04,-2.7050000e-04,143.8230700,7.230000e-03,-7.230000e-03,0.9130,0.0140,-0.6370,3.17100,0.19600,-0.19600,7.5670e+02,5.880e+01,-5.880e+01,2.66,3.000e-01,-3.000e-01,491.0,,,13.77,5.60,-4.15,15.00,1,q1_q17_dr25_tce,5151.00,168.00,-153.00,4.528,0.082,-0.067,0.7850,0.0880,-0.0880,298.735230,40.764160,15.652
11548140,K00256.01,,FALSE POSITIVE,FALSE POSITIVE,0.0000,0,1,0,0,1.378649746,4.0000000e-07,-4.0000000e-07,169.7801130,2.220000e-04,-2.220000e-04,0.0990,0.0810,-0.0990,1.22320,0.01050,-0.01050,2.2462e+04,1.650e+02,-1.650e+02,6.51,5.200e-01,-7.700e-01,734.0,,,68.34,17.82,-19.72,172.20,1,q1_q17_dr25_tce,3440.00,68.00,-75.00,4.820,0.044,-0.040,0.4390,0.0350,-0.0520,285.185120,49.565369,15.373
12110786,K02665.01,,FALSE POSITIVE,FALSE POSITIVE,0.0000,0,0,1,0,1.112207126,5.8300000e-06,-5.8300000e-06,131.8505000,4.590000e-03,-4.590000e-03,0.4020,0.0380,-0.4020,1.35000,0.14300,-0.14300,5.4700e+01,5.400e+00,-5.400e+00,0.73,2.300e-01,-7.000e-02,1797.0,,,2467.09,2229.27,-707.62,13.00,1,q1_q17_dr25_tce,6046.00,162.00,-180.00,4.486,0.052,-0.208,0.9720,0.3000,-0.1000,291.532100,50.681599,13.823
5342061,K02666.01,,CANDIDATE,CANDIDATE,0.9890,0,0,0,0,64.034363000,1.0400000e-03,-1.0400000e-03,159.0432000,1.380000e-02,-1.380000e-02,0.9850,67.5200,-0.0420,9.17400,0.55500,-0.55500,7.5880e+02,5.370e+01,-5.370e+01,3.47,8.000e-01,-3.200e-01,411.0,,,6.72,4.63,-1.76,16.90,1,q1_q17_dr25_tce,5691.00,155.00,-155.00,4.561,0.050,-0.150,0.7830,0.1810,-0.0720,284.119780,40.524281,15.341
3654095,K02667.01,,FALSE POSITIVE,FALSE POSITIVE,0.0000,0,0,1,0,1.303576682,2.4900000e-06,-2.4900000e-06,133.0758000,1.660000e-03,-1.660000e-03,0.0800,0.3770,-0.0800,1.02100,0.06380,-0.06380,2.4550e+02,1.390e+01,-1.390e+01,1.51,4.500e-01,-1.600e-01,1694.0,,,1940.45,1738.40,-585.44,22.10,1,q1_q17_dr25_tce,6045.00,180.00,-198.00,4.494,0.052,-0.208,0.9550,0.2850,-0.1020,293.624420,38.732479,14.834
5078939,K02438.01,,FALSE POSITIVE,FALSE POSITIVE,0.0000,0,1,1,0,1.958577398,8.6780000e-06,-8.6780000e-06,132.2611500,3.730000e-03,-3.730000e-03,0.5900,0.3660,-0.3740,2.38800,0.12300,-0.12300,4.5300e+02,2.310e+01,-2.310e+01,1.80,3.700e-01,-1.400e-01,1252.0,,,579.19,380.92,-138.38,24.50,1,q1_q17_dr25_tce,5402.00,177.00,-160.00,4.568,0.034,-0.136,0.8160,0.1690,-0.0600,284.146090,40.272331,15.902
6867555,K02439.01,Kepler-1239 b,CONFIRMED,CANDIDATE,1.0000,0,0,0,0,5.191036990,2.8460000e-05,-2.8460000e-05,135.2162800,4.450000e-03,-4.450000e-03,0.1170,0.3240,-0.1160,4.22200,0.10500,-0.10500,2.9010e+02,1.270e+01,-1.270e+01,1.92,6.400e-01,-2.100e-01,1183.0,,,462.91,448.36,-152.69,25.20,1,q1_q17_dr25_tce,6321.00,174.00,-261.00,4.417,0.056,-0.224,1.1250,0.3700,-0.1230,293.127380,42.320099,15.438
5339567,K02440.01,Kepler-1240 b,CONFIRMED,CANDIDATE,0.9840,0,0,0,0,4.866385040,2.4210000e-05,-2.4210000e-05,134.0150100,4.010000e-03,-4.010000e-03,0.1760,0.2890,-0.1760,2.29600,0.13800,-0.13800,1.4380e+02,9.900e+00,-9.900e+00,1.32,2.000e-01,-1.800e-01,1121.0,,,372.70,149.35,-110.83,17.10,1,q1_q17_dr25_tce,5688.00,77.00,-77.00,4.333,0.132,-0.108,1.1110,0.1690,-0.1540,282.999730,40.557449,13.987
4459924,K02441.01,,FALSE POSITIVE,FALSE POSITIVE,0.0000,0,0,1,0,4.791769930,3.2980000e-05,-3.2980000e-05,134.0350200,6.180000e-03,-6.180000e-03,0.3720,0.0850,-0.3720,4.52000,0.16400,-0.16400,1.1660e+02,5.900e+00,-5.900e+00,0.81,4.000e-02,-6.000e-02,883.0,,,143.74,24.58,-27.40,23.00,1,q1_q17_dr25_tce,5138.00,84.00,-77.00,4.536,0.065,-0.025,0.7560,0.0360,-0.0550,290.239870,39.564529,14.287
11080405,K02442.01,Kepler-386 c,CONFIRMED,CANDIDATE,0.9990,0,0,0,0,25.193398900,1.6890000e-04,-1.6890000e-04,146.4301000,5.750000e-03,-5.750000e-03,0.6790,0.0250,-0.5170,4.62000,0.15100,-0.15100,4.8120e+02,2.830e+01,-2.830e+01,1.95,9.000e-02,-1.500e-01,513.0,,,16.34,2.70,-3.18,18.00,1,q1_q17_dr25_tce,5009.00,82.00,-75.00,4.491,0.077,-0.028,0.8400,0.0380,-0.0630,289.858890,48.693851,15.629
5529738,K02518.01,,FALSE POSITIVE,FALSE POSITIVE,0.0000,0,0,0,1,0.759762021,1.6680000e-06,-1.6680000e-06,131.7950600,1.840000e-03,-1.840000e-03,1.1830,0.1500,-0.1500,4.91200,0.12700,-0.12700,2.2700e+02,4.400e+00,-4.400e+00,24.20,7.050e+00,-3.020e+00,2280.0,,,6419.35,5490.39,-2119.33,65.30,1,q1_q17_dr25_tce,6386.00,173.00,-211.00,4.402,0.062,-0.188,1.1230,0.3270,-0.1400,290.536070,40.705849,14.871
4047631,K02519.01,,CANDIDATE,CANDIDATE,1.0000,0,0,0,0,4.790912471,7.9600000e-06,-7.9600000e-06,132.0153900,1.420000e-03,-1.420000e-03,0.9690,0.0200,-0.6690,0.51340,0.06890,-0.06890,3.6070e+02,2.390e+01,-2.390e+01,2.25,7.000e-02,-1.200e-01,717.0,,,62.51,8.83,-10.98,17.60,1,q1_q17_dr25_tce,4359.00,78.00,-87.00,4.601,0.045,-0.010,0.6760,0.0210,-0.0370,288.903900,39.154209,14.452
10059645,K02520.01,Kepler-1265 b,CONFIRMED,CANDIDATE,0.9650,0,0,0,0,6.494414640,3.1260000e-05,-3.1260000e-05,132.2518900,3.760000e-03,-3.760000e-03,0.9110,0.0250,-0.7070,2.34400,0.10300,-0.10300,3.5730e+02,2.360e+01,-2.360e+01,1.75,1.200e-01,-1.700e-01,732.0,,,68.05,18.62,-18.10,17.70,1,q1_q17_dr25_tce,4769.00,141.00,-127.00,4.557,0.065,-0.030,0.7420,0.0480,-0.0710,284.585780,47.079529,15.602
5364071,K00248.03,Kepler-49 d,CONFIRMED,CANDIDATE,1.0000,0,0,0,0,2.576571021,1.9510000e-06,-1.9510000e-06,172.1269110,6.170000e-04,-6.170000e-04,0.1870,0.0960,-0.1870,1.59970,0.01870,-0.01870,8.5280e+02,1.460e+01,-1.460e+01,1.57,9.000e-02,-1.200e-01,717.0,,,62.42,12.91,-13.65,63.60,2,q1_q17_dr25_tce,3834.00,77.00,-84.00,4.708,0.045,-0.021,0.5390,0.0300,-0.0410,292.294590,40.591789,15.264
7183745,K02521.01,Kepler-1266 b,CONFIRMED,CANDIDATE,1.0000,0,0,0,0,28.475000600,1.9440000e-04,-1.9440000e-04,154.5706000,5.900000e-03,-5.900000e-03,0.8350,0.0920,-0.6020,4.71800,0.16100,-0.16100,7.6380e+02,3.840e+01,-3.840e+01,2.64,1.000e-01,-1.900e-01,489.0,,,13.50,2.04,-2.55,21.40,1,q1_q17_dr25_tce,4996.00,82.00,-74.00,4.497,0.080,-0.025,0.8310,0.0320,-0.0600,285.869290,42.728088,15.860
8212002,K02593.01,Kepler-1285 b,CONFIRMED,CANDIDATE,1.0000,0,0,0,0,14.796630600,1.2580000e-04,-1.2580000e-04,142.7448400,6.410000e-03,-6.410000e-03,0.1820,0.2690,-0.1820,5.61300,0.18100,-0.18100,5.6100e+01,2.700e+00,-2.700e+00,0.98,1.600e-01,-1.000e-01,874.0,,,138.25,64.27,-36.42,22.40,1,q1_q17_dr25_tce,6175.00,110.00,-134.00,4.299,0.072,-0.108,1.3070,0.2200,-0.1350,281.835330,44.155918,11.714
8004903,K02594.01,Kepler-1286 b,CONFIRMED,CANDIDATE,0.9930,0,0,0,0,11.254018710,6.5130000e-05,-6.5130000e-05,136.8901000,5.480000e-03,-5.480000e-03,0.6030,0.3360,-0.3790,4.75900,0.19100,-0.19100,4.3340e+02,2.920e+01,-2.920e+01,2.42,7.500e-01,-4.000e-01,888.0,,,147.13,132.97,-57.61,17.00,1,q1_q17_dr25_tce,5995.00,163.00,-199.00,4.351,0.112,-0.192,1.1180,0.3440,-0.1850,280.258390,43.835758,15.166
8883329,K02595.01,Kepler-393 b,CONFIRMED,CANDIDATE,0.9930,0,0,0,0,9.182442990,6.7030000e-05,-6.7030000e-05,134.0460100,5.510000e-03,-5.510000e-03,0.2570,0.2030,-0.2570,4.31800,0.17800,-0.17800,8.7600e+01,4.800e+00,-4.800e+00,1.24,2.300e-01,-1.900e-01,1052.0,,,289.74,151.21,-99.18,20.30,1,q1_q17_dr25_tce,6194.00,124.00,-136.00,4.242,0.125,-0.125,1.3140,0.2440,-0.2000,290.995270,45.192211,13.223
8883329,K02595.02,Kepler-393 c,CONFIRMED,CANDIDATE,0.9320,0,0,0,0,14.613478100,1.5560000e-04,-1.5560000e-04,140.4136800,7.010000e-03,-7.010000e-03,0.0860,0.3590,-0.0860,5.26600,0.19000,-0.19000,7.2800e+01,5.200e+00,-5.200e+00,1.12,2.100e-01,-1.700e-01,901.0,,,155.87,81.34,-53.36,15.20,2,q1_q17_dr25_tce,6194.00,124.00,-136.00,4.242,0.125,-0.125,1.3140,0.2440,-0.2000,290.995270,45.192211,13.223
3644653,K02596.01,,FALSE POSITIVE,FALSE POSITIVE,0.0000,1,0,1,1,119.682075000,2.8210000e-03,-2.8210000e-03,176.0877000,1.960000e-02,-1.960000e-02,1.2590,6.7380,-0.0680,31.28000,1.00000,-1.00000,1.7041e+03,5.210e+01,-5.210e+01,30.39,8.570e+00,-2.870e+00,351.0,,,3.59,3.01,-1.00,38.10,1,q1_q17_dr25_tce,5778.00,162.00,-182.00,4.531,0.035,-0.196,0.9110,0.2570,-0.0860,291.200810,38.747849,15.903
11253827,K02672.02,Kepler-396 b,CONFIRMED,CANDIDATE,1.0000,0,0,0,0,42.992328400,1.7410000e-04,-1.7410000e-04,162.5053200,3.340000e-03,-3.340000e-03,0.6430,0.2460,-0.4200,4.72600,0.11000,-0.11000,1.1201e+03,3.710e+01,-3.710e+01,3.32,4.200e-01,-2.700e-01,496.0,,,14.33,5.44,-3.12,34.10,1,q1_q17_dr25_tce,5593.00,111.00,-111.00,4.450,0.068,-0.102,0.9450,0.1220,-0.0750,296.132810,48.977402,11.921
5514383,K00257.01,Kepler-506 b,CONFIRMED,CANDIDATE,1.0000,0,0,0,0,6.883412780,1.3360000e-05,-1.3360000e-05,172.6622700,1.490000e-03,-1.490000e-03,0.0830,0.3540,-0.0830,2.06740,0.05210,-0.05210,4.8740e+02,1.590e+01,-1.590e+01,2.63,7.000e-02,-9.000e-02,1080.0,,,321.63,32.39,-39.17,35.40,1,q1_q17_dr25_tce,6139.00,74.00,-86.00,4.359,0.012,-0.012,1.1930,0.0290,-0.0430,284.635190,40.719830,10.868
10747445,K02673.01,,FALSE POSITIVE,FALSE POSITIVE,0.0030,0,1,0,0,4.593595496,7.2220000e-06,-7.2220000e-06,134.8897100,1.590000e-03,-1.590000e-03,1.1470,50.4100,-0.3850,2.74680,0.03740,-0.03740,4.5034e+04,5.850e+02,-5.850e+02,44.14,1.288e+01,-4.290e+00,1022.0,,,258.12,227.21,-74.38,92.00,1,q1_q17_dr25_tce,5717.00,173.00,-190.00,4.538,0.036,-0.204,0.8840,0.2580,-0.0860,297.465940,48.089329,16.444
8022489,K02674.01,Kepler-1311 d,CONFIRMED,CANDIDATE,0.9890,0,0,0,0,197.511148400,3.6370000e-04,-3.6370000e-04,272.3864000,1.310000e-03,-1.310000e-03,0.8140,0.0130,-0.0190,11.10600,0.10100,-0.10100,2.5756e+03,1.600e+01,-1.600e+01,9.52,1.560e+00,-2.150e+00,391.0,,,5.54,2.65,-2.43,175.20,1,q1_q17_dr25_tce,5616.00,124.00,-90.00,4.004,0.202,-0.093,1.6740,0.2750,-0.3780,289.651250,43.824421,13.349
8022489,K02674.02,Kepler-1311 b,CONFIRMED,CANDIDATE,0.9860,0,0,0,0,11.172672300,1.1140000e-04,-1.1140000e-04,140.0076400,7.290000e-03,-7.290000e-03,0.5040,0.4370,-0.3060,6.10600,0.24200,-0.24200,7.6800e+01,4.700e+00,-4.700e+00,1.50,2.400e-01,-3.400e-01,1019.0,,,255.06,122.24,-111.75,17.00,3,q1_q17_dr25_tce,5616.00,124.00,-90.00,4.004,0.202,-0.093,1.6740,0.2750,-0.3780,289.651250,43.824421,13.349
8022489,K02674.03,Kepler-1311 c,CONFIRMED,CANDIDATE,0.9990,0,0,0,0,2.535732840,1.1090000e-05,-1.1090000e-05,133.0158100,3.730000e-03,-3.730000e-03,0.0540,0.4000,-0.0540,3.98900,0.11000,-0.11000,6.8000e+01,3.000e+00,-3.000e+00,1.36,2.300e-01,-3.000e-01,1671.0,,,1842.18,882.93,-807.12,25.50,2,q1_q17_dr25_tce,5616.00,124.00,-90.00,4.004,0.202,-0.093,1.6740,0.2750,-0.3780,289.651250,43.824421,13.349
9209624,K02443.01,Kepler-387 b,CONFIRMED,CANDIDATE,0.9960,0,0,0,0,6.791646560,4.3130000e-05,-4.3130000e-05,136.4851900,6.100000e-03,-6.100000e-03,0.1210,0.3470,-0.1210,3.34300,0.15100,-0.15100,1.0260e+02,6.400e+00,-6.400e+00,1.01,1.500e-01,-1.400e-01,994.0,,,230.81,97.53,-74.49,18.50,1,q1_q17_dr25_tce,5772.00,115.00,-104.00,4.351,0.150,-0.100,1.0030,0.1470,-0.1470,287.798190,45.656712,13.987
9209624,K02443.02,Kepler-387 c,CONFIRMED,CANDIDATE,0.9910,0,0,0,0,11.837693300,1.0510000e-04,-1.0510000e-04,142.2121200,8.300000e-03,-8.300000e-03,0.5570,0.4050,-0.3520,3.38100,0.19700,-0.19700,9.2900e+01,8.100e+00,-8.100e+00,1.00,1.500e-01,-1.500e-01,826.0,,,110.03,46.50,-35.51,12.70,2,q1_q17_dr25_tce,5772.00,115.00,-104.00,4.351,0.150,-0.100,1.0030,0.1470,-0.1470,287.798190,45.656712,13.987
3354846,K02444.01,Kepler-1241 b,CONFIRMED,CANDIDATE,0.9950,0,0,0,0,18.552516200,1.3720000e-04,-1.3720000e-04,135.5132200,6.520000e-03,-6.520000e-03,0.7800,0.1740,-0.5660,4.38500,0.21000,-0.21000,7.7150e+02,5.050e+01,-5.050e+01,2.53,6.500e-01,-2.100e-01,612.0,,,33.14,25.75,-8.88,17.20,1,q1_q17_dr25_tce,5569.00,166.00,-182.00,4.566,0.032,-0.179,0.8290,0.2130,-0.0710,294.576230,38.456970,15.714
6516185,K02445.01,,CANDIDATE,CANDIDATE,0.9890,0,0,0,0,47.365932800,8.3960000e-04,-8.3960000e-04,175.0355000,1.310000e-02,-1.310000e-02,1.0850,72.3100,-6.6960,7.92900,0.55800,-0.55800,7.5700e+02,5.480e+01,-5.480e+01,11.97,3.300e+00,-1.420e+00,481.0,,,12.62,10.47,-4.03,16.00,1,q1_q17_dr25_tce,5708.00,169.00,-186.00,4.482,0.078,-0.182,0.9020,0.2490,-0.1070,289.884460,41.906551,15.817
8478994,K00245.03,Kepler-37 b,CONFIRMED,CANDIDATE,,0,0,0,0,13.366930900,3.5990000e-04,-3.5990000e-04,184.0734000,1.840000e-02,-1.840000e-02,0.4064,0.0520,-0.4064,3.73300,0.64800,-0.64800,1.2200e+01,2.200e+00,-2.200e+00,0.27,1.000e-02,-1.000e-02,656.0,,,43.71,5.64,-5.10,7.40,,,5417.00,75.00,-75.00,4.567,0.040,-0.040,0.7720,0.0260,-0.0260,284.059540,44.518215,9.705
3946023,K02447.01,,FALSE POSITIVE,FALSE POSITIVE,0.0000,0,1,1,0,1.045492348,6.5760000e-06,-6.5760000e-06,132.2751700,4.880000e-03,-4.880000e-03,0.7080,0.2370,-0.4660,2.93300,0.21600,-0.21600,2.8700e+01,1.800e+00,-1.800e+00,0.83,1.800e-01,-2.200e-01,2291.0,,,6522.69,4201.27,-3352.96,21.70,1,q1_q17_dr25_tce,6057.00,164.00,-164.00,4.088,0.273,-0.117,1.4570,0.3140,-0.3840,289.078700,39.040340,12.804
7183745,K02521.02,Kepler-1266 c,CONFIRMED,CANDIDATE,0.9430,0,0,0,0,4.866340940,2.5000000e-05,-2.5000000e-05,353.3413100,3.790000e-03,-3.790000e-03,0.8950,0.0750,-0.6870,1.88500,0.13900,-0.13900,3.6670e+02,2.890e+01,-2.890e+01,1.94,7.000e-02,-1.400e-01,881.0,,,142.39,21.52,-26.92,15.20,2,q1_q17_dr25_tce,4996.00,82.00,-74.00,4.497,0.080,-0.025,0.8310,0.0320,-0.0600,285.869290,42.728088,15.860
9177629,K02522.01,Kepler-1848 b,CONFIRMED,CANDIDATE,1.0000,0,0,0,0,5.604023070,1.1640000e-05,-1.1640000e-05,133.8250800,1.750000e-03,-1.750000e-03,0.8000,0.1210,-0.5860,1.02730,0.06850,-0.06850,2.2490e+02,1.410e+01,-1.410e+01,1.25,7.000e-02,-6.000e-02,774.0,,,84.65,16.41,-14.22,20.60,1,q1_q17_dr25_tce,4847.00,97.00,-97.00,4.581,0.033,-0.030,0.7370,0.0370,-0.0370,299.381590,45.592239,13.713
7778767,K02523.01,Kepler-1267 b,CONFIRMED,CANDIDATE,0.9980,0,0,0,0,13.031358300,1.0420000e-04,-1.0420000e-04,144.1154400,6.620000e-03,-6.620000e-03,0.8130,0.1420,-0.5890,4.52100,0.16000,-0.16000,5.7330e+02,3.180e+01,-3.180e+01,2.88,4.300e-01,-4.000e-01,774.0,,,84.94,34.00,-25.17,18.90,1,q1_q17_dr25_tce,5514.00,74.00,-74.00,4.345,0.132,-0.108,1.0710,0.1630,-0.1480,299.169530,43.441090,15.829
7515762,K02524.01,Kepler-1268 b,CONFIRMED,CANDIDATE,0.9510,0,0,0,0,40.990500200,4.4010000e-04,-4.4010000e-04,132.4136000,8.520000e-03,-8.520000e-03,0.0480,0.4090,-0.0480,7.33600,0.24900,-0.24900,2.9730e+02,2.210e+01,-2.210e+01,2.41,4.200e-01,-4.600e-01,627.0,,,36.50,16.62,-13.77,15.40,1,q1_q17_dr25_tce,5842.00,79.00,-70.00,4.170,0.176,-0.095,1.4100,0.2460,-0.2700,287.838470,43.153229,15.272
5942949,K02525.01,Kepler-1849 b,CONFIRMED,CANDIDATE,0.8330,0,0,0,0,57.293230900,5.3150000e-04,-5.3150000e-04,146.2311200,6.260000e-03,-6.260000e-03,0.0210,0.4410,-0.0210,4.87800,0.24300,-0.24300,7.7360e+02,5.700e+01,-5.700e+01,1.95,1.400e-01,-1.800e-01,355.0,,,3.76,1.09,-1.00,15.70,1,q1_q17_dr25_tce,4806.00,144.00,-129.00,4.564,0.065,-0.030,0.7290,0.0510,-0.0700,285.291930,41.255692,15.699
12120307,K02597.01,Kepler-394 b,CONFIRMED,CANDIDATE,0.9960,0,0,0,0,8.005047490,5.0830000e-05,-5.0830000e-05,138.7122800,5.940000e-03,-5.940000e-03,0.0540,0.4050,-0.0540,3.32000,0.16600,-0.16600,1.8750e+02,1.320e+01,-1.320e+01,1.52,5.100e-01,-1.700e-01,1035.0,,,271.68,262.66,-85.79,15.60,1,q1_q17_dr25_tce,6398.00,157.00,-224.00,4.411,0.056,-0.210,1.1010,0.3700,-0.1230,296.301970,50.672321,14.790
12120307,K02597.02,Kepler-394 c,CONFIRMED,CANDIDATE,0.9690,0,0,0,0,12.130704140,9.6220000e-05,-9.6220000e-05,139.8985500,6.880000e-03,-6.880000e-03,0.0830,0.3650,-0.0830,3.84300,0.18500,-0.18500,2.1120e+02,1.510e+01,-1.510e+01,1.61,5.400e-01,-1.800e-01,901.0,,,155.85,150.68,-49.21,15.30,3,q1_q17_dr25_tce,6398.00,157.00,-224.00,4.411,0.056,-0.210,1.1010,0.3700,-0.1230,296.301970,50.672321,14.790
12120307,K02597.03,Kepler-394 d,CONFIRMED,CANDIDATE,0.9990,0,0,0,0,5.613576530,3.8420000e-05,-3.8420000e-05,131.8166900,5.400000e-03,-5.400000e-03,0.1190,0.3280,-0.1190,2.90500,0.14800,-0.14800,1.6230e+02,1.170e+01,-1.170e+01,1.41,4.800e-01,-1.600e-01,1165.0,,,435.61,421.15,-137.56,15.20,2,q1_q17_dr25_tce,6398.00,157.00,-224.00,4.411,0.056,-0.210,1.1010,0.3700,-0.1230,296.301970,50.672321,14.790
7446631,K02598.01,,CANDIDATE,CANDIDATE,1.0000,0,0,0,0,29.225437200,2.3030000e-04,-2.3030000e-04,143.9876400,5.190000e-03,-5.190000e-03,0.3840,0.0670,-0.3840,5.29300,0.19400,-0.19400,1.7410e+02,1.270e+01,-1.270e+01,1.35,4.400e-01,-1.500e-01,614.0,,,33.69,33.79,-10.54,15.70,1,q1_q17_dr25_tce,6049.00,190.00,-211.00,4.461,0.058,-0.232,1.0080,0.3330,-0.1110,292.324190,43.033451,14.162
9777251,K02600.01,,FALSE POSITIVE,FALSE POSITIVE,0.0000,0,0,1,1,1.332550870,1.6710000e-05,-1.6710000e-05,132.0590000,1.260000e-02,-1.260000e-02,0.4150,0.0330,-0.4150,3.56500,0.30500,-0.30500,1.2330e+02,1.090e+01,-1.090e+01,1.19,3.400e-01,-2.000e-01,1728.0,,,2107.29,1832.52,-834.00,14.00,1,q1_q17_dr25_tce,5774.00,172.00,-190.00,4.347,0.158,-0.193,1.0540,0.3050,-0.1780,294.535160,46.506149,15.053
6864893,K02375.01,,FALSE POSITIVE,FALSE POSITIVE,0.0000,0,1,1,1,40.879224300,3.9470000e-04,-3.9470000e-04,163.4158300,8.070000e-03,-8.070000e-03,0.7900,0.1510,-0.5630,7.00500,0.20700,-0.20700,4.1360e+02,2.020e+01,-2.020e+01,1.62,2.500e-01,-1.400e-01,437.0,,,8.59,4.37,-2.21,23.40,1,q1_q17_dr25_tce,5383.00,160.00,-160.00,4.609,0.039,-0.091,0.7200,0.1140,-0.0610,292.360260,42.398022,14.923
11701407,K02376.01,Kepler-1214 b,CONFIRMED,CANDIDATE,0.9420,0,0,0,0,18.826287700,1.1140000e-04,-1.1140000e-04,134.7032200,4.880000e-03,-4.880000e-03,0.1980,0.2490,-0.1980,2.34400,0.11500,-0.11500,7.9580e+02,4.700e+01,-4.700e+01,2.34,3.300e-01,-3.000e-01,591.0,,,28.85,14.37,-9.89,19.90,1,q1_q17_dr25_tce,5215.00,184.00,-184.00,4.481,0.105,-0.115,0.8450,0.1200,-0.1090,285.142640,49.800671,15.279
5906426,K02377.01,,CANDIDATE,CANDIDATE,0.8930,0,0,0,0,13.903405700,1.0070000e-04,-1.0070000e-04,143.5231700,5.880000e-03,-5.880000e-03,0.8710,0.0910,-0.6380,3.40800,0.16900,-0.16900,2.6140e+02,1.960e+01,-1.960e+01,1.55,3.100e-01,-1.600e-01,646.0,,,41.08,30.82,-14.46,15.30,1,q1_q17_dr25_tce,5261.00,265.00,-265.00,4.523,0.076,-0.123,0.8190,0.1630,-0.0880,299.292270,41.153080,14.782
11288051,K00241.03,Kepler-124 b,CONFIRMED,CANDIDATE,1.0000,0,0,0,0,3.410459810,1.3610000e-05,-1.3610000e-05,131.5806200,3.040000e-03,-3.040000e-03,0.9710,0.0100,-0.6820,2.86600,0.10000,-0.10000,1.3620e+02,6.800e+00,-6.800e+00,1.06,7.000e-02,-4.000e-02,892.0,,,149.88,35.07,-21.68,22.50,3,q1_q17_dr25_tce,4983.00,100.00,-100.00,4.660,0.017,-0.052,0.6510,0.0440,-0.0240,286.752780,49.064911,14.139
10813132,K02378.01,Kepler-1215 b,CONFIRMED,CANDIDATE,0.8360,0,0,0,0,4.767027590,2.4600000e-05,-2.4600000e-05,132.6936800,4.090000e-03,-4.090000e-03,0.0770,0.3840,-0.0770,2.01300,0.14000,-0.14000,1.6340e+02,1.360e+01,-1.360e+01,1.19,3.100e-01,-1.700e-01,1046.0,,,282.97,219.67,-96.24,14.30,1,q1_q17_dr25_tce,5629.00,152.00,-152.00,4.430,0.120,-0.180,0.9370,0.2470,-0.1330,297.463620,48.181412,14.431
5857540,K02448.01,Kepler-1242 b,CONFIRMED,CANDIDATE,1.0000,0,0,0,0,13.628010480,6.2290000e-05,-6.2290000e-05,135.4507300,4.030000e-03,-4.030000e-03,0.9270,0.0060,-0.6510,3.53740,0.09760,-0.09760,9.1280e+02,3.870e+01,-3.870e+01,3.28,4.200e-01,-4.200e-01,639.0,,,39.48,18.78,-13.36,26.70,1,q1_q17_dr25_tce,5052.00,192.00,-174.00,4.480,0.105,-0.105,0.8550,0.1090,-0.1090,284.606200,41.196381,15.462
12208631,K02449.01,,CANDIDATE,CANDIDATE,1.0000,0,0,0,0,53.358044400,5.7130000e-04,-5.7130000e-04,138.3849800,8.940000e-03,-8.940000e-03,0.9050,0.0340,-0.6550,6.81200,0.18400,-0.18400,7.3610e+02,3.940e+01,-3.940e+01,3.41,4.500e-01,-4.100e-01,474.0,,,11.94,4.33,-3.18,19.70,1,q1_q17_dr25_tce,5481.00,82.00,-74.00,4.369,0.121,-0.099,1.0360,0.1380,-0.1240,291.550510,50.825611,15.114
7289317,K02450.01,Kepler-1243 b,CONFIRMED,CANDIDATE,0.9680,0,0,0,0,16.832031750,8.5320000e-05,-8.5320000e-05,140.5304100,4.690000e-03,-4.690000e-03,0.5330,0.4160,-0.3310,4.03100,0.12900,-0.12900,3.2600e+02,1.610e+01,-1.610e+01,1.86,2.500e-01,-1.800e-01,690.0,,,53.44,19.29,-12.54,21.60,1,q1_q17_dr25_tce,5518.00,74.00,-83.00,4.400,0.100,-0.100,1.0080,0.1370,-0.0990,294.009460,42.880772,14.834
6500206,K02451.01,,FALSE POSITIVE,FALSE POSITIVE,0.0000,0,1,0,0,13.374995530,4.8190000e-05,-4.8190000e-05,142.3815300,2.960000e-03,-2.960000e-03,0.0450,0.4300,-0.0450,1.63900,0.10000,-0.10000,4.5810e+02,3.140e+01,-3.140e+01,2.01,2.000e-01,-2.400e-01,703.0,,,57.85,16.38,-15.82,16.90,1,q1_q17_dr25_tce,5263.00,78.00,-78.00,4.404,0.114,-0.066,0.9610,0.0960,-0.1170,283.178800,41.989922,14.738
5545815,K02452.01,,FALSE POSITIVE,FALSE POSITIVE,0.0100,0,0,1,0,4.353701360,2.8700000e-05,-2.8700000e-05,134.0942600,4.820000e-03,-4.820000e-03,0.5350,0.0300,-0.4540,1.91300,0.17300,-0.17300,1.6890e+02,1.720e+01,-1.720e+01,1.33,3.500e-01,-2.400e-01,1179.0,,,456.83,372.13,-184.55,12.20,1,q1_q17_dr25_tce,5992.00,179.00,-179.00,4.382,0.149,-0.182,0.9850,0.2660,-0.1770,295.260680,40.766392,14.685
3116302,K02526.01,,FALSE POSITIVE,FALSE POSITIVE,,0,0,0,0,134.966940000,1.4840000e-02,-1.4840000e-02,205.9674000,8.200000e-02,-8.200000e-02,0.0156,0.4553,-0.0156,18.43000,4.60000,-4.60000,6.8400e+01,1.650e+01,-1.650e+01,0.87,4.300e-01,-9.000e-02,385.0,,,5.18,7.36,-1.49,6.90,,,6154.00,146.00,-186.00,4.416,0.062,-0.308,1.0530,0.5110,-0.1070,291.398860,38.228611,13.314
7879433,K02527.01,Kepler-1850 b,CONFIRMED,CANDIDATE,0.9820,0,0,0,0,1.385787741,4.3970000e-06,-4.3970000e-06,135.4911900,2.750000e-03,-2.750000e-03,0.3500,0.1130,-0.3500,1.64490,0.08880,-0.08880,8.5400e+01,5.500e+00,-5.500e+00,0.55,3.000e-02,-3.000e-02,1008.0,,,245.15,45.34,-41.64,19.10,1,q1_q17_dr25_tce,4239.00,84.00,-84.00,4.667,0.025,-0.022,0.6000,0.0280,-0.0310,287.142700,43.616051,14.131
9205907,K02528.01,Kepler-1851 b,CONFIRMED,CANDIDATE,0.9970,0,0,0,0,12.022953620,2.7880000e-05,-2.7880000e-05,136.2068700,2.100000e-03,-2.100000e-03,0.9650,0.0190,-0.7570,1.26670,0.06550,-0.06550,7.7860e+02,5.230e+01,-5.230e+01,3.28,9.500e-01,-3.200e-01,776.0,,,85.78,74.17,-24.34,20.10,1,q1_q17_dr25_tce,5982.00,167.00,-188.00,4.535,0.048,-0.204,0.8790,0.2570,-0.0860,285.673770,45.639858,15.646
8463346,K02529.01,Kepler-436 c,CONFIRMED,CANDIDATE,0.9820,0,0,0,0,16.797162620,9.5490000e-05,-9.5490000e-05,134.0417000,4.510000e-03,-4.510000e-03,0.8990,0.0370,-0.6360,3.83000,0.11900,-0.11900,1.0238e+03,5.420e+01,-5.420e+01,2.75,1.300e-01,-1.200e-01,503.0,,,15.19,2.60,-2.25,21.20,1,q1_q17_dr25_tce,4652.00,74.00,-83.00,4.617,0.020,-0.032,0.6970,0.0340,-0.0300,301.720760,44.412060,15.856
5364071,K00248.04,Kepler-49 e,CONFIRMED,CANDIDATE,0.9990,0,0,0,0,18.596115180,4.8710000e-05,-4.8710000e-05,141.2633100,2.090000e-03,-2.090000e-03,0.0140,0.3870,-0.0140,2.30520,0.05990,-0.05990,8.1380e+02,3.150e+01,-3.150e+01,1.53,8.000e-02,-1.200e-01,371.0,,,4.48,0.92,-0.98,27.60,4,q1_q17_dr25_tce,3834.00,77.00,-84.00,4.708,0.045,-0.021,0.5390,0.0300,-0.0410,292.294590,40.591789,15.264
10489206,K00251.02,Kepler-125 c,CONFIRMED,CANDIDATE,0.9970,0,0,0,0,5.774403260,3.0590000e-05,-3.0590000e-05,132.9669500,4.550000e-03,-4.550000e-03,0.4250,0.5150,-0.2270,1.76800,0.12700,-0.12700,2.4530e+02,2.350e+01,-2.350e+01,0.80,6.000e-02,-6.000e-02,529.0,,,18.60,4.57,-4.29,11.80,2,q1_q17_dr25_tce,3808.00,76.00,-84.00,4.754,0.036,-0.036,0.5080,0.0370,-0.0420,298.258120,47.604939,14.752
7531677,K02601.01,,FALSE POSITIVE,FALSE POSITIVE,0.4240,0,0,1,0,2.622134451,9.9190000e-06,-9.9190000e-06,131.8732300,3.860000e-03,-3.860000e-03,0.6640,0.0010,-0.5260,4.73500,0.11700,-0.11700,1.2820e+02,3.500e+00,-3.500e+00,1.64,2.700e-01,-3.100e-01,1548.0,,,1359.14,604.35,-508.23,42.90,1,q1_q17_dr25_tce,5864.00,79.00,-79.00,4.199,0.162,-0.108,1.3690,0.2330,-0.2560,292.994690,43.180672,13.915
10068659,K02602.01,Kepler-1287 b,CONFIRMED,CANDIDATE,0.9930,0,0,0,0,11.476852630,6.6840000e-05,-6.6840000e-05,139.6319400,4.760000e-03,-4.760000e-03,0.0700,0.3910,-0.0700,2.75600,0.13500,-0.13500,2.4060e+02,1.680e+01,-1.680e+01,1.58,2.100e-01,-1.800e-01,796.0,,,94.94,34.55,-23.59,16.50,1,q1_q17_dr25_tce,5550.00,83.00,-74.00,4.384,0.105,-0.105,1.0320,0.1380,-0.1130,289.134670,47.062988,15.051
2443393,K02603.01,,CANDIDATE,CANDIDATE,0.8840,0,0,0,0,73.711039000,1.0270000e-03,-1.0270000e-03,202.7848000,1.230000e-02,-1.230000e-02,0.2840,0.1640,-0.2830,10.06200,0.27400,-0.27400,1.3670e+02,7.500e+00,-7.500e+00,1.77,3.500e-01,-2.800e-01,563.0,,,23.81,12.68,-8.42,21.10,1,q1_q17_dr25_tce,6374.00,113.00,-139.00,4.193,0.130,-0.130,1.5020,0.2930,-0.2400,291.457550,37.742935,12.643
9019191,K02604.01,,CANDIDATE,CANDIDATE,0.7420,0,0,0,0,14.433483260,8.2150000e-05,-8.2150000e-05,143.6078300,4.920000e-03,-4.920000e-03,1.1850,67.1900,-0.2210,2.66300,0.24200,-0.24200,5.2680e+02,4.330e+01,-4.330e+01,16.25,1.760e+00,-1.180e+00,558.0,,,22.91,8.40,-5.48,14.80,1,q1_q17_dr25_tce,4915.00,133.00,-148.00,4.627,0.027,-0.063,0.7020,0.0760,-0.0510,290.824370,45.355019,15.323
9718379,K02379.01,,FALSE POSITIVE,FALSE POSITIVE,0.0000,0,1,1,0,40.008889400,2.4240000e-04,-2.4240000e-04,141.7447500,4.910000e-03,-4.910000e-03,1.1600,70.4800,-4.0380,3.61600,0.25400,-0.25400,5.8230e+02,3.520e+01,-3.520e+01,20.75,6.050e+00,-3.020e+00,585.0,,,27.65,23.89,-10.17,20.20,1,q1_q17_dr25_tce,6237.00,176.00,-220.00,4.403,0.101,-0.188,1.0230,0.2980,-0.1490,295.065830,46.466389,15.040
3002478,K02380.01,,CANDIDATE,CANDIDATE,0.9990,0,0,0,0,6.357053140,1.7520000e-05,-1.7520000e-05,135.4775600,2.300000e-03,-2.300000e-03,0.0230,0.4340,-0.0230,1.32400,0.10400,-0.10400,2.7220e+02,2.080e+01,-2.080e+01,1.59,4.900e-01,-1.700e-01,990.0,,,227.07,213.35,-67.79,17.30,1,q1_q17_dr25_tce,5982.00,180.00,-198.00,4.493,0.052,-0.221,0.9600,0.3000,-0.1000,294.185610,38.108669,14.216
4055774,K02381.01,,FALSE POSITIVE,FALSE POSITIVE,0.0000,0,0,1,1,6.587388390,7.8270000e-05,-7.8270000e-05,133.3576800,9.160000e-03,-9.160000e-03,0.5230,0.4460,-0.3120,4.75800,0.26600,-0.26600,2.5850e+02,1.890e+01,-1.890e+01,1.35,3.400e-01,-1.100e-01,871.0,,,136.02,103.98,-33.74,15.70,1,q1_q17_dr25_tce,5616.00,169.00,-152.00,4.564,0.032,-0.168,0.8220,0.2070,-0.0690,291.179990,39.105080,15.575
6670075,K02382.01,,FALSE POSITIVE,FALSE POSITIVE,0.0000,0,1,1,0,0.759706632,1.7310000e-06,-1.7310000e-06,131.7692000,2.360000e-03,-2.360000e-03,0.5200,0.4380,-0.3190,1.08960,0.06340,-0.06340,3.9700e+01,2.400e+00,-2.400e+00,1.38,3.700e-01,-3.000e-01,3834.0,,,51080.76,40569.52,-25473.28,21.60,1,q1_q17_dr25_tce,8621.00,235.00,-404.00,4.101,0.131,-0.160,2.0940,0.5640,-0.4620,284.032930,42.168709,12.438
9395024,K02383.01,Kepler-1216 b,CONFIRMED,CANDIDATE,0.9980,0,0,0,0,4.370332330,2.0220000e-05,-2.0220000e-05,131.9269600,3.880000e-03,-3.880000e-03,0.0930,0.3540,-0.0930,2.84500,0.12600,-0.12600,1.7780e+02,1.150e+01,-1.150e+01,1.56,2.400e-01,-2.400e-01,1191.0,,,475.39,192.38,-153.04,17.70,1,q1_q17_dr25_tce,5657.00,76.00,-76.00,4.282,0.156,-0.104,1.1820,0.1820,-0.1820,287.405330,45.918011,15.133
8631751,K02453.01,,CANDIDATE,CANDIDATE,1.0000,0,0,0,0,1.530515205,1.6770000e-06,-1.6770000e-06,131.8675060,9.130000e-04,-9.130000e-04,0.8820,0.0590,-0.6620,0.59450,0.05280,-0.05280,6.5970e+02,3.050e+01,-3.050e+01,0.84,1.700e-01,-1.500e-01,608.0,,,32.46,19.25,-11.82,23.20,1,q1_q17_dr25_tce,3462.00,76.00,-69.00,5.004,0.065,-0.065,0.2590,0.0540,-0.0440,294.468480,44.753960,15.630
11401822,K02454.01,,FALSE POSITIVE,FALSE POSITIVE,0.0000,0,1,0,1,1.080702940,1.0820000e-05,-1.0820000e-05,131.8668600,6.540000e-03,-6.540000e-03,0.6880,0.2590,-0.4740,3.36300,0.25000,-0.25000,1.4560e+02,1.010e+01,-1.010e+01,1.04,2.300e-01,-1.100e-01,1565.0,,,1419.52,1003.16,-445.87,17.60,1,q1_q17_dr25_tce,5482.00,199.00,-199.00,4.539,0.057,-0.133,0.8130,0.1760,-0.0880,291.286320,49.243080,15.986
6507427,K02455.01,,FALSE POSITIVE,FALSE POSITIVE,0.0000,0,0,0,1,4.742545180,1.7090000e-05,-1.7090000e-05,133.1391600,3.060000e-03,-3.060000e-03,0.0510,0.3970,-0.0500,1.02300,0.11500,-0.11500,3.0570e+02,3.380e+01,-3.380e+01,1.77,5.000e-01,-2.000e-01,1118.0,,,369.34,310.58,-117.36,13.20,1,q1_q17_dr25_tce,6046.00,169.00,-211.00,4.478,0.048,-0.192,1.0070,0.2860,-0.1140,286.507390,41.922131,14.413
5521300,K02456.01,,FALSE POSITIVE,FALSE POSITIVE,0.0000,0,1,1,0,18.135599790,7.7600000e-05,-7.7600000e-05,138.3155700,3.480000e-03,-3.480000e-03,1.1940,69.1600,-0.3300,2.01900,0.18500,-0.18500,4.5270e+02,3.440e+01,-3.440e+01,24.49,7.830e+00,-2.620e+00,744.0,,,72.36,68.31,-22.30,16.40,1,q1_q17_dr25_tce,6184.00,172.00,-216.00,4.448,0.054,-0.202,1.0380,0.3320,-0.1110,287.760830,40.742771,14.990
8478994,K00245.04,Kepler-37 e,CONFIRMED,FALSE POSITIVE,,1,0,0,0,51.206903030,,,195.7303000,,,,,,8.99000,,,,,,,,,,,,,,,,,,,,,,,,,,,284.059540,44.518215,9.705
9753154,K02457.01,Kepler-1244 b,CONFIRMED,CANDIDATE,0.9990,0,0,0,0,3.704290150,2.5610000e-05,-2.5610000e-05,132.2147800,5.560000e-03,-5.560000e-03,0.0010,0.4480,-0.0010,3.37000,0.16500,-0.16500,5.5700e+01,4.200e+00,-4.200e+00,1.45,3.100e-01,-4.500e-01,1839.0,,,2708.57,1645.31,-1578.00,15.90,1,q1_q17_dr25_tce,6732.00,163.00,-204.00,3.958,0.273,-0.117,1.9270,0.4020,-0.6030,282.301210,46.516201,12.402
9011825,K02530.01,Kepler-1269 b,CONFIRMED,CANDIDATE,0.9960,0,0,0,0,37.333116500,3.5140000e-04,-3.5140000e-04,162.9045300,7.350000e-03,-7.350000e-03,0.8510,0.0710,-0.6360,7.64300,0.20000,-0.20000,1.8780e+02,9.600e+00,-9.600e+00,2.50,3.800e-01,-5.700e-01,657.0,,,44.17,17.75,-19.30,22.50,1,q1_q17_dr25_tce,5623.00,75.00,-75.00,4.079,0.189,-0.081,1.5880,0.2430,-0.3640,287.805570,45.340549,13.611
4172746,K02531.01,,CANDIDATE,CANDIDATE,0.9960,0,0,0,0,17.699739200,1.0800000e-04,-1.0800000e-04,140.9495800,5.170000e-03,-5.170000e-03,0.1050,0.3510,-0.1050,2.76000,0.15500,-0.15500,7.5270e+02,4.510e+01,-4.510e+01,1.96,1.700e-01,-1.600e-01,523.0,,,17.73,6.18,-4.82,19.80,1,q1_q17_dr25_tce,4807.00,172.00,-172.00,4.583,0.041,-0.045,0.7420,0.0610,-0.0610,295.103910,39.268749,15.440
5174858,K02532.01,Kepler-1852 b,CONFIRMED,CANDIDATE,0.9980,0,0,0,0,7.970971900,2.1830000e-05,-2.1830000e-05,134.0507000,2.320000e-03,-2.320000e-03,0.9110,0.0020,-0.6450,1.28930,0.08740,-0.08740,4.8840e+02,3.480e+01,-3.480e+01,2.27,3.400e-01,-1.600e-01,760.0,,,79.10,38.66,-18.40,17.30,1,q1_q17_dr25_tce,5237.00,157.00,-157.00,4.572,0.028,-0.112,0.8260,0.1240,-0.0570,288.029690,40.344151,15.430
11074835,K02533.01,Kepler-1270 b,CONFIRMED,CANDIDATE,0.9500,0,0,0,0,6.033555390,6.4950000e-05,-6.4950000e-05,137.1210000,7.390000e-03,-7.390000e-03,0.3500,0.1000,-0.3500,10.04900,0.24300,-0.24300,8.9500e+01,3.800e+00,-3.800e+00,3.34,7.100e-01,-5.700e-01,1598.0,,,1540.84,853.28,-539.21,26.10,1,q1_q17_dr25_tce,4924.00,74.00,-66.00,3.356,0.140,-0.126,3.5880,0.7530,-0.6160,286.715640,48.645279,13.274
1996180,K02534.01,Kepler-1271 b,CONFIRMED,CANDIDATE,0.9990,0,0,0,0,3.025584940,1.2020000e-05,-1.2020000e-05,134.3674400,3.480000e-03,-3.480000e-03,0.8390,0.0350,-0.5730,3.00080,0.09110,-0.09110,1.2830e+02,5.900e+00,-5.900e+00,1.62,2.900e-01,-2.500e-01,1484.0,,,1148.47,592.81,-389.77,23.80,1,q1_q17_dr25_tce,6123.00,122.00,-134.00,4.263,0.137,-0.112,1.2630,0.2320,-0.1900,286.344300,37.411968,13.925
10407221,K02605.01,,FALSE POSITIVE,FALSE POSITIVE,0.0000,0,0,1,1,0.933746783,3.2750000e-06,-3.2750000e-06,131.5196200,3.520000e-03,-3.520000e-03,0.0070,0.2910,-0.0060,4.25500,0.11400,-0.11400,4.1750e+02,8.600e+00,-8.600e+00,1.30,1.000e-01,-1.100e-01,1309.0,,,696.63,205.15,-181.72,62.80,1,q1_q17_dr25_tce,4643.00,126.00,-140.00,4.610,0.052,-0.028,0.6630,0.0520,-0.0570,292.844480,47.550419,15.647
5991936,K02606.01,,FALSE POSITIVE,FALSE POSITIVE,,0,0,1,0,6.097403160,6.1320000e-05,-6.1320000e-05,133.3240200,8.230000e-03,-8.230000e-03,1.2051,0.4466,-0.2258,4.63500,0.46900,-0.46900,5.6850e+02,4.750e+01,-4.750e+01,45.49,3.021e+01,-5.400e+00,1826.0,,,2630.31,5648.18,-905.71,14.00,1,q1_q17_dr24_tce,8828.00,287.00,-366.00,4.227,0.052,-0.375,1.8280,1.2140,-0.2170,299.548650,41.241371,13.424
5095635,K02607.01,,CANDIDATE,CANDIDATE,1.0000,0,0,0,0,0.754457729,7.8100000e-07,-7.8100000e-07,134.9835220,8.950000e-04,-8.950000e-04,0.6770,0.0110,-0.5120,0.58910,0.07150,-0.07150,2.4820e+02,1.390e+01,-1.390e+01,2.07,3.200e-01,-4.000e-01,2131.0,,,4879.62,2028.19,-1843.14,31.10,1,q1_q17_dr25_tce,5561.00,83.00,-75.00,4.250,0.174,-0.101,1.1930,0.1850,-0.2260,290.684690,40.255451,14.482
6269070,K02608.01,Kepler-1288 b,CONFIRMED,CANDIDATE,0.9850,0,0,0,0,2.761223700,2.0520000e-05,-2.0520000e-05,131.6081000,5.680000e-03,-5.680000e-03,0.2380,0.2180,-0.2380,3.68100,0.18100,-0.18100,6.6800e+01,5.500e+00,-5.500e+00,1.84,4.600e-01,-8.400e-01,2017.0,,,3906.36,2880.81,-2913.18,14.20,1,q1_q17_dr25_tce,6381.00,181.00,-227.00,3.897,0.405,-0.135,2.2320,0.5500,-1.0220,285.713500,41.605885,13.321
6705137,K02609.01,,FALSE POSITIVE,FALSE POSITIVE,0.0000,0,0,1,1,5.597276250,2.1900000e-05,-2.1900000e-05,131.8679800,3.400000e-03,-3.400000e-03,0.4030,0.0600,-0.4030,1.65900,0.11800,-0.11800,2.0080e+02,1.550e+01,-1.550e+01,1.26,3.600e-01,-1.200e-01,975.0,,,213.15,177.55,-58.30,15.30,1,q1_q17_dr25_tce,5796.00,155.00,-172.00,4.522,0.060,-0.192,0.8760,0.2490,-0.0830,295.433750,42.167660,14.626
12254688,K02384.01,,CANDIDATE,CANDIDATE,0.0150,0,0,0,0,62.682576900,2.8390000e-04,-2.8390000e-04,182.2295900,3.590000e-03,-3.590000e-03,1.0950,7.1020,-0.1130,2.32700,0.16600,-0.16600,3.9890e+02,2.640e+01,-2.640e+01,39.80,5.100e+00,-1.429e+01,916.0,,,166.36,69.32,-106.58,17.80,1,q1_q17_dr25_tce,7058.00,191.00,-233.00,3.648,0.328,-0.082,3.1010,0.3980,-1.1130,289.373810,50.934341,13.072
8345172,K02385.01,,FALSE POSITIVE,FALSE POSITIVE,0.0000,0,1,1,0,50.571580500,2.8080000e-04,-2.8080000e-04,161.1136600,4.410000e-03,-4.410000e-03,0.0740,0.3770,-0.0740,3.72600,0.13400,-0.13400,1.2826e+03,7.300e+01,-7.300e+01,2.74,4.300e-01,-2.300e-01,406.0,,,6.44,3.24,-1.66,19.90,1,q1_q17_dr25_tce,5262.00,158.00,-158.00,4.590,0.032,-0.104,0.7830,0.1220,-0.0660,282.017400,44.385780,15.812
4172013,K02386.01,,CANDIDATE,CANDIDATE,1.0000,0,0,0,0,16.270720700,2.2290000e-04,-2.2290000e-04,145.0970000,1.120000e-02,-1.120000e-02,1.1870,7.1630,-0.1660,5.70700,0.57900,-0.57900,4.6800e+02,4.380e+01,-4.380e+01,28.42,4.680e+00,-3.110e+00,827.0,,,110.79,47.43,-27.69,13.00,1,q1_q17_dr25_tce,6117.00,79.00,-85.00,4.315,0.084,-0.126,1.2440,0.2050,-0.1360,294.940090,39.232571,14.940
12254378,K02387.01,Kepler-1217 b,CONFIRMED,CANDIDATE,0.9990,0,0,0,0,2.032319072,5.3270000e-06,-5.3270000e-06,132.3215700,2.390000e-03,-2.390000e-03,0.1330,0.3320,-0.1330,1.67620,0.06900,-0.06900,3.1550e+02,1.490e+01,-1.490e+01,1.87,6.100e-01,-2.000e-01,1542.0,,,1333.35,1277.72,-427.18,24.50,1,q1_q17_dr25_tce,6156.00,171.00,-236.00,4.443,0.054,-0.216,1.0500,0.3410,-0.1140,289.186680,50.937561,15.298
4247791,K00028.01,,FALSE POSITIVE,FALSE POSITIVE,0.0000,0,1,0,0,4.100870416,3.6100000e-07,-3.6100000e-07,168.1460533,7.020000e-05,-7.020000e-05,0.9380,0.0150,-0.0140,8.15361,0.00405,-0.00405,1.2352e+05,5.480e+01,-5.480e+01,82.46,2.179e+01,-2.419e+01,1413.0,,,939.61,760.99,-532.96,2619.20,1,q1_q17_dr25_tce,5923.00,187.00,-208.00,4.118,0.286,-0.154,1.5100,0.3990,-0.4430,287.164860,39.376942,11.260
7604328,K02458.01,Kepler-1245 b,CONFIRMED,CANDIDATE,0.9980,0,0,0,0,4.354073710,2.0440000e-05,-2.0440000e-05,132.8569500,3.940000e-03,-3.940000e-03,0.7340,0.2080,-0.5320,2.42700,0.10400,-0.10400,2.7710e+02,1.610e+01,-1.610e+01,1.63,3.900e-01,-2.500e-01,1043.0,,,279.53,199.23,-103.12,19.00,2,q1_q17_dr25_tce,5455.00,162.00,-162.00,4.421,0.149,-0.198,0.9090,0.2130,-0.1420,290.744320,43.260780,15.404
11236244,K02460.01,Kepler-1246 b,CONFIRMED,CANDIDATE,0.9560,0,0,0,0,11.322697490,9.5400000e-05,-9.5400000e-05,136.0551100,5.350000e-03,-5.350000e-03,0.9510,0.0260,-0.6900,3.51700,0.13400,-0.13400,3.1100e+02,2.270e+01,-2.270e+01,1.51,1.200e-01,-1.300e-01,554.0,,,22.24,6.58,-5.82,16.00,1,q1_q17_dr25_tce,4563.00,123.00,-136.00,4.624,0.048,-0.028,0.6420,0.0510,-0.0560,287.657410,48.982159,15.006
9837685,K02461.01,Kepler-1247 b,CONFIRMED,CANDIDATE,1.0000,0,0,0,0,13.712185220,6.0130000e-05,-6.0130000e-05,135.5187500,3.950000e-03,-3.950000e-03,0.6800,0.2710,-0.4670,2.43700,0.09940,-0.09940,7.8670e+02,4.040e+01,-4.040e+01,2.47,6.000e-01,-2.400e-01,676.0,,,49.26,37.19,-14.05,22.60,1,q1_q17_dr25_tce,5550.00,182.00,-182.00,4.562,0.042,-0.168,0.8310,0.2010,-0.0800,294.533540,46.618271,15.935
5042210,K02462.01,Kepler-1838 b,CONFIRMED,CANDIDATE,0.9960,0,0,0,0,12.146846250,8.2000000e-05,-8.2000000e-05,131.5562300,6.050000e-03,-6.050000e-03,0.6870,0.0290,-0.5100,6.19700,0.15800,-0.15800,7.0700e+01,3.000e+00,-3.000e+00,1.75,2.500e-01,-4.500e-01,1097.0,,,342.49,138.03,-168.51,27.10,1,q1_q17_dr25_tce,5877.00,116.00,-116.00,3.927,0.203,-0.087,1.9630,0.2730,-0.5070,298.991700,40.142422,11.821
12454461,K02463.01,Kepler-1248 b,CONFIRMED,CANDIDATE,0.7430,0,0,0,0,7.467189580,5.6550000e-05,-5.6550000e-05,136.3934800,5.810000e-03,-5.810000e-03,0.4860,0.0500,-0.4360,3.63300,0.17200,-0.17200,7.5700e+01,4.600e+00,-4.600e+00,1.04,1.700e-01,-6.000e-02,1035.0,,,271.25,123.26,-53.59,18.80,1,q1_q17_dr25_tce,6161.00,98.00,-147.00,4.399,0.032,-0.128,1.1690,0.1970,-0.0700,288.059300,51.354450,12.770
1996180,K02534.02,,CANDIDATE,CANDIDATE,0.9220,0,0,0,0,5.422042570,6.8470000e-05,-6.8470000e-05,133.4602100,8.640000e-03,-8.640000e-03,0.9400,0.0370,-0.6400,2.95200,0.22300,-0.22300,7.9100e+01,8.200e+00,-8.200e+00,1.39,2.600e-01,-2.100e-01,1222.0,,,527.11,272.08,-178.89,10.70,2,q1_q17_dr25_tce,6123.00,122.00,-134.00,4.263,0.137,-0.112,1.2630,0.2320,-0.1900,286.344300,37.411968,13.925
9635606,K02535.01,Kepler-1853 b,CONFIRMED,CANDIDATE,0.9990,0,0,0,0,48.888266800,6.6490000e-04,-6.6490000e-04,153.8341000,9.220000e-03,-9.220000e-03,0.9880,0.0050,-0.6870,6.46800,0.56300,-0.56300,4.6280e+02,3.780e+01,-3.780e+01,2.96,1.000e-01,-1.700e-01,386.0,,,5.23,0.73,-0.88,13.50,1,q1_q17_dr25_tce,4821.00,76.00,-76.00,4.529,0.060,-0.020,0.7880,0.0270,-0.0460,284.747920,46.373619,14.985
3728701,K02536.01,Kepler-1272 b,CONFIRMED,CANDIDATE,0.8830,0,0,0,0,51.131934600,4.3680000e-04,-4.3680000e-04,137.1568000,7.950000e-03,-7.950000e-03,0.8290,0.0470,-0.5640,6.01900,0.19400,-0.19400,3.8230e+02,2.160e+01,-2.160e+01,2.43,7.400e-01,-4.000e-01,542.0,,,20.36,18.86,-8.01,19.60,1,q1_q17_dr25_tce,6071.00,189.00,-210.00,4.353,0.132,-0.198,1.1070,0.3380,-0.1820,285.219850,38.805882,14.423
10861715,K02537.01,,FALSE POSITIVE,FALSE POSITIVE,,0,0,0,0,133.516435000,3.4840000e-03,-3.4840000e-03,134.8898000,1.950000e-02,-1.950000e-02,0.6285,0.3430,-0.4039,2.19600,0.80600,-0.80600,5.1000e+02,1.200e+02,-1.200e+02,2.01,7.100e-01,-1.600e-01,344.0,,,3.30,3.37,-0.81,6.50,,,5989.00,150.00,-175.00,4.553,0.031,-0.260,0.8480,0.2990,-0.0670,292.023410,48.226959,15.309
1849702,K02538.01,Kepler-1854 b,CONFIRMED,CANDIDATE,1.0000,0,0,0,0,39.831253600,2.0660000e-04,-2.0660000e-04,155.6409000,4.740000e-03,-4.740000e-03,0.2400,0.2230,-0.2400,2.44200,0.16300,-0.16300,3.8880e+02,2.970e+01,-2.970e+01,1.46,1.000e-01,-6.000e-02,420.0,,,7.33,1.68,-1.16,15.80,1,q1_q17_dr25_tce,5026.00,100.00,-100.00,4.580,0.024,-0.048,0.7590,0.0500,-0.0340,286.285950,37.387058,14.125
9390653,K00249.01,Kepler-504 b,CONFIRMED,CANDIDATE,1.0000,0,0,0,0,9.549277089,5.2870000e-06,-5.2870000e-06,175.7571830,4.330000e-04,-4.330000e-04,0.0680,0.2820,-0.0680,1.58320,0.01850,-0.01850,1.8269e+03,2.000e+01,-2.000e+01,1.57,2.100e-01,-2.400e-01,374.0,,,4.62,1.83,-1.58,112.20,1,q1_q17_dr25_tce,3547.00,71.00,-80.00,4.899,0.060,-0.060,0.3690,0.0500,-0.0560,284.921840,45.972401,14.486
2305866,K02610.01,,CANDIDATE,CANDIDATE,0.9660,0,0,0,0,24.107317200,2.6620000e-04,-2.6620000e-04,145.9415000,9.980000e-03,-9.980000e-03,0.6930,0.2350,-0.4680,10.46500,0.27300,-0.27300,1.0420e+02,4.900e+00,-4.900e+00,2.74,6.500e-01,-1.310e+00,1065.0,,,304.22,216.75,-233.31,23.60,1,q1_q17_dr25_tce,6585.00,182.00,-250.00,3.813,0.448,-0.112,2.5170,0.6020,-1.2040,292.093320,37.613480,12.605
11187837,K00252.01,Kepler-1663 b,CONFIRMED,CANDIDATE,1.0000,0,0,0,0,17.604614010,2.4990000e-05,-2.4990000e-05,170.4984000,1.090000e-03,-1.090000e-03,0.7150,0.0400,-0.5120,3.71600,0.08360,-0.08360,2.2921e+03,3.350e+01,-3.350e+01,2.64,1.500e-01,-2.300e-01,362.0,,,4.07,0.87,-0.98,80.10,1,q1_q17_dr25_tce,3744.00,75.00,-83.00,4.737,0.046,-0.028,0.5160,0.0300,-0.0460,290.401490,48.822590,15.613
8885673,K02611.01,,FALSE POSITIVE,FALSE POSITIVE,0.0010,0,0,1,0,1.228721184,2.2790000e-06,-2.2790000e-06,133.4996700,1.620000e-03,-1.620000e-03,0.2080,0.2620,-0.2080,1.04100,0.05290,-0.05290,4.6560e+02,2.170e+01,-2.170e+01,1.62,1.200e-01,-1.500e-01,1324.0,,,728.99,217.00,-190.20,26.40,1,q1_q17_dr25_tce,4897.00,148.00,-133.00,4.542,0.072,-0.039,0.7640,0.0560,-0.0700,291.853180,45.110920,15.760
9712350,K02613.01,,CANDIDATE,CANDIDATE,0.9890,0,0,0,0,51.573865300,4.1750000e-04,-4.1750000e-04,158.0674400,6.230000e-03,-6.230000e-03,0.2750,0.1820,-0.2750,2.78400,0.22400,-0.22400,9.0070e+02,8.190e+01,-8.190e+01,2.41,4.800e-01,-1.600e-01,417.0,,,7.12,4.50,-1.66,13.20,1,q1_q17_dr25_tce,5380.00,175.00,-159.00,4.581,0.026,-0.145,0.8130,0.1610,-0.0570,292.703430,46.415871,15.960
8025596,K02615.01,Kepler-1290 b,CONFIRMED,CANDIDATE,0.9970,0,0,0,0,4.695055760,3.9370000e-05,-3.9370000e-05,133.9364300,5.990000e-03,-5.990000e-03,0.2040,0.2430,-0.2040,3.05800,0.17400,-0.17400,2.4000e+02,1.810e+01,-1.810e+01,1.49,4.400e-01,-1.500e-01,1098.0,,,343.60,302.10,-101.75,15.90,1,q1_q17_dr25_tce,5999.00,168.00,-210.00,4.494,0.050,-0.200,0.9590,0.2850,-0.0950,290.685240,43.859638,15.711
5956787,K02616.01,,FALSE POSITIVE,FALSE POSITIVE,0.0000,0,1,1,1,0.569115976,7.4500000e-07,-7.4500000e-07,132.0194500,1.470000e-03,-1.470000e-03,0.0680,0.8720,-0.0680,2.02800,0.43300,-0.43300,7.9690e+02,4.210e+01,-4.210e+01,1.80,1.600e-01,-1.600e-01,1589.0,,,1504.24,548.72,-425.21,59.80,1,q1_q17_dr25_tce,4788.00,169.00,-169.00,4.610,0.063,-0.032,0.6560,0.0590,-0.0590,290.651250,41.234505,12.093
3642741,K00242.01,Kepler-503 b,FALSE POSITIVE,CANDIDATE,1.0000,0,0,0,0,7.258450123,3.8970000e-06,-3.8970000e-06,138.3446910,4.400000e-04,-4.400000e-04,0.0500,0.1280,-0.0500,5.72970,0.01610,-0.01610,3.7147e+03,1.490e+01,-1.490e+01,5.53,1.590e+00,-5.300e-01,880.0,,,141.30,119.36,-39.14,288.60,1,q1_q17_dr25_tce,5638.00,154.00,-171.00,4.513,0.048,-0.204,0.9200,0.2640,-0.0880,290.636510,38.707668,14.747
12071037,K02388.01,,FALSE POSITIVE,FALSE POSITIVE,0.0000,0,0,1,1,6.095984100,9.7350000e-05,-9.7350000e-05,135.0254000,1.220000e-02,-1.220000e-02,0.6570,0.3450,-0.6570,10.39000,2.40000,-2.40000,1.1270e+02,9.700e+00,-9.700e+00,0.99,2.300e-01,-1.500e-01,988.0,,,225.07,156.06,-81.32,29.20,1,q1_q17_dr25_tce,5826.00,157.00,-157.00,4.430,0.144,-0.176,0.8850,0.2070,-0.1380,296.118100,50.516590,14.104
8494617,K02389.01,Kepler-1218 b,CONFIRMED,CANDIDATE,0.9930,0,0,0,0,22.922118100,2.5800000e-04,-2.5800000e-04,133.6680500,9.080000e-03,-9.080000e-03,0.6030,0.3270,-0.3840,8.20000,0.24400,-0.24400,1.4030e+02,6.600e+00,-6.600e+00,1.33,2.100e-01,-1.600e-01,684.0,,,51.70,22.06,-15.18,24.00,1,q1_q17_dr25_tce,5897.00,106.00,-118.00,4.357,0.110,-0.110,1.0810,0.1650,-0.1350,291.578980,44.531712,13.578
10289119,K02390.01,Kepler-1219 b,CONFIRMED,CANDIDATE,0.9900,0,0,0,0,16.104745030,9.8600000e-05,-9.8600000e-05,135.0118600,5.210000e-03,-5.210000e-03,0.2240,0.2230,-0.2240,5.71200,0.13700,-0.13700,1.2410e+02,5.600e+00,-5.600e+00,3.21,5.800e-01,-1.160e+00,1159.0,,,425.93,216.78,-265.84,25.40,1,q1_q17_dr25_tce,5822.00,116.00,-116.00,3.683,0.277,-0.092,2.8860,0.5220,-1.0440,297.215790,47.378521,12.249
7382313,K02392.01,Kepler-1220 b,CONFIRMED,CANDIDATE,0.9750,0,0,0,0,7.426973780,5.3160000e-05,-5.3160000e-05,133.0990000,6.340000e-03,-6.340000e-03,0.3370,0.1180,-0.3370,3.20600,0.20900,-0.20900,2.0520e+02,1.570e+01,-1.570e+01,1.40,1.900e-01,-1.100e-01,899.0,,,154.52,54.13,-31.74,15.40,1,q1_q17_dr25_tce,5573.00,75.00,-83.00,4.434,0.066,-0.114,0.9820,0.1290,-0.0800,297.070370,42.977741,14.985
9887224,K02464.01,,FALSE POSITIVE,FALSE POSITIVE,0.0000,0,0,1,0,0.874629873,3.7630000e-06,-3.7630000e-06,132.2570600,3.320000e-03,-3.320000e-03,0.6650,0.2830,-0.4620,1.78200,0.12600,-0.12600,6.8100e+01,4.500e+00,-4.500e+00,0.72,8.000e-02,-8.000e-02,1597.0,,,1538.25,558.75,-452.88,19.20,1,q1_q17_dr25_tce,5099.00,152.00,-137.00,4.491,0.090,-0.081,0.8320,0.0840,-0.0940,290.302950,46.790810,14.107
7542369,K02465.01,,FALSE POSITIVE,FALSE POSITIVE,0.0000,0,1,1,0,5.460918460,2.4890000e-05,-2.4890000e-05,131.6684900,4.320000e-03,-4.320000e-03,0.4000,0.0710,-0.4000,1.78100,0.10600,-0.10600,1.7200e+02,1.000e+01,-1.000e+01,1.25,3.400e-01,-1.500e-01,1106.0,,,353.34,282.84,-112.05,21.20,1,q1_q17_dr25_tce,6319.00,171.00,-209.00,4.465,0.067,-0.189,0.9300,0.2530,-0.1080,295.783810,43.182400,14.332
8544992,K02466.01,Kepler-388 b,CONFIRMED,CANDIDATE,0.9970,0,0,0,0,3.173230120,1.0950000e-05,-1.0950000e-05,133.6997900,2.980000e-03,-2.980000e-03,0.0850,0.3760,-0.0850,1.90940,0.08520,-0.08520,2.0450e+02,1.120e+01,-1.120e+01,0.88,7.000e-02,-8.000e-02,830.0,,,112.21,34.57,-29.23,21.40,1,q1_q17_dr25_tce,4500.00,133.00,-133.00,4.632,0.048,-0.028,0.6330,0.0500,-0.0550,284.828030,44.608730,14.993
8544992,K02466.02,Kepler-388 c,CONFIRMED,CANDIDATE,0.9400,0,0,0,0,13.297069500,1.0730000e-04,-1.0730000e-04,140.9460600,5.400000e-03,-5.400000e-03,0.0300,0.4140,-0.0300,3.28300,0.19500,-0.19500,2.1970e+02,1.650e+01,-1.650e+01,0.91,7.000e-02,-8.000e-02,515.0,,,16.64,5.13,-4.33,14.90,2,q1_q17_dr25_tce,4500.00,133.00,-133.00,4.632,0.048,-0.028,0.6330,0.0500,-0.0550,284.828030,44.608730,14.993
11295426,K00246.01,Kepler-68 b,CONFIRMED,CANDIDATE,1.0000,0,0,0,0,5.398752862,1.9470000e-06,-1.9470000e-06,173.8586660,2.860000e-04,-2.860000e-04,0.0150,0.3470,-0.0150,3.43030,0.01540,-0.01540,3.4650e+02,1.400e+00,-1.400e+00,2.21,1.200e-01,-1.100e-01,1140.0,,,398.33,70.22,-58.48,289.60,1,q1_q17_dr25_tce,5790.00,78.00,-78.00,4.279,0.030,-0.027,1.1980,0.0670,-0.0610,291.032320,49.040272,9.997
7289162,K02539.01,,FALSE POSITIVE,FALSE POSITIVE,0.0000,0,0,1,1,5.266481260,3.1970000e-05,-3.1970000e-05,131.6902000,4.250000e-03,-4.250000e-03,0.4030,0.0610,-0.4030,1.96400,0.17700,-0.17700,9.7800e+01,7.800e+00,-7.800e+00,1.07,3.500e-01,-1.200e-01,1155.0,,,420.53,393.91,-131.88,16.00,1,q1_q17_dr25_tce,6204.00,168.00,-206.00,4.394,0.090,-0.210,1.0650,0.3400,-0.1210,293.966890,42.841888,13.648
3001885,K02540.01,,FALSE POSITIVE,FALSE POSITIVE,0.0000,0,0,1,0,2.675968080,1.7450000e-05,-1.7450000e-05,133.7049200,5.220000e-03,-5.220000e-03,0.1150,0.3380,-0.1150,2.02100,0.17000,-0.17000,4.2060e+02,3.030e+01,-3.030e+01,1.57,8.000e-02,-1.600e-01,998.0,,,234.19,65.47,-70.09,17.50,1,q1_q17_dr25_tce,4732.00,170.00,-170.00,4.530,0.072,-0.036,0.7950,0.0430,-0.0790,294.070400,38.181702,15.596
12306058,K02541.01,Kepler-391 b,CONFIRMED,CANDIDATE,0.8680,0,0,0,0,7.416830330,7.9000000e-05,-7.9000000e-05,137.9638900,8.680000e-03,-8.680000e-03,0.8730,0.0020,-0.6210,7.27400,0.22500,-0.22500,7.2600e+01,3.900e+00,-3.900e+00,3.36,6.200e-01,-5.600e-01,1425.0,,,973.85,470.28,-338.44,20.60,1,q1_q17_dr25_tce,4938.00,69.00,-79.00,3.450,0.143,-0.130,3.3240,0.6130,-0.5510,290.621830,51.057301,13.007
6183511,K02542.01,Kepler-1855 b,CONFIRMED,CANDIDATE,0.9580,0,0,0,0,0.727331746,1.2910000e-06,-1.2910000e-06,132.3700700,1.560000e-03,-1.560000e-03,0.1530,0.3010,-0.1530,0.83230,0.06270,-0.06270,3.5740e+02,2.390e+01,-2.390e+01,0.67,1.100e-01,-1.000e-01,849.0,,,122.92,56.11,-44.24,20.40,1,q1_q17_dr25_tce,3460.00,69.00,-83.00,4.920,0.058,-0.071,0.3560,0.0570,-0.0570,283.401950,41.516331,15.527
12469800,K02543.01,Kepler-1856 b,CONFIRMED,CANDIDATE,1.0000,0,0,0,0,1.302017467,3.2980000e-06,-3.2980000e-06,131.9369600,2.120000e-03,-2.120000e-03,0.2860,0.1820,-0.2860,1.36920,0.07770,-0.07770,2.9050e+02,1.660e+01,-1.660e+01,1.37,5.000e-02,-9.000e-02,1344.0,,,772.73,114.29,-140.90,21.40,1,q1_q17_dr25_tce,4948.00,79.00,-79.00,4.508,0.072,-0.023,0.8160,0.0310,-0.0540,295.909210,51.347939,15.351
4915638,K02617.01,Kepler-1291 b,CONFIRMED,CANDIDATE,1.0000,0,0,0,0,8.630500920,6.5800000e-05,-6.5800000e-05,139.5743800,6.230000e-03,-6.230000e-03,0.5950,0.0510,-0.4620,3.14400,0.16500,-0.16500,3.2580e+02,2.540e+01,-2.540e+01,1.43,2.400e-01,-1.300e-01,739.0,,,70.63,38.58,-18.38,14.90,1,q1_q17_dr25_tce,5352.00,159.00,-159.00,4.599,0.035,-0.112,0.7640,0.1320,-0.0660,289.377040,40.001160,15.868
6351097,K02618.01,,FALSE POSITIVE,FALSE POSITIVE,0.0000,0,0,1,0,12.491173880,7.7710000e-05,-7.7710000e-05,136.3149100,4.710000e-03,-4.710000e-03,0.7470,0.2090,-0.5220,2.84800,0.16100,-0.16100,1.8990e+02,1.330e+01,-1.330e+01,1.36,3.600e-01,-1.600e-01,763.0,,,80.08,61.35,-24.58,17.00,1,q1_q17_dr25_tce,5753.00,155.00,-155.00,4.461,0.094,-0.175,0.9110,0.2370,-0.1100,287.138280,41.777710,14.521
8081905,K02619.01,Kepler-1292 b,CONFIRMED,CANDIDATE,1.0000,0,0,0,0,3.276457230,1.6330000e-05,-1.6330000e-05,131.9792400,4.510000e-03,-4.510000e-03,0.0010,0.4550,-0.0010,2.21900,0.10300,-0.10300,3.2300e+02,2.090e+01,-2.090e+01,1.71,5.200e-01,-1.700e-01,1195.0,,,482.56,427.92,-143.26,17.90,1,q1_q17_dr25_tce,5812.00,162.00,-203.00,4.504,0.039,-0.208,0.9630,0.2890,-0.0960,284.905730,43.949162,15.934
11465950,K02620.01,Kepler-1862 b,CONFIRMED,CANDIDATE,1.0000,0,0,0,0,16.057329100,1.0740000e-04,-1.0740000e-04,132.3905400,5.920000e-03,-5.920000e-03,0.8830,0.0840,-0.6670,3.54600,0.15500,-0.15500,5.7500e+02,3.780e+01,-3.780e+01,2.27,5.100e-01,-1.700e-01,645.0,,,41.04,27.54,-9.61,17.50,1,q1_q17_dr25_tce,5644.00,152.00,-152.00,4.575,0.036,-0.144,0.8060,0.1820,-0.0610,296.753390,49.378109,15.869
9996632,K02621.01,,FALSE POSITIVE,FALSE POSITIVE,0.2740,0,0,1,0,8.443265570,6.3340000e-05,-6.3340000e-05,136.2674800,7.190000e-03,-7.190000e-03,0.4200,0.0420,-0.4200,3.35300,0.14700,-0.14700,3.5950e+02,2.190e+01,-2.190e+01,1.97,6.700e-01,-2.200e-01,934.0,,,179.79,184.06,-60.45,19.00,1,q1_q17_dr25_tce,6081.00,191.00,-255.00,4.468,0.054,-0.229,1.0230,0.3450,-0.1150,284.282590,46.991638,15.351
4665571,K02393.01,Kepler-1834 b,CONFIRMED,CANDIDATE,1.0000,0,0,0,0,4.603002560,1.7530000e-05,-1.7530000e-05,133.2231300,2.870000e-03,-2.870000e-03,0.0720,0.4090,-0.0720,2.68480,0.09030,-0.09030,3.0250e+02,1.460e+01,-1.460e+01,1.32,5.000e-02,-8.000e-02,848.0,,,122.02,17.28,-21.85,22.20,2,q1_q17_dr25_tce,4821.00,76.00,-76.00,4.529,0.060,-0.020,0.7880,0.0280,-0.0510,294.664700,39.783829,14.903
4829935,K02395.01,,FALSE POSITIVE,FALSE POSITIVE,0.0000,0,0,1,0,16.932928400,4.4110000e-05,-4.4110000e-05,132.1540700,2.160000e-03,-2.160000e-03,0.3190,0.1170,-0.3190,1.21800,0.06730,-0.06730,4.8830e+02,2.890e+01,-2.890e+01,2.46,7.800e-01,-2.800e-01,793.0,,,93.34,86.90,-30.31,20.40,1,q1_q17_dr25_tce,6310.00,174.00,-239.00,4.417,0.054,-0.202,1.0950,0.3460,-0.1230,290.062930,39.922272,14.779
9269042,K02397.01,Kepler-1221 b,CONFIRMED,CANDIDATE,0.9970,0,0,0,0,12.000896670,6.8620000e-05,-6.8620000e-05,142.0418200,3.970000e-03,-3.970000e-03,0.5950,0.0210,-0.4880,3.26600,0.12700,-0.12700,4.2070e+02,2.380e+01,-2.380e+01,1.47,1.600e-01,-1.300e-01,632.0,,,37.81,14.41,-9.49,20.00,1,q1_q17_dr25_tce,5195.00,157.00,-141.00,4.598,0.061,-0.055,0.6900,0.0740,-0.0590,285.822330,45.711891,15.563
6199056,K02398.01,,FALSE POSITIVE,FALSE POSITIVE,0.9970,0,1,0,0,1.169010526,1.2940000e-06,-1.2940000e-06,131.7385670,9.210000e-04,-9.210000e-04,1.1300,5.3650,-0.1250,1.17170,0.05660,-0.05660,1.6590e+02,5.500e+00,-5.500e+00,91.91,1.600e+01,-2.973e+01,3766.0,,,47688.80,21249.18,-27122.71,37.10,1,q1_q17_dr25_tce,5944.00,71.00,-88.00,3.250,0.245,-0.105,5.8470,1.0180,-1.8910,289.939270,41.502659,13.579
11461433,K02399.01,Kepler-1222 b,CONFIRMED,CANDIDATE,0.9970,0,0,0,0,1.916940872,6.0330000e-06,-6.0330000e-06,132.4673400,2.440000e-03,-2.440000e-03,0.4050,0.0800,-0.3930,1.42430,0.08370,-0.08370,1.0510e+02,7.100e+00,-7.100e+00,0.89,5.000e-02,-7.000e-02,1246.0,,,571.25,98.36,-118.56,17.70,1,q1_q17_dr25_tce,5083.00,83.00,-76.00,4.468,0.083,-0.033,0.8720,0.0420,-0.0720,294.889650,49.379768,14.100
11818607,K02467.01,Kepler-1839 b,CONFIRMED,CANDIDATE,1.0000,0,0,0,0,5.056613020,3.0690000e-05,-3.0690000e-05,134.3964800,4.460000e-03,-4.460000e-03,0.6160,0.3290,-0.4010,3.92600,0.14400,-0.14400,1.3790e+02,9.100e+00,-9.100e+00,1.15,3.500e-01,-1.100e-01,1049.0,,,286.32,257.92,-85.76,17.60,1,q1_q17_dr25_tce,5926.00,176.00,-211.00,4.506,0.052,-0.208,0.9390,0.2820,-0.0940,294.224460,50.075588,14.630
8380709,K02468.01,Kepler-1249 b,CONFIRMED,CANDIDATE,0.9970,0,0,0,0,24.334493900,2.8290000e-04,-2.8290000e-04,147.4189200,8.950000e-03,-8.950000e-03,0.0170,0.4290,-0.0170,6.55700,0.26100,-0.26100,3.2310e+02,2.080e+01,-2.080e+01,1.74,5.100e-01,-1.800e-01,647.0,,,41.30,35.82,-12.53,18.10,1,q1_q17_dr25_tce,6091.00,169.00,-211.00,4.487,0.050,-0.200,0.9670,0.2840,-0.1010,296.894840,44.371780,15.373
6149910,K02469.01,Kepler-1840 b,CONFIRMED,CANDIDATE,1.0000,0,0,0,0,131.187921000,1.5630000e-03,-1.5630000e-03,172.3923000,7.290000e-03,-7.290000e-03,0.0690,0.3830,-0.0690,6.90500,0.25500,-0.25500,9.1590e+02,4.530e+01,-4.530e+01,2.34,9.000e-02,-1.700e-01,284.0,,,1.54,0.22,-0.31,23.90,1,q1_q17_dr25_tce,4898.00,78.00,-88.00,4.518,0.068,-0.018,0.8030,0.0280,-0.0600,298.594820,41.435940,15.048
9108085,K02470.01,,FALSE POSITIVE,FALSE POSITIVE,0.0000,0,0,1,1,2.174898060,1.4870000e-05,-1.4870000e-05,134.1188700,4.910000e-03,-4.910000e-03,0.7600,0.1840,-0.5160,4.59900,0.21200,-0.21200,7.4800e+01,3.100e+00,-3.100e+00,1.08,1.700e-01,-1.500e-01,1496.0,,,1187.26,472.47,-351.90,29.30,1,q1_q17_dr25_tce,5749.00,77.00,-77.00,4.323,0.115,-0.115,1.1500,0.1740,-0.1590,297.786470,45.417480,13.655
5436013,K02471.01,Kepler-1841 b,CONFIRMED,CANDIDATE,1.0000,0,0,0,0,25.885939700,2.4060000e-04,-2.4060000e-04,157.0432900,7.530000e-03,-7.530000e-03,0.9220,0.0450,-0.6240,4.54800,0.21600,-0.21600,2.1710e+02,1.580e+01,-1.580e+01,1.66,9.000e-02,-1.600e-01,542.0,,,20.35,3.90,-4.56,16.10,1,q1_q17_dr25_tce,5190.00,85.00,-77.00,4.446,0.105,-0.042,0.8990,0.0510,-0.0830,287.706880,40.685242,14.556
8676148,K02544.01,Kepler-1273 b,CONFIRMED,CANDIDATE,1.0000,0,0,0,0,28.625350200,2.5540000e-04,-2.5540000e-04,158.1182700,6.980000e-03,-6.980000e-03,0.0210,0.4290,-0.0210,4.55100,0.18400,-0.18400,6.5270e+02,4.070e+01,-4.070e+01,2.38,7.100e-01,-2.200e-01,573.0,,,25.54,22.32,-7.15,18.30,1,q1_q17_dr25_tce,5774.00,154.00,-188.00,4.508,0.036,-0.204,0.9410,0.2810,-0.0880,285.803220,44.873428,15.826
9696358,K02545.01,Kepler-1274 b,CONFIRMED,CANDIDATE,0.7390,0,0,0,0,6.981413270,7.6030000e-05,-7.6030000e-05,132.7883000,1.010000e-02,-1.010000e-02,0.6990,0.2740,-0.5000,6.52700,0.30500,-0.30500,3.8000e+01,2.200e+00,-2.200e+00,1.42,9.000e-02,-1.300e-01,1384.0,,,865.81,163.01,-181.18,20.90,1,q1_q17_dr25_tce,6054.00,81.00,-72.00,3.923,0.044,-0.036,2.1630,0.1330,-0.1930,284.593720,46.449780,11.752
5039129,K02546.01,,FALSE POSITIVE,FALSE POSITIVE,0.0000,0,0,1,0,1.319677953,6.0170000e-06,-6.0170000e-06,132.0614300,4.310000e-03,-4.310000e-03,0.6200,0.3360,-0.4000,1.97800,0.13500,-0.13500,1.0070e+02,7.000e+00,-7.000e+00,1.13,3.600e-01,-1.400e-01,1843.0,,,2729.71,2484.88,-896.63,17.40,1,q1_q17_dr25_tce,6306.00,168.00,-205.00,4.426,0.052,-0.208,1.0760,0.3350,-0.1340,298.346530,40.139790,14.332
4484336,K02547.01,Kepler-1857 b,CONFIRMED,CANDIDATE,0.9220,0,0,0,0,8.943377240,4.4160000e-05,-4.4160000e-05,137.3023400,4.070000e-03,-4.070000e-03,0.1630,0.2920,-0.1630,2.46900,0.12800,-0.12800,2.1510e+02,1.340e+01,-1.340e+01,1.48,4.000e-01,-2.600e-01,946.0,,,188.93,153.04,-76.13,18.40,1,q1_q17_dr25_tce,6074.00,181.00,-181.00,4.375,0.149,-0.182,1.0050,0.2700,-0.1800,296.455750,39.598591,14.169
9580167,K02548.01,,CANDIDATE,CANDIDATE,1.0000,0,0,0,0,0.827151296,3.9570000e-06,-3.9570000e-06,132.0792700,4.440000e-03,-4.440000e-03,0.2810,0.1810,-0.2810,1.38500,0.11600,-0.11600,2.7240e+02,2.290e+01,-2.290e+01,19.10,5.150e+00,-9.100e-01,5171.0,,,168151.39,124864.13,-21987.17,8.10,1,q1_q17_dr25_tce,4452.00,87.00,-47.00,2.280,0.030,-0.030,11.8950,3.2110,-0.5670,288.181980,46.246181,14.992
9757613,K00250.01,Kepler-26 b,CONFIRMED,CANDIDATE,1.0000,0,0,0,0,12.282998287,8.0010000e-06,-8.0010000e-06,170.3980900,5.100000e-04,-5.100000e-04,0.0470,0.2330,-0.0470,2.70960,0.01980,-0.01980,2.7947e+03,2.240e+01,-2.240e+01,2.83,1.600e-01,-2.200e-01,431.0,,,8.14,1.68,-1.78,137.20,1,q1_q17_dr25_tce,3879.00,77.00,-85.00,4.708,0.045,-0.021,0.5370,0.0300,-0.0410,284.940980,46.566540,15.473
10527135,K02622.01,,FALSE POSITIVE,FALSE POSITIVE,0.0000,0,1,0,0,0.328686504,4.6200000e-07,-4.6200000e-07,132.7714600,1.260000e-03,-1.260000e-03,0.2330,0.2140,-0.2330,0.85920,0.05290,-0.05290,1.7190e+02,8.800e+00,-8.800e+00,1.11,2.400e-01,-1.000e-01,2324.0,,,6891.11,4649.57,-1838.14,26.80,1,q1_q17_dr25_tce,5430.00,177.00,-160.00,4.535,0.048,-0.143,0.8470,0.1810,-0.0770,288.416840,47.731091,15.316
11752906,K00253.01,Kepler-2000 b,CONFIRMED,CANDIDATE,1.0000,0,0,0,0,6.383159135,6.3980000e-06,-6.3980000e-06,170.6046220,7.440000e-04,-7.440000e-04,0.1970,0.2370,-0.1970,1.75040,0.03340,-0.03340,2.3132e+03,4.080e+01,-4.080e+01,2.73,1.000e-01,-1.700e-01,530.0,,,18.73,3.10,-3.66,64.40,1,q1_q17_dr25_tce,3757.00,74.00,-82.00,4.681,0.039,-0.015,0.5760,0.0220,-0.0360,285.574340,49.962269,15.254
10916600,K02623.01,Kepler-1293 b,CONFIRMED,CANDIDATE,0.9940,0,0,0,0,5.576547820,5.4400000e-05,-5.4400000e-05,136.4266800,7.770000e-03,-7.770000e-03,0.4500,0.0330,-0.4360,3.67300,0.19200,-0.19200,5.3600e+01,4.500e+00,-4.500e+00,0.92,2.000e-01,-6.000e-02,1183.0,,,462.81,244.02,-85.69,13.20,1,q1_q17_dr25_tce,6187.00,74.00,-80.00,4.341,0.050,-0.150,1.2380,0.2560,-0.0910,290.025910,48.335949,13.383
8429314,K02624.01,Kepler-1294 b,CONFIRMED,CANDIDATE,0.9970,0,0,0,0,115.686339200,8.9680000e-04,-8.9680000e-04,246.9866600,6.300000e-03,-6.300000e-03,0.2260,0.2230,-0.2260,4.65000,0.14800,-0.14800,9.4590e+02,5.150e+01,-5.150e+01,3.52,5.800e-01,-4.400e-01,401.0,,,6.09,2.64,-1.68,20.70,1,q1_q17_dr25_tce,5800.00,78.00,-87.00,4.327,0.110,-0.110,1.1490,0.1900,-0.1420,291.268100,44.488190,15.174
9153570,K02625.01,Kepler-1295 b,CONFIRMED,CANDIDATE,0.9500,0,0,0,0,3.813714230,2.5440000e-05,-2.5440000e-05,132.5746500,5.480000e-03,-5.480000e-03,0.3060,0.1450,-0.3060,1.97300,0.16900,-0.16900,2.8100e+02,2.920e+01,-2.920e+01,1.37,3.200e-01,-1.200e-01,1029.0,,,264.63,185.31,-71.19,11.40,1,q1_q17_dr25_tce,5547.00,166.00,-166.00,4.571,0.028,-0.152,0.8200,0.1880,-0.0750,291.397860,45.588558,15.890
11768142,K02626.01,Kepler-1652 b,CONFIRMED,CANDIDATE,0.9990,0,0,0,0,38.097071700,3.0790000e-04,-3.0790000e-04,140.0035300,6.590000e-03,-6.590000e-03,0.9530,0.0190,-0.6880,4.30700,0.21000,-0.21000,9.1330e+02,5.910e+01,-5.910e+01,1.58,2.000e-01,-2.100e-01,242.0,,,0.81,0.30,-0.25,17.00,1,q1_q17_dr25_tce,3554.00,71.00,-80.00,4.867,0.055,-0.055,0.3980,0.0490,-0.0540,294.366090,49.915058,15.931
7984574,K02400.01,,CANDIDATE,CANDIDATE,1.0000,0,0,0,0,11.619170700,4.5940000e-05,-4.5940000e-05,142.1233500,3.550000e-03,-3.550000e-03,0.0590,0.3980,-0.0590,1.81900,0.10500,-0.10500,7.0040e+02,4.490e+01,-4.490e+01,2.21,6.300e-01,-1.900e-01,756.0,,,77.43,64.84,-20.46,18.50,1,q1_q17_dr25_tce,5870.00,158.00,-175.00,4.560,0.035,-0.184,0.8340,0.2380,-0.0740,299.061680,43.720329,15.664
9592579,K00243.01,,FALSE POSITIVE,FALSE POSITIVE,0.0000,0,1,1,1,2.637574744,1.8570000e-06,-1.8570000e-06,134.2127750,5.970000e-04,-5.970000e-04,0.9090,0.0020,-0.0020,5.45730,0.03210,-0.03210,5.4235e+03,3.240e+01,-3.240e+01,9.16,3.030e+00,-1.010e+00,1385.0,,,868.86,850.30,-273.05,222.80,1,q1_q17_dr25_tce,6108.00,171.00,-214.00,4.466,0.054,-0.216,1.0300,0.3410,-0.1140,293.670100,46.295670,15.106
10336951,K02401.01,,CANDIDATE,CANDIDATE,0.9960,0,0,0,0,38.229203700,2.8130000e-04,-2.8130000e-04,166.0119100,6.470000e-03,-6.470000e-03,0.5710,0.3700,-0.3540,3.89300,0.17800,-0.17800,6.0580e+02,3.360e+01,-3.360e+01,1.51,1.300e-01,-1.200e-01,359.0,,,3.92,1.20,-1.00,21.00,1,q1_q17_dr25_tce,4544.00,121.00,-135.00,4.656,0.048,-0.032,0.5980,0.0500,-0.0500,290.836270,47.444939,14.847
8481129,K02402.01,Kepler-1223 b,CONFIRMED,CANDIDATE,0.9920,0,0,0,0,16.301272700,1.0470000e-04,-1.0470000e-04,133.7944600,5.190000e-03,-5.190000e-03,0.8800,0.0440,-0.6000,3.97400,0.14100,-0.14100,2.5950e+02,1.540e+01,-1.540e+01,1.54,9.000e-02,-1.200e-01,557.0,,,22.73,6.08,-5.29,19.70,1,q1_q17_dr25_tce,4873.00,145.00,-130.00,4.558,0.041,-0.045,0.7960,0.0490,-0.0600,285.295750,44.552750,14.610
2142522,K02403.01,Kepler-1224 b,CONFIRMED,CANDIDATE,0.7570,0,0,0,0,13.323540780,9.7540000e-05,-9.7540000e-05,134.0367100,6.300000e-03,-6.300000e-03,0.2250,0.2380,-0.2250,3.87300,0.18300,-0.18300,1.1660e+02,8.300e+00,-8.300e+00,1.32,2.200e-01,-1.400e-01,872.0,,,136.61,61.54,-36.81,16.30,1,q1_q17_dr25_tce,6113.00,98.00,-147.00,4.341,0.066,-0.114,1.2180,0.2030,-0.1250,286.625760,37.537300,12.867
9395719,K02472.01,Kepler-1250 b,CONFIRMED,CANDIDATE,1.0000,0,0,0,0,2.607545159,6.5850000e-06,-6.5850000e-06,131.8345300,2.080000e-03,-2.080000e-03,0.2060,0.2310,-0.2060,1.39160,0.06660,-0.06660,3.5150e+02,1.820e+01,-1.820e+01,2.07,6.200e-01,-2.300e-01,1431.0,,,993.79,892.81,-318.55,23.00,1,q1_q17_dr25_tce,6147.00,172.00,-236.00,4.435,0.052,-0.208,1.0960,0.3330,-0.1190,287.793850,45.980240,15.618
8753896,K02473.01,Kepler-389 b,CONFIRMED,CANDIDATE,1.0000,0,0,0,0,3.244175410,1.5620000e-05,-1.5620000e-05,132.9401400,4.300000e-03,-4.300000e-03,0.7610,0.0400,-0.5430,1.99200,0.10500,-0.10500,3.7190e+02,2.340e+01,-2.340e+01,1.84,8.000e-02,-1.600e-01,1047.0,,,283.66,44.72,-61.51,18.00,1,q1_q17_dr25_tce,5094.00,81.00,-81.00,4.469,0.096,-0.030,0.8700,0.0370,-0.0750,291.959990,44.900021,15.770
8240617,K02474.01,,CANDIDATE,CANDIDATE,,0,0,0,0,176.845697000,2.7530000e-03,-2.7530000e-03,197.2779400,8.630000e-03,-8.630000e-03,1.4653,0.1179,-0.5462,3.81200,0.92300,-0.92300,4.3160e+02,8.710e+01,-8.710e+01,42.05,1.873e+01,-3.900e+00,291.0,,,1.69,2.38,-0.46,7.70,,,5592.00,205.00,-169.00,4.541,0.051,-0.272,0.7970,0.3550,-0.0740,294.397490,44.124199,14.182
8746295,K02475.01,,FALSE POSITIVE,FALSE POSITIVE,0.0000,0,0,1,1,6.855672480,3.0070000e-05,-3.0070000e-05,136.0195300,3.440000e-03,-3.440000e-03,0.4790,0.0110,-0.4440,2.26800,0.13500,-0.13500,1.9770e+02,1.360e+01,-1.360e+01,1.27,3.900e-01,-1.000e-01,897.0,,,153.07,140.03,-37.99,17.20,1,q1_q17_dr25_tce,5734.00,156.00,-173.00,4.538,0.037,-0.213,0.8830,0.2750,-0.0690,288.881230,44.959209,14.738
10090257,K02476.01,,FALSE POSITIVE,FALSE POSITIVE,0.0000,0,1,1,1,2.286072820,2.3790000e-05,-2.3790000e-05,133.5570000,1.070000e-02,-1.070000e-02,0.0590,1.0080,-0.0590,7.82000,2.40000,-2.40000,2.6180e+02,1.650e+01,-1.650e+01,1.01,1.100e-01,-6.000e-02,942.0,,,186.39,66.38,-39.17,35.90,1,q1_q17_dr25_tce,4583.00,124.00,-124.00,4.650,0.021,-0.052,0.6540,0.0680,-0.0400,297.223940,47.025162,15.546
11295426,K00246.02,Kepler-68 c,CONFIRMED,CANDIDATE,1.0000,0,0,0,0,9.605059760,3.4590000e-05,-3.4590000e-05,136.3786300,3.200000e-03,-3.200000e-03,0.5400,0.4000,-0.3300,3.00630,0.07730,-0.07730,5.5000e+01,1.900e+00,-1.900e+00,0.91,5.000e-02,-4.000e-02,941.0,,,185.15,32.63,-27.19,32.20,2,q1_q17_dr25_tce,5790.00,78.00,-78.00,4.279,0.030,-0.027,1.1980,0.0670,-0.0610,291.032320,49.040272,9.997
10679583,K02549.01,,FALSE POSITIVE,FALSE POSITIVE,0.0150,0,0,1,0,3.547899280,2.8840000e-05,-2.8840000e-05,133.7821200,6.110000e-03,-6.110000e-03,0.3250,0.1420,-0.3250,2.86100,0.19700,-0.19700,1.8530e+02,1.620e+01,-1.620e+01,0.99,1.600e-01,-7.000e-02,987.0,,,224.45,119.85,-50.87,13.60,1,q1_q17_dr25_tce,5399.00,160.00,-144.00,4.619,0.035,-0.098,0.7250,0.1220,-0.0520,296.960170,47.964771,15.413
11622985,K02550.01,,CANDIDATE,CANDIDATE,1.0000,0,0,0,0,18.024348200,1.1490000e-04,-1.1490000e-04,144.2775600,5.370000e-03,-5.370000e-03,0.5700,0.3780,-0.3470,3.57500,0.15200,-0.15200,4.4120e+02,2.950e+01,-2.950e+01,1.98,6.100e-01,-2.000e-01,683.0,,,51.44,46.44,-14.74,17.30,1,q1_q17_dr25_tce,5955.00,161.00,-179.00,4.520,0.037,-0.213,0.9100,0.2800,-0.0930,297.240170,49.616859,15.419
11361283,K02551.01,,CANDIDATE,CANDIDATE,0.9970,0,0,0,0,16.479322900,1.7330000e-04,-1.7330000e-04,142.9416300,7.670000e-03,-7.670000e-03,0.2630,0.1940,-0.2630,3.31200,0.24700,-0.24700,4.7910e+02,4.120e+01,-4.120e+01,1.53,1.700e-01,-1.000e-01,537.0,,,19.62,7.78,-4.56,13.80,1,q1_q17_dr25_tce,4908.00,162.00,-148.00,4.618,0.027,-0.063,0.7160,0.0770,-0.0490,296.723050,49.106659,15.846
8757824,K02552.01,Kepler-1275 b,CONFIRMED,CANDIDATE,0.9980,0,0,0,0,3.656909090,1.9190000e-05,-1.9190000e-05,134.9526900,4.500000e-03,-4.500000e-03,0.2170,0.2380,-0.2170,2.06400,0.14100,-0.14100,1.0740e+02,9.800e+00,-9.800e+00,1.32,2.300e-01,-1.700e-01,1368.0,,,828.52,367.20,-234.28,12.80,1,q1_q17_dr25_tce,6078.00,81.00,-90.00,4.294,0.099,-0.121,1.2710,0.2160,-0.1620,293.500490,44.932461,14.460
9832208,K02553.01,Kepler-1858 b,CONFIRMED,CANDIDATE,0.7170,0,0,0,0,88.071276900,8.4970000e-04,-8.4970000e-04,214.5130400,7.400000e-03,-7.400000e-03,0.3470,0.1200,-0.3470,6.75800,0.26300,-0.26300,8.8540e+02,5.590e+01,-5.590e+01,2.40,9.000e-02,-1.600e-01,330.0,,,2.79,0.43,-0.51,18.10,1,q1_q17_dr25_tce,4939.00,79.00,-79.00,4.506,0.072,-0.022,0.8190,0.0320,-0.0550,292.307430,46.626640,15.639
6124512,K02627.01,Kepler-1296 b,CONFIRMED,CANDIDATE,0.9960,0,0,0,0,8.383957960,8.4520000e-05,-8.4520000e-05,134.4140800,8.290000e-03,-8.290000e-03,0.8920,0.0530,-0.6010,5.20000,0.23200,-0.23200,1.0850e+02,8.900e+00,-8.900e+00,3.24,5.600e-01,-1.030e+00,1285.0,,,645.64,290.81,-364.83,14.10,1,q1_q17_dr25_tce,5405.00,75.00,-86.00,3.741,0.217,-0.093,2.6050,0.4470,-0.8310,292.125210,41.407810,14.667
10070468,K02628.01,Kepler-1297 b,CONFIRMED,CANDIDATE,0.9980,0,0,0,0,1.681890510,1.0760000e-05,-1.0760000e-05,133.0795100,5.120000e-03,-5.120000e-03,0.4150,0.0470,-0.4150,2.99200,0.16100,-0.16100,8.3200e+01,5.600e+00,-5.600e+00,1.27,2.000e-01,-2.300e-01,1790.0,,,2432.14,1005.66,-880.04,17.40,1,q1_q17_dr25_tce,5827.00,70.00,-79.00,4.191,0.162,-0.108,1.3740,0.2210,-0.2460,289.956510,47.020390,14.812
10031656,K02629.01,,FALSE POSITIVE,FALSE POSITIVE,0.0000,0,1,1,1,8.590003550,8.8640000e-05,-8.8640000e-05,131.9749200,7.660000e-03,-7.660000e-03,0.9090,0.0280,-0.6220,6.68000,0.21900,-0.21900,2.9810e+02,1.790e+01,-1.790e+01,1.82,5.200e-01,-1.800e-01,843.0,,,119.26,101.20,-33.02,18.90,1,q1_q17_dr25_tce,5817.00,155.00,-172.00,4.538,0.048,-0.192,0.8760,0.2540,-0.0850,298.754910,46.941589,15.408
7584650,K02631.01,Kepler-1863 b,CONFIRMED,CANDIDATE,0.9100,0,0,0,0,44.997760400,5.1730000e-04,-5.1730000e-04,160.2298000,1.010000e-02,-1.010000e-02,0.9280,0.0130,-0.6470,9.68600,0.19300,-0.19300,1.7020e+02,8.300e+00,-8.300e+00,1.59,2.300e-01,-8.000e-02,508.0,,,15.74,5.91,-2.25,21.40,1,q1_q17_dr25_tce,5871.00,70.00,-88.00,4.493,0.019,-0.110,0.9830,0.1430,-0.0450,282.239690,43.244049,13.468
11337566,K02632.01,Kepler-1298 b,CONFIRMED,CANDIDATE,1.0000,0,0,0,0,7.128151630,6.1950000e-05,-6.1950000e-05,136.8800600,7.020000e-03,-7.020000e-03,0.2010,0.2720,-0.2010,5.52200,0.19900,-0.19900,4.5900e+01,2.400e+00,-2.400e+00,1.36,2.500e-01,-3.400e-01,1373.0,,,839.50,428.34,-401.83,22.00,1,q1_q17_dr25_tce,6311.00,113.00,-126.00,3.998,0.188,-0.116,1.9940,0.3710,-0.4950,284.422730,49.106220,11.392
6364215,K02404.01,,CANDIDATE,CANDIDATE,0.9720,0,0,0,0,2.100816290,1.4820000e-05,-1.4820000e-05,132.2678900,4.980000e-03,-4.980000e-03,0.9790,0.0240,-0.7030,2.81820,0.09140,-0.09140,1.6910e+02,1.250e+01,-1.250e+01,1.65,4.900e-01,-2.000e-01,1378.0,,,852.78,768.81,-282.51,15.30,2,q1_q17_dr25_tce,5815.00,175.00,-210.00,4.500,0.052,-0.195,0.9180,0.2750,-0.1100,291.877990,41.769581,15.656
10202759,K02405.01,,FALSE POSITIVE,FALSE POSITIVE,0.0000,0,0,1,0,0.872952088,1.0190000e-06,-1.0190000e-06,131.4973400,1.010000e-03,-1.010000e-03,1.1000,1.5870,-0.0380,1.44990,0.05680,-0.05680,1.3730e+02,4.100e+00,-4.100e+00,25.50,5.640e+00,-6.890e+00,3165.0,,,23715.46,15617.95,-12681.50,41.60,1,q1_q17_dr25_tce,7102.00,192.00,-235.00,3.972,0.221,-0.119,2.0820,0.4600,-0.5630,289.802980,47.259159,12.335
5007345,K02406.01,Kepler-1225 b,CONFIRMED,CANDIDATE,1.0000,0,0,0,0,7.010742950,2.5170000e-05,-2.5170000e-05,138.4027000,3.080000e-03,-3.080000e-03,0.4270,0.0350,-0.4270,2.17870,0.09550,-0.09550,2.2280e+02,1.230e+01,-1.230e+01,3.76,6.100e-01,-1.140e+00,1453.0,,,1054.63,448.28,-567.41,21.30,1,q1_q17_dr25_tce,5814.00,78.00,-78.00,3.745,0.225,-0.090,2.4760,0.4020,-0.7470,290.633300,40.136990,14.689
12120484,K02407.01,Kepler-1226 b,CONFIRMED,CANDIDATE,0.9930,0,0,0,0,17.292263100,1.2820000e-04,-1.2820000e-04,135.7544800,6.190000e-03,-6.190000e-03,0.8650,0.0120,-0.6010,7.04200,0.16100,-0.16100,2.0310e+02,9.900e+00,-9.900e+00,2.13,3.500e-01,-3.400e-01,809.0,,,101.22,41.84,-33.67,23.70,1,q1_q17_dr25_tce,5936.00,71.00,-79.00,4.261,0.137,-0.112,1.2990,0.2090,-0.2090,296.376920,50.621471,14.150
6429812,K02408.01,Kepler-1227 b,CONFIRMED,CANDIDATE,0.9980,0,0,0,0,94.289223000,6.4660000e-04,-6.4660000e-04,166.5082600,5.870000e-03,-5.870000e-03,0.6130,0.3300,-0.3890,4.10200,0.15800,-0.15800,5.0540e+02,2.630e+01,-2.630e+01,2.11,2.900e-01,-8.000e-02,369.0,,,4.39,1.53,-0.61,22.50,1,q1_q17_dr25_tce,5632.00,67.00,-92.00,4.537,0.014,-0.119,0.9040,0.1210,-0.0380,287.066380,41.874908,14.183
6846911,K02477.01,Kepler-1842 b,CONFIRMED,CANDIDATE,0.9980,0,0,0,0,14.026346920,3.9970000e-05,-3.9970000e-05,135.1753900,2.310000e-03,-2.310000e-03,0.8770,0.0620,-0.6320,1.28080,0.07660,-0.07660,4.0360e+02,2.630e+01,-2.630e+01,2.66,7.900e-01,-4.200e-01,822.0,,,108.07,96.95,-41.63,19.30,1,q1_q17_dr25_tce,5970.00,184.00,-205.00,4.355,0.112,-0.192,1.1310,0.3350,-0.1800,286.251650,42.378479,14.729
5385439,K02478.01,,FALSE POSITIVE,FALSE POSITIVE,0.0000,1,0,1,1,12.425866431,,,141.5137911,,,0.9770,,,29.14280,,,2.5790e+02,,,2.12,5.600e-01,-3.400e-01,741.0,,,71.19,57.69,-25.84,62.20,1,q1_q17_dr25_tce,5428.00,161.00,-145.00,4.404,0.144,-0.198,0.9400,0.2530,-0.1480,297.588010,40.577980,14.148
5963582,K02479.01,Kepler-1843 b,CONFIRMED,CANDIDATE,0.9470,0,0,0,0,25.543370400,2.2610000e-04,-2.2610000e-04,140.5870500,7.090000e-03,-7.090000e-03,0.4400,0.0130,-0.4400,8.56700,0.21600,-0.21600,1.3860e+02,5.700e+00,-5.700e+00,2.11,4.100e-01,-4.100e-01,772.0,,,84.00,46.41,-33.15,28.40,1,q1_q17_dr25_tce,5422.00,119.00,-98.00,3.945,0.162,-0.108,1.7820,0.3440,-0.3440,292.885280,41.279240,12.939
4476423,K02481.01,,FALSE POSITIVE,FALSE POSITIVE,,1,0,0,0,33.854258600,7.9130000e-04,-7.9130000e-04,132.1329000,2.170000e-02,-2.170000e-02,0.1881,0.2560,-0.1879,12.68900,0.72100,-0.72100,2.5330e+02,2.450e+01,-2.450e+01,15.96,1.060e+00,-1.060e+00,1326.0,,,730.99,173.54,-146.52,10.00,,,4553.00,97.00,-97.00,2.605,0.016,-0.016,10.4720,0.6960,-0.6960,294.782350,39.596519,13.605
11403389,K02482.01,Kepler-1251 b,CONFIRMED,CANDIDATE,1.0000,0,0,0,0,45.090920100,4.7490000e-04,-4.7490000e-04,133.5514600,8.330000e-03,-8.330000e-03,0.9570,0.0090,-0.7540,4.60500,0.18200,-0.18200,4.3630e+02,3.420e+01,-3.420e+01,2.44,7.000e-01,-2.400e-01,487.0,,,13.27,11.16,-3.77,14.10,1,q1_q17_dr25_tce,5790.00,156.00,-190.00,4.528,0.036,-0.204,0.9000,0.2580,-0.0860,292.115170,49.256432,14.976
9851662,K02483.01,Kepler-1252 b,CONFIRMED,CANDIDATE,0.9950,0,0,0,0,15.053988600,1.2340000e-04,-1.2340000e-04,135.5332900,6.870000e-03,-6.870000e-03,0.8860,0.0640,-0.5940,4.42200,0.17400,-0.17400,2.2150e+02,1.570e+01,-1.570e+01,1.44,2.500e-01,-2.100e-01,665.0,,,46.30,25.51,-16.14,16.30,1,q1_q17_dr25_tce,5475.00,162.00,-162.00,4.479,0.121,-0.135,0.8180,0.1430,-0.1170,298.950320,46.692799,14.503
6467363,K02840.01,,CANDIDATE,CANDIDATE,0.9950,0,0,0,0,3.679368630,2.0070000e-05,-2.0070000e-05,134.9902100,4.170000e-03,-4.170000e-03,0.8850,0.0650,-0.6230,3.47000,0.14400,-0.14400,8.5900e+01,5.200e+00,-5.200e+00,0.92,2.000e-01,-1.100e-01,1112.0,,,361.27,242.82,-114.83,18.10,1,q1_q17_dr25_tce,5676.00,172.00,-154.00,4.474,0.117,-0.156,0.8480,0.1850,-0.1080,298.353610,41.820068,13.884
6467363,K02840.02,,CANDIDATE,CANDIDATE,1.0000,0,0,0,0,7.446463500,1.0350000e-04,-1.0350000e-04,137.3391000,1.160000e-02,-1.160000e-02,0.5310,0.0550,-0.4300,4.08400,0.29800,-0.29800,7.8000e+01,7.100e+00,-7.100e+00,0.77,1.700e-01,-1.000e-01,879.0,,,141.12,94.85,-44.85,12.70,2,q1_q17_dr25_tce,5676.00,172.00,-154.00,4.474,0.117,-0.156,0.8480,0.1850,-0.1080,298.353610,41.820068,13.884
8758204,K02841.01,Kepler-1881 b,CONFIRMED,CANDIDATE,0.9960,0,0,0,0,159.388788000,3.4880000e-03,-3.4880000e-03,226.9313000,1.090000e-02,-1.090000e-02,0.1090,0.3260,-0.1090,8.43200,0.39400,-0.39400,1.0330e+03,6.810e+01,-6.810e+01,2.73,1.400e-01,-2.400e-01,289.0,,,1.65,0.29,-0.36,17.30,1,q1_q17_dr25_tce,5135.00,84.00,-77.00,4.464,0.090,-0.036,0.8740,0.0440,-0.0760,293.639400,44.982529,15.822
8733898,K02842.01,Kepler-446 b,CONFIRMED,CANDIDATE,1.0000,0,0,0,0,1.565412613,1.6010000e-06,-1.6010000e-06,132.9128100,1.150000e-03,-1.150000e-03,0.0030,0.4310,-0.0030,0.75720,0.02990,-0.02990,2.7546e+03,8.310e+01,-8.310e+01,1.73,2.200e-01,-1.900e-01,648.0,,,41.85,15.16,-10.74,48.60,1,q1_q17_dr25_tce,3464.00,69.00,-55.00,4.923,0.044,-0.044,0.3280,0.0400,-0.0360,282.250210,44.921108,16.257
8733898,K02842.02,Kepler-446 d,CONFIRMED,CANDIDATE,0.9920,0,0,0,0,5.148923460,1.2470000e-05,-1.2470000e-05,133.3197100,2.780000e-03,-2.780000e-03,0.7190,0.1860,-0.5060,0.96130,0.05380,-0.05380,2.3550e+03,1.200e+02,-1.200e+02,1.72,2.100e-01,-1.800e-01,436.0,,,8.54,3.09,-2.19,25.40,3,q1_q17_dr25_tce,3464.00,69.00,-55.00,4.923,0.044,-0.044,0.3280,0.0400,-0.0360,282.250210,44.921108,16.257
3228945,K02917.01,,FALSE POSITIVE,FALSE POSITIVE,0.0000,0,1,1,1,0.730943372,4.1830000e-06,-4.1830000e-06,131.4986200,4.580000e-03,-4.580000e-03,0.7920,0.1620,-0.5450,3.00400,0.11700,-0.11700,1.3470e+02,6.100e+00,-6.100e+00,1.37,4.400e-01,-2.000e-01,2190.0,,,5461.14,5439.02,-2061.35,27.00,1,q1_q17_dr25_tce,6143.00,193.00,-257.00,4.418,0.072,-0.217,1.0670,0.3500,-0.1500,289.793400,38.385078,15.021
7008149,K02918.01,,FALSE POSITIVE,FALSE POSITIVE,0.0010,0,0,1,0,0.515552803,3.9600000e-07,-3.9600000e-07,131.6517190,8.220000e-04,-8.220000e-04,1.1280,1.1500,-0.0660,1.78690,0.03320,-0.03320,1.2241e+03,1.870e+01,-1.870e+01,13.96,1.510e+00,-1.510e+00,1807.0,,,2508.21,1022.97,-776.48,79.60,1,q1_q17_dr25_tce,5068.00,176.00,-176.00,4.556,0.078,-0.052,0.7300,0.0790,-0.0790,281.559360,42.520489,15.786
10332213,K02919.01,Kepler-1885 b,CONFIRMED,CANDIDATE,1.0000,0,0,0,0,2.522590567,6.8210000e-06,-6.8210000e-06,131.6453400,2.220000e-03,-2.220000e-03,1.2610,48.2100,-0.9740,1.40600,0.12000,-0.12000,2.1020e+02,1.470e+01,-1.470e+01,25.82,6.660e+00,-2.230e+00,1205.0,,,499.07,379.16,-129.54,18.50,1,q1_q17_dr25_tce,5591.00,150.00,-166.00,4.559,0.033,-0.187,0.8600,0.2220,-0.0740,288.750730,47.490921,14.816
7090524,K02920.01,Kepler-1386 b,CONFIRMED,CANDIDATE,0.9800,0,0,0,0,6.739682890,6.3970000e-05,-6.3970000e-05,132.2929600,8.160000e-03,-8.160000e-03,0.6620,0.0210,-0.4970,4.18300,0.19200,-0.19200,1.4200e+02,1.070e+01,-1.070e+01,1.48,2.300e-01,-2.600e-01,1011.0,,,246.90,102.89,-86.42,15.40,1,q1_q17_dr25_tce,5511.00,82.00,-71.00,4.261,0.168,-0.112,1.1760,0.1830,-0.2030,280.823390,42.636051,14.455
11133306,K00276.01,Kepler-509 b,CONFIRMED,CANDIDATE,0.9990,0,0,0,0,41.745988550,4.5720000e-05,-4.5720000e-05,210.3991510,8.580000e-04,-8.580000e-04,0.0490,0.3740,-0.0490,4.61250,0.03800,-0.03800,4.2180e+02,4.500e+00,-4.500e+00,2.40,1.200e-01,-1.300e-01,584.0,,,27.58,4.37,-4.06,110.50,1,q1_q17_dr25_tce,5978.00,71.00,-80.00,4.316,0.030,-0.030,1.1710,0.0600,-0.0600,289.664400,48.706211,11.854
6307063,K02702.01,,FALSE POSITIVE,FALSE POSITIVE,0.0000,0,1,1,1,75.378004000,7.3860000e-04,-7.3860000e-04,167.1171500,8.580000e-03,-8.580000e-03,0.9890,60.1100,-0.0390,6.74400,0.40800,-0.40800,4.4780e+02,2.620e+01,-2.620e+01,3.82,5.900e-01,-4.400e-01,455.0,,,10.13,4.36,-2.83,20.50,1,q1_q17_dr25_tce,5876.00,105.00,-117.00,4.374,0.095,-0.116,1.0770,0.1660,-0.1250,297.629360,41.637459,13.693
5871985,K02703.01,Kepler-1318 b,CONFIRMED,CANDIDATE,1.0000,0,0,0,0,213.258526000,1.2140000e-03,-1.2140000e-03,268.1342400,4.570000e-03,-4.570000e-03,0.0370,0.3960,-0.0370,7.76800,0.17200,-0.17200,1.9923e+03,6.260e+01,-6.260e+01,2.72,2.400e-01,-2.200e-01,202.0,,,0.39,0.15,-0.10,36.10,1,q1_q17_dr25_tce,4477.00,159.00,-159.00,4.649,0.035,-0.039,0.6370,0.0560,-0.0510,290.376310,41.150742,15.165
8292840,K00260.02,Kepler-126 d,CONFIRMED,CANDIDATE,1.0000,0,0,0,0,100.283067500,2.6200000e-04,-2.6200000e-04,245.0431800,1.980000e-03,-1.980000e-03,0.5350,0.0290,-0.4290,10.86360,0.08520,-0.08520,3.5120e+02,4.400e+00,-4.400e+00,2.51,1.400e-01,-1.000e-01,475.0,,,12.07,2.43,-1.59,81.90,1,q1_q17_dr25_tce,6214.00,113.00,-87.00,4.238,0.033,-0.027,1.2970,0.0740,-0.0540,289.347320,44.208511,10.500
9730163,K02704.01,Kepler-445 c,CONFIRMED,CANDIDATE,1.0000,0,0,0,0,4.871223664,7.6880000e-06,-7.6880000e-06,133.6425500,1.510000e-03,-1.510000e-03,0.7060,0.0660,-0.4910,1.59160,0.05530,-0.05530,6.4620e+03,1.520e+02,-1.520e+02,1.56,7.000e-01,-2.300e-01,341.0,,,3.18,4.16,-0.99,50.50,1,q1_q17_dr25_tce,3157.00,75.00,-37.00,5.112,0.076,-0.123,0.1800,0.0810,-0.0270,298.736110,46.498634,17.475
9730163,K02704.02,Kepler-445 b,CONFIRMED,CANDIDATE,0.9390,0,0,0,0,2.984157711,8.7490000e-06,-8.7490000e-06,133.1190800,2.790000e-03,-2.790000e-03,0.4500,0.4790,-0.2400,1.26370,0.06670,-0.06670,2.5980e+03,1.290e+02,-1.290e+02,0.92,4.200e-01,-1.400e-01,401.0,,,6.12,8.01,-1.90,24.30,2,q1_q17_dr25_tce,3157.00,75.00,-37.00,5.112,0.076,-0.123,0.1800,0.0810,-0.0270,298.736110,46.498634,17.475
11453592,K02705.01,Kepler-1319 b,CONFIRMED,CANDIDATE,1.0000,0,0,0,0,2.886762400,3.7410000e-06,-3.7410000e-06,131.6659200,1.250000e-03,-1.250000e-03,0.9200,0.0320,-0.6910,0.98790,0.03100,-0.03100,6.3180e+02,2.260e+01,-2.260e+01,1.24,1.700e-01,-2.000e-01,557.0,,,22.75,9.63,-7.98,37.10,1,q1_q17_dr25_tce,3483.00,78.00,-78.00,4.875,0.060,-0.060,0.3890,0.0550,-0.0610,290.956150,49.366398,14.717
3834322,K02763.01,,FALSE POSITIVE,FALSE POSITIVE,0.0000,0,1,0,0,0.498434645,9.0400000e-07,-9.0400000e-07,131.5705300,1.550000e-03,-1.550000e-03,0.2880,0.1710,-0.2880,0.95500,0.06040,-0.06040,2.3920e+02,1.180e+01,-1.180e+01,1.08,1.000e-01,-8.000e-02,1676.0,,,1873.28,616.96,-457.57,26.80,1,q1_q17_dr25_tce,4784.00,129.00,-143.00,4.618,0.028,-0.052,0.7080,0.0660,-0.0540,286.049900,38.960201,15.397
10073672,K02764.01,,CANDIDATE,CANDIDATE,0.9300,0,0,0,0,2.252976718,8.3350000e-06,-8.3350000e-06,132.2395700,3.220000e-03,-3.220000e-03,0.1570,0.3030,-0.1570,1.71310,0.07790,-0.07790,4.6790e+02,2.490e+01,-2.490e+01,1.19,7.000e-02,-6.000e-02,795.0,,,94.26,19.31,-16.63,21.70,1,q1_q17_dr25_tce,4039.00,80.00,-80.00,4.708,0.023,-0.030,0.5590,0.0310,-0.0310,291.231480,47.033932,15.794
11188249,K02765.01,,FALSE POSITIVE,FALSE POSITIVE,0.0010,0,0,1,0,2.755054670,1.3690000e-05,-1.3690000e-05,133.4220100,4.660000e-03,-4.660000e-03,0.7380,0.2130,-0.5170,3.42600,0.12100,-0.12100,8.5500e+01,3.600e+00,-3.600e+00,1.74,4.800e-01,-6.300e-01,1783.0,,,2387.41,2008.66,-1568.73,27.80,1,q1_q17_dr25_tce,6257.00,199.00,-243.00,4.063,0.299,-0.161,1.7480,0.4800,-0.6400,290.637360,48.883133,13.883
4677282,K02766.01,,FALSE POSITIVE,FALSE POSITIVE,0.0000,0,1,1,1,1.572181216,7.8810000e-06,-7.8810000e-06,131.7745600,4.700000e-03,-4.700000e-03,1.1490,0.3660,-0.1140,7.21900,0.24600,-0.24600,2.1950e+02,5.800e+00,-5.800e+00,77.12,9.220e+00,-3.456e+01,3384.0,,,30903.98,12219.79,-22580.67,48.20,1,q1_q17_dr25_tce,6622.00,180.00,-200.00,3.421,0.425,-0.075,4.3150,0.5160,-1.9340,297.110570,39.703911,13.157
5097470,K02767.01,,FALSE POSITIVE,FALSE POSITIVE,0.0000,0,1,1,1,1.288058340,7.4570000e-06,-7.4570000e-06,131.9914000,4.780000e-03,-4.780000e-03,0.2140,0.2600,-0.2140,3.41900,0.17100,-0.17100,9.2600e+01,3.800e+00,-3.800e+00,1.08,1.700e-01,-1.400e-01,1736.0,,,2142.23,875.49,-596.68,28.10,1,q1_q17_dr25_tce,5631.00,76.00,-76.00,4.330,0.115,-0.115,1.1320,0.1760,-0.1440,291.253080,40.216671,14.487
4858610,K02844.01,,FALSE POSITIVE,FALSE POSITIVE,0.0000,0,0,1,0,2.722882460,1.5620000e-05,-1.5620000e-05,131.9094800,4.940000e-03,-4.940000e-03,0.0800,0.3740,-0.0800,2.40800,0.15100,-0.15100,1.5260e+02,1.170e+01,-1.170e+01,1.06,2.400e-01,-1.100e-01,1162.0,,,431.75,311.19,-125.00,15.50,1,q1_q17_dr25_tce,5458.00,180.00,-180.00,4.530,0.042,-0.158,0.8720,0.2000,-0.0860,297.380280,39.941071,15.003
10591855,K02845.01,Kepler-1367 b,CONFIRMED,CANDIDATE,1.0000,0,0,0,0,1.574090323,5.5220000e-06,-5.5220000e-06,131.8611600,3.360000e-03,-3.360000e-03,0.0710,0.3850,-0.0710,1.57960,0.09620,-0.09620,2.2490e+02,1.520e+01,-1.520e+01,0.93,6.000e-02,-2.000e-02,998.0,,,234.92,49.90,-25.64,17.70,1,q1_q17_dr25_tce,4313.00,86.00,-77.00,4.662,0.006,-0.042,0.6500,0.0380,-0.0140,288.416530,47.878731,15.571
4832175,K02846.01,,FALSE POSITIVE,FALSE POSITIVE,0.0000,0,0,1,1,0.947738312,4.3880000e-06,-4.3880000e-06,132.3856700,4.290000e-03,-4.290000e-03,0.0220,0.4440,-0.0220,1.20600,0.17300,-0.17300,2.0220e+02,2.230e+01,-2.230e+01,0.88,7.000e-02,-7.000e-02,1229.0,,,537.85,194.19,-144.04,13.90,1,q1_q17_dr25_tce,4464.00,159.00,-159.00,4.643,0.036,-0.036,0.6380,0.0560,-0.0510,290.731540,39.920269,15.761
7749773,K02848.01,Kepler-1882 b,CONFIRMED,CANDIDATE,1.0000,0,0,0,0,13.787262700,1.0200000e-04,-1.0200000e-04,144.7740300,5.920000e-03,-5.920000e-03,0.9210,0.0270,-0.6590,5.74700,0.13400,-0.13400,7.5100e+01,3.600e+00,-3.600e+00,1.55,2.900e-01,-4.100e-01,894.0,,,150.64,71.35,-73.09,23.90,1,q1_q17_dr25_tce,5691.00,77.00,-77.00,4.139,0.231,-0.116,1.4580,0.2650,-0.3830,290.664120,43.499840,12.458
9451706,K00271.03,Kepler-127 b,CONFIRMED,CANDIDATE,1.0000,0,0,0,0,14.435945900,6.1950000e-05,-6.1950000e-05,141.5125300,3.560000e-03,-3.560000e-03,0.6130,0.3440,-0.3940,3.41400,0.10200,-0.10200,1.0730e+02,5.300e+00,-5.300e+00,1.46,4.000e-02,-3.000e-02,884.0,,,144.45,20.39,-14.96,22.00,3,q1_q17_dr25_tce,6075.00,122.00,-97.00,4.264,0.012,-0.012,1.3520,0.0360,-0.0300,285.190000,46.027962,11.485
10064256,K02849.01,Kepler-1692 b,CONFIRMED,CANDIDATE,1.0000,0,0,0,0,5.959586370,4.4000000e-05,-4.4000000e-05,135.0082200,4.490000e-03,-4.490000e-03,0.2600,0.1980,-0.2590,2.89900,0.15000,-0.15000,1.3310e+02,9.600e+00,-9.600e+00,1.02,2.500e-01,-8.000e-02,897.0,,,153.48,111.26,-38.24,16.10,1,q1_q17_dr25_tce,5452.00,164.00,-164.00,4.535,0.030,-0.170,0.9000,0.2140,-0.0710,286.924290,47.053741,14.520
6842807,K02921.01,,CANDIDATE,CANDIDATE,0.9370,0,0,0,0,16.614622100,1.3110000e-04,-1.3110000e-04,137.3327600,6.750000e-03,-6.750000e-03,0.0170,0.4390,-0.0170,2.70600,0.22300,-0.22300,3.6120e+02,3.770e+01,-3.770e+01,1.49,2.300e-01,-1.500e-01,604.0,,,31.48,15.58,-8.76,10.60,1,q1_q17_dr25_tce,5295.00,159.00,-143.00,4.548,0.052,-0.097,0.8000,0.1220,-0.0820,284.354340,42.388371,15.460
4381282,K02922.01,,FALSE POSITIVE,FALSE POSITIVE,0.0000,0,1,1,0,0.497581917,1.6020000e-06,-1.6020000e-06,131.6572000,2.720000e-03,-2.720000e-03,0.3280,0.1370,-0.3280,1.46000,0.11000,-0.11000,1.4060e+02,1.140e+01,-1.140e+01,0.76,6.000e-02,-6.000e-02,1801.0,,,2487.04,802.69,-581.90,17.10,1,q1_q17_dr25_tce,5271.00,174.00,-158.00,4.634,0.066,-0.039,0.6300,0.0490,-0.0440,295.535340,39.408180,15.481
9815053,K02923.01,,CANDIDATE,CANDIDATE,0.9940,0,0,0,0,5.838929930,2.0540000e-05,-2.0540000e-05,136.9029300,2.940000e-03,-2.940000e-03,0.3190,0.1460,-0.3190,1.10660,0.09530,-0.09530,2.3740e+02,1.980e+01,-1.980e+01,1.19,1.800e-01,-1.100e-01,835.0,,,114.94,58.68,-28.81,15.30,1,q1_q17_dr25_tce,5279.00,158.00,-142.00,4.588,0.039,-0.097,0.7690,0.1220,-0.0660,283.398250,46.689789,14.628
7609553,K02924.01,Kepler-1387 b,CONFIRMED,CANDIDATE,0.9990,0,0,0,0,2.279523364,8.5360000e-06,-8.5360000e-06,133.3576000,3.340000e-03,-3.340000e-03,0.0330,0.4300,-0.0330,1.62020,0.09780,-0.09780,1.2680e+02,9.000e+00,-9.000e+00,0.87,9.000e-02,-9.000e-02,1123.0,,,374.78,135.00,-108.32,16.70,1,q1_q17_dr25_tce,5017.00,151.00,-136.00,4.516,0.075,-0.067,0.7970,0.0790,-0.0870,292.440400,43.209431,14.589
10122538,K02926.01,Kepler-1388 b,CONFIRMED,CANDIDATE,1.0000,0,0,0,0,12.285471800,9.2460000e-05,-9.2460000e-05,131.9007300,8.670000e-03,-8.670000e-03,0.2910,0.1750,-0.2910,2.99600,0.10700,-0.10700,1.6171e+03,7.410e+01,-7.410e+01,2.21,1.400e-01,-1.000e-01,434.0,,,8.39,1.77,-1.41,23.80,2,q1_q17_dr25_tce,3891.00,70.00,-86.00,4.718,0.018,-0.042,0.5640,0.0350,-0.0260,283.336060,47.174541,16.279
10122538,K02926.02,Kepler-1388 c,CONFIRMED,CANDIDATE,0.9760,0,0,0,0,5.536093680,3.1480000e-05,-3.1480000e-05,131.8828600,6.510000e-03,-6.510000e-03,0.7910,0.1240,-0.5630,2.29420,0.09040,-0.09040,1.2233e+03,6.160e+01,-6.160e+01,2.20,1.400e-01,-1.000e-01,566.0,,,24.23,5.12,-4.07,22.60,1,q1_q17_dr25_tce,3891.00,70.00,-86.00,4.718,0.018,-0.042,0.5640,0.0350,-0.0260,283.336060,47.174541,16.279
9697131,K02706.01,,CANDIDATE,CANDIDATE,1.0000,0,0,0,0,3.097568970,3.1690000e-05,-3.1690000e-05,131.5588900,8.740000e-03,-8.740000e-03,0.4080,0.0480,-0.4080,4.58800,0.22400,-0.22400,8.3300e+01,6.700e+00,-6.700e+00,1.75,7.000e-02,-8.000e-02,1782.0,,,2380.18,329.14,-330.55,14.60,1,q1_q17_dr25_tce,6329.00,82.00,-76.00,4.026,0.016,-0.018,1.8850,0.0750,-0.0930,285.077670,46.419601,10.268
5480640,K02707.01,Kepler-399 d,CONFIRMED,CANDIDATE,0.9980,0,0,0,0,58.033742600,2.4760000e-04,-2.4760000e-04,138.7412000,3.210000e-03,-3.210000e-03,0.0210,0.4010,-0.0210,5.58400,0.10700,-0.10700,8.0710e+02,2.420e+01,-2.420e+01,3.21,5.000e-01,-5.600e-01,486.0,,,13.17,5.52,-4.64,34.90,1,q1_q17_dr25_tce,5467.00,82.00,-73.00,4.271,0.180,-0.120,1.1520,0.1800,-0.2000,299.501740,40.670799,14.467
5480640,K02707.02,Kepler-399 b,CONFIRMED,CANDIDATE,0.9980,0,0,0,0,14.425263500,1.0020000e-04,-1.0020000e-04,136.7560800,5.830000e-03,-5.830000e-03,0.0130,0.4640,-0.0130,3.75400,0.18300,-0.18300,2.2120e+02,1.640e+01,-1.640e+01,1.68,2.600e-01,-2.900e-01,773.0,,,84.28,35.31,-29.74,15.20,3,q1_q17_dr25_tce,5467.00,82.00,-73.00,4.271,0.180,-0.120,1.1520,0.1800,-0.2000,299.501740,40.670799,14.467
5480640,K02707.03,Kepler-399 c,CONFIRMED,CANDIDATE,0.9970,0,0,0,0,26.675781800,1.1870000e-04,-1.1870000e-04,149.9952700,4.020000e-03,-4.020000e-03,0.7130,0.2590,-0.5080,2.69600,0.11900,-0.11900,4.7480e+02,2.640e+01,-2.640e+01,2.69,4.200e-01,-4.700e-01,630.0,,,37.15,15.56,-13.11,20.00,2,q1_q17_dr25_tce,5467.00,82.00,-73.00,4.271,0.180,-0.120,1.1520,0.1800,-0.2000,299.501740,40.670799,14.467
5175986,K02708.01,Kepler-1320 b,CONFIRMED,CANDIDATE,0.0000,0,0,0,0,0.868386354,1.5440000e-06,-1.5440000e-06,132.0674100,1.480000e-03,-1.480000e-03,0.1350,0.3200,-0.1350,1.06600,0.05530,-0.05530,4.8850e+02,2.280e+01,-2.280e+01,1.52,1.600e-01,-9.000e-02,1389.0,,,880.33,328.99,-192.83,27.30,1,q1_q17_dr25_tce,4792.00,143.00,-143.00,4.627,0.024,-0.060,0.7040,0.0740,-0.0430,288.433590,40.380878,15.898
9008737,K02768.01,Kepler-404 b,CONFIRMED,CANDIDATE,,0,0,0,0,11.828884300,3.1580000e-04,-3.1580000e-04,137.6991000,1.230000e-02,-1.230000e-02,0.2658,0.2011,-0.2658,3.33700,0.39800,-0.39800,1.9100e+02,2.350e+01,-2.350e+01,1.18,4.500e-01,-9.000e-02,730.0,,,67.13,76.62,-15.93,9.10,1,q1_q16_tce,5653.00,165.00,-161.00,4.551,0.026,-0.272,0.8570,0.3270,-0.0640,286.398620,45.343529,15.228
9008737,K02768.02,Kepler-404 c,CONFIRMED,CANDIDATE,,0,0,0,0,14.751203400,2.0400000e-04,-2.0400000e-04,137.1559000,9.720000e-03,-9.720000e-03,0.8759,0.0044,-0.5844,1.25000,0.31100,-0.31100,2.6110e+02,3.930e+01,-3.930e+01,1.63,6.200e-01,-1.200e-01,678.0,,,49.97,57.04,-11.85,8.30,,,5653.00,165.00,-161.00,4.551,0.026,-0.272,0.8570,0.3270,-0.0640,286.398620,45.343529,15.228
9692128,K02769.01,,FALSE POSITIVE,FALSE POSITIVE,0.0000,0,1,0,1,1.480323978,3.3680000e-06,-3.3680000e-06,131.7553000,2.450000e-03,-2.450000e-03,0.6170,0.0410,-0.6170,1.83300,0.18400,-0.18400,1.6620e+02,6.400e+00,-6.400e+00,1.46,4.200e-01,-2.800e-01,1743.0,,,2180.25,1841.79,-918.63,43.40,1,q1_q17_dr25_tce,5996.00,162.00,-180.00,4.342,0.153,-0.187,1.0810,0.3110,-0.2070,282.012510,46.428200,13.660
10917043,K02770.01,,CANDIDATE,CANDIDATE,1.0000,0,0,0,0,205.385912000,2.0470000e-03,-2.0470000e-03,284.1882400,6.740000e-03,-6.740000e-03,0.0080,0.4200,-0.0080,8.68100,0.21500,-0.21500,1.2487e+03,5.990e+01,-5.990e+01,2.11,1.800e-01,-1.700e-01,200.0,,,0.38,0.13,-0.11,24.30,1,q1_q17_dr25_tce,4400.00,157.00,-157.00,4.659,0.035,-0.039,0.6240,0.0550,-0.0500,290.253850,48.360821,15.558
6521045,K00041.02,Kepler-100 b,CONFIRMED,CANDIDATE,1.0000,0,0,0,0,6.887070730,2.2770000e-05,-2.2770000e-05,133.1779700,2.680000e-03,-2.680000e-03,0.6960,0.0290,-0.5080,4.46790,0.07570,-0.07570,6.8700e+01,2.000e+00,-2.000e+00,1.30,8.000e-02,-7.000e-02,1155.0,,,420.97,81.61,-63.83,38.20,2,q1_q17_dr25_tce,5788.00,78.00,-78.00,4.122,0.033,-0.027,1.4740,0.0940,-0.0790,291.385990,41.990269,11.197
8167959,K00267.01,,FALSE POSITIVE,FALSE POSITIVE,,0,0,0,0,165.755970000,1.0430000e-02,-1.0430000e-02,207.3074000,3.800000e-02,-3.800000e-02,98.6021,2.3930,-31.2600,8.45000,1.60000,-1.60000,5.7300e+01,9.700e+00,-9.700e+00,15049.80,6.523e+03,-4.104e+03,398.0,,,5.96,7.57,-3.11,12.80,,,5800.00,147.00,-142.00,4.119,0.263,-0.222,1.4120,0.6120,-0.3850,292.626370,44.021130,10.458
4075015,K02850.01,,FALSE POSITIVE,FALSE POSITIVE,0.0000,0,1,1,0,1.114312050,4.8070000e-06,-4.8070000e-06,131.7564900,3.530000e-03,-3.530000e-03,0.1410,0.2980,-0.1410,2.11200,0.12200,-0.12200,1.6040e+02,1.220e+01,-1.220e+01,1.07,2.900e-01,-1.100e-01,1635.0,,,1691.99,1323.81,-477.90,15.50,1,q1_q17_dr25_tce,5776.00,155.00,-172.00,4.554,0.033,-0.176,0.8490,0.2260,-0.0850,295.860080,39.140839,15.411
6697605,K02851.01,Kepler-1985 b,CONFIRMED,CANDIDATE,0.7090,0,0,0,0,3.420646890,1.9280000e-05,-1.9280000e-05,132.3062900,4.870000e-03,-4.870000e-03,0.9200,0.0210,-0.6300,1.76700,0.11800,-0.11800,3.5680e+02,3.040e+01,-3.040e+01,2.27,2.500e-01,-2.200e-01,1129.0,,,382.68,118.21,-88.58,13.90,1,q1_q17_dr25_tce,5370.00,85.00,-75.00,4.411,0.104,-0.076,0.9660,0.1050,-0.0950,293.566350,42.132580,15.472
6697605,K02851.02,,CANDIDATE,CANDIDATE,1.0000,0,0,0,0,1.239357450,1.0290000e-05,-1.0290000e-05,131.8525400,7.500000e-03,-7.500000e-03,0.9320,0.0390,-0.7080,1.68300,0.17700,-0.17700,1.5090e+02,1.940e+01,-1.940e+01,1.50,1.700e-01,-1.500e-01,1583.0,,,1488.51,459.80,-344.58,9.70,2,q1_q17_dr25_tce,5370.00,85.00,-75.00,4.411,0.104,-0.076,0.9660,0.1050,-0.0950,293.566350,42.132580,15.472
6294819,K02852.01,Kepler-1368 b,CONFIRMED,CANDIDATE,0.9980,0,0,0,0,0.675650404,2.3950000e-06,-2.3950000e-06,131.6811400,3.370000e-03,-3.370000e-03,0.0300,0.4400,-0.0300,1.82610,0.08870,-0.08870,2.0070e+02,1.070e+01,-1.070e+01,1.36,4.400e-01,-1.500e-01,2085.0,,,4473.06,4551.59,-1391.57,22.40,1,q1_q17_dr25_tce,5966.00,207.00,-207.00,4.493,0.054,-0.216,0.9610,0.3140,-0.1050,294.766970,41.644680,15.892
12602314,K02853.01,,CANDIDATE,CANDIDATE,0.9920,0,0,0,0,1.407020118,4.3710000e-06,-4.3710000e-06,131.6089700,2.470000e-03,-2.470000e-03,0.1670,0.2840,-0.1670,1.37660,0.08430,-0.08430,1.8190e+02,1.150e+01,-1.150e+01,1.12,4.000e-02,-9.000e-02,1350.0,,,782.45,120.58,-160.93,18.90,1,q1_q17_dr25_tce,5022.00,82.00,-82.00,4.485,0.083,-0.028,0.8490,0.0340,-0.0670,290.433230,51.626041,14.946
5787131,K02927.01,,CANDIDATE,CANDIDATE,0.9880,0,0,0,0,24.435995600,3.1520000e-04,-3.1520000e-04,134.8181000,1.020000e-02,-1.020000e-02,0.0190,0.4180,-0.0190,6.25400,0.22700,-0.22700,4.9660e+02,3.290e+01,-3.290e+01,2.31,7.000e-01,-2.800e-01,674.0,,,48.81,44.99,-17.07,17.10,1,q1_q17_dr25_tce,6197.00,194.00,-259.00,4.449,0.065,-0.195,1.0350,0.3140,-0.1260,290.540070,41.093040,15.849
3230753,K02928.01,,FALSE POSITIVE,FALSE POSITIVE,0.0000,0,0,1,1,17.733735600,2.2080000e-04,-2.2080000e-04,143.9223000,1.130000e-02,-1.130000e-02,0.5140,0.4260,-0.3020,5.55800,0.38500,-0.38500,2.1730e+02,1.550e+01,-1.550e+01,1.24,2.300e-01,-9.000e-02,597.0,,,29.95,16.89,-7.07,17.00,1,q1_q17_dr25_tce,5335.00,159.00,-143.00,4.560,0.032,-0.128,0.8310,0.1490,-0.0640,290.247100,38.339390,14.625
8358012,K02929.01,,FALSE POSITIVE,FALSE POSITIVE,0.0000,0,1,1,1,10.064786270,5.2830000e-05,-5.2830000e-05,135.2412100,4.420000e-03,-4.420000e-03,0.7290,0.2250,-0.5110,2.86000,0.16200,-0.16200,2.8570e+02,1.790e+01,-1.790e+01,1.49,2.800e-01,-1.100e-01,729.0,,,66.74,38.57,-16.65,18.60,1,q1_q17_dr25_tce,5438.00,163.00,-163.00,4.574,0.032,-0.128,0.8200,0.1510,-0.0650,288.969420,44.359009,14.890
4664046,K02930.01,,FALSE POSITIVE,FALSE POSITIVE,0.0000,0,1,1,0,1.129765970,1.4780000e-05,-1.4780000e-05,132.5260000,1.180000e-02,-1.180000e-02,0.3380,0.1300,-0.3380,3.09600,0.34300,-0.34300,1.3370e+02,1.280e+01,-1.280e+01,0.83,1.300e-01,-6.000e-02,1429.0,,,987.44,505.52,-235.23,14.30,1,q1_q17_dr25_tce,5366.00,160.00,-160.00,4.625,0.032,-0.097,0.7150,0.1140,-0.0520,294.306520,39.765282,15.625
11401755,K00277.01,Kepler-36 c,CONFIRMED,CANDIDATE,1.0000,0,0,0,0,16.231917040,1.4210000e-05,-1.4210000e-05,171.6775800,6.690000e-04,-6.690000e-04,0.0170,0.2720,-0.0170,7.46100,0.02430,-0.02430,5.0160e+02,2.800e+00,-2.800e+00,3.54,1.600e-01,-1.800e-01,926.0,,,174.10,24.04,-24.33,194.90,1,q1_q17_dr25_tce,5919.00,62.00,-71.00,4.042,0.030,-0.030,1.5850,0.0710,-0.0790,291.250180,49.231834,11.866
4180401,K02709.01,,FALSE POSITIVE,FALSE POSITIVE,0.0000,0,1,1,0,15.412676600,2.5550000e-04,-2.5550000e-04,144.9757000,1.580000e-02,-1.580000e-02,0.9580,0.0130,-0.6590,3.40200,0.39100,-0.39100,5.9980e+02,9.650e+01,-9.650e+01,2.82,4.500e-01,-2.000e-01,618.0,,,34.56,18.93,-8.62,7.50,1,q1_q17_dr25_tce,5240.00,189.00,-173.00,4.555,0.030,-0.120,0.8560,0.1360,-0.0630,296.547360,39.222542,14.373
6350476,K02710.01,,FALSE POSITIVE,FALSE POSITIVE,0.0000,0,0,1,0,1.110599919,1.7240000e-06,-1.7240000e-06,131.5727400,1.370000e-03,-1.370000e-03,0.2140,0.2130,-0.2140,1.34930,0.04940,-0.04940,1.5760e+02,5.200e+00,-5.200e+00,1.07,1.700e-01,-1.300e-01,1539.0,,,1320.65,674.38,-434.88,38.70,1,q1_q17_dr25_tce,5227.00,158.00,-158.00,4.463,0.112,-0.138,0.8670,0.1370,-0.1120,286.865260,41.796021,14.139
8292840,K00260.03,Kepler-126 c,CONFIRMED,CANDIDATE,1.0000,0,0,0,0,21.869657140,8.3090000e-05,-8.3090000e-05,140.2951300,3.100000e-03,-3.100000e-03,0.5570,0.3800,-0.3480,5.51770,0.08890,-0.08890,1.2550e+02,3.100e+00,-3.100e+00,1.51,8.000e-02,-7.000e-02,790.0,,,92.00,18.49,-12.13,43.50,3,q1_q17_dr25_tce,6214.00,113.00,-87.00,4.238,0.033,-0.027,1.2970,0.0740,-0.0540,289.347320,44.208511,10.500
5272233,K02711.01,Kepler-400 b,CONFIRMED,CANDIDATE,1.0000,0,0,0,0,9.024364140,4.0040000e-05,-4.0040000e-05,133.5419900,3.460000e-03,-3.460000e-03,0.0140,0.4400,-0.0140,3.01100,0.10500,-0.10500,2.1460e+02,1.020e+01,-1.020e+01,1.62,2.600e-01,-2.000e-01,939.0,,,183.39,81.57,-52.51,23.50,1,q1_q17_dr25_tce,5885.00,105.00,-117.00,4.348,0.110,-0.110,1.1110,0.1780,-0.1340,290.944490,40.480042,13.642
5272233,K02711.02,Kepler-400 c,CONFIRMED,CANDIDATE,0.9920,0,0,0,0,17.340873500,1.2960000e-04,-1.2960000e-04,138.9669400,6.270000e-03,-6.270000e-03,0.4890,0.4620,-0.2790,3.39800,0.18300,-0.18300,1.5900e+02,1.300e+01,-1.300e+01,1.43,2.300e-01,-1.700e-01,755.0,,,76.86,34.18,-22.01,13.50,2,q1_q17_dr25_tce,5885.00,105.00,-117.00,4.348,0.110,-0.110,1.1110,0.1780,-0.1340,290.944490,40.480042,13.642
11456382,K02771.01,,FALSE POSITIVE,FALSE POSITIVE,0.0000,0,0,1,1,0.814280672,6.4280000e-06,-6.4280000e-06,131.6473600,7.000000e-03,-7.000000e-03,0.7010,0.0270,-0.5210,2.32600,0.24500,-0.24500,1.3490e+02,1.370e+01,-1.370e+01,1.91,6.100e-01,-4.900e-01,2563.0,,,10224.99,9563.81,-5423.08,12.30,1,q1_q17_dr25_tce,6366.00,177.00,-243.00,4.167,0.190,-0.190,1.5430,0.4890,-0.4000,292.498020,49.329006,11.751
3130548,K02773.01,,FALSE POSITIVE,FALSE POSITIVE,0.0000,0,1,1,0,0.878855771,1.6360000e-06,-1.6360000e-06,131.4952400,1.480000e-03,-1.480000e-03,0.4100,0.0410,-0.4100,1.10140,0.05870,-0.05870,2.6970e+02,1.390e+01,-1.390e+01,1.57,4.100e-01,-2.300e-01,1864.0,,,2857.19,2227.77,-999.74,25.30,1,q1_q17_dr25_tce,5727.00,155.00,-172.00,4.438,0.101,-0.174,0.9370,0.2480,-0.1340,294.576970,38.265518,14.853
9593757,K02774.01,,FALSE POSITIVE,FALSE POSITIVE,0.0000,0,1,1,1,2.494321760,6.0210000e-06,-6.0210000e-06,133.6106600,2.740000e-03,-2.740000e-03,0.0690,0.3060,-0.0690,2.32690,0.05040,-0.05040,8.0430e+03,2.010e+02,-2.010e+02,8.91,0.000e+00,0.000e+00,1342.0,,,766.49,0.00,0.00,43.20,1,q1_q17_dr25_tce,5780.00,,,4.438,,,1.0000,,,294.106200,46.210991,17.690
6346809,K02775.01,,CANDIDATE,CANDIDATE,1.0000,0,0,0,0,17.577045690,5.5890000e-05,-5.5890000e-05,137.7311600,2.620000e-03,-2.620000e-03,1.2500,6.7910,-0.0060,2.02200,0.14100,-0.14100,6.7000e+02,4.200e+01,-4.200e+01,27.21,6.980e+00,-3.740e+00,673.0,,,48.33,37.50,-16.10,19.10,1,q1_q17_dr25_tce,5653.00,169.00,-152.00,4.442,0.116,-0.174,0.9010,0.2310,-0.1240,285.098720,41.775921,14.940
4275117,K02776.01,,FALSE POSITIVE,FALSE POSITIVE,0.0000,0,0,1,0,1.006527850,3.4900000e-06,-3.4900000e-06,131.7162700,2.800000e-03,-2.800000e-03,0.4670,0.4680,-0.2770,1.31750,0.09520,-0.09520,1.2590e+02,8.500e+00,-8.500e+00,1.03,3.000e-01,-1.000e-01,1815.0,,,2556.97,2243.09,-710.49,17.90,1,q1_q17_dr25_tce,6089.00,183.00,-183.00,4.527,0.050,-0.200,0.8890,0.2590,-0.0860,294.638340,39.397980,14.716
6545051,K02777.01,,FALSE POSITIVE,FALSE POSITIVE,0.0000,0,0,1,1,1.995662930,2.9960000e-05,-2.9960000e-05,132.8585000,1.500000e-02,-1.500000e-02,0.5640,0.0130,-0.4700,4.51400,0.27300,-0.27300,1.9700e+02,1.060e+01,-1.060e+01,1.11,1.600e-01,-9.000e-02,1182.0,,,462.26,220.64,-114.50,21.90,1,q1_q17_dr25_tce,5235.00,158.00,-158.00,4.595,0.032,-0.097,0.7710,0.1120,-0.0600,297.820560,41.966930,15.734
5513866,K02854.01,,FALSE POSITIVE,FALSE POSITIVE,0.0000,1,0,1,1,0.755111225,1.2350000e-06,-1.2350000e-06,131.8068700,1.550000e-03,-1.550000e-03,0.6940,0.1590,-0.6090,3.16400,0.55900,-0.55900,1.6800e+02,8.900e+00,-8.900e+00,1.38,0.000e+00,0.000e+00,1999.0,,,3759.62,0.00,0.00,76.40,1,q1_q17_dr25_tce,5780.00,,,4.438,,,1.0000,,,284.354460,40.723286,13.573
4547603,K02855.01,,CANDIDATE,CANDIDATE,0.9630,0,0,0,0,1.400755743,3.2760000e-06,-3.2760000e-06,132.0217700,1.960000e-03,-1.960000e-03,0.4130,0.0360,-0.4130,1.05620,0.07120,-0.07120,1.4440e+02,9.400e+00,-9.400e+00,1.30,1.900e-01,-1.900e-01,1628.0,,,1659.74,651.35,-511.97,19.80,1,q1_q17_dr25_tce,5487.00,82.00,-74.00,4.333,0.143,-0.104,1.0720,0.1560,-0.1560,287.192470,39.626148,14.456
5688910,K02856.01,Kepler-1369 b,CONFIRMED,CANDIDATE,0.9180,0,0,0,0,25.873091400,1.4640000e-04,-1.4640000e-04,143.2864400,5.850000e-03,-5.850000e-03,0.1960,0.2460,-0.1960,5.08500,0.21600,-0.21600,6.9440e+02,3.960e+01,-3.960e+01,2.88,9.100e-01,-3.900e-01,667.0,,,46.82,44.92,-16.46,20.10,1,q1_q17_dr25_tce,6036.00,190.00,-211.00,4.382,0.090,-0.210,1.0930,0.3450,-0.1480,285.797240,40.936180,15.323
6345732,K02857.01,Kepler-1370 b,CONFIRMED,CANDIDATE,1.0000,0,0,0,0,20.264202300,1.3050000e-04,-1.3050000e-04,135.2791900,6.380000e-03,-6.380000e-03,0.9140,0.0020,-0.6470,4.66400,0.15600,-0.15600,1.8530e+02,1.010e+01,-1.010e+01,2.12,3.500e-01,-3.400e-01,770.0,,,82.92,34.47,-27.72,19.90,1,q1_q17_dr25_tce,5937.00,71.00,-79.00,4.251,0.137,-0.112,1.2910,0.2090,-0.2090,284.565670,41.778481,13.701
5716763,K00272.01,,CANDIDATE,CANDIDATE,0.0000,0,0,0,0,1.281328310,2.3200000e-07,-2.3200000e-07,169.6659530,1.480000e-04,-1.480000e-04,0.9260,0.0060,-0.6100,0.91570,0.02500,-0.02500,5.2550e+02,3.700e+00,-3.700e+00,4.52,9.500e-01,-1.430e+00,2215.0,,,5673.71,3604.53,-3257.31,196.40,1,q1_q17_dr25_tce,5918.00,163.00,-133.00,3.978,0.322,-0.138,1.5960,0.3370,-0.5060,295.101140,40.986679,12.107
6345732,K02857.02,Kepler-1370 c,CONFIRMED,CANDIDATE,0.9310,0,0,0,0,7.441361020,6.6930000e-05,-6.6930000e-05,137.7469500,6.720000e-03,-6.720000e-03,0.8620,0.0620,-0.6320,4.55400,0.21700,-0.21700,7.9700e+01,6.400e+00,-6.400e+00,1.33,2.100e-01,-2.200e-01,1075.0,,,315.02,130.96,-105.29,14.20,2,q1_q17_dr25_tce,5937.00,71.00,-79.00,4.251,0.137,-0.112,1.2910,0.2090,-0.2090,284.565670,41.778481,13.701
8611257,K02931.01,Kepler-1389 b,CONFIRMED,CANDIDATE,0.9990,0,0,0,0,99.253233600,9.1600000e-04,-9.1600000e-04,148.5306700,8.380000e-03,-8.380000e-03,0.9470,0.0050,-0.6740,7.20800,0.22600,-0.22600,5.3800e+02,3.060e+01,-3.060e+01,2.17,1.500e-01,-8.000e-02,300.0,,,1.93,0.44,-0.29,20.50,1,q1_q17_dr25_tce,5010.00,100.00,-100.00,4.623,0.014,-0.052,0.7150,0.0470,-0.0290,285.717410,44.758419,14.699
3861611,K02932.01,,FALSE POSITIVE,FALSE POSITIVE,0.0000,0,0,1,1,3.849334010,2.6840000e-05,-2.6840000e-05,134.4352600,5.490000e-03,-5.490000e-03,0.5910,0.3590,-0.3690,2.29900,0.15700,-0.15700,5.0390e+02,4.430e+01,-4.430e+01,2.12,6.200e-01,-2.100e-01,1147.0,,,408.84,373.84,-119.95,13.60,1,q1_q17_dr25_tce,5984.00,210.00,-210.00,4.521,0.050,-0.200,0.9060,0.2640,-0.0880,294.360570,38.948181,15.851
12416987,K02933.01,,CANDIDATE,CANDIDATE,0.0000,0,0,0,0,119.083304200,5.1500000e-04,-5.1500000e-04,163.5621200,3.210000e-03,-3.210000e-03,1.2570,60.5000,-1.1160,2.55800,0.18500,-0.18500,2.9510e+03,1.870e+02,-1.870e+02,22.19,2.030e+00,-1.810e+00,240.0,,,0.78,0.29,-0.22,18.90,1,q1_q17_dr25_tce,4412.00,155.00,-170.00,4.662,0.032,-0.042,0.6230,0.0570,-0.0510,295.677980,51.257839,15.823
8259713,K02935.01,,CANDIDATE,CANDIDATE,0.9990,0,0,0,0,27.881315400,3.8040000e-04,-3.8040000e-04,134.5136900,9.590000e-03,-9.590000e-03,0.1680,0.2880,-0.1680,6.34600,0.32400,-0.32400,2.0920e+02,1.630e+01,-1.630e+01,1.54,4.700e-01,-2.000e-01,681.0,,,50.86,44.41,-17.26,15.50,1,q1_q17_dr25_tce,6434.00,152.00,-209.00,4.414,0.067,-0.202,1.0550,0.3230,-0.1390,299.661100,44.112381,13.603
10880507,K02936.01,Kepler-1390 b,CONFIRMED,CANDIDATE,0.7300,0,0,0,0,6.480213800,4.1470000e-05,-4.1470000e-05,132.8598000,5.270000e-03,-5.270000e-03,0.7250,0.2400,-0.5280,3.27000,0.16200,-0.16200,1.4200e+02,1.190e+01,-1.190e+01,1.26,1.600e-01,-1.200e-01,934.0,,,180.05,63.10,-40.56,13.70,1,q1_q17_dr25_tce,5496.00,82.00,-74.00,4.417,0.095,-0.095,0.9830,0.1260,-0.0940,298.662350,48.248760,14.421
11098013,K02712.01,,CANDIDATE,CANDIDATE,1.0000,0,0,0,0,7.507900410,9.7420000e-05,-9.7420000e-05,138.7047000,1.040000e-02,-1.040000e-02,0.7950,0.0580,-0.5410,5.64600,0.30800,-0.30800,1.4500e+02,1.410e+01,-1.410e+01,1.77,3.100e-01,-1.300e-01,1138.0,,,396.33,187.48,-84.76,11.90,1,q1_q17_dr25_tce,6408.00,115.00,-140.00,4.309,0.040,-0.120,1.3370,0.2290,-0.0980,297.747280,48.694309,11.125
5443604,K02713.01,,FALSE POSITIVE,FALSE POSITIVE,0.0000,0,1,1,0,21.391012500,1.1700000e-04,-1.1700000e-04,141.2976400,4.550000e-03,-4.550000e-03,0.3470,0.1320,-0.3470,3.51200,0.15400,-0.15400,6.4580e+02,3.310e+01,-3.310e+01,1.72,1.900e-01,-1.400e-01,483.0,,,12.88,4.90,-3.14,25.10,1,q1_q17_dr25_tce,4889.00,146.00,-131.00,4.637,0.031,-0.058,0.6860,0.0740,-0.0560,290.285030,40.689362,14.985
12206313,K02714.01,Kepler-401 b,CONFIRMED,CANDIDATE,0.9820,0,0,0,0,14.383226700,8.6240000e-05,-8.6240000e-05,140.5764800,5.300000e-03,-5.300000e-03,0.7000,0.0130,-0.5240,8.37800,0.12900,-0.12900,1.7850e+02,5.000e+00,-5.000e+00,1.84,3.100e-01,-3.100e-01,889.0,,,147.78,70.14,-54.07,39.00,1,q1_q17_dr25_tce,6115.00,122.00,-135.00,4.249,0.137,-0.112,1.2910,0.2160,-0.2160,290.082760,50.863480,13.312
12206313,K02714.02,Kepler-401 c,CONFIRMED,CANDIDATE,0.9980,0,0,0,0,47.318663100,4.0510000e-04,-4.0510000e-04,170.0603500,6.330000e-03,-6.330000e-03,0.1890,0.2760,-0.1890,10.46500,0.19500,-0.19500,2.6340e+02,7.700e+00,-7.700e+00,2.10,3.500e-01,-3.500e-01,598.0,,,30.22,14.35,-11.05,36.20,2,q1_q17_dr25_tce,6115.00,122.00,-135.00,4.249,0.137,-0.112,1.2910,0.2160,-0.2160,290.082760,50.863480,13.312
9837661,K02715.01,Kepler-1321 b,CONFIRMED,CANDIDATE,1.0000,0,0,0,0,11.128274270,2.0740000e-05,-2.0740000e-05,139.5441700,2.010000e-03,-2.010000e-03,0.5940,0.2400,-0.3880,2.61180,0.05920,-0.05920,6.0570e+03,1.030e+02,-1.030e+02,4.04,2.400e-01,-4.500e-01,408.0,,,6.52,1.47,-1.86,65.60,1,q1_q17_dr25_tce,3640.00,81.00,-90.00,4.744,0.056,-0.024,0.5030,0.0300,-0.0560,294.528590,46.640968,16.835
7769819,K02778.01,Kepler-1342 b,CONFIRMED,CANDIDATE,1.0000,0,0,0,0,2.215712960,7.6270000e-06,-7.6270000e-06,131.8210700,2.980000e-03,-2.980000e-03,0.7960,0.1220,-0.5970,1.82110,0.08950,-0.08950,2.8510e+02,1.550e+01,-1.550e+01,1.70,3.600e-01,-2.500e-01,1283.0,,,638.56,444.48,-226.65,22.10,1,q1_q17_dr25_tce,5417.00,188.00,-169.00,4.447,0.108,-0.162,0.9010,0.1950,-0.1300,297.020080,43.432549,15.392
11874577,K02779.01,Kepler-1875 b,CONFIRMED,CANDIDATE,0.9980,0,0,0,0,34.458549500,2.1730000e-04,-2.1730000e-04,147.8249300,5.230000e-03,-5.230000e-03,0.6260,0.0310,-0.4710,7.43400,0.14800,-0.14800,4.3100e+02,2.040e+01,-2.040e+01,1.88,5.300e-01,-1.700e-01,559.0,,,23.05,19.07,-6.29,23.70,1,q1_q17_dr25_tce,6161.00,166.00,-203.00,4.545,0.046,-0.196,0.8620,0.2430,-0.0760,296.772830,50.188419,14.936
12164564,K02780.01,Kepler-1343 b,CONFIRMED,CANDIDATE,0.9960,0,0,0,0,3.351840410,1.1630000e-05,-1.1630000e-05,131.6444100,3.090000e-03,-3.090000e-03,0.0910,0.3650,-0.0910,1.98550,0.09570,-0.09570,3.4530e+02,2.040e+01,-2.040e+01,1.88,6.000e-01,-1.900e-01,1294.0,,,661.69,635.63,-198.78,20.00,1,q1_q17_dr25_tce,6198.00,175.00,-218.00,4.464,0.052,-0.208,1.0050,0.3260,-0.1020,294.294530,50.725368,15.526
8190354,K02781.01,,FALSE POSITIVE,FALSE POSITIVE,0.0000,0,0,1,0,1.615758517,6.7480000e-06,-6.7480000e-06,131.6853500,3.640000e-03,-3.640000e-03,0.2340,0.2340,-0.2340,1.73400,0.10200,-0.10200,4.1700e+01,2.700e+00,-2.700e+00,1.31,3.200e-01,-3.600e-01,2158.0,,,5140.67,3842.79,-2707.00,18.00,1,q1_q17_dr25_tce,5622.00,169.00,-152.00,3.813,0.266,-0.143,2.0170,0.4960,-0.5510,299.057250,44.074902,12.743
3425851,K00268.01,,CANDIDATE,CANDIDATE,1.0000,0,0,0,0,110.378382800,2.7790000e-04,-2.7790000e-04,175.9317000,1.870000e-03,-1.870000e-03,0.0140,0.3150,-0.0140,12.21100,0.06390,-0.06390,4.8980e+02,5.200e+00,-5.200e+00,3.02,1.400e-01,-1.500e-01,473.0,,,11.82,1.82,-1.65,108.90,1,q1_q17_dr25_tce,6342.00,86.00,-76.00,4.242,0.033,-0.030,1.3590,0.0620,-0.0680,285.728790,38.506973,10.560
10397751,K02859.01,Kepler-1371 b,CONFIRMED,CANDIDATE,1.0000,0,0,0,0,3.446212500,1.8740000e-05,-1.8740000e-05,132.2289400,3.640000e-03,-3.640000e-03,0.7040,0.2560,-0.4950,2.10100,0.11900,-0.11900,8.3500e+01,5.900e+00,-5.900e+00,0.70,8.000e-02,-7.000e-02,1015.0,,,251.24,99.20,-69.19,15.60,1,q1_q17_dr25_tce,5374.00,160.00,-144.00,4.555,0.088,-0.064,0.7210,0.0820,-0.0730,288.831360,47.551991,13.851
10397751,K02859.02,Kepler-1371 c,CONFIRMED,CANDIDATE,0.8290,0,0,0,0,2.005414293,9.8720000e-06,-9.8720000e-06,133.2452600,3.690000e-03,-3.690000e-03,0.8740,0.0690,-0.6450,1.93400,0.12900,-0.12900,5.9500e+01,5.000e+00,-5.000e+00,0.65,7.000e-02,-7.000e-02,1216.0,,,516.85,204.08,-142.34,13.90,2,q1_q17_dr25_tce,5374.00,160.00,-144.00,4.555,0.088,-0.064,0.7210,0.0820,-0.0730,288.831360,47.551991,13.851
10397751,K02859.03,,CANDIDATE,CANDIDATE,1.0000,0,0,0,0,4.288867920,3.5660000e-05,-3.5660000e-05,132.3776100,7.460000e-03,-7.460000e-03,0.5340,0.4270,-0.3290,2.59900,0.19900,-0.19900,5.9300e+01,6.000e+00,-6.000e+00,0.57,7.000e-02,-6.000e-02,944.0,,,187.43,74.01,-51.62,11.10,5,q1_q17_dr25_tce,5374.00,160.00,-144.00,4.555,0.088,-0.064,0.7210,0.0820,-0.0730,288.831360,47.551991,13.851
7815931,K02861.01,,FALSE POSITIVE,FALSE POSITIVE,0.0000,0,0,1,0,1.868564038,5.9460000e-06,-5.9460000e-06,132.5144200,2.470000e-03,-2.470000e-03,0.4560,0.0050,-0.4560,1.19200,0.10200,-0.10200,1.7670e+02,1.380e+01,-1.380e+01,1.40,4.500e-01,-1.800e-01,1565.0,,,1417.56,1369.79,-475.92,17.20,1,q1_q17_dr25_tce,6065.00,180.00,-198.00,4.427,0.072,-0.203,1.0230,0.3300,-0.1320,289.647640,43.579182,14.944
6679295,K02862.01,,CANDIDATE,CANDIDATE,0.9930,0,0,0,0,24.575252400,1.7820000e-04,-1.7820000e-04,144.1832400,6.490000e-03,-6.490000e-03,0.4890,0.4660,-0.2880,2.25800,0.14500,-0.14500,1.0034e+03,8.120e+01,-8.120e+01,1.64,9.000e-02,-1.100e-01,316.0,,,2.35,0.49,-0.48,12.10,1,q1_q17_dr25_tce,3678.00,73.00,-80.00,4.755,0.028,-0.032,0.5120,0.0290,-0.0350,287.948610,42.156139,15.907
9642292,K02946.01,Kepler-1392 b,CONFIRMED,CANDIDATE,0.9970,0,0,0,0,15.140891600,1.1440000e-04,-1.1440000e-04,143.7458400,6.410000e-03,-6.410000e-03,0.1360,0.3120,-0.1360,4.35900,0.14600,-0.14600,4.7680e+02,2.770e+01,-2.770e+01,1.93,6.000e-01,-1.900e-01,714.0,,,61.42,57.53,-18.51,20.10,1,q1_q17_dr25_tce,5926.00,187.00,-207.00,4.532,0.050,-0.200,0.8870,0.2730,-0.0910,288.766970,46.394421,15.679
6356692,K02948.01,Kepler-1888 b,CONFIRMED,CANDIDATE,1.0000,0,0,0,0,11.391695310,7.5670000e-05,-7.5670000e-05,141.5598300,5.470000e-03,-5.470000e-03,0.8490,0.0960,-0.6060,5.00000,0.14900,-0.14900,5.1000e+01,3.100e+00,-3.100e+00,1.02,1.800e-01,-2.300e-01,886.0,,,145.67,71.74,-63.32,19.00,1,q1_q17_dr25_tce,5557.00,122.00,-78.00,4.198,0.208,-0.112,1.2490,0.2120,-0.2830,289.394740,41.782349,11.926
6026737,K02949.01,,CANDIDATE,CANDIDATE,0.9340,0,0,0,0,10.174703700,1.2600000e-04,-1.2600000e-04,132.3605000,1.190000e-02,-1.190000e-02,0.7260,0.2250,-0.5170,5.17900,0.41900,-0.41900,5.2400e+01,5.200e+00,-5.200e+00,1.04,1.600e-01,-2.000e-01,985.0,,,222.53,96.77,-88.23,11.80,1,q1_q17_dr25_tce,5866.00,105.00,-117.00,4.191,0.162,-0.108,1.3390,0.2090,-0.2560,285.875790,41.332432,13.313
4991208,K02951.01,Kepler-1393 b,CONFIRMED,CANDIDATE,0.9980,0,0,0,0,2.443585430,1.4460000e-05,-1.4460000e-05,132.8019400,4.800000e-03,-4.800000e-03,0.2580,0.1900,-0.2580,1.85200,0.14200,-0.14200,5.9100e+01,6.100e+00,-6.100e+00,0.67,7.000e-02,-5.000e-02,1249.0,,,574.37,196.22,-121.60,11.90,1,q1_q17_dr25_tce,5561.00,111.00,-111.00,4.486,0.072,-0.080,0.8730,0.0990,-0.0660,284.459470,40.142559,13.348
8243283,K02952.01,,FALSE POSITIVE,FALSE POSITIVE,0.0000,0,0,1,1,1.759269100,1.5730000e-05,-1.5730000e-05,132.0755200,8.040000e-03,-8.040000e-03,0.5640,0.0000,-0.4780,2.38100,0.19900,-0.19900,1.4040e+02,1.230e+01,-1.230e+01,1.21,3.500e-01,-1.800e-01,1519.0,,,1254.94,1091.77,-450.98,13.50,1,q1_q17_dr25_tce,5784.00,172.00,-190.00,4.416,0.105,-0.195,0.9840,0.2850,-0.1420,295.231510,44.112900,15.229
9837661,K02715.02,Kepler-1321 c,CONFIRMED,CANDIDATE,1.0000,0,0,0,0,2.226496196,5.3170000e-06,-5.3170000e-06,133.3719500,2.580000e-03,-2.580000e-03,0.0480,0.3960,-0.0480,1.70730,0.05130,-0.05130,1.8391e+03,5.970e+01,-5.970e+01,2.10,1.300e-01,-2.300e-01,697.0,,,55.76,12.61,-15.92,36.00,2,q1_q17_dr25_tce,3640.00,81.00,-90.00,4.744,0.056,-0.024,0.5030,0.0300,-0.0560,294.528590,46.640968,16.835
9837661,K02715.03,Kepler-1321 d,CONFIRMED,CANDIDATE,1.0000,0,0,0,0,5.720845990,3.6200000e-05,-3.6200000e-05,134.6657600,6.160000e-03,-6.160000e-03,0.1660,0.3050,-0.1660,2.74400,0.13700,-0.13700,1.3160e+03,7.300e+01,-7.300e+01,1.78,1.100e-01,-2.000e-01,509.0,,,15.84,3.58,-4.52,20.50,3,q1_q17_dr25_tce,3640.00,81.00,-90.00,4.744,0.056,-0.024,0.5030,0.0300,-0.0560,294.528590,46.640968,16.835
9092504,K02716.01,Kepler-1322 b,CONFIRMED,CANDIDATE,1.0000,0,0,0,0,0.962864171,2.1060000e-06,-2.1060000e-06,132.1254800,1.810000e-03,-1.810000e-03,0.7360,0.0190,-0.5320,1.68020,0.05620,-0.05620,3.0350e+02,1.130e+01,-1.130e+01,1.52,3.600e-01,-1.500e-01,1666.0,,,1828.67,1338.03,-519.18,31.60,1,q1_q17_dr25_tce,5704.00,169.00,-186.00,4.575,0.040,-0.160,0.8040,0.1940,-0.0770,293.204530,45.435398,15.810
5383248,K00261.01,Kepler-96 b,CONFIRMED,CANDIDATE,1.0000,0,0,0,0,16.238477330,1.4770000e-05,-1.4770000e-05,171.0195640,6.950000e-04,-6.950000e-04,0.7660,0.0430,-0.5170,3.96990,0.03410,-0.03410,6.4670e+02,5.800e+00,-5.800e+00,2.76,4.200e-01,-2.400e-01,711.0,,,60.35,26.22,-14.02,125.80,1,q1_q17_dr25_tce,5683.00,114.00,-114.00,4.422,0.085,-0.114,0.9930,0.1500,-0.0870,297.069610,40.525131,10.297
9092504,K02716.02,Kepler-1322 c,CONFIRMED,CANDIDATE,0.9560,0,0,0,0,6.460047280,3.0150000e-05,-3.0150000e-05,135.9677900,4.000000e-03,-4.000000e-03,0.8280,0.1030,-0.6070,1.97900,0.10900,-0.10900,3.9420e+02,2.590e+01,-2.590e+01,1.80,4.300e-01,-1.700e-01,883.0,,,144.06,105.41,-40.90,17.00,2,q1_q17_dr25_tce,5704.00,169.00,-186.00,4.575,0.040,-0.160,0.8040,0.1940,-0.0770,293.204530,45.435398,15.810
10001368,K02785.01,Kepler-1344 b,CONFIRMED,CANDIDATE,1.0000,0,0,0,0,4.768310330,1.9110000e-05,-1.9110000e-05,134.8611600,4.470000e-03,-4.470000e-03,0.1910,0.2720,-0.1910,3.23630,0.06830,-0.06830,2.5180e+02,8.200e+00,-8.200e+00,1.78,6.000e-01,-2.600e-01,1219.0,,,522.81,532.02,-199.71,35.40,1,q1_q17_dr25_tce,6237.00,194.00,-259.00,4.374,0.090,-0.210,1.1160,0.3750,-0.1610,287.086300,46.945808,14.083
9466429,K02786.01,Kepler-1345 b,CONFIRMED,CANDIDATE,0.9960,0,0,0,0,44.616751000,3.0140000e-04,-3.0140000e-04,164.4523800,5.510000e-03,-5.510000e-03,0.6180,0.0460,-0.4680,7.83100,0.15300,-0.15300,2.3970e+02,9.600e+00,-9.600e+00,2.31,7.000e-01,-4.600e-01,693.0,,,54.56,47.73,-24.30,28.40,1,q1_q17_dr25_tce,6763.00,182.00,-243.00,4.220,0.144,-0.176,1.4240,0.4250,-0.2830,292.477970,46.022831,13.791
4365442,K02787.01,,FALSE POSITIVE,FALSE POSITIVE,0.0000,0,0,1,1,1.714410345,8.8940000e-06,-8.8940000e-06,131.8654900,4.490000e-03,-4.490000e-03,0.5600,0.3850,-0.3360,3.33600,0.14100,-0.14100,5.0400e+01,2.600e+00,-2.600e+00,1.84,3.000e-01,-6.900e-01,2551.0,,,10025.53,5173.46,-6583.50,22.90,1,q1_q17_dr25_tce,6340.00,187.00,-187.00,3.731,0.330,-0.110,2.4980,0.4040,-0.9440,291.685730,39.428860,13.297
8885643,K02789.01,Kepler-1346 b,CONFIRMED,CANDIDATE,1.0000,0,0,0,0,3.401656170,1.1210000e-05,-1.1210000e-05,132.0619500,2.580000e-03,-2.580000e-03,0.9060,0.0280,-0.6820,1.96170,0.08460,-0.08460,1.5590e+02,9.000e+00,-9.000e+00,1.34,4.100e-01,-1.300e-01,1236.0,,,552.42,495.04,-158.35,19.90,1,q1_q17_dr25_tce,6177.00,169.00,-188.00,4.516,0.040,-0.216,0.9060,0.2760,-0.0920,291.841310,45.179180,14.497
5652893,K02790.01,Kepler-1347 b,CONFIRMED,CANDIDATE,1.0000,0,0,0,0,14.009486310,6.6760000e-05,-6.6760000e-05,132.9694700,3.680000e-03,-3.680000e-03,0.2680,0.1860,-0.2680,3.39900,0.12200,-0.12200,1.6990e+02,8.600e+00,-8.600e+00,0.98,6.000e-02,-5.000e-02,617.0,,,34.32,6.88,-6.32,22.60,1,q1_q17_dr25_tce,5153.00,102.00,-102.00,4.551,0.049,-0.036,0.7670,0.0410,-0.0460,299.659610,40.843849,13.380
3241557,K02863.01,,FALSE POSITIVE,FALSE POSITIVE,0.0000,0,0,1,1,1.703359172,9.4620000e-06,-9.4620000e-06,132.4618500,4.920000e-03,-4.920000e-03,0.1520,0.3120,-0.1520,1.91400,0.12500,-0.12500,5.7600e+01,4.900e+00,-4.900e+00,0.69,2.100e-01,-7.000e-02,1525.0,,,1284.58,1116.26,-359.76,13.90,1,q1_q17_dr25_tce,6026.00,162.00,-180.00,4.503,0.065,-0.195,0.9040,0.2680,-0.0890,293.078060,38.359081,13.778
3957082,K02864.01,,FALSE POSITIVE,FALSE POSITIVE,0.0010,0,0,1,0,3.778816640,4.0890000e-05,-4.0890000e-05,134.2080000,9.230000e-03,-9.230000e-03,0.6280,0.3020,-0.4080,5.81900,0.29000,-0.29000,4.7100e+01,2.500e+00,-2.500e+00,3.99,1.000e-01,-1.920e+00,2580.0,,,10473.57,2056.09,-7977.57,22.20,1,q1_q17_dr25_tce,6115.00,201.00,-183.00,3.267,0.447,-0.047,5.5440,0.1400,-2.6680,292.237820,39.005070,12.923
8681833,K02865.01,Kepler-1372 b,CONFIRMED,CANDIDATE,0.9820,0,0,0,0,1.311558909,5.7640000e-06,-5.7640000e-06,131.5328300,3.980000e-03,-3.980000e-03,0.2180,0.2460,-0.2180,1.91900,0.12000,-0.12000,1.4130e+02,9.700e+00,-9.700e+00,1.15,3.500e-01,-1.200e-01,1655.0,,,1776.99,1616.10,-534.48,17.20,1,q1_q17_dr25_tce,5926.00,164.00,-205.00,4.501,0.039,-0.221,0.9630,0.2970,-0.0990,288.886630,44.839550,15.371
4138951,K02866.01,Kepler-1373 b,CONFIRMED,CANDIDATE,0.9900,0,0,0,0,1.291233083,5.7120000e-06,-5.7120000e-06,131.9910500,3.700000e-03,-3.700000e-03,0.2000,0.2580,-0.2000,1.85500,0.12300,-0.12300,6.6000e+01,5.100e+00,-5.100e+00,0.89,2.600e-01,-1.100e-01,1887.0,,,2993.70,2475.79,-957.71,15.90,1,q1_q17_dr25_tce,6384.00,153.00,-192.00,4.419,0.062,-0.200,1.0860,0.3140,-0.1340,285.752040,39.249210,14.135
3102384,K00273.01,Kepler-454 b,CONFIRMED,CANDIDATE,1.0000,0,0,0,0,10.573751447,8.4880000e-06,-8.4880000e-06,175.0677390,6.390000e-04,-6.390000e-04,0.7850,0.0040,-0.5860,1.72590,0.01820,-0.01820,2.9890e+02,4.300e+00,-4.300e+00,2.07,5.000e-02,-7.000e-02,844.0,,,120.25,13.03,-13.20,82.00,1,q1_q17_dr25_tce,5720.00,77.00,-77.00,4.400,0.012,-0.012,1.0800,0.0270,-0.0330,287.478520,38.228840,11.457
10471515,K02961.01,Kepler-1395 b,CONFIRMED,CANDIDATE,0.9920,0,0,0,0,3.784750700,4.0000000e-05,-4.0000000e-05,133.5078500,8.130000e-03,-8.130000e-03,0.0210,0.4350,-0.0210,2.92400,0.25400,-0.25400,3.3500e+01,3.200e+00,-3.200e+00,0.70,1.100e-01,-8.000e-02,1311.0,,,699.15,319.08,-192.35,12.20,1,q1_q17_dr25_tce,6017.00,107.00,-131.00,4.326,0.084,-0.116,1.2060,0.1990,-0.1330,292.337550,47.664200,12.581
4935172,K02962.01,,CANDIDATE,CANDIDATE,0.7850,0,0,0,0,2.172910550,1.3960000e-05,-1.3960000e-05,131.7355200,5.870000e-03,-5.870000e-03,0.3620,0.1010,-0.3620,2.13900,0.17400,-0.17400,7.6400e+01,6.700e+00,-6.700e+00,0.93,3.000e-01,-1.000e-01,1507.0,,,1220.49,1174.83,-379.45,13.60,1,q1_q17_dr25_tce,6164.00,171.00,-214.00,4.446,0.054,-0.216,1.0450,0.3410,-0.1140,294.863190,40.007511,14.229
8760040,K02963.01,Kepler-1396 b,CONFIRMED,CANDIDATE,0.9990,0,0,0,0,18.220602400,1.3240000e-04,-1.3240000e-04,141.3760700,6.170000e-03,-6.170000e-03,0.1250,0.3260,-0.1250,5.10900,0.15000,-0.15000,2.0180e+02,1.120e+01,-1.120e+01,1.78,3.000e-01,-2.300e-01,786.0,,,90.43,38.40,-26.01,19.70,1,q1_q17_dr25_tce,5951.00,71.00,-79.00,4.283,0.120,-0.120,1.2620,0.2090,-0.1680,294.336460,44.918289,14.544
8760040,K02963.02,,CANDIDATE,CANDIDATE,0.9130,0,0,0,0,7.351012870,5.5700000e-05,-5.5700000e-05,133.6395100,6.430000e-03,-6.430000e-03,0.6080,0.3610,-0.3830,2.75700,0.18600,-0.18600,1.1590e+02,1.000e+01,-1.000e+01,1.42,2.300e-01,-1.900e-01,1064.0,,,303.08,128.71,-87.17,12.80,2,q1_q17_dr25_tce,5951.00,71.00,-79.00,4.283,0.120,-0.120,1.2620,0.2090,-0.1680,294.336460,44.918289,14.544
10098844,K02964.01,Kepler-1397 b,CONFIRMED,CANDIDATE,0.9850,0,0,0,0,47.449713400,6.9450000e-04,-6.9450000e-04,173.4565000,1.150000e-02,-1.150000e-02,0.0160,0.4490,-0.0160,10.67500,0.37700,-0.37700,2.0640e+02,1.340e+01,-1.340e+01,1.61,2.800e-01,-1.800e-01,551.0,,,21.82,10.34,-6.15,16.90,1,q1_q17_dr25_tce,6007.00,108.00,-133.00,4.353,0.084,-0.126,1.1260,0.1930,-0.1280,299.675870,47.075840,14.089
9467404,K02717.01,Kepler-1323 b,CONFIRMED,CANDIDATE,1.0000,0,0,0,0,0.929906166,7.7700000e-07,-7.7700000e-07,132.2512600,7.250000e-04,-7.250000e-04,0.1020,0.3380,-0.1010,1.74300,0.02100,-0.02100,1.0870e+02,1.600e+00,-1.600e+00,1.48,2.400e-01,-2.800e-01,2291.0,,,6514.57,3148.46,-2514.21,79.70,1,q1_q17_dr25_tce,6039.00,134.00,-121.00,4.169,0.168,-0.112,1.4130,0.2340,-0.2600,292.872280,46.098881,12.410
5308666,K02718.01,,FALSE POSITIVE,FALSE POSITIVE,0.0000,0,0,1,1,0.784513087,1.3420000e-06,-1.3420000e-06,131.9875100,1.370000e-03,-1.370000e-03,0.0290,0.3300,-0.0290,1.92060,0.05160,-0.05160,3.1660e+02,8.100e+00,-8.100e+00,131.40,3.350e+00,-2.679e+01,10634.0,,,3036857.56,416291.93,-1313641.72,47.70,1,q1_q17_dr25_tce,3853.00,76.00,-105.00,0.892,0.030,-0.030,78.8690,2.0100,-16.0830,299.556340,40.460297,13.819
5184911,K02719.01,Kepler-1324 b,CONFIRMED,CANDIDATE,1.0000,0,0,0,0,4.115855140,1.1600000e-05,-1.1600000e-05,134.1172600,2.410000e-03,-2.410000e-03,0.8070,0.0190,-0.5700,1.48580,0.08250,-0.08250,4.2580e+02,2.490e+01,-2.490e+01,1.93,1.300e-01,-2.000e-01,895.0,,,151.55,40.56,-43.89,20.80,1,q1_q17_dr25_tce,4827.00,129.00,-144.00,4.508,0.084,-0.070,0.8230,0.0560,-0.0860,291.184970,40.311211,15.141
8176564,K02720.01,,CANDIDATE,CANDIDATE,1.0000,0,0,0,0,6.571594350,2.2910000e-05,-2.2910000e-05,132.7459800,2.920000e-03,-2.920000e-03,0.7510,0.2260,-0.5130,3.10440,0.08540,-0.08540,6.5700e+01,2.500e+00,-2.500e+00,1.26,6.000e-02,-5.000e-02,1211.0,,,507.81,76.72,-61.00,30.70,1,q1_q17_dr25_tce,6042.00,81.00,-81.00,4.139,0.012,-0.013,1.4320,0.0640,-0.0520,295.439670,44.039162,10.338
6587105,K02721.01,Kepler-1325 b,CONFIRMED,CANDIDATE,1.0000,0,0,0,0,33.878639000,2.1870000e-04,-2.1870000e-04,160.2186900,4.440000e-03,-4.440000e-03,0.9230,0.0030,-0.6450,6.19400,0.13400,-0.13400,7.0010e+02,2.840e+01,-2.840e+01,3.52,4.900e-01,-5.000e-01,564.0,,,24.00,8.89,-7.18,27.90,1,q1_q17_dr25_tce,5533.00,74.00,-74.00,4.348,0.126,-0.103,1.0720,0.1500,-0.1500,285.017210,42.085381,15.160
11662184,K02791.01,Kepler-1348 b,CONFIRMED,CANDIDATE,0.9950,0,0,0,0,27.572214400,2.2370000e-04,-2.2370000e-04,145.3954300,7.310000e-03,-7.310000e-03,0.5620,0.0240,-0.4680,5.25600,0.20500,-0.20500,2.9630e+02,1.710e+01,-1.710e+01,1.94,3.100e-01,-1.700e-01,636.0,,,38.62,15.82,-8.07,20.00,1,q1_q17_dr25_tce,5912.00,70.00,-82.00,4.397,0.063,-0.117,1.0900,0.1740,-0.0930,292.087460,49.788761,14.718
11127479,K02792.01,Kepler-1349 b,CONFIRMED,CANDIDATE,1.0000,0,0,0,0,2.128216210,1.1150000e-05,-1.1150000e-05,132.4805500,4.260000e-03,-4.260000e-03,0.0980,0.3540,-0.0980,3.14600,0.10600,-0.10600,2.5900e+01,1.300e+00,-1.300e+00,0.70,2.000e-02,-3.000e-02,1668.0,,,1831.55,199.30,-252.46,22.10,1,q1_q17_dr25_tce,5952.00,71.00,-83.00,4.227,0.014,-0.016,1.3770,0.0390,-0.0620,286.338350,48.744099,11.126
5428668,K02794.01,,FALSE POSITIVE,FALSE POSITIVE,0.0000,1,0,1,0,0.703399912,7.8800000e-07,-7.8800000e-07,131.6592900,1.030000e-03,-1.030000e-03,0.3930,0.0650,-0.3930,0.82300,0.04170,-0.04170,5.3140e+02,2.140e+01,-2.140e+01,2.15,6.700e-01,-2.100e-01,2013.0,,,3879.31,3626.55,-1084.58,32.00,1,q1_q17_dr25_tce,5955.00,179.00,-179.00,4.520,0.037,-0.213,0.9100,0.2830,-0.0890,284.444700,40.693508,15.728
5041569,K02795.01,,FALSE POSITIVE,FALSE POSITIVE,0.0240,0,1,0,0,2.535502300,1.8260000e-05,-1.8260000e-05,132.2005400,6.680000e-03,-6.680000e-03,0.9650,0.0200,-0.5240,7.18900,0.71500,-0.71500,3.5460e+02,1.300e+01,-1.300e+01,2.70,9.400e-01,-3.200e-01,1477.0,,,1127.68,1160.91,-384.42,37.60,1,q1_q17_dr25_tce,6268.00,173.00,-260.00,4.429,0.056,-0.238,1.1000,0.3840,-0.1280,298.853610,40.131088,15.273
10604521,K02797.01,,CANDIDATE,CANDIDATE,1.0000,0,0,0,0,0.868122253,2.7230000e-06,-2.7230000e-06,131.8321200,2.780000e-03,-2.780000e-03,0.0060,0.4330,-0.0060,1.54710,0.06600,-0.06600,2.3130e+02,1.140e+01,-1.140e+01,1.65,5.400e-01,-1.700e-01,2047.0,,,4163.14,4139.82,-1330.46,23.20,1,q1_q17_dr25_tce,6116.00,190.00,-253.00,4.440,0.052,-0.208,1.0840,0.3560,-0.1110,293.683560,47.833141,15.800
9899181,K02867.01,,FALSE POSITIVE,FALSE POSITIVE,0.0000,0,0,1,1,1.332560553,9.3210000e-06,-9.3210000e-06,132.0530300,6.620000e-03,-6.620000e-03,0.3700,0.0660,-0.3700,3.31500,0.15500,-0.15500,3.1700e+01,1.500e+00,-1.500e+00,0.40,2.000e-02,-2.000e-02,1249.0,,,574.99,131.50,-82.18,26.10,1,q1_q17_dr25_tce,4947.00,98.00,-98.00,4.621,0.012,-0.051,0.7140,0.0470,-0.0260,295.150510,46.772305,12.912
9899181,K02867.02,,FALSE POSITIVE,FALSE POSITIVE,0.0000,0,1,0,0,18.936061000,1.4290000e-03,-1.4290000e-03,139.0725000,5.090000e-02,-5.090000e-02,0.2850,0.1560,-0.2850,22.27000,1.70000,-1.70000,2.4300e+01,1.900e+00,-1.900e+00,0.34,3.000e-02,-1.000e-02,516.0,,,16.70,3.82,-2.38,14.00,2,q1_q17_dr25_tce,4947.00,98.00,-98.00,4.621,0.012,-0.051,0.7140,0.0470,-0.0260,295.150510,46.772305,12.912
8884274,K02868.01,Kepler-1374 b,CONFIRMED,CANDIDATE,1.0000,0,0,0,0,10.652750540,6.4510000e-05,-6.4510000e-05,136.0899400,5.410000e-03,-5.410000e-03,0.0510,0.4200,-0.0510,2.68400,0.12700,-0.12700,7.4070e+02,4.880e+01,-4.880e+01,2.20,4.900e-01,-1.900e-01,737.0,,,69.81,48.17,-19.50,17.50,1,q1_q17_dr25_tce,5602.00,177.00,-197.00,4.571,0.036,-0.144,0.8170,0.1810,-0.0720,291.349980,45.172272,15.970
7767162,K02869.01,Kepler-1375 b,CONFIRMED,CANDIDATE,1.0000,0,0,0,0,3.300408180,2.2100000e-05,-2.2100000e-05,133.5672300,6.020000e-03,-6.020000e-03,0.0080,0.4460,-0.0080,4.46200,0.16400,-0.16400,9.8800e+01,5.900e+00,-5.900e+00,1.43,2.600e-01,-1.900e-01,1543.0,,,1341.90,621.65,-382.51,19.30,1,q1_q17_dr25_tce,6333.00,75.00,-82.00,4.229,0.099,-0.121,1.4380,0.2610,-0.1900,296.293550,43.403271,13.749
4861791,K02870.01,,FALSE POSITIVE,FALSE POSITIVE,0.0000,0,0,1,1,5.629509020,9.2240000e-05,-9.2240000e-05,136.8607000,1.290000e-02,-1.290000e-02,0.9740,0.0310,-0.7570,6.54200,0.17200,-0.17200,2.9750e+02,2.180e+01,-2.180e+01,2.11,5.700e-01,-2.000e-01,979.0,,,216.41,178.97,-60.15,14.30,1,q1_q17_dr25_tce,5822.00,175.00,-192.00,4.529,0.044,-0.176,0.8980,0.2460,-0.0820,298.039310,39.901939,15.957
4385148,K02942.01,,CANDIDATE,CANDIDATE,0.9540,0,0,0,0,13.843012280,9.0790000e-05,-9.0790000e-05,139.9533400,6.630000e-03,-6.630000e-03,0.0520,0.4000,-0.0520,4.07700,0.16500,-0.16500,5.6780e+02,3.590e+01,-3.590e+01,1.98,5.000e-01,-1.800e-01,699.0,,,56.45,43.35,-15.88,17.50,1,q1_q17_dr25_tce,5745.00,181.00,-201.00,4.559,0.042,-0.168,0.8370,0.2090,-0.0750,296.264560,39.405960,15.480
4385148,K02942.02,Kepler-1886 b,CONFIRMED,CANDIDATE,0.9730,0,0,0,0,24.275899200,2.4260000e-04,-2.4260000e-04,152.4313300,8.970000e-03,-8.970000e-03,0.4410,0.5050,-0.2390,4.59000,0.20900,-0.20900,7.0220e+02,4.500e+01,-4.500e+01,2.25,5.600e-01,-2.000e-01,580.0,,,26.68,20.49,-7.50,17.00,2,q1_q17_dr25_tce,5745.00,181.00,-201.00,4.559,0.042,-0.168,0.8370,0.2090,-0.0750,296.264560,39.405960,15.480
9838468,K02943.01,Kepler-1391 b,CONFIRMED,CANDIDATE,0.9480,0,0,0,0,54.409961200,5.5480000e-04,-5.5480000e-04,175.4030700,6.580000e-03,-6.580000e-03,0.1570,0.2750,-0.1570,9.31400,0.21600,-0.21600,1.9300e+02,1.080e+01,-1.080e+01,1.56,2.400e-01,-2.400e-01,513.0,,,16.35,7.20,-5.46,20.80,1,q1_q17_dr25_tce,5746.00,115.00,-104.00,4.309,0.137,-0.112,1.1330,0.1740,-0.1740,294.831020,46.659592,13.852
6781548,K02944.01,,FALSE POSITIVE,FALSE POSITIVE,0.0000,0,1,1,1,9.122093360,7.1490000e-05,-7.1490000e-05,138.8330600,7.850000e-03,-7.850000e-03,1.2360,71.8500,-0.2980,4.34700,0.22600,-0.22600,9.0680e+02,4.770e+01,-4.770e+01,28.17,9.150e+00,-3.050e+00,863.0,,,131.35,129.40,-40.69,22.20,1,q1_q17_dr25_tce,5899.00,184.00,-205.00,4.499,0.040,-0.229,0.9600,0.3120,-0.1040,293.078340,42.277039,15.676
8617363,K02945.01,Kepler-1887 b,CONFIRMED,CANDIDATE,0.9880,0,0,0,0,19.947527410,7.9760000e-05,-7.9760000e-05,144.2469000,3.510000e-03,-3.510000e-03,0.0940,0.3570,-0.0940,1.75600,0.12100,-0.12100,8.6130e+02,6.550e+01,-6.550e+01,2.52,5.700e-01,-2.000e-01,625.0,,,36.14,24.06,-9.00,16.00,1,q1_q17_dr25_tce,5749.00,153.00,-170.00,4.547,0.040,-0.160,0.8640,0.1940,-0.0690,288.955510,44.705700,15.999
11401755,K00277.02,Kepler-36 b,CONFIRMED,CANDIDATE,0.0630,0,0,0,0,13.849845670,5.3640000e-05,-5.3640000e-05,141.6491400,3.200000e-03,-3.200000e-03,0.0120,0.4380,-0.0120,7.27830,0.08490,-0.08490,8.4600e+01,2.600e+00,-2.600e+00,1.45,7.000e-02,-7.000e-02,977.0,,,214.98,29.68,-30.04,35.20,2,q1_q17_dr25_tce,5919.00,62.00,-71.00,4.042,0.030,-0.030,1.5850,0.0710,-0.0790,291.250180,49.231834,11.866
7673192,K02722.01,Kepler-402 c,CONFIRMED,CANDIDATE,0.9800,0,0,0,0,6.124797730,3.2390000e-05,-3.2390000e-05,134.9380300,4.280000e-03,-4.280000e-03,0.7900,0.0370,-0.5450,3.46600,0.12200,-0.12200,1.2930e+02,6.900e+00,-6.900e+00,1.51,2.600e-01,-2.400e-01,1140.0,,,399.43,195.49,-139.86,20.10,1,q1_q17_dr25_tce,6052.00,121.00,-133.00,4.285,0.137,-0.112,1.2020,0.2080,-0.1890,288.370240,43.354610,13.268
7673192,K02722.02,Kepler-402 e,CONFIRMED,CANDIDATE,1.0000,0,0,0,0,11.242848150,7.6490000e-05,-7.6490000e-05,136.3208400,5.690000e-03,-5.690000e-03,0.5200,0.1020,-0.4060,4.24100,0.15600,-0.15600,1.3600e+02,8.300e+00,-8.300e+00,1.44,2.500e-01,-2.200e-01,931.0,,,177.70,86.98,-62.22,17.40,3,q1_q17_dr25_tce,6052.00,121.00,-133.00,4.285,0.137,-0.112,1.2020,0.2080,-0.1890,288.370240,43.354610,13.268
7673192,K02722.03,Kepler-402 b,CONFIRMED,CANDIDATE,0.9970,0,0,0,0,4.028770970,2.4040000e-05,-2.4040000e-05,133.7677400,4.870000e-03,-4.870000e-03,0.1930,0.2650,-0.1930,3.17300,0.13300,-0.13300,1.0040e+02,6.000e+00,-6.000e+00,1.21,2.100e-01,-1.900e-01,1311.0,,,699.45,342.32,-244.92,18.60,2,q1_q17_dr25_tce,6052.00,121.00,-133.00,4.285,0.137,-0.112,1.2020,0.2080,-0.1890,288.370240,43.354610,13.268
7673192,K02722.04,Kepler-402 d,CONFIRMED,CANDIDATE,0.9990,0,0,0,0,8.921143180,7.2390000e-05,-7.2390000e-05,137.4907100,6.320000e-03,-6.320000e-03,0.1200,0.3360,-0.1200,3.93300,0.18300,-0.18300,1.1080e+02,7.800e+00,-7.800e+00,1.27,2.200e-01,-2.000e-01,1006.0,,,241.79,118.34,-84.66,15.30,4,q1_q17_dr25_tce,6052.00,121.00,-133.00,4.285,0.137,-0.112,1.2020,0.2080,-0.1890,288.370240,43.354610,13.268
11807274,K00262.01,Kepler-50 b,CONFIRMED,CANDIDATE,1.0000,0,0,0,0,7.812858620,2.8230000e-05,-2.8230000e-05,172.6138000,2.850000e-03,-2.850000e-03,0.0300,0.4280,-0.0300,4.09800,0.07680,-0.07680,1.1730e+02,4.000e+00,-4.000e+00,1.68,9.000e-02,-9.000e-02,1196.0,,,483.06,75.70,-66.21,32.30,2,q1_q17_dr25_tce,6237.00,62.00,-74.00,4.136,0.033,-0.030,1.5430,0.0840,-0.0750,288.100860,50.033718,10.421
7670943,K00269.01,Kepler-1713 b,CONFIRMED,CANDIDATE,1.0000,0,0,0,0,18.011649740,5.1220000e-05,-5.1220000e-05,185.0916200,2.380000e-03,-2.380000e-03,0.9240,0.0410,-0.6690,6.73670,0.05960,-0.05960,1.0780e+02,2.100e+00,-2.100e+00,1.83,7.000e-02,-1.100e-01,900.0,,,155.37,23.54,-27.37,60.80,1,q1_q17_dr25_tce,6477.00,103.00,-116.00,4.224,0.033,-0.027,1.4590,0.0580,-0.0860,287.345730,43.378391,10.927
6697756,K02798.01,Kepler-1351 b,CONFIRMED,CANDIDATE,0.9920,0,0,0,0,0.916142298,1.8090000e-06,-1.8090000e-06,132.0222100,1.670000e-03,-1.670000e-03,0.2320,0.2560,-0.2320,1.15550,0.05450,-0.05450,9.8500e+01,5.100e+00,-5.100e+00,0.60,5.000e-02,-5.000e-02,1212.0,,,507.47,142.79,-136.35,23.00,1,q1_q17_dr25_tce,4374.00,118.00,-131.00,4.639,0.052,-0.024,0.6140,0.0450,-0.0560,293.608730,42.197681,14.107
5649833,K02799.01,,FALSE POSITIVE,FALSE POSITIVE,0.0000,0,0,1,1,0.597933473,2.0870000e-06,-2.0870000e-06,131.9538600,2.550000e-03,-2.550000e-03,0.5620,0.3610,-0.3300,1.91800,0.11200,-0.11200,1.0600e+02,5.200e+00,-5.200e+00,1.24,3.600e-01,-1.500e-01,2564.0,,,10196.42,8282.43,-3267.16,26.00,1,q1_q17_dr25_tce,6543.00,148.00,-198.00,4.382,0.060,-0.180,1.1590,0.3330,-0.1430,299.078830,40.832291,13.364
10518399,K02800.01,,FALSE POSITIVE,FALSE POSITIVE,0.0000,0,1,1,1,2.696364940,1.5660000e-05,-1.5660000e-05,132.9937200,4.670000e-03,-4.670000e-03,0.6280,0.3080,-0.4150,3.89200,0.15900,-0.15900,1.0900e+02,5.800e+00,-5.800e+00,1.24,4.000e-01,-3.200e-01,1406.0,,,925.14,863.78,-471.79,22.20,1,q1_q17_dr25_tce,5653.00,152.00,-152.00,4.250,0.282,-0.212,1.1390,0.3630,-0.2970,283.737060,47.797131,14.515
5905822,K02801.01,Kepler-1876 b,CONFIRMED,CANDIDATE,1.0000,0,0,0,0,6.992050210,3.8380000e-05,-3.8380000e-05,138.0514700,4.930000e-03,-4.930000e-03,0.9440,0.0060,-0.7230,5.03700,0.12200,-0.12200,3.3400e+01,1.600e+00,-1.600e+00,1.06,1.800e-01,-2.000e-01,1194.0,,,479.87,237.62,-188.60,24.40,1,q1_q17_dr25_tce,6057.00,134.00,-121.00,4.139,0.168,-0.112,1.4670,0.2500,-0.2770,299.160490,41.143730,10.787
10793172,K02871.01,Kepler-1693 b,CONFIRMED,CANDIDATE,0.9890,0,0,0,0,12.099906500,1.0870000e-04,-1.0870000e-04,143.0442400,8.110000e-03,-8.110000e-03,0.1400,0.3070,-0.1400,3.55800,0.20900,-0.20900,1.6550e+02,1.220e+01,-1.220e+01,1.39,2.100e-01,-2.000e-01,807.0,,,100.37,38.77,-31.09,15.10,1,q1_q17_dr25_tce,5553.00,74.00,-74.00,4.330,0.137,-0.100,1.0980,0.1610,-0.1610,290.201630,48.185822,14.754
10793172,K02871.02,Kepler-1693 c,CONFIRMED,CANDIDATE,0.9950,0,0,0,0,5.363750160,3.9040000e-05,-3.9040000e-05,134.6501400,6.090000e-03,-6.090000e-03,0.0080,0.4480,-0.0080,2.94000,0.19900,-0.19900,1.1430e+02,9.300e+00,-9.300e+00,1.15,1.700e-01,-1.600e-01,1059.0,,,296.73,114.62,-91.93,14.40,2,q1_q17_dr25_tce,5553.00,74.00,-74.00,4.330,0.137,-0.100,1.0980,0.1610,-0.1610,290.201630,48.185822,14.754
7136729,K02872.01,,FALSE POSITIVE,FALSE POSITIVE,0.0000,0,0,1,0,3.173194070,2.0580000e-05,-2.0580000e-05,133.3836500,5.080000e-03,-5.080000e-03,0.2110,0.2430,-0.2110,2.51200,0.16200,-0.16200,1.3580e+02,1.010e+01,-1.010e+01,0.91,1.200e-01,-1.200e-01,1077.0,,,318.23,146.09,-102.36,16.20,1,q1_q17_dr25_tce,5369.00,160.00,-160.00,4.508,0.105,-0.095,0.7840,0.1090,-0.0980,296.886540,42.655079,14.162
6364276,K02873.01,,FALSE POSITIVE,FALSE POSITIVE,0.0000,0,0,1,1,5.243683020,7.9260000e-05,-7.9260000e-05,132.7109000,1.400000e-02,-1.400000e-02,0.0060,0.4110,-0.0060,10.87300,0.32600,-0.32600,2.2540e+02,7.100e+00,-7.100e+00,0.91,6.000e-02,-8.000e-02,654.0,,,43.13,11.79,-12.29,36.90,1,q1_q17_dr25_tce,4194.00,126.00,-139.00,4.633,0.053,-0.021,0.6290,0.0400,-0.0600,291.898930,41.744492,15.290
4367854,K02876.01,,CANDIDATE,CANDIDATE,0.2760,0,0,0,0,5.195202100,1.8080000e-05,-1.8080000e-05,133.3440100,3.170000e-03,-3.170000e-03,0.6040,0.0200,-0.4850,2.15520,0.09610,-0.09610,3.2080e+02,1.920e+01,-1.920e+01,1.37,1.300e-01,-1.500e-01,836.0,,,115.35,41.01,-32.90,17.70,1,q1_q17_dr25_tce,5044.00,151.00,-136.00,4.551,0.078,-0.048,0.7380,0.0720,-0.0790,292.379030,39.435841,14.937
5108946,K02955.01,,FALSE POSITIVE,FALSE POSITIVE,0.0000,0,0,1,0,0.591280187,1.3350000e-06,-1.3350000e-06,131.7440600,1.890000e-03,-1.890000e-03,0.3950,0.0760,-0.3950,1.16560,0.07760,-0.07760,1.3500e+02,8.000e+00,-8.000e+00,1.30,4.200e-01,-1.400e-01,2385.0,,,7620.01,7272.84,-2433.79,21.60,1,q1_q17_dr25_tce,6246.00,174.00,-239.00,4.433,0.050,-0.200,1.0920,0.3530,-0.1180,294.471250,40.278759,15.046
8801316,K02956.01,Kepler-1394 b,CONFIRMED,CANDIDATE,1.0000,0,0,0,0,3.937667860,3.4420000e-05,-3.4420000e-05,135.2772400,8.100000e-03,-8.100000e-03,0.2260,0.2160,-0.2260,4.65500,0.19500,-0.19500,2.4300e+01,1.700e+00,-1.700e+00,1.36,1.600e-01,-3.700e-01,1947.0,,,3388.82,1199.11,-1737.79,16.80,1,q1_q17_dr25_tce,6277.00,126.00,-113.00,3.728,0.218,-0.073,2.7410,0.3240,-0.7570,283.453190,45.084141,11.801
10597693,K02958.01,,CANDIDATE,CANDIDATE,1.0000,0,0,0,0,31.608437100,2.4200000e-04,-2.4200000e-04,134.6828500,5.780000e-03,-5.780000e-03,0.0220,0.4200,-0.0210,3.67500,0.15300,-0.15300,3.3160e+02,2.340e+01,-2.340e+01,1.89,6.100e-01,-2.000e-01,634.0,,,38.10,36.03,-11.52,16.20,1,q1_q17_dr25_tce,6341.00,169.00,-207.00,4.446,0.054,-0.216,1.0330,0.3340,-0.1110,290.928800,47.887249,14.756
7466270,K02959.01,,CANDIDATE,CANDIDATE,0.7820,0,0,0,0,16.155865600,1.4180000e-04,-1.4180000e-04,140.2301200,7.670000e-03,-7.670000e-03,0.9730,0.0680,-0.6530,3.79800,0.31000,-0.31000,7.3130e+02,4.620e+01,-4.620e+01,2.04,1.400e-01,-1.800e-01,455.0,,,10.10,3.04,-2.93,17.50,1,q1_q17_dr25_tce,4504.00,142.00,-178.00,4.713,0.058,-0.031,0.5300,0.0380,-0.0460,297.272220,43.098721,15.771
10876237,K02960.01,,FALSE POSITIVE,FALSE POSITIVE,0.0000,0,1,1,0,1.465943491,5.6040000e-06,-5.6040000e-06,132.3280100,3.240000e-03,-3.240000e-03,0.2110,0.2450,-0.2110,1.51300,0.11700,-0.11700,5.2300e+01,4.100e+00,-4.100e+00,1.60,3.100e-01,-5.700e-01,2472.0,,,8804.60,5152.88,-5557.89,15.80,1,q1_q17_dr25_tce,6230.00,171.00,-171.00,3.847,0.300,-0.100,2.1900,0.4220,-0.7840,297.317600,48.239368,13.147
12314973,K00279.01,Kepler-450 b,CONFIRMED,CANDIDATE,1.0000,0,0,0,0,28.454890910,2.4860000e-05,-2.4860000e-05,176.7062650,6.700000e-04,-6.700000e-04,0.5000,0.0610,-0.3520,8.15930,0.05760,-0.05760,1.4186e+03,6.700e+00,-6.700e+00,6.08,3.400e-01,-4.300e-01,769.0,,,82.70,14.47,-14.61,244.70,1,q1_q17_dr25_tce,6206.00,80.00,-74.00,4.159,0.048,-0.032,1.5730,0.0890,-0.1110,295.486510,51.013500,11.684
3346154,K02723.01,Kepler-1871 b,CONFIRMED,CANDIDATE,1.0000,0,0,0,0,1.952711161,2.2560000e-06,-2.2560000e-06,133.1609860,9.670000e-04,-9.670000e-04,0.9620,0.0240,-0.6820,0.87200,0.03560,-0.03560,4.0300e+02,1.890e+01,-1.890e+01,2.58,7.600e-01,-2.600e-01,1403.0,,,917.15,792.53,-264.45,30.70,1,q1_q17_dr25_tce,5741.00,154.00,-188.00,4.495,0.052,-0.208,0.9460,0.2790,-0.0930,292.427490,38.472912,14.575
5308387,K02724.01,,FALSE POSITIVE,FALSE POSITIVE,0.0000,0,0,1,1,0.620739667,1.7880000e-06,-1.7880000e-06,132.1005100,2.210000e-03,-2.210000e-03,1.1580,0.5220,-0.0840,2.47700,0.11600,-0.11600,1.0820e+02,4.200e+00,-4.200e+00,29.28,8.350e+00,-8.350e+00,2947.0,,,17924.29,14584.77,-9905.59,30.80,1,q1_q17_dr25_tce,6559.00,155.00,-214.00,4.133,0.214,-0.175,1.6020,0.4570,-0.4570,299.507510,40.477428,12.878
6233573,K02725.01,,FALSE POSITIVE,FALSE POSITIVE,0.0000,0,0,1,0,0.587470828,9.2100000e-07,-9.2100000e-07,131.4978800,1.320000e-03,-1.320000e-03,1.1610,0.7840,-0.0010,2.43820,0.08280,-0.08280,1.9380e+02,4.900e+00,-4.900e+00,51.02,1.394e+01,-3.252e+01,3434.0,,,33039.47,28042.53,-29200.74,48.30,1,q1_q17_dr25_tce,5787.00,193.00,-176.00,3.678,0.756,-0.178,2.6670,0.7290,-1.7000,299.064910,41.508301,13.744
10363281,K02726.01,,FALSE POSITIVE,FALSE POSITIVE,0.0000,0,1,1,1,0.934924739,3.8590000e-06,-3.8590000e-06,132.1784600,3.270000e-03,-3.270000e-03,0.3090,0.1730,-0.3090,2.05200,0.11900,-0.11900,7.3800e+01,4.600e+00,-4.600e+00,2.29,3.700e-01,-8.600e-01,3156.0,,,23533.00,11752.86,-15294.58,20.30,1,q1_q17_dr25_tce,6477.00,176.00,-176.00,3.781,0.312,-0.098,2.6280,0.4220,-0.9850,299.629520,47.479809,12.310
4861527,K02727.01,,FALSE POSITIVE,FALSE POSITIVE,0.0000,0,1,1,1,25.705455700,2.7680000e-04,-2.7680000e-04,156.6670900,8.380000e-03,-8.380000e-03,0.7220,28.0800,-0.2700,6.05900,0.32700,-0.32700,2.6630e+02,9.600e+00,-9.600e+00,1.75,5.600e-01,-1.800e-01,670.0,,,47.76,44.67,-14.41,27.60,1,q1_q17_dr25_tce,6326.00,169.00,-207.00,4.459,0.054,-0.216,1.0010,0.3200,-0.1070,297.981410,39.900162,13.859
5775129,K02802.01,Kepler-1691 b,CONFIRMED,CANDIDATE,0.9880,0,0,0,0,3.848221890,1.6590000e-05,-1.6590000e-05,131.9185000,3.510000e-03,-3.510000e-03,0.3680,0.1020,-0.3680,2.01300,0.10700,-0.10700,2.0390e+02,1.380e+01,-1.380e+01,1.72,2.800e-01,-2.100e-01,1283.0,,,641.53,273.17,-176.30,17.60,1,q1_q17_dr25_tce,5927.00,71.00,-83.00,4.323,0.105,-0.116,1.1930,0.1980,-0.1480,286.254430,41.021870,14.919
9898447,K02803.01,Kepler-1877 b,CONFIRMED,CANDIDATE,1.0000,0,0,0,0,2.377524420,1.3510000e-05,-1.3510000e-05,133.3985400,4.770000e-03,-4.770000e-03,0.2560,0.2170,-0.2560,2.30700,0.12700,-0.12700,3.2100e+01,2.300e+00,-2.300e+00,0.53,7.000e-02,-3.000e-02,1278.0,,,632.62,251.89,-110.32,15.90,1,q1_q17_dr25_tce,5615.00,101.00,-123.00,4.505,0.030,-0.120,0.9360,0.1320,-0.0470,294.866880,46.790562,12.258
5307568,K02804.01,,FALSE POSITIVE,FALSE POSITIVE,0.0010,0,0,1,0,2.628380970,1.7730000e-05,-1.7730000e-05,131.6234300,5.780000e-03,-5.780000e-03,0.0870,0.3700,-0.0870,3.19300,0.18100,-0.18100,8.9900e+01,6.800e+00,-6.800e+00,1.01,2.900e-01,-1.400e-01,1375.0,,,846.09,709.78,-287.16,15.30,1,q1_q17_dr25_tce,5884.00,156.00,-191.00,4.408,0.084,-0.196,1.0700,0.3070,-0.1410,299.355190,40.433060,14.037
11135308,K02805.01,Kepler-1352 b,CONFIRMED,CANDIDATE,0.9990,0,0,0,0,1.877878538,7.3770000e-06,-7.3770000e-06,132.2613100,3.260000e-03,-3.260000e-03,0.2480,0.2110,-0.2480,2.39000,0.10100,-0.10100,4.7500e+01,2.800e+00,-2.800e+00,0.78,1.700e-01,-1.000e-01,1701.0,,,1977.35,1248.88,-642.81,20.60,1,q1_q17_dr25_tce,6324.00,150.00,-188.00,4.352,0.096,-0.144,1.1150,0.2440,-0.1420,290.693730,48.701481,13.295
2985587,K02807.01,,CANDIDATE,CANDIDATE,1.0000,0,0,0,0,3.375716723,9.0590000e-06,-9.0590000e-06,134.2131900,2.230000e-03,-2.230000e-03,0.9820,0.0440,-0.7030,1.54360,0.09330,-0.09330,1.7570e+02,1.050e+01,-1.050e+01,2.34,7.200e-01,-4.100e-01,1472.0,,,1111.66,993.91,-454.54,20.20,1,q1_q17_dr25_tce,6310.00,170.00,-208.00,4.273,0.136,-0.204,1.2820,0.3910,-0.2280,290.480070,38.136688,13.910
6521045,K00041.03,Kepler-100 d,CONFIRMED,CANDIDATE,1.0000,0,0,0,0,35.333193200,2.2480000e-04,-2.2480000e-04,153.9824900,4.890000e-03,-4.890000e-03,0.6560,0.2700,-0.4330,5.96600,0.12800,-0.12800,9.9700e+01,3.600e+00,-3.600e+00,1.55,1.000e-01,-8.000e-02,670.0,,,47.52,9.21,-7.21,28.80,3,q1_q17_dr25_tce,5788.00,78.00,-78.00,4.122,0.033,-0.027,1.4740,0.0940,-0.0790,291.385990,41.990269,11.197
8077137,K00274.01,Kepler-128 b,CONFIRMED,CANDIDATE,1.0000,0,0,0,0,15.089641500,4.6640000e-05,-4.6640000e-05,175.9537100,2.330000e-03,-2.330000e-03,0.0200,0.3850,-0.0200,4.33490,0.06750,-0.06750,7.7800e+01,2.900e+00,-2.900e+00,1.42,9.000e-02,-6.000e-02,968.0,,,207.64,39.38,-27.56,29.50,1,q1_q17_dr25_tce,6063.00,85.00,-73.00,4.061,0.030,-0.030,1.6130,0.0980,-0.0740,282.492220,43.980209,11.390
7019524,K02877.01,Kepler-1376 b,CONFIRMED,CANDIDATE,0.9810,0,0,0,0,5.308739780,4.5500000e-05,-4.5500000e-05,134.2506100,6.400000e-03,-6.400000e-03,0.1730,0.2750,-0.1730,3.01800,0.17500,-0.17500,1.2750e+02,9.100e+00,-9.100e+00,1.08,3.300e-01,-1.200e-01,1042.0,,,279.21,254.05,-82.77,16.70,1,q1_q17_dr25_tce,5914.00,158.00,-193.00,4.483,0.054,-0.216,0.9550,0.2970,-0.0990,286.958440,42.541382,14.699
5106313,K02878.01,Kepler-1694 b,CONFIRMED,CANDIDATE,0.9910,0,0,0,0,3.895242960,1.7530000e-05,-1.7530000e-05,131.8592900,3.390000e-03,-3.390000e-03,0.2240,0.2370,-0.2240,1.68900,0.10900,-0.10900,1.8900e+02,1.370e+01,-1.370e+01,1.13,4.000e-02,-9.000e-02,956.0,,,197.66,30.36,-38.07,16.20,1,q1_q17_dr25_tce,5018.00,83.00,-75.00,4.492,0.077,-0.028,0.8380,0.0330,-0.0620,293.793580,40.240929,14.756
9825174,K02880.01,Kepler-1377 b,CONFIRMED,CANDIDATE,0.9930,0,0,0,0,0.740926358,1.8370000e-06,-1.8370000e-06,131.9116300,2.060000e-03,-2.060000e-03,0.2020,0.2570,-0.2020,1.01630,0.06860,-0.06860,1.9550e+02,1.180e+01,-1.180e+01,1.22,3.000e-01,-1.300e-01,1873.0,,,2909.21,2097.90,-879.59,20.00,1,q1_q17_dr25_tce,5618.00,152.00,-169.00,4.494,0.072,-0.168,0.8740,0.2130,-0.0980,289.195470,46.651699,15.918
5642620,K02882.01,,CANDIDATE,CANDIDATE,0.0000,0,0,0,0,75.858003500,7.7440000e-04,-7.7440000e-04,165.5543000,8.580000e-03,-8.580000e-03,0.9350,0.0240,-0.6620,5.38200,0.24000,-0.24000,1.1484e+03,7.710e+01,-7.710e+01,2.72,2.700e-01,-2.200e-01,281.0,,,1.47,0.58,-0.41,16.10,3,q1_q17_dr25_tce,4474.00,156.00,-171.00,4.670,0.032,-0.044,0.6140,0.0620,-0.0500,297.590850,40.814960,15.398
8429415,K02965.01,,FALSE POSITIVE,FALSE POSITIVE,0.0000,0,0,1,1,1.352564873,7.2570000e-06,-7.2570000e-06,132.0475200,4.410000e-03,-4.410000e-03,0.6690,0.0250,-0.5140,3.46900,0.12400,-0.12400,5.6700e+01,2.000e+00,-2.000e+00,1.45,3.100e-01,-4.500e-01,2447.0,,,8505.97,5316.70,-4905.44,34.90,1,q1_q17_dr25_tce,6463.00,175.00,-175.00,3.959,0.287,-0.123,1.8230,0.3800,-0.5700,291.307530,44.457619,12.709
5014903,K02966.01,,FALSE POSITIVE,FALSE POSITIVE,0.0000,0,0,1,0,7.727688330,4.0690000e-05,-4.0690000e-05,136.1938700,4.620000e-03,-4.620000e-03,0.2030,0.2580,-0.2030,2.06000,0.16500,-0.16500,4.0480e+02,3.430e+01,-3.430e+01,1.89,5.300e-01,-2.300e-01,899.0,,,154.46,132.66,-50.41,14.60,1,q1_q17_dr25_tce,5765.00,173.00,-190.00,4.468,0.067,-0.189,0.9400,0.2680,-0.1150,292.909030,40.152039,15.648
5980783,K02967.01,Kepler-1889 b,CONFIRMED,CANDIDATE,0.9830,0,0,0,0,37.303319700,5.8790000e-04,-5.8790000e-04,133.3072000,1.240000e-02,-1.240000e-02,0.9080,0.0330,-0.6380,7.79300,0.23300,-0.23300,5.5170e+02,3.230e+01,-3.230e+01,2.31,5.700e-01,-2.500e-01,493.0,,,14.00,10.85,-4.22,19.50,1,q1_q17_dr25_tce,5646.00,186.00,-186.00,4.550,0.053,-0.158,0.8170,0.2030,-0.0870,297.199280,41.226429,15.527
8873090,K02968.01,,CANDIDATE,CANDIDATE,0.9990,0,0,0,0,10.164350760,8.6580000e-05,-8.6580000e-05,136.4303400,6.330000e-03,-6.330000e-03,0.9150,0.0020,-0.6500,6.01700,0.16600,-0.16600,3.7700e+01,2.300e+00,-2.300e+00,1.99,3.100e-01,-6.000e-01,1389.0,,,879.94,390.90,-483.90,18.40,1,q1_q17_dr25_tce,6133.00,134.00,-121.00,3.718,0.224,-0.096,2.7100,0.4090,-0.8180,286.580140,45.163822,11.912
8560804,K02969.01,,FALSE POSITIVE,FALSE POSITIVE,0.0000,0,1,1,1,31.972950100,2.9640000e-04,-2.9640000e-04,133.8821800,8.090000e-03,-8.090000e-03,0.7730,0.1340,-0.7730,9.41000,1.40000,-1.40000,1.5630e+02,1.240e+01,-1.240e+01,2.41,4.000e-01,-5.600e-01,757.0,,,77.49,34.21,-34.26,38.30,1,q1_q17_dr25_tce,6007.00,81.00,-81.00,4.064,0.174,-0.101,1.7590,0.2970,-0.4090,292.119450,44.657928,12.567
12008872,K02729.01,Kepler-1327 b,CONFIRMED,CANDIDATE,1.0000,0,0,0,0,14.887766500,7.7640000e-05,-7.7640000e-05,141.9543200,4.490000e-03,-4.490000e-03,0.7950,0.1340,-0.5760,4.98100,0.13100,-0.13100,2.5250e+02,1.020e+01,-1.020e+01,1.96,6.000e-01,-3.300e-01,831.0,,,112.85,101.75,-44.05,28.40,1,q1_q17_dr25_tce,6143.00,164.00,-200.00,4.344,0.132,-0.198,1.1160,0.3440,-0.1850,289.064850,50.460972,13.914
8415200,K02730.01,Kepler-1328 b,CONFIRMED,CANDIDATE,0.9890,0,0,0,0,4.521586140,2.2900000e-05,-2.2900000e-05,133.2180400,3.850000e-03,-3.850000e-03,0.2030,0.2510,-0.2030,3.47020,0.09880,-0.09880,1.0620e+02,4.700e+00,-4.700e+00,1.31,2.100e-01,-2.400e-01,1214.0,,,513.68,211.55,-192.64,26.20,1,q1_q17_dr25_tce,5576.00,83.00,-75.00,4.201,0.182,-0.112,1.2890,0.1980,-0.2420,284.675380,44.417770,13.836
4072333,K02731.01,,FALSE POSITIVE,FALSE POSITIVE,0.0000,0,0,1,0,2.007750531,6.5090000e-06,-6.5090000e-06,132.5784300,2.650000e-03,-2.650000e-03,0.4200,0.0500,-0.4070,2.07150,0.08860,-0.08860,3.5200e+02,1.900e+01,-1.900e+01,1.64,3.700e-01,-1.600e-01,1319.0,,,716.79,489.85,-198.02,21.80,1,q1_q17_dr25_tce,5645.00,169.00,-169.00,4.549,0.040,-0.160,0.8650,0.1930,-0.0830,295.330140,39.162540,15.664
9886361,K02732.01,Kepler-403 b,CONFIRMED,CANDIDATE,1.0000,0,0,0,0,7.031462950,3.6900000e-05,-3.6900000e-05,134.4525000,4.080000e-03,-4.080000e-03,0.0140,0.4330,-0.0140,5.92200,0.11200,-0.11200,8.5400e+01,2.700e+00,-2.700e+00,1.38,2.500e-01,-2.200e-01,1194.0,,,480.26,239.20,-172.62,33.80,1,q1_q17_dr25_tce,6170.00,110.00,-135.00,4.192,0.137,-0.125,1.4990,0.2720,-0.2450,289.921450,46.744560,12.805
9886361,K02732.03,Kepler-403 c,CONFIRMED,CANDIDATE,0.9860,0,0,0,0,54.281194900,3.8120000e-04,-3.8120000e-04,140.7163900,6.080000e-03,-6.080000e-03,0.8500,0.0560,-0.5740,5.51700,0.17500,-0.17500,1.4780e+02,7.600e+00,-7.600e+00,2.07,3.800e-01,-3.400e-01,604.0,,,31.45,15.67,-11.30,20.00,3,q1_q17_dr25_tce,6170.00,110.00,-135.00,4.192,0.137,-0.125,1.4990,0.2720,-0.2450,289.921450,46.744560,12.805
3730335,K02808.01,,FALSE POSITIVE,FALSE POSITIVE,0.0000,0,0,1,0,0.596087893,7.4100000e-07,-7.4100000e-07,131.8229600,1.050000e-03,-1.050000e-03,0.2830,0.1720,-0.2830,0.71590,0.04530,-0.04530,1.0510e+02,4.900e+00,-4.900e+00,1.92,4.900e-01,-7.400e-01,2967.0,,,18259.79,14318.72,-12328.39,30.30,1,q1_q17_dr25_tce,6049.00,190.00,-232.00,3.997,0.368,-0.123,1.8270,0.4670,-0.7010,285.919430,38.871815,13.484
6528464,K00270.01,Kepler-449 b,CONFIRMED,CANDIDATE,1.0000,0,0,0,0,12.582298080,2.7360000e-05,-2.7360000e-05,175.0212900,1.660000e-03,-1.660000e-03,0.0440,0.3670,-0.0440,6.37500,0.05000,-0.05000,1.1870e+02,2.100e+00,-2.100e+00,1.53,5.000e-02,-3.000e-02,917.0,,,167.41,24.38,-12.65,62.10,1,q1_q17_dr25_tce,5587.00,100.00,-58.00,4.091,0.011,-0.011,1.4230,0.0470,-0.0260,293.732820,41.900829,11.411
7428316,K02809.01,,FALSE POSITIVE,FALSE POSITIVE,0.0000,0,1,1,0,7.126846950,5.5790000e-05,-5.5790000e-05,137.4280700,6.730000e-03,-6.730000e-03,0.7100,0.1860,-0.7100,3.17900,0.54900,-0.54900,2.0630e+02,1.730e+01,-1.730e+01,1.38,3.500e-01,-1.300e-01,941.0,,,185.17,140.87,-49.92,20.70,1,q1_q17_dr25_tce,6050.00,164.00,-182.00,4.525,0.044,-0.176,0.8960,0.2310,-0.0820,285.984830,43.090912,14.800
10275766,K02810.01,,FALSE POSITIVE,FALSE POSITIVE,0.0000,0,1,1,1,0.661749944,2.2820000e-06,-2.2820000e-06,131.8607600,3.040000e-03,-3.040000e-03,1.1690,0.2230,-0.1780,4.11200,0.22300,-0.22300,2.1560e+02,7.800e+00,-7.800e+00,23.92,7.450e+00,-2.650e+00,2420.0,,,8123.02,7466.02,-2549.95,34.50,1,q1_q17_dr25_tce,6363.00,177.00,-221.00,4.386,0.052,-0.195,1.1980,0.3730,-0.1330,292.544800,47.371910,15.396
10275766,K02810.02,,FALSE POSITIVE,FALSE POSITIVE,,0,0,0,0,354.951180000,2.8170000e-02,-2.8170000e-02,156.9947000,7.480000e-02,-7.480000e-02,0.0405,0.4143,-0.0404,13.02000,2.20000,-2.20000,4.2190e+02,8.010e+01,-8.010e+01,2.53,1.490e+00,-3.600e-01,303.0,,,1.99,3.51,-0.76,7.00,,,6392.00,157.00,-276.00,4.366,0.071,-0.331,1.2300,0.7200,-0.1750,292.544800,47.371910,15.396
6370120,K02811.01,,FALSE POSITIVE,FALSE POSITIVE,1.0000,0,0,1,0,1.354770490,5.9250000e-06,-5.9250000e-06,131.6432100,3.460000e-03,-3.460000e-03,0.2400,0.2350,-0.2400,1.61800,0.14100,-0.14100,1.4530e+02,1.260e+01,-1.260e+01,0.80,4.000e-02,-6.000e-02,1102.0,,,348.90,83.34,-85.51,14.80,1,q1_q17_dr25_tce,4414.00,132.00,-145.00,4.621,0.030,-0.030,0.6890,0.0340,-0.0490,293.728940,41.701210,15.169
5642620,K02882.02,,FALSE POSITIVE,FALSE POSITIVE,0.0000,0,1,0,0,0.493393859,1.2930000e-06,-1.2930000e-06,131.5737800,2.270000e-03,-2.270000e-03,0.9610,0.0300,-0.6920,1.13190,0.05150,-0.05150,2.6470e+02,1.670e+01,-1.670e+01,1.40,1.400e-01,-1.200e-01,1505.0,,,1203.14,469.54,-334.50,20.30,1,q1_q17_dr25_tce,4474.00,156.00,-171.00,4.670,0.032,-0.044,0.6140,0.0620,-0.0500,297.590850,40.814960,15.398
5209845,K02883.01,Kepler-1378 b,CONFIRMED,CANDIDATE,1.0000,0,0,0,0,11.954018760,7.5730000e-05,-7.5730000e-05,140.2622600,5.860000e-03,-5.860000e-03,0.7440,0.2090,-0.4960,2.65600,0.11600,-0.11600,8.5590e+02,5.100e+01,-5.100e+01,2.10,1.300e-01,-2.000e-01,525.0,,,17.92,5.04,-5.40,19.30,1,q1_q17_dr25_tce,4359.00,138.00,-172.00,4.611,0.056,-0.020,0.6590,0.0420,-0.0620,297.373320,40.366402,15.911
9652649,K02884.01,,FALSE POSITIVE,FALSE POSITIVE,0.0000,0,0,1,1,2.488830330,2.6030000e-05,-2.6030000e-05,132.1176600,9.800000e-03,-9.800000e-03,0.6960,0.2640,-0.4770,4.26800,0.30500,-0.30500,5.1400e+01,4.000e+00,-4.000e+00,0.64,1.400e-01,-7.000e-02,1230.0,,,540.34,364.72,-152.03,15.10,1,q1_q17_dr25_tce,5615.00,152.00,-152.00,4.514,0.077,-0.154,0.8330,0.1890,-0.0870,293.258120,46.305729,14.103
11100670,K02885.01,,FALSE POSITIVE,FALSE POSITIVE,0.0000,0,1,1,0,20.234021900,2.0060000e-04,-2.0060000e-04,141.3862200,7.920000e-03,-7.920000e-03,0.2490,0.2100,-0.2490,3.67400,0.27400,-0.27400,1.9360e+02,2.000e+01,-2.000e+01,0.99,1.900e-01,-8.000e-02,562.0,,,23.53,15.35,-6.34,11.50,1,q1_q17_dr25_tce,5528.00,210.00,-191.00,4.627,0.038,-0.120,0.7100,0.1370,-0.0590,298.764040,48.644920,13.776
6129524,K02886.01,Kepler-1379 b,CONFIRMED,CANDIDATE,1.0000,0,0,0,0,0.881842630,3.0210000e-06,-3.0210000e-06,131.6886900,3.140000e-03,-3.140000e-03,0.4540,0.4950,-0.2510,1.31170,0.07140,-0.07140,2.4990e+02,1.420e+01,-1.420e+01,1.24,2.100e-01,-1.000e-01,1564.0,,,1419.46,805.15,-388.71,21.20,1,q1_q17_dr25_tce,5268.00,184.00,-184.00,4.594,0.035,-0.105,0.7760,0.1310,-0.0660,293.670470,41.410252,15.919
5794570,K02675.01,Kepler-1312 b,CONFIRMED,CANDIDATE,1.0000,0,0,0,0,5.448321078,7.6170000e-06,-7.6170000e-06,132.4908800,1.130000e-03,-1.130000e-03,0.6140,0.3000,-0.4080,2.22130,0.04050,-0.04050,5.2940e+02,1.050e+01,-1.050e+01,2.17,3.100e-01,-1.100e-01,978.0,,,215.95,85.64,-37.56,55.10,1,q1_q17_dr25_tce,5721.00,103.00,-126.00,4.517,0.028,-0.112,0.9050,0.1270,-0.0450,292.971250,41.035770,12.430
5794570,K02675.02,Kepler-1312 c,CONFIRMED,CANDIDATE,1.0000,0,0,0,0,1.116127169,3.2610000e-06,-3.2610000e-06,131.8498200,2.370000e-03,-2.370000e-03,0.6480,0.2990,-0.4480,1.32350,0.07270,-0.07270,1.0920e+02,6.700e+00,-6.700e+00,1.00,1.400e-01,-5.000e-02,1659.0,,,1797.63,712.87,-312.68,19.20,2,q1_q17_dr25_tce,5721.00,103.00,-126.00,4.517,0.028,-0.112,0.9050,0.1270,-0.0450,292.971250,41.035770,12.430
5649325,K02676.01,,FALSE POSITIVE,FALSE POSITIVE,0.0000,0,0,1,0,195.613824000,1.2220000e-03,-1.2220000e-03,167.7397400,5.880000e-03,-5.880000e-03,0.8910,0.0090,-0.0130,23.77700,0.35300,-0.35300,1.6519e+03,1.840e+01,-1.840e+01,10.65,2.320e+00,-5.400e+00,467.0,,,11.24,7.79,-8.86,102.70,1,q1_q17_dr25_tce,5970.00,201.00,-201.00,3.835,0.512,-0.128,2.2290,0.4850,-1.1310,298.980380,40.872040,13.560
9958387,K02677.01,,CANDIDATE,CANDIDATE,0.9990,0,0,0,0,237.787237000,8.5270000e-04,-8.5270000e-04,196.9710300,2.530000e-03,-2.530000e-03,0.9470,0.0050,-0.0040,10.50900,0.16600,-0.16600,1.6277e+03,3.020e+01,-3.020e+01,9.91,1.840e+00,-4.280e+00,354.0,,,3.73,1.90,-2.59,92.30,1,q1_q17_dr25_tce,5185.00,93.00,-70.00,3.936,0.416,-0.104,1.8530,0.3430,-0.8010,294.757690,46.831120,13.460
6779260,K02678.01,Kepler-1313 b,CONFIRMED,CANDIDATE,1.0000,0,0,0,0,3.833087643,5.4890000e-06,-5.4890000e-06,131.6348200,1.160000e-03,-1.160000e-03,0.9320,0.0100,-0.6490,1.51000,0.03660,-0.03660,4.6140e+02,1.340e+01,-1.340e+01,2.25,2.300e-01,-1.200e-01,1012.0,,,247.80,77.17,-43.17,40.20,1,q1_q17_dr25_tce,5397.00,107.00,-107.00,4.543,0.033,-0.083,0.8310,0.0840,-0.0450,292.388550,42.233261,11.799
11807274,K00262.02,Kepler-50 c,CONFIRMED,CANDIDATE,1.0000,0,0,0,0,9.376637130,3.1920000e-05,-3.1920000e-05,136.9531900,2.850000e-03,-2.850000e-03,0.8280,0.0050,-0.5770,2.10330,0.07770,-0.07770,1.1840e+02,6.200e+00,-6.200e+00,1.89,1.000e-01,-1.000e-01,1125.0,,,379.30,59.44,-51.98,21.00,1,q1_q17_dr25_tce,6237.00,62.00,-74.00,4.136,0.033,-0.030,1.5430,0.0840,-0.0750,288.100860,50.033718,10.421
5953297,K02733.01,Kepler-1688 b,CONFIRMED,CANDIDATE,1.0000,0,0,0,0,5.620061980,2.9950000e-05,-2.9950000e-05,132.9538100,4.530000e-03,-4.530000e-03,0.9690,0.0050,-0.7510,2.75100,0.12000,-0.12000,1.9010e+02,1.300e+01,-1.300e+01,1.45,8.000e-02,-6.000e-02,772.0,,,84.01,16.64,-11.46,17.40,1,q1_q17_dr25_tce,4868.00,78.00,-78.00,4.600,0.014,-0.049,0.7460,0.0450,-0.0300,289.553010,41.297852,14.009
7659389,K02734.01,Kepler-1872 b,CONFIRMED,CANDIDATE,1.0000,0,0,0,0,3.825900500,1.3230000e-05,-1.3230000e-05,132.2016300,3.250000e-03,-3.250000e-03,0.9510,0.0290,-0.7130,1.80570,0.07480,-0.07480,8.5720e+02,5.080e+01,-5.080e+01,3.45,5.800e-01,-3.100e-01,1005.0,,,241.25,135.25,-67.75,20.30,1,q1_q17_dr25_tce,5223.00,183.00,-183.00,4.505,0.054,-0.117,0.8850,0.1470,-0.0790,281.049160,43.322601,15.768
9472074,K02735.01,Kepler-1873 b,CONFIRMED,CANDIDATE,1.0000,0,0,0,0,0.558841234,7.9100000e-07,-7.9100000e-07,131.5799100,1.190000e-03,-1.190000e-03,0.3070,0.1460,-0.3070,0.79180,0.05340,-0.05340,2.8090e+02,1.560e+01,-1.560e+01,1.33,1.800e-01,-9.000e-02,1787.0,,,2412.15,1076.70,-528.21,26.30,1,q1_q17_dr25_tce,5151.00,154.00,-138.00,4.592,0.024,-0.102,0.7920,0.1060,-0.0530,294.596560,46.048302,15.600
10842192,K02736.01,Kepler-1329 b,CONFIRMED,CANDIDATE,1.0000,0,0,0,0,9.336481410,3.4770000e-05,-3.4770000e-05,140.6789300,3.190000e-03,-3.190000e-03,0.9010,0.0280,-0.6220,2.54490,0.08620,-0.08620,8.8540e+02,4.470e+01,-4.470e+01,2.39,1.700e-01,-2.300e-01,577.0,,,26.22,7.62,-7.40,23.10,1,q1_q17_dr25_tce,4442.00,133.00,-146.00,4.619,0.053,-0.025,0.6480,0.0460,-0.0610,281.647740,48.271049,15.911
2442448,K02812.01,Kepler-1354 b,CONFIRMED,CANDIDATE,0.9970,0,0,0,0,76.613944600,6.1870000e-04,-6.1870000e-04,153.7930100,7.980000e-03,-7.980000e-03,0.8510,0.0270,-0.5860,10.22000,0.20700,-0.20700,4.9870e+02,2.010e+01,-2.010e+01,2.61,7.900e-01,-3.400e-01,466.0,,,11.12,9.91,-3.77,28.60,1,q1_q17_dr25_tce,6173.00,169.00,-206.00,4.408,0.087,-0.203,1.0300,0.3120,-0.1340,291.245180,37.759060,14.357
11197853,K02813.01,,CANDIDATE,CANDIDATE,1.0000,0,0,0,0,0.698461304,1.7610000e-06,-1.7610000e-06,131.8513800,2.110000e-03,-2.110000e-03,0.4590,0.4970,-0.2590,0.78870,0.09440,-0.09440,1.3440e+02,1.180e+01,-1.180e+01,14.81,2.710e+00,-3.300e+00,5173.0,,,168689.02,83756.77,-77417.14,16.10,1,q1_q17_dr25_tce,4676.00,80.00,-126.00,2.577,0.030,-0.027,12.5580,2.2920,-2.8020,295.342220,48.856152,13.586
9665922,K02815.01,,FALSE POSITIVE,FALSE POSITIVE,0.0000,0,0,1,0,1.545388842,8.4060000e-06,-8.4060000e-06,132.6305900,5.030000e-03,-5.030000e-03,0.3410,0.1360,-0.3410,3.03700,0.16100,-0.16100,5.2800e+01,3.100e+00,-3.100e+00,0.56,1.300e-01,-4.000e-02,1421.0,,,964.53,610.63,-221.06,20.60,1,q1_q17_dr25_tce,5782.00,138.00,-155.00,4.594,0.036,-0.144,0.7670,0.1680,-0.0560,297.860110,46.386261,13.529
11283615,K02816.01,Kepler-1355 b,CONFIRMED,CANDIDATE,1.0000,0,0,0,0,1.289590179,3.8410000e-06,-3.8410000e-06,131.8905700,2.540000e-03,-2.540000e-03,0.4010,0.0590,-0.4010,1.35410,0.08480,-0.08480,2.8600e+02,1.840e+01,-1.840e+01,1.38,2.800e-01,-1.200e-01,1448.0,,,1040.23,650.57,-271.97,18.90,1,q1_q17_dr25_tce,5467.00,164.00,-164.00,4.578,0.034,-0.136,0.8080,0.1630,-0.0700,283.741420,49.067982,15.471
7605093,K02817.01,Kepler-1356 b,CONFIRMED,CANDIDATE,1.0000,0,0,0,0,0.634003002,1.2200000e-06,-1.2200000e-06,131.8947600,1.590000e-03,-1.590000e-03,0.3670,0.0980,-0.3670,0.92070,0.06000,-0.06000,3.1690e+02,1.980e+01,-1.980e+01,1.35,2.000e-01,-1.100e-01,1714.0,,,2030.16,1063.40,-548.42,21.00,1,q1_q17_dr25_tce,5226.00,190.00,-190.00,4.606,0.036,-0.090,0.7500,0.1120,-0.0600,290.995360,43.243938,15.760
3859363,K02887.01,,FALSE POSITIVE,FALSE POSITIVE,0.0010,1,0,1,0,1.568590480,1.1620000e-05,-1.1620000e-05,131.6408100,6.190000e-03,-6.190000e-03,1.1980,0.2060,-0.1160,11.59100,0.88100,-0.88100,2.8060e+02,8.500e+00,-8.500e+00,23.41,7.290e+00,-2.610e+00,1693.0,,,1935.28,1781.67,-630.75,43.30,1,q1_q17_dr25_tce,6248.00,175.00,-241.00,4.442,0.070,-0.210,1.0020,0.3120,-0.1120,293.813810,38.926201,15.105
8077137,K00274.02,Kepler-128 c,CONFIRMED,CANDIDATE,1.0000,0,0,0,0,22.803025200,1.1220000e-04,-1.1220000e-04,153.3754100,4.140000e-03,-4.140000e-03,0.2910,0.1690,-0.2910,4.76800,0.10400,-0.10400,6.2900e+01,3.300e+00,-3.300e+00,1.29,8.000e-02,-6.000e-02,843.0,,,119.60,22.68,-15.87,20.40,2,q1_q17_dr25_tce,6063.00,85.00,-73.00,4.061,0.030,-0.030,1.6130,0.0980,-0.0740,282.492220,43.980209,11.390
12023078,K02888.01,,FALSE POSITIVE,FALSE POSITIVE,0.0000,0,1,1,1,0.623441939,6.9800000e-07,-6.9800000e-07,131.9904230,8.960000e-04,-8.960000e-04,1.0270,0.4280,-0.0450,1.40530,0.05790,-0.05790,1.2810e+02,3.900e+00,-3.900e+00,13.89,4.250e+00,-9.220e+00,3219.0,,,25489.88,24029.67,-22939.38,40.60,1,q1_q17_dr25_tce,5385.00,177.00,-161.00,3.639,0.864,-0.216,2.8710,0.8800,-1.9060,296.587340,50.490761,12.650
6364162,K02889.01,,FALSE POSITIVE,FALSE POSITIVE,0.0000,0,0,1,1,5.243645710,6.1720000e-05,-6.1720000e-05,132.7242000,1.130000e-02,-1.130000e-02,1.2010,0.9600,-0.0010,16.98400,0.41800,-0.41800,2.7040e+02,6.900e+00,-6.900e+00,25.01,8.050e+00,-3.460e+00,1149.0,,,411.58,403.62,-150.61,45.60,1,q1_q17_dr25_tce,6197.00,197.00,-240.00,4.406,0.087,-0.203,1.0560,0.3400,-0.1460,291.858980,41.728489,15.163
7463685,K02890.01,Kepler-1884 b,CONFIRMED,CANDIDATE,0.9980,0,0,0,0,8.988261220,9.2320000e-05,-9.2320000e-05,138.8373300,7.170000e-03,-7.170000e-03,0.9200,0.0100,-0.6390,4.96000,0.20900,-0.20900,1.6080e+02,1.260e+01,-1.260e+01,1.39,4.300e-01,-1.400e-01,864.0,,,131.92,123.49,-38.42,14.50,1,q1_q17_dr25_tce,5984.00,188.00,-188.00,4.521,0.039,-0.221,0.9060,0.2790,-0.0930,296.746430,43.045441,15.257
6716021,K02679.01,,CANDIDATE,CANDIDATE,0.9840,0,0,0,0,110.755627200,5.1550000e-04,-5.1550000e-04,144.8052800,3.720000e-03,-3.720000e-03,0.9170,65.4200,-0.0480,6.81900,0.17100,-0.17100,8.0670e+03,2.040e+02,-2.040e+02,29.64,4.830e+00,-1.044e+01,651.0,,,42.53,21.42,-26.73,48.50,1,q1_q17_dr25_tce,6525.00,176.00,-195.00,3.772,0.320,-0.080,2.6680,0.4340,-0.9400,297.841250,42.118252,13.455
11231334,K00258.01,,FALSE POSITIVE,FALSE POSITIVE,0.0000,0,1,0,0,4.157439220,2.5760000e-05,-2.5760000e-05,172.5046400,4.820000e-03,-4.820000e-03,1.2420,2.9790,-0.1430,9.57200,0.36400,-0.36400,1.4720e+03,3.730e+01,-3.730e+01,96.99,1.450e+01,-3.627e+01,2089.0,,,4503.26,2036.22,-2921.28,52.50,1,q1_q17_dr25_tce,6529.00,156.00,-176.00,3.657,0.312,-0.078,3.1310,0.4680,-1.1710,284.541840,48.961281,9.887
8326342,K02680.01,,CANDIDATE,CANDIDATE,0.0000,0,0,0,0,14.407903500,1.5610000e-04,-1.5610000e-04,142.0280300,8.580000e-03,-8.580000e-03,1.2260,70.7500,-1.7420,2.52400,0.45400,-0.45400,3.0580e+03,5.060e+02,-5.060e+02,23.40,4.240e+00,-1.840e+00,624.0,,,35.81,20.31,-8.81,7.70,1,q1_q17_dr25_tce,5440.00,160.00,-160.00,4.617,0.035,-0.112,0.7280,0.1320,-0.0570,299.791500,44.281231,14.599
6878240,K02681.01,Kepler-397 c,CONFIRMED,CANDIDATE,1.0000,0,0,0,0,135.497825600,3.3640000e-04,-3.3640000e-04,233.6923000,2.090000e-03,-2.090000e-03,0.8040,0.0120,-0.0950,6.76900,0.18100,-0.18100,5.0381e+03,7.720e+01,-7.720e+01,6.01,4.100e-01,-3.400e-01,295.0,,,1.80,0.42,-0.32,73.20,1,q1_q17_dr25_tce,5307.00,105.00,-105.00,4.572,0.041,-0.054,0.7570,0.0520,-0.0420,295.894100,42.380451,15.996
6878240,K02681.02,Kepler-397 b,CONFIRMED,CANDIDATE,0.9600,0,0,0,0,22.250850900,1.3700000e-04,-1.3700000e-04,149.4332600,5.060000e-03,-5.060000e-03,0.7710,0.1800,-0.5450,1.74500,0.16600,-0.16600,6.1870e+02,6.400e+01,-6.400e+01,2.07,1.500e-01,-1.100e-01,539.0,,,20.01,4.70,-3.53,11.40,2,q1_q17_dr25_tce,5307.00,105.00,-105.00,4.572,0.041,-0.054,0.7570,0.0520,-0.0420,295.894100,42.380451,15.996
2436378,K02682.01,,FALSE POSITIVE,FALSE POSITIVE,0.0060,0,1,0,0,8.531619170,1.0990000e-05,-1.0990000e-05,136.2776300,1.270000e-03,-1.270000e-03,1.1180,46.8500,-0.3780,2.95960,0.04320,-0.04320,6.5744e+04,8.670e+02,-8.670e+02,54.60,0.000e+00,0.000e+00,891.0,,,148.92,0.00,0.00,86.10,1,q1_q17_dr25_tce,5780.00,,,4.438,,,1.0000,,,290.141750,37.741367,18.498
6614629,K02737.01,,FALSE POSITIVE,FALSE POSITIVE,0.0000,1,0,1,0,0.526615152,6.2900000e-07,-6.2900000e-07,131.4990800,1.050000e-03,-1.050000e-03,0.0280,0.4460,-0.0280,1.05820,0.03730,-0.03730,6.4000e+01,2.000e+00,-2.000e+00,1.46,2.500e-01,-4.600e-01,2959.0,,,18152.32,9561.41,-10497.94,40.90,1,q1_q17_dr25_tce,5718.00,156.00,-142.00,3.966,0.292,-0.097,1.8320,0.3130,-0.5810,294.253390,42.062382,12.428
6630943,K02738.01,,FALSE POSITIVE,FALSE POSITIVE,0.0000,0,1,1,0,0.690405794,1.2230000e-06,-1.2230000e-06,131.7301000,1.500000e-03,-1.500000e-03,0.2810,0.1980,-0.2810,1.74070,0.05360,-0.05360,1.7840e+02,5.200e+00,-5.200e+00,1.04,1.300e-01,-1.300e-01,1731.0,,,2129.33,924.45,-659.90,43.00,1,q1_q17_dr25_tce,5204.00,169.00,-138.00,4.515,0.099,-0.090,0.7860,0.0970,-0.0970,298.031040,42.052479,14.606
4831728,K02739.01,Kepler-1330 b,CONFIRMED,CANDIDATE,1.0000,0,0,0,0,10.107737890,4.7920000e-05,-4.7920000e-05,135.1032000,4.060000e-03,-4.060000e-03,0.1510,0.2990,-0.1510,3.82800,0.10900,-0.10900,2.9490e+02,1.280e+01,-1.280e+01,1.98,3.300e-01,-3.900e-01,879.0,,,140.75,61.18,-55.29,25.30,1,q1_q17_dr25_tce,5480.00,82.00,-74.00,4.260,0.180,-0.120,1.1740,0.1910,-0.2340,290.576720,39.956890,15.017
4831728,K02739.02,,CANDIDATE,CANDIDATE,0.8990,0,0,0,0,7.095639500,1.1890000e-04,-1.1890000e-04,135.0007000,1.120000e-02,-1.120000e-02,0.0600,0.4120,-0.0600,3.46500,0.47500,-0.47500,1.0810e+02,1.130e+01,-1.130e+01,1.20,1.900e-01,-2.400e-01,989.0,,,225.73,98.10,-88.68,10.50,2,q1_q17_dr25_tce,5480.00,82.00,-74.00,4.260,0.180,-0.120,1.1740,0.1910,-0.2340,290.576720,39.956890,15.017
3336765,K02740.01,,FALSE POSITIVE,FALSE POSITIVE,0.0000,0,1,1,0,1.844857057,6.6090000e-06,-6.6090000e-06,132.1616700,2.700000e-03,-2.700000e-03,0.5940,0.0280,-0.4790,1.65570,0.09910,-0.09910,8.5600e+01,4.900e+00,-4.900e+00,0.97,2.700e-01,-1.500e-01,1601.0,,,1548.86,1269.49,-558.91,21.50,1,q1_q17_dr25_tce,6143.00,166.00,-184.00,4.403,0.105,-0.195,1.0040,0.2800,-0.1510,289.955810,38.463631,13.617
4270565,K02819.01,,FALSE POSITIVE,FALSE POSITIVE,0.0030,0,0,1,0,18.011676400,1.1860000e-04,-1.1860000e-04,139.1945900,5.420000e-03,-5.420000e-03,0.6830,0.2700,-0.4510,6.00600,0.18100,-0.18100,4.1720e+02,2.040e+01,-2.040e+01,2.02,6.100e-01,-2.000e-01,695.0,,,55.07,49.49,-16.02,23.30,1,q1_q17_dr25_tce,6003.00,179.00,-197.00,4.507,0.050,-0.200,0.9320,0.2790,-0.0930,293.603940,39.388599,15.154
6528464,K00270.02,Kepler-449 c,CONFIRMED,CANDIDATE,0.7970,0,0,0,0,33.672806580,9.0370000e-05,-9.0370000e-05,162.0367600,2.160000e-03,-2.160000e-03,0.3090,0.1260,-0.3090,8.22670,0.06660,-0.06660,1.7090e+02,2.900e+00,-2.900e+00,1.86,6.000e-02,-4.000e-02,661.0,,,45.09,6.56,-3.41,61.20,2,q1_q17_dr25_tce,5587.00,100.00,-58.00,4.091,0.011,-0.011,1.4230,0.0470,-0.0260,293.732820,41.900829,11.411
11963206,K02820.01,Kepler-1357 b,CONFIRMED,CANDIDATE,1.0000,0,0,0,0,3.009124910,1.4640000e-05,-1.4640000e-05,131.6269600,4.480000e-03,-4.480000e-03,0.0090,0.4510,-0.0090,2.22800,0.12600,-0.12600,1.9140e+02,1.320e+01,-1.320e+01,1.22,1.600e-01,-4.000e-02,1177.0,,,452.27,150.72,-57.00,16.50,1,q1_q17_dr25_tce,5713.00,68.00,-94.00,4.541,0.016,-0.099,0.8930,0.1140,-0.0300,291.548100,50.353310,15.273
4249611,K02821.01,,CANDIDATE,CANDIDATE,0.9830,0,0,0,0,79.245035100,9.3090000e-04,-9.3090000e-04,161.5717000,1.100000e-02,-1.100000e-02,0.0010,0.4590,-0.0010,5.38200,0.23300,-0.23300,1.3473e+03,9.990e+01,-9.990e+01,3.33,9.200e-01,-4.600e-01,404.0,,,6.33,5.28,-2.22,14.40,1,q1_q17_dr25_tce,5648.00,169.00,-186.00,4.464,0.094,-0.175,0.9170,0.2540,-0.1270,287.848330,39.358429,15.302
8263545,K02822.01,Kepler-1878 b,CONFIRMED,CANDIDATE,0.9990,0,0,0,0,4.445895080,1.7500000e-05,-1.7500000e-05,131.7430900,3.750000e-03,-3.750000e-03,0.7040,0.2040,-0.4740,2.38160,0.09200,-0.09200,4.4140e+02,2.430e+01,-2.430e+01,1.94,5.800e-01,-1.900e-01,1063.0,,,302.60,275.01,-89.91,20.90,1,q1_q17_dr25_tce,5918.00,187.00,-208.00,4.544,0.036,-0.204,0.8650,0.2580,-0.0860,300.732390,44.107059,15.391
10068024,K02891.01,,FALSE POSITIVE,FALSE POSITIVE,0.0000,0,1,1,1,2.023126394,5.9490000e-06,-5.9490000e-06,132.0732800,2.560000e-03,-2.560000e-03,0.3910,0.0590,-0.3890,1.27710,0.08160,-0.08160,7.2200e+01,4.600e+00,-4.600e+00,0.92,3.200e-01,-1.000e-01,1607.0,,,1582.75,1600.85,-519.79,19.20,1,q1_q17_dr25_tce,6349.00,176.00,-242.00,4.422,0.070,-0.224,1.0590,0.3630,-0.1210,288.847110,47.022911,13.126
9636563,K02892.01,,FALSE POSITIVE,FALSE POSITIVE,0.0000,0,1,1,1,10.636095040,6.9140000e-05,-6.9140000e-05,139.7996000,6.010000e-03,-6.010000e-03,0.0290,0.4310,-0.0290,3.48000,0.15500,-0.15500,2.9060e+02,1.640e+01,-1.640e+01,1.36,2.800e-01,-1.100e-01,728.0,,,66.50,40.41,-16.73,20.90,1,q1_q17_dr25_tce,5546.00,149.00,-149.00,4.575,0.034,-0.136,0.8100,0.1640,-0.0700,285.336360,46.312370,15.091
6937402,K02894.01,Kepler-1380 b,CONFIRMED,CANDIDATE,1.0000,0,0,0,0,10.310823200,1.0660000e-04,-1.0660000e-04,141.5114000,7.480000e-03,-7.480000e-03,0.1290,0.3210,-0.1290,5.61700,0.22200,-0.22200,2.0400e+02,1.710e+01,-1.710e+01,1.27,3.600e-01,-1.300e-01,786.0,,,90.10,76.46,-24.86,14.00,1,q1_q17_dr25_tce,5708.00,152.00,-169.00,4.521,0.050,-0.200,0.8930,0.2590,-0.0860,288.116060,42.440418,15.619
5475641,K02895.01,,FALSE POSITIVE,FALSE POSITIVE,0.0000,0,0,1,1,1.069842837,3.3240000e-06,-3.3240000e-06,132.4449000,2.670000e-03,-2.670000e-03,0.0010,0.3870,-0.0010,5.27500,0.10100,-0.10100,5.4030e+02,1.060e+01,-1.060e+01,1.77,1.400e-01,-1.800e-01,1433.0,,,998.07,313.61,-274.90,65.20,1,q1_q17_dr25_tce,4999.00,151.00,-136.00,4.523,0.078,-0.052,0.7860,0.0630,-0.0790,298.559270,40.604858,14.298
2853828,K02896.01,,FALSE POSITIVE,FALSE POSITIVE,0.0000,0,0,1,0,1.077467951,1.4470000e-06,-1.4470000e-06,131.5823400,1.100000e-03,-1.100000e-03,1.1810,0.6110,-0.1440,2.11250,0.06210,-0.06210,7.5700e+01,1.900e+00,-1.900e+00,31.06,6.710e+00,-6.720e+00,2339.0,,,7064.38,4553.20,-3219.88,47.40,1,q1_q17_dr25_tce,6329.00,170.00,-189.00,4.137,0.192,-0.128,1.5080,0.3260,-0.3260,291.740170,38.014912,11.899
7899070,K02683.01,,CANDIDATE,CANDIDATE,1.0000,0,0,0,0,126.445127500,4.3180000e-04,-4.3180000e-04,166.4999800,2.830000e-03,-2.830000e-03,0.0460,0.2200,-0.0460,16.71510,0.09210,-0.09210,3.2525e+03,3.340e+01,-3.340e+01,4.49,8.900e-01,-3.800e-01,321.0,,,2.51,1.51,-0.63,110.90,1,q1_q17_dr25_tce,5613.00,152.00,-152.00,4.581,0.034,-0.136,0.7950,0.1580,-0.0680,294.539340,43.607780,15.500
4035667,K02684.01,,FALSE POSITIVE,FALSE POSITIVE,0.0000,0,0,0,1,2.873646700,6.4950000e-06,-6.4950000e-06,132.5865200,2.160000e-03,-2.160000e-03,0.9850,0.0360,-0.7840,1.68200,0.10900,-0.10900,2.1570e+02,1.160e+01,-1.160e+01,6.47,1.330e+00,-3.120e+00,2866.0,,,15977.28,9955.63,-12353.85,21.20,1,q1_q17_dr25_tce,8173.00,226.00,-340.00,3.744,0.416,-0.104,3.1690,0.6540,-1.5260,284.623200,39.182411,10.035
9612825,K02685.01,,FALSE POSITIVE,FALSE POSITIVE,0.0000,0,1,1,0,2.846517614,7.5960000e-06,-7.5960000e-06,133.2434800,2.520000e-03,-2.520000e-03,0.9310,0.0080,-0.0120,4.22800,0.12200,-0.12200,2.1544e+03,5.070e+01,-5.070e+01,1.88,4.500e-01,-5.600e-01,528.0,,,18.32,13.34,-10.38,58.00,1,q1_q17_dr25_tce,3468.00,102.00,-112.00,4.931,0.120,-0.080,0.3200,0.0770,-0.0950,300.087370,46.200695,16.300
7826659,K02686.01,Kepler-1868 b,CONFIRMED,CANDIDATE,1.0000,0,0,0,0,211.032819000,6.3210000e-04,-6.3210000e-04,279.1289100,2.100000e-03,-2.100000e-03,0.8080,0.0440,-0.5650,7.11900,0.14000,-0.14000,1.9534e+03,3.150e+01,-3.150e+01,3.43,2.100e-01,-1.300e-01,215.0,,,0.50,0.12,-0.07,69.30,1,q1_q17_dr25_tce,4658.00,93.00,-93.00,4.632,0.015,-0.042,0.6860,0.0420,-0.0250,293.298370,43.555870,13.855
7202957,K02687.01,Kepler-1869 c,CONFIRMED,CANDIDATE,1.0000,0,0,0,0,1.716828304,9.4080000e-06,-9.4080000e-06,132.0320400,4.390000e-03,-4.390000e-03,0.7000,0.2760,-0.4750,2.06800,0.13200,-0.13200,5.9500e+01,5.000e+00,-5.000e+00,0.74,1.200e-01,-3.000e-02,1455.0,,,1056.84,452.51,-186.21,14.20,1,q1_q17_dr25_tce,5808.00,105.00,-128.00,4.522,0.030,-0.120,0.9020,0.1380,-0.0460,292.615110,42.764252,10.158
5513893,K02741.01,,FALSE POSITIVE,FALSE POSITIVE,0.0000,0,0,0,1,0.755103143,3.3510000e-06,-3.3510000e-06,131.8138800,3.470000e-03,-3.470000e-03,0.6620,0.2800,-0.4290,2.88500,0.10900,-0.10900,4.3800e+01,2.000e+00,-2.000e+00,1.49,2.700e-01,-5.400e-01,2927.0,,,17302.11,9534.37,-10958.54,27.30,1,q1_q17_dr25_tce,5996.00,164.00,-164.00,3.870,0.292,-0.097,2.1280,0.3830,-0.7660,284.369020,40.718491,13.009
10514430,K00263.01,,FALSE POSITIVE,FALSE POSITIVE,0.0000,0,0,0,1,20.719272230,6.4000000e-05,-6.4000000e-05,184.7385100,2.510000e-03,-2.510000e-03,0.7440,0.1870,-0.5150,4.03880,0.08090,-0.08090,2.2460e+02,6.900e+00,-6.900e+00,2.51,1.300e-01,-1.400e-01,818.0,,,105.78,19.19,-15.73,36.00,2,q1_q17_dr25_tce,5729.00,86.00,-68.00,4.058,0.033,-0.027,1.5450,0.0850,-0.0850,281.273800,47.774399,10.821
8095441,K02743.01,Kepler-1332 b,CONFIRMED,CANDIDATE,1.0000,0,0,0,0,11.874576640,3.9440000e-05,-3.9440000e-05,140.2125900,2.690000e-03,-2.690000e-03,0.4320,0.0180,-0.4320,1.97970,0.07630,-0.07630,2.2070e+02,1.210e+01,-1.210e+01,1.32,1.600e-01,-9.000e-02,728.0,,,66.33,24.33,-12.62,21.40,1,q1_q17_dr25_tce,5523.00,110.00,,4.506,0.049,-0.098,0.8800,0.1090,-0.0590,291.028590,43.913670,13.756
5881813,K02744.01,Kepler-1333 b,CONFIRMED,CANDIDATE,0.9870,0,0,0,0,109.646994800,7.0710000e-04,-7.0710000e-04,190.6727100,5.420000e-03,-5.420000e-03,0.7970,0.1370,-0.5560,6.56800,0.17500,-0.17500,8.9970e+02,3.450e+01,-3.450e+01,4.85,7.300e-01,-1.700e+00,428.0,,,7.95,3.28,-4.78,26.70,1,q1_q17_dr25_tce,5332.00,88.00,-72.00,4.083,0.368,-0.092,1.4530,0.2180,-0.5100,293.527560,41.111439,15.162
12456601,K02745.01,Kepler-1334 b,CONFIRMED,CANDIDATE,0.9950,0,0,0,0,15.645886560,7.4160000e-05,-7.4160000e-05,146.0492600,3.480000e-03,-3.480000e-03,0.0330,0.4250,-0.0330,3.95900,0.11500,-0.11500,5.7210e+02,2.390e+01,-2.390e+01,2.18,6.700e-01,-2.200e-01,710.0,,,60.08,54.61,-17.46,26.90,1,q1_q17_dr25_tce,5896.00,164.00,-184.00,4.518,0.050,-0.213,0.9160,0.2820,-0.0940,289.311490,51.320862,15.241
10341917,K02823.01,,FALSE POSITIVE,FALSE POSITIVE,0.0000,0,0,0,1,0.933752410,3.6210000e-06,-3.6210000e-06,131.5113000,3.950000e-03,-3.950000e-03,0.9890,0.1530,-0.0180,6.35200,0.22000,-0.22000,5.1800e+02,1.200e+01,-1.200e+01,3.18,6.800e-01,-2.200e-01,1594.0,,,1528.26,1036.31,-378.29,55.50,1,q1_q17_dr25_tce,5402.00,185.00,-185.00,4.581,0.026,-0.145,0.8150,0.1720,-0.0570,292.779540,47.452099,15.807
3241604,K02824.01,,FALSE POSITIVE,FALSE POSITIVE,0.0000,0,1,1,1,1.703364960,7.0300000e-06,-7.0300000e-06,132.4588900,3.840000e-03,-3.840000e-03,0.5080,0.0030,-0.4700,1.70450,0.09100,-0.09100,3.1670e+02,1.780e+01,-1.780e+01,1.67,5.300e-01,-1.700e-01,1484.0,,,1151.45,1103.70,-350.43,19.80,2,q1_q17_dr25_tce,5881.00,184.00,-204.00,4.516,0.052,-0.208,0.9150,0.2890,-0.0960,293.091130,38.352100,15.274
9591070,K02825.01,,FALSE POSITIVE,FALSE POSITIVE,0.0000,1,0,1,0,0.764174368,2.9790000e-06,-2.9790000e-06,131.6849700,3.190000e-03,-3.190000e-03,0.6260,0.0560,-0.4950,2.34600,0.13400,-0.13400,1.0020e+02,3.800e+00,-3.800e+00,1.18,4.100e-01,-1.300e-01,2241.0,,,5972.52,6025.19,-1869.55,34.50,1,q1_q17_dr25_tce,6321.00,168.00,-205.00,4.417,0.056,-0.224,1.1250,0.3880,-0.1290,293.076630,46.218010,14.361
8227661,K02826.01,,FALSE POSITIVE,FALSE POSITIVE,0.0000,0,1,1,0,1.853739240,1.1840000e-05,-1.1840000e-05,132.6688500,6.680000e-03,-6.680000e-03,0.5510,0.3980,-0.3370,1.81600,0.14200,-0.14200,3.4860e+02,2.440e+01,-2.440e+01,0.23,0.000e+00,0.000e+00,345.0,,,3.36,0.00,0.00,18.00,1,q1_q17_dr25_tce,2661.00,0.00,0.00,5.283,0.000,0.000,0.1160,0.0000,0.0000,289.847720,44.185783,12.946
7428736,K02827.01,Kepler-1358 b,CONFIRMED,CANDIDATE,0.9930,0,0,0,0,7.063219270,4.7610000e-05,-4.7610000e-05,132.5239500,5.990000e-03,-5.990000e-03,0.5600,0.4120,-0.3540,2.41100,0.16600,-0.16600,2.0720e+02,1.930e+01,-1.930e+01,1.21,1.900e-01,-1.600e-01,827.0,,,110.22,56.37,-36.29,12.60,1,q1_q17_dr25_tce,5305.00,159.00,-159.00,4.489,0.108,-0.132,0.8180,0.1300,-0.1060,286.170530,43.008911,14.572
5817986,K02897.01,,FALSE POSITIVE,FALSE POSITIVE,0.0000,0,0,1,0,0.584310213,4.4600000e-07,-4.4600000e-07,132.0132580,6.370000e-04,-6.370000e-04,1.2090,1.0810,-0.1000,2.18010,0.03720,-0.03720,8.0940e+02,1.050e+01,-1.050e+01,23.09,7.210e+00,-2.260e+00,2053.0,,,4190.91,3839.68,-1169.41,91.90,1,q1_q17_dr25_tce,5783.00,156.00,-173.00,4.539,0.038,-0.212,0.8800,0.2750,-0.0860,298.555760,41.034061,15.361
11129258,K02898.01,Kepler-1381 b,CONFIRMED,CANDIDATE,0.9990,0,0,0,0,25.384175000,1.9360000e-04,-1.9360000e-04,137.7732600,5.720000e-03,-5.720000e-03,0.2450,0.2140,-0.2450,3.57600,0.18600,-0.18600,5.9400e+02,4.390e+01,-4.390e+01,2.44,7.600e-01,-2.600e-01,649.0,,,42.01,38.93,-12.79,15.80,1,q1_q17_dr25_tce,6137.00,171.00,-214.00,4.471,0.052,-0.208,0.9940,0.3120,-0.1040,287.535770,48.727791,15.535
10586004,K00275.01,Kepler-129 b,CONFIRMED,CANDIDATE,0.9520,0,0,0,0,15.791965940,3.5140000e-05,-3.5140000e-05,176.8188800,1.640000e-03,-1.640000e-03,0.0320,0.3920,-0.0320,7.27720,0.04830,-0.04830,2.0310e+02,2.900e+00,-2.900e+00,2.40,1.100e-01,-1.700e-01,910.0,,,161.97,25.89,-28.17,77.30,1,q1_q17_dr25_tce,5758.00,77.00,-68.00,4.072,0.033,-0.027,1.7040,0.0830,-0.1180,285.311250,47.848564,11.696
4939533,K02899.01,,CANDIDATE,CANDIDATE,0.9850,0,0,0,0,5.772071770,4.1340000e-05,-4.1340000e-05,134.9304200,5.280000e-03,-5.280000e-03,0.0180,0.4500,-0.0180,2.60500,0.20900,-0.20900,3.2850e+02,2.900e+01,-2.900e+01,1.54,3.100e-01,-1.500e-01,915.0,,,165.58,100.33,-44.84,13.20,1,q1_q17_dr25_tce,5591.00,149.00,-166.00,4.559,0.036,-0.153,0.8600,0.1740,-0.0800,295.847470,40.006721,15.703
4846856,K02900.01,,CANDIDATE,CANDIDATE,0.9770,0,0,0,0,46.151253000,3.7460000e-04,-3.7460000e-04,147.8124500,8.160000e-03,-8.160000e-03,0.6880,0.2600,-0.4860,5.34600,0.21100,-0.21100,6.4900e+02,4.350e+01,-4.350e+01,2.08,2.800e-01,-2.300e-01,423.0,,,7.59,3.55,-2.27,17.10,1,q1_q17_dr25_tce,5204.00,168.00,-153.00,4.525,0.095,-0.104,0.7690,0.1050,-0.0860,294.841800,39.918880,15.266
7202957,K02687.02,Kepler-1869 b,CONFIRMED,CANDIDATE,1.0000,0,0,0,0,8.167338510,6.0200000e-05,-6.0200000e-05,136.2035600,6.060000e-03,-6.060000e-03,0.8010,0.1460,-0.5740,3.33700,0.16600,-0.16600,1.0490e+02,7.700e+00,-7.700e+00,1.03,1.500e-01,-6.000e-02,865.0,,,132.43,56.70,-23.34,14.80,2,q1_q17_dr25_tce,5808.00,105.00,-128.00,4.522,0.030,-0.120,0.9020,0.1380,-0.0460,292.615110,42.764252,10.158
6521045,K00041.01,Kepler-100 c,CONFIRMED,CANDIDATE,1.0000,0,0,0,0,12.815904210,1.9450000e-05,-1.9450000e-05,122.9468200,1.190000e-03,-1.190000e-03,0.5800,0.0050,-0.4860,6.38560,0.04380,-0.04380,2.2050e+02,2.200e+00,-2.200e+00,2.26,1.500e-01,-1.200e-01,939.0,,,183.68,35.61,-27.85,106.70,1,q1_q17_dr25_tce,5788.00,78.00,-78.00,4.122,0.033,-0.027,1.4740,0.0940,-0.0790,291.385990,41.990269,11.197
5790807,K00259.01,,FALSE POSITIVE,FALSE POSITIVE,0.3540,0,1,0,0,79.996233280,1.9930000e-05,-1.9930000e-05,207.1262640,1.850000e-04,-1.850000e-04,0.5940,0.0050,-0.0090,6.33390,0.01540,-0.01540,2.4384e+04,4.000e+01,-4.000e+01,40.73,6.400e+00,-1.189e+01,717.0,,,62.49,24.52,-32.75,721.90,1,q1_q17_dr25_tce,6796.00,67.00,-88.00,3.880,0.224,-0.096,2.4900,0.3910,-0.7270,291.771820,41.098068,9.954
8892303,K02688.01,Kepler-1314 b,CONFIRMED,CANDIDATE,1.0000,0,0,0,0,5.424749327,3.8980000e-06,-3.8980000e-06,133.7289520,7.130000e-04,-7.130000e-04,0.0160,0.3540,-0.0160,1.13900,0.02320,-0.02320,7.6800e+03,1.220e+02,-1.220e+02,5.15,3.700e-01,-6.300e-01,625.0,,,36.05,11.41,-12.31,78.00,1,q1_q17_dr25_tce,4137.00,145.00,-160.00,4.658,0.063,-0.027,0.5910,0.0420,-0.0720,294.237640,45.197105,16.406
10265602,K02689.01,,CANDIDATE,CANDIDATE,1.0000,0,0,0,0,165.344704400,3.0100000e-04,-3.0100000e-04,174.2962100,1.480000e-03,-1.480000e-03,0.9170,0.1120,-0.0530,3.09000,0.14400,-0.14400,4.8990e+03,1.720e+02,-1.720e+02,6.98,1.530e+00,-8.200e-01,301.0,,,1.93,1.34,-0.62,48.00,1,q1_q17_dr25_tce,5594.00,186.00,-186.00,4.520,0.077,-0.143,0.8120,0.1780,-0.0960,288.177890,47.366680,15.548
5369827,K02690.01,Kepler-1870 b,CONFIRMED,CANDIDATE,1.0000,0,0,0,0,3.606940379,7.2450000e-06,-7.2450000e-06,134.7744200,1.650000e-03,-1.650000e-03,0.8570,0.0600,-0.5760,1.04180,0.06600,-0.06600,4.3230e+02,2.720e+01,-2.720e+01,2.04,2.600e-01,-7.000e-02,1046.0,,,283.23,103.34,-38.48,20.80,1,q1_q17_dr25_tce,5508.00,99.00,-110.00,4.569,0.012,-0.108,0.8400,0.1070,-0.0270,293.933470,40.590740,13.461
5302643,K02746.01,,FALSE POSITIVE,FALSE POSITIVE,0.0000,0,1,1,0,69.200231200,4.0370000e-04,-4.0370000e-04,145.9515900,4.700000e-03,-4.700000e-03,1.2760,6.8050,-0.2840,5.67900,0.25800,-0.25800,2.2715e+03,9.230e+01,-9.230e+01,45.24,1.303e+01,-5.570e+00,585.0,,,27.66,24.21,-10.10,30.00,1,q1_q17_dr25_tce,7044.00,219.00,-329.00,4.337,0.060,-0.180,1.2670,0.3650,-0.1560,298.419340,40.440819,15.329
6586746,K02747.01,Kepler-1335 b,CONFIRMED,CANDIDATE,1.0000,0,0,0,0,6.264047740,2.8100000e-05,-2.8100000e-05,132.8292800,3.370000e-03,-3.370000e-03,0.2320,0.2110,-0.2320,2.39000,0.10600,-0.10600,3.7870e+02,2.170e+01,-2.170e+01,1.55,1.400e-01,-1.600e-01,809.0,,,101.27,33.38,-29.31,20.10,1,q1_q17_dr25_tce,5032.00,151.00,-151.00,4.511,0.077,-0.056,0.8170,0.0710,-0.0850,284.838410,42.070431,15.329
9962455,K02748.01,Kepler-1336 b,CONFIRMED,CANDIDATE,0.9330,0,0,0,0,23.198585200,2.2640000e-04,-2.2640000e-04,142.6280100,8.030000e-03,-8.030000e-03,0.3050,0.1590,-0.3050,9.82100,0.23500,-0.23500,2.2470e+02,8.500e+00,-8.500e+00,2.61,5.100e-01,-5.100e-01,793.0,,,93.34,53.43,-36.78,28.20,1,q1_q17_dr25_tce,5416.00,130.00,-87.00,3.951,0.168,-0.112,1.7560,0.3440,-0.3440,296.277710,46.899860,14.056
9962455,K02748.02,Kepler-1336 c,CONFIRMED,CANDIDATE,0.9920,0,0,0,0,5.777212590,2.8020000e-05,-2.8020000e-05,137.1669600,3.770000e-03,-3.770000e-03,0.6920,0.2610,-0.4560,2.46200,0.11600,-0.11600,1.3430e+02,8.500e+00,-8.500e+00,2.17,4.200e-01,-4.300e-01,1260.0,,,596.37,341.42,-234.96,17.70,2,q1_q17_dr25_tce,5416.00,130.00,-87.00,3.951,0.168,-0.112,1.7560,0.3440,-0.3440,296.277710,46.899860,14.056
8687088,K02749.01,,FALSE POSITIVE,FALSE POSITIVE,0.0000,0,0,1,0,0.905037231,2.0680000e-06,-2.0680000e-06,132.2170300,1.900000e-03,-1.900000e-03,0.3230,0.1410,-0.3230,1.43510,0.05850,-0.05850,3.7500e+01,1.600e+00,-1.600e+00,1.10,2.800e-01,-4.200e-01,2627.0,,,11199.46,8814.69,-7562.36,29.00,1,q1_q17_dr25_tce,6223.00,199.00,-243.00,4.010,0.350,-0.150,1.7630,0.4500,-0.6750,291.002870,44.899452,11.075
6436029,K02828.01,Kepler-1359 b,CONFIRMED,CANDIDATE,0.9930,0,0,0,0,59.496900900,4.8850000e-04,-4.8850000e-04,146.9519300,6.940000e-03,-6.940000e-03,0.4060,0.0460,-0.4060,5.40400,0.17500,-0.17500,1.2621e+03,5.960e+01,-5.960e+01,2.92,2.400e-01,-3.000e-01,369.0,,,4.36,1.57,-1.30,23.20,1,q1_q17_dr25_tce,4817.00,184.00,-167.00,4.499,0.095,-0.114,0.8330,0.0680,-0.0840,289.538820,41.892818,15.768
6197215,K02829.01,Kepler-1879 b,CONFIRMED,CANDIDATE,1.0000,0,0,0,0,10.613453330,2.5520000e-05,-2.5520000e-05,135.6898000,1.930000e-03,-1.930000e-03,0.5350,0.4270,-0.3330,0.98290,0.08040,-0.08040,1.5020e+02,1.010e+01,-1.010e+01,1.77,2.900e-01,-3.700e-01,987.0,,,224.63,106.94,-92.42,20.00,1,q1_q17_dr25_tce,5865.00,117.00,-105.00,4.163,0.182,-0.098,1.3880,0.2330,-0.2840,289.364410,41.533230,12.824
9451706,K00271.01,Kepler-127 d,CONFIRMED,CANDIDATE,0.9990,0,0,0,0,48.630380500,1.6190000e-04,-1.6190000e-04,172.5473600,2.460000e-03,-2.460000e-03,0.0340,0.4210,-0.0340,7.08050,0.08890,-0.08890,3.3980e+02,6.600e+00,-6.600e+00,2.48,6.000e-02,-6.000e-02,590.0,,,28.60,4.04,-2.96,53.90,2,q1_q17_dr25_tce,6075.00,122.00,-97.00,4.264,0.012,-0.012,1.3520,0.0360,-0.0300,285.190000,46.027962,11.485
9244508,K02830.01,Kepler-1360 b,CONFIRMED,CANDIDATE,0.9890,0,0,0,0,40.528988500,2.7690000e-04,-2.7690000e-04,168.0166900,5.320000e-03,-5.320000e-03,0.3250,0.1070,-0.3250,10.60400,0.16500,-0.16500,3.6070e+02,1.130e+01,-1.130e+01,5.92,8.300e-01,-1.540e+00,933.0,,,178.81,64.88,-86.22,35.30,1,q1_q17_dr25_tce,6443.00,77.00,-90.00,3.740,0.210,-0.090,3.0860,0.4320,-0.8020,300.344060,45.623219,13.913
9692557,K02831.01,,FALSE POSITIVE,FALSE POSITIVE,0.0000,0,1,1,0,0.571940563,1.0530000e-06,-1.0530000e-06,131.7137100,1.690000e-03,-1.690000e-03,0.7920,0.0500,-0.5460,0.90310,0.05750,-0.05750,5.4300e+01,3.200e+00,-3.200e+00,1.88,4.500e-01,-6.100e-01,3320.0,,,28727.59,20621.09,-16948.33,22.80,1,q1_q17_dr25_tce,5827.00,157.00,-157.00,3.740,0.280,-0.120,2.2860,0.5550,-0.7400,282.313510,46.419399,12.557
9366886,K02901.01,,FALSE POSITIVE,FALSE POSITIVE,0.0000,0,0,1,0,0.633514386,1.6220000e-06,-1.6220000e-06,131.5623600,2.080000e-03,-2.080000e-03,0.2310,0.2400,-0.2310,1.27920,0.07900,-0.07900,1.7910e+02,1.010e+01,-1.010e+01,0.81,6.000e-02,-8.000e-02,1357.0,,,807.27,225.47,-224.14,22.30,1,q1_q17_dr25_tce,4330.00,116.00,-129.00,4.640,0.052,-0.024,0.6180,0.0450,-0.0600,299.939270,45.833210,14.971
3657176,K02903.01,,FALSE POSITIVE,FALSE POSITIVE,0.0000,0,0,1,0,17.416614300,1.1100000e-04,-1.1100000e-04,141.1036900,5.230000e-03,-5.230000e-03,0.4890,0.4650,-0.2770,2.44500,0.19900,-0.19900,3.1420e+02,2.950e+01,-2.950e+01,1.84,6.000e-01,-1.900e-01,723.0,,,64.73,62.30,-20.08,13.10,1,q1_q17_dr25_tce,5946.00,176.00,-211.00,4.444,0.070,-0.210,1.0170,0.3270,-0.1090,294.376190,38.757870,14.715
3969687,K02904.01,Kepler-1382 b,CONFIRMED,CANDIDATE,0.9960,0,0,0,0,16.358348200,1.0310000e-04,-1.0310000e-04,141.2535400,5.350000e-03,-5.350000e-03,0.8870,0.0060,-0.6320,9.85800,0.14800,-0.14800,1.1640e+02,4.400e+00,-4.400e+00,2.23,4.200e-01,-5.200e-01,959.0,,,200.10,103.95,-92.05,30.00,1,q1_q17_dr25_tce,6133.00,111.00,-135.00,4.084,0.174,-0.130,1.7650,0.3340,-0.4090,295.377380,39.048031,12.683
9369366,K02905.01,,FALSE POSITIVE,FALSE POSITIVE,0.0010,0,0,1,0,36.005441400,3.1750000e-04,-3.1750000e-04,144.3433100,6.940000e-03,-6.940000e-03,0.7450,0.0560,-0.5220,3.26200,0.29600,-0.29600,1.1750e+02,1.040e+01,-1.040e+01,3.33,5.400e-01,-1.100e+00,1024.0,,,259.71,128.63,-158.73,14.60,1,q1_q17_dr25_tce,7048.00,172.00,-246.00,3.797,0.252,-0.108,2.8380,0.4690,-0.9380,300.660250,45.853519,12.477
6716545,K02906.01,Kepler-1383 b,CONFIRMED,CANDIDATE,0.9010,0,0,0,0,13.909354400,1.6610000e-04,-1.6610000e-04,142.8769000,1.070000e-02,-1.070000e-02,0.1320,0.3130,-0.1320,6.76500,0.28400,-0.28400,8.6800e+01,6.200e+00,-6.200e+00,1.33,2.400e-01,-2.300e-01,928.0,,,175.14,84.27,-59.91,15.60,1,q1_q17_dr25_tce,6052.00,82.00,-82.00,4.183,0.154,-0.112,1.4240,0.2630,-0.2370,297.944760,42.191879,13.716
4552729,K02691.01,,CANDIDATE,CANDIDATE,1.0000,0,0,0,0,97.446319400,2.8600000e-04,-2.8600000e-04,204.8300900,2.290000e-03,-2.290000e-03,0.0630,0.3450,-0.0630,6.76500,0.08680,-0.08680,2.1411e+03,3.970e+01,-3.970e+01,3.05,2.800e-01,-2.500e-01,283.0,,,1.52,0.57,-0.41,62.80,1,q1_q17_dr25_tce,4735.00,170.00,-170.00,4.627,0.032,-0.048,0.6860,0.0630,-0.0570,289.109920,39.685390,14.981
2989706,K02692.01,,FALSE POSITIVE,FALSE POSITIVE,0.0000,0,1,0,0,1.257689465,1.1580000e-06,-1.1580000e-06,132.5036490,7.490000e-04,-7.490000e-04,0.1970,0.2530,-0.1970,0.83990,0.03160,-0.03160,9.4560e+02,2.800e+01,-2.800e+01,2.45,6.100e-01,-2.400e-01,1513.0,,,1244.66,938.99,-351.48,45.60,1,q1_q17_dr25_tce,5676.00,172.00,-172.00,4.571,0.050,-0.150,0.7870,0.1950,-0.0780,291.447660,38.149281,15.522
5185897,K02693.01,Kepler-398 b,CONFIRMED,CANDIDATE,0.9980,0,0,0,0,4.081411554,8.9000000e-06,-8.9000000e-06,133.8599200,1.770000e-03,-1.770000e-03,0.8760,0.0500,-0.6140,2.32390,0.05470,-0.05470,1.7190e+02,5.300e+00,-5.300e+00,1.00,7.000e-02,-3.000e-02,755.0,,,77.00,18.58,-10.17,36.90,1,q1_q17_dr25_tce,4498.00,90.00,-90.00,4.661,0.012,-0.042,0.6350,0.0450,-0.0190,291.468660,40.343849,13.256
5185897,K02693.02,Kepler-398 c,CONFIRMED,CANDIDATE,0.9880,0,0,0,0,11.419419280,4.9650000e-05,-4.9650000e-05,142.1185900,3.230000e-03,-3.230000e-03,0.9180,0.0350,-0.6740,3.30750,0.09070,-0.09070,1.5050e+02,7.100e+00,-7.100e+00,0.99,7.000e-02,-3.000e-02,536.0,,,19.47,4.70,-2.57,22.90,3,q1_q17_dr25_tce,4498.00,90.00,-90.00,4.661,0.012,-0.042,0.6350,0.0450,-0.0190,291.468660,40.343849,13.256
5185897,K02693.03,Kepler-398 d,CONFIRMED,CANDIDATE,0.9920,0,0,0,0,6.834406740,1.9240000e-05,-1.9240000e-05,136.8602300,2.250000e-03,-2.250000e-03,0.8710,0.0380,-0.6090,2.27260,0.06090,-0.06090,1.7710e+02,6.800e+00,-6.800e+00,1.01,7.000e-02,-3.000e-02,636.0,,,38.68,9.33,-5.11,29.10,2,q1_q17_dr25_tce,4498.00,90.00,-90.00,4.661,0.012,-0.042,0.6350,0.0450,-0.0190,291.468660,40.343849,13.256
3663173,K02750.01,,CANDIDATE,CANDIDATE,0.6060,0,0,0,0,174.636181000,2.0220000e-03,-2.0220000e-03,184.5253000,9.610000e-03,-9.610000e-03,0.0400,0.4090,-0.0400,15.67900,0.31700,-0.31700,2.5009e+03,7.890e+01,-7.890e+01,11.12,1.480e+00,-2.760e+00,481.0,,,12.65,4.59,-5.88,37.10,1,q1_q17_dr25_tce,5974.00,89.00,-80.00,3.859,0.196,-0.084,2.2320,0.2980,-0.5540,295.669130,38.795841,15.905
9881077,K02751.01,Kepler-1337 b,CONFIRMED,CANDIDATE,0.9960,0,0,0,0,24.400437800,1.1420000e-04,-1.1420000e-04,135.6232600,3.830000e-03,-3.830000e-03,0.9090,0.0070,-0.6330,2.98700,0.11300,-0.11300,8.6050e+02,4.830e+01,-4.830e+01,2.47,1.700e-01,-2.000e-01,437.0,,,8.64,2.51,-2.17,20.20,1,q1_q17_dr25_tce,4583.00,137.00,-137.00,4.606,0.052,-0.028,0.6740,0.0480,-0.0540,287.009090,46.796101,15.858
3097346,K00264.01,,FALSE POSITIVE,FALSE POSITIVE,0.0000,0,0,1,1,4.029810359,7.7640000e-06,-7.7640000e-06,170.6913100,1.770000e-03,-1.770000e-03,0.4500,0.0320,-0.4470,3.33160,0.05600,-0.05600,1.1110e+02,2.100e+00,-2.100e+00,1.77,4.300e-01,-6.400e-01,1479.0,,,1132.21,844.24,-733.71,62.80,1,q1_q17_dr25_tce,5929.00,187.00,-208.00,4.055,0.336,-0.144,1.6510,0.3990,-0.5990,285.684080,38.262817,11.551
5717567,K02752.01,,FALSE POSITIVE,FALSE POSITIVE,0.0000,0,0,1,0,1.287622419,2.9110000e-06,-2.9110000e-06,132.4306900,1.940000e-03,-1.940000e-03,0.8190,0.0070,-0.5840,0.82100,0.08490,-0.08490,3.6500e+01,3.300e+00,-3.300e+00,0.87,1.500e-01,-9.000e-02,1957.0,,,3450.59,1506.43,-823.62,16.90,1,q1_q17_dr25_tce,6170.00,74.00,-80.00,4.308,0.076,-0.114,1.2740,0.2170,-0.1330,295.324010,40.902191,11.514
6265792,K02753.01,Kepler-1338 b,CONFIRMED,CANDIDATE,0.9750,0,0,0,0,0.935115863,2.6310000e-06,-2.6310000e-06,132.2019300,2.430000e-03,-2.430000e-03,0.2430,0.2240,-0.2430,1.61720,0.07850,-0.07850,6.4800e+01,3.700e+00,-3.700e+00,1.05,1.600e-01,-1.700e-01,2124.0,,,4811.82,2013.65,-1592.53,21.60,1,q1_q17_dr25_tce,5874.00,79.00,-79.00,4.252,0.137,-0.112,1.2970,0.2070,-0.2070,284.042330,41.699139,13.615
9995402,K02832.01,Kepler-1361 b,CONFIRMED,CANDIDATE,0.9910,0,0,0,0,3.575514290,2.0790000e-05,-2.0790000e-05,132.8612500,4.340000e-03,-4.340000e-03,0.4620,0.0050,-0.4470,2.36400,0.13600,-0.13600,9.2800e+01,6.600e+00,-6.600e+00,0.89,2.100e-01,-1.300e-01,1061.0,,,299.19,214.20,-102.71,16.60,1,q1_q17_dr25_tce,5213.00,157.00,-141.00,4.434,0.124,-0.201,0.9170,0.2150,-0.1320,283.565310,46.904251,13.930
9109857,K02833.01,,CANDIDATE,CANDIDATE,0.9610,0,0,0,0,1.791877025,8.2990000e-06,-8.2990000e-06,132.8762000,3.280000e-03,-3.280000e-03,0.4030,0.0480,-0.4030,1.16600,0.13000,-0.13000,4.6100e+01,4.800e+00,-4.800e+00,1.48,2.300e-01,-4.100e-01,2223.0,,,5787.99,2479.54,-3016.26,12.50,1,q1_q17_dr25_tce,6002.00,119.00,-131.00,3.841,0.217,-0.093,2.1390,0.3190,-0.5920,298.215270,45.406891,12.599
5609593,K02834.01,Kepler-1362 b,CONFIRMED,CANDIDATE,1.0000,0,0,0,0,136.205112000,1.3840000e-03,-1.3840000e-03,234.7260100,7.700000e-03,-7.700000e-03,0.4900,0.0640,-0.4170,5.56800,0.20000,-0.20000,1.2093e+03,7.020e+01,-7.020e+01,2.35,2.200e-01,-1.700e-01,248.0,,,0.89,0.33,-0.23,20.00,1,q1_q17_dr25_tce,4648.00,167.00,-167.00,4.631,0.032,-0.042,0.6750,0.0620,-0.0500,288.538540,40.877110,15.839
5436338,K02835.01,Kepler-1880 b,CONFIRMED,CANDIDATE,0.9970,0,0,0,0,6.309220430,1.7230000e-05,-1.7230000e-05,133.9967700,2.310000e-03,-2.310000e-03,0.1180,0.3380,-0.1180,1.32510,0.07160,-0.07160,6.9120e+02,3.820e+01,-3.820e+01,1.37,1.000e-01,-1.200e-01,606.0,,,31.73,9.67,-8.46,22.50,1,q1_q17_dr25_tce,4380.00,130.00,-143.00,4.710,0.059,-0.032,0.5300,0.0410,-0.0450,287.826390,40.696602,15.906
11414465,K02836.01,Kepler-1363 b,CONFIRMED,CANDIDATE,1.0000,0,0,0,0,2.941942960,1.3240000e-05,-1.3240000e-05,133.1044000,4.010000e-03,-4.010000e-03,0.0300,0.4130,-0.0300,2.05600,0.12700,-0.12700,2.7800e+02,1.850e+01,-1.850e+01,1.22,1.000e-01,-1.200e-01,988.0,,,225.15,71.17,-63.18,18.20,1,q1_q17_dr25_tce,4901.00,146.00,-146.00,4.544,0.070,-0.056,0.7580,0.0620,-0.0750,296.996550,49.256420,15.290
6716545,K02906.02,,CANDIDATE,CANDIDATE,0.8040,0,0,0,0,145.881936000,5.1530000e-03,-5.1530000e-03,194.6951000,3.420000e-02,-3.420000e-02,0.3250,0.1420,-0.3250,11.34200,0.73700,-0.73700,1.5690e+02,1.570e+01,-1.570e+01,1.80,3.300e-01,-3.000e-01,424.0,,,7.63,3.67,-2.61,11.20,3,q1_q17_dr25_tce,6052.00,82.00,-82.00,4.183,0.154,-0.112,1.4240,0.2630,-0.2370,297.944760,42.191879,13.716
2708885,K02907.01,,FALSE POSITIVE,FALSE POSITIVE,0.0010,0,0,1,0,1.146934644,3.9300000e-06,-3.9300000e-06,132.2666000,2.950000e-03,-2.950000e-03,0.4050,0.0550,-0.4040,1.72470,0.09150,-0.09150,2.5620e+02,1.550e+01,-1.550e+01,1.39,3.000e-01,-1.400e-01,1554.0,,,1382.04,980.95,-415.64,19.70,1,q1_q17_dr25_tce,5423.00,193.00,-193.00,4.502,0.074,-0.147,0.8620,0.1890,-0.0870,290.473110,37.906200,15.754
6612284,K02908.01,,FALSE POSITIVE,FALSE POSITIVE,0.0000,0,0,0,1,1.245353252,8.4330000e-06,-8.4330000e-06,132.2152200,7.810000e-03,-7.810000e-03,0.5280,0.1260,-0.5280,2.15200,0.49000,-0.49000,2.2420e+02,1.690e+01,-1.690e+01,1.48,4.400e-01,-1.500e-01,1704.0,,,1996.55,1806.33,-591.51,20.30,1,q1_q17_dr25_tce,5982.00,189.00,-210.00,4.493,0.050,-0.200,0.9600,0.2850,-0.0950,293.607600,42.058998,15.895
10586004,K00275.02,Kepler-129 c,CONFIRMED,CANDIDATE,0.8030,0,0,0,0,82.200123900,3.9690000e-04,-3.9690000e-04,208.7941700,3.380000e-03,-3.380000e-03,0.0010,0.3850,-0.0010,10.62700,0.10000,-0.10000,2.3390e+02,5.000e+00,-5.000e+00,2.57,1.300e-01,-1.800e-01,525.0,,,17.96,2.87,-3.12,47.90,2,q1_q17_dr25_tce,5758.00,77.00,-68.00,4.072,0.033,-0.027,1.7040,0.0830,-0.1180,285.311250,47.848564,11.696
4483138,K02910.01,Kepler-1384 b,CONFIRMED,CANDIDATE,0.8870,0,0,0,0,15.362605200,1.0320000e-04,-1.0320000e-04,145.5732000,5.740000e-03,-5.740000e-03,0.2500,0.2060,-0.2500,3.73600,0.14800,-0.14800,4.6830e+02,2.730e+01,-2.730e+01,1.80,2.000e-01,-2.100e-01,608.0,,,32.23,14.46,-10.38,19.70,1,q1_q17_dr25_tce,5011.00,192.00,-174.00,4.484,0.105,-0.105,0.8510,0.0990,-0.0990,296.215180,39.527050,15.384
9475552,K02694.01,Kepler-1315 b,CONFIRMED,CANDIDATE,1.0000,0,0,0,0,0.843379985,8.5300000e-07,-8.5300000e-07,131.9661740,8.360000e-04,-8.360000e-04,0.6960,0.0520,-0.4990,1.44740,0.02980,-0.02980,3.4330e+02,7.500e+00,-7.500e+00,1.70,1.700e-01,-1.800e-01,1541.0,,,1329.99,492.11,-372.04,53.60,1,q1_q17_dr25_tce,4818.00,143.00,-129.00,4.481,0.078,-0.585,0.8560,0.0890,-0.0890,295.821440,46.053028,14.975
9475552,K02694.02,Kepler-1315 c,CONFIRMED,CANDIDATE,1.0000,0,0,0,0,6.566069410,1.9440000e-05,-1.9440000e-05,134.4951200,2.410000e-03,-2.410000e-03,0.6870,0.2170,-0.4650,1.84550,0.07060,-0.07060,4.0240e+02,1.740e+01,-1.740e+01,1.83,1.800e-01,-1.900e-01,777.0,,,86.27,31.92,-24.13,25.80,2,q1_q17_dr25_tce,4818.00,143.00,-129.00,4.481,0.078,-0.585,0.8560,0.0890,-0.0890,295.821440,46.053028,14.975
8292840,K00260.01,Kepler-126 b,CONFIRMED,CANDIDATE,1.0000,0,0,0,0,10.495663030,2.6610000e-05,-2.6610000e-05,172.7933500,2.040000e-03,-2.040000e-03,0.1600,0.2730,-0.1600,4.73560,0.05670,-0.05670,1.0610e+02,2.400e+00,-2.400e+00,1.34,8.000e-02,-5.000e-02,1009.0,,,244.59,49.14,-32.26,48.70,2,q1_q17_dr25_tce,6214.00,113.00,-87.00,4.238,0.033,-0.027,1.2970,0.0740,-0.0540,289.347320,44.208511,10.500
5196864,K02695.01,,CANDIDATE,CANDIDATE,1.0000,0,0,0,0,2.503432790,1.0020000e-05,-1.0020000e-05,131.9452200,3.200000e-03,-3.200000e-03,1.1780,46.4100,-0.2480,1.53400,0.19200,-0.19200,1.1560e+03,1.100e+02,-1.100e+02,20.23,2.700e+00,-2.430e+00,1147.0,,,408.12,188.00,-128.21,13.20,1,q1_q17_dr25_tce,5174.00,169.00,-154.00,4.483,0.095,-0.105,0.8400,0.1120,-0.1010,294.543730,40.313862,15.601
11071200,K02696.01,,CANDIDATE,CANDIDATE,0.9960,0,0,0,0,96.456219800,4.2260000e-04,-4.2260000e-04,214.7493100,3.410000e-03,-3.410000e-03,0.7750,0.1140,-0.5260,11.19500,0.16600,-0.16600,9.5050e+02,1.830e+01,-1.830e+01,9.10,1.630e+00,-3.030e+00,727.0,,,65.96,36.34,-40.12,54.60,1,q1_q17_dr25_tce,7029.00,194.00,-219.00,3.806,0.277,-0.092,2.7040,0.4850,-0.9010,284.415920,48.658020,12.998
11071200,K02696.02,,CANDIDATE,CANDIDATE,0.9920,0,0,0,0,44.564383100,3.5010000e-04,-3.5010000e-04,143.4352600,6.040000e-03,-6.040000e-03,0.8510,0.0420,-0.5770,7.87400,0.17800,-0.17800,3.6050e+02,1.440e+01,-1.440e+01,5.80,1.040e+00,-1.930e+00,940.0,,,184.67,101.75,-112.33,27.00,2,q1_q17_dr25_tce,7029.00,194.00,-219.00,3.806,0.277,-0.092,2.7040,0.4850,-0.9010,284.415920,48.658020,12.998
10905911,K02754.01,Kepler-1339 b,CONFIRMED,CANDIDATE,0.8440,0,0,0,0,1.341556420,3.5690000e-06,-3.5690000e-06,132.7374300,2.140000e-03,-2.140000e-03,0.2590,0.1960,-0.2590,1.64620,0.06250,-0.06250,5.8200e+01,2.900e+00,-2.900e+00,0.74,1.100e-01,-6.000e-02,1642.0,,,1715.26,696.96,-400.72,23.70,1,q1_q17_dr25_tce,5779.00,104.00,-115.00,4.440,0.072,-0.117,0.9700,0.1400,-0.0860,283.745820,48.373432,12.299
3545135,K02755.01,Kepler-1689 b,CONFIRMED,CANDIDATE,0.9950,0,0,0,0,8.482992820,3.9080000e-05,-3.9080000e-05,132.9658300,3.720000e-03,-3.720000e-03,0.5640,0.3620,-0.3540,2.50500,0.11000,-0.11000,6.9100e+01,3.900e+00,-3.900e+00,0.80,1.100e-01,-6.000e-02,879.0,,,141.04,53.99,-30.47,21.30,1,q1_q17_dr25_tce,5827.00,104.00,-116.00,4.471,0.059,-0.110,0.9330,0.1260,-0.0730,291.574220,38.655949,12.147
6964929,K02756.01,Kepler-1340 b,CONFIRMED,CANDIDATE,0.9410,0,0,0,0,0.665025941,1.5340000e-06,-1.5340000e-06,131.6596200,2.000000e-03,-2.000000e-03,0.4480,0.0150,-0.4480,1.75420,0.06630,-0.06630,1.0470e+02,4.700e+00,-4.700e+00,1.11,1.800e-01,-8.000e-02,2174.0,,,5246.66,2093.36,-1017.36,26.50,1,q1_q17_dr25_tce,5884.00,70.00,-79.00,4.408,0.063,-0.117,1.0700,0.1660,-0.0830,296.232820,42.472790,14.758
6432345,K02757.01,Kepler-1690 b,CONFIRMED,CANDIDATE,0.9980,0,0,0,0,234.635652000,1.3840000e-03,-1.3840000e-03,172.6461500,4.880000e-03,-4.880000e-03,0.0250,0.4050,-0.0250,6.96500,0.15500,-0.15500,8.6850e+02,3.790e+01,-3.790e+01,2.56,2.500e-01,-1.900e-01,267.0,,,1.20,0.37,-0.25,26.70,1,q1_q17_dr25_tce,5422.00,107.00,-107.00,4.481,0.067,-0.075,0.8850,0.0880,-0.0660,288.156710,41.877972,14.607
8703129,K02758.01,,CANDIDATE,CANDIDATE,0.9770,0,0,0,0,253.374581000,1.1400000e-03,-1.1400000e-03,235.7402500,3.570000e-03,-3.570000e-03,0.0280,0.3100,-0.0280,22.88900,0.12400,-0.12400,1.1040e+03,1.280e+01,-1.280e+01,19.25,4.980e+00,-1.163e+01,555.0,,,22.41,17.79,-19.37,99.90,1,q1_q17_dr25_tce,5177.00,163.00,-181.00,3.216,0.578,-0.193,5.9490,1.5410,-3.5950,296.723600,44.853142,11.893
11565924,K02837.01,Kepler-1364 b,CONFIRMED,CANDIDATE,1.0000,0,0,0,0,13.321914610,8.4150000e-05,-8.4150000e-05,142.7235000,5.300000e-03,-5.300000e-03,0.7840,0.1610,-0.5320,6.21300,0.13600,-0.13600,1.3350e+02,6.100e+00,-6.100e+00,2.88,5.800e-01,-8.100e-01,1299.0,,,672.06,413.33,-368.97,24.30,1,q1_q17_dr25_tce,6995.00,194.00,-243.00,3.925,0.227,-0.122,2.2740,0.4620,-0.6350,295.152190,49.587601,13.228
6607357,K02838.01,Kepler-1365 b,CONFIRMED,CANDIDATE,0.9960,0,0,0,0,7.699944660,4.9180000e-05,-4.9180000e-05,134.3928200,6.010000e-03,-6.010000e-03,0.0180,0.4360,-0.0180,4.43200,0.16800,-0.16800,7.0900e+01,4.500e+00,-4.500e+00,0.92,1.400e-01,-1.400e-01,969.0,,,208.61,89.36,-68.07,17.40,1,q1_q17_dr25_tce,5727.00,115.00,-104.00,4.328,0.132,-0.108,1.1040,0.1640,-0.1640,292.199710,42.046089,13.421
6607357,K02838.02,Kepler-1365 c,CONFIRMED,CANDIDATE,0.9360,0,0,0,0,4.774660430,4.2010000e-05,-4.2010000e-05,135.1633800,7.430000e-03,-7.430000e-03,0.0300,0.4330,-0.0300,3.80400,0.17300,-0.17300,5.4300e+01,3.900e+00,-3.900e+00,0.81,1.200e-01,-1.200e-01,1137.0,,,395.06,169.23,-128.90,15.50,2,q1_q17_dr25_tce,5727.00,115.00,-104.00,4.328,0.132,-0.108,1.1040,0.1640,-0.1640,292.199710,42.046089,13.421
9451706,K00271.02,Kepler-127 c,CONFIRMED,CANDIDATE,1.0000,0,0,0,0,29.393371610,7.2090000e-05,-7.2090000e-05,209.0673700,1.890000e-03,-1.890000e-03,0.5120,0.3560,-0.3020,7.04450,0.06640,-0.06640,3.2700e+02,4.900e+00,-4.900e+00,2.50,7.000e-02,-5.000e-02,698.0,,,55.98,7.91,-5.79,69.70,1,q1_q17_dr25_tce,6075.00,122.00,-97.00,4.264,0.012,-0.012,1.3520,0.0360,-0.0300,285.190000,46.027962,11.485
6186964,K02839.01,Kepler-1366 b,CONFIRMED,CANDIDATE,1.0000,0,0,0,0,2.164570593,6.4230000e-06,-6.4230000e-06,131.8314200,2.780000e-03,-2.780000e-03,0.3380,0.1010,-0.3380,1.28620,0.07190,-0.07190,5.2510e+02,3.220e+01,-3.220e+01,1.27,7.000e-02,-6.000e-02,783.0,,,88.91,17.20,-15.49,19.80,1,q1_q17_dr25_tce,3941.00,71.00,-78.00,4.713,0.025,-0.028,0.5540,0.0300,-0.0300,285.064910,41.554871,15.877
5471202,K02911.01,,FALSE POSITIVE,FALSE POSITIVE,0.0000,1,0,1,1,12.425834300,1.7490000e-04,-1.7490000e-04,141.5311000,1.350000e-02,-1.350000e-02,0.9670,0.0420,-0.0560,28.11710,0.00000,0.00000,4.4940e+02,5.500e+00,-5.500e+00,2.75,7.700e-01,-3.100e-01,830.0,,,111.92,92.05,-34.85,72.00,1,q1_q17_dr25_tce,6185.00,168.00,-206.00,4.472,0.048,-0.192,0.9910,0.2770,-0.1110,297.589870,40.601940,14.865
9640439,K02912.01,,FALSE POSITIVE,FALSE POSITIVE,0.0520,0,0,1,0,0.873227249,1.8970000e-06,-1.8970000e-06,132.2335900,1.990000e-03,-1.990000e-03,0.1400,0.3240,-0.1400,0.79480,0.07070,-0.07070,2.2180e+02,1.600e+01,-1.600e+01,1.68,5.900e-01,-1.900e-01,2152.0,,,5053.02,5242.90,-1690.03,21.90,1,q1_q17_dr25_tce,6341.00,179.00,-246.00,4.409,0.056,-0.224,1.1110,0.3890,-0.1300,287.692720,46.366928,15.153
9693006,K02913.01,Kepler-1385 b,CONFIRMED,CANDIDATE,0.9970,0,0,0,0,2.888785830,1.7610000e-05,-1.7610000e-05,132.3365100,4.850000e-03,-4.850000e-03,0.2420,0.2160,-0.2420,2.97700,0.17400,-0.17400,4.0900e+01,2.900e+00,-2.900e+00,0.84,1.600e-01,-1.400e-01,1423.0,,,969.05,498.79,-340.50,17.20,1,q1_q17_dr25_tce,5696.00,113.00,-101.00,4.247,0.130,-0.117,1.3310,0.2440,-0.2200,282.631380,46.481110,12.858
6837283,K02914.01,,CANDIDATE,CANDIDATE,0.9880,0,0,0,0,21.118165300,1.5740000e-04,-1.5740000e-04,133.5919600,6.210000e-03,-6.210000e-03,0.6750,0.2530,-0.4520,9.73400,0.17600,-0.17600,1.1270e+02,4.900e+00,-4.900e+00,2.89,5.400e-01,-1.020e+00,1110.0,,,359.11,205.87,-223.64,26.30,1,q1_q17_dr25_tce,6461.00,175.00,-175.00,3.779,0.293,-0.098,2.5660,0.4850,-0.9010,281.691590,42.397549,12.199
5613821,K02915.01,,CANDIDATE,CANDIDATE,0.9990,0,0,0,0,5.060922820,2.6160000e-05,-2.6160000e-05,134.4731600,4.730000e-03,-4.730000e-03,0.9440,0.0060,-0.6430,2.58600,0.11400,-0.11400,7.1600e+01,5.300e+00,-5.300e+00,0.98,1.300e-01,-6.000e-02,998.0,,,234.93,88.75,-45.74,15.70,1,q1_q17_dr25_tce,5637.00,101.00,-112.00,4.492,0.048,-0.112,0.9110,0.1210,-0.0600,289.917420,40.828606,13.346
6627507,K02697.01,,FALSE POSITIVE,FALSE POSITIVE,0.0000,0,0,1,0,7.374533360,2.5160000e-05,-2.5160000e-05,131.5594700,3.240000e-03,-3.240000e-03,1.1390,18.5600,-0.0880,3.74500,0.14100,-0.14100,3.0440e+02,1.110e+01,-1.110e+01,87.08,1.387e+01,-3.005e+01,1654.0,,,1770.84,776.12,-1103.33,33.10,1,q1_q17_dr25_tce,5028.00,86.00,-160.00,3.289,0.228,-0.152,4.9910,0.7950,-1.7220,297.295200,42.011681,12.904
5128673,K02698.01,Kepler-1316 b,CONFIRMED,CANDIDATE,0.9500,0,0,0,0,87.972422700,5.1980000e-04,-5.1980000e-04,168.2978500,4.810000e-03,-4.810000e-03,0.0150,0.3700,-0.0150,14.63800,0.14300,-0.14300,8.6670e+02,1.540e+01,-1.540e+01,3.39,5.200e-01,-5.200e-01,446.0,,,9.37,4.02,-3.18,64.60,1,q1_q17_dr25_tce,5837.00,105.00,-117.00,4.305,0.125,-0.112,1.1590,0.1780,-0.1780,298.835880,40.293140,14.000
6690836,K02699.01,Kepler-1317 b,CONFIRMED,CANDIDATE,1.0000,0,0,0,0,0.568874717,5.7000000e-07,-5.7000000e-07,132.0487710,8.280000e-04,-8.280000e-04,0.0500,0.3990,-0.0500,1.21770,0.03040,-0.03040,3.7840e+02,9.400e+00,-9.400e+00,1.49,2.400e-01,-1.100e-01,1796.0,,,2473.19,1305.74,-589.49,50.40,1,q1_q17_dr25_tce,5223.00,171.00,-155.00,4.593,0.028,-0.105,0.7800,0.1240,-0.0570,291.611880,42.115971,15.230
8639908,K02700.01,,CANDIDATE,CANDIDATE,1.0000,0,0,0,0,0.910020582,2.2870000e-06,-2.2870000e-06,131.9923900,2.040000e-03,-2.040000e-03,0.7900,0.0170,-0.5560,1.79560,0.08010,-0.08010,3.5810e+02,1.510e+01,-1.510e+01,1.12,1.100e-01,-1.100e-01,1127.0,,,380.16,134.53,-106.11,29.90,1,q1_q17_dr25_tce,4297.00,116.00,-142.00,4.725,0.045,-0.050,0.5330,0.0550,-0.0490,297.003540,44.775089,15.381
5481148,K02701.01,,FALSE POSITIVE,FALSE POSITIVE,0.0000,0,0,1,0,22.023514000,1.3980000e-04,-1.3980000e-04,135.1834900,5.450000e-03,-5.450000e-03,0.9340,0.0100,-0.7030,1.93200,0.15300,-0.15300,1.6700e+03,2.000e+02,-2.000e+02,4.79,1.480e+00,-4.900e-01,639.0,,,39.45,35.65,-11.64,10.20,1,q1_q17_dr25_tce,5860.00,157.00,-192.00,4.489,0.062,-0.200,0.9360,0.2890,-0.0960,299.595610,40.622822,14.818
11076400,K02759.01,,CANDIDATE,CANDIDATE,1.0000,0,0,0,0,1.078084920,2.0190000e-06,-2.0190000e-06,132.0368300,1.440000e-03,-1.440000e-03,0.2870,0.1550,-0.2870,0.85510,0.05960,-0.05960,1.5560e+02,8.500e+00,-8.500e+00,1.01,3.000e-02,-7.000e-02,1417.0,,,951.61,130.33,-190.12,22.90,1,q1_q17_dr25_tce,4906.00,78.00,-88.00,4.511,0.067,-0.022,0.8140,0.0270,-0.0590,287.725650,48.651379,14.288
7877978,K02760.01,Kepler-1874 b,CONFIRMED,CANDIDATE,1.0000,0,0,0,0,56.573231800,3.0960000e-04,-3.0960000e-04,146.5798400,4.820000e-03,-4.820000e-03,0.9420,0.0240,-0.6670,4.18800,0.15200,-0.15200,6.8850e+02,3.720e+01,-3.720e+01,2.69,8.000e-02,-1.500e-01,356.0,,,3.79,0.47,-0.66,21.60,1,q1_q17_dr25_tce,4701.00,74.00,-84.00,4.540,0.052,-0.016,0.7750,0.0220,-0.0440,286.371800,43.691921,14.889
7903086,K02761.01,,FALSE POSITIVE,FALSE POSITIVE,0.0000,0,1,1,0,1.846861455,4.0270000e-06,-4.0270000e-06,131.9049300,2.090000e-03,-2.090000e-03,0.4800,0.0430,-0.4530,1.66050,0.05390,-0.05390,6.4860e+02,2.090e+01,-2.090e+01,2.23,6.200e-01,-1.600e-01,1337.0,,,753.40,624.67,-186.98,35.90,1,q1_q17_dr25_tce,5591.00,166.00,-183.00,4.559,0.033,-0.187,0.8600,0.2370,-0.0630,295.773680,43.671951,15.881
12024120,K00265.01,Kepler-507 b,CONFIRMED,CANDIDATE,0.9990,0,0,0,0,3.568099612,7.1670000e-06,-7.1670000e-06,169.7427800,1.660000e-03,-1.660000e-03,0.5310,0.0260,-0.4260,3.21310,0.04890,-0.04890,9.8400e+01,2.200e+00,-2.200e+00,1.36,2.300e-01,-2.300e-01,1407.0,,,926.89,449.44,-339.57,52.50,1,q1_q17_dr25_tce,6007.00,121.00,-121.00,4.232,0.143,-0.117,1.3340,0.2280,-0.2280,297.018830,50.408981,11.994
8210018,K02762.01,Kepler-1341 b,CONFIRMED,CANDIDATE,1.0000,0,0,0,0,132.995550300,8.7340000e-04,-8.7340000e-04,258.3961000,4.920000e-03,-4.920000e-03,0.7030,0.1970,-0.4880,7.43600,0.18000,-0.18000,1.2754e+03,4.950e+01,-4.950e+01,2.51,2.100e-01,-2.100e-01,241.0,,,0.80,0.29,-0.22,29.30,1,q1_q17_dr25_tce,4523.00,161.00,-161.00,4.636,0.032,-0.039,0.6590,0.0550,-0.0550,280.511750,44.159351,15.028
3642289,K00301.01,Kepler-135 b,CONFIRMED,CANDIDATE,1.0000,0,0,0,0,6.002548291,9.7010000e-06,-9.7010000e-06,171.7141900,1.280000e-03,-1.280000e-03,0.9140,0.0950,-0.6910,4.16280,0.07130,-0.07130,2.0200e+02,3.100e+00,-3.100e+00,2.33,3.800e-01,-2.900e-01,1209.0,,,504.79,234.03,-148.72,71.60,1,q1_q17_dr25_tce,6204.00,111.00,-136.00,4.269,0.084,-0.116,1.3600,0.2280,-0.1660,290.495120,38.795479,12.730
3642289,K00301.02,Kepler-135 c,CONFIRMED,CANDIDATE,1.0000,0,0,0,0,11.448658230,8.1660000e-05,-8.1660000e-05,141.3870500,5.030000e-03,-5.030000e-03,0.8240,0.1410,-0.5940,4.95300,0.14500,-0.14500,7.5200e+01,3.700e+00,-3.700e+00,1.32,2.200e-01,-1.600e-01,975.0,,,213.39,98.94,-62.86,21.90,2,q1_q17_dr25_tce,6204.00,111.00,-136.00,4.269,0.084,-0.116,1.3600,0.2280,-0.1660,290.495120,38.795479,12.730
3662838,K00302.01,Kepler-516 b,CONFIRMED,CANDIDATE,1.0000,0,0,0,0,24.854665040,5.6370000e-05,-5.6370000e-05,173.9997100,1.830000e-03,-1.830000e-03,0.7460,0.0090,-0.5370,9.18200,0.11000,-0.11000,7.7620e+02,9.700e+00,-9.700e+00,7.61,1.380e+00,-2.560e+00,1095.0,,,339.33,181.21,-208.74,88.00,1,q1_q17_dr25_tce,6967.00,167.00,-229.00,3.864,0.259,-0.111,2.5270,0.4580,-0.8510,295.608800,38.735741,12.059
5966322,K00303.01,Kepler-517 b,CONFIRMED,CANDIDATE,0.9950,0,0,0,0,60.928188660,7.9660000e-05,-7.9660000e-05,173.3721200,1.090000e-03,-1.090000e-03,0.0090,0.4120,-0.0090,6.33360,0.05010,-0.05010,7.5560e+02,7.300e+00,-7.300e+00,2.78,3.900e-01,-3.800e-01,467.0,,,11.28,4.55,-3.50,120.10,1,q1_q17_dr25_tce,5638.00,113.00,-101.00,4.359,0.132,-0.096,1.0230,0.1420,-0.1420,293.675320,41.295361,12.193
6029239,K00304.01,Kepler-518 b,CONFIRMED,CANDIDATE,1.0000,0,0,0,0,8.512037736,6.4750000e-06,-6.4750000e-06,174.9098160,6.000000e-04,-6.000000e-04,0.0050,0.4090,-0.0050,2.18610,0.02210,-0.02210,5.9780e+02,6.500e+00,-6.500e+00,2.14,3.000e-01,-1.100e-01,839.0,,,117.11,44.92,-20.35,102.20,1,q1_q17_dr25_tce,5767.00,92.00,-126.00,4.538,0.021,-0.119,0.8810,0.1230,-0.0440,287.089970,41.373878,12.549
12106929,K00359.01,,FALSE POSITIVE,FALSE POSITIVE,0.0000,0,1,1,1,5.937205570,1.5380000e-05,-1.5380000e-05,171.5759700,2.270000e-03,-2.270000e-03,0.9760,0.0120,-0.0060,4.88200,0.17100,-0.17100,3.7140e+02,1.120e+01,-1.120e+01,1.84,3.200e-01,-1.000e-01,894.0,,,150.81,80.47,-30.75,59.90,1,q1_q17_dr25_tce,5857.00,158.00,-158.00,4.633,0.032,-0.128,0.7120,0.1240,-0.0410,289.170200,50.627621,13.799
12107021,K00360.01,,FALSE POSITIVE,FALSE POSITIVE,0.0000,0,0,1,1,5.937199820,2.9610000e-05,-2.9610000e-05,135.9533800,4.070000e-03,-4.070000e-03,0.7480,0.2060,-0.7480,3.95000,0.72600,-0.72600,1.7560e+02,1.420e+01,-1.420e+01,1.47,2.000e-01,-1.000e-01,1059.0,,,297.14,117.72,-62.66,37.00,1,q1_q17_dr25_tce,6102.00,120.00,-144.00,4.457,0.035,-0.105,1.0260,0.1400,-0.0700,289.214810,50.650921,13.021
8248939,K00061.01,,FALSE POSITIVE,FALSE POSITIVE,0.0000,0,0,1,0,1.633454020,2.8820000e-05,-2.8820000e-05,181.8556000,1.320000e-02,-1.320000e-02,1.1900,11.2400,-0.0790,3.81700,0.75500,-0.75500,3.5900e+02,6.170e+01,-6.170e+01,24.87,8.040e+00,-3.450e+00,1750.0,,,2211.18,2171.51,-807.44,7.40,1,q1_q17_dr25_tce,6283.00,197.00,-241.00,4.372,0.105,-0.195,1.0910,0.3530,-0.1510,296.935940,44.161045,12.179
12404954,K00361.01,Kepler-537 b,CONFIRMED,CANDIDATE,1.0000,0,0,0,0,3.247548814,5.9080000e-06,-5.9080000e-06,171.2780700,1.310000e-03,-1.310000e-03,0.3100,0.1430,-0.3100,2.51460,0.04440,-0.04440,2.0970e+02,4.700e+00,-4.700e+00,1.41,2.000e-01,-7.000e-02,1181.0,,,460.67,186.50,-78.75,51.60,1,q1_q17_dr25_tce,5703.00,103.00,-125.00,4.498,0.021,-0.119,0.9750,0.1400,-0.0470,289.880650,51.277081,13.100
1571511,K00362.01,,FALSE POSITIVE,FALSE POSITIVE,0.0040,0,1,0,0,14.022451457,1.1660000e-06,-1.1660000e-06,177.5952096,6.650000e-05,-6.650000e-05,0.1890,0.0130,-0.0170,8.08619,0.00571,-0.00571,2.0083e+04,9.000e+00,-9.000e+00,14.93,4.590e+00,-1.980e+00,810.0,,,101.92,91.75,-33.91,2707.70,1,q1_q17_dr25_tce,6061.00,162.00,-180.00,4.401,0.090,-0.195,1.0500,0.3230,-0.1390,290.996920,37.199219,13.424
2438070,K00363.01,,FALSE POSITIVE,FALSE POSITIVE,0.0000,0,1,1,1,2.442945167,2.5720000e-06,-2.5720000e-06,171.0972100,8.640000e-04,-8.640000e-04,1.2170,0.9890,-0.1520,4.01450,0.04770,-0.04770,6.7790e+02,7.800e+00,-7.800e+00,38.29,9.810e+00,-1.308e+01,1587.0,,,1499.89,1163.20,-917.06,102.80,1,q1_q17_dr25_tce,5657.00,169.00,-152.00,4.121,0.336,-0.144,1.4280,0.3660,-0.4880,290.277770,37.789330,13.771
3747262,K03005.01,,FALSE POSITIVE,FALSE POSITIVE,0.0000,0,0,1,0,1.312459403,6.2280000e-06,-6.2280000e-06,132.2256900,3.710000e-03,-3.710000e-03,0.7320,0.0600,-0.5090,1.45900,0.14100,-0.14100,3.6900e+01,3.600e+00,-3.600e+00,1.65,3.000e-01,-5.700e-01,2824.0,,,15018.33,8139.16,-9181.65,13.90,1,q1_q17_dr25_tce,6543.00,158.00,-177.00,3.782,0.293,-0.098,2.5070,0.4610,-0.8560,291.534000,38.816261,12.524
10190075,K03007.01,,CANDIDATE,CANDIDATE,0.9460,0,0,0,0,11.191619900,8.1190000e-05,-8.1190000e-05,138.0425800,6.000000e-03,-6.000000e-03,0.8950,0.0770,-0.6540,2.10000,0.20500,-0.20500,1.6640e+02,1.700e+01,-1.700e+01,1.47,2.000e-01,-1.000e-01,782.0,,,88.34,30.94,-16.88,11.90,1,q1_q17_dr25_tce,5646.00,67.00,-84.00,4.464,0.051,-0.119,0.9560,0.1290,-0.0700,283.335330,47.208832,14.528
9070666,K03008.01,Kepler-1408 b,CONFIRMED,CANDIDATE,0.6030,0,0,0,0,2.997929260,2.7770000e-05,-2.7770000e-05,131.7657900,7.860000e-03,-7.860000e-03,0.4030,0.0920,-0.3740,4.39800,0.22200,-0.22200,4.5400e+01,3.400e+00,-3.400e+00,1.12,2.000e-01,-3.000e-01,1616.0,,,1611.51,740.37,-785.46,16.00,1,q1_q17_dr25_tce,5888.00,79.00,-79.00,4.061,0.238,-0.102,1.6450,0.2900,-0.4350,282.699950,45.425770,12.003
3642335,K03010.01,Kepler-1410 b,CONFIRMED,CANDIDATE,0.9960,0,0,0,0,60.866097400,6.4970000e-04,-6.4970000e-04,179.2867400,7.870000e-03,-7.870000e-03,0.0040,0.4630,-0.0040,4.39700,0.23800,-0.23800,7.1430e+02,5.370e+01,-5.370e+01,1.39,7.000e-02,-1.000e-01,244.0,,,0.84,0.17,-0.16,15.40,1,q1_q17_dr25_tce,3808.00,69.00,-76.00,4.734,0.033,-0.027,0.5220,0.0280,-0.0350,290.510190,38.743542,15.757
3328052,K03011.01,,FALSE POSITIVE,FALSE POSITIVE,0.0000,0,0,1,1,2.115478540,2.4300000e-05,-2.4300000e-05,132.0118000,1.220000e-02,-1.220000e-02,0.7550,0.1790,-0.5150,3.66500,0.28300,-0.28300,2.2290e+02,1.230e+01,-1.230e+01,1.66,5.400e-01,-1.800e-01,1521.0,,,1264.56,1243.36,-416.85,21.60,1,q1_q17_dr25_tce,6208.00,194.00,-259.00,4.454,0.054,-0.216,1.0240,0.3320,-0.1110,287.198150,38.428970,15.542
10749059,K03086.01,,CANDIDATE,CANDIDATE,0.9940,0,0,0,0,174.731515000,3.1260000e-03,-3.1260000e-03,252.5348000,1.460000e-02,-1.460000e-02,0.0210,0.4280,-0.0210,8.25700,0.34300,-0.34300,1.1799e+03,8.280e+01,-8.280e+01,3.00,1.700e-01,-3.000e-01,287.0,,,1.60,0.31,-0.38,16.50,1,q1_q17_dr25_tce,5201.00,83.00,-83.00,4.447,0.098,-0.035,0.8970,0.0510,-0.0890,297.884640,48.001450,15.707
9119568,K03087.01,,FALSE POSITIVE,FALSE POSITIVE,0.0000,0,0,1,0,5.548679980,7.5410000e-05,-7.5410000e-05,133.9285000,1.120000e-02,-1.120000e-02,0.0950,0.3630,-0.0950,4.66500,0.30200,-0.30200,6.8900e+01,5.000e+00,-5.000e+00,0.68,5.000e-02,-5.000e-02,882.0,,,143.26,36.06,-28.54,15.40,1,q1_q17_dr25_tce,5258.00,105.00,-105.00,4.514,0.055,-0.055,0.8350,0.0630,-0.0570,300.937380,45.490070,12.837
9119568,K03087.02,,FALSE POSITIVE,FALSE POSITIVE,0.0000,1,0,0,0,1.221740630,1.8520000e-05,-1.8520000e-05,132.0174000,1.250000e-02,-1.250000e-02,0.0040,0.4620,-0.0040,7.44300,0.41100,-0.41100,3.2200e+01,2.400e+00,-2.400e+00,0.46,4.000e-02,-3.000e-02,1461.0,,,1081.50,272.30,-215.40,19.40,4,q1_q17_dr25_tce,5258.00,105.00,-105.00,4.514,0.055,-0.055,0.8350,0.0630,-0.0570,300.937380,45.490070,12.837
9020114,K03088.01,Kepler-1901 b,CONFIRMED,CANDIDATE,1.0000,0,0,0,0,3.484128740,1.4830000e-05,-1.4830000e-05,134.5504000,3.950000e-03,-3.950000e-03,0.1060,0.3570,-0.1060,1.42200,0.11700,-0.11700,1.6160e+02,1.430e+01,-1.430e+01,1.16,1.700e-01,-5.000e-02,1132.0,,,389.41,151.80,-54.26,13.30,1,q1_q17_dr25_tce,5696.00,77.00,-77.00,4.519,0.021,-0.119,0.9210,0.1360,-0.0430,291.164370,45.318291,14.953
6196457,K00285.01,Kepler-92 b,CONFIRMED,CANDIDATE,1.0000,0,0,0,0,13.748830590,1.2950000e-05,-1.2950000e-05,179.2791580,7.380000e-04,-7.380000e-04,0.6580,0.1530,-0.4330,6.09680,0.04250,-0.04250,4.2590e+02,2.900e+00,-2.900e+00,3.63,2.600e-01,-1.800e-01,975.0,,,213.84,47.92,-30.83,167.60,1,q1_q17_dr25_tce,5862.00,97.00,-80.00,4.050,0.033,-0.027,1.6700,0.1180,-0.0820,289.086060,41.562958,11.565
7668416,K03089.01,,CANDIDATE,CANDIDATE,1.0000,0,0,0,0,0.858546796,2.5820000e-06,-2.5820000e-06,132.1442900,2.620000e-03,-2.620000e-03,0.2410,0.2450,-0.2410,1.10000,0.19100,-0.19100,1.0610e+02,1.500e+01,-1.500e+01,0.88,1.500e-01,-1.000e-01,1671.0,,,1846.35,1053.79,-587.44,12.20,1,q1_q17_dr25_tce,5269.00,184.00,-184.00,4.491,0.080,-0.120,0.8640,0.1470,-0.0980,286.148040,43.369202,15.247
6029239,K00304.02,,CANDIDATE,CANDIDATE,0.7860,0,0,0,0,5.518195000,6.6570000e-03,-6.6570000e-03,136.5840000,4.880000e-01,-4.880000e-01,0.2430,0.2220,-0.2430,1.81000,3.20000,-3.20000,2.7100e+01,1.430e+01,-1.430e+01,0.46,6.000e-02,-2.000e-02,969.0,,,208.54,79.99,-36.23,5.20,2,q1_q17_dr25_tce,5767.00,92.00,-126.00,4.538,0.021,-0.119,0.8810,0.1230,-0.0440,287.089970,41.373878,12.549
6063220,K00305.01,Kepler-99 b,CONFIRMED,CANDIDATE,1.0000,0,0,0,0,4.603575293,4.6680000e-06,-4.6680000e-06,171.8401240,8.130000e-04,-8.130000e-04,0.2460,0.1890,-0.2460,2.34990,0.02610,-0.02610,4.4040e+02,6.300e+00,-6.300e+00,1.51,8.000e-02,-6.000e-02,810.0,,,101.65,20.20,-15.28,79.70,1,q1_q17_dr25_tce,4783.00,95.00,-95.00,4.602,0.014,-0.046,0.7410,0.0390,-0.0300,297.354000,41.300049,12.970
6071903,K00306.01,Kepler-519 b,CONFIRMED,CANDIDATE,1.0000,0,0,0,0,24.307843230,5.8510000e-05,-5.8510000e-05,178.3662900,1.950000e-03,-1.950000e-03,0.4250,0.0580,-0.4010,2.60540,0.06570,-0.06570,6.7710e+02,2.230e+01,-2.230e+01,2.14,2.100e-01,-9.000e-02,532.0,,,18.87,5.73,-2.87,35.60,1,q1_q17_dr25_tce,5313.00,106.00,-106.00,4.571,0.015,-0.085,0.8200,0.0800,-0.0340,299.319550,41.384640,12.630
6289257,K00307.01,Kepler-520 b,CONFIRMED,CANDIDATE,1.0000,0,0,0,0,19.674097030,6.2400000e-05,-6.2400000e-05,176.2711900,2.140000e-03,-2.140000e-03,0.9140,0.0230,-0.6710,3.75350,0.05200,-0.05200,2.0490e+02,5.700e+00,-5.700e+00,1.78,2.900e-01,-1.500e-01,711.0,,,60.37,27.99,-13.75,39.00,1,q1_q17_dr25_tce,6023.00,120.00,-132.00,4.423,0.054,-0.126,1.0310,0.1680,-0.0840,293.180330,41.617760,12.797
10905239,K00046.01,Kepler-101 b,CONFIRMED,CANDIDATE,1.0000,0,0,0,0,3.487688776,1.1050000e-06,-1.1050000e-06,170.9322170,2.530000e-04,-2.530000e-04,0.0260,0.2050,-0.0260,3.83661,0.00947,-0.00947,1.2988e+03,4.100e+00,-4.100e+00,5.64,8.300e-01,-1.350e+00,1445.0,,,1033.07,439.91,-478.15,350.60,1,q1_q17_dr25_tce,5576.00,112.00,-101.00,4.065,0.196,-0.084,1.5930,0.2350,-0.3820,283.255490,48.355232,13.770
11623629,K00365.01,Kepler-538 b,CONFIRMED,CANDIDATE,0.7550,0,0,0,0,81.737872000,1.0240000e-04,-1.0240000e-04,211.6788180,9.080000e-04,-9.080000e-04,0.0200,0.3470,-0.0200,6.69230,0.04020,-0.04020,6.2880e+02,5.100e+00,-5.100e+00,2.16,2.500e-01,-1.500e-01,385.0,,,5.20,1.79,-1.03,135.40,1,q1_q17_dr25_tce,5559.00,110.00,-110.00,4.502,0.052,-0.090,0.8730,0.1000,-0.0590,297.486910,49.623451,11.195
3545478,K00366.01,,CANDIDATE,CANDIDATE,0.9530,0,0,0,0,75.112213200,2.7600000e-05,-2.7600000e-05,207.7139870,2.730000e-04,-2.730000e-04,0.8380,0.0050,-0.0070,4.94580,0.02700,-0.02700,3.7515e+03,1.170e+01,-1.170e+01,23.23,2.460e+00,-5.740e+00,777.0,,,86.18,28.91,-40.41,384.00,1,q1_q17_dr25_tce,6201.00,138.00,-100.00,3.616,0.218,-0.073,3.3540,0.3550,-0.8290,291.664180,38.619255,11.714
4815520,K00367.01,Kepler-1656 b,CONFIRMED,CANDIDATE,0.9980,0,0,0,0,31.578651216,7.2770000e-06,-7.2770000e-06,177.2062370,1.780000e-04,-1.780000e-04,0.0400,0.2590,-0.0400,2.12791,0.00922,-0.00922,2.1254e+03,8.000e+00,-8.000e+00,4.52,6.800e-01,-3.600e-01,570.0,,,24.94,10.54,-5.50,324.30,1,q1_q17_dr25_tce,5733.00,104.00,-115.00,4.442,0.063,-0.117,0.9900,0.1490,-0.0800,284.472170,39.911812,11.105
6603043,K00368.01,,FALSE POSITIVE,FALSE POSITIVE,0.0000,0,1,0,0,110.321672720,1.7140000e-05,-1.7140000e-05,197.3651280,1.210000e-04,-1.210000e-04,0.7150,0.0010,-0.0020,13.36240,0.00884,-0.00884,7.2966e+03,3.800e+00,-3.800e+00,18.60,7.250e+00,-4.450e+00,761.0,,,79.11,91.23,-41.43,2217.10,1,q1_q17_dr25_tce,9244.00,255.00,-438.00,4.159,0.128,-0.192,2.0250,0.7890,-0.4850,290.854580,42.086922,11.375
7175184,K00369.01,Kepler-144 b,CONFIRMED,CANDIDATE,1.0000,0,0,0,0,5.885273640,1.4740000e-05,-1.4740000e-05,174.4255400,1.950000e-03,-1.950000e-03,0.6220,0.3030,-0.4010,1.95310,0.06450,-0.06450,1.1270e+02,4.800e+00,-4.800e+00,1.59,2.900e-01,-3.100e-01,1253.0,,,583.47,305.64,-238.46,27.40,1,q1_q17_dr25_tce,6070.00,134.00,-122.00,4.157,0.168,-0.112,1.4310,0.2600,-0.2850,281.915680,42.775509,11.992
7109851,K03012.01,,FALSE POSITIVE,FALSE POSITIVE,0.0000,0,0,1,0,1.086486129,2.4100000e-06,-2.4100000e-06,131.9659800,1.940000e-03,-1.940000e-03,0.5240,0.0130,-0.4560,0.83830,0.06260,-0.06260,6.6000e+01,4.500e+00,-4.500e+00,1.69,3.300e-01,-5.900e-01,2539.0,,,9816.28,5812.69,-6120.31,20.20,1,q1_q17_dr25_tce,5911.00,177.00,-159.00,3.861,0.315,-0.126,2.0000,0.3790,-0.7040,289.329250,42.655811,12.988
11565544,K03013.01,,CANDIDATE,CANDIDATE,0.9980,0,0,0,0,3.765620310,1.1330000e-05,-1.1330000e-05,131.7556200,2.450000e-03,-2.450000e-03,1.1930,63.7300,-0.0620,1.28800,0.16000,-0.16000,2.3260e+02,2.100e+01,-2.100e+01,19.39,5.210e+00,-1.730e+00,1084.0,,,326.20,257.66,-83.59,14.60,1,q1_q17_dr25_tce,5743.00,155.00,-155.00,4.553,0.033,-0.176,0.8530,0.2290,-0.0760,294.968110,49.556511,14.698
7347246,K03014.01,Kepler-1411 b,CONFIRMED,CANDIDATE,0.9410,0,0,0,0,86.116088500,9.0810000e-04,-9.0810000e-04,134.8808000,1.000000e-02,-1.000000e-02,0.0160,0.4240,-0.0160,6.05800,0.20000,-0.20000,8.7520e+02,5.540e+01,-5.540e+01,3.11,1.060e+00,-3.500e-01,441.0,,,8.93,9.19,-2.92,17.80,1,q1_q17_dr25_tce,6161.00,193.00,-236.00,4.454,0.054,-0.216,1.0530,0.3570,-0.1190,286.361570,42.963921,15.831
11403530,K03015.01,Kepler-1412 b,CONFIRMED,CANDIDATE,0.9390,0,0,0,0,3.614603320,2.4360000e-05,-2.4360000e-05,133.0912300,5.450000e-03,-5.450000e-03,0.0260,0.4310,-0.0260,3.22700,0.18500,-0.18500,4.3900e+01,3.300e+00,-3.300e+00,0.90,1.500e-01,-1.900e-01,1397.0,,,900.38,413.59,-384.05,15.40,1,q1_q17_dr25_tce,5799.00,117.00,-105.00,4.161,0.188,-0.101,1.3750,0.2210,-0.2950,292.180110,49.202480,13.219
5088536,K00282.02,Kepler-130 b,CONFIRMED,CANDIDATE,0.9990,0,0,0,0,8.457448920,2.8310000e-05,-2.8310000e-05,139.0668900,2.720000e-03,-2.720000e-03,0.4940,0.0440,-0.4230,3.28930,0.07700,-0.07700,7.7400e+01,2.700e+00,-2.700e+00,1.02,5.000e-02,-4.000e-02,982.0,,,220.05,31.36,-28.07,31.00,2,q1_q17_dr25_tce,5903.00,70.00,-79.00,4.304,0.020,-0.018,1.1370,0.0500,-0.0460,288.450650,40.245327,11.529
12072872,K03017.01,,CANDIDATE,CANDIDATE,0.9800,0,0,0,0,2.462888340,1.5740000e-05,-1.5740000e-05,132.8011400,5.900000e-03,-5.900000e-03,0.2560,0.1980,-0.2560,1.72400,0.15700,-0.15700,4.7400e+01,4.900e+00,-4.900e+00,0.67,1.800e-01,-1.200e-01,1391.0,,,883.43,680.76,-344.15,11.90,1,q1_q17_dr25_tce,5893.00,159.00,-159.00,4.395,0.149,-0.182,0.9670,0.2530,-0.1690,296.859250,50.560162,13.308
6609270,K03090.01,Kepler-1902 b,CONFIRMED,CANDIDATE,0.6140,0,0,0,0,3.822233970,2.2310000e-05,-2.2310000e-05,132.1496500,5.930000e-03,-5.930000e-03,0.7250,0.2150,-0.5130,1.92400,0.11800,-0.11800,3.6270e+02,2.620e+01,-2.620e+01,1.05,6.000e-02,-7.000e-02,601.0,,,30.84,6.44,-6.13,15.90,1,q1_q17_dr25_tce,3729.00,75.00,-67.00,4.733,0.039,-0.021,0.5140,0.0290,-0.0370,292.737640,42.014832,15.665
12406807,K03091.01,Kepler-1903 b,CONFIRMED,CANDIDATE,0.9290,0,0,0,0,17.067644000,2.0880000e-04,-2.0880000e-04,145.5692900,9.630000e-03,-9.630000e-03,0.1060,0.3260,-0.1060,6.02600,0.28800,-0.28800,2.6240e+02,2.030e+01,-2.030e+01,1.62,5.300e-01,-1.700e-01,769.0,,,82.56,77.41,-24.82,13.50,1,q1_q17_dr25_tce,6347.00,170.00,-207.00,4.464,0.054,-0.216,0.9960,0.3190,-0.1060,290.888310,51.248169,15.372
8046689,K03092.01,,FALSE POSITIVE,FALSE POSITIVE,0.0030,0,0,1,0,5.785427020,4.7090000e-05,-4.7090000e-05,137.0918100,7.560000e-03,-7.560000e-03,0.1630,0.3000,-0.1630,2.27100,0.17200,-0.17200,2.5620e+02,1.950e+01,-1.950e+01,1.91,5.900e-01,-2.600e-01,1212.0,,,510.79,456.72,-183.40,15.40,1,q1_q17_dr25_tce,6555.00,162.00,-255.00,4.374,0.067,-0.202,1.1780,0.3660,-0.1570,297.426360,43.816502,15.451
5096590,K03093.01,Kepler-1424 b,CONFIRMED,CANDIDATE,0.9960,0,0,0,0,29.609905500,5.1690000e-04,-5.1690000e-04,137.3316000,1.310000e-02,-1.310000e-02,0.9840,0.0190,-0.6870,7.43300,0.25200,-0.25200,1.2010e+02,9.000e+00,-9.000e+00,1.74,2.600e-01,-2.400e-01,629.0,,,37.12,15.56,-11.47,14.30,1,q1_q17_dr25_tce,5812.00,104.00,-116.00,4.329,0.126,-0.115,1.1220,0.1680,-0.1510,290.991670,40.229321,13.619
9650989,K03095.01,Kepler-1905 b,CONFIRMED,CANDIDATE,1.0000,0,0,0,0,3.423908090,1.7900000e-05,-1.7900000e-05,132.8832600,4.230000e-03,-4.230000e-03,0.2130,0.2430,-0.2130,1.77300,0.13400,-0.13400,1.5310e+02,1.400e+01,-1.400e+01,1.25,2.000e-01,-8.000e-02,1212.0,,,508.75,211.76,-92.51,13.10,1,q1_q17_dr25_tce,5788.00,78.00,-86.00,4.442,0.051,-0.119,1.0150,0.1610,-0.0690,292.573360,46.366840,15.067
6289257,K00307.02,Kepler-520 c,CONFIRMED,CANDIDATE,1.0000,0,0,0,0,5.211045970,1.3660000e-05,-1.3660000e-05,131.5379700,2.200000e-03,-2.200000e-03,0.8330,0.1020,-0.6250,3.34470,0.06350,-0.06350,1.0270e+02,3.100e+00,-3.100e+00,1.18,1.900e-01,-1.000e-01,1107.0,,,354.82,164.45,-80.86,36.90,2,q1_q17_dr25_tce,6023.00,120.00,-132.00,4.423,0.054,-0.126,1.0310,0.1680,-0.0840,293.180330,41.617760,12.797
6291837,K00308.01,Kepler-1715 b,CONFIRMED,CANDIDATE,1.0000,0,0,0,0,35.596968400,1.1310000e-04,-1.1310000e-04,187.5276500,2.540000e-03,-2.540000e-03,0.8950,0.0350,-0.6120,6.69100,0.21500,-0.21500,6.8450e+02,1.480e+01,-1.480e+01,3.72,6.400e-01,-4.300e-01,646.0,,,41.06,19.66,-11.68,52.50,1,q1_q17_dr25_tce,6212.00,111.00,-136.00,4.309,0.095,-0.116,1.2090,0.2100,-0.1400,293.929720,41.602871,12.351
7024222,K00309.01,,FALSE POSITIVE,FALSE POSITIVE,0.0010,0,0,1,0,1.633107509,5.0270000e-06,-5.0270000e-06,170.1964900,2.240000e-03,-2.240000e-03,0.3500,0.0780,-0.3500,1.49100,0.09340,-0.09340,6.0800e+01,3.600e+00,-3.600e+00,0.53,3.000e-02,-5.000e-02,1083.0,,,324.97,89.20,-81.86,21.70,1,q1_q17_dr25_tce,4579.00,124.00,-124.00,4.596,0.056,-0.024,0.6840,0.0480,-0.0590,288.823030,42.542728,12.843
7024511,K00311.01,,FALSE POSITIVE,FALSE POSITIVE,,0,0,0,1,66.154495800,5.6690000e-04,-5.6690000e-04,175.6464100,6.210000e-03,-6.210000e-03,0.8526,0.0749,-0.5930,6.94500,0.29700,-0.29700,1.9720e+03,1.040e+02,-1.040e+02,3.33,3.500e-01,-3.100e-01,315.0,,,2.33,0.97,-0.66,42.70,,,4679.00,175.00,-157.00,4.627,0.053,-0.041,0.6430,0.0680,-0.0600,288.925600,42.531509,12.655
7050989,K00312.01,Kepler-136 b,CONFIRMED,CANDIDATE,1.0000,0,0,0,0,11.578909260,1.7930000e-05,-1.7930000e-05,175.5860300,1.290000e-03,-1.290000e-03,0.3590,0.0910,-0.3590,2.72070,0.03900,-0.03900,2.4340e+02,4.900e+00,-4.900e+00,2.06,3.600e-01,-2.700e-01,951.0,,,193.48,93.81,-59.93,54.80,1,q1_q17_dr25_tce,6156.00,111.00,-136.00,4.284,0.099,-0.121,1.3030,0.2290,-0.1710,296.467320,42.598785,12.459
7175184,K00369.02,Kepler-144 c,CONFIRMED,CANDIDATE,1.0000,0,0,0,0,10.104631420,3.5720000e-05,-3.5720000e-05,135.5571800,3.110000e-03,-3.110000e-03,0.5710,0.3640,-0.3540,2.36900,0.08800,-0.08800,1.1460e+02,5.300e+00,-5.300e+00,1.59,2.900e-01,-3.200e-01,1046.0,,,283.38,148.44,-115.82,24.10,2,q1_q17_dr25_tce,6070.00,134.00,-122.00,4.157,0.168,-0.112,1.4310,0.2600,-0.2850,281.915680,42.775509,11.992
8494142,K00370.01,Kepler-145 c,CONFIRMED,CANDIDATE,0.9990,0,0,0,0,42.882479510,8.0660000e-05,-8.0660000e-05,203.6483000,1.410000e-03,-1.410000e-03,0.3910,0.0340,-0.3780,9.74710,0.05540,-0.05540,4.0890e+02,4.000e+00,-4.000e+00,3.61,2.500e-01,-1.600e-01,709.0,,,59.60,12.71,-9.19,112.20,1,q1_q17_dr25_tce,6143.00,97.00,-110.00,4.039,0.030,-0.030,1.7630,0.1190,-0.0820,291.387760,44.529110,11.931
11554435,K00063.01,Kepler-63 b,CONFIRMED,CANDIDATE,0.9990,0,0,0,0,9.434141710,2.1360000e-05,-2.1360000e-05,177.8434600,1.770000e-03,-1.770000e-03,0.5380,0.0460,-0.4340,2.81120,0.07750,-0.07750,3.9770e+03,1.160e+02,-1.160e+02,5.73,7.800e-01,-3.300e-01,791.0,,,92.39,35.49,-16.67,40.20,1,q1_q17_dr25_tce,5578.00,100.00,-111.00,4.518,0.035,-0.105,0.8860,0.1200,-0.0510,289.226170,49.548199,11.582
8494142,K00370.02,Kepler-145 b,CONFIRMED,CANDIDATE,0.9890,0,0,0,0,22.950622780,9.9270000e-05,-9.9270000e-05,151.5325900,3.150000e-03,-3.150000e-03,0.7480,0.1620,-0.5390,4.48140,0.09930,-0.09930,1.2980e+02,4.300e+00,-4.300e+00,2.17,1.500e-01,-1.000e-01,873.0,,,137.23,29.26,-21.17,32.90,2,q1_q17_dr25_tce,6143.00,97.00,-110.00,4.039,0.030,-0.030,1.7630,0.1190,-0.0820,291.387760,44.529110,11.931
5652983,K00371.01,,FALSE POSITIVE,FALSE POSITIVE,0.0000,0,1,0,0,498.391282000,2.0240000e-03,-2.0240000e-03,244.0816600,2.620000e-03,-2.620000e-03,0.9590,0.3330,-0.0240,6.13500,0.16800,-0.16800,1.5900e+03,3.920e+01,-3.920e+01,17.14,6.900e-01,-1.590e+00,339.0,,,3.11,0.43,-0.74,49.70,1,q1_q17_dr25_tce,5134.00,68.00,-98.00,3.611,0.020,-0.014,3.1070,0.1240,-0.2890,299.676150,40.856491,12.193
6471021,K00372.01,Kepler-539 b,CONFIRMED,CANDIDATE,0.0060,0,0,0,0,125.629147900,2.4050000e-04,-2.4050000e-04,253.3507900,1.430000e-03,-1.430000e-03,0.4710,0.0840,-0.2610,9.10800,0.10300,-0.10300,7.8416e+03,6.110e+01,-6.110e+01,10.02,1.470e+00,-1.330e+00,388.0,,,5.35,2.03,-1.56,150.40,1,q1_q17_dr25_tce,5819.00,69.00,-87.00,4.334,0.132,-0.108,1.1110,0.1630,-0.1480,299.122440,41.866760,12.391
7906671,K03018.01,,FALSE POSITIVE,FALSE POSITIVE,0.0000,0,0,1,0,45.117852600,2.9490000e-04,-2.9490000e-04,156.9913300,5.530000e-03,-5.530000e-03,0.9700,0.0020,-0.6790,3.73700,0.17400,-0.17400,3.8920e+02,2.520e+01,-2.520e+01,2.78,8.100e-01,-5.400e-01,517.0,,,16.87,14.70,-7.15,17.30,1,q1_q17_dr25_tce,5585.00,166.00,-166.00,4.339,0.190,-0.190,1.0380,0.3010,-0.2010,296.784450,43.619011,14.720
8709688,K03019.01,Kepler-1893 b,CONFIRMED,CANDIDATE,0.9630,0,0,0,0,4.179390370,2.8770000e-05,-2.8770000e-05,133.8481800,4.900000e-03,-4.900000e-03,0.3170,0.1440,-0.3170,2.64700,0.13200,-0.13200,1.7280e+02,1.220e+01,-1.220e+01,1.52,2.400e-01,-2.300e-01,1194.0,,,478.98,194.07,-154.33,16.10,1,q1_q17_dr25_tce,5633.00,76.00,-76.00,4.296,0.150,-0.113,1.1620,0.1790,-0.1790,298.401370,44.838181,14.927
8241079,K03020.01,,CANDIDATE,CANDIDATE,1.0000,0,0,0,0,10.919265300,1.1440000e-04,-1.1440000e-04,134.2678900,7.330000e-03,-7.330000e-03,0.4340,0.0200,-0.4340,4.57200,0.22300,-0.22300,9.1100e+01,7.100e+00,-7.100e+00,1.90,2.400e-01,-4.400e-01,1107.0,,,355.29,121.69,-155.75,15.00,1,q1_q17_dr25_tce,5745.00,86.00,-69.00,3.939,0.189,-0.081,1.9720,0.2460,-0.4580,294.540410,44.190979,13.534
3348285,K03021.01,,FALSE POSITIVE,FALSE POSITIVE,0.0000,0,0,1,0,0.803835923,4.0170000e-06,-4.0170000e-06,131.8020700,4.030000e-03,-4.030000e-03,0.4470,0.5280,-0.2480,1.39700,0.13800,-0.13800,5.2600e+01,5.600e+00,-5.600e+00,0.78,2.300e-01,-8.000e-02,2129.0,,,4863.18,4296.22,-1496.64,12.40,1,q1_q17_dr25_tce,6242.00,174.00,-217.00,4.442,0.052,-0.208,1.0470,0.3130,-0.1120,292.977750,38.420780,13.700
11618601,K03022.01,Kepler-1894 b,CONFIRMED,CANDIDATE,0.8280,0,0,0,0,2.762637370,1.6240000e-05,-1.6240000e-05,132.9957400,4.150000e-03,-4.150000e-03,0.4600,0.5040,-0.2640,1.82100,0.13800,-0.13800,1.8500e+02,1.550e+01,-1.550e+01,1.25,3.800e-01,-1.200e-01,1231.0,,,544.05,487.13,-149.92,14.10,1,q1_q17_dr25_tce,5772.00,156.00,-173.00,4.528,0.038,-0.212,0.9010,0.2750,-0.0860,295.586490,49.666851,15.400
7582689,K03097.01,Kepler-431 d,CONFIRMED,CANDIDATE,0.9830,0,0,0,0,11.921603500,1.1780000e-04,-1.1780000e-04,137.4758100,8.150000e-03,-8.150000e-03,0.9290,0.0400,-0.6640,5.00900,0.20500,-0.20500,4.3200e+01,3.100e+00,-3.100e+00,0.87,1.500e-01,-6.000e-02,851.0,,,123.89,52.32,-22.66,15.10,1,q1_q17_dr25_tce,6006.00,72.00,-84.00,4.403,0.054,-0.117,1.0820,0.1780,-0.0760,281.112340,43.227791,11.973
7582689,K03097.02,Kepler-431 b,CONFIRMED,CANDIDATE,0.9820,0,0,0,0,6.802579470,6.0990000e-05,-6.0990000e-05,138.0478000,7.290000e-03,-7.290000e-03,0.8890,0.0720,-0.6850,4.60800,0.21900,-0.21900,3.2700e+01,2.400e+00,-2.400e+00,0.73,1.200e-01,-5.000e-02,1026.0,,,262.26,110.75,-47.97,14.70,2,q1_q17_dr25_tce,6006.00,72.00,-84.00,4.403,0.054,-0.117,1.0820,0.1780,-0.0760,281.112340,43.227791,11.973
7582689,K03097.03,Kepler-431 c,CONFIRMED,CANDIDATE,1.0000,0,0,0,0,8.703121540,8.4900000e-05,-8.4900000e-05,140.1553100,8.240000e-03,-8.240000e-03,0.8860,0.0770,-0.6150,4.80700,0.23700,-0.23700,3.2000e+01,2.700e+00,-2.700e+00,0.72,1.100e-01,-5.000e-02,945.0,,,188.70,79.68,-34.52,13.00,3,q1_q17_dr25_tce,6006.00,72.00,-84.00,4.403,0.054,-0.117,1.0820,0.1780,-0.0760,281.112340,43.227791,11.973
9959589,K03098.01,,FALSE POSITIVE,FALSE POSITIVE,0.0000,0,0,1,1,1.332557603,9.5300000e-06,-9.5300000e-06,132.0569100,6.900000e-03,-6.900000e-03,1.1740,0.4500,-0.1130,6.04300,0.35000,-0.35000,2.2530e+02,1.010e+01,-1.010e+01,19.88,6.170e+00,-2.050e+00,1703.0,,,1983.27,1864.11,-597.74,28.10,1,q1_q17_dr25_tce,6091.00,189.00,-210.00,4.487,0.052,-0.208,0.9670,0.3000,-0.1000,295.237400,46.819630,15.787
9025922,K00043.01,,FALSE POSITIVE,FALSE POSITIVE,0.0000,0,1,1,1,11.320295990,1.7180000e-05,-1.7180000e-05,177.0838800,1.270000e-03,-1.270000e-03,0.9140,0.0100,-0.0110,4.58660,0.09780,-0.09780,4.3035e+03,9.090e+01,-9.090e+01,8.02,0.000e+00,0.000e+00,811.0,,,102.12,0.00,0.00,85.00,1,q1_q17_dr25_tce,5780.00,,,4.438,,,1.0000,,,293.266050,45.350697,13.290
6196457,K00285.02,Kepler-92 c,CONFIRMED,CANDIDATE,0.9760,0,0,0,0,26.723169000,7.8830000e-05,-7.8830000e-05,147.9369600,2.320000e-03,-2.320000e-03,0.0350,0.3740,-0.0350,8.50100,0.06880,-0.06880,1.9500e+02,3.100e+00,-3.100e+00,2.31,1.700e-01,-1.100e-01,781.0,,,88.10,19.75,-12.70,67.50,2,q1_q17_dr25_tce,5862.00,97.00,-80.00,4.050,0.033,-0.027,1.6700,0.1180,-0.0820,289.086060,41.562958,11.565
7050989,K00312.02,Kepler-136 c,CONFIRMED,CANDIDATE,0.9980,0,0,0,0,16.399264610,3.3730000e-05,-3.3730000e-05,131.9680600,1.690000e-03,-1.690000e-03,0.1150,0.3350,-0.1150,3.41080,0.05300,-0.05300,2.2080e+02,5.200e+00,-5.200e+00,1.94,3.400e-01,-2.600e-01,847.0,,,121.53,58.92,-37.65,46.40,2,q1_q17_dr25_tce,6156.00,111.00,-136.00,4.284,0.099,-0.121,1.3030,0.2290,-0.1710,296.467320,42.598785,12.459
7419318,K00313.01,Kepler-137 c,CONFIRMED,CANDIDATE,1.0000,0,0,0,0,18.735771270,2.2110000e-05,-2.2110000e-05,177.6343720,9.310000e-04,-9.310000e-04,0.7850,0.0590,-0.5440,3.03560,0.03570,-0.03570,5.6720e+02,7.700e+00,-7.700e+00,2.10,1.400e-01,-1.200e-01,568.0,,,24.66,5.70,-4.29,81.80,1,q1_q17_dr25_tce,5188.00,103.00,-103.00,4.547,0.040,-0.050,0.7950,0.0530,-0.0430,282.135530,43.039101,12.990
7419318,K00313.02,Kepler-137 b,CONFIRMED,CANDIDATE,1.0000,0,0,0,0,8.436398290,1.0860000e-05,-1.0860000e-05,179.8870400,1.030000e-03,-1.030000e-03,0.5100,0.0270,-0.4150,3.24510,0.03450,-0.03450,3.4550e+02,5.100e+00,-5.100e+00,1.50,1.000e-01,-8.000e-02,742.0,,,71.51,16.51,-12.46,76.80,2,q1_q17_dr25_tce,5188.00,103.00,-103.00,4.547,0.040,-0.050,0.7950,0.0530,-0.0430,282.135530,43.039101,12.990
7603200,K00314.01,Kepler-138 c,CONFIRMED,CANDIDATE,1.0000,0,0,0,0,13.781094710,1.0270000e-05,-1.0270000e-05,177.8527850,5.700000e-04,-5.700000e-04,0.5450,0.0800,-0.4060,2.31880,0.02670,-0.02670,7.5600e+02,7.800e+00,-7.800e+00,1.42,9.000e-02,-1.300e-01,402.0,,,6.17,1.39,-1.55,112.80,1,q1_q17_dr25_tce,3846.00,77.00,-84.00,4.738,0.052,-0.024,0.5030,0.0320,-0.0480,290.381500,43.292988,12.925
7603200,K00314.02,Kepler-138 d,CONFIRMED,CANDIDATE,1.0000,0,0,0,0,23.089022410,2.4140000e-05,-2.4140000e-05,171.0076340,8.110000e-04,-8.110000e-04,0.3200,0.1000,-0.3200,1.70120,0.03010,-0.03010,5.9830e+02,1.170e+01,-1.170e+01,1.24,8.000e-02,-1.200e-01,338.0,,,3.10,0.70,-0.78,57.40,2,q1_q17_dr25_tce,3846.00,77.00,-84.00,4.738,0.052,-0.024,0.5030,0.0320,-0.0480,290.381500,43.292988,12.925
10905239,K00046.02,Kepler-101 c,CONFIRMED,CANDIDATE,0.9170,0,0,0,0,6.029772410,6.2640000e-05,-6.2640000e-05,132.4816200,7.570000e-03,-7.570000e-03,0.3790,0.0880,-0.3790,3.96100,0.22900,-0.22900,5.4600e+01,5.100e+00,-5.100e+00,1.18,1.700e-01,-2.900e-01,1204.0,,,496.46,211.41,-229.78,11.50,2,q1_q17_dr25_tce,5576.00,112.00,-101.00,4.065,0.196,-0.084,1.5930,0.2350,-0.3820,283.255490,48.355232,13.770
7364176,K00373.01,Kepler-1718 b,CONFIRMED,CANDIDATE,1.0000,0,0,0,0,135.187993400,3.1700000e-04,-3.1700000e-04,190.9329200,2.000000e-03,-2.000000e-03,0.0230,0.3340,-0.0230,8.81910,0.06560,-0.06560,6.6340e+02,8.900e+00,-8.900e+00,2.32,3.100e-01,-2.000e-01,345.0,,,3.33,1.25,-0.78,85.80,1,q1_q17_dr25_tce,5731.00,103.00,-115.00,4.451,0.095,-0.095,0.9060,0.1190,-0.0800,292.234920,42.909458,12.765
8686097,K00374.01,Kepler-540 b,CONFIRMED,CANDIDATE,0.9920,0,0,0,0,172.704608300,4.7530000e-04,-4.7530000e-04,236.9257400,1.900000e-03,-1.900000e-03,0.0040,0.3830,-0.0040,11.34700,0.07380,-0.07380,6.5910e+02,8.000e+00,-8.000e+00,2.85,4.500e-01,-4.400e-01,355.0,,,3.77,1.65,-1.30,92.90,1,q1_q17_dr25_tce,5851.00,105.00,-117.00,4.302,0.156,-0.104,1.1160,0.1750,-0.1750,290.625240,44.873959,12.209
12356617,K00375.01,Kepler-1704 b,CONFIRMED,CANDIDATE,,0,0,0,0,988.881117700,9.1140000e-04,-9.1140000e-04,239.2241890,6.010000e-04,-6.010000e-04,0.1667,0.1675,-0.1667,5.95040,0.04440,-0.04440,5.0600e+03,3.890e+01,-3.890e+01,10.81,2.660e+00,-2.050e+00,223.0,,,0.58,0.40,-0.23,136.40,,,5755.00,112.00,-112.00,4.101,0.145,-0.129,1.5490,0.3810,-0.2940,291.201200,51.144279,13.293
12643589,K00376.01,,FALSE POSITIVE,FALSE POSITIVE,0.0000,0,1,1,1,44.145990420,4.4870000e-05,-4.4870000e-05,211.5311270,8.210000e-04,-8.210000e-04,1.9020,69.6400,-1.2420,3.40150,0.03720,-0.03720,4.4678e+03,5.370e+01,-5.370e+01,121.48,3.943e+01,-1.318e+01,624.0,,,35.87,33.31,-10.93,99.60,1,q1_q17_dr25_tce,6692.00,160.00,-220.00,4.383,0.065,-0.208,1.1520,0.3740,-0.1250,288.321470,51.726601,13.754
12643589,K00376.02,,FALSE POSITIVE,FALSE POSITIVE,0.0000,0,1,1,0,1.411627439,8.2700000e-07,-8.2700000e-07,178.2634260,4.530000e-04,-4.530000e-04,0.8530,0.0390,-0.6140,1.08140,0.01540,-0.01540,5.1520e+02,1.110e+01,-1.110e+01,2.99,9.700e-01,-3.300e-01,1966.0,,,3523.63,3272.15,-1073.69,53.10,2,q1_q17_dr25_tce,6692.00,160.00,-220.00,4.383,0.065,-0.208,1.1520,0.3740,-0.1250,288.321470,51.726601,13.754
3323887,K00377.01,Kepler-9 b,CONFIRMED,CANDIDATE,0.0000,0,0,0,0,19.270825843,4.1820000e-06,-4.1820000e-06,182.5436000,1.710000e-04,-1.710000e-04,0.1690,0.0590,-0.1690,4.12810,0.01350,-0.01350,6.6605e+03,1.300e+01,-1.300e+01,7.74,1.200e+00,-4.200e-01,661.0,,,45.05,19.36,-8.27,577.10,2,q1_q17_dr25_tce,5779.00,104.00,-127.00,4.491,0.030,-0.128,0.9560,0.1470,-0.0530,285.573970,38.400902,13.803
11618601,K03022.02,Kepler-1894 c,CONFIRMED,CANDIDATE,0.9720,0,0,0,0,5.053689850,5.0760000e-05,-5.0760000e-05,135.1129600,8.640000e-03,-8.640000e-03,0.5300,0.4280,-0.3140,2.51400,0.21900,-0.21900,1.7150e+02,1.760e+01,-1.760e+01,1.21,3.700e-01,-1.100e-01,1007.0,,,243.06,217.63,-66.98,11.50,2,q1_q17_dr25_tce,5772.00,156.00,-173.00,4.528,0.038,-0.212,0.9010,0.2750,-0.0860,295.586490,49.666851,15.400
7732285,K03023.01,,FALSE POSITIVE,FALSE POSITIVE,0.0010,0,0,1,0,4.390496370,1.6550000e-05,-1.6550000e-05,134.1273500,3.810000e-03,-3.810000e-03,0.3890,0.0630,-0.3890,3.01120,0.08100,-0.08100,1.1350e+02,4.300e+00,-4.300e+00,2.07,6.100e-01,-8.100e-01,1637.0,,,1701.16,1476.88,-1154.70,31.10,1,q1_q17_dr25_tce,6429.00,181.00,-227.00,3.989,0.319,-0.147,1.9080,0.5590,-0.7460,282.251770,43.493759,13.330
9716391,K03025.01,Kepler-1413 b,CONFIRMED,CANDIDATE,0.9580,0,0,0,0,13.182932900,1.0740000e-04,-1.0740000e-04,141.8264800,7.390000e-03,-7.390000e-03,0.0160,0.4370,-0.0160,3.59400,0.21500,-0.21500,5.1800e+02,4.380e+01,-4.380e+01,1.84,3.600e-01,-1.500e-01,661.0,,,45.19,27.70,-12.18,13.80,1,q1_q17_dr25_tce,5382.00,167.00,-185.00,4.571,0.025,-0.136,0.8270,0.1610,-0.0690,294.341640,46.498760,16.239
6929841,K03026.01,Kepler-1414 b,CONFIRMED,CANDIDATE,0.9980,0,0,0,0,3.515754920,1.3890000e-05,-1.3890000e-05,134.2997400,3.240000e-03,-3.240000e-03,0.0610,0.4060,-0.0610,1.38100,0.11000,-0.11000,2.3740e+02,1.960e+01,-1.960e+01,1.35,4.100e-01,-1.600e-01,1033.0,,,269.57,254.81,-85.79,15.20,1,q1_q17_dr25_tce,5094.00,174.00,-157.00,4.450,0.104,-0.338,0.9010,0.2740,-0.1090,284.928590,42.422310,14.897
5088536,K00282.03,Kepler-130 d,CONFIRMED,CANDIDATE,0.8940,0,0,0,0,87.517778700,6.6570000e-04,-6.6570000e-04,201.1545100,5.070000e-03,-5.070000e-03,0.9830,0.0290,-0.7350,2.55000,0.17100,-0.17100,1.3650e+02,1.320e+01,-1.320e+01,1.85,8.000e-02,-7.000e-02,451.0,,,9.76,1.39,-1.25,12.20,3,q1_q17_dr25_tce,5903.00,70.00,-79.00,4.304,0.020,-0.018,1.1370,0.0500,-0.0460,288.450650,40.245327,11.529
5124254,K03099.01,,FALSE POSITIVE,FALSE POSITIVE,0.0000,0,0,1,0,14.049818200,8.9920000e-05,-8.9920000e-05,140.5039600,5.000000e-03,-5.000000e-03,0.5690,0.3720,-0.3600,2.90700,0.16100,-0.16100,4.7200e+02,3.780e+01,-3.780e+01,1.45,7.000e-02,-1.300e-01,480.0,,,12.56,2.96,-3.40,14.50,1,q1_q17_dr25_tce,4228.00,128.00,-141.00,4.618,0.052,-0.017,0.6520,0.0310,-0.0560,297.856320,40.218102,15.648
11508644,K03101.01,Kepler-1426 b,CONFIRMED,CANDIDATE,0.9980,0,0,0,0,14.256327200,1.7430000e-04,-1.7430000e-04,133.4097100,8.800000e-03,-8.800000e-03,0.8940,0.0630,-0.6040,4.79600,0.30200,-0.30200,2.0610e+02,1.680e+01,-1.680e+01,1.73,5.800e-01,-1.900e-01,797.0,,,95.22,93.35,-30.89,14.30,1,q1_q17_dr25_tce,6140.00,171.00,-236.00,4.455,0.056,-0.210,1.0270,0.3410,-0.1140,292.545750,49.416969,15.192
12168993,K03105.01,,CANDIDATE,CANDIDATE,0.9990,0,0,0,0,4.212235790,7.9300000e-05,-7.9300000e-05,132.9291000,1.240000e-02,-1.240000e-02,0.9700,0.0060,-0.7150,7.89800,0.43500,-0.43500,1.1640e+02,1.100e+01,-1.100e+01,1.04,1.100e-01,-1.100e-01,887.0,,,146.40,56.02,-39.77,12.80,1,q1_q17_dr25_tce,5116.00,153.00,-138.00,4.591,0.061,-0.050,0.7000,0.0760,-0.0690,296.280640,50.755669,15.277
8895758,K03106.01,Kepler-1427 b,CONFIRMED,CANDIDATE,0.8770,0,0,0,0,0.968980781,6.4070000e-06,-6.4070000e-06,132.4192100,6.050000e-03,-6.050000e-03,0.0650,0.3920,-0.0650,1.51700,0.14700,-0.14700,1.1850e+02,1.110e+01,-1.110e+01,1.08,3.500e-01,-1.100e-01,1844.0,,,2730.51,2661.93,-839.19,12.80,1,q1_q17_dr25_tce,5866.00,182.00,-203.00,4.473,0.054,-0.216,1.0000,0.3220,-0.1070,295.349670,45.114552,15.415
10031500,K03107.01,,FALSE POSITIVE,FALSE POSITIVE,0.0000,1,0,0,1,8.589562000,2.2320000e-04,-2.2320000e-04,132.0335000,2.310000e-02,-2.310000e-02,1.1380,15.2400,-0.2690,9.88500,0.88900,-0.88900,2.4540e+02,2.080e+01,-2.080e+01,15.95,4.220e+00,-2.460e+00,891.0,,,148.61,121.94,-55.70,14.00,1,q1_q17_dr25_tce,5766.00,190.00,-190.00,4.404,0.149,-0.182,0.9450,0.2500,-0.1460,298.713620,46.903118,15.214
7603200,K00314.03,Kepler-138 b,CONFIRMED,CANDIDATE,0.9990,0,0,0,0,10.312822040,3.0110000e-05,-3.0110000e-05,133.5352800,2.400000e-03,-2.400000e-03,0.0610,0.3650,-0.0610,2.01380,0.06940,-0.06940,1.3760e+02,6.900e+00,-6.900e+00,0.59,4.000e-02,-6.000e-02,443.0,,,9.07,2.04,-2.27,22.00,3,q1_q17_dr25_tce,3846.00,77.00,-84.00,4.738,0.052,-0.024,0.5030,0.0320,-0.0480,290.381500,43.292988,12.925
7700622,K00315.01,Kepler-1716 b,CONFIRMED,CANDIDATE,1.0000,0,0,0,0,35.583496880,4.6260000e-05,-4.6260000e-05,189.0356200,1.000000e-03,-1.000000e-03,0.0010,0.4160,-0.0010,3.98850,0.03720,-0.03720,9.3760e+02,1.180e+01,-1.180e+01,2.03,1.200e-01,-9.000e-02,408.0,,,6.54,1.41,-1.04,90.80,1,q1_q17_dr25_tce,4894.00,97.00,-97.00,4.637,0.015,-0.042,0.6840,0.0410,-0.0310,297.271880,43.333309,12.968
8008067,K00316.01,Kepler-139 b,CONFIRMED,CANDIDATE,1.0000,0,0,0,0,15.771110670,1.6410000e-05,-1.6410000e-05,184.9034700,8.160000e-04,-8.160000e-04,0.0090,0.3600,-0.0090,5.05740,0.03010,-0.03010,5.4710e+02,4.800e+00,-4.800e+00,2.62,4.000e-01,-3.100e-01,752.0,,,75.61,32.12,-21.78,123.20,1,q1_q17_dr25_tce,5620.00,100.00,-112.00,4.333,0.115,-0.115,1.1430,0.1740,-0.1390,282.391940,43.889351,12.701
8008067,K00316.02,Kepler-139 c,CONFIRMED,CANDIDATE,1.0000,0,0,0,0,157.065997600,6.4680000e-04,-6.4680000e-04,481.2694200,2.570000e-03,-2.570000e-03,0.0040,0.4150,-0.0040,8.12890,0.09860,-0.09860,5.5140e+02,1.080e+01,-1.080e+01,2.63,4.100e-01,-3.200e-01,350.0,,,3.53,1.50,-1.02,50.90,2,q1_q17_dr25_tce,5620.00,100.00,-112.00,4.333,0.115,-0.115,1.1430,0.1740,-0.1390,282.391940,43.889351,12.701
8008067,K00316.03,Kepler-139 d,CONFIRMED,CANDIDATE,1.0000,0,0,0,0,7.305706326,8.1910000e-06,-8.1910000e-06,131.7790500,9.450000e-04,-9.450000e-04,0.8260,0.0690,-0.5750,1.42280,0.02840,-0.02840,2.6490e+02,6.900e+00,-6.900e+00,2.11,3.300e-01,-2.500e-01,972.0,,,210.72,89.48,-60.72,43.60,3,q1_q17_dr25_tce,5620.00,100.00,-112.00,4.333,0.115,-0.115,1.1430,0.1740,-0.1390,282.391940,43.889351,12.701
3323887,K00377.02,Kepler-9 c,CONFIRMED,CANDIDATE,,0,0,0,0,38.907875170,1.3580000e-05,-1.3580000e-05,175.4258470,2.770000e-04,-2.770000e-04,0.6883,0.0228,-0.0290,4.52710,0.03540,-0.03540,6.1591e+03,1.830e+01,-1.830e+01,7.98,1.530e+00,-4.200e-01,523.0,,,17.66,9.42,-3.16,366.10,,,5779.00,110.00,-128.00,4.491,0.030,-0.160,0.9560,0.1840,-0.0500,285.573970,38.400902,13.803
7051180,K00064.01,,CANDIDATE,CANDIDATE,1.0000,0,0,0,0,1.951082219,3.8880000e-06,-3.8880000e-06,157.5431600,1.590000e-03,-1.590000e-03,0.9250,0.0290,-0.7210,1.69750,0.05340,-0.05340,1.1518e+03,4.580e+01,-4.580e+01,10.35,7.700e-01,-1.250e+00,2005.0,,,3822.26,832.84,-1056.73,30.10,1,q1_q17_dr25_tce,5302.00,71.00,-87.00,3.768,0.060,-0.045,2.4260,0.1810,-0.2930,296.510590,42.547440,13.143
3323887,K00377.03,Kepler-9 d,CONFIRMED,CANDIDATE,,0,0,0,0,1.592959750,2.2940000e-06,-2.2940000e-06,182.0892400,1.090000e-03,-1.090000e-03,0.0779,0.3702,-0.0779,1.93130,0.03250,-0.03250,2.4830e+02,5.600e+00,-5.600e+00,1.48,2.900e-01,-7.000e-02,1517.0,,,1251.43,667.49,-223.80,48.90,,,5779.00,110.00,-128.00,4.491,0.030,-0.160,0.9560,0.1840,-0.0500,285.573970,38.400902,13.803
2449074,K00378.01,,FALSE POSITIVE,FALSE POSITIVE,0.0000,0,1,1,1,4.944021970,1.8530000e-05,-1.8530000e-05,173.7519200,2.770000e-03,-2.770000e-03,1.1570,12.7200,-0.1550,4.06200,0.16000,-0.16000,3.6330e+02,1.300e+01,-1.300e+01,32.92,8.400e+00,-1.261e+01,1419.0,,,958.29,775.12,-641.99,33.00,1,q1_q17_dr25_tce,6013.00,211.00,-211.00,4.035,0.360,-0.144,1.7000,0.4340,-0.6510,292.693300,37.705513,13.150
2446113,K00379.01,,FALSE POSITIVE,FALSE POSITIVE,0.0730,0,0,1,0,6.717256480,1.1550000e-05,-1.1550000e-05,170.9973300,1.370000e-03,-1.370000e-03,0.1630,0.3110,-0.1630,2.52070,0.04470,-0.04470,2.7270e+02,6.300e+00,-6.300e+00,2.78,5.000e-01,-6.000e-01,1264.0,,,603.71,303.75,-266.08,49.10,1,q1_q17_dr25_tce,6078.00,122.00,-134.00,4.094,0.174,-0.116,1.6830,0.3000,-0.3670,292.056760,37.776192,13.319
2446113,K00379.02,,CANDIDATE,CANDIDATE,1.0000,0,0,0,0,23.137591900,2.1730000e-04,-2.1730000e-04,152.1733500,9.530000e-03,-9.530000e-03,0.4290,0.0270,-0.4290,3.35000,0.25600,-0.25600,1.1400e+02,9.700e+00,-9.700e+00,1.83,3.200e-01,-4.000e-01,837.0,,,115.86,58.29,-51.06,12.90,2,q1_q17_dr25_tce,6078.00,122.00,-134.00,4.094,0.174,-0.116,1.6830,0.3000,-0.3670,292.056760,37.776192,13.319
11137180,K03027.01,Kepler-1895 b,CONFIRMED,CANDIDATE,0.9290,0,0,0,0,6.070325480,3.1740000e-05,-3.1740000e-05,135.3093300,4.330000e-03,-4.330000e-03,0.4540,0.0130,-0.4540,1.34100,0.14000,-0.14000,3.1160e+02,3.390e+01,-3.390e+01,1.36,1.700e-01,-9.000e-02,789.0,,,91.45,41.31,-20.68,11.90,1,q1_q17_dr25_tce,5076.00,166.00,-151.00,4.598,0.022,-0.088,0.7630,0.0990,-0.0500,291.675600,48.762562,15.489
9838804,K03028.01,,FALSE POSITIVE,FALSE POSITIVE,0.0000,0,0,0,1,1.332569520,1.3260000e-05,-1.3260000e-05,132.0383500,9.560000e-03,-9.560000e-03,0.4630,0.0310,-0.4380,2.91500,0.17300,-0.17300,1.6350e+02,1.160e+01,-1.160e+01,1.06,2.600e-01,-8.000e-02,1461.0,,,1076.99,822.86,-292.28,16.50,1,q1_q17_dr25_tce,5547.00,182.00,-199.00,4.571,0.038,-0.162,0.8200,0.2010,-0.0670,294.962460,46.676289,15.983
5903749,K03029.01,,CANDIDATE,CANDIDATE,1.0000,0,0,0,0,18.976328600,1.5000000e-04,-1.5000000e-04,134.8339600,6.510000e-03,-6.510000e-03,0.9220,0.0410,-0.7170,2.37900,0.18900,-0.18900,3.2980e+02,3.440e+01,-3.440e+01,2.24,2.700e-01,-2.800e-01,638.0,,,39.11,13.09,-10.70,11.00,1,q1_q17_dr25_tce,5300.00,79.00,-79.00,4.385,0.126,-0.092,0.9860,0.1200,-0.1200,298.758360,41.159882,14.948
5903749,K03029.02,,CANDIDATE,CANDIDATE,0.9850,0,0,0,0,6.347247020,6.7710000e-05,-6.7710000e-05,133.0039800,9.790000e-03,-9.790000e-03,0.7390,0.2270,-0.5170,3.09700,0.24900,-0.24900,1.5980e+02,1.630e+01,-1.630e+01,1.35,1.600e-01,-1.600e-01,919.0,,,168.14,56.31,-46.00,11.10,2,q1_q17_dr25_tce,5300.00,79.00,-79.00,4.385,0.126,-0.092,0.9860,0.1200,-0.1200,298.758360,41.159882,14.948
5524881,K03030.01,,FALSE POSITIVE,FALSE POSITIVE,0.0000,0,0,1,0,7.195526240,8.7760000e-05,-8.7760000e-05,136.0300800,9.850000e-03,-9.850000e-03,0.5930,0.3540,-0.3800,4.09500,0.21600,-0.21600,2.1460e+02,1.640e+01,-1.640e+01,1.67,5.500e-01,-1.900e-01,1037.0,,,273.05,276.43,-91.28,15.60,1,q1_q17_dr25_tce,6242.00,195.00,-260.00,4.432,0.058,-0.232,1.0930,0.3650,-0.1220,289.091060,40.751122,15.614
3756264,K03108.01,Kepler-1906 b,CONFIRMED,CANDIDATE,1.0000,0,0,0,0,7.362721240,1.9300000e-05,-1.9300000e-05,136.8614300,2.140000e-03,-2.140000e-03,0.2530,0.1980,-0.2530,1.32870,0.08200,-0.08200,4.2930e+02,2.970e+01,-2.970e+01,1.86,4.900e-01,-1.600e-01,901.0,,,155.72,115.25,-40.51,17.80,1,q1_q17_dr25_tce,5868.00,140.00,-175.00,4.530,0.042,-0.179,0.8940,0.2310,-0.0770,293.826630,38.856621,14.941
11572193,K03109.01,Kepler-1428 b,CONFIRMED,CANDIDATE,0.9890,0,0,0,0,10.676159200,1.0710000e-04,-1.0710000e-04,140.5913600,7.980000e-03,-7.980000e-03,0.4030,0.0420,-0.4030,4.59400,0.23000,-0.23000,1.5100e+02,1.250e+01,-1.250e+01,1.79,3.300e-01,-1.400e-01,1049.0,,,285.79,141.95,-63.09,14.10,1,q1_q17_dr25_tce,6460.00,116.00,-141.00,4.267,0.040,-0.128,1.4340,0.2590,-0.1110,297.642270,49.594978,13.688
11285870,K03110.01,Kepler-1429 b,CONFIRMED,CANDIDATE,0.9720,0,0,0,0,4.484943150,3.3790000e-05,-3.3790000e-05,135.0183600,5.410000e-03,-5.410000e-03,0.3000,0.1430,-0.3000,2.75200,0.17900,-0.17900,1.3490e+02,1.270e+01,-1.270e+01,1.23,4.100e-01,-1.300e-01,1199.0,,,488.22,477.99,-152.79,12.40,1,q1_q17_dr25_tce,6217.00,172.00,-216.00,4.437,0.056,-0.224,1.0510,0.3490,-0.1160,285.366240,49.044868,14.879
8581240,K03111.01,,CANDIDATE,CANDIDATE,1.0000,0,0,0,0,10.768000740,8.2530000e-05,-8.2530000e-05,138.5066900,5.790000e-03,-5.790000e-03,0.5830,0.3560,-0.3930,3.49400,0.17500,-0.17500,6.5100e+01,5.000e+00,-5.000e+00,0.92,1.300e-01,-1.200e-01,885.0,,,144.85,59.35,-44.02,14.20,1,q1_q17_dr25_tce,5874.00,105.00,-117.00,4.338,0.126,-0.115,1.0960,0.1600,-0.1440,298.576870,44.621609,12.863
8581240,K03111.02,,CANDIDATE,CANDIDATE,0.9860,0,0,0,0,4.328483030,4.0920000e-05,-4.0920000e-05,132.5128000,7.470000e-03,-7.470000e-03,0.3670,0.0840,-0.3670,2.95500,0.25500,-0.25500,3.5500e+01,3.600e+00,-3.600e+00,0.66,1.000e-01,-9.000e-02,1199.0,,,488.23,200.04,-148.35,11.40,2,q1_q17_dr25_tce,5874.00,105.00,-117.00,4.338,0.126,-0.115,1.0960,0.1600,-0.1440,298.576870,44.621609,12.863
6196457,K00285.03,Kepler-92 d,CONFIRMED,CANDIDATE,0.4760,0,0,0,0,49.356790700,3.5640000e-04,-3.5640000e-04,134.2953300,6.660000e-03,-6.660000e-03,0.2770,0.1890,-0.2770,10.95400,0.16500,-0.16500,1.3020e+02,3.900e+00,-3.900e+00,1.91,1.300e-01,-1.000e-01,637.0,,,38.86,8.71,-5.60,35.00,3,q1_q17_dr25_tce,5862.00,97.00,-80.00,4.050,0.033,-0.027,1.6700,0.1180,-0.0820,289.086060,41.562958,11.565
8121310,K00317.01,Kepler-521 b,CONFIRMED,CANDIDATE,0.9990,0,0,0,0,22.208095490,4.1410000e-05,-4.1410000e-05,206.3596500,1.350000e-03,-1.350000e-03,0.0170,0.3080,-0.0170,7.33270,0.04490,-0.04490,4.6320e+02,5.400e+00,-5.400e+00,3.02,5.300e-01,-2.800e-01,803.0,,,98.36,47.29,-24.50,92.70,1,q1_q17_dr25_tce,6336.00,113.00,-139.00,4.266,0.063,-0.117,1.4030,0.2450,-0.1320,298.816380,43.998039,12.885
8156120,K00318.01,Kepler-522 b,CONFIRMED,CANDIDATE,0.9870,0,0,0,0,38.583367900,3.1340000e-04,-3.1340000e-04,174.8486800,5.780000e-03,-5.780000e-03,0.9050,0.0320,-0.0720,12.39100,0.63900,-0.63900,1.3882e+03,3.630e+01,-3.630e+01,8.56,1.570e+00,-1.920e+00,761.0,,,79.08,39.82,-35.14,46.10,1,q1_q17_dr25_tce,6273.00,113.00,-126.00,4.040,0.174,-0.116,1.9270,0.3530,-0.4310,288.153990,44.068821,12.211
8684730,K00319.01,,CANDIDATE,CANDIDATE,0.9980,0,0,0,0,46.151194820,3.0260000e-05,-3.0260000e-05,176.6260260,5.340000e-04,-5.340000e-04,0.9040,0.0030,-0.0040,6.34270,0.03760,-0.03760,1.8173e+03,7.800e+00,-7.800e+00,10.02,7.300e-01,-4.000e-01,703.0,,,57.80,12.87,-7.26,286.00,1,q1_q17_dr25_tce,5877.00,88.00,-79.00,3.927,0.015,-0.013,1.9630,0.1440,-0.0770,290.117520,44.872940,12.711
8700558,K00320.01,,FALSE POSITIVE,FALSE POSITIVE,0.0000,1,0,1,0,4.791798930,9.2630000e-06,-9.2630000e-06,173.5167900,1.610000e-03,-1.610000e-03,1.2090,7.6660,-0.1030,2.92830,0.07780,-0.07780,1.2390e+02,3.200e+00,-3.200e+00,26.26,6.000e+00,-3.000e+00,1249.0,,,575.43,373.67,-175.75,46.30,2,q1_q17_dr25_tce,6499.00,146.00,-195.00,4.408,0.055,-0.154,1.1030,0.2520,-0.1260,295.947810,44.827831,12.174
8753657,K00321.01,Kepler-406 b,CONFIRMED,CANDIDATE,1.0000,0,0,0,0,2.426304127,2.3980000e-06,-2.3980000e-06,170.4555170,8.210000e-04,-8.210000e-04,0.6940,0.1770,-0.4550,2.66240,0.02800,-0.02800,1.8540e+02,2.200e+00,-2.200e+00,1.41,2.100e-01,-8.000e-02,1302.0,,,679.12,293.10,-123.50,97.00,1,q1_q17_dr25_tce,5678.00,102.00,-124.00,4.484,0.030,-0.120,0.9700,0.1500,-0.0530,291.848050,44.968220,12.520
8554498,K00005.01,,CANDIDATE,CANDIDATE,1.0000,0,0,0,0,4.780327581,8.5200000e-07,-8.5200000e-07,132.9740860,1.480000e-04,-1.480000e-04,0.9520,0.0010,-0.0020,2.02530,0.01390,-0.01390,9.6080e+02,3.900e+00,-3.900e+00,7.14,5.200e-01,-3.100e-01,1441.0,,,1020.05,223.43,-125.20,380.80,1,q1_q17_dr25_tce,5937.00,83.00,-65.00,4.012,0.030,-0.030,1.7870,0.1320,-0.0760,289.739720,44.647419,11.665
3847708,K00389.01,,FALSE POSITIVE,FALSE POSITIVE,0.0000,0,1,1,0,3.741231778,5.7390000e-06,-5.7390000e-06,171.7062600,1.240000e-03,-1.240000e-03,0.2500,0.7570,-0.2500,2.46900,0.37100,-0.37100,4.1900e+02,1.860e+01,-1.860e+01,1.55,2.200e-01,-1.200e-01,951.0,,,193.55,89.55,-46.32,66.60,1,q1_q17_dr25_tce,5206.00,142.00,-142.00,4.598,0.032,-0.091,0.7670,0.1120,-0.0600,290.701020,38.954681,13.936
3849155,K00390.01,,FALSE POSITIVE,FALSE POSITIVE,0.0000,0,1,1,0,1.168310132,1.0270000e-06,-1.0270000e-06,170.6042050,6.700000e-04,-6.700000e-04,0.1070,0.3630,-0.1070,1.31000,0.02650,-0.02650,2.8330e+02,5.500e+00,-5.500e+00,1.43,3.100e-01,-1.900e-01,1577.0,,,1469.16,976.60,-479.58,64.70,1,q1_q17_dr25_tce,5509.00,166.00,-149.00,4.487,0.092,-0.138,0.8570,0.1850,-0.1140,291.127990,38.914688,13.831
3858804,K00391.01,,FALSE POSITIVE,FALSE POSITIVE,0.0000,0,1,1,1,25.952547800,2.6260000e-04,-2.6260000e-04,174.8427500,8.760000e-03,-8.760000e-03,1.2280,8.8570,-0.7850,21.32800,0.45000,-0.45000,4.7840e+02,1.010e+01,-1.010e+01,74.69,1.156e+01,-2.144e+01,865.0,,,132.40,57.09,-71.76,57.00,1,q1_q17_dr25_tce,5211.00,93.00,-134.00,3.715,0.182,-0.098,2.7210,0.4210,-0.7810,293.672450,38.985699,13.778
3942670,K00392.01,Kepler-147 c,CONFIRMED,CANDIDATE,1.0000,0,0,0,0,33.416055300,3.1020000e-04,-3.1020000e-04,171.3369600,7.010000e-03,-7.010000e-03,0.9470,0.0120,-0.6640,8.60500,0.18900,-0.18900,2.7580e+02,1.020e+01,-1.020e+01,2.98,5.500e-01,-5.500e-01,689.0,,,53.18,27.78,-20.66,29.30,1,q1_q17_dr25_tce,6007.00,122.00,-122.00,4.178,0.162,-0.108,1.4200,0.2630,-0.2630,287.975770,39.087181,13.954
3942670,K00392.02,Kepler-147 b,CONFIRMED,CANDIDATE,0.9930,0,0,0,0,12.611968500,2.9830000e-04,-2.9830000e-04,138.1189000,1.910000e-02,-1.910000e-02,0.7090,0.2580,-0.4690,6.37200,0.39800,-0.39800,7.6500e+01,7.300e+00,-7.300e+00,1.33,2.400e-01,-2.500e-01,953.0,,,194.90,101.81,-75.71,12.20,2,q1_q17_dr25_tce,6007.00,122.00,-122.00,4.178,0.162,-0.108,1.4200,0.2630,-0.2630,287.975770,39.087181,13.954
6949898,K03031.01,,CANDIDATE,CANDIDATE,0.9910,0,0,0,0,7.648094620,5.6070000e-05,-5.6070000e-05,137.2173700,5.130000e-03,-5.130000e-03,0.2650,0.1920,-0.2650,2.21600,0.16100,-0.16100,1.9590e+02,1.880e+01,-1.880e+01,1.19,3.000e-01,-1.000e-01,840.0,,,117.65,92.15,-30.60,12.20,1,q1_q17_dr25_tce,5641.00,169.00,-169.00,4.554,0.033,-0.176,0.8500,0.2200,-0.0730,292.227390,42.451969,15.267
10585738,K03032.01,Kepler-1415 b,CONFIRMED,FALSE POSITIVE,0.9730,0,1,0,0,0.636424848,1.5220000e-06,-1.5220000e-06,131.6887200,1.940000e-03,-1.940000e-03,0.3190,0.1500,-0.3190,0.94700,0.07730,-0.07730,2.1790e+02,1.480e+01,-1.480e+01,1.31,2.700e-01,-9.000e-02,1846.0,,,2754.93,1871.52,-687.31,18.10,1,q1_q17_dr25_tce,5343.00,186.00,-186.00,4.538,0.027,-0.153,0.8850,0.1860,-0.0620,285.156920,47.873329,15.744
7186665,K03033.01,,FALSE POSITIVE,FALSE POSITIVE,0.0000,0,1,0,0,8.559353230,7.4580000e-05,-7.4580000e-05,137.2285400,6.960000e-03,-6.960000e-03,0.7440,0.2220,-0.5230,4.30300,0.22100,-0.22100,1.4880e+02,8.700e+00,-8.700e+00,1.21,3.200e-01,-1.400e-01,921.0,,,169.77,129.38,-53.18,20.40,1,q1_q17_dr25_tce,6115.00,164.00,-182.00,4.462,0.084,-0.182,0.9190,0.2380,-0.1100,287.122340,42.706940,14.538
2973386,K03034.01,,CANDIDATE,CANDIDATE,1.0000,0,0,0,0,31.020917500,1.8950000e-04,-1.8950000e-04,138.0147900,4.480000e-03,-4.480000e-03,0.8810,0.0510,-0.6070,2.01200,0.13000,-0.13000,8.5950e+02,6.790e+01,-6.790e+01,1.66,1.200e-01,-1.700e-01,291.0,,,1.70,0.40,-0.45,15.10,1,q1_q17_dr25_tce,3720.00,73.00,-81.00,4.764,0.054,-0.031,0.4800,0.0330,-0.0500,286.980130,38.165218,15.572
6388770,K03035.01,,FALSE POSITIVE,FALSE POSITIVE,0.0000,0,1,0,0,21.341970200,,,134.0940000,,,,,,10.73000,,,,,,,,,,,,105.86,158.56,-48.26,,1,q1_q17_dr25_tce,,,,,,,,,,298.361880,41.781109,13.870
7022573,K03112.01,,CANDIDATE,CANDIDATE,0.7610,0,0,0,0,2.118893997,7.7150000e-06,-7.7150000e-06,132.8042000,2.900000e-03,-2.900000e-03,0.0190,0.4240,-0.0190,0.82200,0.15900,-0.15900,3.1140e+02,3.900e+01,-3.900e+01,1.41,3.100e-01,-1.400e-01,1230.0,,,541.53,378.17,-153.15,11.30,1,q1_q17_dr25_tce,5504.00,182.00,-182.00,4.583,0.038,-0.152,0.7960,0.1760,-0.0750,288.210720,42.556808,15.855
7676423,K03113.01,Kepler-1430 b,CONFIRMED,CANDIDATE,1.0000,0,0,0,0,2.460500950,1.1720000e-05,-1.1720000e-05,133.6160500,4.040000e-03,-4.040000e-03,0.0520,0.4140,-0.0520,1.86100,0.12600,-0.12600,2.7680e+02,2.010e+01,-2.010e+01,1.03,9.000e-02,-9.000e-02,969.0,,,208.54,76.18,-58.96,16.70,1,q1_q17_dr25_tce,4811.00,174.00,-174.00,4.626,0.058,-0.036,0.6340,0.0560,-0.0560,289.697480,43.372089,15.245
9288237,K03114.01,,CANDIDATE,CANDIDATE,0.9880,0,0,0,0,7.491337770,8.2350000e-05,-8.2350000e-05,135.3125700,8.430000e-03,-8.430000e-03,0.0130,0.4400,-0.0130,6.31500,0.24200,-0.24200,3.4500e+01,2.800e+00,-2.800e+00,1.01,2.000e-01,-3.100e-01,1291.0,,,656.15,400.89,-371.57,14.40,1,q1_q17_dr25_tce,6177.00,168.00,-168.00,3.993,0.266,-0.114,1.7100,0.3470,-0.5200,294.716770,45.781269,12.277
11714231,K03115.01,Kepler-1431 b,CONFIRMED,CANDIDATE,0.9980,0,0,0,0,5.866012700,4.6360000e-05,-4.6360000e-05,136.3564700,6.430000e-03,-6.430000e-03,0.5390,0.4080,-0.3300,3.98500,0.17300,-0.17300,1.8300e+02,1.280e+01,-1.280e+01,1.45,4.500e-01,-2.000e-01,1064.0,,,302.77,288.69,-109.01,16.80,1,q1_q17_dr25_tce,6020.00,190.00,-232.00,4.427,0.070,-0.210,1.0400,0.3260,-0.1400,292.658390,49.865189,15.273
11720424,K03116.01,Kepler-1432 b,CONFIRMED,CANDIDATE,0.9800,0,0,0,0,23.910705600,4.3870000e-04,-4.3870000e-04,150.5394000,1.190000e-02,-1.190000e-02,0.3980,0.0630,-0.3980,4.99600,0.34500,-0.34500,2.9400e+02,2.690e+01,-2.690e+01,1.91,6.100e-01,-2.100e-01,709.0,,,59.76,56.76,-18.22,12.90,1,q1_q17_dr25_tce,6338.00,172.00,-210.00,4.418,0.067,-0.202,1.0910,0.3530,-0.1180,295.524170,49.829552,15.376
7837302,K00048.01,,FALSE POSITIVE,FALSE POSITIVE,0.0000,0,1,0,0,23.836808884,1.5070000e-06,-1.5070000e-06,173.7759431,4.980000e-05,-4.980000e-05,1.0080,0.0130,-0.0130,6.02854,0.00455,-0.00455,2.9685e+04,1.550e+01,-1.550e+01,59.31,1.497e+01,-2.779e+01,919.0,,,168.28,134.64,-127.05,2793.40,1,q1_q17_dr25_tce,6095.00,213.00,-213.00,3.894,0.512,-0.128,1.9400,0.4900,-0.9090,296.553860,43.543179,13.722
8753657,K00321.02,Kepler-406 c,CONFIRMED,CANDIDATE,0.9960,0,0,0,0,4.623344910,1.6910000e-05,-1.6910000e-05,132.3708300,2.930000e-03,-2.930000e-03,0.3880,0.0760,-0.3880,3.01890,0.08190,-0.08190,6.2000e+01,2.700e+00,-2.700e+00,0.77,1.200e-01,-5.000e-02,1050.0,,,287.25,123.97,-52.24,25.20,2,q1_q17_dr25_tce,5678.00,102.00,-124.00,4.484,0.030,-0.120,0.9700,0.1500,-0.0530,291.848050,44.968220,12.520
8948424,K00322.01,,FALSE POSITIVE,FALSE POSITIVE,0.0000,0,1,0,0,5.888835386,3.1450000e-06,-3.1450000e-06,173.5828630,4.270000e-04,-4.270000e-04,6.2170,25.5300,-0.9200,3.79880,0.02170,-0.02170,1.9466e+04,1.080e+02,-1.080e+02,584.67,0.000e+00,0.000e+00,1008.0,,,243.87,0.00,0.00,208.20,1,q1_q17_dr25_tce,5780.00,,,4.438,,,1.0000,,,290.209930,45.251904,12.970
9139084,K00323.01,Kepler-523 b,CONFIRMED,CANDIDATE,1.0000,0,0,0,0,5.835994850,4.0950000e-05,-4.0950000e-05,169.8744600,5.580000e-03,-5.580000e-03,0.1290,0.3250,-0.1280,2.06200,0.17800,-0.17800,5.5330e+02,5.950e+01,-5.950e+01,1.92,2.000e-01,-1.000e-01,884.0,,,144.50,46.45,-24.96,11.20,1,q1_q17_dr25_tce,5423.00,108.00,-108.00,4.542,0.033,-0.083,0.8280,0.0870,-0.0440,284.061130,45.506851,12.465
9641041,K00324.01,,FALSE POSITIVE,FALSE POSITIVE,0.0000,0,1,1,1,1.089077863,1.1730000e-06,-1.1730000e-06,171.2305010,9.390000e-04,-9.390000e-04,0.7780,0.0320,-0.1780,2.46760,0.03330,-0.03330,1.3360e+02,1.500e+00,-1.500e+00,1.96,4.100e-01,-5.400e-01,2359.0,,,7312.11,4420.58,-3871.80,104.80,1,q1_q17_dr25_tce,6280.00,157.00,-173.00,4.098,0.228,-0.123,1.5510,0.3190,-0.4260,288.024540,46.305870,12.217
9724984,K00325.01,,FALSE POSITIVE,FALSE POSITIVE,0.0000,0,0,1,1,7.863358830,1.1000000e-05,-1.1000000e-05,171.0029900,1.050000e-03,-1.050000e-03,0.9950,0.2090,-0.0230,3.43030,0.06930,-0.06930,4.6730e+02,8.000e+00,-8.000e+00,7.84,1.170e+00,-2.550e+00,1195.0,,,482.18,233.99,-287.20,74.30,1,q1_q17_dr25_tce,5731.00,170.00,-170.00,4.005,0.270,-0.090,1.9130,0.2860,-0.6210,297.309690,46.449471,12.940
2452450,K00380.01,,FALSE POSITIVE,FALSE POSITIVE,0.0000,0,1,1,1,8.097058300,1.7740000e-05,-1.7740000e-05,170.8104400,1.680000e-03,-1.680000e-03,0.9590,0.0030,-0.0040,5.69900,0.10900,-0.10900,6.8070e+02,1.160e+01,-1.160e+01,4.83,7.700e-01,-7.600e-01,1203.0,,,495.31,201.48,-160.79,76.40,1,q1_q17_dr25_tce,6573.00,79.00,-79.00,4.200,0.126,-0.115,1.4550,0.2300,-0.2300,293.448790,37.722641,13.110
3230578,K00381.01,,FALSE POSITIVE,FALSE POSITIVE,0.0000,0,1,0,0,6.337614357,2.7740000e-06,-2.7740000e-06,170.1894140,3.510000e-04,-3.510000e-04,0.9720,0.0500,-0.0260,1.74200,0.03520,-0.03520,1.8074e+03,1.920e+01,-1.920e+01,9.57,2.640e+00,-2.630e+00,1351.0,,,787.89,645.70,-429.98,132.70,1,q1_q17_dr25_tce,6581.00,187.00,-234.00,4.138,0.220,-0.160,1.5360,0.4230,-0.4230,290.203640,38.374931,13.406
3231137,K00382.01,,FALSE POSITIVE,FALSE POSITIVE,0.0000,0,1,1,1,3.900140077,7.4540000e-06,-7.4540000e-06,172.3719300,1.540000e-03,-1.540000e-03,1.2050,6.1880,-0.1560,3.77000,0.08520,-0.08520,5.4310e+02,1.190e+01,-1.190e+01,23.78,7.130e+00,-2.360e+00,1253.0,,,582.32,502.97,-164.20,53.60,1,q1_q17_dr25_tce,6407.00,160.00,-192.00,4.480,0.052,-0.208,0.9550,0.2860,-0.0950,290.347350,38.377899,13.561
3353050,K00384.01,Kepler-541 b,CONFIRMED,CANDIDATE,1.0000,0,0,0,0,5.080057900,1.2090000e-05,-1.2090000e-05,174.4285300,1.950000e-03,-1.950000e-03,0.6360,0.0240,-0.4940,5.20700,0.06240,-0.06240,2.2280e+02,4.500e+00,-4.500e+00,3.95,5.900e-01,-1.100e+00,1673.0,,,1851.94,816.29,-960.36,56.70,1,q1_q17_dr25_tce,6049.00,132.00,-120.00,3.769,0.224,-0.096,2.5200,0.3770,-0.7000,294.149660,38.458271,13.281
3446746,K00385.01,Kepler-542 b,CONFIRMED,CANDIDATE,1.0000,0,0,0,0,13.144967410,3.1180000e-05,-3.1180000e-05,174.8467000,1.960000e-03,-1.960000e-03,0.5910,0.0430,-0.4600,3.63990,0.05910,-0.05910,3.0080e+02,7.700e+00,-7.700e+00,1.59,1.600e-01,-1.300e-01,698.0,,,56.15,17.21,-12.48,44.10,1,q1_q17_dr25_tce,5411.00,107.00,-107.00,4.477,0.070,-0.077,0.8880,0.0880,-0.0730,292.215090,38.548592,13.435
5695396,K00283.01,Kepler-131 b,CONFIRMED,CANDIDATE,0.9760,0,0,0,0,16.091963690,1.7250000e-05,-1.7250000e-05,170.5988320,8.730000e-04,-8.730000e-04,0.5460,0.3030,-0.3530,2.89430,0.02950,-0.02950,4.1580e+02,5.300e+00,-5.300e+00,2.13,3.100e-01,-2.100e-01,718.0,,,62.74,25.69,-15.51,84.90,1,q1_q17_dr25_tce,5680.00,102.00,-114.00,4.414,0.076,-0.114,1.0160,0.1480,-0.0980,288.530820,40.942299,11.525
5217891,K03036.01,,FALSE POSITIVE,FALSE POSITIVE,0.0000,1,0,1,1,161.239891000,4.2130000e-03,-4.2130000e-03,189.1791000,2.340000e-02,-2.340000e-02,0.9460,0.0100,-0.6560,24.47200,0.73800,-0.73800,1.0754e+03,4.830e+01,-4.830e+01,3.48,8.000e-01,-3.100e-01,294.0,,,1.77,1.27,-0.49,23.00,1,q1_q17_dr25_tce,5514.00,182.00,-182.00,4.569,0.038,-0.152,0.8260,0.1880,-0.0750,298.970550,40.382729,15.648
6593150,K03037.01,,CANDIDATE,CANDIDATE,0.9980,0,0,0,0,5.465417400,5.0120000e-05,-5.0120000e-05,133.5889300,7.350000e-03,-7.350000e-03,0.3010,0.1560,-0.3010,3.20900,0.21100,-0.21100,2.1950e+02,1.820e+01,-1.820e+01,1.23,3.000e-01,-1.000e-01,927.0,,,174.08,132.04,-44.62,14.20,1,q1_q17_dr25_tce,5612.00,169.00,-169.00,4.566,0.030,-0.170,0.8290,0.2070,-0.0690,287.602230,42.075741,15.861
8051946,K03038.01,Kepler-1416 b,CONFIRMED,CANDIDATE,0.9930,0,0,0,0,1.495151300,1.1970000e-05,-1.1970000e-05,132.6602500,6.530000e-03,-6.530000e-03,0.9740,0.0070,-0.6850,3.43000,0.15400,-0.15400,5.2000e+01,4.300e+00,-4.300e+00,1.44,2.300e-01,-3.200e-01,1870.0,,,2880.38,1257.57,-1211.70,14.20,1,q1_q17_dr25_tce,5635.00,85.00,-77.00,4.117,0.203,-0.087,1.4520,0.2370,-0.3160,298.663480,43.894070,14.220
5445681,K03039.01,Kepler-1417 b,CONFIRMED,CANDIDATE,0.9150,0,0,0,0,20.350470400,2.6230000e-04,-2.6230000e-04,142.7588000,1.030000e-02,-1.030000e-02,0.1920,0.2310,-0.1920,7.22500,0.25000,-0.25000,1.0180e+02,7.100e+00,-7.100e+00,1.01,2.900e-01,-1.500e-01,695.0,,,55.07,45.55,-19.97,16.60,1,q1_q17_dr25_tce,5952.00,161.00,-178.00,4.410,0.101,-0.188,1.0020,0.2820,-0.1520,290.949890,40.605221,13.914
6523351,K03117.01,,CANDIDATE,CANDIDATE,0.9760,0,0,0,0,6.066649310,4.0940000e-05,-4.0940000e-05,136.1436500,5.350000e-03,-5.350000e-03,0.9020,0.0270,-0.6940,1.96200,0.17300,-0.17300,6.5300e+01,7.200e+00,-7.200e+00,0.87,1.200e-01,-4.000e-02,915.0,,,165.66,65.12,-27.52,10.90,1,q1_q17_dr25_tce,5569.00,100.00,-111.00,4.521,0.028,-0.112,0.8920,0.1240,-0.0440,292.121800,41.927029,13.163
5551672,K03119.01,,CANDIDATE,CANDIDATE,0.0130,0,0,0,0,2.184437698,6.4410000e-06,-6.4410000e-06,133.6749200,2.910000e-03,-2.910000e-03,0.0350,0.4470,-0.0350,1.04220,0.07930,-0.07930,1.5468e+03,9.830e+01,-9.830e+01,0.94,1.500e-01,-1.100e-01,529.0,,,18.41,8.36,-4.99,19.70,1,q1_q17_dr25_tce,3421.00,67.00,-51.00,5.014,0.045,-0.045,0.2500,0.0400,-0.0300,296.587190,40.722988,16.946
11499192,K03120.01,Kepler-1433 b,CONFIRMED,CANDIDATE,0.9980,0,0,0,0,4.135929270,2.8110000e-05,-2.8110000e-05,133.5376300,5.160000e-03,-5.160000e-03,0.1680,0.3020,-0.1680,2.37700,0.17000,-0.17000,1.5620e+02,1.210e+01,-1.210e+01,1.43,2.300e-01,-1.400e-01,1226.0,,,535.42,220.70,-129.29,15.20,1,q1_q17_dr25_tce,5886.00,70.00,-88.00,4.345,0.084,-0.126,1.1520,0.1850,-0.1180,287.363280,49.456890,14.826
12416661,K03122.01,Kepler-1434 b,CONFIRMED,CANDIDATE,0.9990,0,0,0,0,8.053379120,9.3960000e-05,-9.3960000e-05,134.9588000,9.800000e-03,-9.800000e-03,0.0350,0.3990,-0.0350,5.38200,0.23300,-0.23300,3.8300e+01,3.000e+00,-3.000e+00,1.28,2.400e-01,-3.300e-01,1320.0,,,717.70,384.66,-349.99,14.90,1,q1_q17_dr25_tce,6231.00,125.00,-125.00,3.976,0.180,-0.105,2.0620,0.3940,-0.5250,295.538390,51.202961,12.086
8197793,K03123.01,,CANDIDATE,CANDIDATE,0.9980,0,0,0,0,15.231119500,1.7440000e-04,-1.7440000e-04,143.7359100,8.330000e-03,-8.330000e-03,0.1920,0.2770,-0.1920,3.91000,0.25700,-0.25700,2.6910e+02,2.410e+01,-2.410e+01,1.94,3.100e-01,-2.600e-01,800.0,,,96.84,40.27,-28.19,13.10,1,q1_q17_dr25_tce,5836.00,70.00,-87.00,4.316,0.115,-0.115,1.1860,0.1920,-0.1570,301.048130,44.037689,15.029
8258171,K00286.01,,FALSE POSITIVE,FALSE POSITIVE,0.0000,0,1,1,1,23.627222300,1.1180000e-04,-1.1180000e-04,173.6509600,4.420000e-03,-4.420000e-03,0.7110,0.2210,-0.7110,7.90000,1.50000,-1.50000,1.5460e+02,1.240e+01,-1.240e+01,3.84,1.000e+00,-1.510e+00,1358.0,,,804.44,623.72,-557.26,65.80,1,q1_q17_dr25_tce,8308.00,229.00,-372.00,3.861,0.301,-0.108,2.8790,0.7540,-1.1300,299.221890,44.180519,11.641
9880467,K00326.01,,FALSE POSITIVE,FALSE POSITIVE,0.0050,0,1,1,0,8.973499990,2.0910000e-05,-2.0910000e-05,171.0307500,1.740000e-03,-1.740000e-03,0.5600,0.3610,-0.3610,3.14080,0.05590,-0.05590,9.3510e+02,2.350e+01,-2.350e+01,36.00,5.850e+00,-8.770e+00,2262.0,,,6178.90,2629.63,-2890.61,44.10,1,q1_q17_dr25_tce,4751.00,64.00,-85.00,2.520,0.148,-0.121,11.5360,1.8740,-2.8110,286.656040,46.783543,12.960
9880467,K00326.02,,FALSE POSITIVE,FALSE POSITIVE,0.9050,0,1,1,0,108.546946000,2.3410000e-03,-2.3410000e-03,151.1275000,1.790000e-02,-1.790000e-02,0.0550,0.4040,-0.0550,7.56700,0.48400,-0.48400,7.1130e+02,4.920e+01,-4.920e+01,29.67,4.820e+00,-7.230e+00,985.0,,,222.70,94.78,-104.18,15.30,2,q1_q17_dr25_tce,4751.00,64.00,-85.00,2.520,0.148,-0.121,11.5360,1.8740,-2.8110,286.656040,46.783543,12.960
9881662,K00327.01,Kepler-140 b,CONFIRMED,CANDIDATE,1.0000,0,0,0,0,3.254277742,5.2230000e-06,-5.2230000e-06,172.6625600,1.330000e-03,-1.330000e-03,0.3030,0.1170,-0.3030,2.99030,0.03960,-0.03960,1.5990e+02,3.200e+00,-3.200e+00,1.38,2.200e-01,-1.200e-01,1301.0,,,675.56,299.69,-159.33,58.60,1,q1_q17_dr25_tce,5945.00,106.00,-130.00,4.402,0.054,-0.117,1.0890,0.1740,-0.0940,287.369480,46.768219,12.996
9881662,K00327.02,Kepler-140 c,CONFIRMED,CANDIDATE,1.0000,0,0,0,0,91.351481600,7.6330000e-04,-7.6330000e-04,189.6008200,7.140000e-03,-7.140000e-03,0.0080,0.4280,-0.0080,8.70700,0.21400,-0.21400,2.1000e+02,8.700e+00,-8.700e+00,1.57,2.500e-01,-1.400e-01,428.0,,,7.93,3.51,-1.87,25.50,2,q1_q17_dr25_tce,5945.00,106.00,-130.00,4.402,0.054,-0.117,1.0890,0.1740,-0.0940,287.369480,46.768219,12.996
9895004,K00328.01,,FALSE POSITIVE,FALSE POSITIVE,0.0000,0,0,1,0,2.250826647,1.0530000e-06,-1.0530000e-06,170.3218190,3.860000e-04,-3.860000e-04,1.2210,6.3570,-0.1300,1.53600,0.02310,-0.02310,5.3440e+02,6.600e+00,-6.600e+00,30.03,4.750e+00,-4.260e+00,1489.0,,,1161.80,511.85,-373.32,104.30,1,q1_q17_dr25_tce,5779.00,104.00,-116.00,4.308,0.138,-0.113,1.1190,0.1770,-0.1590,293.576290,46.775471,12.820
3656121,K00386.01,Kepler-146 b,CONFIRMED,CANDIDATE,1.0000,0,0,0,0,31.158824900,5.7300000e-05,-5.7300000e-05,173.9035500,1.380000e-03,-1.380000e-03,0.0290,0.3730,-0.0290,5.18030,0.05040,-0.05040,9.5900e+02,1.450e+01,-1.450e+01,3.56,5.700e-01,-4.600e-01,639.0,,,39.46,17.49,-11.96,73.60,1,q1_q17_dr25_tce,5951.00,107.00,-119.00,4.319,0.120,-0.120,1.1550,0.1840,-0.1510,294.110750,38.710232,13.838
10620329,K00066.01,,FALSE POSITIVE,FALSE POSITIVE,0.0000,1,0,0,0,0.436282594,8.8000000e-08,-8.8000000e-08,170.7020410,1.560000e-04,-1.560000e-04,1.2690,0.3050,-0.1590,1.39880,0.01210,-0.01210,5.3640e+02,3.200e+00,-3.200e+00,83.25,9.150e+00,-2.134e+01,5187.0,,,170399.16,46192.54,-80213.10,218.30,1,q1_q17_dr25_tce,8491.00,67.00,-93.00,3.853,0.232,-0.058,2.6220,0.2880,-0.6720,298.709230,47.840019,11.002
3656121,K00386.02,Kepler-146 c,CONFIRMED,CANDIDATE,0.9730,0,0,0,0,76.732455600,3.4030000e-04,-3.4030000e-04,200.6722000,3.420000e-03,-3.420000e-03,0.4620,0.4240,-0.2530,6.24300,0.12000,-0.12000,6.8570e+02,2.120e+01,-2.120e+01,3.08,4.900e-01,-4.000e-01,473.0,,,11.86,5.26,-3.59,34.30,2,q1_q17_dr25_tce,5951.00,107.00,-119.00,4.319,0.120,-0.120,1.1550,0.1840,-0.1510,294.110750,38.710232,13.838
3733628,K00387.01,Kepler-543 b,CONFIRMED,CANDIDATE,1.0000,0,0,0,0,13.899632330,1.5410000e-05,-1.5410000e-05,182.8644540,8.720000e-04,-8.720000e-04,0.7770,0.0090,-0.5450,3.57910,0.05430,-0.05430,1.1217e+03,1.310e+01,-1.310e+01,2.46,1.000e-01,-1.300e-01,521.0,,,17.37,2.98,-3.03,98.20,1,q1_q17_dr25_tce,4538.00,90.00,-90.00,4.607,0.039,-0.015,0.6630,0.0270,-0.0360,287.218720,38.862522,13.577
3831053,K00388.01,Kepler-1719 b,CONFIRMED,CANDIDATE,1.0000,0,0,0,0,6.149559310,1.2110000e-05,-1.2110000e-05,169.5518200,1.470000e-03,-1.470000e-03,0.3680,0.0540,-0.3680,5.56940,0.04790,-0.04790,3.3370e+02,4.400e+00,-4.400e+00,3.26,5.100e-01,-8.500e-01,1287.0,,,649.26,295.65,-318.04,87.30,1,q1_q17_dr25_tce,5687.00,114.00,-103.00,3.973,0.210,-0.090,1.7750,0.2830,-0.4600,284.706910,38.936821,13.644
6357290,K03040.01,,CANDIDATE,CANDIDATE,0.8820,0,0,0,0,4.809987800,2.6590000e-05,-2.6590000e-05,133.0067100,4.600000e-03,-4.600000e-03,0.2000,0.2310,-0.2000,1.97000,0.10100,-0.10100,2.8820e+02,2.410e+01,-2.410e+01,1.59,4.300e-01,-1.700e-01,1077.0,,,317.80,262.07,-101.52,13.60,1,q1_q17_dr25_tce,5988.00,188.00,-229.00,4.507,0.055,-0.176,0.9340,0.2520,-0.1010,289.568020,41.771561,15.667
4072955,K03041.01,,CANDIDATE,CANDIDATE,0.9800,0,0,0,0,5.082880760,3.3270000e-05,-3.3270000e-05,134.0055700,4.050000e-03,-4.050000e-03,0.3890,0.0710,-0.3890,2.51500,0.15500,-0.15500,1.0800e+02,1.020e+01,-1.020e+01,1.15,3.500e-01,-1.600e-01,1183.0,,,462.96,425.58,-159.46,12.50,1,q1_q17_dr25_tce,6217.00,169.00,-206.00,4.375,0.105,-0.195,1.0830,0.3390,-0.1450,295.462590,39.168480,14.207
8695311,K03042.01,,CANDIDATE,CANDIDATE,0.9980,0,0,0,0,31.025948900,5.0390000e-04,-5.0390000e-04,158.5632000,1.370000e-02,-1.370000e-02,0.1530,0.2980,-0.1530,5.69200,0.51100,-0.51100,3.8540e+02,3.660e+01,-3.660e+01,1.91,5.600e-01,-2.300e-01,595.0,,,29.67,26.50,-9.90,12.70,1,q1_q17_dr25_tce,6075.00,189.00,-232.00,4.486,0.048,-0.192,0.9690,0.2850,-0.1140,294.166440,44.886311,15.959
9834731,K03043.01,,CANDIDATE,CANDIDATE,1.0000,0,0,0,0,3.089428070,3.3490000e-05,-3.3490000e-05,134.1999000,1.010000e-02,-1.010000e-02,0.6500,0.3130,-0.4240,3.21400,0.30000,-0.30000,8.5300e+01,7.900e+00,-7.900e+00,1.07,1.700e-01,-6.000e-02,1361.0,,,808.76,334.72,-127.90,13.20,1,q1_q17_dr25_tce,6137.00,80.00,-86.00,4.418,0.028,-0.105,1.1030,0.1750,-0.0620,293.430790,46.692089,14.829
5092266,K03045.01,Kepler-1896 b,CONFIRMED,CANDIDATE,0.9980,0,0,0,0,44.870204200,4.5000000e-04,-4.5000000e-04,141.1144600,9.150000e-03,-9.150000e-03,0.4360,0.0580,-0.4060,4.19900,0.19700,-0.19700,6.3610e+02,4.490e+01,-4.490e+01,2.56,8.000e-01,-2.700e-01,536.0,,,19.50,18.55,-6.13,16.40,1,q1_q17_dr25_tce,6122.00,192.00,-235.00,4.471,0.052,-0.208,0.9960,0.3120,-0.1040,289.678560,40.249641,15.755
4076976,K03124.01,,FALSE POSITIVE,FALSE POSITIVE,0.0000,0,0,1,1,4.880780500,1.0660000e-04,-1.0660000e-04,133.7050000,1.900000e-02,-1.900000e-02,0.5810,0.0480,-0.4700,9.40000,0.57100,-0.57100,7.9000e+01,5.900e+00,-5.900e+00,0.48,2.000e-02,-3.000e-02,706.0,,,58.98,12.75,-13.88,15.90,1,q1_q17_dr25_tce,4763.00,131.00,-164.00,4.738,0.045,-0.021,0.5160,0.0230,-0.0320,296.251680,39.183990,14.203
8751796,K03125.01,Kepler-1435 b,CONFIRMED,CANDIDATE,0.9570,0,0,0,0,4.453424180,3.8500000e-05,-3.8500000e-05,133.0906600,6.350000e-03,-6.350000e-03,0.5690,0.3700,-0.3540,3.65400,0.18800,-0.18800,4.6600e+01,3.300e+00,-3.300e+00,0.90,1.700e-01,-1.100e-01,1331.0,,,740.51,380.55,-217.28,16.30,1,q1_q17_dr25_tce,6256.00,114.00,-126.00,4.269,0.120,-0.120,1.2690,0.2370,-0.1580,291.173280,44.921131,12.938
7097534,K03126.01,,FALSE POSITIVE,FALSE POSITIVE,0.0000,0,1,1,1,2.213966850,2.4250000e-05,-2.4250000e-05,132.5640700,8.410000e-03,-8.410000e-03,0.0170,0.4530,-0.0170,4.37400,0.26300,-0.26300,8.1600e+01,5.200e+00,-5.200e+00,0.84,2.400e-01,-1.000e-01,1418.0,,,952.61,799.33,-303.09,19.10,1,q1_q17_dr25_tce,5986.00,161.00,-179.00,4.461,0.081,-0.189,0.9300,0.2660,-0.1140,284.299590,42.604321,14.461
9907129,K03127.01,Kepler-1436 b,CONFIRMED,CANDIDATE,1.0000,0,0,0,0,9.705693000,1.7220000e-04,-1.7220000e-04,140.3709000,1.400000e-02,-1.400000e-02,0.9410,0.0280,-0.6530,7.70200,0.40600,-0.40600,1.4080e+02,1.130e+01,-1.130e+01,2.07,3.600e-01,-3.900e-01,1001.0,,,237.46,106.93,-89.82,14.20,1,q1_q17_dr25_tce,5808.00,78.00,-78.00,4.178,0.176,-0.095,1.3850,0.2390,-0.2630,297.711580,46.768021,14.930
7609674,K03128.01,,CANDIDATE,CANDIDATE,0.9510,0,0,0,0,21.236002400,2.0280000e-04,-2.0280000e-04,149.8808300,7.970000e-03,-7.970000e-03,0.2050,0.2620,-0.2050,4.01900,0.27900,-0.27900,1.0440e+02,8.000e+00,-8.000e+00,2.62,3.600e-01,-8.200e-01,1048.0,,,285.21,114.74,-160.85,15.70,1,q1_q17_dr25_tce,6035.00,132.00,-120.00,3.745,0.231,-0.082,2.5590,0.3430,-0.8000,292.479770,43.227024,13.371
9527334,K00049.01,Kepler-461 b,CONFIRMED,CANDIDATE,1.0000,0,0,0,0,8.313773040,4.2060000e-05,-4.2060000e-05,175.9913700,4.020000e-03,-4.020000e-03,0.0020,0.4320,-0.0020,2.96400,0.12500,-0.12500,8.3740e+02,4.910e+01,-4.910e+01,2.74,4.300e-01,-1.300e-01,886.0,,,145.51,64.54,-23.61,19.60,1,q1_q17_dr25_tce,5900.00,105.00,-117.00,4.509,0.021,-0.119,0.9510,0.1520,-0.0450,292.249020,46.164822,13.704
10031885,K00329.01,,FALSE POSITIVE,FALSE POSITIVE,0.0000,0,1,1,1,8.589695970,4.4680000e-05,-4.4680000e-05,174.9625000,4.250000e-03,-4.250000e-03,1.1970,6.7400,-0.0070,8.47100,0.22700,-0.22700,2.4510e+02,6.400e+00,-6.400e+00,20.80,6.080e+00,-2.030e+00,882.0,,,143.02,122.71,-39.98,45.90,1,q1_q17_dr25_tce,6024.00,163.00,-181.00,4.523,0.050,-0.213,0.9000,0.2630,-0.0880,298.818210,46.940350,13.478
11361646,K00330.01,Kepler-524 b,CONFIRMED,CANDIDATE,1.0000,0,0,0,0,7.974205830,2.1740000e-05,-2.1740000e-05,174.5271800,2.110000e-03,-2.110000e-03,0.1280,0.2660,-0.1280,5.35030,0.06220,-0.06220,2.9310e+02,5.600e+00,-5.600e+00,1.85,2.800e-01,-2.000e-01,974.0,,,212.75,92.18,-56.31,55.10,1,q1_q17_dr25_tce,5973.00,107.00,-131.00,4.386,0.080,-0.120,1.0810,0.1680,-0.1120,296.859220,49.162048,13.928
11361646,K00330.02,Kepler-524 c,CONFIRMED,CANDIDATE,0.9980,0,0,0,0,1.888990360,1.0710000e-05,-1.0710000e-05,132.0951700,4.650000e-03,-4.650000e-03,0.0110,0.4490,-0.0110,3.48600,0.13300,-0.13300,5.9000e+01,3.700e+00,-3.700e+00,0.83,1.300e-01,-9.000e-02,1574.0,,,1449.92,628.16,-383.77,18.20,2,q1_q17_dr25_tce,5973.00,107.00,-131.00,4.386,0.080,-0.120,1.0810,0.1680,-0.1120,296.859220,49.162048,13.928
10285631,K00331.01,Kepler-525 b,CONFIRMED,CANDIDATE,1.0000,0,0,0,0,18.684057160,5.6870000e-05,-5.6870000e-05,170.8324500,2.380000e-03,-2.380000e-03,0.8580,0.0080,-0.6030,6.93290,0.08780,-0.08780,3.8150e+02,7.600e+00,-7.600e+00,3.64,5.700e-01,-8.600e-01,832.0,,,113.34,50.89,-51.79,54.20,1,q1_q17_dr25_tce,5548.00,110.00,,4.038,0.210,-0.090,1.6140,0.2540,-0.3810,296.183440,47.358761,13.497
3964109,K00393.01,Kepler-544 b,CONFIRMED,CANDIDATE,1.0000,0,0,0,0,21.416240830,7.0190000e-05,-7.0190000e-05,176.2499100,2.720000e-03,-2.720000e-03,0.0810,0.3520,-0.0810,7.08100,0.09380,-0.09380,3.1450e+02,8.400e+00,-8.400e+00,2.09,3.800e-01,-2.300e-01,748.0,,,74.20,37.56,-20.43,42.70,1,q1_q17_dr25_tce,6156.00,123.00,-135.00,4.331,0.084,-0.126,1.1800,0.2120,-0.1300,294.029110,39.051849,13.542
4159347,K00394.01,,FALSE POSITIVE,FALSE POSITIVE,0.0000,0,1,1,0,12.283512750,5.9130000e-05,-5.9130000e-05,174.3665200,3.830000e-03,-3.830000e-03,1.2240,73.9500,-2.5060,3.63400,0.21200,-0.21200,5.9780e+02,3.130e+01,-3.130e+01,74.76,1.510e+01,-2.804e+01,1342.0,,,765.56,479.00,-500.91,23.40,1,q1_q17_dr25_tce,6171.00,185.00,-185.00,3.668,0.323,-0.108,2.7590,0.5570,-1.0350,292.031070,39.245480,13.167
3544595,K00069.01,Kepler-93 b,CONFIRMED,CANDIDATE,1.0000,0,0,0,0,4.726740370,1.5700000e-06,-1.5700000e-06,134.9263960,2.710000e-04,-2.710000e-04,0.6570,0.0420,-0.4490,2.92670,0.01640,-0.01640,2.7310e+02,1.100e+00,-1.100e+00,1.56,7.000e-02,-7.000e-02,1028.0,,,264.08,40.00,-33.67,287.80,1,q1_q17_dr25_tce,5648.00,76.00,-76.00,4.472,0.030,-0.030,0.8940,0.0400,-0.0360,291.418300,38.672359,9.931
4165960,K00395.01,,FALSE POSITIVE,FALSE POSITIVE,0.0000,0,0,1,0,6.774495450,1.1840000e-05,-1.1840000e-05,171.0118000,1.320000e-03,-1.320000e-03,1.1780,34.2000,-0.0250,2.54160,0.07790,-0.07790,4.8190e+02,1.370e+01,-1.370e+01,29.41,5.150e+00,-3.440e+00,1219.0,,,521.03,230.32,-135.32,41.90,1,q1_q17_dr25_tce,6517.00,71.00,-84.00,4.265,0.080,-0.120,1.3420,0.2350,-0.1570,293.570860,39.252640,13.889
4252322,K00396.01,,CANDIDATE,CANDIDATE,1.0000,0,0,0,0,14.591504451,8.9010000e-06,-8.9010000e-06,180.8515460,4.800000e-04,-4.800000e-04,1.2100,55.0000,-0.1370,1.12950,0.03260,-0.03260,1.4905e+03,2.900e+01,-2.900e+01,36.85,9.970e+00,-9.970e+00,879.0,,,140.82,112.03,-74.48,68.00,1,q1_q17_dr25_tce,5940.00,160.00,-178.00,4.199,0.246,-0.164,1.3120,0.3550,-0.3550,288.757810,39.350571,13.311
4376644,K00397.01,,FALSE POSITIVE,FALSE POSITIVE,0.0000,0,1,0,0,27.677680103,3.7360000e-06,-3.7360000e-06,173.7965790,1.060000e-04,-1.060000e-04,0.9330,0.0170,-0.0170,2.17040,0.01360,-0.01360,1.1545e+04,4.860e+01,-4.860e+01,14.41,4.690e+00,-1.560e+00,618.0,,,34.55,32.86,-10.49,431.60,1,q1_q17_dr25_tce,6075.00,162.00,-198.00,4.486,0.054,-0.216,0.9690,0.3150,-0.1050,294.512300,39.462139,13.767
9301506,K03047.01,,FALSE POSITIVE,FALSE POSITIVE,0.0000,0,1,1,0,0.605223042,1.5520000e-06,-1.5520000e-06,131.7559300,2.290000e-03,-2.290000e-03,0.1090,0.3340,-0.1090,0.89860,0.07480,-0.07480,2.3230e+02,1.540e+01,-1.540e+01,1.14,1.400e-01,-1.100e-01,1728.0,,,2099.47,911.54,-614.13,20.70,1,q1_q17_dr25_tce,5089.00,179.00,-179.00,4.559,0.060,-0.060,0.7570,0.0890,-0.0730,298.787990,45.774220,15.248
5695396,K00283.02,Kepler-131 c,CONFIRMED,CANDIDATE,0.9830,0,0,0,0,25.517274400,3.5930000e-04,-3.5930000e-04,154.4165000,1.090000e-02,-1.090000e-02,0.3220,0.1320,-0.3220,4.73500,0.30600,-0.30600,6.6800e+01,5.500e+00,-5.500e+00,0.83,1.200e-01,-8.000e-02,615.0,,,33.91,13.88,-8.38,13.50,2,q1_q17_dr25_tce,5680.00,102.00,-114.00,4.414,0.076,-0.114,1.0160,0.1480,-0.0980,288.530820,40.942299,11.525
9714550,K03048.01,Kepler-1695 b,CONFIRMED,CANDIDATE,1.0000,0,0,0,0,4.732920610,1.9790000e-05,-1.9790000e-05,131.5790000,3.500000e-03,-3.500000e-03,0.1210,0.3420,-0.1210,1.74600,0.10100,-0.10100,1.5160e+02,1.180e+01,-1.180e+01,0.97,2.000e-01,-8.000e-02,957.0,,,198.57,120.50,-49.99,15.50,1,q1_q17_dr25_tce,5595.00,150.00,-150.00,4.581,0.034,-0.136,0.7960,0.1610,-0.0690,293.619260,46.413342,14.651
6263593,K03049.01,Kepler-1418 b,CONFIRMED,CANDIDATE,0.7990,0,0,0,0,22.476595200,2.0400000e-04,-2.0400000e-04,136.8233600,7.700000e-03,-7.700000e-03,0.1760,0.2700,-0.1750,3.43700,0.24100,-0.24100,4.8140e+02,4.250e+01,-4.250e+01,1.21,1.200e-01,-9.000e-02,419.0,,,7.27,2.37,-1.75,13.30,1,q1_q17_dr25_tce,4563.00,123.00,-137.00,4.704,0.032,-0.048,0.5670,0.0520,-0.0420,282.997500,41.678551,15.037
5475042,K03050.01,,CANDIDATE,CANDIDATE,0.8920,0,0,0,0,1.242639742,5.7810000e-06,-5.7810000e-06,131.8812500,4.060000e-03,-4.060000e-03,0.1520,0.3130,-0.1520,1.76300,0.11200,-0.11200,1.5930e+02,1.220e+01,-1.220e+01,1.02,2.100e-01,-9.000e-02,1487.0,,,1159.26,699.26,-311.57,16.10,1,q1_q17_dr25_tce,5520.00,149.00,-182.00,4.572,0.034,-0.144,0.8180,0.1640,-0.0700,298.446470,40.624882,15.330
6964159,K03129.01,,FALSE POSITIVE,FALSE POSITIVE,0.0000,0,0,1,0,25.503628000,3.2130000e-04,-3.2130000e-04,139.3578000,9.140000e-03,-9.140000e-03,0.9530,0.0040,-0.7190,3.91300,0.23800,-0.23800,2.0440e+02,1.810e+01,-1.810e+01,1.61,4.700e-01,-1.600e-01,586.0,,,27.85,24.23,-7.85,13.30,1,q1_q17_dr25_tce,5815.00,157.00,-175.00,4.540,0.036,-0.204,0.8770,0.2600,-0.0870,296.044010,42.454708,14.746
10252275,K03130.01,Kepler-1907 c,CONFIRMED,CANDIDATE,0.9880,0,0,0,0,14.863849600,1.1550000e-04,-1.1550000e-04,142.9572900,6.200000e-03,-6.200000e-03,1.0060,0.0750,-0.7300,2.70500,0.31700,-0.31700,2.2060e+02,2.130e+01,-2.130e+01,2.90,3.100e-01,-3.200e-01,620.0,,,35.04,13.49,-10.43,12.30,1,q1_q17_dr25_tce,5159.00,153.00,-153.00,4.508,0.093,-0.085,0.8000,0.0880,-0.0880,280.708530,47.328060,13.752
10252275,K03130.02,Kepler-1907 b,CONFIRMED,CANDIDATE,0.9940,0,0,0,0,5.652457330,3.2050000e-05,-3.2050000e-05,136.9789100,5.320000e-03,-5.320000e-03,0.8890,0.0700,-0.6560,2.06200,0.14300,-0.14300,1.2100e+02,1.160e+01,-1.160e+01,1.05,1.200e-01,-1.100e-01,856.0,,,127.10,48.92,-37.84,11.70,2,q1_q17_dr25_tce,5159.00,153.00,-153.00,4.508,0.093,-0.085,0.8000,0.0880,-0.0880,280.708530,47.328060,13.752
11455181,K03131.01,Kepler-1437 b,CONFIRMED,CANDIDATE,1.0000,0,0,0,0,10.929481500,1.3080000e-04,-1.3080000e-04,141.5034000,1.170000e-02,-1.170000e-02,0.1970,0.2730,-0.1960,5.89300,0.28000,-0.28000,1.9690e+02,1.590e+01,-1.590e+01,1.21,3.600e-01,-1.100e-01,770.0,,,83.14,72.68,-22.62,14.30,1,q1_q17_dr25_tce,5792.00,155.00,-172.00,4.547,0.036,-0.204,0.8640,0.2580,-0.0810,291.864930,49.325920,15.591
9541295,K03132.01,,CANDIDATE,CANDIDATE,0.0000,0,0,0,0,0.536650319,2.2280000e-06,-2.2280000e-06,131.7110600,4.320000e-03,-4.320000e-03,0.6100,0.0240,-0.5070,2.38300,0.12900,-0.12900,4.1900e+01,1.800e+00,-1.800e+00,1.35,2.400e-01,-4.500e-01,3195.0,,,24688.55,13963.80,-14922.46,31.00,1,q1_q17_dr25_tce,6020.00,183.00,-183.00,3.922,0.285,-0.095,2.0000,0.3570,-0.6620,297.329710,46.136089,12.649
10290666,K00332.01,Kepler-526 b,CONFIRMED,CANDIDATE,1.0000,0,0,0,0,5.458499140,9.1010000e-06,-9.1010000e-06,172.0885700,1.250000e-03,-1.250000e-03,0.6500,0.0870,-0.4500,4.04480,0.04350,-0.04350,2.5590e+02,3.900e+00,-3.900e+00,1.91,2.900e-01,-1.300e-01,1099.0,,,344.32,148.15,-69.55,72.00,1,q1_q17_dr25_tce,5914.00,106.00,-130.00,4.396,0.040,-0.112,1.1350,0.1750,-0.0750,297.650940,47.396290,13.046
10337258,K00333.01,Kepler-527 b,CONFIRMED,CANDIDATE,1.0000,0,0,0,0,13.285364520,7.8240000e-05,-7.8240000e-05,169.8605200,4.650000e-03,-4.650000e-03,0.7740,0.1580,-0.5250,6.28300,0.13800,-0.13800,3.7760e+02,1.620e+01,-1.620e+01,4.03,9.400e-01,-1.240e+00,1157.0,,,423.65,282.53,-241.99,26.80,1,q1_q17_dr25_tce,6534.00,156.00,-176.00,3.973,0.266,-0.114,1.9000,0.4400,-0.5860,290.957920,47.406281,13.390
10383687,K00334.01,,FALSE POSITIVE,FALSE POSITIVE,0.0000,0,1,1,1,8.487944400,5.0820000e-05,-5.0820000e-05,176.9250500,5.930000e-03,-5.930000e-03,0.7520,0.0360,-0.5330,3.22400,0.16100,-0.16100,1.1930e+02,7.200e+00,-7.200e+00,1.23,3.800e-01,-1.900e-01,969.0,,,208.99,194.87,-80.67,19.50,1,q1_q17_dr25_tce,6134.00,192.00,-234.00,4.396,0.105,-0.195,1.0390,0.3190,-0.1590,280.881840,47.564243,13.301
10470206,K00335.01,,FALSE POSITIVE,FALSE POSITIVE,0.3940,0,0,1,0,46.566754370,8.6790000e-05,-8.6790000e-05,196.3117300,1.470000e-03,-1.470000e-03,0.8700,0.0180,-0.0520,7.83100,0.13800,-0.13800,8.0110e+02,8.300e+00,-8.300e+00,5.25,1.480e+00,-1.480e+00,708.0,,,59.34,49.32,-33.49,111.30,1,q1_q17_dr25_tce,6629.00,181.00,-272.00,4.132,0.209,-0.171,1.6190,0.4570,-0.4570,291.818570,47.675282,13.893
10518725,K00336.01,,FALSE POSITIVE,FALSE POSITIVE,0.0000,0,1,1,1,19.514841200,1.7840000e-04,-1.7840000e-04,132.6075700,7.230000e-03,-7.230000e-03,0.7420,0.2240,-0.5360,3.09600,0.31000,-0.31000,1.0270e+02,9.600e+00,-9.600e+00,2.80,5.700e-01,-8.600e-01,1200.0,,,489.75,300.43,-286.44,13.10,1,q1_q17_dr25_tce,7004.00,187.00,-250.00,3.854,0.240,-0.111,2.5560,0.5240,-0.7850,283.910890,47.787048,13.124
12314973,K00279.02,Kepler-450 c,CONFIRMED,CANDIDATE,0.9980,0,0,0,0,15.413081200,4.6840000e-05,-4.6840000e-05,136.9432400,2.600000e-03,-2.600000e-03,0.3720,0.0770,-0.3720,6.63580,0.07550,-0.07550,2.6430e+02,5.100e+00,-5.100e+00,2.59,1.500e-01,-1.800e-01,944.0,,,187.39,32.80,-33.10,55.20,2,q1_q17_dr25_tce,6206.00,80.00,-74.00,4.159,0.048,-0.032,1.5730,0.0890,-0.1110,295.486510,51.013500,11.684
5450893,K02970.01,Kepler-1890 b,CONFIRMED,CANDIDATE,0.9930,0,0,0,0,4.820510880,3.6600000e-05,-3.6600000e-05,135.7854100,6.440000e-03,-6.440000e-03,0.9220,0.0270,-0.6990,3.58800,0.22800,-0.22800,4.0900e+01,3.300e+00,-3.300e+00,1.08,1.900e-01,-2.200e-01,1328.0,,,735.25,355.16,-313.04,14.80,1,q1_q17_dr25_tce,6046.00,121.00,-133.00,4.158,0.174,-0.101,1.3960,0.2380,-0.2900,292.577790,40.667858,12.861
4770174,K02971.01,,CANDIDATE,CANDIDATE,1.0000,0,0,0,0,6.095956810,6.1310000e-05,-6.1310000e-05,134.5921400,8.850000e-03,-8.850000e-03,0.6850,0.0080,-0.5320,5.50200,0.25500,-0.25500,6.5700e+01,4.200e+00,-4.200e+00,1.26,2.300e-01,-1.600e-01,1259.0,,,593.42,288.45,-180.78,18.10,1,q1_q17_dr25_tce,6313.00,113.00,-139.00,4.228,0.084,-0.126,1.4670,0.2590,-0.1880,297.393710,39.829041,12.742
8949925,K02972.01,,CANDIDATE,CANDIDATE,0.9840,0,0,0,0,13.251121400,2.0200000e-04,-2.0200000e-04,141.1780000,1.030000e-02,-1.030000e-02,0.2310,0.2220,-0.2310,4.99600,0.24900,-0.24900,2.6650e+02,1.960e+01,-1.960e+01,1.98,3.200e-01,-2.600e-01,850.0,,,123.32,51.76,-36.26,15.20,1,q1_q17_dr25_tce,5850.00,70.00,-88.00,4.297,0.120,-0.120,1.2170,0.1990,-0.1630,290.734470,45.297791,15.085
5091016,K02973.01,,FALSE POSITIVE,FALSE POSITIVE,0.0000,0,1,1,0,5.765567180,6.6690000e-05,-6.6690000e-05,134.9650100,6.860000e-03,-6.860000e-03,0.6780,0.2910,-0.4470,3.13800,0.45000,-0.45000,2.1330e+02,2.040e+01,-2.040e+01,1.66,5.700e-01,-2.300e-01,1120.0,,,371.86,384.76,-138.32,17.60,1,q1_q17_dr25_tce,6218.00,194.00,-259.00,4.404,0.072,-0.217,1.0720,0.3660,-0.1470,289.292660,40.270611,15.390
9959492,K03051.01,,CANDIDATE,CANDIDATE,,0,0,0,0,11.682369000,1.6200000e-04,-1.6200000e-04,134.8311000,1.040000e-02,-1.040000e-02,0.6987,0.0043,-0.5276,2.71000,0.31500,-0.31500,2.3450e+02,2.630e+01,-2.630e+01,1.45,5.800e-01,-1.100e-01,802.0,,,97.62,113.95,-24.79,11.20,2,q1_q17_dr24_tce,6089.00,164.00,-186.00,4.527,0.035,-0.291,0.8890,0.3520,-0.0720,295.199680,46.832321,15.276
8827575,K03052.01,,CANDIDATE,CANDIDATE,0.9770,0,0,0,0,10.129562010,9.9480000e-05,-9.9480000e-05,135.9980400,8.490000e-03,-8.490000e-03,0.5440,0.3970,-0.3430,3.04400,0.27400,-0.27400,8.1300e+01,7.700e+00,-7.700e+00,0.78,7.000e-02,-4.000e-02,736.0,,,69.43,21.42,-12.03,12.20,1,q1_q17_dr25_tce,5383.00,107.00,-107.00,4.528,0.042,-0.078,0.8420,0.0840,-0.0450,295.090270,45.081181,13.573
8827575,K03052.02,Kepler-1992 b,CONFIRMED,CANDIDATE,0.8700,0,0,0,0,15.611223800,1.2750000e-04,-1.2750000e-04,144.8735000,7.290000e-03,-7.290000e-03,0.4680,0.4890,-0.2600,3.87300,0.20900,-0.20900,1.1350e+02,8.100e+00,-8.100e+00,0.91,9.000e-02,-5.000e-02,637.0,,,38.99,12.02,-6.76,15.70,2,q1_q17_dr25_tce,5383.00,107.00,-107.00,4.528,0.042,-0.078,0.8420,0.0840,-0.0450,295.090270,45.081181,13.573
2716801,K03053.01,Kepler-1419 b,CONFIRMED,CANDIDATE,0.9590,0,0,0,0,42.521700600,5.9420000e-04,-5.9420000e-04,136.1274000,1.290000e-02,-1.290000e-02,0.4950,0.4590,-0.2830,5.72300,0.25300,-0.25300,6.8560e+02,4.910e+01,-4.910e+01,2.45,7.500e-01,-2.500e-01,510.0,,,15.97,14.74,-4.73,14.70,1,q1_q17_dr25_tce,5911.00,177.00,-195.00,4.519,0.048,-0.204,0.9140,0.2810,-0.0940,292.254640,37.971420,15.761
7281454,K03055.01,,FALSE POSITIVE,FALSE POSITIVE,0.0000,1,0,0,1,0.566805887,,,131.8203886,,,0.7620,,,5.23170,,,1.7000e+00,,,0.08,0.000e+00,-1.000e-02,1554.0,,,1368.32,315.19,-285.73,0.80,1,q1_q17_dr25_tce,5000.00,150.00,-150.00,4.708,0.049,-0.021,0.5490,0.0250,-0.0300,291.601750,42.863880,14.648
7216284,K03056.01,Kepler-1420 b,CONFIRMED,CANDIDATE,0.9720,0,0,0,0,6.699588510,4.2960000e-05,-4.2960000e-05,134.1468000,4.940000e-03,-4.940000e-03,0.0000,0.4510,0.0000,2.83100,0.15500,-0.15500,2.5370e+02,2.200e+01,-2.200e+01,1.24,2.200e-01,-9.000e-02,806.0,,,99.83,54.70,-24.03,13.60,1,q1_q17_dr25_tce,5296.00,159.00,-159.00,4.586,0.030,-0.120,0.7990,0.1380,-0.0590,296.203830,42.777828,15.883
8703887,K00287.01,,FALSE POSITIVE,FALSE POSITIVE,0.0000,0,1,0,0,14.170972781,4.7930000e-06,-4.7930000e-06,175.6077500,2.680000e-04,-2.680000e-04,0.5790,0.0270,-0.0480,3.73160,0.03260,-0.03260,1.3496e+04,5.460e+01,-5.460e+01,20.88,6.480e+00,-2.770e+00,1288.0,,,650.07,591.72,-242.01,308.10,1,q1_q17_dr25_tce,8347.00,226.00,-368.00,4.231,0.067,-0.202,1.7150,0.5320,-0.2280,296.935000,44.850269,11.054
9899352,K03135.01,,FALSE POSITIVE,FALSE POSITIVE,0.0000,0,1,1,1,1.332562831,6.8580000e-06,-6.8580000e-06,132.0508800,4.960000e-03,-4.960000e-03,1.2410,0.5400,-0.0900,6.24000,0.22800,-0.22800,2.9790e+02,9.600e+00,-9.600e+00,24.29,5.850e+00,-1.950e+00,1532.0,,,1301.29,926.14,-325.04,37.30,1,q1_q17_dr25_tce,5718.00,153.00,-170.00,4.549,0.040,-0.160,0.8630,0.2080,-0.0690,295.210360,46.749321,15.846
6945786,K03136.01,Kepler-1909 b,CONFIRMED,CANDIDATE,0.9900,0,0,0,0,2.391619660,1.1990000e-05,-1.1990000e-05,133.0795600,4.020000e-03,-4.020000e-03,0.2990,0.1510,-0.2990,1.90600,0.12700,-0.12700,1.8920e+02,1.650e+01,-1.650e+01,0.93,8.000e-02,-9.000e-02,1031.0,,,266.01,88.79,-72.54,13.60,1,q1_q17_dr25_tce,4935.00,147.00,-133.00,4.589,0.066,-0.039,0.6850,0.0610,-0.0680,290.889310,42.459660,15.738
5978170,K03140.01,Kepler-1910 b,CONFIRMED,CANDIDATE,0.9680,0,0,0,0,5.688790830,3.8900000e-05,-3.8900000e-05,131.6672000,5.470000e-03,-5.470000e-03,0.3900,0.0620,-0.3900,2.55000,0.16000,-0.16000,2.4150e+02,2.020e+01,-2.020e+01,0.99,5.000e-02,-9.000e-02,645.0,,,40.88,10.50,-11.16,13.80,1,q1_q17_dr25_tce,4234.00,128.00,-141.00,4.630,0.049,-0.021,0.6390,0.0360,-0.0560,296.617250,41.281189,15.561
5440317,K03141.01,Kepler-1438 b,CONFIRMED,CANDIDATE,0.8930,0,0,0,0,2.319415710,1.6010000e-05,-1.6010000e-05,131.9392500,5.400000e-03,-5.400000e-03,0.4290,0.0600,-0.4050,1.59100,0.15500,-0.15500,9.6400e+01,1.020e+01,-1.020e+01,1.24,2.000e-01,-2.000e-01,1490.0,,,1164.84,496.62,-391.39,11.70,1,q1_q17_dr25_tce,5624.00,76.00,-76.00,4.256,0.143,-0.117,1.2480,0.2030,-0.2030,289.289790,40.681671,14.869
10545066,K00337.01,Kepler-528 b,CONFIRMED,CANDIDATE,1.0000,0,0,0,0,19.783025900,6.6140000e-05,-6.6140000e-05,177.7201300,2.300000e-03,-2.300000e-03,0.0150,0.3750,-0.0150,5.48980,0.07670,-0.07670,3.7320e+02,1.010e+01,-1.010e+01,2.10,3.200e-01,-2.800e-01,708.0,,,59.39,25.52,-18.05,41.80,1,q1_q17_dr25_tce,5747.00,115.00,-104.00,4.335,0.120,-0.108,1.0990,0.1640,-0.1480,295.684810,47.748081,13.936
6056992,K00051.01,,FALSE POSITIVE,FALSE POSITIVE,0.0000,0,1,1,0,10.431146765,3.2670000e-06,-3.2670000e-06,133.9363370,2.640000e-04,-2.640000e-04,1.2250,1.0510,-0.1370,3.88530,0.01860,-0.01860,2.9376e+04,9.200e+01,-9.200e+01,50.44,0.000e+00,0.000e+00,833.0,,,114.02,0.00,0.00,400.20,1,q1_q17_dr25_tce,5780.00,,,4.438,,,1.0000,,,295.918850,41.332432,13.761
10552611,K00338.01,Kepler-141 c,CONFIRMED,CANDIDATE,1.0000,0,0,0,0,7.010632400,1.3620000e-05,-1.3620000e-05,174.5754200,1.550000e-03,-1.550000e-03,0.6830,0.0460,-0.4800,3.06880,0.04880,-0.04880,3.2730e+02,7.200e+00,-7.200e+00,1.50,8.000e-02,-7.000e-02,738.0,,,70.32,14.39,-11.12,48.70,1,q1_q17_dr25_tce,4908.00,98.00,-98.00,4.567,0.028,-0.045,0.7820,0.0430,-0.0350,297.970890,47.731682,13.448
10552611,K00338.02,Kepler-141 b,CONFIRMED,CANDIDATE,0.9990,0,0,0,0,3.107626840,1.5370000e-05,-1.5370000e-05,132.6335900,3.690000e-03,-3.690000e-03,0.7000,0.2430,-0.4730,2.36100,0.12200,-0.12200,7.7200e+01,5.600e+00,-5.600e+00,0.73,4.000e-02,-3.000e-02,968.0,,,207.72,42.50,-32.87,15.60,2,q1_q17_dr25_tce,4908.00,98.00,-98.00,4.567,0.028,-0.045,0.7820,0.0430,-0.0350,297.970890,47.731682,13.448
10587105,K00339.01,Kepler-529 b,CONFIRMED,CANDIDATE,1.0000,0,0,0,0,1.980356674,2.3220000e-06,-2.3220000e-06,170.1396010,8.620000e-04,-8.620000e-04,0.7130,0.1830,-0.4700,2.47430,0.03360,-0.03360,2.7190e+02,4.400e+00,-4.400e+00,2.10,3.500e-01,-3.100e-01,1662.0,,,1808.41,850.50,-611.67,71.90,1,q1_q17_dr25_tce,6078.00,121.00,-133.00,4.290,0.137,-0.112,1.1890,0.1970,-0.1780,285.888370,47.880379,13.763
10587105,K00339.02,Kepler-529 c,CONFIRMED,CANDIDATE,1.0000,0,0,0,0,12.834477100,3.9950000e-05,-3.9950000e-05,138.3262600,2.600000e-03,-2.600000e-03,0.9560,0.0250,-0.6830,3.84600,0.13900,-0.13900,2.8100e+02,8.600e+00,-8.600e+00,2.55,4.200e-01,-3.800e-01,891.0,,,149.42,70.27,-50.54,35.00,2,q1_q17_dr25_tce,6078.00,121.00,-133.00,4.290,0.137,-0.112,1.1890,0.1970,-0.1780,285.888370,47.880379,13.763
6948480,K02975.01,,FALSE POSITIVE,FALSE POSITIVE,0.0000,0,1,0,0,175.329014000,2.6030000e-03,-2.6030000e-03,230.9292000,1.170000e-02,-1.170000e-02,1.2310,6.8650,-0.3830,6.26900,0.53200,-0.53200,1.0591e+03,7.560e+01,-7.560e+01,27.03,8.490e+00,-2.810e+00,327.0,,,2.69,2.49,-0.82,16.70,1,q1_q17_dr25_tce,6008.00,168.00,-210.00,4.499,0.052,-0.208,0.9300,0.2920,-0.0970,291.787540,42.469528,15.310
6438099,K02976.01,,CANDIDATE,CANDIDATE,0.9890,0,0,0,0,21.613133620,9.5470000e-05,-9.5470000e-05,137.0268900,3.770000e-03,-3.770000e-03,0.7140,0.0570,-0.5070,1.52000,0.12800,-0.12800,8.1810e+02,7.040e+01,-7.040e+01,1.94,2.300e-01,-1.000e-01,503.0,,,15.14,6.15,-3.12,13.80,1,q1_q17_dr25_tce,5267.00,156.00,-156.00,4.681,0.025,-0.075,0.6320,0.0750,-0.0340,290.220670,41.868721,15.862
11090556,K02977.01,Kepler-1398 b,CONFIRMED,CANDIDATE,1.0000,0,0,0,0,2.788179300,1.8520000e-05,-1.8520000e-05,131.8455800,5.710000e-03,-5.710000e-03,0.0580,0.4020,-0.0580,3.39700,0.13900,-0.13900,5.5800e+01,3.400e+00,-3.400e+00,1.02,1.800e-01,-2.000e-01,1510.0,,,1228.07,538.44,-496.01,17.70,1,q1_q17_dr25_tce,5758.00,78.00,-86.00,4.168,0.182,-0.098,1.3850,0.2320,-0.2830,294.866180,48.638981,13.710
11090556,K02977.02,Kepler-1398 c,CONFIRMED,CANDIDATE,0.9840,0,0,0,0,4.138276840,2.5960000e-05,-2.5960000e-05,133.2285000,5.040000e-03,-5.040000e-03,0.4990,0.4430,-0.2840,3.44900,0.18000,-0.18000,6.3800e+01,4.200e+00,-4.200e+00,1.13,1.900e-01,-2.300e-01,1324.0,,,725.53,318.11,-293.04,16.80,2,q1_q17_dr25_tce,5758.00,78.00,-86.00,4.168,0.182,-0.098,1.3850,0.2320,-0.2830,294.866180,48.638981,13.710
10686814,K02978.01,,FALSE POSITIVE,FALSE POSITIVE,0.0000,0,0,1,1,2.618462580,1.9480000e-05,-1.9480000e-05,134.0294500,5.580000e-03,-5.580000e-03,0.0130,0.4480,-0.0130,3.50500,0.24800,-0.24800,2.7530e+02,1.780e+01,-1.780e+01,1.03,6.000e-02,-9.000e-02,843.0,,,119.68,30.53,-31.98,18.70,1,q1_q17_dr25_tce,4266.00,128.00,-128.00,4.626,0.048,-0.021,0.6430,0.0360,-0.0580,299.034480,47.904850,15.593
3234843,K03057.01,Kepler-405 c,CONFIRMED,CANDIDATE,0.9970,0,0,0,0,29.727220000,2.0160000e-04,-2.0160000e-04,134.6581000,5.540000e-03,-5.540000e-03,0.7440,0.1940,-0.5140,3.45000,0.14600,-0.14600,1.0102e+03,5.550e+01,-5.550e+01,3.02,9.100e-01,-2.900e-01,557.0,,,22.70,20.22,-6.57,19.40,1,q1_q17_dr25_tce,5815.00,163.00,-204.00,4.540,0.048,-0.192,0.8770,0.2640,-0.0830,291.409450,38.340019,15.855
6021275,K00284.01,Kepler-132 d,CONFIRMED,CANDIDATE,0.9710,0,0,0,0,18.010199560,4.3740000e-05,-4.3740000e-05,179.4213700,1.990000e-03,-1.990000e-03,0.9660,0.0270,-0.6960,3.51600,0.12500,-0.12500,1.7770e+02,4.500e+00,-4.500e+00,1.93,2.700e-01,-3.100e-01,758.0,,,77.99,31.37,-26.86,43.40,2,q1_q17_dr25_tce,5931.00,107.00,-118.00,4.322,0.137,-0.112,1.1010,0.1570,-0.1730,283.235810,41.343040,11.818
3234843,K03057.02,Kepler-405 b,CONFIRMED,CANDIDATE,1.0000,0,0,0,0,10.613687120,6.1920000e-05,-6.1920000e-05,140.8531600,4.980000e-03,-4.980000e-03,0.0240,0.4260,-0.0240,3.49800,0.14400,-0.14400,5.5980e+02,3.360e+01,-3.360e+01,2.06,6.300e-01,-1.900e-01,785.0,,,89.65,79.83,-25.95,18.90,2,q1_q17_dr25_tce,5815.00,163.00,-204.00,4.540,0.048,-0.192,0.8770,0.2640,-0.0830,291.409450,38.340019,15.855
8192911,K03058.01,,FALSE POSITIVE,FALSE POSITIVE,0.0000,0,0,1,0,7.538874420,8.7260000e-05,-8.7260000e-05,135.3319000,1.100000e-02,-1.100000e-02,0.7270,0.2520,-0.5020,3.14700,0.22300,-0.22300,3.4210e+02,3.070e+01,-3.070e+01,1.33,1.400e-01,-1.200e-01,751.0,,,75.14,30.41,-20.81,13.60,1,q1_q17_dr25_tce,5318.00,186.00,-186.00,4.601,0.078,-0.058,0.6670,0.0710,-0.0580,299.728450,44.031811,15.504
10554967,K03059.01,,FALSE POSITIVE,FALSE POSITIVE,0.0000,0,0,1,0,0.536335190,8.8100000e-07,-8.8100000e-07,131.7144700,1.350000e-03,-1.350000e-03,0.4890,0.4400,-0.2970,1.05470,0.05340,-0.05340,4.4410e+02,1.940e+01,-1.940e+01,1.81,4.400e-01,-1.400e-01,1974.0,,,3603.58,2678.53,-931.70,29.90,1,q1_q17_dr25_tce,5508.00,180.00,-180.00,4.569,0.029,-0.162,0.8400,0.2000,-0.0670,298.653170,47.713711,15.546
3752110,K03142.01,,CANDIDATE,CANDIDATE,0.9620,0,0,0,0,27.943024500,4.7460000e-04,-4.7460000e-04,136.8697000,1.130000e-02,-1.130000e-02,0.0520,0.4120,-0.0520,6.12500,0.47400,-0.47400,3.0860e+02,2.900e+01,-2.900e+01,2.21,6.800e-01,-2.500e-01,718.0,,,62.74,57.50,-19.72,12.30,1,q1_q17_dr25_tce,6468.00,180.00,-225.00,4.363,0.062,-0.200,1.2500,0.3880,-0.1390,292.807220,38.884232,15.243
5688790,K03144.01,Kepler-1439 b,CONFIRMED,CANDIDATE,0.8580,0,0,0,0,8.073940970,4.8480000e-05,-4.8480000e-05,540.0416100,4.870000e-03,-4.870000e-03,0.9280,0.0110,-0.6450,2.45500,0.11100,-0.11100,1.0560e+03,7.770e+01,-7.770e+01,1.59,2.000e-01,-1.900e-01,420.0,,,7.33,2.67,-2.18,16.00,1,q1_q17_dr25_tce,3675.00,73.00,-82.00,4.869,0.049,-0.055,0.3980,0.0490,-0.0490,285.739810,40.980049,16.109
1717722,K03145.01,Kepler-1977 b,CONFIRMED,CANDIDATE,1.0000,0,0,0,0,4.537021210,2.4980000e-05,-2.4980000e-05,132.1846000,4.460000e-03,-4.460000e-03,0.7060,0.0580,-0.4910,1.81300,0.12400,-0.12400,5.0440e+02,3.650e+01,-3.650e+01,1.66,1.900e-01,-1.100e-01,798.0,,,95.61,38.11,-21.67,15.70,2,q1_q17_dr25_tce,4805.00,144.00,-144.00,4.633,0.027,-0.059,0.6880,0.0790,-0.0450,290.617980,37.289089,15.689
1717722,K03145.02,,CANDIDATE,CANDIDATE,0.8580,0,0,0,0,0.977311489,4.6310000e-06,-4.6310000e-06,131.7029900,3.430000e-03,-3.430000e-03,0.0100,0.4610,-0.0100,1.40300,0.12700,-0.12700,2.5070e+02,2.050e+01,-2.050e+01,1.06,1.200e-01,-7.000e-02,1331.0,,,737.36,293.96,-167.10,14.80,3,q1_q17_dr25_tce,4805.00,144.00,-144.00,4.633,0.027,-0.059,0.6880,0.0790,-0.0450,290.617980,37.289089,15.689
10908248,K03146.01,Kepler-1440 b,CONFIRMED,CANDIDATE,0.7680,0,0,0,0,39.859505000,1.2650000e-03,-1.2650000e-03,154.7616000,2.410000e-02,-2.410000e-02,0.3980,0.0770,-0.3980,7.98700,0.69500,-0.69500,1.5550e+02,1.330e+01,-1.330e+01,1.62,2.500e-01,-3.100e-01,597.0,,,29.97,12.29,-11.40,13.90,1,q1_q17_dr25_tce,5675.00,76.00,-76.00,4.209,0.176,-0.108,1.2920,0.2020,-0.2470,285.346950,48.312248,14.131
10616571,K00340.01,,FALSE POSITIVE,FALSE POSITIVE,0.0000,0,1,0,0,23.673124200,1.0120000e-05,-1.0120000e-05,160.6287560,3.380000e-04,-3.380000e-04,0.2100,0.0260,-0.0450,14.39480,0.02920,-0.02920,2.3113e+04,3.230e+01,-3.230e+01,17.74,3.150e+00,-1.950e+00,676.0,,,49.42,24.18,-13.30,842.30,2,q1_q17_dr25_tce,5769.00,104.00,-116.00,4.338,0.095,-0.126,1.1770,0.2090,-0.1290,297.664670,47.801392,13.057
10878263,K00341.01,Kepler-414 c,CONFIRMED,CANDIDATE,1.0000,0,0,0,0,7.170710381,7.0600000e-06,-7.0600000e-06,176.6668440,7.470000e-04,-7.470000e-04,0.1880,0.2370,-0.1880,2.92250,0.03010,-0.03010,8.6330e+02,1.050e+01,-1.050e+01,2.73,3.200e-01,-2.600e-01,890.0,,,148.09,51.74,-35.38,89.30,1,q1_q17_dr25_tce,5497.00,109.00,-98.00,4.437,0.090,-0.090,0.9410,0.1100,-0.0900,297.961550,48.244362,13.338
10878263,K00341.02,Kepler-414 b,CONFIRMED,CANDIDATE,1.0000,0,0,0,0,4.699652821,8.4770000e-06,-8.4770000e-06,177.6151900,1.360000e-03,-1.360000e-03,0.1350,0.2980,-0.1350,2.55300,0.04570,-0.04570,3.5140e+02,9.400e+00,-9.400e+00,1.74,2.000e-01,-1.700e-01,1024.0,,,260.54,91.02,-62.25,41.60,2,q1_q17_dr25_tce,5497.00,109.00,-98.00,4.437,0.090,-0.090,0.9410,0.1100,-0.0900,297.961550,48.244362,13.338
10982872,K00343.01,Kepler-142 c,CONFIRMED,CANDIDATE,1.0000,0,0,0,0,4.761705895,3.4990000e-06,-3.4990000e-06,170.3357590,5.720000e-04,-5.720000e-04,0.3840,0.0020,-0.3840,3.30610,0.02130,-0.02130,4.9710e+02,3.900e+00,-3.900e+00,2.75,4.400e-01,-4.800e-01,1201.0,,,491.37,217.07,-182.30,138.50,1,q1_q17_dr25_tce,5794.00,105.00,-117.00,4.263,0.156,-0.104,1.2250,0.1940,-0.2130,295.118900,48.481281,13.203
10982872,K00343.02,Kepler-142 b,CONFIRMED,CANDIDATE,1.0000,0,0,0,0,2.024143568,2.0590000e-06,-2.0590000e-06,170.4962040,7.880000e-04,-7.880000e-04,0.5130,0.0130,-0.4950,2.52730,0.02910,-0.02910,2.3940e+02,3.100e+00,-3.100e+00,1.94,3.100e-01,-3.400e-01,1597.0,,,1535.09,678.14,-569.52,88.40,2,q1_q17_dr25_tce,5794.00,105.00,-117.00,4.263,0.156,-0.104,1.2250,0.1940,-0.2130,295.118900,48.481281,13.203
2720514,K02979.01,,FALSE POSITIVE,FALSE POSITIVE,0.0000,0,0,1,0,1.371288853,4.1640000e-06,-4.1640000e-06,131.9379600,2.400000e-03,-2.400000e-03,0.9530,0.0090,-0.6930,1.45280,0.08010,-0.08010,6.6200e+01,4.500e+00,-4.500e+00,1.15,3.700e-01,-1.600e-01,1837.0,,,2695.60,2567.35,-935.14,16.90,1,q1_q17_dr25_tce,6220.00,172.00,-194.00,4.378,0.087,-0.203,1.1080,0.3580,-0.1540,293.070800,37.986870,13.328
4141376,K00280.01,Kepler-1655 b,CONFIRMED,CANDIDATE,1.0000,0,0,0,0,11.872908140,1.1450000e-05,-1.1450000e-05,180.8959330,7.270000e-04,-7.270000e-04,0.9040,0.0030,-0.6510,2.53420,0.04500,-0.04500,3.3270e+02,4.500e+00,-4.500e+00,2.25,1.000e-01,-1.000e-01,863.0,,,131.55,19.10,-18.64,84.70,1,q1_q17_dr25_tce,6147.00,73.00,-92.00,4.412,0.030,-0.027,1.0400,0.0470,-0.0470,286.689450,39.211910,11.072
9468551,K02980.01,Kepler-1399 b,CONFIRMED,CANDIDATE,0.9870,0,0,0,0,1.638652525,8.7490000e-06,-8.7490000e-06,132.2902500,5.120000e-03,-5.120000e-03,0.3650,0.0920,-0.3650,1.95200,0.11700,-0.11700,1.6690e+02,1.190e+01,-1.190e+01,1.29,4.100e-01,-1.400e-01,1610.0,,,1585.07,1592.93,-504.68,16.40,1,q1_q17_dr25_tce,6119.00,211.00,-232.00,4.472,0.056,-0.224,0.9810,0.3170,-0.1060,293.311680,46.041710,15.490
9076971,K02981.01,Kepler-1400 b,CONFIRMED,CANDIDATE,0.2540,0,0,0,0,9.066876130,7.2460000e-05,-7.2460000e-05,134.7518500,7.470000e-03,-7.470000e-03,0.9280,0.0510,-0.6270,3.38100,0.16900,-0.16900,3.6720e+02,2.870e+01,-2.870e+01,1.90,2.100e-01,-2.300e-01,725.0,,,65.52,26.88,-21.65,14.60,1,q1_q17_dr25_tce,5142.00,179.00,-179.00,4.515,0.088,-0.072,0.7890,0.0860,-0.0960,286.271670,45.440811,15.737
8360640,K02982.01,Kepler-1891 b,CONFIRMED,CANDIDATE,0.9990,0,0,0,0,4.022310900,1.4980000e-05,-1.4980000e-05,135.1729800,3.060000e-03,-3.060000e-03,0.7410,0.2280,-0.5300,0.85300,0.13300,-0.13300,2.2780e+02,2.790e+01,-2.790e+01,1.37,3.100e-01,-1.300e-01,1017.0,,,253.28,170.33,-68.07,11.00,1,q1_q17_dr25_tce,5516.00,149.00,-149.00,4.544,0.048,-0.143,0.8270,0.1870,-0.0800,290.043880,44.370602,14.264
11019987,K03060.01,Kepler-1421 b,CONFIRMED,CANDIDATE,0.9770,0,0,0,0,6.913173200,1.6790000e-04,-1.6790000e-04,138.4219000,1.950000e-02,-1.950000e-02,0.2640,0.1890,-0.2640,4.73000,0.48500,-0.48500,3.9100e+01,3.800e+00,-3.800e+00,0.91,1.600e-01,-1.400e-01,1209.0,,,505.00,243.02,-174.16,12.50,1,q1_q17_dr25_tce,6296.00,113.00,-126.00,4.210,0.125,-0.125,1.4440,0.2520,-0.2270,286.580600,48.544189,12.788
4857058,K03061.01,Kepler-1983 b,CONFIRMED,CANDIDATE,0.9810,0,0,0,0,7.328519470,2.3110000e-05,-2.3110000e-05,132.1285700,2.480000e-03,-2.480000e-03,0.9830,0.0790,-0.7710,1.21100,0.11400,-0.11400,2.7780e+02,2.760e+01,-2.760e+01,2.33,1.300e-01,-1.800e-01,807.0,,,100.13,18.77,-20.11,14.00,1,q1_q17_dr25_tce,5135.00,84.00,-76.00,4.464,0.084,-0.039,0.8740,0.0480,-0.0690,297.042080,39.912231,14.316
10924562,K03063.01,Kepler-1422 b,CONFIRMED,CANDIDATE,1.0000,0,0,0,0,18.605204600,2.9290000e-04,-2.9290000e-04,149.0376000,1.300000e-02,-1.300000e-02,0.0930,0.3450,-0.0930,6.82900,0.32000,-0.32000,2.4250e+02,2.100e+01,-2.100e+01,1.94,5.500e-01,-2.700e-01,833.0,,,113.88,95.74,-42.35,13.10,1,q1_q17_dr25_tce,6572.00,187.00,-258.00,4.365,0.062,-0.188,1.2380,0.3500,-0.1750,293.890200,48.336121,15.665
9899505,K03064.01,,FALSE POSITIVE,FALSE POSITIVE,0.0000,1,0,1,1,1.332562787,2.2710000e-06,-2.2710000e-06,132.0513800,1.610000e-03,-1.610000e-03,1.2400,0.3450,-0.1640,6.28000,0.07360,-0.07360,1.1119e+03,1.100e+01,-1.100e+01,29.10,9.030e+00,-3.010e+00,1703.0,,,1983.27,1864.11,-618.35,125.20,1,q1_q17_dr25_tce,6091.00,189.00,-232.00,4.487,0.052,-0.208,0.9670,0.3000,-0.1000,295.262270,46.781380,15.952
5040077,K03065.01,,CANDIDATE,CANDIDATE,0.9990,0,0,0,0,0.896382269,3.9040000e-06,-3.9040000e-06,132.2965100,3.620000e-03,-3.620000e-03,0.3320,0.1150,-0.3320,1.11300,0.12500,-0.12500,1.3640e+02,1.560e+01,-1.560e+01,1.00,2.600e-01,-1.100e-01,1810.0,,,2524.81,1956.87,-775.66,11.70,1,q1_q17_dr25_tce,5837.00,177.00,-195.00,4.502,0.075,-0.163,0.8430,0.2150,-0.0920,298.539670,40.183659,14.603
7534267,K03147.01,Kepler-1441 b,CONFIRMED,CANDIDATE,0.9970,0,0,0,0,39.442078100,7.0630000e-04,-7.0630000e-04,169.1411000,1.360000e-02,-1.360000e-02,0.4200,0.0280,-0.4200,7.02900,0.42200,-0.42200,1.7240e+02,1.340e+01,-1.340e+01,2.51,4.000e-01,-6.200e-01,682.0,,,51.14,22.18,-23.45,15.20,1,q1_q17_dr25_tce,5430.00,81.00,-73.00,3.923,0.188,-0.101,1.9020,0.3090,-0.4640,293.719120,43.124592,14.268
9592705,K00288.01,Kepler-1714 b,CONFIRMED,CANDIDATE,1.0000,0,0,0,0,10.275325130,1.4420000e-05,-1.4420000e-05,177.2722700,1.140000e-03,-1.140000e-03,0.3150,0.1230,-0.3150,6.30930,0.03960,-0.03960,2.0970e+02,2.400e+00,-2.400e+00,3.04,1.500e-01,-2.100e-01,1211.0,,,508.21,75.80,-92.88,99.50,1,q1_q17_dr25_tce,6150.00,73.00,-85.00,3.960,0.030,-0.027,2.0860,0.0980,-0.1470,293.716460,46.226654,11.020
10611420,K03148.01,,FALSE POSITIVE,FALSE POSITIVE,0.0140,0,0,1,0,11.505286030,8.1240000e-05,-8.1240000e-05,135.1016000,5.700000e-03,-5.700000e-03,0.4610,0.5150,-0.2540,2.09800,0.22300,-0.22300,2.6020e+02,2.930e+01,-2.930e+01,1.83,5.600e-01,-2.200e-01,912.0,,,163.79,145.33,-53.14,11.40,1,q1_q17_dr25_tce,6355.00,172.00,-210.00,4.410,0.062,-0.188,1.1080,0.3350,-0.1340,296.117340,47.879829,15.191
10386922,K00289.01,Kepler-511 c,CONFIRMED,CANDIDATE,1.0000,0,0,0,0,26.629419530,4.5920000e-05,-4.5920000e-05,191.9962700,1.370000e-03,-1.370000e-03,0.0150,0.4120,-0.0150,7.87090,0.05650,-0.05650,4.9280e+02,5.200e+00,-5.200e+00,3.13,4.900e-01,-6.600e-01,742.0,,,71.75,30.93,-30.34,106.90,2,q1_q17_dr25_tce,5866.00,105.00,-105.00,4.117,0.195,-0.105,1.4170,0.2190,-0.3010,282.945650,47.574905,12.747
10386922,K00289.02,Kepler-511 b,CONFIRMED,CANDIDATE,1.0000,0,0,0,0,296.637581700,4.0510000e-04,-4.0510000e-04,403.6720420,9.140000e-04,-9.140000e-04,0.4290,0.0930,-0.1840,16.42500,0.10100,-0.10100,2.7631e+03,1.170e+01,-1.170e+01,7.56,1.170e+00,-1.600e+00,332.0,,,2.88,1.25,-1.22,250.00,1,q1_q17_dr25_tce,5866.00,105.00,-105.00,4.117,0.195,-0.105,1.4170,0.2190,-0.3010,282.945650,47.574905,12.747
10982872,K00343.03,Kepler-142 d,CONFIRMED,CANDIDATE,0.9980,0,0,0,0,41.808503100,2.9390000e-04,-2.9390000e-04,148.7081400,6.030000e-03,-6.030000e-03,0.0110,0.4370,-0.0110,7.79700,0.16000,-0.16000,1.9040e+02,7.200e+00,-7.200e+00,1.67,2.700e-01,-2.900e-01,582.0,,,27.15,12.00,-10.07,27.30,3,q1_q17_dr25_tce,5794.00,105.00,-117.00,4.263,0.156,-0.104,1.2250,0.1940,-0.2130,295.118900,48.481281,13.203
3558981,K00052.01,,FALSE POSITIVE,FALSE POSITIVE,0.0000,0,1,0,0,2.987862720,2.3060000e-06,-2.3060000e-06,168.0112330,6.180000e-04,-6.180000e-04,0.6210,0.0550,-0.1590,2.58140,0.08750,-0.08750,4.2789e+04,5.960e+02,-5.960e+02,17.82,2.750e+00,-1.700e+00,1064.0,,,303.15,167.53,-84.91,98.00,1,q1_q17_dr25_tce,5231.00,203.00,-166.00,4.544,0.049,-0.098,0.8210,0.1270,-0.0780,294.977450,38.678352,13.109
11015108,K00344.01,Kepler-530 b,CONFIRMED,CANDIDATE,1.0000,0,0,0,0,39.309440960,4.7900000e-05,-4.7900000e-05,171.3348610,9.540000e-04,-9.540000e-04,0.0280,0.3350,-0.0280,5.77000,0.03760,-0.03760,1.1321e+03,1.060e+01,-1.060e+01,2.87,3.700e-01,-1.400e-01,488.0,,,13.46,5.00,-2.25,122.90,1,q1_q17_dr25_tce,5607.00,101.00,-112.00,4.536,0.028,-0.112,0.8630,0.1120,-0.0430,283.340270,48.549042,13.400
11074541,K00345.01,Kepler-531 b,CONFIRMED,CANDIDATE,1.0000,0,0,0,0,29.884877230,3.0720000e-05,-3.0720000e-05,173.1944040,8.190000e-04,-8.190000e-04,0.6580,0.0310,-0.4540,4.56120,0.04130,-0.04130,1.2757e+03,1.130e+01,-1.130e+01,2.81,1.200e-01,-1.900e-01,453.0,,,9.95,1.78,-1.98,128.30,1,q1_q17_dr25_tce,4883.00,97.00,-97.00,4.549,0.060,-0.020,0.7490,0.0330,-0.0510,286.524810,48.683601,13.340
11100383,K00346.01,Kepler-532 b,CONFIRMED,CANDIDATE,1.0000,0,0,0,0,12.924898030,2.2460000e-05,-2.2460000e-05,170.7867900,1.270000e-03,-1.270000e-03,0.7680,0.1500,-0.5240,2.68110,0.06140,-0.06140,9.5900e+02,2.220e+01,-2.220e+01,2.62,1.800e-01,-1.100e-01,620.0,,,34.95,8.39,-5.26,49.50,1,q1_q17_dr25_tce,5103.00,102.00,-102.00,4.584,0.020,-0.056,0.7680,0.0540,-0.0310,298.660920,48.606369,13.524
7918652,K02984.01,,CANDIDATE,CANDIDATE,0.9890,0,0,0,0,11.455418960,9.7200000e-05,-9.7200000e-05,136.3252400,7.170000e-03,-7.170000e-03,0.1160,0.3510,-0.1160,4.95000,0.22200,-0.22200,6.8600e+01,5.100e+00,-5.100e+00,1.12,2.000e-01,-1.100e-01,975.0,,,213.86,103.88,-56.26,15.80,1,q1_q17_dr25_tce,6231.00,112.00,-137.00,4.276,0.076,-0.123,1.3560,0.2390,-0.1390,299.707000,43.622601,13.066
8847111,K02985.01,,FALSE POSITIVE,FALSE POSITIVE,0.0000,0,0,1,0,0.575884418,8.3600000e-07,-8.3600000e-07,132.0077800,1.510000e-03,-1.510000e-03,1.2580,0.6930,-0.2350,2.07340,0.07300,-0.07300,2.7220e+02,7.600e+00,-7.600e+00,31.17,1.041e+01,-3.470e+00,2397.0,,,7790.32,7688.15,-2601.69,43.20,1,q1_q17_dr25_tce,6290.00,175.00,-263.00,4.442,0.067,-0.216,1.0440,0.3490,-0.1160,300.719270,45.096050,15.024
4568298,K02986.01,,FALSE POSITIVE,FALSE POSITIVE,0.0000,0,1,1,1,0.562555067,1.5640000e-06,-1.5640000e-06,131.7495800,2.320000e-03,-2.320000e-03,0.5270,0.0220,-0.4570,1.74020,0.08050,-0.08050,1.9830e+02,1.100e+01,-1.100e+01,1.21,2.900e-01,-1.200e-01,2046.0,,,4128.40,2917.27,-1138.81,21.70,1,q1_q17_dr25_tce,5793.00,155.00,-172.00,4.561,0.040,-0.160,0.8320,0.1990,-0.0800,293.536290,39.690090,15.945
9230021,K03429.04,,CANDIDATE,CANDIDATE,0.5080,0,0,0,0,44.433726000,1.0180000e-03,-1.0180000e-03,162.9825000,2.140000e-02,-2.140000e-02,0.6240,0.0200,-0.4860,6.11800,0.40700,-0.40700,2.3960e+02,3.090e+01,-3.090e+01,1.85,2.900e-01,-2.900e-01,538.0,,,19.73,8.21,-6.40,8.00,3,q1_q17_dr25_tce,5596.00,83.00,-75.00,4.298,0.143,-0.104,1.1450,0.1780,-0.1780,296.196140,45.634331,15.364
4374339,K02987.01,,FALSE POSITIVE,FALSE POSITIVE,0.0000,0,0,1,0,0.993703494,2.6280000e-06,-2.6280000e-06,132.1420000,2.090000e-03,-2.090000e-03,0.4360,0.0300,-0.4360,0.76450,0.09680,-0.09680,6.7400e+01,6.500e+00,-6.500e+00,2.32,3.700e-01,-8.200e-01,3257.0,,,26588.40,13329.89,-16907.16,14.50,1,q1_q17_dr25_tce,6854.00,184.00,-245.00,3.808,0.285,-0.095,2.7150,0.4400,-0.9530,293.983460,39.430420,12.928
6636320,K02989.01,Kepler-1892 b,CONFIRMED,CANDIDATE,1.0000,0,0,0,0,6.331252280,3.8020000e-05,-3.8020000e-05,137.1414900,4.820000e-03,-4.820000e-03,0.0940,0.3700,-0.0940,2.68800,0.15000,-0.15000,3.0660e+02,2.180e+01,-2.180e+01,1.31,2.300e-01,-1.000e-01,822.0,,,108.04,59.23,-26.06,16.20,1,q1_q17_dr25_tce,5383.00,159.00,-159.00,4.603,0.035,-0.112,0.7590,0.1320,-0.0570,299.080990,42.018139,15.411
4067925,K03066.01,Kepler-1897 b,CONFIRMED,CANDIDATE,0.8870,0,0,0,0,24.220419200,1.9400000e-04,-1.9400000e-04,146.4245900,6.240000e-03,-6.240000e-03,0.0320,0.4220,-0.0320,3.27100,0.22600,-0.22600,8.0630e+02,6.740e+01,-6.740e+01,2.10,3.300e-01,-1.500e-01,505.0,,,15.43,8.06,-3.66,14.00,1,q1_q17_dr25_tce,5165.00,170.00,-154.00,4.599,0.026,-0.097,0.7610,0.1190,-0.0550,294.290040,39.126869,15.911
4847782,K03067.01,,FALSE POSITIVE,FALSE POSITIVE,0.0000,0,1,1,1,30.959705300,4.2430000e-04,-4.2430000e-04,139.4390300,9.350000e-03,-9.350000e-03,1.1910,69.3100,-0.4510,5.42000,0.64200,-0.64200,4.1070e+02,3.910e+01,-3.910e+01,16.63,2.160e+00,-1.360e+00,438.0,,,8.67,4.54,-2.58,13.70,1,q1_q17_dr25_tce,4947.00,222.00,-222.00,4.621,0.030,-0.070,0.7140,0.0930,-0.0580,295.064420,39.960659,15.082
6021275,K00284.02,Kepler-132 c,CONFIRMED,CANDIDATE,0.9190,0,0,0,0,6.414912770,1.2590000e-05,-1.2590000e-05,169.6404400,1.530000e-03,-1.530000e-03,0.8690,0.0570,-0.5840,3.36290,0.04810,-0.04810,1.2100e+02,2.600e+00,-2.600e+00,1.40,2.000e-01,-2.200e-01,1069.0,,,309.12,124.36,-106.48,51.10,1,q1_q17_dr25_tce,5931.00,107.00,-118.00,4.322,0.137,-0.112,1.1010,0.1570,-0.1730,283.235810,41.343040,11.818
10350571,K01175.03,,FALSE POSITIVE,FALSE POSITIVE,0.3780,1,0,0,0,93.881556000,1.7640000e-03,-1.7640000e-03,131.5771000,1.760000e-02,-1.760000e-02,0.0080,0.4350,-0.0080,20.64400,0.51900,-0.51900,1.8870e+02,8.300e+00,-8.300e+00,2.02,3.100e-01,-4.700e-01,479.0,,,12.42,5.51,-5.60,23.70,3,q1_q17_dr25_tce,5676.00,115.00,-104.00,4.100,0.203,-0.087,1.4870,0.2290,-0.3440,295.920650,47.448608,13.290
3230805,K03068.01,,CANDIDATE,CANDIDATE,0.9920,0,0,0,0,3.916795530,2.6020000e-05,-2.6020000e-05,133.6027400,4.630000e-03,-4.630000e-03,0.0070,0.4520,-0.0070,2.07200,0.15800,-0.15800,1.6130e+02,1.410e+01,-1.410e+01,0.85,9.000e-02,-7.000e-02,851.0,,,123.73,47.10,-28.03,13.20,1,q1_q17_dr25_tce,4889.00,146.00,-131.00,4.637,0.032,-0.059,0.6860,0.0740,-0.0490,290.260280,38.354988,14.976
4676964,K03069.01,,CANDIDATE,CANDIDATE,1.0000,0,0,0,0,43.102443400,7.1150000e-04,-7.1150000e-04,140.1394000,1.340000e-02,-1.340000e-02,0.0110,0.4310,-0.0110,7.12400,0.31500,-0.31500,2.9980e+02,2.430e+01,-2.430e+01,1.88,5.200e-01,-3.300e-01,539.0,,,19.96,16.91,-8.02,14.30,1,q1_q17_dr25_tce,5741.00,171.00,-188.00,4.365,0.108,-0.186,1.0970,0.3090,-0.1900,297.039220,39.785259,14.914
10488450,K00290.01,,FALSE POSITIVE,FALSE POSITIVE,0.0000,0,0,1,0,2.683395376,3.6490000e-06,-3.6490000e-06,171.4260500,1.130000e-03,-1.130000e-03,0.7630,0.0970,-0.5200,1.85920,0.03850,-0.03850,2.3470e+02,5.300e+00,-5.300e+00,2.55,8.000e-01,-5.300e-01,1860.0,,,2833.83,2622.64,-1376.35,52.90,1,q1_q17_dr25_tce,6958.00,196.00,-337.00,4.195,0.132,-0.181,1.5290,0.4780,-0.3180,298.044190,47.627918,12.269
10933561,K00291.01,Kepler-133 c,CONFIRMED,CANDIDATE,0.9950,0,0,0,0,31.517794630,9.3750000e-05,-9.3750000e-05,185.1533000,2.230000e-03,-2.230000e-03,0.5610,0.0200,-0.4550,7.63400,0.07840,-0.07840,3.5760e+02,6.100e+00,-6.100e+00,2.72,4.100e-01,-6.100e-01,663.0,,,45.68,19.87,-20.03,63.20,1,q1_q17_dr25_tce,5611.00,114.00,-91.00,4.144,0.195,-0.105,1.4000,0.2110,-0.3160,297.277980,48.320332,12.848
10933561,K00291.02,Kepler-133 b,CONFIRMED,CANDIDATE,1.0000,0,0,0,0,8.129998580,2.3760000e-05,-2.3760000e-05,134.1006700,2.440000e-03,-2.440000e-03,0.8960,0.0290,-0.6260,2.14920,0.06970,-0.06970,1.4800e+02,6.600e+00,-6.600e+00,2.04,3.100e-01,-4.600e-01,1041.0,,,277.89,120.90,-121.84,26.10,2,q1_q17_dr25_tce,5611.00,114.00,-91.00,4.144,0.195,-0.105,1.4000,0.2110,-0.3160,297.277980,48.320332,12.848
4770617,K02243.03,,CANDIDATE,CANDIDATE,0.9720,0,0,0,0,31.445270900,1.6980000e-04,-1.6980000e-04,154.5813600,5.130000e-03,-5.130000e-03,0.9700,0.0060,-0.7250,1.75800,0.10800,-0.10800,5.3110e+02,4.810e+01,-4.810e+01,4.55,9.300e-01,-7.700e-01,721.0,,,63.78,33.30,-22.03,12.70,3,q1_q17_dr25_tce,6172.00,74.00,-86.00,4.198,0.130,-0.130,1.4710,0.3010,-0.2470,297.477110,39.877239,14.806
8845026,K00044.01,,FALSE POSITIVE,FALSE POSITIVE,0.0000,0,1,0,0,66.467462170,3.0030000e-05,-3.0030000e-05,160.4765100,3.580000e-04,-3.580000e-04,0.1160,0.0390,-0.0780,19.66380,0.02320,-0.02320,1.2644e+04,1.420e+01,-1.420e+01,11.97,3.430e+00,-1.570e+00,466.0,,,11.18,9.72,-3.86,1049.30,1,q1_q17_dr25_tce,5843.00,182.00,-203.00,4.403,0.087,-0.203,1.0730,0.3070,-0.1410,300.151860,45.089611,13.483
11075737,K00292.01,Kepler-97 b,CONFIRMED,CANDIDATE,1.0000,0,0,0,0,2.586639524,2.7090000e-06,-2.7090000e-06,171.8425720,8.000000e-04,-8.000000e-04,0.3490,0.0770,-0.3490,2.25300,0.02650,-0.02650,2.1770e+02,3.300e+00,-3.300e+00,1.44,1.900e-01,-1.600e-01,1328.0,,,735.48,282.45,-198.83,77.30,1,q1_q17_dr25_tce,5780.00,103.00,-115.00,4.421,0.100,-0.100,0.9660,0.1310,-0.1070,287.326630,48.673431,12.872
11189127,K00347.01,,FALSE POSITIVE,FALSE POSITIVE,0.3510,0,1,0,0,2.671942657,1.6380000e-06,-1.6380000e-06,169.8539080,4.930000e-04,-4.930000e-04,0.9820,8.1500,-0.0980,1.91190,0.03030,-0.03030,1.5942e+04,2.020e+02,-2.020e+02,22.36,6.150e+00,-4.600e+00,1458.0,,,1069.47,922.60,-483.51,97.50,1,q1_q17_dr25_tce,6116.00,212.00,-212.00,4.335,0.180,-0.180,1.0550,0.2900,-0.2170,291.157380,48.861145,13.318
11194032,K00348.01,Kepler-533 b,CONFIRMED,CANDIDATE,1.0000,0,0,0,0,28.511176390,2.6510000e-05,-2.6510000e-05,187.3639550,7.310000e-04,-7.310000e-04,0.7700,0.0060,-0.5570,4.59410,0.07060,-0.07060,1.8446e+03,1.470e+01,-1.470e+01,3.27,1.900e-01,-1.300e-01,423.0,,,7.55,1.57,-1.13,145.50,1,q1_q17_dr25_tce,4687.00,93.00,-93.00,4.627,0.015,-0.039,0.6900,0.0390,-0.0280,293.685730,48.825142,13.933
11394027,K00349.01,Kepler-1664 b,CONFIRMED,CANDIDATE,1.0000,0,0,0,0,14.386825670,1.6760000e-05,-1.6760000e-05,170.4550490,8.850000e-04,-8.850000e-04,0.0210,0.4110,-0.0210,2.14170,0.03230,-0.03230,5.6960e+02,1.090e+01,-1.090e+01,2.54,3.700e-01,-3.400e-01,776.0,,,85.46,35.45,-26.28,61.70,1,q1_q17_dr25_tce,5725.00,104.00,-115.00,4.353,0.126,-0.103,1.0720,0.1580,-0.1430,286.852660,49.261681,13.586
7609553,K02924.02,,CANDIDATE,CANDIDATE,0.9170,0,0,0,0,8.856867120,2.7640000e-05,-2.7640000e-05,134.1363300,2.270000e-03,-2.270000e-03,0.9230,0.0530,-0.6380,0.60600,0.08910,-0.08910,3.1920e+02,3.000e+01,-3.000e+01,1.88,1.800e-01,-2.100e-01,714.0,,,61.54,22.17,-17.78,11.90,2,q1_q17_dr25_tce,5017.00,151.00,-136.00,4.516,0.075,-0.067,0.7970,0.0790,-0.0870,292.440400,43.209431,14.589
11395587,K00350.01,,CANDIDATE,CANDIDATE,0.9830,0,0,0,0,12.990650740,2.2980000e-05,-2.2980000e-05,177.2386500,1.340000e-03,-1.340000e-03,0.0680,0.3700,-0.0680,2.37480,0.04160,-0.04160,3.9230e+02,1.060e+01,-1.060e+01,2.02,3.000e-01,-2.000e-01,790.0,,,92.12,38.04,-22.90,42.50,1,q1_q17_dr25_tce,5787.00,104.00,-116.00,4.402,0.090,-0.110,1.0270,0.1510,-0.1000,287.861420,49.264462,13.387
11442793,K00351.01,Kepler-90 h,CONFIRMED,CANDIDATE,0.0000,0,0,0,0,331.597273200,2.4590000e-04,-2.4590000e-04,140.4989290,5.860000e-04,-5.860000e-04,0.0200,0.1360,-0.0200,14.40400,0.03190,-0.03190,8.3221e+03,2.530e+01,-2.530e+01,10.89,1.770e+00,-1.450e+00,294.0,,,1.76,0.79,-0.55,355.00,1,q1_q17_dr25_tce,5970.00,107.00,-131.00,4.317,0.110,-0.121,1.2000,0.1950,-0.1600,284.433500,49.305161,13.804
5520547,K02990.01,Kepler-1401 b,CONFIRMED,CANDIDATE,1.0000,0,0,0,0,11.200588550,7.6910000e-05,-7.6910000e-05,137.5100300,4.960000e-03,-4.960000e-03,0.9560,0.0020,-0.7440,4.56200,0.12800,-0.12800,2.1990e+02,1.300e+01,-1.300e+01,1.70,4.700e-01,-1.600e-01,808.0,,,100.91,81.91,-27.32,19.20,1,q1_q17_dr25_tce,6038.00,163.00,-181.00,4.524,0.046,-0.184,0.8980,0.2480,-0.0830,287.466060,40.758450,14.982
4848424,K02991.01,,FALSE POSITIVE,FALSE POSITIVE,0.0000,0,0,1,1,1.501799310,1.3620000e-05,-1.3620000e-05,131.5561100,7.490000e-03,-7.490000e-03,0.2560,0.2030,-0.2560,3.27500,0.42100,-0.42100,1.0010e+02,6.800e+00,-6.800e+00,0.72,1.000e-01,-5.000e-02,1229.0,,,540.71,297.79,-155.95,19.10,1,q1_q17_dr25_tce,5024.00,227.00,-227.00,4.613,0.028,-0.083,0.7360,0.1030,-0.0550,295.217530,39.933128,14.762
8866102,K00042.01,Kepler-410 A b,CONFIRMED,CANDIDATE,1.0000,0,0,0,0,17.833678340,1.3850000e-05,-1.3850000e-05,181.2339430,6.030000e-04,-6.030000e-04,0.0130,0.2780,-0.0130,4.51120,0.01950,-0.01950,3.2690e+02,2.400e+00,-2.400e+00,2.43,1.200e-01,-1.400e-01,866.0,,,132.94,20.74,-20.33,154.50,1,q1_q17_dr25_tce,6407.00,76.00,-83.00,4.268,0.030,-0.030,1.3370,0.0670,-0.0740,283.150700,45.139832,9.364
4143755,K00281.01,Kepler-510 b,CONFIRMED,CANDIDATE,1.0000,0,0,0,0,19.556620030,3.6970000e-05,-3.6970000e-05,189.0435400,1.470000e-03,-1.470000e-03,0.6060,0.1800,-0.4100,8.08700,0.05200,-0.05200,2.9890e+02,3.100e+00,-3.100e+00,2.45,1.200e-01,-9.000e-02,797.0,,,95.35,17.77,-9.89,111.00,1,q1_q17_dr25_tce,5671.00,111.00,-51.00,4.094,0.033,-0.027,1.3600,0.0650,-0.0490,287.655000,39.244289,11.947
8509442,K02992.01,,CANDIDATE,CANDIDATE,0.9000,0,0,0,0,82.659517400,5.4430000e-04,-5.4430000e-04,152.6726000,5.870000e-03,-5.870000e-03,0.5790,0.3450,-0.3580,3.48000,0.16600,-0.16600,1.2707e+03,8.650e+01,-8.650e+01,2.03,1.400e-01,-1.800e-01,233.0,,,0.70,0.17,-0.18,17.10,1,q1_q17_dr25_tce,3952.00,86.00,-94.00,4.716,0.040,-0.036,0.5530,0.0400,-0.0490,296.737240,44.501480,15.995
11244137,K02994.01,Kepler-1402 b,CONFIRMED,CANDIDATE,0.9960,0,0,0,0,2.033874830,1.4080000e-05,-1.4080000e-05,131.9192700,5.140000e-03,-5.140000e-03,0.2380,0.1960,-0.2380,3.09700,0.16400,-0.16400,7.3600e+01,5.500e+00,-5.500e+00,1.60,2.900e-01,-2.800e-01,1789.0,,,2422.92,1161.50,-876.37,15.70,1,q1_q17_dr25_tce,5282.00,84.00,-73.00,3.913,0.126,-0.103,1.8990,0.3390,-0.3390,291.847810,48.968128,14.621
6072593,K03070.01,,FALSE POSITIVE,FALSE POSITIVE,0.0000,0,0,1,0,5.075382550,1.8270000e-05,-1.8270000e-05,133.9297800,2.890000e-03,-2.890000e-03,0.9190,0.0340,-0.6440,1.70000,0.08730,-0.08730,1.6310e+02,1.210e+01,-1.210e+01,1.74,4.800e-01,-3.300e-01,1154.0,,,419.23,345.81,-174.42,16.00,1,q1_q17_dr25_tce,5933.00,160.00,-178.00,4.334,0.136,-0.187,1.1180,0.3140,-0.2100,299.447330,41.398121,14.196
5865654,K03071.01,Kepler-1423 b,CONFIRMED,CANDIDATE,0.9330,0,0,0,0,23.955398600,1.8160000e-04,-1.8160000e-04,146.6622100,5.670000e-03,-5.670000e-03,0.6690,0.2890,-0.4350,3.20400,0.18200,-0.18200,2.2870e+02,1.890e+01,-1.890e+01,2.84,1.600e+00,-1.760e+00,741.0,,,71.16,121.80,-61.97,13.90,1,q1_q17_dr25_tce,5011.00,134.00,-149.00,3.903,0.644,-0.297,1.7810,1.0010,-1.1010,288.243770,41.110081,14.553
3219643,K03072.01,,CANDIDATE,CANDIDATE,0.0000,0,0,0,0,24.336702600,2.9020000e-04,-2.9020000e-04,154.3759000,1.110000e-02,-1.110000e-02,0.5770,0.0460,-0.4640,2.53900,0.39200,-0.39200,5.5110e+02,5.310e+01,-5.310e+01,1.95,1.900e-01,-2.100e-01,526.0,,,18.07,6.49,-5.36,13.40,1,q1_q17_dr25_tce,5141.00,153.00,-153.00,4.505,0.088,-0.072,0.8060,0.0800,-0.0880,286.761470,38.343510,15.581
8546542,K03073.01,,CANDIDATE,CANDIDATE,0.9940,0,0,0,0,7.409851820,2.8870000e-05,-2.8870000e-05,138.1822200,3.040000e-03,-3.040000e-03,0.2340,0.2210,-0.2340,1.13100,0.10300,-0.10300,2.0110e+02,1.930e+01,-1.930e+01,1.18,2.600e-01,-9.000e-02,818.0,,,105.91,72.13,-26.31,13.50,1,q1_q17_dr25_tce,5462.00,163.00,-163.00,4.560,0.028,-0.161,0.8360,0.1860,-0.0660,285.748500,44.632462,14.449
8197560,K03074.01,,FALSE POSITIVE,FALSE POSITIVE,0.0000,0,0,1,0,1.024255560,2.9370000e-06,-2.9370000e-06,131.4943700,2.830000e-03,-2.830000e-03,1.3120,4.6510,-0.1480,2.64390,0.08540,-0.08540,1.6317e+03,4.620e+01,-4.620e+01,29.83,5.580e+00,-2.380e+00,1503.0,,,1211.99,745.61,-320.86,40.60,1,q1_q17_dr25_tce,5337.00,185.00,-185.00,4.594,0.037,-0.112,0.7640,0.1430,-0.0610,300.977940,44.089069,16.695
11200415,K00293.01,,FALSE POSITIVE,FALSE POSITIVE,0.0000,0,0,1,1,4.639585980,1.7440000e-05,-1.7440000e-05,172.2191700,3.400000e-03,-3.400000e-03,0.0140,0.4420,-0.0140,2.76800,0.10100,-0.10100,8.3400e+01,3.500e+00,-3.500e+00,1.52,3.000e-01,-4.200e-01,1587.0,,,1496.31,887.54,-794.14,28.10,1,q1_q17_dr25_tce,6591.00,169.00,-186.00,4.024,0.273,-0.117,1.6460,0.3290,-0.4520,296.357330,48.863720,12.057
8613535,K02263.03,,CANDIDATE,CANDIDATE,0.5520,0,0,0,0,15.594375800,2.8460000e-04,-2.8460000e-04,140.3138000,1.440000e-02,-1.440000e-02,0.5000,0.4530,-0.2970,7.36700,0.55200,-0.55200,9.5400e+01,9.000e+00,-9.000e+00,1.08,3.400e-01,-1.100e-01,801.0,,,97.35,89.49,-29.51,11.90,4,q1_q17_dr25_tce,6249.00,174.00,-217.00,4.428,0.054,-0.202,1.0760,0.3350,-0.1120,286.971280,44.708302,14.456
11259686,K00294.01,Kepler-512 b,CONFIRMED,CANDIDATE,0.5900,0,0,0,0,34.435938700,9.5690000e-05,-9.5690000e-05,193.0380000,1.960000e-03,-1.960000e-03,0.0170,0.3880,-0.0170,5.82000,0.06920,-0.06920,4.2450e+02,9.300e+00,-9.300e+00,2.78,4.800e-01,-4.800e-01,652.0,,,42.68,20.42,-15.99,52.60,1,q1_q17_dr25_tce,5929.00,107.00,-131.00,4.243,0.137,-0.125,1.3630,0.2360,-0.2360,298.268950,48.916740,12.674
11547513,K00295.01,Kepler-134 b,CONFIRMED,CANDIDATE,1.0000,0,0,0,0,5.317440164,6.3760000e-06,-6.3760000e-06,171.8756190,8.970000e-04,-8.970000e-04,0.7200,0.1190,-0.4890,2.93310,0.03780,-0.03780,2.9250e+02,4.100e+00,-4.100e+00,1.94,3.000e-01,-2.200e-01,1105.0,,,351.52,152.76,-99.11,80.90,1,q1_q17_dr25_tce,5923.00,107.00,-131.00,4.377,0.099,-0.121,1.0540,0.1640,-0.1200,284.739040,49.598400,12.324
11547513,K00295.02,Kepler-134 c,CONFIRMED,CANDIDATE,0.9580,0,0,0,0,10.105757640,3.5230000e-05,-3.5230000e-05,135.5095800,2.800000e-03,-2.800000e-03,0.8280,0.0000,-0.5920,2.01380,0.08950,-0.08950,1.1680e+02,6.500e+00,-6.500e+00,1.28,2.000e-01,-1.400e-01,892.0,,,149.40,64.93,-42.12,19.90,2,q1_q17_dr25_tce,5923.00,107.00,-131.00,4.377,0.099,-0.121,1.0540,0.1640,-0.1200,284.739040,49.598400,12.324
11802615,K00296.01,Kepler-513 b,CONFIRMED,CANDIDATE,1.0000,0,0,0,0,28.862365710,6.2350000e-05,-6.2350000e-05,178.4849800,1.650000e-03,-1.650000e-03,0.7780,0.0260,-0.5360,5.40330,0.06370,-0.06370,4.4920e+02,8.000e+00,-8.000e+00,2.53,3.700e-01,-3.700e-01,623.0,,,35.56,15.07,-11.50,64.40,1,q1_q17_dr25_tce,5725.00,114.00,-103.00,4.326,0.137,-0.112,1.0880,0.1600,-0.1600,285.041690,50.075378,12.935
11442793,K00351.02,Kepler-90 g,CONFIRMED,CANDIDATE,0.8800,0,0,0,0,210.601384300,2.3470000e-04,-2.3470000e-04,147.0568670,8.860000e-04,-8.860000e-04,0.0020,0.1720,-0.0020,11.99220,0.03470,-0.03470,4.1593e+03,1.850e+01,-1.850e+01,7.70,1.250e+00,-1.030e+00,342.0,,,3.22,1.45,-1.01,232.40,2,q1_q17_dr25_tce,5970.00,107.00,-131.00,4.317,0.110,-0.121,1.2000,0.1950,-0.1600,284.433500,49.305161,13.804
10122538,K02926.05,,CANDIDATE,CANDIDATE,0.8890,0,0,0,0,75.731195000,1.8850000e-03,-1.8850000e-03,201.9685000,2.910000e-02,-2.910000e-02,0.9000,0.0420,-0.6100,4.85900,0.21900,-0.21900,2.4960e+03,1.730e+02,-1.730e+02,3.47,2.200e-01,-1.600e-01,237.0,,,0.74,0.16,-0.12,16.30,5,q1_q17_dr25_tce,3891.00,70.00,-86.00,4.718,0.018,-0.042,0.5640,0.0350,-0.0260,283.336060,47.174541,16.279
11442793,K00351.03,Kepler-90 d,CONFIRMED,CANDIDATE,0.9990,0,0,0,0,59.737144300,2.4020000e-04,-2.4020000e-04,158.9597400,2.760000e-03,-2.760000e-03,0.0050,0.4130,-0.0050,8.00060,0.09510,-0.09510,5.6640e+02,1.330e+01,-1.330e+01,2.84,4.600e-01,-3.800e-01,520.0,,,17.26,7.78,-5.40,43.50,3,q1_q17_dr25_tce,5970.00,107.00,-131.00,4.317,0.110,-0.121,1.2000,0.1950,-0.1600,284.433500,49.305161,13.804
2445975,K00053.01,,FALSE POSITIVE,FALSE POSITIVE,0.0000,0,1,1,0,3.388887193,1.6810000e-06,-1.6810000e-06,172.2590540,3.920000e-04,-3.920000e-04,0.3870,0.0090,-0.3520,2.44750,0.03160,-0.03160,1.1268e+04,8.150e+01,-8.150e+01,10.72,0.000e+00,0.000e+00,1212.0,,,511.30,0.00,0.00,162.90,1,q1_q17_dr25_tce,5780.00,,,4.438,,,1.0000,,,292.030910,37.773529,13.513
11521793,K00352.01,Kepler-143 c,CONFIRMED,CANDIDATE,1.0000,0,0,0,0,27.082397340,8.6900000e-05,-8.6900000e-05,191.8072800,2.420000e-03,-2.420000e-03,0.9150,0.0090,-0.6370,5.01190,0.10000,-0.10000,4.2320e+02,1.120e+01,-1.120e+01,3.25,5.200e-01,-6.400e-01,703.0,,,57.77,25.72,-23.34,40.90,1,q1_q17_dr25_tce,5857.00,105.00,-117.00,4.204,0.176,-0.108,1.3050,0.2090,-0.2560,298.067690,49.412601,13.770
11566064,K00353.01,,CANDIDATE,CANDIDATE,1.0000,0,0,0,0,152.106043500,2.5800000e-04,-2.5800000e-04,176.5274100,1.360000e-03,-1.360000e-03,0.8780,0.0070,-0.0090,7.45170,0.09270,-0.09270,3.6883e+03,3.620e+01,-3.620e+01,11.58,1.980e+00,-2.430e+00,458.0,,,10.36,5.03,-4.38,116.30,1,q1_q17_dr25_tce,6200.00,124.00,-124.00,4.072,0.188,-0.101,1.6400,0.2810,-0.3430,295.212680,49.562180,13.374
11566064,K00353.02,Kepler-1717 b,CONFIRMED,CANDIDATE,0.9890,0,0,0,0,30.652893500,2.2340000e-04,-2.2340000e-04,135.0421100,6.240000e-03,-6.240000e-03,0.6820,0.0390,-0.4930,4.99000,0.16100,-0.16100,2.6970e+02,1.620e+01,-1.620e+01,2.86,4.900e-01,-6.000e-01,780.0,,,87.69,42.54,-37.10,17.40,2,q1_q17_dr25_tce,6200.00,124.00,-124.00,4.072,0.188,-0.101,1.6400,0.2810,-0.3430,295.212680,49.562180,13.374
6531496,K03646.02,,FALSE POSITIVE,FALSE POSITIVE,0.0000,0,1,1,0,0.512869432,9.0800000e-07,-9.0800000e-07,132.0155400,1.970000e-03,-1.970000e-03,1.2630,0.2240,-0.1170,4.01500,0.07000,-0.07000,2.3130e+03,2.440e+01,-2.440e+01,31.12,9.040e+00,-3.020e+00,2185.0,,,5384.53,4624.29,-1576.53,133.90,3,q1_q17_dr25_tce,5853.00,163.00,-204.00,4.529,0.048,-0.204,0.8950,0.2600,-0.0870,294.590520,41.946510,16.095
3848275,K02995.01,Kepler-1403 b,CONFIRMED,CANDIDATE,0.9870,0,0,0,0,5.194927470,2.7840000e-05,-2.7840000e-05,131.6245800,4.320000e-03,-4.320000e-03,0.0930,0.3760,-0.0930,3.16700,0.13200,-0.13200,2.7290e+02,1.930e+01,-1.930e+01,2.03,6.600e-01,-2.600e-01,1238.0,,,554.37,533.78,-195.42,16.50,1,q1_q17_dr25_tce,6415.00,177.00,-243.00,4.374,0.065,-0.208,1.2240,0.4000,-0.1600,290.867710,38.960121,15.598
12021625,K02996.01,Kepler-1404 b,CONFIRMED,CANDIDATE,1.0000,0,0,0,0,15.931441200,1.3310000e-04,-1.3310000e-04,141.8121200,6.780000e-03,-6.780000e-03,0.6040,0.3380,-0.3870,2.43500,0.25100,-0.25100,5.5670e+02,4.730e+01,-4.730e+01,1.77,3.000e-01,-1.400e-01,596.0,,,29.83,16.14,-7.40,14.80,1,q1_q17_dr25_tce,5380.00,160.00,-160.00,4.616,0.035,-0.105,0.7210,0.1230,-0.0570,296.009430,50.498379,15.688
9777256,K02997.01,,FALSE POSITIVE,FALSE POSITIVE,0.0000,0,0,0,1,1.332515890,1.4900000e-05,-1.4900000e-05,132.0842000,1.150000e-02,-1.150000e-02,0.5300,0.4150,-0.3100,4.21600,0.18500,-0.18500,1.4050e+02,7.700e+00,-7.700e+00,1.30,4.300e-01,-3.200e-01,1747.0,,,2207.85,2163.24,-1106.29,22.20,1,q1_q17_dr25_tce,5701.00,172.00,-189.00,4.291,0.247,-0.202,1.0680,0.3480,-0.2610,294.536190,46.509830,15.255
4175630,K02998.01,Kepler-1405 b,CONFIRMED,CANDIDATE,1.0000,0,0,0,0,28.227413000,1.4980000e-04,-1.4980000e-04,141.4950400,4.710000e-03,-4.710000e-03,0.0250,0.4160,-0.0250,5.78200,0.14700,-0.14700,1.1134e+03,5.050e+01,-5.050e+01,2.82,7.400e-01,-2.600e-01,565.0,,,24.03,18.48,-6.73,25.30,1,q1_q17_dr25_tce,5858.00,157.00,-192.00,4.553,0.035,-0.184,0.8490,0.2220,-0.0790,295.684840,39.256142,15.873
7433585,K02999.01,,FALSE POSITIVE,FALSE POSITIVE,0.0000,0,1,1,0,0.545544979,1.9630000e-06,-1.9630000e-06,131.7240800,2.780000e-03,-2.780000e-03,0.6040,0.0380,-0.4910,1.95400,0.12300,-0.12300,9.2600e+01,4.800e+00,-4.800e+00,0.93,2.900e-01,-1.000e-01,2240.0,,,5913.74,5463.62,-1722.70,24.80,1,q1_q17_dr25_tce,6050.00,163.00,-181.00,4.509,0.040,-0.216,0.9200,0.2900,-0.0970,288.147640,43.099709,14.914
6665223,K01232.02,,FALSE POSITIVE,FALSE POSITIVE,0.0000,1,0,1,0,419.975078360,,,524.8465031,,,0.6800,,,12.16870,,,2.7510e+02,,,1.53,1.200e-01,-1.200e-01,215.0,,,0.51,0.13,-0.11,5.90,2,q1_q17_dr25_tce,5316.00,106.00,-106.00,4.477,0.077,-0.056,0.8720,0.0700,-0.0700,281.742610,42.123081,14.427
3328080,K03075.01,Kepler-1898 b,CONFIRMED,CANDIDATE,0.9830,0,0,0,0,4.765590560,2.7720000e-05,-2.7720000e-05,133.5053100,5.330000e-03,-5.330000e-03,0.1400,0.3260,-0.1400,2.20000,0.14700,-0.14700,6.7500e+01,5.200e+00,-5.200e+00,0.92,2.800e-01,-2.300e-01,1167.0,,,439.42,417.69,-222.17,15.20,1,q1_q17_dr25_tce,5702.00,189.00,-172.00,4.258,0.253,-0.207,1.1250,0.3470,-0.2840,287.205870,38.498055,12.994
8430964,K03078.01,Kepler-1900 b,CONFIRMED,CANDIDATE,1.0000,0,0,0,0,2.986181340,2.6550000e-05,-2.6550000e-05,133.4692600,6.530000e-03,-6.530000e-03,0.2490,0.2100,-0.2490,2.96900,0.23400,-0.23400,1.2290e+02,1.190e+01,-1.190e+01,1.16,3.800e-01,-1.300e-01,1356.0,,,798.35,793.10,-256.68,12.00,1,q1_q17_dr25_tce,6173.00,193.00,-236.00,4.447,0.056,-0.224,1.0410,0.3410,-0.1140,291.886320,44.478981,15.330
3654719,K03081.01,,FALSE POSITIVE,FALSE POSITIVE,0.0000,0,0,1,0,25.920009200,5.0880000e-04,-5.0880000e-04,138.1757000,1.620000e-02,-1.620000e-02,0.0540,0.4050,-0.0540,5.60900,0.62000,-0.62000,3.3140e+02,3.500e+01,-3.500e+01,1.28,2.100e-01,-8.000e-02,515.0,,,16.59,8.63,-3.74,10.90,1,q1_q17_dr25_tce,5517.00,163.00,-163.00,4.631,0.032,-0.104,0.7040,0.1150,-0.0460,293.777370,38.775459,15.406
6021275,K00284.03,Kepler-132 b,CONFIRMED,CANDIDATE,0.9980,0,0,0,0,6.178173660,1.3890000e-05,-1.3890000e-05,168.8626000,1.810000e-03,-1.810000e-03,0.7750,0.0470,-0.5430,3.26010,0.05440,-0.05440,1.0190e+02,2.500e+00,-2.500e+00,1.22,1.700e-01,-1.900e-01,1082.0,,,324.69,130.63,-111.84,43.50,3,q1_q17_dr25_tce,5931.00,107.00,-118.00,4.322,0.137,-0.112,1.1010,0.1570,-0.1730,283.235810,41.343040,11.818
10619142,K03082.01,,FALSE POSITIVE,FALSE POSITIVE,0.0000,0,0,1,1,2.045167050,1.3370000e-05,-1.3370000e-05,132.3616800,5.290000e-03,-5.290000e-03,0.7400,0.2320,-0.5150,3.62500,0.19800,-0.19800,1.5480e+02,1.100e+01,-1.100e+01,2.90,9.200e-01,-8.300e-01,2945.0,,,17791.98,16506.78,-10443.48,16.50,1,q1_q17_dr25_tce,9206.00,251.00,-466.00,4.112,0.160,-0.160,2.1570,0.6810,-0.6190,298.380520,47.836048,14.978
12256520,K02264.02,,CANDIDATE,CANDIDATE,0.9830,0,0,0,0,7.251019970,4.4840000e-05,-4.4840000e-05,138.1878000,5.040000e-03,-5.040000e-03,0.3140,0.1480,-0.3140,2.79900,0.14200,-0.14200,1.2280e+02,1.150e+01,-1.150e+01,0.91,1.000e-01,-3.000e-02,807.0,,,100.18,30.76,-12.11,12.20,2,q1_q17_dr25_tce,5382.00,80.00,-80.00,4.571,0.015,-0.095,0.8270,0.0910,-0.0280,290.348510,50.902851,14.477
11905011,K00297.01,Kepler-514 b,CONFIRMED,CANDIDATE,1.0000,0,0,0,0,5.651789220,1.3570000e-05,-1.3570000e-05,172.2791500,1.840000e-03,-1.840000e-03,0.9060,0.0050,-0.6360,3.09330,0.04500,-0.04500,1.3410e+02,3.900e+00,-3.900e+00,2.03,3.600e-01,-3.000e-01,1248.0,,,574.71,280.53,-193.75,39.50,1,q1_q17_dr25_tce,6085.00,108.00,-145.00,4.218,0.120,-0.120,1.4630,0.2600,-0.2130,286.247190,50.242409,12.182
12785320,K00298.01,Kepler-515 b,CONFIRMED,CANDIDATE,1.0000,0,0,0,0,19.963672080,5.0020000e-05,-5.0020000e-05,178.3080600,1.870000e-03,-1.870000e-03,0.8460,0.0190,-0.6490,2.64030,0.05720,-0.05720,2.7090e+02,8.400e+00,-8.400e+00,1.50,9.000e-02,-1.000e-01,564.0,,,23.88,5.48,-4.66,36.30,1,q1_q17_dr25_tce,5250.00,105.00,-105.00,4.541,0.050,-0.045,0.7900,0.0520,-0.0520,290.494260,52.055519,12.713
12785320,K00298.02,,CANDIDATE,CANDIDATE,0.9150,0,0,0,0,57.384037500,3.6380000e-04,-3.6380000e-04,170.7272300,4.800000e-03,-4.800000e-03,0.9540,0.0120,-0.6640,4.33600,0.11500,-0.11500,2.4170e+02,1.160e+01,-1.160e+01,1.62,1.000e-01,-1.100e-01,397.0,,,5.85,1.34,-1.14,22.90,2,q1_q17_dr25_tce,5250.00,105.00,-105.00,4.541,0.050,-0.045,0.7900,0.0520,-0.0520,290.494260,52.055519,12.713
2692377,K00299.01,Kepler-98 b,CONFIRMED,CANDIDATE,1.0000,0,0,0,0,1.541676547,1.1390000e-06,-1.1390000e-06,170.5437190,6.050000e-04,-6.050000e-04,0.3620,0.0670,-0.3620,1.91180,0.02130,-0.02130,2.9650e+02,3.700e+00,-3.700e+00,1.88,2.700e-01,-2.800e-01,1592.0,,,1517.84,645.82,-492.42,94.10,1,q1_q17_dr25_tce,5533.00,110.00,,4.337,0.132,-0.108,1.0890,0.1610,-0.1610,285.661650,37.964500,12.899
3742855,K00045.01,,FALSE POSITIVE,FALSE POSITIVE,0.0000,0,1,0,0,6.397185875,2.7900000e-06,-2.7900000e-06,174.3653530,3.250000e-04,-3.250000e-04,0.7550,0.0040,-0.0060,5.86380,0.02310,-0.02310,1.8887e+04,5.390e+01,-5.390e+01,15.02,0.000e+00,0.000e+00,981.0,,,218.59,0.00,0.00,394.70,1,q1_q17_dr25_tce,5780.00,,,4.438,,,1.0000,,,290.266140,38.837917,13.133
3438975,K00300.01,,FALSE POSITIVE,FALSE POSITIVE,0.0000,0,0,1,1,2.976020742,8.2990000e-06,-8.2990000e-06,171.6584500,2.330000e-03,-2.330000e-03,0.7210,0.0850,-0.2620,3.73000,0.09550,-0.09550,1.1490e+02,2.400e+00,-2.400e+00,2.07,4.300e-01,-6.500e-01,1740.0,,,2169.16,1400.54,-1246.33,60.60,1,q1_q17_dr25_tce,5947.00,178.00,-148.00,3.939,0.308,-0.103,1.7960,0.3760,-0.5640,290.120180,38.509510,12.302
11568987,K00354.01,Kepler-534 b,CONFIRMED,CANDIDATE,1.0000,0,0,0,0,15.959956110,2.4660000e-05,-2.4660000e-05,171.5209800,1.260000e-03,-1.260000e-03,0.5260,0.0160,-0.4290,4.31490,0.04700,-0.04700,5.2320e+02,7.900e+00,-7.900e+00,2.27,3.200e-01,-1.200e-01,721.0,,,63.95,25.18,-11.33,70.90,1,q1_q17_dr25_tce,5936.00,94.00,-130.00,4.501,0.019,-0.110,0.9650,0.1390,-0.0500,296.418550,49.540100,13.235
11568987,K00354.02,Kepler-534 c,CONFIRMED,CANDIDATE,0.9980,0,0,0,0,7.378675510,3.7460000e-05,-3.7460000e-05,135.8227100,4.020000e-03,-4.020000e-03,0.5130,0.0280,-0.4610,3.34900,0.13700,-0.13700,1.2510e+02,6.400e+00,-6.400e+00,1.11,1.600e-01,-6.000e-02,933.0,,,178.68,70.35,-31.66,22.30,2,q1_q17_dr25_tce,5936.00,94.00,-130.00,4.501,0.019,-0.110,0.9650,0.1390,-0.0500,296.418550,49.540100,13.235
11621223,K00355.01,Kepler-535 b,CONFIRMED,CANDIDATE,1.0000,0,0,0,0,4.903321801,4.9210000e-06,-4.9210000e-06,172.9005870,8.280000e-04,-8.280000e-04,0.0160,0.3860,-0.0160,2.88870,0.02800,-0.02800,3.3450e+02,4.600e+00,-4.600e+00,2.37,3.900e-01,-3.600e-01,1247.0,,,570.65,269.78,-192.98,84.50,1,q1_q17_dr25_tce,6045.00,121.00,-133.00,4.276,0.115,-0.126,1.2980,0.2160,-0.1940,296.566620,49.696251,13.174
11624249,K00356.01,Kepler-536 b,CONFIRMED,CANDIDATE,1.0000,0,0,0,0,1.827081930,4.7000000e-07,-4.7000000e-07,170.5258300,2.060000e-04,-2.060000e-04,0.0330,0.2390,-0.0330,1.96401,0.00799,-0.00799,1.1647e+03,5.000e+00,-5.000e+00,5.95,3.570e+00,-3.560e+00,1877.0,,,2925.17,5492.75,-2509.08,273.70,1,q1_q17_dr25_tce,5311.00,159.00,-159.00,3.864,0.749,-0.321,1.7690,1.0600,-1.0600,297.736390,49.637150,13.807
12017140,K00358.01,,FALSE POSITIVE,FALSE POSITIVE,0.0000,0,1,0,0,22.845241036,8.9900000e-07,-8.9900000e-07,172.8026986,3.170000e-05,-3.170000e-05,0.6170,0.0010,-0.0010,5.30070,0.00244,-0.00244,4.5676e+04,1.490e+01,-1.490e+01,30.35,4.760e+00,-5.840e+00,762.0,,,79.78,32.14,-30.77,3845.40,1,q1_q17_dr25_tce,5926.00,70.00,-88.00,4.187,0.176,-0.108,1.3510,0.2120,-0.2600,293.914890,50.469330,13.883
10000941,K04146.02,,CANDIDATE,CANDIDATE,1.0000,0,0,0,0,2.573843700,1.6800000e-05,-1.6800000e-05,132.1712600,5.340000e-03,-5.340000e-03,0.0440,0.4270,-0.0440,1.92000,0.14700,-0.14700,4.6600e+01,4.900e+00,-4.900e+00,0.57,7.000e-02,-6.000e-02,1129.0,,,384.24,159.06,-110.97,10.90,2,q1_q17_dr25_tce,5115.00,154.00,-139.00,4.477,0.095,-0.105,0.8540,0.1030,-0.0930,286.819370,46.911690,13.632
5702939,K03000.01,,FALSE POSITIVE,FALSE POSITIVE,0.0000,0,0,1,0,18.398082700,2.1950000e-04,-2.1950000e-04,144.9175000,1.100000e-02,-1.100000e-02,0.5870,0.3700,-0.3870,4.43800,0.26500,-0.26500,1.4500e+02,1.050e+01,-1.050e+01,1.26,1.800e-01,-1.400e-01,686.0,,,52.31,20.69,-14.16,17.20,1,q1_q17_dr25_tce,5605.00,101.00,-101.00,4.381,0.110,-0.099,1.0150,0.1420,-0.1160,290.972230,40.994678,14.168
3852655,K03002.01,Kepler-1406 b,CONFIRMED,CANDIDATE,0.9960,0,0,0,0,11.629041590,7.4440000e-05,-7.4440000e-05,132.8209900,5.170000e-03,-5.170000e-03,0.9250,0.0490,-0.6980,2.97000,0.14900,-0.14900,8.8000e+01,7.400e+00,-7.400e+00,1.31,2.000e-01,-2.000e-01,854.0,,,125.89,53.84,-42.56,13.70,1,q1_q17_dr25_tce,5721.00,103.00,-114.00,4.307,0.143,-0.104,1.1310,0.1730,-0.1730,292.081850,38.915031,13.256
11255231,K03003.01,,FALSE POSITIVE,FALSE POSITIVE,0.0000,0,0,1,0,13.655096300,1.5150000e-04,-1.5150000e-04,137.5265100,7.420000e-03,-7.420000e-03,0.2350,0.2200,-0.2350,4.11700,0.21500,-0.21500,1.9630e+02,1.580e+01,-1.580e+01,1.35,4.500e-01,-1.400e-01,780.0,,,87.46,85.77,-26.68,14.60,1,q1_q17_dr25_tce,6065.00,180.00,-198.00,4.487,0.054,-0.216,0.9620,0.3150,-0.1050,296.619960,48.905800,14.818
5088536,K00282.01,Kepler-130 c,CONFIRMED,CANDIDATE,1.0000,0,0,0,0,27.508715750,2.2390000e-05,-2.2390000e-05,182.1034940,6.350000e-04,-6.350000e-04,0.5770,0.0530,-0.4170,5.92910,0.04090,-0.04090,6.3920e+02,3.700e+00,-3.700e+00,2.98,1.300e-01,-1.200e-01,663.0,,,45.66,6.51,-5.82,190.30,1,q1_q17_dr25_tce,5903.00,70.00,-79.00,4.304,0.020,-0.018,1.1370,0.0500,-0.0460,288.450650,40.245327,11.529
6103377,K03004.01,Kepler-1407 b,CONFIRMED,CANDIDATE,0.9830,0,0,0,0,20.070875700,4.8680000e-04,-4.8680000e-04,136.9462000,2.030000e-02,-2.030000e-02,0.6430,0.3060,-0.4230,6.35400,0.50600,-0.50600,4.0570e+02,3.540e+01,-3.540e+01,3.20,5.400e-01,-6.600e-01,826.0,,,110.19,47.72,-44.51,12.80,1,q1_q17_dr25_tce,5902.00,70.00,-79.00,4.128,0.182,-0.098,1.5130,0.2560,-0.3130,283.942440,41.471600,14.935
6677841,K01236.04,Kepler-279 e,CONFIRMED,CANDIDATE,0.9400,0,0,0,0,98.353149000,1.7930000e-03,-1.7930000e-03,217.8830000,1.390000e-02,-1.390000e-02,0.9060,0.0290,-0.6230,24.70800,0.65800,-0.65800,4.2300e+02,1.440e+01,-1.440e+01,4.13,6.900e-01,-9.200e-01,552.0,,,21.96,10.24,-9.67,30.50,3,q1_q17_dr25_tce,6366.00,116.00,-116.00,4.045,0.196,-0.098,1.6970,0.2850,-0.3800,287.391200,42.194832,13.659
7106173,K03083.01,,CANDIDATE,CANDIDATE,0.9630,0,0,0,0,10.183182330,9.8110000e-05,-9.8110000e-05,133.2140400,7.520000e-03,-7.520000e-03,0.4490,0.5120,-0.2550,3.13700,0.22000,-0.22000,5.1500e+01,5.100e+00,-5.100e+00,0.79,1.300e-01,-5.000e-02,867.0,,,133.56,60.39,-26.74,11.20,1,q1_q17_dr25_tce,5843.00,104.00,-127.00,4.421,0.040,-0.120,1.0840,0.1770,-0.0710,287.978850,42.679359,12.857
7106173,K03083.02,,CANDIDATE,CANDIDATE,0.9790,0,0,0,0,6.232123300,1.2500000e-04,-1.2500000e-04,135.2369000,1.360000e-02,-1.360000e-02,0.3200,0.1370,-0.3200,2.85000,0.52700,-0.52700,3.1700e+01,4.800e+00,-4.800e+00,0.61,1.000e-01,-4.000e-02,1021.0,,,256.72,116.08,-51.40,8.50,3,q1_q17_dr25_tce,5843.00,104.00,-127.00,4.421,0.040,-0.120,1.0840,0.1770,-0.0710,287.978850,42.679359,12.857
7106173,K03083.03,,CANDIDATE,CANDIDATE,0.6730,0,0,0,0,8.294292900,1.5180000e-04,-1.5180000e-04,134.8478000,1.520000e-02,-1.520000e-02,0.0060,0.4550,-0.0060,3.97600,0.38500,-0.38500,3.6800e+01,4.100e+00,-4.100e+00,0.65,1.000e-01,-4.000e-02,928.0,,,175.39,79.30,-35.11,10.10,2,q1_q17_dr25_tce,5843.00,104.00,-127.00,4.421,0.040,-0.120,1.0840,0.1770,-0.0710,287.978850,42.679359,12.857
3324986,K03084.01,,FALSE POSITIVE,FALSE POSITIVE,0.0000,0,0,1,1,1.540411479,9.4510000e-06,-9.4510000e-06,131.9923900,4.440000e-03,-4.440000e-03,0.7810,0.1860,-0.5840,1.70300,0.21000,-0.21000,1.0710e+02,1.180e+01,-1.180e+01,0.92,2.500e-01,-8.000e-02,1446.0,,,1029.25,790.73,-269.86,12.10,1,q1_q17_dr25_tce,5769.00,155.00,-172.00,4.570,0.032,-0.179,0.8120,0.2120,-0.0710,286.015870,38.411339,14.991
11912932,K03085.01,,FALSE POSITIVE,FALSE POSITIVE,0.0000,0,0,1,1,3.747853580,2.3240000e-05,-2.3240000e-05,134.1801200,5.050000e-03,-5.050000e-03,0.4680,0.4910,-0.2710,3.71300,0.14800,-0.14800,9.8200e+01,6.000e+00,-6.000e+00,0.89,2.500e-01,-8.000e-02,1093.0,,,337.14,273.73,-88.04,18.80,1,q1_q17_dr25_tce,5706.00,156.00,-156.00,4.537,0.036,-0.192,0.8860,0.2440,-0.0810,290.972500,50.267948,14.323
8037145,K00520.03,Kepler-176 d,CONFIRMED,CANDIDATE,1.0000,0,0,0,0,25.752749770,6.3890000e-05,-6.3890000e-05,136.4385100,1.860000e-03,-1.860000e-03,0.5160,0.4170,-0.3140,2.76780,0.06110,-0.06110,7.3890e+02,2.120e+01,-2.120e+01,2.27,9.000e-02,-1.600e-01,501.0,,,14.88,2.25,-2.83,36.70,2,q1_q17_dr25_tce,4963.00,81.00,-74.00,4.501,0.072,-0.022,0.8260,0.0320,-0.0600,294.667970,43.853260,14.550
8162789,K00521.01,Kepler-1989 b,CONFIRMED,CANDIDATE,1.0000,0,0,0,0,10.161023528,9.1760000e-06,-9.1760000e-06,172.0007360,7.410000e-04,-7.410000e-04,0.7160,0.0530,-0.5010,3.16270,0.05460,-0.05460,1.6539e+03,1.670e+01,-1.670e+01,4.62,1.370e+00,-7.300e-01,904.0,,,157.97,141.44,-62.35,111.10,1,q1_q17_dr25_tce,6032.00,189.00,-232.00,4.387,0.108,-0.201,1.0600,0.3120,-0.1680,290.735170,44.091320,14.633
8265218,K00522.01,,CANDIDATE,CANDIDATE,1.0000,0,0,0,0,12.829934610,1.5990000e-05,-1.5990000e-05,169.9449190,9.970000e-04,-9.970000e-04,0.5940,0.0030,-0.4880,2.94200,0.04700,-0.04700,1.4174e+03,2.120e+01,-2.120e+01,3.31,8.200e-01,-2.800e-01,734.0,,,68.41,50.48,-16.83,79.60,1,q1_q17_dr25_tce,5862.00,158.00,-158.00,4.555,0.040,-0.160,0.8440,0.2110,-0.0700,301.147890,44.104542,14.406
8806123,K00523.01,Kepler-177 c,CONFIRMED,CANDIDATE,0.9890,0,0,0,0,49.411211270,6.2730000e-05,-6.2730000e-05,198.2387090,9.230000e-04,-9.230000e-04,0.8850,0.0080,-0.0140,5.27800,0.08150,-0.08150,3.1840e+03,3.020e+01,-3.020e+01,6.77,1.070e+00,-4.600e-01,497.0,,,14.48,6.03,-2.64,125.40,1,q1_q17_dr25_tce,5768.00,78.00,-86.00,4.434,0.054,-0.126,1.0150,0.1610,-0.0690,286.047120,45.053211,15.000
8806123,K00523.02,Kepler-177 b,CONFIRMED,CANDIDATE,1.0000,0,0,0,0,36.856775800,1.6220000e-04,-1.6220000e-04,138.9068300,3.640000e-03,-3.640000e-03,0.0500,0.4400,-0.0500,7.49500,0.14500,-0.14500,7.1410e+02,1.820e+01,-1.820e+01,2.68,4.300e-01,-1.800e-01,549.0,,,21.40,8.91,-3.90,43.80,2,q1_q17_dr25_tce,5768.00,78.00,-86.00,4.434,0.054,-0.126,1.0150,0.1610,-0.0690,286.047120,45.053211,15.000
10098844,K02964.02,,FALSE POSITIVE,FALSE POSITIVE,0.1890,1,0,0,0,35.080928000,1.5840000e-03,-1.5840000e-03,164.4576000,4.080000e-02,-4.080000e-02,0.7120,0.2550,-0.4980,6.92000,1.80000,-1.80000,1.0070e+02,1.490e+01,-1.490e+01,1.21,2.100e-01,-1.400e-01,610.0,,,32.63,15.45,-9.20,7.60,2,q1_q17_dr25_tce,6007.00,108.00,-133.00,4.353,0.084,-0.126,1.1260,0.1930,-0.1280,299.675870,47.075840,14.089
8355239,K00574.02,Kepler-189 b,CONFIRMED,CANDIDATE,0.9990,0,0,0,0,10.399861730,4.5160000e-05,-4.5160000e-05,141.5136600,3.460000e-03,-3.460000e-03,0.7570,0.0090,-0.5420,3.37700,0.10300,-0.10300,2.7530e+02,1.360e+01,-1.360e+01,1.50,6.000e-02,-1.100e-01,678.0,,,49.86,7.44,-9.65,22.80,2,q1_q17_dr25_tce,4963.00,79.00,-79.00,4.501,0.075,-0.025,0.8260,0.0320,-0.0600,287.564730,44.305000,14.859
9210823,K00090.01,,FALSE POSITIVE,FALSE POSITIVE,0.0000,0,0,1,1,0.828206212,8.8000000e-07,-8.8000000e-07,135.7220380,8.330000e-04,-8.330000e-04,0.6150,0.0890,-0.4450,1.73700,0.03290,-0.03290,1.3230e+02,2.400e+00,-2.400e+00,3.88,8.900e-01,-1.640e+00,3274.0,,,27125.50,18961.85,-19066.16,68.10,1,q1_q17_dr25_tce,5812.00,175.00,-157.00,3.598,0.367,-0.122,3.2270,0.7370,-1.3690,288.441530,45.609001,11.743
8367113,K00575.01,Kepler-606 b,CONFIRMED,CANDIDATE,1.0000,0,0,0,0,24.315740090,7.3350000e-05,-7.3350000e-05,183.4087500,2.390000e-03,-2.390000e-03,0.6530,0.0660,-0.4710,4.13440,0.07780,-0.07780,6.4330e+02,1.740e+01,-1.740e+01,2.80,9.200e-01,-3.000e-01,683.0,,,51.53,49.48,-16.17,42.50,1,q1_q17_dr25_tce,6242.00,168.00,-224.00,4.442,0.056,-0.210,1.0470,0.3430,-0.1140,292.427400,44.381271,14.686
8474898,K00576.01,,FALSE POSITIVE,FALSE POSITIVE,0.0000,0,1,1,1,199.443024000,6.8420000e-04,-6.8420000e-04,240.8514800,2.310000e-03,-2.310000e-03,0.9320,0.0390,-0.0180,7.40900,0.17600,-0.17600,4.0360e+03,1.200e+02,-1.200e+02,9.30,1.480e+00,-1.630e+00,332.0,,,2.86,1.30,-1.05,55.10,1,q1_q17_dr25_tce,5646.00,112.00,-101.00,4.278,0.162,-0.108,1.1530,0.1840,-0.2020,281.765780,44.576370,14.546
8558011,K00577.01,Kepler-607 c,CONFIRMED,CANDIDATE,0.9260,0,0,0,0,39.676607100,2.4460000e-04,-2.4460000e-04,178.5555500,5.030000e-03,-5.030000e-03,0.6390,0.2890,-0.4180,5.04000,0.17800,-0.17800,6.1120e+02,2.610e+01,-2.610e+01,2.29,5.100e-01,-3.300e-01,473.0,,,11.85,8.75,-4.38,24.90,1,q1_q17_dr25_tce,5244.00,203.00,-184.00,4.449,0.112,-0.192,0.8880,0.1970,-0.1310,291.057220,44.632381,14.405
7429287,K04260.03,,FALSE POSITIVE,FALSE POSITIVE,0.0470,1,0,0,0,358.660440000,1.0990000e-02,-1.0990000e-02,296.9516000,1.510000e-02,-1.510000e-02,0.0620,0.3810,-0.0620,16.73200,0.57900,-0.57900,1.3380e+02,9.000e+00,-9.000e+00,1.62,5.000e-02,-3.000e-02,304.0,,,2.02,0.29,-0.12,15.60,1,q1_q17_dr25_tce,5619.00,93.00,-42.00,4.070,0.013,-0.011,1.4060,0.0500,-0.0210,286.395840,43.075821,11.443
9115800,K00421.01,Kepler-548 b,CONFIRMED,CANDIDATE,1.0000,0,0,0,0,4.454194254,3.3600000e-07,-3.3600000e-07,172.8202233,5.850000e-05,-5.850000e-05,0.4790,0.0290,-0.0380,2.30610,0.01220,-0.01220,1.6042e+04,2.010e+01,-2.010e+01,11.76,3.120e+00,-1.770e+00,1017.0,,,252.22,206.37,-90.99,1022.20,1,q1_q17_dr25_tce,5359.00,175.00,-159.00,4.425,0.136,-0.221,0.9150,0.2420,-0.1380,299.905910,45.439678,14.995
9214713,K00422.01,,CANDIDATE,CANDIDATE,0.0000,0,0,0,0,809.014188100,9.2140000e-04,-9.2140000e-04,250.6342420,6.380000e-04,-6.380000e-04,0.7170,0.0110,-0.0140,8.30170,0.06190,-0.06190,1.6311e+04,9.280e+01,-9.280e+01,14.38,4.480e+00,-1.920e+00,216.0,,,0.51,0.47,-0.17,212.90,1,q1_q17_dr25_tce,6230.00,169.00,-206.00,4.397,0.087,-0.203,1.0470,0.3260,-0.1400,290.389830,45.665329,14.740
9478990,K00423.01,Kepler-39 b,CONFIRMED,CANDIDATE,1.0000,0,0,0,0,21.087195300,5.9300000e-06,-5.9300000e-06,202.8584050,2.020000e-04,-2.020000e-04,0.0650,0.0330,-0.0650,5.92691,0.00815,-0.00815,8.8947e+03,1.830e+01,-1.830e+01,14.43,2.490e+00,-3.030e+00,873.0,,,137.06,66.74,-58.19,556.20,1,q1_q17_dr25_tce,6266.00,125.00,-125.00,4.101,0.182,-0.098,1.5220,0.2620,-0.3200,296.960270,46.034302,14.327
9597411,K00424.01,,FALSE POSITIVE,FALSE POSITIVE,0.0000,0,1,0,0,1.575631524,2.7500000e-07,-2.7500000e-07,170.3932760,1.370000e-04,-1.370000e-04,1.0650,0.3170,-0.1260,2.59202,0.00892,-0.00892,2.5627e+04,6.820e+01,-6.820e+01,28.66,7.980e+00,-2.670e+00,1577.0,,,1464.43,1231.53,-412.53,465.40,1,q1_q17_dr25_tce,6202.00,187.00,-206.00,4.537,0.050,-0.200,0.8580,0.2390,-0.0800,295.434780,46.203129,14.731
6850504,K00070.04,Kepler-20 e,CONFIRMED,CANDIDATE,0.9990,0,0,0,0,6.098556030,2.5360000e-05,-2.5360000e-05,135.9290600,3.770000e-03,-3.770000e-03,0.2100,0.2410,-0.2100,2.98150,0.09900,-0.09900,8.4400e+01,3.800e+00,-3.800e+00,0.84,9.000e-02,-8.000e-02,927.0,,,174.30,57.77,-41.06,24.80,4,q1_q17_dr25_tce,5465.00,109.00,-109.00,4.449,0.085,-0.085,0.9250,0.1010,-0.0830,287.698000,42.338718,12.498
8609450,K01278.05,,FALSE POSITIVE,FALSE POSITIVE,0.1740,1,0,0,0,203.250506000,8.6640000e-03,-8.6640000e-03,208.4914000,3.450000e-02,-3.450000e-02,0.3360,0.1270,-0.3360,9.81000,1.00000,-1.00000,2.3890e+02,3.730e+01,-3.730e+01,1.35,1.400e-01,-1.300e-01,292.0,,,1.71,0.53,-0.43,7.00,5,q1_q17_dr25_tce,5600.00,112.00,-100.00,4.455,0.102,-0.077,0.8720,0.0880,-0.0880,284.677280,44.797680,15.204
10934674,K00477.01,Kepler-567 b,CONFIRMED,CANDIDATE,1.0000,465,0,0,0,16.542952610,5.3620000e-05,-5.3620000e-05,169.6503100,2.290000e-03,-2.290000e-03,0.3290,0.1190,-0.3290,3.85160,0.08300,-0.08300,7.2600e+02,2.310e+01,-2.310e+01,2.31,3.500e-01,-2.100e-01,611.0,,,32.94,17.10,-8.74,36.10,1,q1_q17_dr25_tce,5215.00,173.00,-157.00,4.518,0.048,-0.104,0.8670,0.1340,-0.0770,297.672610,48.302311,14.687
10990886,K00478.01,Kepler-568 b,CONFIRMED,CANDIDATE,1.0000,0,0,0,0,11.023474798,7.6340000e-06,-7.6340000e-06,171.1146620,5.330000e-04,-5.330000e-04,0.7240,0.1450,-0.5040,1.48140,0.02410,-0.02410,1.7955e+03,2.740e+01,-2.740e+01,2.46,1.400e-01,-1.900e-01,429.0,,,8.04,1.67,-1.77,77.20,1,q1_q17_dr25_tce,3744.00,75.00,-84.00,4.718,0.039,-0.021,0.5370,0.0300,-0.0410,298.105710,48.401150,14.273
11015323,K00479.01,Kepler-569 b,CONFIRMED,CANDIDATE,1.0000,0,0,0,0,34.188843230,5.7000000e-05,-5.7000000e-05,193.3894600,1.290000e-03,-1.290000e-03,0.0650,0.3050,-0.0650,5.32780,0.04820,-0.04820,1.0632e+03,1.450e+01,-1.450e+01,2.97,3.500e-01,-2.600e-01,526.0,,,18.05,6.39,-4.14,83.90,1,q1_q17_dr25_tce,5515.00,109.00,-109.00,4.453,0.076,-0.093,0.9250,0.1100,-0.0800,283.507260,48.552601,14.106
11134879,K00480.01,Kepler-570 b,CONFIRMED,CANDIDATE,1.0000,0,0,0,0,4.301658430,3.6700000e-06,-3.6700000e-06,172.3110010,6.780000e-04,-6.780000e-04,0.5470,0.3710,-0.3370,2.10550,0.02950,-0.02950,7.3940e+02,9.800e+00,-9.800e+00,2.42,5.500e-01,-2.400e-01,1009.0,,,244.48,170.96,-66.17,88.30,1,q1_q17_dr25_tce,5480.00,164.00,-147.00,4.509,0.063,-0.147,0.8650,0.1980,-0.0850,290.437590,48.791882,14.332
11192998,K00481.01,Kepler-166 b,CONFIRMED,CANDIDATE,1.0000,0,0,0,0,7.650243513,6.3960000e-06,-6.3960000e-06,171.9723520,6.690000e-04,-6.690000e-04,0.0140,0.3230,-0.0140,2.75200,0.02220,-0.02220,9.8140e+02,1.070e+01,-1.070e+01,2.30,4.500e-01,-1.800e-01,772.0,,,83.86,50.76,-19.92,98.80,1,q1_q17_dr25_tce,5409.00,162.00,-146.00,4.609,0.030,-0.120,0.7460,0.1450,-0.0580,293.160160,48.881191,14.701
9334893,K02298.03,,CANDIDATE,CANDIDATE,0.4250,0,0,0,0,2.472408690,1.8860000e-05,-1.8860000e-05,132.4408400,5.840000e-03,-5.840000e-03,0.3190,0.1370,-0.3190,1.87000,0.17300,-0.17300,4.7500e+01,6.000e+00,-6.000e+00,0.36,2.000e-02,-2.000e-02,887.0,,,145.69,36.41,-32.07,9.00,4,q1_q17_dr25_tce,4729.00,143.00,-143.00,4.726,0.045,-0.024,0.5250,0.0280,-0.0320,288.456050,45.802120,13.831
8934495,K00524.01,Kepler-1721 b,CONFIRMED,CANDIDATE,1.0000,0,0,0,0,4.592393816,3.0230000e-06,-3.0230000e-06,172.0047230,5.230000e-04,-5.230000e-04,0.0200,0.3220,-0.0200,2.27480,0.01920,-0.01920,1.0277e+03,1.120e+01,-1.120e+01,2.51,4.500e-01,-2.000e-01,924.0,,,172.60,97.43,-42.17,105.90,1,q1_q17_dr25_tce,5351.00,159.00,-159.00,4.582,0.030,-0.120,0.7960,0.1430,-0.0610,283.544160,45.225552,14.868
9119458,K00525.01,,CANDIDATE,CANDIDATE,0.0000,0,0,0,0,11.530293320,1.3900000e-05,-1.3900000e-05,173.7264350,9.070000e-04,-9.070000e-04,0.0270,0.4110,-0.0270,1.83850,0.03360,-0.03360,1.2093e+03,2.500e+01,-2.500e+01,3.98,1.100e+00,-8.900e-01,873.0,,,137.08,110.58,-63.99,57.60,1,q1_q17_dr25_tce,5770.00,156.00,-173.00,4.289,0.204,-0.185,1.1520,0.3160,-0.2580,300.907780,45.457870,14.539
5866724,K00085.01,Kepler-65 c,CONFIRMED,CANDIDATE,1.0000,0,0,0,0,5.859935955,3.7820000e-06,-3.7820000e-06,132.0405280,5.420000e-04,-5.420000e-04,0.0490,0.2810,-0.0490,4.01850,0.01680,-0.01680,3.2280e+02,1.900e+00,-1.900e+00,2.56,1.000e-01,-1.500e-01,1246.0,,,569.50,73.19,-93.40,186.70,1,q1_q17_dr25_tce,6181.00,68.00,-86.00,4.220,0.033,-0.027,1.4240,0.0560,-0.0850,288.688690,41.151180,11.018
9157634,K00526.01,Kepler-586 b,CONFIRMED,CANDIDATE,1.0000,0,0,0,0,2.104721971,8.8600000e-07,-8.8600000e-07,171.0442190,3.340000e-04,-3.340000e-04,0.0010,0.3090,-0.0010,1.75470,0.01220,-0.01220,9.0550e+02,7.100e+00,-7.100e+00,2.89,7.900e-01,-2.600e-01,1365.0,,,821.44,654.25,-226.90,153.30,1,q1_q17_dr25_tce,5703.00,154.00,-188.00,4.498,0.036,-0.204,0.9750,0.2640,-0.0880,293.057220,45.551189,14.427
9636569,K00527.01,,FALSE POSITIVE,FALSE POSITIVE,0.0000,0,1,1,1,10.636244220,5.2160000e-05,-5.2160000e-05,171.6961600,4.170000e-03,-4.170000e-03,0.9780,0.0410,-0.7210,5.05500,0.27500,-0.27500,2.3170e+02,9.900e+00,-9.900e+00,1.58,3.900e-01,-1.200e-01,756.0,,,77.02,55.29,-18.75,24.70,1,q1_q17_dr25_tce,5834.00,157.00,-157.00,4.591,0.038,-0.161,0.7740,0.1880,-0.0630,285.338500,46.309872,14.433
12406807,K03091.02,,CANDIDATE,CANDIDATE,0.8790,0,0,0,0,7.906976500,1.9670000e-04,-1.9670000e-04,138.4270000,1.790000e-02,-1.790000e-02,0.0380,0.4110,-0.0380,4.63400,0.50300,-0.50300,1.2610e+02,1.720e+01,-1.720e+01,1.13,3.600e-01,-1.200e-01,994.0,,,230.28,215.89,-69.25,8.30,2,q1_q17_dr25_tce,6347.00,170.00,-207.00,4.464,0.054,-0.216,0.9960,0.3190,-0.1060,290.888310,51.248169,15.372
8565266,K00578.01,Kepler-608 b,CONFIRMED,CANDIDATE,1.0000,0,0,0,0,6.412512953,5.0360000e-06,-5.0360000e-06,169.8798040,6.160000e-04,-6.160000e-04,0.5530,0.0370,-0.3810,5.26770,0.04340,-0.04340,1.1564e+03,7.600e+00,-7.600e+00,3.89,1.180e+00,-6.300e-01,1069.0,,,308.76,283.35,-120.95,183.10,1,q1_q17_dr25_tce,6026.00,190.00,-211.00,4.366,0.108,-0.201,1.1080,0.3340,-0.1800,293.882930,44.638088,14.684
8616637,K00579.01,Kepler-190 b,CONFIRMED,CANDIDATE,1.0000,0,0,0,0,2.019997006,2.7580000e-06,-2.7580000e-06,170.0710200,1.040000e-03,-1.040000e-03,0.5020,0.0690,-0.4220,1.80730,0.03690,-0.03690,3.3280e+02,7.400e+00,-7.400e+00,1.46,9.000e-02,-8.000e-02,1166.0,,,437.85,99.07,-72.72,52.10,1,q1_q17_dr25_tce,5103.00,101.00,-101.00,4.562,0.032,-0.052,0.7870,0.0510,-0.0390,288.584050,44.733799,14.137
8616637,K00579.02,Kepler-190 c,CONFIRMED,CANDIDATE,1.0000,0,0,0,0,3.763041531,6.0120000e-06,-6.0120000e-06,132.5929800,1.360000e-03,-1.360000e-03,0.7600,0.0000,-0.5500,1.60110,0.04200,-0.04200,3.5450e+02,1.060e+01,-1.060e+01,1.63,1.000e-01,-8.000e-02,948.0,,,190.67,43.15,-31.66,37.90,2,q1_q17_dr25_tce,5103.00,101.00,-101.00,4.562,0.032,-0.052,0.7870,0.0510,-0.0390,288.584050,44.733799,14.137
8625925,K00580.01,Kepler-609 b,CONFIRMED,CANDIDATE,1.0000,0,0,0,0,6.521209629,8.3860000e-06,-8.3860000e-06,175.7111000,1.050000e-03,-1.050000e-03,0.5140,0.3650,-0.2970,2.79750,0.04060,-0.04060,7.6040e+02,1.260e+01,-1.260e+01,2.54,6.100e-01,-2.500e-01,932.0,,,178.27,123.97,-49.58,69.80,1,q1_q17_dr25_tce,5822.00,140.00,-175.00,4.529,0.042,-0.168,0.8980,0.2170,-0.0870,292.220310,44.700031,14.856
8822216,K00581.01,Kepler-610 b,CONFIRMED,CANDIDATE,1.0000,0,0,0,0,6.996926239,6.3350000e-06,-6.3350000e-06,175.9142810,7.190000e-04,-7.190000e-04,0.0220,0.3450,-0.0220,2.73740,0.02590,-0.02590,1.3174e+03,1.500e+01,-1.500e+01,3.21,7.700e-01,-3.100e-01,888.0,,,147.07,102.02,-40.87,101.60,1,q1_q17_dr25_tce,5713.00,138.00,-173.00,4.541,0.042,-0.168,0.8930,0.2150,-0.0860,293.171330,45.065601,14.807
4548011,K04288.04,,CANDIDATE,CANDIDATE,0.6760,0,0,0,0,13.950956500,1.9680000e-04,-1.9680000e-04,144.2870000,1.080000e-02,-1.080000e-02,0.4670,0.4940,-0.2590,5.23100,0.33200,-0.33200,3.5700e+01,3.400e+00,-3.400e+00,0.75,1.200e-01,-1.200e-01,849.0,,,122.88,57.26,-41.93,11.20,3,q1_q17_dr25_tce,5888.00,105.00,-129.00,4.275,0.144,-0.108,1.2270,0.2070,-0.1860,287.371250,39.603569,12.400
9967884,K00425.01,,FALSE POSITIVE,FALSE POSITIVE,0.0000,0,1,1,0,5.428344915,2.3440000e-06,-2.3440000e-06,169.7536760,3.290000e-04,-3.290000e-04,0.9110,0.1500,-0.0630,1.89310,0.03280,-0.03280,1.3756e+04,1.390e+02,-1.390e+02,14.88,4.810e+00,-1.600e+00,1033.0,,,269.19,260.64,-83.78,140.20,1,q1_q17_dr25_tce,5936.00,176.00,-211.00,4.501,0.039,-0.221,0.9650,0.3120,-0.1040,297.974240,46.804562,14.694
10016874,K00426.01,,CANDIDATE,CANDIDATE,1.0000,0,0,0,0,16.301413330,2.7020000e-05,-2.7020000e-05,172.1475300,1.330000e-03,-1.330000e-03,0.7860,0.0350,-0.5490,3.57640,0.06650,-0.06650,9.4230e+02,1.730e+01,-1.730e+01,3.84,1.190e+00,-7.300e-01,805.0,,,99.08,90.11,-42.58,62.40,1,q1_q17_dr25_tce,6072.00,168.00,-210.00,4.328,0.132,-0.198,1.1380,0.3510,-0.2160,294.022980,46.999550,14.733
10189546,K00427.01,Kepler-549 d,CONFIRMED,CANDIDATE,1.0000,0,0,0,0,24.614806130,3.2270000e-05,-3.2270000e-05,191.7412250,9.990000e-04,-9.990000e-04,0.4350,0.2680,-0.2970,2.66020,0.04070,-0.04070,1.7980e+03,2.880e+01,-2.880e+01,4.20,4.500e-01,-5.000e-01,586.0,,,27.93,8.48,-7.50,68.40,1,q1_q17_dr25_tce,5312.00,79.00,-79.00,4.384,0.137,-0.074,0.9860,0.1070,-0.1170,283.022800,47.261131,14.621
10189546,K00427.02,Kepler-549 b,CONFIRMED,CANDIDATE,1.0000,0,0,0,0,42.949522000,1.4880000e-04,-1.4880000e-04,153.7378600,2.640000e-03,-2.640000e-03,0.0130,0.4200,-0.0130,5.41540,0.08980,-0.08980,9.5910e+02,2.520e+01,-2.520e+01,2.98,3.200e-01,-3.500e-01,487.0,,,13.29,4.04,-3.57,40.70,2,q1_q17_dr25_tce,5312.00,79.00,-79.00,4.384,0.137,-0.074,0.9860,0.1070,-0.1170,283.022800,47.261131,14.621
10189546,K00427.03,Kepler-549 c,CONFIRMED,CANDIDATE,0.9950,0,0,0,0,117.033521000,1.1240000e-03,-1.1240000e-03,245.6515100,7.280000e-03,-7.280000e-03,0.1880,0.2570,-0.1880,6.82200,0.20900,-0.20900,7.7040e+02,3.740e+01,-3.740e+01,2.68,2.900e-01,-3.200e-01,349.0,,,3.49,1.06,-0.93,21.90,3,q1_q17_dr25_tce,5312.00,79.00,-79.00,4.384,0.137,-0.074,0.9860,0.1070,-0.1170,283.022800,47.261131,14.621
10748393,K01289.02,,FALSE POSITIVE,FALSE POSITIVE,0.0010,1,0,0,0,386.398330000,1.2300000e-02,-1.2300000e-02,365.9487700,8.480000e-03,-8.480000e-03,0.2870,0.1920,-0.2870,8.51900,0.87400,-0.87400,7.4800e+02,3.130e+02,-3.130e+02,2.20,3.600e-01,-2.300e-01,214.0,,,0.49,0.28,-0.14,4.90,2,q1_q17_dr25_tce,5284.00,185.00,-185.00,4.523,0.076,-0.102,0.8120,0.1330,-0.0820,297.710390,48.083832,15.399
11192998,K00481.02,Kepler-166 d,CONFIRMED,CANDIDATE,1.0000,0,0,0,0,1.554003890,9.8700000e-07,-9.8700000e-07,169.8303040,5.230000e-04,-5.230000e-04,0.0160,0.2860,-0.0150,1.76640,0.01610,-0.01610,4.6580e+02,6.600e+00,-6.600e+00,1.59,3.100e-01,-1.200e-01,1313.0,,,704.50,426.40,-167.41,82.10,2,q1_q17_dr25_tce,5409.00,162.00,-146.00,4.609,0.030,-0.120,0.7460,0.1450,-0.0580,293.160160,48.881191,14.701
11192998,K00481.03,Kepler-166 c,CONFIRMED,CANDIDATE,1.0000,0,0,0,0,34.259514180,7.1980000e-05,-7.1980000e-05,183.2371800,1.660000e-03,-1.660000e-03,0.0080,0.4040,-0.0080,4.77430,0.05530,-0.05530,1.0725e+03,1.680e+01,-1.680e+01,2.41,4.600e-01,-1.900e-01,468.0,,,11.36,6.88,-2.70,66.10,3,q1_q17_dr25_tce,5409.00,162.00,-146.00,4.609,0.030,-0.120,0.7460,0.1450,-0.0580,293.160160,48.881191,14.701
8823868,K00081.01,,FALSE POSITIVE,FALSE POSITIVE,0.0000,1,0,0,0,23.876114400,2.2390000e-05,-2.2390000e-05,143.0700600,7.730000e-04,-7.730000e-04,0.0140,0.2140,-0.0140,9.31130,0.02710,-0.02710,1.6117e+03,8.500e+00,-8.500e+00,10.45,3.980e+00,-1.710e+00,1481.0,,,1135.60,1278.98,-464.56,225.50,2,q1_q17_dr25_tce,9974.00,275.00,-413.00,4.048,0.115,-0.214,2.5330,0.9650,-0.4140,293.785740,45.018490,11.409
11255761,K00482.01,,FALSE POSITIVE,FALSE POSITIVE,0.0000,0,1,1,0,4.992701860,1.1250000e-05,-1.1250000e-05,169.5532300,1.890000e-03,-1.890000e-03,1.2320,22.9200,-0.2330,3.10080,0.08780,-0.08780,5.5740e+02,1.570e+01,-1.570e+01,26.60,7.080e+00,-3.800e+00,1051.0,,,288.29,224.86,-98.17,42.30,1,q1_q17_dr25_tce,5724.00,152.00,-152.00,4.429,0.101,-0.188,0.9510,0.2530,-0.1360,296.808930,48.965389,14.917
11497977,K00483.01,Kepler-571 b,CONFIRMED,CANDIDATE,1.0000,0,0,0,0,4.798600210,5.3290000e-06,-5.3290000e-06,173.2574660,8.390000e-04,-8.390000e-04,0.5940,0.0200,-0.4630,3.03840,0.03670,-0.03670,8.1740e+02,1.060e+01,-1.060e+01,2.51,6.200e-01,-2.000e-01,978.0,,,216.54,156.47,-54.81,88.10,1,q1_q17_dr25_tce,5631.00,152.00,-169.00,4.557,0.042,-0.168,0.8470,0.2070,-0.0690,286.551030,49.418739,14.675
7021681,K00255.03,,FALSE POSITIVE,FALSE POSITIVE,0.1220,1,0,1,0,7.733336100,8.8310000e-05,-8.8310000e-05,133.5898100,8.520000e-03,-8.520000e-03,0.0840,0.3680,-0.0840,2.80700,0.28300,-0.28300,1.2690e+02,1.560e+01,-1.560e+01,0.57,4.000e-02,-5.000e-02,479.0,,,12.41,2.99,-2.88,9.30,3,q1_q17_dr25_tce,3780.00,76.00,-83.00,4.746,0.042,-0.031,0.5110,0.0360,-0.0430,287.858120,42.542629,15.108
9941859,K00528.01,Kepler-178 b,CONFIRMED,CANDIDATE,1.0000,0,0,0,0,9.576659620,1.0650000e-05,-1.0650000e-05,176.6837590,9.000000e-04,-9.000000e-04,0.0430,0.3260,-0.0430,3.36030,0.02950,-0.02950,7.4680e+02,9.900e+00,-9.900e+00,2.88,5.100e-01,-4.600e-01,846.0,,,121.26,57.08,-40.34,82.60,1,q1_q17_dr25_tce,5386.00,80.00,-72.00,4.322,0.159,-0.130,1.0760,0.1910,-0.1730,287.101100,46.896481,14.598
9941859,K00528.02,Kepler-178 d,CONFIRMED,CANDIDATE,1.0000,0,0,0,0,96.678185200,2.7700000e-04,-2.7700000e-04,140.1833900,2.510000e-03,-2.510000e-03,0.3360,0.1110,-0.3360,5.69570,0.08320,-0.08320,9.5130e+02,2.160e+01,-2.160e+01,3.29,5.900e-01,-5.300e-01,392.0,,,5.55,2.62,-1.84,44.70,2,q1_q17_dr25_tce,5386.00,80.00,-72.00,4.322,0.159,-0.130,1.0760,0.1910,-0.1730,287.101100,46.896481,14.598
9941859,K00528.03,Kepler-178 c,CONFIRMED,CANDIDATE,1.0000,0,0,0,0,20.552803110,3.5740000e-05,-3.5740000e-05,145.0283700,1.380000e-03,-1.380000e-03,0.5680,0.0230,-0.4500,2.20130,0.04340,-0.04340,7.2730e+02,1.880e+01,-1.880e+01,2.99,5.300e-01,-4.800e-01,656.0,,,43.80,20.61,-14.57,42.40,3,q1_q17_dr25_tce,5386.00,80.00,-72.00,4.322,0.159,-0.130,1.0760,0.1910,-0.1730,287.101100,46.896481,14.598
10068030,K00529.01,,FALSE POSITIVE,FALSE POSITIVE,0.0000,0,1,0,0,2.023123903,1.2540000e-06,-1.2540000e-06,170.5131610,4.760000e-04,-4.760000e-04,0.0260,0.3980,-0.0260,1.18290,0.01960,-0.01960,1.2889e+03,2.050e+01,-2.050e+01,2.87,5.800e-01,-2.500e-01,1266.0,,,608.26,403.56,-168.55,76.00,1,q1_q17_dr25_tce,5559.00,194.00,-194.00,4.578,0.034,-0.136,0.8030,0.1640,-0.0700,288.849030,47.021969,14.977
10266615,K00530.01,Kepler-587 b,CONFIRMED,CANDIDATE,1.0000,0,0,0,0,10.940267450,3.0140000e-05,-3.0140000e-05,170.3055100,2.210000e-03,-2.210000e-03,0.5950,0.0370,-0.4530,2.34940,0.06910,-0.06910,5.3860e+02,2.020e+01,-2.020e+01,2.08,5.200e-01,-1.800e-01,764.0,,,80.52,59.00,-21.39,30.60,1,q1_q17_dr25_tce,5749.00,156.00,-173.00,4.547,0.042,-0.168,0.8640,0.2140,-0.0770,288.670680,47.399139,14.909
6444896,K03138.02,Kepler-1649 c,CONFIRMED,FALSE POSITIVE,0.3740,1,0,0,0,19.535255100,1.0180000e-04,-1.0180000e-04,148.2037400,5.310000e-03,-5.310000e-03,0.7020,0.2350,-0.4960,1.01300,0.14500,-0.14500,1.7320e+03,2.390e+02,-2.390e+02,0.53,0.000e+00,0.000e+00,161.0,,,0.16,0.00,0.00,5.90,2,q1_q17_dr25_tce,2703.00,0.00,0.00,5.274,0.000,0.000,0.1180,0.0000,0.0000,292.503780,41.830421,17.131
10395543,K00531.01,,CANDIDATE,CANDIDATE,1.0000,0,0,0,0,3.687469832,3.9000000e-07,-3.9000000e-07,170.8803594,8.450000e-05,-8.450000e-05,0.9190,0.0260,-0.0160,1.06680,0.01660,-0.01660,5.0576e+03,1.890e+01,-1.890e+01,5.78,2.200e-01,-3.400e-01,690.0,,,53.60,8.84,-9.66,363.90,1,q1_q17_dr25_tce,4004.00,79.00,-79.00,4.659,0.035,-0.015,0.6060,0.0230,-0.0350,287.691190,47.546902,14.418
8822216,K00581.02,Kepler-610 c,CONFIRMED,CANDIDATE,0.9620,0,0,0,0,151.863949000,1.3870000e-03,-1.3870000e-03,143.3145100,7.190000e-03,-7.190000e-03,0.0160,0.4370,-0.0160,8.57700,0.20100,-0.20100,7.4700e+02,3.390e+01,-3.390e+01,2.41,5.800e-01,-2.300e-01,318.0,,,2.43,1.68,-0.68,22.50,2,q1_q17_dr25_tce,5713.00,138.00,-173.00,4.541,0.042,-0.168,0.8930,0.2150,-0.0860,293.171330,45.065601,14.807
9020160,K00582.01,Kepler-191 d,CONFIRMED,CANDIDATE,0.9890,0,0,0,0,5.945043548,7.5530000e-06,-7.5530000e-06,170.4722370,9.900000e-04,-9.900000e-04,0.7630,0.0930,-0.5300,2.70040,0.03760,-0.03760,8.0020e+02,1.320e+01,-1.320e+01,2.69,1.400e-01,-2.300e-01,857.0,,,127.64,22.77,-27.56,67.60,1,q1_q17_dr25_tce,5105.00,84.00,-76.00,4.469,0.090,-0.030,0.8680,0.0440,-0.0760,291.183380,45.323170,14.808
7941200,K00092.01,Kepler-1709 b,CONFIRMED,CANDIDATE,0.9720,0,0,0,0,65.704527500,1.0610000e-04,-1.0610000e-04,137.4427500,1.400000e-03,-1.400000e-03,0.6630,0.1970,-0.4340,3.31040,0.04690,-0.04690,6.3610e+02,1.030e+01,-1.030e+01,2.78,4.200e-01,-2.500e-01,472.0,,,11.72,4.96,-2.80,70.40,1,q1_q17_dr25_tce,5918.00,106.00,-130.00,4.403,0.080,-0.120,1.0430,0.1580,-0.0920,283.374820,43.788219,11.667
9020160,K00582.02,Kepler-191 c,CONFIRMED,CANDIDATE,0.9940,0,0,0,0,17.738428860,5.9260000e-05,-5.9260000e-05,148.9901100,2.850000e-03,-2.850000e-03,0.8450,0.0730,-0.6150,3.00490,0.08760,-0.08760,6.0550e+02,2.230e+01,-2.230e+01,2.47,1.200e-01,-2.200e-01,596.0,,,29.74,5.30,-6.42,29.80,2,q1_q17_dr25_tce,5105.00,84.00,-76.00,4.469,0.090,-0.030,0.8680,0.0440,-0.0760,291.183380,45.323170,14.808
7429287,K04260.04,,CANDIDATE,CANDIDATE,0.9710,0,0,0,0,84.799829000,3.3270000e-03,-3.3270000e-03,180.4426000,2.960000e-02,-2.960000e-02,0.7950,0.0010,-0.5660,15.21000,1.10000,-1.10000,5.6100e+01,4.300e+00,-4.300e+00,1.16,5.000e-02,-1.000e-02,491.0,,,13.79,2.00,-0.80,14.40,4,q1_q17_dr25_tce,5619.00,93.00,-42.00,4.070,0.013,-0.011,1.4060,0.0500,-0.0210,286.395840,43.075821,11.443
9020160,K00582.03,Kepler-191 b,CONFIRMED,CANDIDATE,0.5590,0,0,0,0,9.939623610,5.5380000e-05,-5.5380000e-05,131.5826700,4.210000e-03,-4.210000e-03,0.9340,0.0100,-0.6610,3.43200,0.10300,-0.10300,3.0010e+02,1.550e+01,-1.550e+01,1.93,9.000e-02,-1.700e-01,722.0,,,64.29,11.47,-13.88,21.50,3,q1_q17_dr25_tce,5105.00,84.00,-76.00,4.469,0.090,-0.030,0.8680,0.0440,-0.0760,291.183380,45.323170,14.808
10418224,K00428.01,Kepler-40 b,CONFIRMED,CANDIDATE,1.0000,0,0,0,0,6.873166400,2.1650000e-06,-2.1650000e-06,172.5188260,2.400000e-04,-2.400000e-04,0.0550,0.1320,-0.0550,6.85690,0.01320,-0.01320,3.7538e+03,8.400e+00,-8.400e+00,13.44,1.020e+00,-1.120e+00,1482.0,,,1140.56,288.60,-256.49,535.50,1,q1_q17_dr25_tce,6490.00,129.00,-129.00,3.942,0.055,-0.049,2.1790,0.1660,-0.1820,296.813690,47.526611,14.588
10616679,K00429.01,Kepler-550 b,CONFIRMED,CANDIDATE,1.0000,0,0,0,0,8.600099313,5.0500000e-06,-5.0500000e-06,172.5292810,4.200000e-04,-4.200000e-04,0.0480,0.2350,-0.0480,4.00770,0.01990,-0.01990,2.7916e+03,1.550e+01,-1.550e+01,4.17,5.300e-01,-4.900e-01,760.0,,,78.72,34.05,-23.70,209.20,1,q1_q17_dr25_tce,5246.00,158.00,-142.00,4.501,0.102,-0.085,0.8050,0.1030,-0.0940,297.700230,47.863750,14.486
10717241,K00430.01,Kepler-551 b,CONFIRMED,CANDIDATE,1.0000,0,0,0,0,12.376468970,1.3830000e-05,-1.3830000e-05,179.4049450,8.690000e-04,-8.690000e-04,0.4680,0.3470,-0.2760,2.70750,0.03760,-0.03760,1.7090e+03,2.380e+01,-2.380e+01,2.53,1.200e-01,-1.100e-01,483.0,,,12.87,2.37,-2.07,81.20,1,q1_q17_dr25_tce,4200.00,84.00,-84.00,4.664,0.022,-0.025,0.6070,0.0280,-0.0280,285.485050,48.054321,14.897
10717241,K00430.02,,CANDIDATE,CANDIDATE,0.9980,0,0,0,0,9.340538000,1.0520000e-04,-1.0520000e-04,135.1224800,8.590000e-03,-8.590000e-03,0.0740,0.3850,-0.0740,2.57000,0.29200,-0.29200,2.0080e+02,2.260e+01,-2.260e+01,0.84,4.000e-02,-4.000e-02,530.0,,,18.69,3.45,-3.01,11.10,2,q1_q17_dr25_tce,4200.00,84.00,-84.00,4.664,0.022,-0.025,0.6070,0.0280,-0.0280,285.485050,48.054321,14.897
7303287,K01353.03,Kepler-289 e,CONFIRMED,CANDIDATE,0.3430,0,0,0,0,330.071558000,6.2720000e-03,-6.2720000e-03,340.9871000,1.090000e-02,-1.090000e-02,0.6810,0.0480,-0.4910,4.29500,0.39800,-0.39800,6.1670e+02,6.600e+01,-6.600e+01,2.94,4.600e-01,-3.800e-01,286.0,,,1.58,0.69,-0.47,10.60,3,q1_q17_dr25_tce,5933.00,107.00,-119.00,4.342,0.115,-0.115,1.1150,0.1740,-0.1420,297.465330,42.882839,13.956
10843590,K00431.01,Kepler-153 b,CONFIRMED,CANDIDATE,1.0000,0,0,0,0,18.870221570,2.5800000e-05,-2.5800000e-05,178.7116700,1.050000e-03,-1.050000e-03,0.0130,0.4090,-0.0130,3.14040,0.04050,-0.04050,1.0966e+03,1.680e+01,-1.680e+01,2.82,5.300e-01,-3.900e-01,621.0,,,35.13,21.35,-11.94,72.70,1,q1_q17_dr25_tce,5402.00,175.00,-159.00,4.452,0.126,-0.140,0.8650,0.1640,-0.1190,282.460510,48.257118,14.262
6850504,K00070.05,Kepler-20 f,CONFIRMED,CANDIDATE,0.9630,0,0,0,0,19.577607300,1.4270000e-04,-1.4270000e-04,135.2032000,5.970000e-03,-5.970000e-03,0.0490,0.3940,-0.0490,3.38200,0.17000,-0.17000,9.8100e+01,6.000e+00,-6.000e+00,0.90,1.000e-01,-8.000e-02,628.0,,,36.82,12.20,-8.67,17.20,5,q1_q17_dr25_tce,5465.00,109.00,-109.00,4.449,0.085,-0.085,0.9250,0.1010,-0.0830,287.698000,42.338718,12.498
12061222,K00484.01,Kepler-572 b,CONFIRMED,CANDIDATE,1.0000,0,0,0,0,17.205228980,2.4600000e-05,-2.4600000e-05,175.0587800,1.100000e-03,-1.100000e-03,0.0120,0.3910,-0.0120,3.66880,0.04050,-0.04050,1.0806e+03,1.660e+01,-1.660e+01,2.22,3.300e-01,-1.600e-01,553.0,,,22.05,10.12,-5.06,75.70,1,q1_q17_dr25_tce,5211.00,141.00,-141.00,4.643,0.030,-0.090,0.6890,0.1000,-0.0500,291.221100,50.581299,14.472
12316431,K00485.01,,FALSE POSITIVE,FALSE POSITIVE,0.0000,0,1,1,1,17.907661470,3.7640000e-05,-3.7640000e-05,175.5597700,1.760000e-03,-1.760000e-03,0.9780,0.0810,-0.0200,5.39600,0.11100,-0.11100,1.0893e+03,1.870e+01,-1.870e+01,4.89,1.590e+00,-5.300e-01,731.0,,,67.59,64.58,-20.61,78.40,1,q1_q17_dr25_tce,6153.00,165.00,-202.00,4.471,0.054,-0.216,0.9930,0.3240,-0.1080,296.109590,51.005501,14.162
12404305,K00486.01,Kepler-573 b,CONFIRMED,CANDIDATE,1.0000,0,0,0,0,22.183322550,4.4010000e-05,-4.4010000e-05,169.4961900,1.580000e-03,-1.580000e-03,0.0240,0.3670,-0.0240,5.13640,0.05390,-0.05390,7.4810e+02,1.220e+01,-1.220e+01,2.78,3.800e-01,-3.900e-01,646.0,,,41.24,16.74,-12.86,70.30,1,q1_q17_dr25_tce,5565.00,111.00,-100.00,4.361,0.138,-0.103,1.0300,0.1440,-0.1440,289.521150,51.237309,14.118
10212441,K02342.02,,FALSE POSITIVE,FALSE POSITIVE,0.2690,1,0,0,0,354.781940000,1.1050000e-02,-1.1050000e-02,175.7246000,1.560000e-02,-1.560000e-02,1.1700,78.4500,-2.4370,6.46000,1.10000,-1.10000,1.9300e+02,3.260e+01,-3.260e+01,30.53,5.050e+00,-7.560e+00,325.0,,,2.62,1.23,-1.22,7.70,2,q1_q17_dr25_tce,5798.00,116.00,-81.00,4.025,0.208,-0.112,1.5250,0.2520,-0.3780,293.725860,47.247040,13.037
12834874,K00487.01,Kepler-574 b,CONFIRMED,CANDIDATE,1.0000,0,0,0,0,7.658800480,1.3260000e-05,-1.3260000e-05,173.0396400,1.370000e-03,-1.370000e-03,0.0170,0.4070,-0.0170,3.04270,0.04590,-0.04590,6.6820e+02,1.360e+01,-1.360e+01,2.19,5.600e-01,-2.300e-01,858.0,,,128.18,95.03,-36.64,57.60,1,q1_q17_dr25_tce,5657.00,152.00,-152.00,4.508,0.069,-0.161,0.8550,0.2150,-0.0920,290.247040,52.149132,14.528
2557816,K00488.01,Kepler-575 b,CONFIRMED,CANDIDATE,1.0000,0,0,0,0,9.378916700,2.1730000e-05,-2.1730000e-05,176.4519700,1.880000e-03,-1.880000e-03,0.6710,0.2410,-0.4370,3.34270,0.06170,-0.06170,5.6350e+02,1.510e+01,-1.510e+01,2.03,4.100e-01,-2.700e-01,803.0,,,98.22,61.04,-32.93,42.60,1,q1_q17_dr25_tce,5684.00,170.00,-170.00,4.493,0.112,-0.138,0.8080,0.1620,-0.1080,286.963900,37.829708,14.720
10454313,K00532.01,Kepler-588 b,CONFIRMED,CANDIDATE,1.0000,0,0,0,0,4.221626193,5.0230000e-06,-5.0230000e-06,173.6998950,9.190000e-04,-9.190000e-04,0.8470,0.0040,-0.6160,3.06190,0.04160,-0.04160,6.5800e+02,9.000e+00,-9.000e+00,2.87,9.600e-01,-3.200e-01,1176.0,,,453.20,446.34,-138.20,83.70,1,q1_q17_dr25_tce,6123.00,171.00,-192.00,4.472,0.052,-0.221,0.9870,0.3290,-0.1100,284.257200,47.688950,14.708
10513530,K00533.01,Kepler-589 b,CONFIRMED,CANDIDATE,1.0000,0,0,0,0,16.549670980,4.3780000e-05,-4.3780000e-05,171.6939800,2.080000e-03,-2.080000e-03,0.8800,0.0510,-0.6220,4.38080,0.08560,-0.08560,7.4450e+02,1.700e+01,-1.700e+01,2.95,6.300e-01,-4.100e-01,656.0,,,43.72,28.48,-15.12,46.80,1,q1_q17_dr25_tce,5372.00,160.00,-160.00,4.434,0.112,-0.154,0.9160,0.1940,-0.1290,280.641360,47.751942,14.680
5866724,K00085.02,Kepler-65 b,CONFIRMED,CANDIDATE,1.0000,0,0,0,0,2.154911236,2.5070000e-06,-2.5070000e-06,133.4986130,9.390000e-04,-9.390000e-04,0.1130,0.3450,-0.1130,3.13410,0.02700,-0.02700,9.9700e+01,1.400e+00,-1.400e+00,1.42,6.000e-02,-8.000e-02,1740.0,,,2162.35,277.92,-354.64,83.00,2,q1_q17_dr25_tce,6181.00,68.00,-86.00,4.220,0.033,-0.027,1.4240,0.0560,-0.0850,288.688690,41.151180,11.018
8121310,K00317.02,,CANDIDATE,CANDIDATE,0.8120,0,0,0,0,11.505879000,2.2630000e-04,-2.2630000e-04,136.2363000,1.730000e-02,-1.730000e-02,0.0290,0.4410,-0.0290,5.58300,0.51600,-0.51600,4.9800e+01,4.800e+00,-4.800e+00,0.99,1.700e-01,-9.000e-02,1000.0,,,236.35,113.65,-58.85,12.50,2,q1_q17_dr25_tce,6336.00,113.00,-139.00,4.266,0.063,-0.117,1.4030,0.2450,-0.1320,298.816380,43.998039,12.885
10513530,K00533.02,Kepler-589 c,CONFIRMED,CANDIDATE,0.9990,0,0,0,0,3.524678880,3.0440000e-05,-3.0440000e-05,131.6399400,6.870000e-03,-6.870000e-03,0.9760,0.0290,-0.6850,2.48400,0.13600,-0.13600,1.2970e+02,1.270e+01,-1.270e+01,1.46,3.100e-01,-2.000e-01,1098.0,,,344.61,224.46,-119.21,12.30,2,q1_q17_dr25_tce,5372.00,160.00,-160.00,4.434,0.112,-0.154,0.9160,0.1940,-0.1290,280.641360,47.751942,14.680
10554999,K00534.01,Kepler-179 c,CONFIRMED,CANDIDATE,1.0000,0,0,0,0,6.400157105,9.0200000e-06,-9.0200000e-06,174.0221400,1.100000e-03,-1.100000e-03,0.8980,0.0130,-0.6930,2.00040,0.04180,-0.04180,7.4320e+02,1.740e+01,-1.740e+01,2.52,3.700e-01,-2.200e-01,810.0,,,101.72,49.04,-25.58,49.10,1,q1_q17_dr25_tce,5299.00,159.00,-143.00,4.597,0.032,-0.097,0.7660,0.1130,-0.0660,298.663730,47.762039,14.613
9076513,K00583.01,Kepler-611 b,CONFIRMED,CANDIDATE,1.0000,0,0,0,0,2.437029217,5.0170000e-06,-5.0170000e-06,170.7380800,1.700000e-03,-1.700000e-03,0.0140,0.4250,-0.0140,3.20050,0.05200,-0.05200,2.4400e+02,5.800e+00,-5.800e+00,2.04,3.400e-01,-4.100e-01,1513.0,,,1237.66,531.44,-487.63,49.00,1,q1_q17_dr25_tce,5573.00,75.00,-75.00,4.177,0.203,-0.101,1.3290,0.2180,-0.2660,286.004940,45.480389,14.573
9146018,K00584.01,Kepler-192 b,CONFIRMED,CANDIDATE,1.0000,0,0,0,0,9.926721500,1.1630000e-05,-1.1630000e-05,175.6867100,9.120000e-04,-9.120000e-04,0.6250,0.0520,-0.4520,3.84280,0.03790,-0.03790,7.2550e+02,8.000e+00,-8.000e+00,2.76,3.800e-01,-2.300e-01,803.0,,,98.34,39.83,-21.78,97.30,1,q1_q17_dr25_tce,5475.00,109.00,-109.00,4.430,0.081,-0.108,0.9820,0.1370,-0.0800,287.917910,45.592869,14.129
9146018,K00584.02,Kepler-192 c,CONFIRMED,CANDIDATE,1.0000,0,0,0,0,21.223493250,4.8500000e-05,-4.8500000e-05,170.3738700,1.920000e-03,-1.920000e-03,0.7940,0.0660,-0.5430,4.94160,0.08180,-0.08180,5.8290e+02,1.040e+01,-1.040e+01,2.63,3.700e-01,-2.100e-01,623.0,,,35.69,14.46,-7.90,60.20,2,q1_q17_dr25_tce,5475.00,109.00,-109.00,4.430,0.081,-0.108,0.9820,0.1370,-0.0800,287.917910,45.592869,14.129
9146018,K00584.03,Kepler-192 d,CONFIRMED,CANDIDATE,0.9320,0,0,0,0,6.470277060,4.5360000e-05,-4.5360000e-05,136.5056700,5.820000e-03,-5.820000e-03,0.7320,0.2120,-0.5110,3.34300,0.13900,-0.13900,1.1690e+02,7.100e+00,-7.100e+00,1.15,1.600e-01,-1.000e-01,926.0,,,173.79,70.38,-38.50,18.30,3,q1_q17_dr25_tce,5475.00,109.00,-109.00,4.430,0.081,-0.108,0.9820,0.1370,-0.0800,287.917910,45.592869,14.129
9279669,K00585.01,Kepler-612 b,CONFIRMED,CANDIDATE,1.0000,0,0,0,0,3.722158895,3.7900000e-06,-3.7900000e-06,171.5600550,8.140000e-04,-8.140000e-04,0.6440,0.2320,-0.4350,1.99410,0.03110,-0.03110,7.5740e+02,1.280e+01,-1.280e+01,2.33,5.300e-01,-2.100e-01,1046.0,,,283.28,190.36,-73.34,70.30,1,q1_q17_dr25_tce,5617.00,152.00,-152.00,4.574,0.038,-0.152,0.8060,0.1820,-0.0730,291.354640,45.747898,14.911
10843590,K00431.02,Kepler-153 c,CONFIRMED,CANDIDATE,0.9970,0,0,0,0,46.902643100,1.5110000e-04,-1.5110000e-04,154.3032700,2.740000e-03,-2.740000e-03,0.6450,0.2490,-0.4240,3.92640,0.08030,-0.08030,8.2130e+02,2.180e+01,-2.180e+01,2.60,4.900e-01,-3.600e-01,458.0,,,10.44,6.35,-3.55,40.60,2,q1_q17_dr25_tce,5402.00,175.00,-159.00,4.452,0.126,-0.140,0.8650,0.1640,-0.1190,282.460510,48.257118,14.262
10858832,K00432.01,Kepler-552 b,CONFIRMED,CANDIDATE,1.0000,0,0,0,0,5.263415218,3.3660000e-06,-3.3660000e-06,174.3512070,4.870000e-04,-4.870000e-04,0.8530,0.0150,-0.5900,2.14460,0.04610,-0.04610,1.0307e+03,1.050e+01,-1.050e+01,3.77,1.310e+00,-4.400e-01,1103.0,,,349.40,360.02,-112.58,117.00,1,q1_q17_dr25_tce,6099.00,171.00,-214.00,4.456,0.056,-0.224,1.0280,0.3580,-0.1190,290.747680,48.242008,14.279
10937029,K00433.01,Kepler-553 b,CONFIRMED,CANDIDATE,1.0000,0,0,0,0,4.030466786,1.5740000e-06,-1.5740000e-06,171.0923080,3.010000e-04,-3.010000e-04,0.0330,0.2830,-0.0330,2.77340,0.01490,-0.01490,2.9083e+03,1.480e+01,-1.480e+01,4.48,4.200e-01,-2.100e-01,970.0,,,209.11,61.29,-33.65,227.40,2,q1_q17_dr25_tce,5234.00,103.00,-103.00,4.542,0.028,-0.083,0.8540,0.0800,-0.0400,298.550840,48.332451,14.924
11599038,K01437.02,,FALSE POSITIVE,FALSE POSITIVE,0.0000,0,0,1,0,9.279890000,2.3360000e-04,-2.3360000e-04,133.7457000,1.940000e-02,-1.940000e-02,0.5790,0.3860,-0.3660,3.33000,0.72000,-0.72000,1.6430e+02,2.410e+01,-2.410e+01,1.29,4.000e-01,-1.600e-01,897.0,,,152.86,140.84,-50.51,8.60,2,q1_q17_dr25_tce,6052.00,163.00,-199.00,4.456,0.070,-0.210,0.9670,0.3040,-0.1210,284.846620,49.692402,15.280
10937029,K00433.02,Kepler-553 c,CONFIRMED,CANDIDATE,0.9920,0,0,0,0,328.240201000,3.5830000e-04,-3.5830000e-04,199.2033750,8.580000e-04,-8.580000e-04,0.7500,0.0060,-0.0110,12.27260,0.06710,-0.06710,1.3889e+04,5.220e+01,-5.220e+01,10.99,1.030e+00,-5.100e-01,224.0,,,0.59,0.18,-0.09,287.60,1,q1_q17_dr25_tce,5234.00,103.00,-103.00,4.542,0.028,-0.083,0.8540,0.0800,-0.0400,298.550840,48.332451,14.924
11656302,K00434.01,,FALSE POSITIVE,FALSE POSITIVE,0.0000,0,1,0,0,22.264806569,5.4200000e-06,-5.4200000e-06,173.1030280,1.960000e-04,-1.960000e-04,0.7500,0.0020,-0.0020,8.79410,0.01370,-0.01370,1.9373e+04,2.840e+01,-2.840e+01,12.34,3.300e+00,-1.110e+00,585.0,,,27.79,22.46,-7.13,873.40,1,q1_q17_dr25_tce,5681.00,169.00,-152.00,4.566,0.042,-0.179,0.8130,0.2180,-0.0730,288.692500,49.723530,14.626
2576197,K00489.01,,FALSE POSITIVE,FALSE POSITIVE,0.0000,0,0,1,0,2.217038096,3.1030000e-06,-3.1030000e-06,171.6958700,1.140000e-03,-1.140000e-03,0.7540,0.2050,-0.5060,1.85750,0.04870,-0.04870,5.4370e+02,1.280e+01,-1.280e+01,3.23,1.000e+00,-3.500e-01,1697.0,,,1956.29,1729.19,-634.20,49.50,1,q1_q17_dr25_tce,6521.00,155.00,-252.00,4.352,0.052,-0.195,1.2760,0.3950,-0.1410,291.540990,37.816559,14.613
2576197,K00489.02,,FALSE POSITIVE,FALSE POSITIVE,,0,0,0,0,8.874603000,2.5490000e-04,-2.5490000e-04,140.2954000,2.440000e-02,-2.440000e-02,0.1897,0.2555,-0.1897,2.88000,0.66800,-0.66800,9.3300e+01,2.120e+01,-2.120e+01,1.24,7.700e-01,-1.800e-01,1070.0,,,309.50,580.82,-121.01,5.40,,,6517.00,168.00,-286.00,4.349,0.065,-0.353,1.2780,0.7820,-0.1870,291.540990,37.816559,14.613
3239945,K00490.01,Kepler-167 b,CONFIRMED,CANDIDATE,1.0000,0,0,0,0,4.393157678,5.4850000e-06,-5.4850000e-06,172.8675280,9.910000e-04,-9.910000e-04,0.1020,0.3560,-0.1020,2.44550,0.03430,-0.03430,4.4720e+02,7.800e+00,-7.800e+00,1.41,1.100e-01,-4.000e-02,807.0,,,99.90,25.68,-13.19,63.00,2,q1_q17_dr25_tce,4799.00,95.00,-95.00,4.631,0.012,-0.048,0.6920,0.0540,-0.0210,292.658420,38.345390,14.023
10387742,K02583.02,,FALSE POSITIVE,FALSE POSITIVE,0.2170,1,0,0,0,251.751200000,2.8830000e-03,-2.8830000e-03,271.0686400,6.930000e-03,-6.930000e-03,0.9430,0.0320,-0.6710,4.31400,0.43600,-0.43600,1.1430e+02,1.860e+01,-1.860e+01,1.25,1.800e-01,-8.000e-02,272.0,,,1.29,0.52,-0.25,7.50,2,q1_q17_dr25_tce,5640.00,101.00,-113.00,4.492,0.045,-0.113,0.9210,0.1310,-0.0610,283.429110,47.592510,12.623
10187017,K00082.01,Kepler-102 e,CONFIRMED,CANDIDATE,1.0000,0,0,0,0,16.145671932,7.4400000e-06,-7.4400000e-06,134.7548770,3.940000e-04,-3.940000e-04,0.7500,0.0160,-0.5140,3.72360,0.02500,-0.02500,9.4110e+02,4.200e+00,-4.200e+00,2.48,1.600e-01,-1.000e-01,546.0,,,20.98,4.77,-3.16,242.70,1,q1_q17_dr25_tce,4900.00,98.00,-98.00,4.602,0.017,-0.049,0.7410,0.0480,-0.0300,281.482730,47.208031,11.492
3239945,K00490.02,Kepler-167 e,CONFIRMED,CANDIDATE,0.0000,0,0,0,0,1071.232624000,6.4350000e-04,-6.4350000e-04,420.2865570,4.520000e-04,-4.520000e-04,0.2160,0.0540,-0.0830,16.17840,0.04980,-0.04980,1.9046e+04,3.610e+01,-3.610e+01,9.27,7.300e-01,-2.800e-01,129.0,,,0.07,0.01,-0.01,544.20,1,q1_q17_dr25_tce,4799.00,95.00,-95.00,4.631,0.012,-0.048,0.6920,0.0540,-0.0210,292.658420,38.345390,14.023
10554999,K00534.02,Kepler-179 b,CONFIRMED,CANDIDATE,1.0000,0,0,0,0,2.735900074,4.5020000e-06,-4.5020000e-06,171.0964000,1.280000e-03,-1.280000e-03,0.1890,0.2500,-0.1890,1.93590,0.04320,-0.04320,4.2890e+02,1.120e+01,-1.120e+01,1.56,2.400e-01,-1.300e-01,1075.0,,,315.95,152.33,-79.45,44.50,2,q1_q17_dr25_tce,5299.00,159.00,-143.00,4.597,0.032,-0.097,0.7660,0.1130,-0.0660,298.663730,47.762039,14.613
10873260,K00535.01,Kepler-590 b,CONFIRMED,CANDIDATE,1.0000,0,0,0,0,5.852968845,4.9780000e-06,-4.9780000e-06,171.1816240,6.500000e-04,-6.500000e-04,0.3160,0.0640,-0.3160,4.59730,0.03150,-0.03150,1.1465e+03,8.700e+00,-8.700e+00,3.46,1.130e+00,-3.800e-01,1056.0,,,293.93,289.95,-90.07,152.40,1,q1_q17_dr25_tce,6050.00,181.00,-199.00,4.450,0.070,-0.210,1.0130,0.3330,-0.1110,296.385530,48.233452,14.434
10965008,K00536.01,Kepler-591 b,CONFIRMED,CANDIDATE,0.9210,0,0,0,0,81.170158700,3.8380000e-04,-3.8380000e-04,178.5870200,3.300000e-03,-3.300000e-03,0.8750,0.0380,-0.5950,8.35800,0.21600,-0.21600,1.1832e+03,2.630e+01,-2.630e+01,4.71,8.100e-01,-8.900e-01,436.0,,,8.55,3.89,-3.19,51.00,1,q1_q17_dr25_tce,5460.00,81.00,-65.00,4.263,0.186,-0.124,1.1650,0.2000,-0.2200,286.024020,48.431770,14.499
10467815,K03191.02,,FALSE POSITIVE,FALSE POSITIVE,0.5980,1,0,0,0,371.175730000,2.8680000e-02,-2.8680000e-02,458.7146000,5.330000e-02,-5.330000e-02,0.7810,0.1940,-0.5640,8.20000,1.80000,-1.80000,1.3370e+02,1.400e+01,-1.400e+01,4.07,1.230e+00,-1.850e+00,610.0,,,32.64,29.26,-24.81,12.10,2,q1_q17_dr25_tce,9030.00,251.00,-466.00,3.822,0.351,-0.162,3.2180,0.9770,-1.4660,290.816040,47.682892,11.471
11073351,K00537.01,Kepler-592 b,CONFIRMED,CANDIDATE,1.0000,0,0,0,0,2.820190603,3.5920000e-06,-3.5920000e-06,170.7877050,9.730000e-04,-9.730000e-04,0.6140,0.2660,-0.4170,2.55400,0.03540,-0.03540,4.6750e+02,8.400e+00,-8.400e+00,2.53,4.000e-01,-2.700e-01,1367.0,,,824.92,343.24,-199.16,64.20,1,q1_q17_dr25_tce,5831.00,78.00,-78.00,4.359,0.095,-0.116,1.1210,0.1780,-0.1180,285.790680,48.683262,14.665
11090765,K00538.01,Kepler-593 b,CONFIRMED,CANDIDATE,1.0000,0,0,0,0,21.217123120,6.1920000e-05,-6.1920000e-05,171.6493600,2.310000e-03,-2.310000e-03,0.8900,0.0120,-0.6440,5.89000,0.16000,-0.16000,6.3600e+02,1.300e+01,-1.300e+01,2.97,9.900e-01,-3.300e-01,706.0,,,58.63,57.34,-18.18,56.20,1,q1_q17_dr25_tce,6191.00,169.00,-206.00,4.438,0.070,-0.210,1.0070,0.3350,-0.1120,294.951450,48.651192,14.560
11246364,K00539.01,,FALSE POSITIVE,FALSE POSITIVE,,0,0,0,0,200.000000000,,,171.2741300,,,,,,7.27000,,,,,,,,,,,,,,,,,,,,,,,,,,,292.978820,48.996670,14.133
9570741,K00586.01,Kepler-613 b,CONFIRMED,CANDIDATE,1.0000,0,0,0,0,15.779801220,4.6730000e-05,-4.6730000e-05,175.9693400,2.340000e-03,-2.340000e-03,0.0250,0.4130,-0.0250,4.03690,0.07400,-0.07400,5.4140e+02,1.580e+01,-1.580e+01,2.11,6.200e-01,-2.000e-01,713.0,,,60.96,52.21,-17.01,39.40,1,q1_q17_dr25_tce,5941.00,160.00,-178.00,4.519,0.048,-0.204,0.9110,0.2660,-0.0890,282.786800,46.244991,14.608
9607164,K00587.01,Kepler-614 b,CONFIRMED,CANDIDATE,1.0000,0,0,0,0,14.034902550,2.3870000e-05,-2.3870000e-05,171.6049100,1.300000e-03,-1.300000e-03,0.6600,0.0370,-0.4860,3.63800,0.05980,-0.05980,8.5180e+02,1.590e+01,-1.590e+01,2.41,3.200e-01,-2.800e-01,641.0,,,39.97,17.47,-11.97,60.90,1,q1_q17_dr25_tce,5258.00,158.00,-142.00,4.513,0.095,-0.086,0.7850,0.1020,-0.0910,298.384830,46.276039,14.574
9631762,K00588.01,Kepler-615 b,CONFIRMED,CANDIDATE,1.0000,0,0,0,0,10.355864780,2.0540000e-05,-2.0540000e-05,175.6810600,1.600000e-03,-1.600000e-03,0.1780,0.2820,-0.1780,2.84310,0.05150,-0.05150,6.6090e+02,1.550e+01,-1.550e+01,1.92,5.000e-02,-1.100e-01,620.0,,,34.93,4.12,-6.00,49.50,1,q1_q17_dr25_tce,4646.00,74.00,-83.00,4.539,0.054,-0.012,0.7780,0.0190,-0.0440,282.450590,46.321400,14.337
6462863,K00094.01,Kepler-89 d,CONFIRMED,CANDIDATE,0.9940,0,0,0,0,22.342964828,3.4040000e-06,-3.4040000e-06,132.7416410,1.280000e-04,-1.280000e-04,0.0310,0.0450,-0.0310,6.66405,0.00390,-0.00390,5.6128e+03,5.300e+00,-5.300e+00,9.99,1.820e+00,-1.500e+00,785.0,,,89.61,44.96,-30.27,1118.90,1,q1_q17_dr25_tce,6181.00,111.00,-135.00,4.234,0.143,-0.117,1.3310,0.2430,-0.1990,297.333070,41.891121,12.205
9782691,K00590.01,Kepler-193 b,CONFIRMED,CANDIDATE,1.0000,0,0,0,0,11.388402170,3.8100000e-05,-3.8100000e-05,174.5537700,2.550000e-03,-2.550000e-03,0.2430,0.2130,-0.2430,3.69490,0.08290,-0.08290,4.3800e+02,1.400e+01,-1.400e+01,3.04,4.900e-01,-5.900e-01,979.0,,,216.55,90.84,-83.63,34.70,1,q1_q17_dr25_tce,5876.00,79.00,-79.00,4.151,0.162,-0.108,1.4560,0.2330,-0.2840,296.498600,46.577240,14.615
11709124,K00435.01,Kepler-154 d,CONFIRMED,CANDIDATE,1.0000,0,0,0,0,20.549818400,2.3490000e-05,-2.3490000e-05,178.9463960,9.310000e-04,-9.310000e-04,0.6490,0.1680,-0.4000,5.54840,0.07460,-0.07460,1.5643e+03,1.360e+01,-1.360e+01,4.04,5.400e-01,-4.000e-01,657.0,,,44.11,17.25,-10.69,123.10,1,q1_q17_dr25_tce,5688.00,113.00,-101.00,4.415,0.100,-0.100,0.9710,0.1300,-0.0950,289.780520,49.896530,14.534
11709124,K00435.02,,CANDIDATE,CANDIDATE,,0,0,0,0,934.094184620,0.0000000e+00,0.0000000e+00,657.2687700,1.280000e-03,-1.280000e-03,0.4948,0.0523,-0.2024,17.48900,0.17700,-0.17700,8.7096e+03,6.360e+01,-6.360e+01,7.89,3.320e+00,-5.900e-01,177.0,,,0.23,0.29,-0.05,135.50,,,5937.00,162.00,-155.00,4.559,0.030,-0.297,0.8320,0.3500,-0.0620,289.780520,49.896530,14.534
11805075,K00436.01,,CANDIDATE,CANDIDATE,0.8040,0,0,0,0,199.839205270,4.5320000e-05,-4.5320000e-05,225.3589600,1.750000e-04,-1.750000e-04,0.8110,0.0080,-0.0070,4.37800,0.01380,-0.01380,4.4490e+04,1.260e+02,-1.260e+02,21.48,4.950e+00,-1.750e+00,276.0,,,1.36,0.96,-0.33,590.60,1,q1_q17_dr25_tce,5457.00,164.00,-147.00,4.548,0.028,-0.171,0.8690,0.2000,-0.0710,286.656890,50.021568,14.740
11599038,K01437.03,,FALSE POSITIVE,FALSE POSITIVE,0.4710,1,0,0,0,17.421732200,3.1350000e-04,-3.1350000e-04,145.9011000,1.370000e-02,-1.370000e-02,0.4150,0.0380,-0.4150,4.71800,0.46800,-0.46800,2.0840e+02,2.580e+01,-2.580e+01,1.42,4.500e-01,-1.800e-01,727.0,,,65.92,60.74,-21.78,9.30,3,q1_q17_dr25_tce,6052.00,163.00,-199.00,4.456,0.070,-0.210,0.9670,0.3040,-0.1210,284.846620,49.692402,15.280
11824222,K00437.01,,CANDIDATE,CANDIDATE,0.0000,0,0,0,0,15.841326270,6.4880000e-06,-6.4880000e-06,177.1421090,3.310000e-04,-3.310000e-04,0.8910,3.5230,-0.0870,1.82150,0.02340,-0.02340,3.1083e+04,2.840e+02,-2.840e+02,16.84,1.760e+00,-1.600e+00,575.0,,,25.77,9.60,-7.11,135.80,1,q1_q17_dr25_tce,5119.00,154.00,-154.00,4.575,0.072,-0.048,0.7020,0.0730,-0.0670,296.618590,50.022011,14.497
12302530,K00438.01,Kepler-155 b,CONFIRMED,CANDIDATE,1.0000,0,0,0,0,5.931196562,5.3480000e-06,-5.3480000e-06,174.7969080,7.060000e-04,-7.060000e-04,0.8860,0.0190,-0.6160,2.49990,0.05280,-0.05280,1.0074e+03,1.260e+01,-1.260e+01,2.01,1.200e-01,-1.300e-01,562.0,,,23.50,4.70,-4.67,90.50,1,q1_q17_dr25_tce,3984.00,71.00,-86.00,4.720,0.030,-0.030,0.5390,0.0310,-0.0350,288.495820,51.081940,14.258
11904151,K00072.01,Kepler-10 b,CONFIRMED,CANDIDATE,0.0000,0,0,0,0,0.837491225,3.0300000e-07,-3.0300000e-07,131.5748580,2.820000e-04,-2.820000e-04,0.0220,0.3880,-0.0220,1.79600,0.01040,-0.01040,1.9040e+02,1.200e+00,-1.200e+00,1.43,8.000e-02,-6.000e-02,1980.0,,,3630.32,654.58,-443.61,189.50,2,q1_q17_dr25_tce,5676.00,85.00,-68.00,4.347,0.030,-0.030,1.0440,0.0570,-0.0420,285.679380,50.241299,10.961
3239945,K00490.03,Kepler-167 c,CONFIRMED,CANDIDATE,0.9870,0,0,0,0,7.406116760,1.3920000e-05,-1.3920000e-05,134.0748100,1.460000e-03,-1.460000e-03,0.0770,0.4270,-0.0770,2.88260,0.05220,-0.05220,4.1790e+02,9.100e+00,-9.100e+00,1.37,1.000e-01,-5.000e-02,678.0,,,49.89,12.82,-6.59,49.60,3,q1_q17_dr25_tce,4799.00,95.00,-95.00,4.631,0.012,-0.048,0.6920,0.0540,-0.0210,292.658420,38.345390,14.023
3239945,K00490.04,Kepler-167 d,CONFIRMED,CANDIDATE,0.9970,0,0,0,0,21.803708000,1.3610000e-04,-1.3610000e-04,139.0719900,4.940000e-03,-4.940000e-03,0.5680,0.3550,-0.3540,3.36900,0.15700,-0.15700,2.4640e+02,1.440e+01,-1.440e+01,1.11,9.000e-02,-3.000e-02,473.0,,,11.82,3.03,-1.56,18.50,4,q1_q17_dr25_tce,4799.00,95.00,-95.00,4.631,0.012,-0.048,0.6920,0.0540,-0.0210,292.658420,38.345390,14.023
3541800,K00491.01,,FALSE POSITIVE,FALSE POSITIVE,0.0000,0,0,1,0,4.662290740,1.6570000e-05,-1.6570000e-05,169.6555800,2.910000e-03,-2.910000e-03,1.1970,15.1700,-0.3320,3.73000,0.17200,-0.17200,3.4540e+02,1.410e+01,-1.410e+01,24.12,6.890e+00,-2.470e+00,1166.0,,,437.35,369.54,-131.67,29.80,1,q1_q17_dr25_tce,6191.00,172.00,-216.00,4.454,0.050,-0.200,1.0250,0.2930,-0.1050,290.621340,38.695499,14.367
3559935,K00492.01,Kepler-576 b,CONFIRMED,CANDIDATE,1.0000,0,0,0,0,29.911188600,9.4440000e-05,-9.4440000e-05,194.7112900,2.510000e-03,-2.510000e-03,0.0410,0.3890,-0.0410,6.64360,0.09270,-0.09270,9.4200e+02,2.110e+01,-2.110e+01,2.90,2.900e-01,-3.500e-01,541.0,,,20.31,5.70,-5.52,50.80,1,q1_q17_dr25_tce,5275.00,78.00,-78.00,4.397,0.120,-0.080,0.9690,0.0960,-0.1170,295.182920,38.654228,14.424
3834360,K00493.01,,FALSE POSITIVE,FALSE POSITIVE,0.0000,0,1,1,1,2.908453928,6.1160000e-06,-6.1160000e-06,170.1247400,1.580000e-03,-1.580000e-03,1.1950,10.6800,-0.0930,2.53630,0.08340,-0.08340,4.2750e+02,1.270e+01,-1.270e+01,19.44,5.290e+00,-1.770e+00,1181.0,,,459.47,366.66,-118.91,40.40,1,q1_q17_dr25_tce,5786.00,155.00,-155.00,4.558,0.046,-0.184,0.8240,0.2240,-0.0750,286.070500,38.975101,14.722
3966801,K00494.01,Kepler-577 b,CONFIRMED,CANDIDATE,1.0000,0,0,0,0,25.695814560,5.8240000e-05,-5.8240000e-05,188.7888900,1.750000e-03,-1.750000e-03,0.6800,0.2060,-0.4390,4.02510,0.07910,-0.07910,1.1308e+03,2.900e+01,-2.900e+01,1.70,2.100e-01,-3.300e-01,314.0,,,2.30,1.17,-1.10,45.10,1,q1_q17_dr25_tce,3787.00,163.00,-204.00,4.775,0.096,-0.056,0.4770,0.0610,-0.0920,294.711940,39.073761,14.885
11521048,K00540.01,,FALSE POSITIVE,FALSE POSITIVE,0.0000,0,1,1,0,25.702800030,3.8000000e-05,-3.8000000e-05,194.8251200,1.170000e-03,-1.170000e-03,1.2700,69.5700,-0.1460,3.16440,0.05980,-0.05980,5.6238e+03,9.770e+01,-9.770e+01,33.10,6.700e+00,-3.920e+00,562.0,,,23.68,14.82,-7.19,67.90,1,q1_q17_dr25_tce,5532.00,165.00,-149.00,4.488,0.108,-0.132,0.8350,0.1690,-0.0990,297.766970,49.446659,14.917
11656721,K00541.01,Kepler-594 b,CONFIRMED,CANDIDATE,1.0000,0,0,0,0,13.646174780,3.4070000e-05,-3.4070000e-05,180.3499100,2.050000e-03,-2.050000e-03,0.1150,0.3420,-0.1150,3.40980,0.06510,-0.06510,6.3300e+02,1.660e+01,-1.660e+01,2.06,4.700e-01,-1.600e-01,678.0,,,49.89,33.39,-12.55,43.40,1,q1_q17_dr25_tce,5569.00,149.00,-166.00,4.566,0.038,-0.152,0.8290,0.1870,-0.0670,288.921570,49.762032,14.748
11853905,K00007.01,Kepler-4 b,CONFIRMED,CANDIDATE,1.0000,0,0,0,0,3.213668926,1.0900000e-06,-1.0900000e-06,123.6118780,2.740000e-04,-2.740000e-04,0.0210,0.1880,-0.0210,3.98235,0.00911,-0.00911,7.2780e+02,2.500e+00,-2.500e+00,4.13,2.600e-01,-2.300e-01,1515.0,,,1244.44,229.31,-193.94,346.90,1,q1_q17_dr25_tce,5795.00,69.00,-77.00,4.101,0.033,-0.027,1.5450,0.0970,-0.0870,285.615330,50.135750,12.211
5866724,K00085.03,Kepler-65 d,CONFIRMED,CANDIDATE,1.0000,0,0,0,0,8.131213890,1.9020000e-05,-1.9020000e-05,137.9925400,1.880000e-03,-1.880000e-03,0.6220,0.0590,-0.4570,4.23860,0.05540,-0.05540,1.1180e+02,2.200e+00,-2.200e+00,1.58,6.000e-02,-1.000e-01,1117.0,,,368.36,47.34,-60.42,55.30,3,q1_q17_dr25_tce,6181.00,68.00,-86.00,4.220,0.033,-0.027,1.4240,0.0560,-0.0850,288.688690,41.151180,11.018
11669239,K00542.01,Kepler-180 c,CONFIRMED,CANDIDATE,0.9990,0,0,0,0,41.885443300,1.5140000e-04,-1.5140000e-04,178.6919000,3.010000e-03,-3.010000e-03,0.9170,0.0230,-0.6250,6.76300,0.22500,-0.22500,6.8740e+02,1.550e+01,-1.550e+01,3.28,8.800e-01,-6.000e-01,540.0,,,20.05,16.01,-8.00,47.00,1,q1_q17_dr25_tce,5735.00,155.00,-155.00,4.356,0.175,-0.193,1.0280,0.2790,-0.1860,295.571350,49.774578,14.350
11669239,K00542.02,Kepler-180 b,CONFIRMED,CANDIDATE,0.9920,0,0,0,0,13.817335870,9.2630000e-05,-9.2630000e-05,135.0341300,5.370000e-03,-5.370000e-03,0.9670,0.0150,-0.6820,4.26100,0.11900,-0.11900,2.2320e+02,1.220e+01,-1.220e+01,2.04,5.500e-01,-3.700e-01,781.0,,,88.04,70.30,-35.11,20.40,2,q1_q17_dr25_tce,5735.00,155.00,-155.00,4.356,0.175,-0.193,1.0280,0.2790,-0.1860,295.571350,49.774578,14.350
10600261,K00597.03,Kepler-194 d,CONFIRMED,CANDIDATE,0.9000,0,0,0,0,52.814805100,3.8460000e-04,-3.8460000e-04,164.9045600,5.350000e-03,-5.350000e-03,0.0020,0.4500,-0.0020,7.30900,0.15000,-0.15000,5.5370e+02,2.100e+01,-2.100e+01,3.33,5.300e-01,-7.300e-01,562.0,,,23.57,10.03,-9.86,27.40,3,q1_q17_dr25_tce,5565.00,83.00,-66.00,4.117,0.201,-0.093,1.4390,0.2290,-0.3150,291.971440,47.864170,14.915
10656823,K00598.01,Kepler-195 b,CONFIRMED,CANDIDATE,1.0000,0,0,0,0,8.307839120,1.1440000e-05,-1.1440000e-05,171.1720100,1.040000e-03,-1.040000e-03,0.0190,0.3490,-0.0190,3.15160,0.03320,-0.03320,7.7750e+02,1.320e+01,-1.320e+01,2.15,3.600e-01,-1.800e-01,751.0,,,75.09,40.14,-18.59,66.40,1,q1_q17_dr25_tce,5320.00,159.00,-143.00,4.589,0.028,-0.105,0.7860,0.1320,-0.0660,288.120970,47.966671,14.813
10656823,K00598.02,Kepler-195 c,CONFIRMED,CANDIDATE,0.9990,0,0,0,0,34.096344100,1.9480000e-04,-1.9480000e-04,153.8265400,4.670000e-03,-4.670000e-03,0.3860,0.0600,-0.3860,3.89600,0.12100,-0.12100,4.7270e+02,2.340e+01,-2.340e+01,1.71,2.800e-01,-1.500e-01,469.0,,,11.42,6.11,-2.82,21.50,2,q1_q17_dr25_tce,5320.00,159.00,-143.00,4.589,0.028,-0.105,0.7860,0.1320,-0.0660,288.120970,47.966671,14.813
10676824,K00599.01,Kepler-1724 b,CONFIRMED,CANDIDATE,1.0000,0,0,0,0,6.454429310,1.2500000e-05,-1.2500000e-05,173.2147800,1.460000e-03,-1.460000e-03,0.7490,0.1820,-0.5110,2.67720,0.05470,-0.05470,5.8610e+02,1.510e+01,-1.510e+01,2.48,7.500e-01,-2.600e-01,999.0,,,234.98,215.93,-69.10,45.30,1,q1_q17_dr25_tce,6092.00,181.00,-200.00,4.496,0.052,-0.221,0.9430,0.2890,-0.0960,296.120730,47.921478,14.854
10718726,K00600.01,Kepler-618 b,CONFIRMED,CANDIDATE,1.0000,0,0,0,0,3.595769013,9.3830000e-06,-9.3830000e-06,170.3691500,2.050000e-03,-2.050000e-03,0.4960,0.4240,-0.2910,3.15690,0.06360,-0.06360,3.8370e+02,9.700e+00,-9.700e+00,2.39,3.800e-01,-3.800e-01,1296.0,,,666.88,279.57,-220.98,45.90,1,q1_q17_dr25_tce,5762.00,78.00,-78.00,4.283,0.137,-0.112,1.1960,0.1910,-0.1910,286.249820,48.060940,14.827
12302530,K00438.02,Kepler-155 c,CONFIRMED,CANDIDATE,1.0000,0,0,0,0,52.661526600,1.3600000e-04,-1.3600000e-04,183.5205400,2.140000e-03,-2.140000e-03,0.6820,0.0360,-0.4880,3.15920,0.07450,-0.07450,1.0781e+03,2.930e+01,-2.930e+01,1.87,1.100e-01,-1.200e-01,271.0,,,1.28,0.26,-0.25,38.40,2,q1_q17_dr25_tce,3984.00,71.00,-86.00,4.720,0.030,-0.030,0.5390,0.0310,-0.0350,288.495820,51.081940,14.258
12470954,K00439.01,Kepler-554 b,CONFIRMED,CANDIDATE,1.0000,0,0,0,0,1.902208647,4.1400000e-07,-4.1400000e-07,170.4496570,1.750000e-04,-1.750000e-04,0.1160,0.1630,-0.1160,2.19877,0.00854,-0.00854,2.3435e+03,7.300e+00,-7.300e+00,4.45,5.300e-01,-3.300e-01,1346.0,,,778.26,278.83,-163.20,363.20,1,q1_q17_dr25_tce,5400.00,107.00,-107.00,4.463,0.060,-0.097,0.9370,0.1130,-0.0700,296.406860,51.358150,14.313
6268648,K01613.03,,CANDIDATE,CANDIDATE,0.9910,0,0,0,0,20.605501000,2.5930000e-04,-2.5930000e-04,146.5069000,1.020000e-02,-1.020000e-02,0.7050,0.2570,-0.4770,3.79300,0.30200,-0.30200,3.7100e+01,3.600e+00,-3.600e+00,0.85,4.000e-02,-3.000e-02,806.0,,,99.53,14.09,-13.04,11.10,4,q1_q17_dr25_tce,6099.00,79.00,-85.00,4.193,0.016,-0.018,1.3080,0.0540,-0.0540,285.476590,41.632717,11.049
2438264,K00440.01,Kepler-156 c,CONFIRMED,CANDIDATE,1.0000,0,0,0,0,15.906888910,2.5540000e-05,-2.5540000e-05,177.9305000,1.280000e-03,-1.280000e-03,0.0140,0.4170,-0.0140,3.98790,0.04400,-0.04400,9.2470e+02,1.340e+01,-1.340e+01,2.35,1.600e-01,-1.200e-01,588.0,,,28.32,6.44,-4.86,75.00,1,q1_q17_dr25_tce,5097.00,101.00,-101.00,4.554,0.036,-0.050,0.7970,0.0520,-0.0420,290.296510,37.749489,14.172
2438264,K00440.02,Kepler-156 b,CONFIRMED,CANDIDATE,1.0000,0,0,0,0,4.973455252,4.4300000e-06,-4.4300000e-06,170.8857910,7.110000e-04,-7.110000e-04,0.8170,0.0560,-0.5760,1.65190,0.02760,-0.02760,7.4160e+02,1.310e+01,-1.310e+01,2.46,1.600e-01,-1.300e-01,867.0,,,133.55,30.37,-22.92,65.40,2,q1_q17_dr25_tce,5097.00,101.00,-101.00,4.554,0.036,-0.050,0.7970,0.0520,-0.0420,290.296510,37.749489,14.172
3340312,K00441.01,,FALSE POSITIVE,FALSE POSITIVE,0.0000,0,0,1,1,30.552897200,1.3000000e-04,-1.3000000e-04,173.9026900,3.450000e-03,-3.450000e-03,1.2160,73.7600,-0.2440,5.26900,0.17900,-0.17900,8.6520e+02,2.850e+01,-2.850e+01,30.74,5.260e+00,-2.430e+00,670.0,,,47.63,20.89,-9.13,35.60,1,q1_q17_dr25_tce,6284.00,75.00,-75.00,4.349,0.066,-0.123,1.1380,0.1950,-0.0900,290.963530,38.472542,14.532
4049108,K00495.01,,FALSE POSITIVE,FALSE POSITIVE,0.0000,0,0,1,1,4.804469031,7.6510000e-06,-7.6510000e-06,169.6352900,1.300000e-03,-1.300000e-03,0.9790,0.1290,-0.0190,3.45870,0.08530,-0.08530,7.4440e+02,1.470e+01,-1.470e+01,3.35,6.100e-01,-3.700e-01,953.0,,,194.68,110.84,-58.33,67.30,1,q1_q17_dr25_tce,5470.00,162.00,-162.00,4.528,0.067,-0.114,0.8090,0.1470,-0.0900,289.310180,39.132221,14.873
4454752,K00496.01,Kepler-578 b,CONFIRMED,CANDIDATE,1.0000,0,0,0,0,1.616883373,2.2840000e-06,-2.2840000e-06,169.8039600,1.110000e-03,-1.110000e-03,0.8560,0.0860,-0.5750,1.63250,0.04130,-0.04130,4.3730e+02,1.220e+01,-1.220e+01,4.47,1.010e+00,-2.180e+00,1774.0,,,2342.49,1389.70,-1759.05,43.90,1,q1_q17_dr25_tce,4868.00,73.00,-65.00,3.902,0.069,-0.138,1.8160,0.4090,-0.8850,288.754940,39.563648,14.411
8212002,K02593.02,,CANDIDATE,CANDIDATE,0.4980,0,0,0,0,9.553913400,1.5770000e-04,-1.5770000e-04,135.5281000,1.380000e-02,-1.380000e-02,0.1420,0.3050,-0.1420,5.26100,0.26900,-0.26900,2.6800e+01,2.200e+00,-2.200e+00,0.68,1.100e-01,-7.000e-02,1012.0,,,247.86,115.22,-65.30,13.10,2,q1_q17_dr25_tce,6175.00,110.00,-134.00,4.299,0.072,-0.108,1.3070,0.2200,-0.1350,281.835330,44.155918,11.714
4757437,K00497.01,Kepler-168 c,CONFIRMED,CANDIDATE,1.0000,0,0,0,0,13.193228090,3.2050000e-05,-3.2050000e-05,175.6096000,2.030000e-03,-2.030000e-03,0.0050,0.4340,-0.0050,5.00360,0.07260,-0.07260,5.8570e+02,1.240e+01,-1.240e+01,2.94,5.000e-01,-3.700e-01,862.0,,,130.35,56.52,-36.13,50.90,1,q1_q17_dr25_tce,5946.00,71.00,-79.00,4.309,0.110,-0.121,1.2230,0.2070,-0.1550,294.710170,39.825100,14.606
10187017,K00082.02,Kepler-102 d,CONFIRMED,CANDIDATE,1.0000,0,0,0,0,10.311747860,1.2260000e-05,-1.2260000e-05,134.0799100,1.000000e-03,-1.000000e-03,0.7470,0.0890,-0.5280,3.18180,0.03140,-0.03140,2.7590e+02,3.600e+00,-3.600e+00,1.34,9.000e-02,-5.000e-02,634.0,,,38.13,8.66,-5.75,81.70,2,q1_q17_dr25_tce,4900.00,98.00,-98.00,4.602,0.017,-0.049,0.7410,0.0480,-0.0300,281.482730,47.208031,11.492
4757437,K00497.02,Kepler-168 b,CONFIRMED,CANDIDATE,0.9960,0,0,0,0,4.425350970,1.7140000e-05,-1.7140000e-05,134.5631200,3.270000e-03,-3.270000e-03,0.1770,0.2610,-0.1770,3.50400,0.10600,-0.10600,1.7900e+02,9.000e+00,-9.000e+00,1.63,2.800e-01,-2.100e-01,1240.0,,,559.22,242.50,-154.98,22.10,2,q1_q17_dr25_tce,5946.00,71.00,-79.00,4.309,0.110,-0.121,1.2230,0.2070,-0.1550,294.710170,39.825100,14.606
11823054,K00543.01,Kepler-181 c,CONFIRMED,CANDIDATE,1.0000,0,0,0,0,4.302139338,4.6440000e-06,-4.6440000e-06,173.4389220,8.840000e-04,-8.840000e-04,0.6520,0.0280,-0.4910,2.02890,0.03260,-0.03260,7.4720e+02,1.290e+01,-1.290e+01,2.46,1.200e-01,-1.900e-01,937.0,,,182.70,31.44,-36.11,65.50,1,q1_q17_dr25_tce,5041.00,83.00,-75.00,4.479,0.077,-0.033,0.8570,0.0410,-0.0660,296.151400,50.095810,14.707
11823054,K00543.02,Kepler-181 b,CONFIRMED,CANDIDATE,1.0000,0,0,0,0,3.137845914,7.0080000e-06,-7.0080000e-06,133.5568900,1.890000e-03,-1.890000e-03,0.4540,0.0050,-0.4540,1.91000,0.05770,-0.05770,3.0570e+02,1.120e+01,-1.120e+01,1.50,7.000e-02,-1.100e-01,1041.0,,,277.64,47.78,-54.88,30.80,2,q1_q17_dr25_tce,5041.00,83.00,-75.00,4.479,0.077,-0.033,0.8570,0.0410,-0.0660,296.151400,50.095810,14.707
7017274,K03209.02,,CANDIDATE,CANDIDATE,0.5700,0,0,0,0,6.770676370,5.7340000e-05,-5.7340000e-05,133.3491400,6.950000e-03,-6.950000e-03,0.1270,0.3220,-0.1270,5.98200,0.18400,-0.18400,6.5800e+01,3.700e+00,-3.700e+00,1.90,4.100e-01,-6.100e-01,1499.0,,,1193.45,655.67,-674.75,19.60,2,q1_q17_dr25_tce,6337.00,76.00,-82.00,3.893,0.253,-0.136,2.3350,0.5030,-0.7550,285.923220,42.549850,11.915
11913012,K00544.01,,FALSE POSITIVE,FALSE POSITIVE,0.0000,0,1,1,1,3.747823140,1.1120000e-05,-1.1120000e-05,171.6663400,2.360000e-03,-2.360000e-03,1.2020,3.2500,-0.0860,5.13300,0.11400,-0.11400,4.2340e+02,9.100e+00,-9.100e+00,25.59,8.270e+00,-2.740e+00,1253.0,,,583.52,565.23,-181.73,53.80,1,q1_q17_dr25_tce,6161.00,184.00,-221.00,4.454,0.054,-0.216,1.0530,0.3400,-0.1130,291.022520,50.259109,14.763
11972666,K00545.01,,FALSE POSITIVE,FALSE POSITIVE,0.0000,0,1,1,0,1.091731740,2.6190000e-06,-2.6190000e-06,170.3772400,1.880000e-03,-1.880000e-03,0.3340,0.1320,-0.3340,1.97190,0.06670,-0.06670,1.8690e+02,6.900e+00,-6.900e+00,1.07,2.000e-01,-8.000e-02,1488.0,,,1153.10,656.38,-283.11,32.20,1,q1_q17_dr25_tce,5354.00,159.00,-159.00,4.587,0.028,-0.119,0.7880,0.1430,-0.0610,296.259490,50.344372,14.689
12058931,K00546.01,Kepler-182 c,CONFIRMED,CANDIDATE,1.0000,0,0,0,0,20.684207720,5.1680000e-05,-5.1680000e-05,170.1903400,1.980000e-03,-1.980000e-03,0.4880,0.3730,-0.2920,6.44150,0.07310,-0.07310,8.5850e+02,1.530e+01,-1.530e+01,3.28,1.100e+00,-3.700e-01,729.0,,,66.83,65.38,-21.24,59.60,1,q1_q17_dr25_tce,6246.00,167.00,-223.00,4.433,0.056,-0.224,1.0920,0.3650,-0.1220,289.830110,50.586239,14.896
9782691,K00590.02,Kepler-193 c,CONFIRMED,CANDIDATE,0.9550,0,0,0,0,50.698540800,2.6600000e-04,-2.6600000e-04,141.3181300,3.670000e-03,-3.670000e-03,0.1370,0.2810,-0.1370,5.97200,0.12000,-0.12000,6.1090e+02,2.130e+01,-2.130e+01,3.58,5.700e-01,-7.000e-01,595.0,,,29.58,12.42,-11.42,30.10,2,q1_q17_dr25_tce,5876.00,79.00,-79.00,4.151,0.162,-0.108,1.4560,0.2330,-0.2840,296.498600,46.577240,14.615
9886221,K00591.01,,FALSE POSITIVE,FALSE POSITIVE,0.0000,0,0,1,1,2.992646500,1.4620000e-05,-1.4620000e-05,170.8012800,4.080000e-03,-4.080000e-03,0.3190,0.1360,-0.3190,1.81000,0.14500,-0.14500,1.0590e+02,8.000e+00,-8.000e+00,0.89,2.300e-01,-7.000e-02,1170.0,,,443.12,324.93,-114.86,16.10,1,q1_q17_dr25_tce,5718.00,136.00,-170.00,4.549,0.042,-0.168,0.8630,0.2210,-0.0740,289.853300,46.787151,14.396
12366084,K00787.03,,CANDIDATE,CANDIDATE,0.8660,0,0,0,0,0.589376952,6.4840000e-06,-6.4840000e-06,131.8694000,1.090000e-02,-1.090000e-02,0.4910,0.0390,-0.4460,1.71000,0.25200,-0.25200,8.0700e+01,8.800e+00,-8.800e+00,0.93,1.400e-01,-7.000e-02,2162.0,,,5161.10,1987.54,-1003.97,11.40,3,q1_q17_dr25_tce,5714.00,77.00,-77.00,4.428,0.063,-0.117,1.0150,0.1480,-0.0790,295.816160,51.121738,15.367
9957627,K00592.01,Kepler-1723 b,CONFIRMED,CANDIDATE,1.0000,0,0,0,0,39.752991500,1.1490000e-04,-1.1490000e-04,175.4624400,2.300000e-03,-2.300000e-03,0.0460,0.3640,-0.0460,4.96410,0.07260,-0.07260,5.4930e+02,1.570e+01,-1.570e+01,2.37,7.200e-01,-3.100e-01,568.0,,,24.54,22.48,-8.12,40.90,1,q1_q17_dr25_tce,6072.00,182.00,-182.00,4.411,0.105,-0.195,1.0100,0.3080,-0.1320,294.462680,46.821449,14.292
9958962,K00593.01,Kepler-616 b,CONFIRMED,CANDIDATE,1.0000,0,0,0,0,9.997602850,2.6270000e-05,-2.6270000e-05,171.7882800,2.040000e-03,-2.040000e-03,0.8510,0.0490,-0.5880,3.44230,0.07460,-0.07460,6.3870e+02,1.830e+01,-1.830e+01,2.82,8.700e-01,-2.900e-01,860.0,,,129.18,120.13,-38.43,39.00,1,q1_q17_dr25_tce,6004.00,181.00,-199.00,4.484,0.052,-0.208,0.9770,0.3020,-0.1010,294.989140,46.838329,14.957
9958962,K00593.02,Kepler-616 c,CONFIRMED,CANDIDATE,1.0000,0,0,0,0,90.411799200,4.6560000e-04,-4.6560000e-04,208.5028000,3.800000e-03,-3.800000e-03,0.8490,0.0160,-0.5960,7.10600,0.16900,-0.16900,1.2650e+03,3.720e+01,-3.720e+01,3.96,1.220e+00,-4.100e-01,413.0,,,6.86,6.37,-2.04,35.40,2,q1_q17_dr25_tce,6004.00,181.00,-199.00,4.484,0.052,-0.208,0.9770,0.3020,-0.1010,294.989140,46.838329,14.957
3745690,K00442.01,Kepler-157 c,CONFIRMED,CANDIDATE,0.9820,0,0,0,0,13.540574610,3.4610000e-05,-3.4610000e-05,171.6776200,2.070000e-03,-2.070000e-03,0.1800,0.2680,-0.1800,4.46730,0.06350,-0.06350,4.6100e+02,9.100e+00,-9.100e+00,2.17,3.100e-01,-2.600e-01,779.0,,,87.10,36.05,-24.01,53.30,1,q1_q17_dr25_tce,5767.00,115.00,-104.00,4.389,0.099,-0.110,1.0140,0.1450,-0.1190,291.097230,38.875610,14.002
3745690,K00442.02,Kepler-157 b,CONFIRMED,CANDIDATE,1.0000,0,0,0,0,1.732346403,3.2010000e-06,-3.2010000e-06,134.5312300,1.550000e-03,-1.550000e-03,0.1840,0.2690,-0.1840,2.21390,0.05000,-0.05000,1.8240e+02,5.200e+00,-5.200e+00,1.37,1.900e-01,-1.600e-01,1546.0,,,1345.92,556.95,-370.99,41.20,2,q1_q17_dr25_tce,5767.00,115.00,-104.00,4.389,0.099,-0.110,1.0140,0.1450,-0.1190,291.097230,38.875610,14.002
9872283,K01815.02,,CANDIDATE,CANDIDATE,0.9740,0,0,0,0,1.746100570,1.2450000e-05,-1.2450000e-05,131.7921000,5.400000e-03,-5.400000e-03,0.0320,0.4430,-0.0320,1.29900,0.20300,-0.20300,5.4200e+01,7.100e+00,-7.100e+00,1.24,7.900e-01,-7.200e-01,1689.0,,,1924.75,3897.44,-1618.70,9.20,2,q1_q17_dr25_tce,4854.00,145.00,-116.00,3.939,0.637,-0.343,1.7490,1.1190,-1.0170,281.457180,46.746471,13.884
3745690,K00442.03,Kepler-157 d,CONFIRMED,CANDIDATE,0.8680,0,0,0,0,7.025740900,2.3480000e-05,-2.3480000e-05,133.6271300,2.830000e-03,-2.830000e-03,0.8120,0.1290,-0.5630,2.24500,0.08070,-0.08070,1.9070e+02,9.700e+00,-9.700e+00,1.56,2.300e-01,-1.800e-01,969.0,,,208.92,86.45,-57.59,21.20,3,q1_q17_dr25_tce,5767.00,115.00,-104.00,4.389,0.099,-0.110,1.0140,0.1450,-0.1190,291.097230,38.875610,14.002
3833007,K00443.01,Kepler-555 b,CONFIRMED,CANDIDATE,1.0000,0,0,0,0,16.217749170,2.7130000e-05,-2.7130000e-05,180.0425000,1.360000e-03,-1.360000e-03,0.3360,0.0790,-0.3360,4.92740,0.04620,-0.04620,7.5830e+02,1.090e+01,-1.090e+01,2.22,5.900e-01,-1.600e-01,664.0,,,45.87,35.72,-10.34,80.30,1,q1_q17_dr25_tce,5837.00,158.00,-158.00,4.577,0.033,-0.187,0.7980,0.2110,-0.0560,285.516850,38.932400,14.200
3847138,K00444.01,Kepler-556 b,CONFIRMED,CANDIDATE,1.0000,0,0,0,0,11.722912120,2.5660000e-05,-2.5660000e-05,177.3196000,1.650000e-03,-1.650000e-03,0.0120,0.4300,-0.0120,4.20640,0.05260,-0.05260,4.9220e+02,9.600e+00,-9.600e+00,2.08,2.600e-01,-2.100e-01,766.0,,,81.46,30.24,-20.94,58.80,1,q1_q17_dr25_tce,5550.00,110.00,-110.00,4.431,0.095,-0.095,0.9530,0.1200,-0.0980,290.529420,38.942661,14.112
4833135,K00498.01,,FALSE POSITIVE,FALSE POSITIVE,,0,0,0,0,8.661374000,3.8450000e-04,-3.8450000e-04,177.5427000,1.000000e-02,-1.000000e-02,0.6469,0.2968,-0.4264,2.97200,0.53200,-0.53200,1.6010e+02,3.330e+01,-3.330e+01,1.32,4.900e-01,-1.200e-01,945.0,,,188.16,207.05,-51.01,4.70,,,6250.00,166.00,-192.00,4.472,0.047,-0.272,0.9860,0.3700,-0.0900,291.022490,39.917629,14.660
4847534,K00499.01,Kepler-579 b,CONFIRMED,CANDIDATE,1.0000,0,0,0,0,9.668573860,1.8990000e-05,-1.8990000e-05,174.5348300,1.620000e-03,-1.620000e-03,0.8000,0.1340,-0.5470,2.46560,0.05540,-0.05540,4.1170e+02,1.300e+01,-1.300e+01,1.90,3.300e-01,-1.900e-01,730.0,,,67.06,39.47,-19.46,36.90,1,q1_q17_dr25_tce,5288.00,184.00,-184.00,4.541,0.051,-0.119,0.8360,0.1480,-0.0800,295.002040,39.952930,14.272
4852528,K00500.01,Kepler-80 b,CONFIRMED,CANDIDATE,1.0000,0,0,0,0,7.053527145,5.9130000e-06,-5.9130000e-06,176.4741460,6.490000e-04,-6.490000e-04,0.1720,0.1620,-0.1720,2.39820,0.02620,-0.02620,1.4801e+03,1.740e+01,-1.740e+01,2.16,1.200e-01,-1.200e-01,547.0,,,21.17,4.10,-3.85,92.30,1,q1_q17_dr25_tce,4041.00,72.00,-88.00,4.697,0.024,-0.027,0.5670,0.0310,-0.0310,296.112580,39.978779,14.804
4852528,K00500.02,Kepler-80 c,CONFIRMED,CANDIDATE,1.0000,0,0,0,0,9.521644639,8.9470000e-06,-8.9470000e-06,177.4848390,7.260000e-04,-7.260000e-04,0.0230,0.3380,-0.0230,2.35690,0.02790,-0.02790,1.4913e+03,2.020e+01,-2.020e+01,2.16,1.200e-01,-1.200e-01,495.0,,,14.20,2.75,-2.58,79.20,2,q1_q17_dr25_tce,4041.00,72.00,-88.00,4.697,0.024,-0.027,0.5670,0.0310,-0.0310,296.112580,39.978779,14.804
4852528,K00500.03,Kepler-80 d,CONFIRMED,CANDIDATE,1.0000,0,0,0,0,3.072146607,3.5080000e-06,-3.5080000e-06,134.0300170,9.410000e-04,-9.410000e-04,0.0320,0.3230,-0.0320,1.87320,0.02860,-0.02860,5.3900e+02,1.290e+01,-1.290e+01,1.30,7.000e-02,-7.000e-02,722.0,,,64.09,12.42,-11.65,44.90,3,q1_q17_dr25_tce,4041.00,72.00,-88.00,4.697,0.024,-0.027,0.5670,0.0310,-0.0310,296.112580,39.978779,14.804
4852528,K00500.04,Kepler-80 e,CONFIRMED,CANDIDATE,1.0000,0,0,0,0,4.645382149,6.1420000e-06,-6.1420000e-06,134.5893900,1.070000e-03,-1.070000e-03,0.1540,0.2200,-0.1540,2.02710,0.03430,-0.03430,5.6550e+02,1.500e+01,-1.500e+01,1.33,8.000e-02,-7.000e-02,629.0,,,36.90,7.15,-6.71,40.40,5,q1_q17_dr25_tce,4041.00,72.00,-88.00,4.697,0.024,-0.027,0.5670,0.0310,-0.0310,296.112580,39.978779,14.804
12058931,K00546.02,Kepler-182 b,CONFIRMED,CANDIDATE,0.9990,0,0,0,0,9.825784950,3.7930000e-05,-3.7930000e-05,131.4249500,3.360000e-03,-3.360000e-03,0.8880,0.0250,-0.6290,5.24980,0.08800,-0.08800,4.3330e+02,1.270e+01,-1.270e+01,2.66,8.800e-01,-3.000e-01,935.0,,,180.36,176.45,-57.31,38.10,2,q1_q17_dr25_tce,6246.00,167.00,-223.00,4.433,0.056,-0.224,1.0920,0.3650,-0.1220,289.830110,50.586239,14.896
12116489,K00547.01,Kepler-595 b,CONFIRMED,CANDIDATE,1.0000,0,0,0,0,25.302918160,2.8860000e-05,-2.8860000e-05,188.0601480,9.010000e-04,-9.010000e-04,0.0400,0.3580,-0.0400,4.49030,0.04120,-0.04120,2.1057e+03,1.950e+01,-1.950e+01,3.95,2.200e-01,-3.700e-01,535.0,,,19.39,3.65,-4.42,117.70,1,q1_q17_dr25_tce,5121.00,84.00,-76.00,4.457,0.091,-0.039,0.8880,0.0490,-0.0840,294.570400,50.673019,14.773
12600735,K00548.01,Kepler-596 b,CONFIRMED,CANDIDATE,1.0000,0,0,0,0,21.300204910,3.9860000e-05,-3.9860000e-05,189.7059500,1.500000e-03,-1.500000e-03,0.0750,0.3090,-0.0750,4.08520,0.04740,-0.04740,6.5980e+02,1.220e+01,-1.220e+01,2.99,4.700e-01,-2.800e-01,725.0,,,65.37,27.07,-14.54,58.10,1,q1_q17_dr25_tce,6008.00,77.00,-83.00,4.350,0.076,-0.123,1.1680,0.1860,-0.1090,289.500670,51.685730,14.020
10593626,K00087.01,Kepler-22 b,CONFIRMED,CANDIDATE,0.8810,0,0,0,0,289.864067000,1.2100000e-03,-1.2100000e-03,133.6971900,2.140000e-03,-2.140000e-03,0.8560,0.0430,-0.6490,7.56500,0.10800,-0.10800,5.2910e+02,1.050e+01,-1.050e+01,2.34,2.200e-01,-2.300e-01,257.0,,,1.03,0.26,-0.24,57.40,1,q1_q17_dr25_tce,5516.00,82.00,-74.00,4.446,0.104,-0.064,0.8860,0.0800,-0.0890,289.217500,47.884460,11.664
3437776,K00549.01,,FALSE POSITIVE,FALSE POSITIVE,0.0000,0,1,1,0,10.297676580,3.2970000e-05,-3.2970000e-05,131.7337400,2.940000e-03,-2.940000e-03,1.1940,15.0500,-0.1260,6.64900,0.12900,-0.12900,6.5550e+02,1.310e+01,-1.310e+01,39.14,5.690e+00,-8.550e+00,1022.0,,,258.09,99.10,-108.66,57.00,1,q1_q17_dr25_tce,5671.00,76.00,-76.00,4.075,0.189,-0.081,1.6080,0.2340,-0.3510,289.799070,38.555061,14.565
9958962,K00593.03,Kepler-616 d,CONFIRMED,CANDIDATE,1.0000,0,0,0,0,51.067435500,3.4970000e-04,-3.4970000e-04,147.6094100,5.700000e-03,-5.700000e-03,0.4820,0.4720,-0.2740,4.37400,0.16900,-0.16900,5.9750e+02,3.430e+01,-3.430e+01,2.44,7.600e-01,-2.500e-01,499.0,,,14.69,13.66,-4.37,18.70,3,q1_q17_dr25_tce,6004.00,181.00,-199.00,4.484,0.052,-0.208,0.9770,0.3020,-0.1010,294.989140,46.838329,14.957
10294465,K00595.01,,FALSE POSITIVE,FALSE POSITIVE,,0,0,0,0,199.997634930,,,250.9723100,,,,,,3.43000,,,,,,,,,,,,,,,,,,,,,,,,,,,298.701570,47.337315,14.949
10388286,K00596.01,Kepler-617 b,CONFIRMED,CANDIDATE,1.0000,0,0,0,0,1.682695938,1.2530000e-06,-1.2530000e-06,170.4531170,5.990000e-04,-5.990000e-04,0.0250,0.4190,-0.0250,1.38670,0.02300,-0.02300,7.0380e+02,1.120e+01,-1.120e+01,1.23,1.000e-01,-1.400e-01,750.0,,,74.70,20.84,-21.01,75.40,1,q1_q17_dr25_tce,3669.00,73.00,-91.00,4.787,0.054,-0.041,0.4700,0.0410,-0.0510,283.740690,47.516289,14.818
10600261,K00597.01,Kepler-194 c,CONFIRMED,CANDIDATE,1.0000,0,0,0,0,17.307955480,5.5520000e-05,-5.5520000e-05,176.9432600,2.360000e-03,-2.360000e-03,0.0000,0.4220,0.0000,5.11260,0.07630,-0.07630,6.3300e+02,1.420e+01,-1.420e+01,3.56,5.700e-01,-7.800e-01,815.0,,,104.37,44.41,-43.66,46.40,1,q1_q17_dr25_tce,5565.00,83.00,-66.00,4.117,0.201,-0.093,1.4390,0.2290,-0.3150,291.971440,47.864170,14.915
6462863,K00094.02,Kepler-89 c,CONFIRMED,CANDIDATE,1.0000,0,0,0,0,10.423677439,7.1730000e-06,-7.1730000e-06,138.0090410,5.840000e-04,-5.840000e-04,0.0050,0.2990,-0.0050,5.22570,0.02100,-0.02100,7.7730e+02,4.100e+00,-4.100e+00,3.72,6.700e-01,-5.600e-01,1012.0,,,247.48,124.16,-83.60,204.40,3,q1_q17_dr25_tce,6181.00,111.00,-135.00,4.234,0.143,-0.117,1.3310,0.2430,-0.1990,297.333070,41.891121,12.205
10600261,K00597.02,Kepler-194 b,CONFIRMED,CANDIDATE,1.0000,0,0,0,0,2.092271150,5.8140000e-06,-5.8140000e-06,133.0625800,2.170000e-03,-2.170000e-03,0.2710,0.1840,-0.2710,2.40620,0.07160,-0.07160,2.0760e+02,7.900e+00,-7.900e+00,2.06,3.300e-01,-4.500e-01,1648.0,,,1746.66,743.33,-730.66,30.00,2,q1_q17_dr25_tce,5565.00,83.00,-66.00,4.117,0.201,-0.093,1.4390,0.2290,-0.3150,291.971440,47.864170,14.915
11904151,K00072.02,Kepler-10 c,CONFIRMED,CANDIDATE,0.9820,0,0,0,0,45.294222970,5.6000000e-05,-5.6000000e-05,138.6787250,9.870000e-04,-9.870000e-04,0.0250,0.3330,-0.0250,6.83000,0.03430,-0.03430,4.7710e+02,3.700e+00,-3.700e+00,2.26,1.200e-01,-9.000e-02,524.0,,,17.75,3.21,-2.17,134.80,1,q1_q17_dr25_tce,5676.00,85.00,-68.00,4.347,0.030,-0.030,1.0440,0.0570,-0.0420,285.679380,50.241299,10.961
4384675,K00445.01,,FALSE POSITIVE,FALSE POSITIVE,,0,0,0,0,260.207173310,,,258.3488700,,,,,,6.59000,,,,,,,,,,,,,,,,,,,,,,,,,,,296.180630,39.435452,14.707
4633570,K00446.01,Kepler-158 b,CONFIRMED,CANDIDATE,1.0000,0,0,0,0,16.709206280,3.6170000e-05,-3.6170000e-05,174.7541700,1.770000e-03,-1.770000e-03,0.8550,0.0860,-0.5760,2.70520,0.07250,-0.07250,8.3980e+02,2.310e+01,-2.310e+01,2.27,1.800e-01,-2.000e-01,500.0,,,14.73,4.40,-3.88,40.40,1,q1_q17_dr25_tce,4621.00,124.00,-137.00,4.605,0.052,-0.028,0.6680,0.0540,-0.0590,284.032230,39.781330,14.427
4633570,K00446.02,Kepler-158 c,CONFIRMED,CANDIDATE,0.8950,0,0,0,0,28.551581870,8.9170000e-05,-8.9170000e-05,185.4767200,2.450000e-03,-2.450000e-03,0.6230,0.2720,-0.4030,4.15020,0.08370,-0.08370,8.0780e+02,2.410e+01,-2.410e+01,1.97,1.600e-01,-1.700e-01,418.0,,,7.21,2.16,-1.90,36.00,2,q1_q17_dr25_tce,4621.00,124.00,-137.00,4.605,0.052,-0.028,0.6680,0.0540,-0.0590,284.032230,39.781330,14.427
5021176,K00447.01,,FALSE POSITIVE,FALSE POSITIVE,0.0000,0,1,1,1,4.045057186,5.3230000e-06,-5.3230000e-06,172.6836500,1.080000e-03,-1.080000e-03,1.2920,11.4400,-0.1240,2.99540,0.06000,-0.06000,7.5270e+02,1.450e+01,-1.450e+01,30.33,7.320e+00,-3.940e+00,1126.0,,,381.17,279.86,-125.66,62.20,1,q1_q17_dr25_tce,5906.00,177.00,-177.00,4.473,0.094,-0.175,0.8700,0.2100,-0.1130,294.588170,40.165051,14.865
5640085,K00448.01,Kepler-159 b,CONFIRMED,CANDIDATE,1.0000,0,0,0,0,10.139588180,2.0760000e-05,-2.0760000e-05,178.4507400,1.570000e-03,-1.570000e-03,0.0780,0.3230,-0.0780,2.64460,0.05170,-0.05170,1.1559e+03,3.180e+01,-3.180e+01,1.68,1.300e-01,-1.300e-01,447.0,,,9.41,2.34,-2.15,40.30,1,q1_q17_dr25_tce,3893.00,78.00,-85.00,4.758,0.040,-0.036,0.5000,0.0370,-0.0410,297.070160,40.868790,14.902
5640085,K00448.02,Kepler-159 c,CONFIRMED,CANDIDATE,0.0000,0,0,0,0,43.585941900,1.8070000e-04,-1.8070000e-04,194.6107000,2.780000e-03,-2.780000e-03,0.0110,0.4170,-0.0110,4.68140,0.09750,-0.09750,1.7087e+03,4.680e+01,-4.680e+01,2.05,1.500e-01,-1.700e-01,275.0,,,1.35,0.33,-0.31,38.90,2,q1_q17_dr25_tce,3893.00,78.00,-85.00,4.758,0.040,-0.036,0.5000,0.0370,-0.0410,297.070160,40.868790,14.902
4852528,K00500.05,Kepler-80 f,CONFIRMED,CANDIDATE,1.0000,0,0,0,0,0.986785834,6.9800000e-07,-6.9800000e-07,133.1712920,6.130000e-04,-6.130000e-04,0.0260,0.2890,-0.0260,1.18790,0.01800,-0.01800,4.5000e+02,9.500e+00,-9.500e+00,1.19,7.000e-02,-6.000e-02,1054.0,,,292.35,56.64,-53.12,51.50,4,q1_q17_dr25_tce,4041.00,72.00,-88.00,4.697,0.024,-0.027,0.5670,0.0310,-0.0310,296.112580,39.978779,14.804
4951877,K00501.01,,CANDIDATE,CANDIDATE,0.9980,0,0,0,0,24.796280100,1.0670000e-04,-1.0670000e-04,170.3259500,3.620000e-03,-3.620000e-03,0.0100,0.4030,-0.0100,8.33000,0.10700,-0.10700,5.7440e+02,1.510e+01,-1.510e+01,2.70,4.500e-01,-3.200e-01,664.0,,,45.92,19.92,-12.32,43.60,1,q1_q17_dr25_tce,5770.00,78.00,-78.00,4.333,0.110,-0.110,1.1410,0.1890,-0.1380,298.473210,40.075871,14.612
5282051,K00502.01,,FALSE POSITIVE,FALSE POSITIVE,0.0000,0,0,1,1,5.910376740,2.1540000e-05,-2.1540000e-05,171.1516600,2.810000e-03,-2.810000e-03,0.1230,0.3420,-0.1220,3.42100,0.10100,-0.10100,2.5690e+02,8.800e+00,-8.800e+00,1.38,3.200e-01,-2.200e-01,937.0,,,182.47,130.83,-67.59,34.50,1,q1_q17_dr25_tce,5515.00,165.00,-165.00,4.443,0.136,-0.204,0.8670,0.2040,-0.1360,293.837010,40.412750,14.276
10187017,K00082.03,Kepler-102 f,CONFIRMED,CANDIDATE,1.0000,0,0,0,0,27.453614600,1.0770000e-04,-1.0770000e-04,145.0286600,3.450000e-03,-3.450000e-03,0.7650,0.1420,-0.5560,3.74700,0.10100,-0.10100,1.3640e+02,5.300e+00,-5.300e+00,0.95,6.000e-02,-4.000e-02,457.0,,,10.34,2.35,-1.56,27.50,3,q1_q17_dr25_tce,4900.00,98.00,-98.00,4.602,0.017,-0.049,0.7410,0.0480,-0.0300,281.482730,47.208031,11.492
5340644,K00503.01,Kepler-580 b,CONFIRMED,CANDIDATE,1.0000,0,0,0,0,8.222413550,1.0520000e-05,-1.0520000e-05,172.9565700,1.020000e-03,-1.020000e-03,0.2460,0.2100,-0.2460,2.71000,0.04130,-0.04130,1.4686e+03,2.520e+01,-2.520e+01,2.28,9.000e-02,-1.100e-01,558.0,,,22.86,3.93,-3.84,67.00,1,q1_q17_dr25_tce,4213.00,84.00,-84.00,4.658,0.025,-0.020,0.6150,0.0250,-0.0310,283.499820,40.552799,15.000
3437776,K00549.02,,FALSE POSITIVE,FALSE POSITIVE,0.0000,1,0,1,0,0.635587392,2.1400000e-06,-2.1400000e-06,133.4166500,2.650000e-03,-2.650000e-03,1.1510,0.0360,-0.1550,4.70000,0.26900,-0.26900,1.4770e+02,4.700e+00,-4.700e+00,28.58,4.160e+00,-6.240e+00,2587.0,,,10637.41,4084.68,-4478.61,40.90,2,q1_q17_dr25_tce,5671.00,76.00,-76.00,4.075,0.189,-0.081,1.6080,0.2340,-0.3510,289.799070,38.555061,14.565
4165473,K00550.01,Kepler-597 b,CONFIRMED,CANDIDATE,1.0000,0,0,0,0,13.023632360,3.2060000e-05,-3.2060000e-05,178.5248200,1.770000e-03,-1.770000e-03,0.0320,0.4170,-0.0320,3.97340,0.06700,-0.06700,6.0700e+02,1.410e+01,-1.410e+01,2.30,3.000e-01,-1.900e-01,743.0,,,71.85,26.69,-15.78,50.50,1,q1_q17_dr25_tce,5627.00,101.00,-112.00,4.453,0.072,-0.108,0.9450,0.1230,-0.0760,293.470120,39.252811,14.070
4270253,K00551.01,Kepler-183 c,CONFIRMED,CANDIDATE,1.0000,0,0,0,0,11.637030300,3.0910000e-05,-3.0910000e-05,178.8444800,2.010000e-03,-2.010000e-03,0.0660,0.3630,-0.0660,3.33720,0.06830,-0.06830,6.0430e+02,1.840e+01,-1.840e+01,2.90,4.500e-01,-4.900e-01,857.0,,,127.46,53.01,-44.34,36.40,1,q1_q17_dr25_tce,5576.00,83.00,-75.00,4.257,0.168,-0.112,1.1980,0.1860,-0.2040,293.530850,39.315891,14.943
5544450,K03226.02,,CANDIDATE,CANDIDATE,0.9950,0,0,0,0,6.936508540,8.1960000e-05,-8.1960000e-05,133.9830900,9.480000e-03,-9.480000e-03,0.3310,0.1310,-0.3310,3.67400,0.27000,-0.27000,8.8700e+01,8.900e+00,-8.900e+00,1.51,2.800e-01,-2.100e-01,1305.0,,,687.21,322.55,-203.54,11.30,2,q1_q17_dr25_tce,6615.00,65.00,-92.00,4.173,0.108,-0.132,1.5740,0.2970,-0.2160,294.897340,40.798168,12.209
4270253,K00551.02,Kepler-183 b,CONFIRMED,CANDIDATE,1.0000,0,0,0,0,5.687986750,1.2830000e-05,-1.2830000e-05,133.9560700,1.840000e-03,-1.840000e-03,0.6630,0.0480,-0.4760,2.26820,0.06020,-0.06020,4.7640e+02,1.620e+01,-1.620e+01,2.76,4.300e-01,-4.700e-01,1088.0,,,330.44,137.42,-114.95,33.00,2,q1_q17_dr25_tce,5576.00,83.00,-75.00,4.257,0.168,-0.112,1.1980,0.1860,-0.2040,293.530850,39.315891,14.943
5122112,K00552.01,,FALSE POSITIVE,FALSE POSITIVE,0.0590,0,1,0,0,3.055171082,1.1760000e-06,-1.1760000e-06,171.0990460,3.010000e-04,-3.010000e-04,1.2040,13.8000,-0.0720,1.67980,0.01790,-0.01790,8.6653e+03,7.500e+01,-7.500e+01,35.24,9.860e+00,-4.570e+00,1358.0,,,804.33,667.81,-276.61,143.20,1,q1_q17_dr25_tce,6237.00,176.00,-220.00,4.426,0.098,-0.196,0.9870,0.2760,-0.1280,297.398250,40.229191,14.741
10973664,K00601.01,Kepler-619 b,CONFIRMED,CANDIDATE,1.0000,0,0,0,0,5.404269170,1.1820000e-05,-1.1820000e-05,172.1855300,1.730000e-03,-1.730000e-03,0.2290,0.2240,-0.2290,2.53150,0.06000,-0.06000,8.6060e+02,2.300e+01,-2.300e+01,2.85,8.900e-01,-3.000e-01,1073.0,,,312.93,289.85,-91.85,40.50,1,q1_q17_dr25_tce,6122.00,169.00,-190.00,4.487,0.052,-0.208,0.9640,0.3030,-0.1010,290.849060,48.416012,14.697
10973664,K00601.02,Kepler-619 d,CONFIRMED,CANDIDATE,1.0000,0,0,0,0,11.678942360,2.4520000e-05,-2.4520000e-05,131.5119000,1.770000e-03,-1.770000e-03,0.9400,0.0150,-0.7120,1.26410,0.05150,-0.05150,1.1851e+03,6.380e+01,-6.380e+01,4.17,1.310e+00,-4.400e-01,830.0,,,112.07,103.80,-32.90,23.10,2,q1_q17_dr25_tce,6122.00,169.00,-190.00,4.487,0.052,-0.208,0.9640,0.3030,-0.1010,290.849060,48.416012,14.697
10973664,K00601.03,Kepler-619 c,CONFIRMED,CANDIDATE,1.0000,0,0,0,0,1.208462378,4.3100000e-06,-4.3100000e-06,133.6771200,2.940000e-03,-2.940000e-03,0.8310,0.1350,-0.5940,1.54400,0.09720,-0.09720,2.2730e+02,1.530e+01,-1.530e+01,1.64,5.100e-01,-1.700e-01,1767.0,,,2307.65,2137.38,-677.34,17.40,3,q1_q17_dr25_tce,6122.00,169.00,-190.00,4.487,0.052,-0.208,0.9640,0.3030,-0.1010,290.849060,48.416012,14.697
9141746,K00929.02,Kepler-730 c,CONFIRMED,CANDIDATE,0.9940,0,0,0,0,2.851883380,4.3230000e-05,-4.3230000e-05,132.1455000,1.330000e-02,-1.330000e-02,0.5780,0.3830,-0.3630,2.66600,0.41500,-0.41500,1.1490e+02,1.410e+01,-1.410e+01,1.23,4.200e-01,-1.700e-01,1398.0,,,903.77,930.12,-337.88,10.10,2,q1_q17_dr25_tce,6123.00,193.00,-265.00,4.413,0.072,-0.217,1.1070,0.3750,-0.1500,285.554810,45.578861,15.649
12459913,K00602.01,Kepler-620 b,CONFIRMED,CANDIDATE,1.0000,0,0,0,0,12.913859060,4.3190000e-05,-4.3190000e-05,177.2753500,2.680000e-03,-2.680000e-03,0.8450,0.0180,-0.5830,5.36850,0.09520,-0.09520,4.8790e+02,1.340e+01,-1.340e+01,2.49,6.800e-01,-3.700e-01,849.0,,,122.66,98.42,-44.69,40.50,1,q1_q17_dr25_tce,6253.00,169.00,-206.00,4.410,0.105,-0.195,0.9970,0.2720,-0.1470,291.159390,51.334862,14.647
6462863,K00094.03,Kepler-89 e,CONFIRMED,CANDIDATE,0.9530,0,0,0,0,54.319961510,3.3910000e-05,-3.3910000e-05,161.2398690,5.030000e-04,-5.030000e-04,0.4970,0.0050,-0.3570,8.58580,0.02430,-0.02430,1.9750e+03,7.200e+00,-7.200e+00,6.07,1.110e+00,-9.100e-01,584.0,,,27.40,13.75,-9.25,291.30,2,q1_q17_dr25_tce,6181.00,111.00,-135.00,4.234,0.143,-0.117,1.3310,0.2430,-0.1990,297.333070,41.891121,12.205
5779852,K00449.01,,FALSE POSITIVE,FALSE POSITIVE,0.0000,0,1,0,0,252.079234700,2.8590000e-04,-2.8590000e-04,240.2349230,8.930000e-04,-8.930000e-04,1.2830,42.6500,-0.2150,3.98080,0.04880,-0.04880,5.5826e+03,6.430e+01,-6.430e+01,41.07,1.283e+01,-5.150e+00,318.0,,,2.42,2.16,-0.80,104.10,1,q1_q17_dr25_tce,6348.00,152.00,-209.00,4.434,0.067,-0.202,1.0140,0.3170,-0.1270,288.198090,41.094170,14.183
6042214,K00450.01,,FALSE POSITIVE,FALSE POSITIVE,0.0000,0,0,1,0,27.046278860,4.6360000e-05,-4.6360000e-05,171.9552500,1.300000e-03,-1.300000e-03,0.9620,0.0330,-0.0250,2.66600,0.16400,-0.16400,9.0080e+02,3.510e+01,-3.510e+01,3.54,1.090e+00,-3.400e-01,636.0,,,38.62,35.17,-10.98,48.80,1,q1_q17_dr25_tce,6332.00,174.00,-206.00,4.516,0.039,-0.221,0.9150,0.2830,-0.0880,291.752230,41.311241,14.173
6200715,K00451.01,,FALSE POSITIVE,FALSE POSITIVE,0.0000,0,0,1,1,3.723560726,6.5040000e-06,-6.5040000e-06,172.1797700,1.430000e-03,-1.430000e-03,0.9540,0.0060,-0.5900,3.43500,0.17700,-0.17700,5.4000e+02,1.060e+01,-1.060e+01,3.46,1.000e+00,-4.200e-01,1401.0,,,910.65,745.12,-296.49,58.90,1,q1_q17_dr25_tce,6535.00,154.00,-212.00,4.373,0.062,-0.175,1.1810,0.3390,-0.1450,290.419160,41.525372,14.930
8226050,K01910.02,,CANDIDATE,CANDIDATE,0.9490,0,0,0,0,18.384833100,2.6220000e-04,-2.6220000e-04,135.4745000,1.480000e-02,-1.480000e-02,0.7110,0.2530,-0.5130,3.54500,0.38500,-0.38500,1.5180e+02,1.690e+01,-1.690e+01,1.15,6.000e-02,-9.000e-02,587.0,,,27.99,4.82,-5.81,10.30,2,q1_q17_dr25_tce,5083.00,83.00,-76.00,4.468,0.088,-0.033,0.8720,0.0420,-0.0720,289.192630,44.149319,14.685
6291033,K00452.01,Kepler-557 b,CONFIRMED,CANDIDATE,1.0000,0,0,0,0,3.705991661,4.7800000e-06,-4.7800000e-06,169.9428600,1.080000e-03,-1.080000e-03,0.6230,0.1820,-0.4020,5.16580,0.04700,-0.04700,5.0140e+02,5.800e+00,-5.800e+00,2.43,7.600e-01,-3.300e-01,1281.0,,,637.42,612.58,-230.94,100.30,1,q1_q17_dr25_tce,6187.00,197.00,-241.00,4.409,0.087,-0.203,1.0340,0.3260,-0.1400,293.708470,41.615131,14.641
6889235,K00074.01,,FALSE POSITIVE,FALSE POSITIVE,0.0000,1,0,0,0,5.188671659,2.1880000e-06,-2.1880000e-06,125.8793880,3.530000e-04,-3.530000e-04,0.8840,0.0130,-0.0210,5.05340,0.05660,-0.05660,5.4890e+02,2.000e+00,-2.000e+00,5.20,2.130e+00,-1.150e+00,2118.0,,,4750.81,5944.26,-2336.46,331.60,2,q1_q17_dr25_tce,9523.00,302.00,-416.00,4.205,0.136,-0.221,1.9410,0.7950,-0.4280,298.324250,42.388470,10.960
6758917,K00453.01,,FALSE POSITIVE,FALSE POSITIVE,0.0010,0,1,0,0,2.236100588,2.9770000e-06,-2.9770000e-06,169.6485200,1.050000e-03,-1.050000e-03,1.4270,36.7000,-0.8410,1.86430,0.05910,-0.05910,2.7241e+04,7.700e+02,-7.700e+02,55.59,1.447e+01,-4.820e+00,1255.0,,,586.38,449.78,-148.05,43.00,1,q1_q17_dr25_tce,5708.00,154.00,-154.00,4.578,0.032,-0.168,0.7950,0.2070,-0.0690,285.119690,42.299129,14.549
5461440,K00504.01,Kepler-581 b,CONFIRMED,CANDIDATE,0.9320,0,0,0,0,40.606895000,1.8930000e-04,-1.8930000e-04,199.2574800,3.430000e-03,-3.430000e-03,0.4940,0.4130,-0.2920,5.75600,0.11400,-0.11400,6.5750e+02,2.120e+01,-2.120e+01,2.67,3.800e-01,-3.000e-01,521.0,,,17.40,6.45,-4.57,36.30,1,q1_q17_dr25_tce,5538.00,74.00,-83.00,4.384,0.116,-0.105,1.0270,0.1440,-0.1180,295.432800,40.648239,14.560
5689351,K00505.01,Kepler-169 e,CONFIRMED,CANDIDATE,1.0000,0,0,0,0,13.767100580,2.9820000e-05,-2.9820000e-05,174.8108900,1.650000e-03,-1.650000e-03,0.8060,0.0970,-0.5980,2.91050,0.05550,-0.05550,6.8480e+02,1.780e+01,-1.780e+01,2.24,1.300e-01,-1.000e-01,595.0,,,29.55,6.40,-4.66,41.60,1,q1_q17_dr25_tce,5001.00,99.00,,4.582,0.024,-0.048,0.7600,0.0460,-0.0340,285.999880,40.919319,14.194
6779260,K02678.02,,CANDIDATE,CANDIDATE,0.9760,0,0,0,0,2.216590500,3.3000000e-04,-3.3000000e-04,131.5607000,6.500000e-03,-6.500000e-03,0.7030,0.2180,-0.4780,1.00000,11.00000,-11.00000,2.8700e+01,3.830e+01,-3.830e+01,0.48,5.000e-02,-3.000e-02,1215.0,,,515.27,160.47,-89.78,2.80,2,q1_q17_dr25_tce,5397.00,107.00,-107.00,4.543,0.033,-0.083,0.8310,0.0840,-0.0450,292.388550,42.233261,11.799
5689351,K00505.02,Kepler-169 c,CONFIRMED,CANDIDATE,0.9960,0,0,0,0,6.195459500,2.4140000e-05,-2.4140000e-05,134.7150700,2.990000e-03,-2.990000e-03,0.6470,0.3060,-0.4310,2.95200,0.10400,-0.10400,2.9640e+02,1.220e+01,-1.220e+01,1.37,8.000e-02,-6.000e-02,776.0,,,85.77,18.56,-13.52,27.10,5,q1_q17_dr25_tce,5001.00,99.00,0.00,4.582,0.024,-0.048,0.7600,0.0460,-0.0340,285.999880,40.919319,14.194
5689351,K00505.03,Kepler-169 b,CONFIRMED,CANDIDATE,1.0000,0,0,0,0,3.250582010,1.2660000e-05,-1.2660000e-05,133.6947200,3.120000e-03,-3.120000e-03,0.6840,0.0170,-0.5090,2.25370,0.09800,-0.09800,2.1840e+02,1.050e+01,-1.050e+01,1.19,7.000e-02,-5.000e-02,962.0,,,202.09,43.74,-31.85,24.00,3,q1_q17_dr25_tce,5001.00,99.00,0.00,4.582,0.024,-0.048,0.7600,0.0460,-0.0340,285.999880,40.919319,14.194
5689351,K00505.04,Kepler-169 d,CONFIRMED,CANDIDATE,0.9980,0,0,0,0,8.348192090,3.1290000e-05,-3.1290000e-05,136.8411100,2.870000e-03,-2.870000e-03,0.7990,0.1740,-0.5610,2.83500,0.11000,-0.11000,2.8890e+02,1.440e+01,-1.440e+01,1.45,8.000e-02,-7.000e-02,702.0,,,57.48,12.45,-9.06,22.10,4,q1_q17_dr25_tce,5001.00,99.00,0.00,4.582,0.024,-0.048,0.7600,0.0460,-0.0340,285.999880,40.919319,14.194
5303551,K00553.01,,FALSE POSITIVE,FALSE POSITIVE,0.0000,0,0,1,1,2.399069173,8.7800000e-06,-8.7800000e-06,171.4541300,2.890000e-03,-2.890000e-03,0.6490,0.3020,-0.4130,3.25760,0.09420,-0.09420,2.8660e+02,8.900e+00,-8.900e+00,1.78,5.000e-01,-2.700e-01,1354.0,,,792.76,667.85,-286.48,37.80,1,q1_q17_dr25_tce,5654.00,169.00,-169.00,4.395,0.128,-0.192,1.0010,0.2800,-0.1510,298.576420,40.491669,14.888
5443837,K00554.01,,CANDIDATE,CANDIDATE,1.0000,0,0,0,0,3.658497070,6.1290000e-06,-6.1290000e-06,170.5438100,1.320000e-03,-1.320000e-03,0.9060,0.0350,-0.4600,2.57300,0.20900,-0.20900,4.3980e+03,1.300e+02,-1.300e+02,14.61,2.260e+00,-3.390e+00,1583.0,,,1486.35,603.42,-655.79,47.00,1,q1_q17_dr25_tce,5857.00,78.00,-78.00,3.972,0.203,-0.087,1.8220,0.2820,-0.4230,290.351140,40.687000,14.545
7692093,K03337.02,,FALSE POSITIVE,FALSE POSITIVE,0.1460,1,0,0,0,91.172033000,2.7180000e-03,-2.7180000e-03,154.9657000,2.290000e-02,-2.290000e-02,0.0050,0.4410,-0.0050,6.67600,0.65300,-0.65300,3.6850e+02,5.430e+01,-5.430e+01,1.58,3.800e-01,-1.200e-01,360.0,,,3.96,2.90,-0.99,7.30,2,q1_q17_dr25_tce,5552.00,166.00,-166.00,4.562,0.038,-0.162,0.8360,0.2010,-0.0670,294.905940,43.381889,15.927
5709725,K00555.01,Kepler-598 b,CONFIRMED,CANDIDATE,1.0000,0,0,0,0,3.701765401,9.3910000e-06,-9.3910000e-06,172.4477800,2.030000e-03,-2.030000e-03,0.7130,0.1950,-0.4790,2.60610,0.06490,-0.06490,2.8830e+02,9.300e+00,-9.300e+00,1.63,1.200e-01,-1.700e-01,1050.0,,,286.23,68.58,-75.12,35.90,2,q1_q17_dr25_tce,5252.00,105.00,-105.00,4.442,0.105,-0.052,0.8980,0.0630,-0.0950,293.123410,40.934769,14.759
5709725,K00555.02,Kepler-598 c,CONFIRMED,CANDIDATE,0.9700,0,0,0,0,86.494370400,4.9300000e-04,-4.9300000e-04,181.8896700,4.640000e-03,-4.640000e-03,0.7410,0.1230,-0.5360,7.47100,0.13900,-0.13900,9.9520e+02,2.440e+01,-2.440e+01,3.07,2.100e-01,-3.300e-01,367.0,,,4.29,1.03,-1.12,42.60,1,q1_q17_dr25_tce,5252.00,105.00,-105.00,4.442,0.105,-0.052,0.8980,0.0630,-0.0950,293.123410,40.934769,14.759
7700871,K00088.01,,FALSE POSITIVE,FALSE POSITIVE,0.0000,0,0,1,0,5.179688680,1.1520000e-05,-1.1520000e-05,136.4614400,2.020000e-03,-2.020000e-03,1.2030,5.2240,-0.1180,3.72560,0.09180,-0.09180,1.2180e+02,3.000e+00,-3.000e+00,18.91,3.380e+00,-1.700e+00,972.0,,,211.06,115.27,-54.20,48.40,1,q1_q17_dr25_tce,5761.00,155.00,-155.00,4.548,0.051,-0.128,0.8150,0.1460,-0.0730,297.319790,43.332722,11.871
9946525,K00398.01,Kepler-148 d,CONFIRMED,CANDIDATE,0.9630,0,0,0,0,51.846889840,2.9310000e-05,-2.9310000e-05,170.0807600,4.420000e-04,-4.420000e-04,0.6810,0.0190,-0.0430,4.77690,0.04870,-0.04870,9.6363e+03,4.140e+01,-4.140e+01,8.73,7.000e-01,-4.200e-01,413.0,,,6.90,1.63,-1.03,257.20,1,q1_q17_dr25_tce,5227.00,73.00,-83.00,4.535,0.033,-0.066,0.8380,0.0680,-0.0400,289.786220,46.858791,15.342
9946525,K00398.02,Kepler-148 c,CONFIRMED,CANDIDATE,1.0000,0,0,0,0,4.180048081,2.7410000e-06,-2.7410000e-06,173.7192490,5.240000e-04,-5.240000e-04,0.0470,0.3350,-0.0470,2.44790,0.02330,-0.02330,1.7656e+03,1.560e+01,-1.560e+01,3.44,2.700e-01,-1.700e-01,957.0,,,197.81,46.59,-29.56,124.30,2,q1_q17_dr25_tce,5227.00,73.00,-83.00,4.535,0.033,-0.066,0.8380,0.0680,-0.0400,289.786220,46.858791,15.342
2716853,K01022.02,,FALSE POSITIVE,FALSE POSITIVE,0.0400,1,0,1,0,68.832195000,1.0780000e-03,-1.0780000e-03,172.1237900,9.640000e-03,-9.640000e-03,0.6330,0.0200,-0.4910,3.31000,0.33200,-0.33200,6.7810e+02,8.390e+01,-8.390e+01,2.35,6.700e-01,-2.300e-01,411.0,,,6.71,5.77,-1.84,8.20,2,q1_q17_dr25_tce,5687.00,169.00,-169.00,4.538,0.046,-0.184,0.8600,0.2460,-0.0820,292.268130,37.955639,15.762
9946525,K00398.03,Kepler-148 b,CONFIRMED,CANDIDATE,1.0000,0,0,0,0,1.729367077,2.5870000e-06,-2.5870000e-06,133.8192900,1.250000e-03,-1.250000e-03,0.2780,0.1700,-0.2780,1.74420,0.04080,-0.04080,4.8440e+02,1.260e+01,-1.260e+01,1.82,1.500e-01,-9.000e-02,1284.0,,,643.54,151.59,-96.16,44.70,3,q1_q17_dr25_tce,5227.00,73.00,-83.00,4.535,0.033,-0.066,0.8380,0.0680,-0.0400,289.786220,46.858791,15.342
7289157,K00399.01,,FALSE POSITIVE,FALSE POSITIVE,0.0000,0,1,0,0,5.266406140,1.6910000e-06,-1.6910000e-06,173.8336370,2.260000e-04,-2.260000e-04,0.8690,0.1770,-0.0780,3.61630,0.01970,-0.01970,5.9294e+04,2.470e+02,-2.470e+02,38.05,5.760e+00,-5.770e+00,1163.0,,,431.87,183.32,-145.21,339.90,1,q1_q17_dr25_tce,5916.00,107.00,-119.00,4.296,0.132,-0.108,1.1750,0.1780,-0.1780,293.966060,42.837269,12.947
2695110,K00400.01,,FALSE POSITIVE,FALSE POSITIVE,0.0000,0,1,1,0,44.189389220,8.5110000e-05,-8.5110000e-05,209.9896800,1.510000e-03,-1.510000e-03,1.0300,1.3080,-0.0750,6.81510,0.07280,-0.07280,4.2935e+03,4.870e+01,-4.870e+01,14.00,4.060e+00,-1.750e+00,537.0,,,19.73,16.82,-6.52,102.00,1,q1_q17_dr25_tce,6061.00,164.00,-200.00,4.438,0.087,-0.203,0.9680,0.2810,-0.1210,286.524200,37.985432,14.882
7098355,K00454.01,Kepler-558 b,CONFIRMED,CANDIDATE,1.0000,0,0,0,0,29.007891660,8.4750000e-05,-8.4750000e-05,170.5534900,2.050000e-03,-2.050000e-03,0.7610,0.1080,-0.5420,5.02740,0.08480,-0.08480,9.0630e+02,2.310e+01,-2.310e+01,2.64,4.300e-01,-2.200e-01,498.0,,,14.59,7.69,-3.58,44.10,1,q1_q17_dr25_tce,5295.00,159.00,-143.00,4.566,0.037,-0.105,0.8010,0.1320,-0.0660,284.657870,42.652679,14.805
7101828,K00455.01,,FALSE POSITIVE,FALSE POSITIVE,0.0000,0,1,1,0,47.878243000,1.9650000e-04,-1.9650000e-04,193.2051800,2.880000e-03,-2.880000e-03,1.0760,64.4900,-0.1140,4.06600,0.15800,-0.15800,9.1000e+02,3.470e+01,-3.470e+01,8.15,5.300e-01,-7.200e-01,317.0,,,2.38,0.65,-0.63,30.90,1,q1_q17_dr25_tce,4254.00,128.00,-128.00,4.634,0.049,-0.021,0.6240,0.0400,-0.0550,286.240600,42.670231,14.261
2832589,K01942.02,,CANDIDATE,CANDIDATE,1.0000,0,0,0,0,2.433703498,8.9720000e-06,-8.9720000e-06,133.8375900,2.790000e-03,-2.790000e-03,0.9520,0.0100,-0.6470,0.97500,0.14100,-0.14100,2.5830e+02,3.580e+01,-3.580e+01,1.66,2.400e-01,-1.200e-01,1112.0,,,362.64,171.67,-89.31,10.20,2,q1_q17_dr25_tce,5251.00,158.00,-158.00,4.592,0.032,-0.097,0.7780,0.1120,-0.0600,286.006740,38.009541,15.409
7269974,K00456.01,Kepler-160 c,CONFIRMED,CANDIDATE,1.0000,0,0,0,0,13.699422660,1.4390000e-05,-1.4390000e-05,171.4803600,8.340000e-04,-8.340000e-04,0.0300,0.2660,-0.0300,4.34090,0.02640,-0.02640,1.2929e+03,1.140e+01,-1.140e+01,3.85,5.700e-01,-5.100e-01,771.0,,,83.60,32.54,-24.07,120.00,1,q1_q17_dr25_tce,5541.00,74.00,-74.00,4.332,0.137,-0.100,1.0890,0.1610,-0.1450,287.773560,42.869282,14.619
7269974,K00456.02,Kepler-160 b,CONFIRMED,CANDIDATE,1.0000,0,0,0,0,4.309381978,6.6570000e-06,-6.6570000e-06,134.0355200,1.260000e-03,-1.260000e-03,0.0340,0.3680,-0.0340,2.89770,0.03590,-0.03590,3.1070e+02,8.100e+00,-8.100e+00,1.89,2.800e-01,-2.500e-01,1134.0,,,390.76,152.15,-112.50,42.30,2,q1_q17_dr25_tce,5541.00,74.00,-74.00,4.332,0.137,-0.100,1.0890,0.1610,-0.1450,287.773560,42.869282,14.619
7440748,K00457.01,Kepler-161 b,CONFIRMED,CANDIDATE,1.0000,0,0,0,0,4.921363900,4.0070000e-06,-4.0070000e-06,174.2993220,6.610000e-04,-6.610000e-04,0.0260,0.3590,-0.0260,1.88060,0.02050,-0.02050,7.6130e+02,1.100e+01,-1.100e+01,2.14,1.400e-01,-1.100e-01,868.0,,,134.02,30.09,-23.31,77.70,1,q1_q17_dr25_tce,5076.00,101.00,-101.00,4.550,0.036,-0.050,0.7990,0.0510,-0.0430,290.516480,43.083820,14.196
5689351,K00505.05,Kepler-169 f,CONFIRMED,CANDIDATE,0.9810,0,0,0,0,87.091259400,4.4060000e-04,-4.4060000e-04,187.3123100,4.340000e-03,-4.340000e-03,0.8450,0.0050,-0.5970,7.00000,0.15800,-0.15800,1.1291e+03,2.830e+01,-2.830e+01,2.95,1.800e-01,-1.300e-01,321.0,,,2.52,0.55,-0.39,41.80,2,q1_q17_dr25_tce,5001.00,99.00,0.00,4.582,0.024,-0.048,0.7600,0.0460,-0.0340,285.999880,40.919319,14.194
5780715,K00506.01,,FALSE POSITIVE,FALSE POSITIVE,0.9000,0,0,1,0,1.583160478,8.2800000e-07,-8.2800000e-07,169.9652420,4.000000e-04,-4.000000e-04,0.8970,0.0280,-0.6410,1.19350,0.02250,-0.02250,7.3260e+02,9.800e+00,-9.800e+00,3.27,1.050e+00,-3.600e-01,1619.0,,,1625.93,1582.77,-493.93,97.70,1,q1_q17_dr25_tce,6063.00,182.00,-200.00,4.476,0.040,-0.229,1.0120,0.3280,-0.1090,288.508880,41.095890,14.731
10793172,K02871.04,,CANDIDATE,CANDIDATE,0.9490,0,0,0,0,7.978819800,1.2640000e-04,-1.2640000e-04,132.2596000,1.290000e-02,-1.290000e-02,0.0500,0.4150,-0.0500,2.87400,0.35300,-0.35300,8.3800e+01,1.140e+01,-1.140e+01,0.99,1.400e-01,-1.500e-01,927.0,,,174.85,67.54,-54.17,8.30,3,q1_q17_dr25_tce,5553.00,74.00,-74.00,4.330,0.137,-0.100,1.0980,0.1610,-0.1610,290.201630,48.185822,14.754
5812960,K00507.01,Kepler-582 b,CONFIRMED,CANDIDATE,1.0000,0,0,0,0,18.492347920,3.3130000e-05,-3.3130000e-05,173.4981600,1.410000e-03,-1.410000e-03,0.0340,0.3990,-0.0340,3.47440,0.05340,-0.05340,1.6555e+03,3.070e+01,-3.070e+01,3.34,5.200e-01,-4.200e-01,603.0,,,31.27,15.71,-10.15,61.40,1,q1_q17_dr25_tce,5289.00,159.00,-159.00,4.477,0.115,-0.127,0.8380,0.1300,-0.1060,297.503690,41.057018,14.915
6266741,K00508.01,Kepler-170 b,CONFIRMED,CANDIDATE,1.0000,0,0,0,0,7.930583519,9.4100000e-06,-9.4100000e-06,169.5169440,9.690000e-04,-9.690000e-04,0.5590,0.3360,-0.3470,3.60830,0.04540,-0.04540,8.2610e+02,1.020e+01,-1.020e+01,3.05,4.700e-01,-1.700e-01,899.0,,,154.36,66.57,-27.32,89.90,1,q1_q17_dr25_tce,5674.00,103.00,-114.00,4.446,0.034,-0.128,1.0320,0.1590,-0.0570,284.521180,41.629601,14.387
10187017,K00082.04,Kepler-102 c,CONFIRMED,CANDIDATE,1.0000,0,0,0,0,7.071361190,3.0850000e-05,-3.0850000e-05,139.9876300,3.810000e-03,-3.810000e-03,0.6580,0.2920,-0.4330,2.75700,0.11100,-0.11100,6.5700e+01,3.200e+00,-3.200e+00,0.63,4.000e-02,-2.000e-02,719.0,,,63.11,14.34,-9.52,22.40,4,q1_q17_dr25_tce,4900.00,98.00,-98.00,4.602,0.017,-0.049,0.7410,0.0480,-0.0300,281.482730,47.208031,11.492
5738496,K00556.01,,FALSE POSITIVE,FALSE POSITIVE,0.0000,0,1,1,1,9.501509260,6.3590000e-05,-6.3590000e-05,175.6700200,5.060000e-03,-5.060000e-03,1.2370,14.8300,-0.1110,6.85200,0.24200,-0.24200,5.0950e+02,1.750e+01,-1.750e+01,25.77,7.750e+00,-2.580e+00,843.0,,,119.55,105.23,-34.87,34.80,1,q1_q17_dr25_tce,5938.00,159.00,-195.00,4.518,0.052,-0.208,0.9080,0.2730,-0.0910,299.679380,40.965141,14.799
5774349,K00557.01,Kepler-599 b,CONFIRMED,CANDIDATE,1.0000,0,0,0,0,15.655638660,3.2060000e-05,-3.2060000e-05,170.7835800,1.620000e-03,-1.620000e-03,0.3040,0.1460,-0.3030,3.93050,0.06270,-0.06270,9.5590e+02,2.080e+01,-2.080e+01,2.55,3.200e-01,-3.100e-01,623.0,,,35.62,14.99,-11.41,53.20,1,q1_q17_dr25_tce,5185.00,154.00,-154.00,4.484,0.100,-0.100,0.8370,0.1040,-0.1040,285.911500,41.069439,14.970
10285631,K00331.02,,CANDIDATE,CANDIDATE,0.8810,0,0,0,0,10.522866780,6.5310000e-05,-6.5310000e-05,137.7884400,4.850000e-03,-4.850000e-03,1.1200,69.2100,-0.1280,1.91100,0.29000,-0.29000,1.3020e+02,1.700e+01,-1.700e+01,23.26,3.660e+00,-5.490e+00,1008.0,,,243.72,109.41,-111.37,10.10,2,q1_q17_dr25_tce,5548.00,110.00,0.00,4.038,0.210,-0.090,1.6140,0.2540,-0.3810,296.183440,47.358761,13.497
5978361,K00558.01,Kepler-1722 b,CONFIRMED,CANDIDATE,1.0000,0,0,0,0,9.178585260,1.4320000e-05,-1.4320000e-05,173.0874600,1.310000e-03,-1.310000e-03,0.5820,0.2940,-0.3620,2.19450,0.04400,-0.04400,7.9650e+02,1.840e+01,-1.840e+01,2.30,5.200e-01,-2.000e-01,753.0,,,76.14,52.19,-20.21,50.60,1,q1_q17_dr25_tce,5506.00,166.00,-166.00,4.584,0.036,-0.144,0.7880,0.1760,-0.0700,296.662750,41.261238,14.874
6422367,K00559.01,,FALSE POSITIVE,FALSE POSITIVE,,0,0,0,1,4.331448390,2.7990000e-05,-2.7990000e-05,173.6946600,4.640000e-03,-4.640000e-03,0.2910,0.1925,-0.2910,2.58000,0.17400,-0.17400,2.1640e+02,1.680e+01,-1.680e+01,1.07,3.500e-01,-1.100e-01,939.0,,,183.62,184.15,-50.57,17.30,1,q1_q17_dr24_tce,5344.00,175.00,-146.00,4.550,0.075,-0.491,0.7280,0.2380,-0.0730,283.471100,41.873211,14.791
6501635,K00560.01,Kepler-600 b,CONFIRMED,CANDIDATE,1.0000,0,0,0,0,23.675131530,9.0320000e-05,-9.0320000e-05,179.2767600,2.980000e-03,-2.980000e-03,0.8220,0.0180,-0.5850,4.64700,0.13000,-0.13000,9.8040e+02,3.430e+01,-3.430e+01,2.76,4.300e-01,-2.300e-01,528.0,,,18.38,8.95,-4.57,32.60,1,q1_q17_dr25_tce,5309.00,143.00,-143.00,4.588,0.032,-0.097,0.7810,0.1220,-0.0660,283.833070,41.978649,14.721
3217264,K00401.01,Kepler-149 b,CONFIRMED,CANDIDATE,1.0000,0,0,0,0,29.198992190,2.3980000e-05,-2.3980000e-05,185.4406310,6.560000e-04,-6.560000e-04,0.0430,0.3300,-0.0430,5.12270,0.03770,-0.03770,2.0472e+03,1.330e+01,-1.330e+01,4.15,4.900e-01,-3.200e-01,540.0,,,20.05,7.02,-4.31,171.00,1,q1_q17_dr25_tce,5376.00,107.00,-107.00,4.462,0.060,-0.090,0.9400,0.1100,-0.0730,285.853670,38.384121,14.001
3217264,K00401.02,Kepler-149 d,CONFIRMED,CANDIDATE,1.0000,0,0,0,0,160.019159800,5.2080000e-04,-5.2080000e-04,251.2826100,2.460000e-03,-2.460000e-03,0.8520,0.0420,-0.5870,5.47200,0.16300,-0.16300,1.5528e+03,3.340e+01,-3.340e+01,4.28,5.000e-01,-3.300e-01,306.0,,,2.08,0.72,-0.45,49.60,2,q1_q17_dr25_tce,5376.00,107.00,-107.00,4.462,0.060,-0.090,0.9400,0.1100,-0.0730,285.853670,38.384121,14.001
8554498,K00005.02,,FALSE POSITIVE,FALSE POSITIVE,,1,0,0,0,7.051856370,,,133.3669015,,,,,,3.69000,,,,,,,,,,,,,,,,,,,,,,,,,,,289.739720,44.647419,11.665
6850504,K00070.01,Kepler-20 c,CONFIRMED,CANDIDATE,1.0000,0,0,0,0,10.854095934,4.9770000e-06,-4.9770000e-06,138.6080310,3.780000e-04,-3.780000e-04,0.4220,0.0340,-0.3580,3.77680,0.02040,-0.02040,1.0344e+03,4.500e+00,-4.500e+00,2.99,3.300e-01,-2.700e-01,765.0,,,80.88,26.80,-19.06,252.80,1,q1_q17_dr25_tce,5465.00,109.00,-109.00,4.449,0.085,-0.085,0.9250,0.1010,-0.0830,287.698000,42.338718,12.498
3217264,K00401.03,Kepler-149 c,CONFIRMED,CANDIDATE,0.9970,0,0,0,0,55.329139900,5.1740000e-04,-5.1740000e-04,186.3154500,7.830000e-03,-7.830000e-03,0.2090,0.2460,-0.2090,6.91800,0.21500,-0.21500,3.2570e+02,1.600e+01,-1.600e+01,1.67,1.900e-01,-1.300e-01,436.0,,,8.55,3.00,-1.84,21.80,3,q1_q17_dr25_tce,5376.00,107.00,-107.00,4.462,0.060,-0.090,0.9400,0.1100,-0.0730,285.853670,38.384121,14.001
3342592,K00402.01,,FALSE POSITIVE,FALSE POSITIVE,0.0000,0,1,0,0,17.177328207,2.4650000e-06,-2.4650000e-06,170.5464300,1.180000e-04,-1.180000e-04,0.2670,0.0150,-0.0180,7.67020,0.01030,-0.01030,2.4419e+04,2.100e+01,-2.100e+01,15.29,4.950e+00,-1.650e+00,720.0,,,63.70,62.58,-19.71,1357.50,1,q1_q17_dr25_tce,6032.00,189.00,-210.00,4.485,0.054,-0.216,0.9730,0.3150,-0.1050,291.556300,38.446289,14.923
7440748,K00457.02,Kepler-161 c,CONFIRMED,CANDIDATE,1.0000,0,0,0,0,7.064252021,7.0660000e-06,-7.0660000e-06,135.3795120,8.140000e-04,-8.140000e-04,0.7520,0.0470,-0.5100,1.38670,0.02910,-0.02910,7.2890e+02,1.620e+01,-1.620e+01,2.37,1.500e-01,-1.300e-01,769.0,,,82.76,18.58,-14.39,52.50,2,q1_q17_dr25_tce,5076.00,101.00,-101.00,4.550,0.036,-0.050,0.7990,0.0510,-0.0430,290.516480,43.083820,14.196
7504328,K00458.01,,CANDIDATE,CANDIDATE,0.9330,0,0,0,0,53.717984940,6.5230000e-05,-6.5230000e-05,208.0804200,9.160000e-04,-9.160000e-04,0.9300,0.0090,-0.0060,4.10400,0.07040,-0.07040,3.1535e+03,5.370e+01,-5.370e+01,155.12,5.520e+00,-3.132e+01,1550.0,,,1363.11,161.12,-575.29,103.00,1,q1_q17_dr25_tce,4959.00,52.00,-119.00,2.332,0.161,-0.038,21.4490,0.7640,-4.3310,282.882690,43.191952,14.708
8219268,K02133.02,,FALSE POSITIVE,FALSE POSITIVE,0.0290,1,0,0,0,43.501748000,2.1510000e-03,-2.1510000e-03,164.2859000,3.020000e-02,-3.020000e-02,0.9090,0.0480,-0.6720,10.75500,0.95600,-0.95600,1.6710e+02,2.000e+01,-2.000e+01,10.10,9.100e-01,-8.200e-01,996.0,,,232.53,61.85,-45.53,9.50,2,q1_q17_dr25_tce,4604.00,74.00,-54.00,2.936,0.013,-0.012,6.2210,0.5590,-0.5090,285.672880,44.116730,12.495
7977197,K00459.01,Kepler-162 c,CONFIRMED,CANDIDATE,1.0000,0,0,0,0,19.446391390,2.5590000e-05,-2.5590000e-05,170.1023800,1.050000e-03,-1.050000e-03,0.8130,0.0670,-0.5660,3.62270,0.05580,-0.05580,9.2600e+02,1.200e+01,-1.200e+01,3.24,8.900e-01,-4.800e-01,681.0,,,50.73,40.80,-18.03,82.40,1,q1_q17_dr25_tce,5815.00,157.00,-174.00,4.421,0.120,-0.180,0.9540,0.2610,-0.1400,297.278900,43.724018,14.248
7977197,K00459.02,Kepler-162 b,CONFIRMED,CANDIDATE,1.0000,0,0,0,0,6.919869880,2.7660000e-05,-2.7660000e-05,134.1159400,3.400000e-03,-3.400000e-03,0.8190,0.0090,-0.5820,3.42530,0.08640,-0.08640,1.7010e+02,7.400e+00,-7.400e+00,1.39,3.800e-01,-2.000e-01,961.0,,,201.41,162.02,-71.55,25.60,2,q1_q17_dr25_tce,5815.00,157.00,-174.00,4.421,0.120,-0.180,0.9540,0.2610,-0.1400,297.278900,43.724018,14.248
7199397,K00075.01,,CANDIDATE,CANDIDATE,1.0000,0,0,0,0,105.881766700,1.3120000e-04,-1.3120000e-04,156.9793500,1.010000e-03,-1.010000e-03,0.5390,0.0440,-0.1490,18.04400,0.10200,-0.10200,1.5563e+03,6.300e+00,-6.300e+00,10.16,9.400e-01,-1.270e+00,595.0,,,29.64,7.72,-8.11,301.80,1,q1_q17_dr25_tce,5903.00,79.00,-79.00,3.757,0.078,-0.052,2.4990,0.2330,-0.3110,291.497220,42.728481,10.775
6266741,K00508.02,Kepler-170 c,CONFIRMED,CANDIDATE,1.0000,0,0,0,0,16.665899400,2.9700000e-05,-2.9700000e-05,180.2021500,1.450000e-03,-1.450000e-03,0.4290,0.0420,-0.3990,4.19340,0.05440,-0.05440,7.5420e+02,1.340e+01,-1.340e+01,2.85,4.400e-01,-1.600e-01,702.0,,,57.31,24.71,-10.15,60.80,2,q1_q17_dr25_tce,5674.00,103.00,-114.00,4.446,0.034,-0.128,1.0320,0.1590,-0.0570,284.521180,41.629601,14.387
6381846,K00509.01,Kepler-171 b,CONFIRMED,CANDIDATE,1.0000,0,0,0,0,4.166966280,4.0670000e-06,-4.0670000e-06,169.7155170,7.440000e-04,-7.440000e-04,0.0220,0.3150,-0.0220,2.75350,0.02490,-0.02490,8.7770e+02,1.220e+01,-1.220e+01,2.74,3.400e-01,-2.200e-01,1053.0,,,291.34,97.66,-59.91,80.10,1,q1_q17_dr25_tce,5456.00,81.00,-81.00,4.450,0.072,-0.096,0.9430,0.1150,-0.0770,296.771910,41.755539,14.883
4367854,K02876.02,,FALSE POSITIVE,FALSE POSITIVE,0.0000,1,0,1,0,0.535224793,1.2510000e-06,-1.2510000e-06,131.7362900,2.450000e-03,-2.450000e-03,0.0170,0.4050,-0.0170,3.34020,0.07030,-0.07030,2.2870e+02,6.100e+00,-6.100e+00,1.09,1.000e-01,-1.200e-01,1783.0,,,2385.75,848.13,-680.45,48.80,2,q1_q17_dr25_tce,5044.00,151.00,-136.00,4.551,0.078,-0.048,0.7380,0.0720,-0.0790,292.379030,39.435841,14.937
6381846,K00509.02,Kepler-171 c,CONFIRMED,CANDIDATE,1.0000,0,0,0,0,11.463471650,1.7060000e-05,-1.7060000e-05,137.3852100,1.240000e-03,-1.240000e-03,0.1030,0.3020,-0.1030,2.59900,0.03960,-0.03960,1.0486e+03,2.010e+01,-2.010e+01,3.00,3.700e-01,-2.400e-01,752.0,,,75.57,25.34,-15.54,56.50,2,q1_q17_dr25_tce,5456.00,81.00,-81.00,4.450,0.072,-0.096,0.9430,0.1150,-0.0770,296.771910,41.755539,14.883
6381846,K00509.03,Kepler-171 d,CONFIRMED,CANDIDATE,0.0000,0,0,0,0,39.603400000,2.6900000e-04,-2.6900000e-04,168.0711400,5.320000e-03,-5.320000e-03,0.1660,0.2940,-0.1660,6.48700,0.15000,-0.15000,5.7270e+02,2.310e+01,-2.310e+01,2.22,2.700e-01,-1.800e-01,497.0,,,14.47,4.84,-2.98,25.80,3,q1_q17_dr25_tce,5456.00,81.00,-81.00,4.450,0.072,-0.096,0.9430,0.1150,-0.0770,296.771910,41.755539,14.883
6422155,K00510.01,Kepler-172 b,CONFIRMED,CANDIDATE,1.0000,0,0,0,0,2.940304817,4.7380000e-06,-4.7380000e-06,169.9049600,1.250000e-03,-1.250000e-03,0.8250,0.0030,-0.6200,2.72260,0.03680,-0.03680,4.7240e+02,1.000e+01,-1.000e+01,2.59,3.800e-01,-2.700e-01,1256.0,,,588.66,245.83,-153.26,51.80,1,q1_q17_dr25_tce,5527.00,111.00,-111.00,4.376,0.099,-0.110,1.0540,0.1520,-0.1100,283.368410,41.821861,14.532
6665695,K00561.01,Kepler-601 b,CONFIRMED,CANDIDATE,1.0000,0,0,0,0,5.378868001,7.6900000e-06,-7.6900000e-06,169.6151200,1.180000e-03,-1.180000e-03,0.7580,0.0980,-0.5320,2.72220,0.03960,-0.03960,4.8340e+02,9.100e+00,-9.100e+00,1.86,1.300e-01,-9.000e-02,833.0,,,113.59,26.04,-19.07,60.60,1,q1_q17_dr25_tce,5077.00,101.00,-101.00,4.567,0.032,-0.048,0.7740,0.0510,-0.0390,282.004610,42.176529,14.005
6707833,K00563.01,Kepler-602 b,CONFIRMED,CANDIDATE,1.0000,0,0,0,0,15.284677250,6.4040000e-05,-6.4040000e-05,175.6234500,3.130000e-03,-3.130000e-03,0.7740,0.1300,-0.5440,6.07680,0.09670,-0.09670,3.2130e+02,9.600e+00,-9.600e+00,2.70,4.300e-01,-5.300e-01,852.0,,,124.40,53.02,-48.07,38.10,1,q1_q17_dr25_tce,5763.00,86.00,-78.00,4.181,0.162,-0.108,1.3740,0.2190,-0.2680,296.031980,42.141960,14.519
9785921,K03372.02,,FALSE POSITIVE,FALSE POSITIVE,0.2580,0,1,0,0,73.506021000,2.1170000e-03,-2.1170000e-03,163.5692000,2.470000e-02,-2.470000e-02,0.4730,0.4830,-0.2690,5.73400,0.50000,-0.50000,4.8560e+02,4.860e+01,-4.860e+01,2.37,7.500e-01,-3.000e-01,471.0,,,11.66,11.16,-4.15,11.30,2,q1_q17_dr25_tce,6215.00,194.00,-259.00,4.440,0.065,-0.208,1.0520,0.3320,-0.1330,297.480900,46.589142,15.420
6786037,K00564.01,Kepler-603 b,CONFIRMED,CANDIDATE,1.0000,0,0,0,0,21.053499390,8.9810000e-05,-8.9810000e-05,171.9245700,2.780000e-03,-2.780000e-03,0.0080,0.3930,-0.0080,7.16050,0.08960,-0.08960,4.9660e+02,1.330e+01,-1.330e+01,2.75,4.400e-01,-4.400e-01,731.0,,,67.48,28.41,-22.44,39.10,2,q1_q17_dr25_tce,5751.00,78.00,-78.00,4.254,0.143,-0.104,1.2470,0.2000,-0.2000,294.280980,42.290970,14.854
6786037,K00564.02,Kepler-603 c,CONFIRMED,CANDIDATE,1.0000,0,0,0,0,127.905412000,3.1900000e-04,-3.1900000e-04,246.4640100,1.760000e-03,-1.760000e-03,0.4700,0.0960,-0.2550,14.47500,0.13700,-0.13700,4.0206e+03,2.500e+01,-2.500e+01,8.03,1.290e+00,-1.290e+00,401.0,,,6.09,2.56,-2.03,171.00,1,q1_q17_dr25_tce,5751.00,78.00,-78.00,4.254,0.143,-0.104,1.2470,0.2000,-0.2000,294.280980,42.290970,14.854
6786037,K00564.03,Kepler-603 d,CONFIRMED,CANDIDATE,0.9980,0,0,0,0,6.217160390,1.8990000e-05,-1.8990000e-05,131.7185700,2.570000e-03,-2.570000e-03,0.3330,0.0960,-0.3330,4.42890,0.06410,-0.06410,2.1120e+02,9.200e+00,-9.200e+00,1.81,3.000e-01,-2.900e-01,1098.0,,,343.21,144.51,-114.12,25.00,3,q1_q17_dr25_tce,5751.00,78.00,-78.00,4.254,0.143,-0.104,1.2470,0.2000,-0.2000,294.280980,42.290970,14.854
4247092,K00403.01,,FALSE POSITIVE,FALSE POSITIVE,0.0890,0,1,0,0,21.056475720,1.9760000e-05,-1.9760000e-05,171.1336130,6.980000e-04,-6.980000e-04,0.9380,0.0010,-0.6550,1.23800,0.07320,-0.07320,1.2936e+03,3.320e+01,-3.320e+01,5.05,8.600e-01,-4.300e-01,732.0,,,67.74,31.94,-15.84,52.10,1,q1_q17_dr25_tce,6156.00,110.00,-135.00,4.381,0.054,-0.126,1.1180,0.1910,-0.0950,286.879670,39.378391,14.169
4949751,K00404.01,,FALSE POSITIVE,FALSE POSITIVE,0.0000,0,1,1,0,31.805142780,4.1890000e-05,-4.1890000e-05,186.3890500,1.050000e-03,-1.050000e-03,1.2890,6.1190,-0.1910,7.62130,0.05590,-0.05590,4.6753e+03,3.430e+01,-3.430e+01,34.82,8.750e+00,-2.910e+00,553.0,,,22.05,16.39,-5.46,161.30,1,q1_q17_dr25_tce,5931.00,161.00,-161.00,4.545,0.044,-0.176,0.8630,0.2170,-0.0720,298.044530,40.086361,14.517
10157458,K01083.02,,CANDIDATE,CANDIDATE,0.8190,0,0,0,0,4.577974120,4.2600000e-05,-4.2600000e-05,135.6305800,7.880000e-03,-7.880000e-03,0.3430,0.1080,-0.3430,2.86200,0.21600,-0.21600,1.2540e+02,1.480e+01,-1.480e+01,0.96,2.800e-01,-9.000e-02,1024.0,,,259.36,225.65,-70.29,9.60,2,q1_q17_dr25_tce,5795.00,155.00,-172.00,4.554,0.036,-0.192,0.8480,0.2520,-0.0790,297.393190,47.164631,15.302
5003117,K00405.01,,FALSE POSITIVE,FALSE POSITIVE,0.0000,0,1,0,0,37.609369760,1.4120000e-05,-1.4120000e-05,190.7249910,2.810000e-04,-2.810000e-04,0.6710,0.0040,-0.0050,6.86150,0.01450,-0.01450,2.7591e+04,3.280e+01,-3.280e+01,15.80,4.030e+00,-1.730e+00,508.0,,,15.80,11.92,-4.58,971.10,1,q1_q17_dr25_tce,5600.00,152.00,-152.00,4.483,0.075,-0.162,0.8960,0.2290,-0.0980,289.361360,40.128819,14.026
5035972,K00406.01,,FALSE POSITIVE,FALSE POSITIVE,0.0000,0,1,0,0,49.266785280,2.6950000e-05,-2.6950000e-05,191.1878870,4.290000e-04,-4.290000e-04,8.3640,67.6600,-0.4660,5.56920,0.02190,-0.02190,8.4940e+03,3.280e+01,-3.280e+01,929.36,3.009e+02,-1.293e+02,538.0,,,19.79,18.97,-7.27,309.00,1,q1_q17_dr25_tce,5988.00,169.00,-232.00,4.382,0.087,-0.203,1.1430,0.3700,-0.1590,297.772190,40.155060,14.385
5218441,K00407.01,,FALSE POSITIVE,FALSE POSITIVE,0.0000,0,1,1,0,3.613757526,1.0370000e-06,-1.0370000e-06,171.4225420,2.290000e-04,-2.290000e-04,0.8120,0.0030,-0.0050,5.91280,0.01920,-0.01920,4.8722e+03,9.800e+00,-9.800e+00,7.05,2.050e+00,-7.300e-01,1182.0,,,461.67,398.40,-135.49,591.20,1,q1_q17_dr25_tce,5986.00,168.00,-189.00,4.498,0.065,-0.195,0.9060,0.2640,-0.0940,299.075130,40.358330,14.915
5351250,K00408.01,Kepler-150 c,CONFIRMED,CANDIDATE,1.0000,0,0,0,0,7.381980206,7.1580000e-06,-7.1580000e-06,173.0726590,7.600000e-04,-7.600000e-04,0.0960,0.2830,-0.0960,3.11520,0.02870,-0.02870,1.4338e+03,1.530e+01,-1.530e+01,3.42,4.100e-01,-2.700e-01,876.0,,,138.88,49.66,-29.55,101.60,1,q1_q17_dr25_tce,5559.00,110.00,-110.00,4.470,0.068,-0.102,0.9140,0.1100,-0.0700,288.234100,40.520901,14.985
8043638,K00460.01,Kepler-559 b,CONFIRMED,CANDIDATE,1.0000,0,0,0,0,17.587516920,2.1100000e-05,-2.1100000e-05,176.0773820,9.130000e-04,-9.130000e-04,0.1060,0.2910,-0.1060,4.37730,0.03580,-0.03580,1.3778e+03,1.400e+01,-1.400e+01,4.03,6.800e-01,-6.800e-01,706.0,,,58.60,26.22,-20.18,109.40,1,q1_q17_dr25_tce,5433.00,81.00,-73.00,4.302,0.159,-0.116,1.1070,0.1860,-0.1860,296.636840,43.802792,14.743
8261920,K02174.04,,CANDIDATE,CANDIDATE,0.6900,0,0,0,0,3.016096370,2.7150000e-05,-2.7150000e-05,131.5532700,7.830000e-03,-7.830000e-03,0.7000,0.2700,-0.4820,1.57000,0.25900,-0.25900,1.9630e+02,3.230e+01,-3.230e+01,0.96,4.000e-02,-5.000e-02,795.0,,,94.10,16.25,-15.81,8.10,4,q1_q17_dr25_tce,4245.00,85.00,-85.00,4.641,0.027,-0.020,0.6370,0.0260,-0.0320,300.242220,44.141399,15.673
8621348,K00461.01,,FALSE POSITIVE,FALSE POSITIVE,0.0000,0,1,1,1,11.344368220,3.4650000e-05,-3.4650000e-05,172.8439200,2.490000e-03,-2.490000e-03,1.1830,23.5900,-0.0980,5.55800,0.13300,-0.13300,5.8630e+02,1.330e+01,-1.330e+01,17.21,3.620e+00,-1.280e+00,703.0,,,57.67,37.46,-13.42,52.20,1,q1_q17_dr25_tce,5594.00,169.00,-152.00,4.602,0.034,-0.145,0.7520,0.1580,-0.0560,290.532140,44.775120,14.410
8773869,K00462.01,,FALSE POSITIVE,FALSE POSITIVE,0.0000,0,0,1,0,1.576341127,2.2100000e-06,-2.2100000e-06,170.8814500,1.160000e-03,-1.160000e-03,0.0100,0.3770,-0.0100,3.12320,0.03960,-0.03960,3.3510e+02,4.500e+00,-4.500e+00,2.96,1.530e+00,-1.530e+00,1797.0,,,2460.70,3903.35,-1951.42,88.70,1,q1_q17_dr25_tce,5087.00,151.00,-151.00,3.967,0.609,-0.261,1.6660,0.8610,-0.8610,298.420870,44.950802,14.111
8845205,K00463.01,Kepler-560 b,CONFIRMED,CANDIDATE,0.0010,0,0,0,0,18.477626940,1.5630000e-05,-1.5630000e-05,185.2690610,6.740000e-04,-6.740000e-04,0.7120,0.1540,-0.4880,1.94000,0.04570,-0.04570,2.6046e+03,3.970e+01,-3.970e+01,1.55,3.200e-01,-2.900e-01,267.0,,,1.21,0.72,-0.47,75.70,1,q1_q17_dr25_tce,3395.00,74.00,-67.00,4.970,0.072,-0.065,0.2830,0.0590,-0.0530,300.206090,45.018139,14.708
8890783,K00464.01,Kepler-561 b,CONFIRMED,CANDIDATE,0.9630,0,0,0,0,58.362057910,4.0950000e-05,-4.0950000e-05,196.5554050,4.320000e-04,-4.320000e-04,0.4020,0.0450,-0.3190,6.33630,0.05080,-0.05080,5.3747e+03,2.060e+01,-2.060e+01,7.02,1.950e+00,-7.900e-01,446.0,,,9.33,7.65,-2.79,286.60,1,q1_q17_dr25_tce,5592.00,150.00,-166.00,4.467,0.065,-0.182,0.9530,0.2660,-0.1060,293.747100,45.107220,14.361
8890783,K00464.02,Kepler-561 c,CONFIRMED,CANDIDATE,1.0000,0,0,0,0,5.350156114,4.5420000e-06,-4.5420000e-06,195.7613470,6.260000e-04,-6.260000e-04,0.0080,0.3490,-0.0080,2.26470,0.02150,-0.02150,7.6480e+02,9.900e+00,-9.900e+00,2.60,7.200e-01,-2.900e-01,989.0,,,226.02,185.09,-67.76,87.10,2,q1_q17_dr25_tce,5592.00,150.00,-166.00,4.467,0.065,-0.182,0.9530,0.2660,-0.1060,293.747100,45.107220,14.361
6716545,K02906.03,,CANDIDATE,CANDIDATE,0.8670,0,0,0,0,21.942431600,5.3370000e-04,-5.3370000e-04,143.8807000,2.010000e-02,-2.010000e-02,0.4130,0.0480,-0.4130,7.44700,0.65200,-0.65200,7.2700e+01,7.300e+00,-7.300e+00,1.23,2.300e-01,-2.000e-01,797.0,,,95.46,45.92,-32.65,10.70,2,q1_q17_dr25_tce,6052.00,82.00,-82.00,4.183,0.154,-0.112,1.4240,0.2630,-0.2370,297.944760,42.191879,13.716
6422155,K00510.02,Kepler-172 c,CONFIRMED,CANDIDATE,1.0000,0,0,0,0,6.388996580,1.3970000e-05,-1.3970000e-05,175.4761000,1.720000e-03,-1.720000e-03,0.8760,0.0060,-0.6280,3.50320,0.04780,-0.04780,5.4330e+02,1.270e+01,-1.270e+01,2.89,4.200e-01,-3.000e-01,970.0,,,209.17,87.35,-54.46,45.80,2,q1_q17_dr25_tce,5527.00,111.00,-111.00,4.376,0.099,-0.110,1.0540,0.1520,-0.1100,283.368410,41.821861,14.532
6422155,K00510.03,Kepler-172 d,CONFIRMED,CANDIDATE,0.9320,0,0,0,0,14.627096850,6.5530000e-05,-6.5530000e-05,136.2346700,3.580000e-03,-3.580000e-03,0.9450,0.0170,-0.7190,4.09700,0.10700,-0.10700,3.9640e+02,1.820e+01,-1.820e+01,2.70,3.900e-01,-2.800e-01,736.0,,,69.31,28.94,-18.05,22.70,3,q1_q17_dr25_tce,5527.00,111.00,-111.00,4.376,0.099,-0.110,1.0540,0.1520,-0.1100,283.368410,41.821861,14.532
6422155,K00510.04,Kepler-172 e,CONFIRMED,CANDIDATE,0.9980,0,0,0,0,35.118443200,2.1680000e-04,-2.1680000e-04,152.1228200,4.470000e-03,-4.470000e-03,0.9580,0.0450,-0.6930,4.59000,0.23700,-0.23700,5.4240e+02,2.760e+01,-2.760e+01,3.26,4.700e-01,-3.400e-01,550.0,,,21.57,9.01,-5.62,20.40,4,q1_q17_dr25_tce,5527.00,111.00,-111.00,4.376,0.099,-0.110,1.0540,0.1520,-0.1100,283.368410,41.821861,14.532
6451936,K00511.01,Kepler-173 c,CONFIRMED,CANDIDATE,1.0000,0,0,0,0,8.005790960,1.1230000e-05,-1.1230000e-05,170.5032500,1.180000e-03,-1.180000e-03,0.0920,0.3290,-0.0920,3.05490,0.04210,-0.04210,6.2970e+02,1.020e+01,-1.020e+01,2.36,5.500e-01,-4.200e-01,956.0,,,197.06,137.49,-78.75,69.20,1,q1_q17_dr25_tce,6032.00,163.00,-181.00,4.395,0.165,-0.182,0.9350,0.2200,-0.1650,294.646700,41.884109,14.209
6451936,K00511.02,Kepler-173 b,CONFIRMED,CANDIDATE,1.0000,0,0,0,0,4.263743780,1.6960000e-05,-1.6960000e-05,133.7207300,3.070000e-03,-3.070000e-03,0.3680,0.0890,-0.3680,2.27250,0.08410,-0.08410,1.8200e+02,8.700e+00,-8.700e+00,1.28,3.000e-01,-2.200e-01,1179.0,,,457.15,318.96,-182.68,23.80,2,q1_q17_dr25_tce,6032.00,163.00,-181.00,4.395,0.165,-0.182,0.9350,0.2200,-0.1650,294.646700,41.884109,14.209
1723078,K07624.01,,CANDIDATE,CANDIDATE,0.2460,0,0,0,0,330.025002000,7.3520000e-03,-7.3520000e-03,364.8075000,1.180000e-02,-1.180000e-02,0.6800,0.2760,-0.4570,6.65900,0.60400,-0.60400,2.5920e+02,2.830e+01,-2.830e+01,5.92,7.900e-01,-2.390e+00,478.0,,,12.36,5.55,-8.42,12.20,1,q1_q17_dr25_tce,6126.00,185.00,-167.00,3.578,0.345,-0.115,3.4660,0.4660,-1.3990,291.868010,37.269878,12.668
8056665,K00089.01,Kepler-462 b,CONFIRMED,CANDIDATE,0.8810,0,0,0,0,84.687752400,1.7780000e-04,-1.7780000e-04,150.5708400,1.720000e-03,-1.720000e-03,0.0170,0.3030,-0.0170,10.02480,0.05200,-0.05200,3.4770e+02,4.100e+00,-4.100e+00,3.37,5.800e-01,-7.800e-01,611.0,,,32.96,15.80,-15.16,95.10,1,q1_q17_dr25_tce,6688.00,120.00,-147.00,4.062,0.174,-0.116,1.7900,0.3110,-0.4150,299.821170,43.814270,11.642
7025846,K00565.01,,FALSE POSITIVE,FALSE POSITIVE,0.0000,0,0,1,1,2.340523247,8.6030000e-06,-8.6030000e-06,170.1975400,2.600000e-03,-2.600000e-03,0.7250,0.0090,-0.5230,3.15600,0.10300,-0.10300,1.7540e+02,5.600e+00,-5.600e+00,1.40,3.500e-01,-2.100e-01,1456.0,,,1063.80,799.05,-381.17,37.20,1,q1_q17_dr25_tce,6056.00,163.00,-181.00,4.397,0.139,-0.186,0.9810,0.2500,-0.1460,289.358550,42.526192,14.300
7119481,K00566.01,Kepler-604 b,CONFIRMED,CANDIDATE,0.9930,0,0,0,0,25.854999780,8.5450000e-05,-8.5450000e-05,192.5748400,2.780000e-03,-2.780000e-03,0.2650,0.1680,-0.2650,3.87370,0.08570,-0.08570,6.1050e+02,2.080e+01,-2.080e+01,2.40,7.500e-01,-2.500e-01,637.0,,,38.81,36.45,-11.58,31.70,1,q1_q17_dr25_tce,6122.00,182.00,-200.00,4.487,0.054,-0.216,0.9640,0.3020,-0.1010,292.316010,42.626251,14.718
7445445,K00567.01,Kepler-184 b,CONFIRMED,CANDIDATE,1.0000,0,0,0,0,10.687582110,1.4130000e-05,-1.4130000e-05,169.9311500,1.040000e-03,-1.040000e-03,0.8180,0.0180,-0.5610,3.38120,0.04150,-0.04150,7.7770e+02,1.080e+01,-1.080e+01,2.64,6.900e-01,-2.900e-01,780.0,,,87.41,66.99,-25.58,78.90,1,q1_q17_dr25_tce,5788.00,155.00,-155.00,4.524,0.060,-0.180,0.8480,0.2210,-0.0950,291.951900,43.074711,14.338
7445445,K00567.02,Kepler-184 c,CONFIRMED,CANDIDATE,1.0000,0,0,0,0,20.303035060,5.9950000e-05,-5.9950000e-05,176.8028000,2.230000e-03,-2.230000e-03,0.7930,0.1320,-0.5740,4.50380,0.06950,-0.06950,5.3340e+02,1.280e+01,-1.280e+01,2.16,5.600e-01,-2.400e-01,630.0,,,37.12,28.44,-10.87,44.70,2,q1_q17_dr25_tce,5788.00,155.00,-155.00,4.524,0.060,-0.180,0.8480,0.2210,-0.0950,291.951900,43.074711,14.338
8397947,K04772.03,,FALSE POSITIVE,FALSE POSITIVE,0.1860,0,0,1,0,39.093087500,8.8340000e-04,-8.8340000e-04,147.6774000,2.030000e-02,-2.030000e-02,0.8620,0.1060,-0.6580,5.68700,0.46100,-0.46100,4.7630e+02,4.900e+01,-4.900e+01,2.99,5.000e-01,-3.100e-01,602.0,,,31.11,13.47,-7.55,10.10,2,q1_q17_dr25_tce,6072.00,78.00,-91.00,4.343,0.076,-0.114,1.1930,0.1990,-0.1230,301.578550,44.312180,15.514
5351250,K00408.02,Kepler-150 d,CONFIRMED,CANDIDATE,1.0000,0,0,0,0,12.560966180,2.6530000e-05,-2.6530000e-05,166.7948300,1.650000e-03,-1.650000e-03,0.0220,0.4370,-0.0220,3.76470,0.06080,-0.06080,9.2310e+02,1.810e+01,-1.810e+01,2.74,3.300e-01,-2.100e-01,734.0,,,68.49,24.49,-14.58,55.10,2,q1_q17_dr25_tce,5559.00,110.00,-110.00,4.470,0.068,-0.102,0.9140,0.1100,-0.0700,288.234100,40.520901,14.985
5351250,K00408.03,Kepler-150 e,CONFIRMED,CANDIDATE,1.0000,0,0,0,0,30.826104300,2.0790000e-04,-2.0790000e-04,153.0150300,5.520000e-03,-5.520000e-03,0.9430,0.0030,-0.6540,5.91400,0.26200,-0.26200,7.4220e+02,2.520e+01,-2.520e+01,3.18,3.800e-01,-2.400e-01,544.0,,,20.68,7.40,-4.40,32.30,3,q1_q17_dr25_tce,5559.00,110.00,-110.00,4.470,0.068,-0.102,0.9140,0.1100,-0.0700,288.234100,40.520901,14.985
6850504,K00070.02,Kepler-20 b,CONFIRMED,CANDIDATE,1.0000,0,0,0,0,3.696121272,2.3940000e-06,-2.3940000e-06,134.5014000,5.400000e-04,-5.400000e-04,0.0160,0.3710,-0.0160,2.46300,0.01810,-0.01810,3.8340e+02,3.300e+00,-3.300e+00,1.78,1.900e-01,-1.600e-01,1095.0,,,340.33,112.79,-80.17,130.00,2,q1_q17_dr25_tce,5465.00,109.00,-109.00,4.449,0.085,-0.085,0.9250,0.1010,-0.0830,287.698000,42.338718,12.498
5351250,K00408.04,Kepler-150 b,CONFIRMED,CANDIDATE,1.0000,0,0,0,0,3.428063060,1.9900000e-05,-1.9900000e-05,132.3626800,5.340000e-03,-5.340000e-03,0.0820,0.3770,-0.0820,2.41700,0.14400,-0.14400,1.7840e+02,1.260e+01,-1.260e+01,1.21,1.400e-01,-1.000e-01,1131.0,,,386.14,138.06,-82.18,16.60,4,q1_q17_dr25_tce,5559.00,110.00,-110.00,4.470,0.068,-0.102,0.9140,0.1100,-0.0700,288.234100,40.520901,14.985
5444548,K00409.01,Kepler-545 b,CONFIRMED,CANDIDATE,1.0000,0,0,0,0,13.249318480,1.8720000e-05,-1.8720000e-05,179.5217100,1.120000e-03,-1.120000e-03,0.6200,0.0330,-0.4460,4.48590,0.04380,-0.04380,6.4760e+02,8.400e+00,-8.400e+00,2.86,4.300e-01,-3.400e-01,806.0,,,99.54,41.19,-28.54,87.80,1,q1_q17_dr25_tce,5799.00,104.00,-116.00,4.361,0.110,-0.110,1.0780,0.1590,-0.1300,290.566310,40.692039,14.150
10187017,K00082.06,,FALSE POSITIVE,FALSE POSITIVE,1.0000,0,0,1,0,22.409867700,1.6510000e-04,-1.6510000e-04,147.3836600,6.460000e-03,-6.460000e-03,0.8690,0.0770,-0.6110,2.27100,0.20300,-0.20300,6.9800e+01,6.700e+00,-6.700e+00,0.73,5.000e-02,-3.000e-02,489.0,,,13.55,3.08,-2.04,11.90,6,q1_q17_dr25_tce,4900.00,98.00,-98.00,4.602,0.017,-0.049,0.7410,0.0480,-0.0300,281.482730,47.208031,11.492
8891318,K00465.01,,FALSE POSITIVE,FALSE POSITIVE,,0,0,1,0,363.706662000,2.7870000e-03,-2.7870000e-03,204.0206900,3.330000e-03,-3.330000e-03,0.9315,0.0130,-0.0165,8.55300,0.31900,-0.31900,1.6246e+03,4.800e+01,-4.800e+01,5.26,2.450e+00,-6.000e-01,283.0,,,1.51,2.14,-0.49,43.70,,,6240.00,182.00,-239.00,4.397,0.076,-0.295,1.0640,0.4970,-0.1210,293.928500,45.142509,14.188
9008220,K00466.01,,CANDIDATE,CANDIDATE,0.0000,0,0,0,0,9.391039263,5.7260000e-06,-5.7260000e-06,170.5397990,4.980000e-04,-4.980000e-04,0.9640,0.0330,-0.0180,2.83860,0.04260,-0.04260,2.8956e+03,2.930e+01,-2.930e+01,11.73,1.920e+00,-2.330e+00,1068.0,,,308.13,131.15,-120.70,141.00,1,q1_q17_dr25_tce,5944.00,79.00,-79.00,4.132,0.182,-0.098,1.4980,0.2440,-0.2980,286.151980,45.332561,14.663
9583881,K00467.01,Kepler-562 b,CONFIRMED,CANDIDATE,1.0000,0,0,0,0,18.009322140,1.0140000e-05,-1.0140000e-05,182.4410150,4.490000e-04,-4.490000e-04,0.5500,0.0810,-0.2470,4.96110,0.05020,-0.05020,3.0044e+03,1.480e+01,-1.480e+01,4.96,1.570e+00,-3.900e-01,658.0,,,44.29,40.55,-10.66,245.20,1,q1_q17_dr25_tce,5815.00,146.00,-160.00,4.540,0.037,-0.213,0.8770,0.2780,-0.0690,290.119630,46.273811,14.794
9589524,K00468.01,Kepler-563 b,CONFIRMED,CANDIDATE,1.0000,0,0,0,0,22.184318240,2.5690000e-05,-2.5690000e-05,174.5973250,9.070000e-04,-9.070000e-04,0.0320,0.3480,-0.0320,3.03970,0.03220,-0.03220,1.5930e+03,2.120e+01,-2.120e+01,3.18,3.400e-01,-3.700e-01,546.0,,,21.06,7.86,-6.51,87.60,1,q1_q17_dr25_tce,5157.00,153.00,-153.00,4.500,0.093,-0.076,0.8180,0.0860,-0.0960,292.446260,46.289768,14.767
9955262,K00076.01,,CANDIDATE,CANDIDATE,0.0000,0,0,0,0,77.479470400,2.4560000e-04,-2.4560000e-04,154.7073400,2.300000e-03,-2.300000e-03,0.0190,0.3450,-0.0190,10.11510,0.08440,-0.08440,1.2370e+03,2.010e+01,-2.010e+01,10.33,1.800e+00,-3.350e+00,778.0,,,86.59,43.85,-51.56,72.60,1,q1_q17_dr25_tce,6711.00,149.00,-199.00,3.730,0.277,-0.092,2.9090,0.5080,-0.9440,293.541990,46.822140,10.143
8019043,K06048.02,,FALSE POSITIVE,FALSE POSITIVE,0.0000,0,1,1,0,0.804895370,,,132.0521644,,,,,,0.92000,,,,,,,,,,,,,,,,3,q1_q17_dr25_tce,,,,,,,,,,288.087490,43.876141,11.427
11775507,K06245.03,,FALSE POSITIVE,FALSE POSITIVE,0.1740,1,0,0,0,276.323601460,,,162.1955353,,,0.7060,,,9.89640,,,8.1300e+01,,,1.21,3.500e-01,-2.300e-01,352.0,,,3.63,3.08,-1.60,4.60,4,q1_q17_dr25_tce,6528.00,183.00,-252.00,4.257,0.153,-0.170,1.2600,0.3620,-0.2410,297.517820,49.917702,12.431
10187017,K00082.05,Kepler-102 b,CONFIRMED,CANDIDATE,1.0000,0,0,0,0,5.286919960,2.9470000e-05,-2.9470000e-05,135.8542700,4.520000e-03,-4.520000e-03,0.7050,0.2300,-0.4940,2.57900,0.13600,-0.13600,4.1500e+01,2.900e+00,-2.900e+00,0.51,3.000e-02,-2.000e-02,792.0,,,92.97,21.13,-14.02,15.80,5,q1_q17_dr25_tce,4900.00,98.00,-98.00,4.602,0.017,-0.049,0.7410,0.0480,-0.0300,281.482730,47.208031,11.492
6838050,K00512.01,Kepler-583 b,CONFIRMED,CANDIDATE,1.0000,0,0,0,0,6.510030010,1.3190000e-05,-1.3190000e-05,172.9158800,1.540000e-03,-1.540000e-03,0.0230,0.4190,-0.0230,3.30950,0.05160,-0.05160,6.0280e+02,1.400e+01,-1.400e+01,2.78,7.500e-01,-5.000e-01,1017.0,,,253.24,200.88,-102.53,48.10,1,q1_q17_dr25_tce,5638.00,154.00,-171.00,4.327,0.149,-0.182,1.1530,0.3100,-0.2070,282.111330,42.354500,14.825
6937692,K00513.01,Kepler-584 b,CONFIRMED,CANDIDATE,0.9960,0,0,0,0,35.181057230,9.8070000e-05,-9.8070000e-05,170.0996900,2.250000e-03,-2.250000e-03,0.7720,0.1240,-0.4950,7.54500,0.13500,-0.13500,9.8770e+02,1.810e+01,-1.810e+01,4.17,1.240e+00,-5.400e-01,664.0,,,45.89,39.24,-16.00,63.10,1,q1_q17_dr25_tce,6520.00,157.00,-246.00,4.375,0.065,-0.195,1.2150,0.3630,-0.1560,288.230590,42.413620,14.856
7602070,K00514.01,,FALSE POSITIVE,FALSE POSITIVE,0.0000,0,1,1,0,11.755600120,3.5040000e-05,-3.5040000e-05,176.0751900,2.570000e-03,-2.570000e-03,1.2280,34.5900,-0.1380,4.70000,0.12400,-0.12400,6.4880e+02,1.670e+01,-1.670e+01,22.39,4.690e+00,-1.890e+00,716.0,,,62.19,39.02,-15.45,46.30,1,q1_q17_dr25_tce,5644.00,152.00,-152.00,4.575,0.036,-0.144,0.8060,0.1690,-0.0680,290.028720,43.261089,14.356
7812179,K00515.01,,FALSE POSITIVE,FALSE POSITIVE,0.0000,0,1,1,1,17.794219140,2.1670000e-05,-2.1670000e-05,169.6052140,9.570000e-04,-9.570000e-04,1.2420,23.4400,-0.1300,4.19180,0.04530,-0.04530,1.5494e+03,1.600e+01,-1.600e+01,25.27,5.490e+00,-2.200e+00,606.0,,,31.94,20.68,-8.06,111.50,1,q1_q17_dr25_tce,5485.00,147.00,-147.00,4.574,0.034,-0.144,0.8050,0.1750,-0.0700,288.025090,43.544579,14.427
1868404,K07625.01,,FALSE POSITIVE,FALSE POSITIVE,0.3840,1,0,0,0,6.126011690,8.9210000e-05,-8.9210000e-05,134.8363700,9.450000e-03,-9.450000e-03,0.4220,0.0450,-0.4220,1.73300,0.45100,-0.45100,4.0200e+01,8.500e+00,-8.500e+00,0.83,2.600e-01,-2.700e-01,1141.0,,,400.49,374.61,-234.15,7.00,1,q1_q17_dr25_tce,5679.00,152.00,-152.00,4.146,0.364,-0.196,1.2860,0.4110,-0.4110,291.484250,37.397282,12.975
7445445,K00567.03,Kepler-184 d,CONFIRMED,CANDIDATE,1.0000,0,0,0,0,29.022352170,8.6270000e-05,-8.6270000e-05,198.3702500,2.420000e-03,-2.420000e-03,0.9020,0.0080,-0.6670,4.02630,0.08700,-0.08700,6.3760e+02,1.660e+01,-1.660e+01,2.55,6.600e-01,-2.900e-01,559.0,,,23.06,17.66,-6.75,41.40,3,q1_q17_dr25_tce,5788.00,155.00,-155.00,4.524,0.060,-0.180,0.8480,0.2210,-0.0950,291.951900,43.074711,14.338
7595157,K00568.01,Kepler-605 b,CONFIRMED,CANDIDATE,1.0000,0,0,0,0,3.383540239,5.3520000e-06,-5.3520000e-06,169.6385900,1.270000e-03,-1.270000e-03,0.6300,0.2530,-0.4090,1.40300,0.04600,-0.04600,2.5570e+02,8.500e+00,-8.500e+00,1.65,2.100e-01,-2.100e-01,1133.0,,,389.19,137.24,-107.35,36.20,1,q1_q17_dr25_tce,5300.00,87.00,-71.00,4.385,0.132,-0.088,0.9860,0.1240,-0.1240,287.295440,43.279869,14.140
7595157,K00568.02,Kepler-605 c,CONFIRMED,CANDIDATE,0.9890,0,0,0,0,2.358952404,8.7830000e-06,-8.7830000e-06,132.6895700,3.170000e-03,-3.170000e-03,0.3850,0.0550,-0.3850,1.59300,0.11500,-0.11500,9.4100e+01,6.500e+00,-6.500e+00,0.96,1.200e-01,-1.200e-01,1278.0,,,630.43,222.30,-173.90,17.30,2,q1_q17_dr25_tce,5300.00,87.00,-71.00,4.385,0.132,-0.088,0.9860,0.1240,-0.1240,287.295440,43.279869,14.140
8008206,K00569.01,Kepler-185 c,CONFIRMED,CANDIDATE,1.0000,0,0,0,0,20.729042340,6.3010000e-05,-6.3010000e-05,185.4311300,2.400000e-03,-2.400000e-03,0.5590,0.0700,-0.4460,2.80660,0.07560,-0.07560,5.6170e+02,1.900e+01,-1.900e+01,1.94,9.000e-02,-9.000e-02,530.0,,,18.68,3.14,-2.84,31.60,1,q1_q17_dr25_tce,4979.00,82.00,-74.00,4.538,0.049,-0.036,0.8030,0.0370,-0.0410,282.468110,43.889912,14.458
8008206,K00569.02,Kepler-185 b,CONFIRMED,CANDIDATE,1.0000,0,0,0,0,1.632916419,3.2980000e-06,-3.2980000e-06,134.5495600,1.660000e-03,-1.660000e-03,0.1360,0.3220,-0.1360,1.55990,0.05780,-0.05780,2.0920e+02,8.000e+00,-8.000e+00,1.13,5.000e-02,-6.000e-02,1237.0,,,554.07,93.18,-84.14,31.00,2,q1_q17_dr25_tce,4979.00,82.00,-74.00,4.538,0.049,-0.036,0.8030,0.0370,-0.0410,282.468110,43.889912,14.458
7906892,K04773.02,,CANDIDATE,CANDIDATE,0.9890,0,0,0,0,11.143808600,2.9300000e-04,-2.9300000e-04,131.7250000,2.010000e-02,-2.010000e-02,0.6290,0.0410,-0.4770,7.90500,0.70500,-0.70500,4.1700e+01,4.600e+00,-4.600e+00,0.75,1.200e-01,-8.000e-02,906.0,,,159.10,72.79,-43.07,10.90,1,q1_q17_dr25_tce,6095.00,122.00,-134.00,4.349,0.099,-0.121,1.1100,0.1780,-0.1190,296.843200,43.697441,13.556
5449777,K00410.01,,FALSE POSITIVE,FALSE POSITIVE,0.0000,0,1,0,0,7.216951388,1.4110000e-06,-1.4110000e-06,176.2830240,1.550000e-04,-1.550000e-04,1.2830,0.5440,-0.1550,1.89082,0.00907,-0.00907,4.2845e+03,1.700e+01,-1.700e+01,41.57,1.189e+01,-6.410e+00,1055.0,,,292.70,245.73,-109.71,312.20,1,q1_q17_dr25_tce,6266.00,169.00,-207.00,4.380,0.105,-0.195,1.0560,0.3020,-0.1630,292.248020,40.696049,14.454
5478055,K00411.01,,FALSE POSITIVE,FALSE POSITIVE,0.0000,0,0,1,1,15.852386720,6.5330000e-05,-6.5330000e-05,174.2265400,3.390000e-03,-3.390000e-03,1.2620,66.8800,-0.4300,5.17900,0.16400,-0.16400,9.2850e+02,2.940e+01,-2.940e+01,32.21,9.100e+00,-6.640e+00,775.0,,,85.35,72.67,-37.71,36.50,1,q1_q17_dr25_tce,5903.00,177.00,-177.00,4.322,0.236,-0.215,1.0050,0.2840,-0.2070,299.008670,40.662231,14.508
5683743,K00412.01,Kepler-546 b,CONFIRMED,CANDIDATE,0.9220,0,0,0,0,4.147021189,8.9300000e-07,-8.9300000e-07,170.3258350,1.710000e-04,-1.710000e-04,0.2550,0.0380,-0.2550,2.89970,0.01330,-0.01330,3.6807e+03,1.060e+01,-1.060e+01,7.31,1.990e+00,-1.620e+00,1258.0,,,590.84,472.23,-274.89,421.20,1,q1_q17_dr25_tce,5818.00,158.00,-176.00,4.266,0.190,-0.171,1.2050,0.3270,-0.2680,283.257600,40.990501,14.288
5791986,K00413.01,Kepler-151 b,CONFIRMED,CANDIDATE,1.0000,0,0,0,0,15.228955140,2.0920000e-05,-2.0920000e-05,176.5600100,1.100000e-03,-1.100000e-03,0.7770,0.0860,-0.5480,2.59670,0.04140,-0.04140,1.1248e+03,1.990e+01,-1.990e+01,3.00,6.400e-01,-2.800e-01,639.0,,,39.40,26.14,-10.67,63.80,1,q1_q17_dr25_tce,5456.00,164.00,-164.00,4.562,0.045,-0.135,0.8120,0.1750,-0.0750,292.162780,41.023239,14.769
5791986,K00413.02,Kepler-151 c,CONFIRMED,CANDIDATE,1.0000,0,0,0,0,24.674582440,8.1450000e-05,-8.1450000e-05,146.7726100,2.510000e-03,-2.510000e-03,0.8170,0.0960,-0.5650,3.26480,0.08280,-0.08280,6.5060e+02,2.220e+01,-2.220e+01,2.33,5.000e-01,-2.200e-01,544.0,,,20.71,13.74,-5.61,31.90,2,q1_q17_dr25_tce,5456.00,164.00,-164.00,4.562,0.045,-0.135,0.8120,0.1750,-0.0750,292.162780,41.023239,14.769
8320630,K04846.02,,CANDIDATE,CANDIDATE,0.8620,0,0,0,0,32.526674000,9.0350000e-04,-9.0350000e-04,137.3054000,2.650000e-02,-2.650000e-02,0.4720,0.0010,-0.4720,6.84200,0.65300,-0.65300,2.0490e+02,2.500e+01,-2.500e+01,1.26,3.400e-01,-1.100e-01,525.0,,,17.91,14.51,-4.92,9.70,1,q1_q17_dr25_tce,5668.00,169.00,-186.00,4.545,0.033,-0.187,0.8680,0.2330,-0.0780,298.282140,44.272060,15.230
9703198,K00469.01,,CANDIDATE,CANDIDATE,1.0000,0,0,0,0,10.329065630,4.5820000e-06,-4.5820000e-06,174.6082130,3.490000e-04,-3.490000e-04,0.9230,0.0290,-0.2080,1.44000,0.10800,-0.10800,2.3098e+03,3.770e+01,-3.770e+01,6.17,1.840e+00,-6.600e-01,908.0,,,160.44,140.41,-48.47,114.80,1,q1_q17_dr25_tce,6228.00,168.00,-205.00,4.441,0.065,-0.195,1.0490,0.3130,-0.1120,288.637850,46.421471,14.711
9844088,K00470.01,Kepler-564 b,CONFIRMED,CANDIDATE,1.0000,0,0,0,0,3.750832927,1.2160000e-06,-1.2160000e-06,171.1516960,2.470000e-04,-2.470000e-04,0.0010,0.3090,-0.0010,1.94570,0.01240,-0.01240,2.3979e+03,1.350e+01,-1.350e+01,4.61,1.330e+00,-4.200e-01,1129.0,,,383.77,324.97,-102.89,212.50,1,q1_q17_dr25_tce,5776.00,156.00,-174.00,4.512,0.036,-0.204,0.9500,0.2740,-0.0860,296.838380,46.626400,14.749
10019643,K00471.01,Kepler-163 c,CONFIRMED,CANDIDATE,1.0000,0,0,0,0,21.347366120,4.7780000e-05,-4.7780000e-05,171.7353100,1.920000e-03,-1.920000e-03,0.8850,0.0330,-0.6010,4.18400,0.08670,-0.08670,6.3050e+02,1.280e+01,-1.280e+01,3.20,5.400e-01,-5.400e-01,648.0,,,41.65,18.62,-14.33,53.10,1,q1_q17_dr25_tce,5395.00,80.00,-72.00,4.324,0.154,-0.112,1.0710,0.1800,-0.1800,295.002810,46.987331,14.415
10019643,K00471.02,Kepler-163 b,CONFIRMED,CANDIDATE,0.9980,0,0,0,0,7.811009520,4.7640000e-05,-4.7640000e-05,132.3056600,4.770000e-03,-4.770000e-03,0.8160,0.1550,-0.5830,3.23100,0.14700,-0.14700,1.2670e+02,9.100e+00,-9.100e+00,1.36,2.200e-01,-2.300e-01,906.0,,,159.24,71.21,-54.79,15.80,2,q1_q17_dr25_tce,5395.00,80.00,-72.00,4.324,0.154,-0.112,1.0710,0.1800,-0.1800,295.002810,46.987331,14.415
10123064,K00472.01,Kepler-565 b,CONFIRMED,CANDIDATE,1.0000,0,0,0,0,4.243748097,3.0560000e-06,-3.0560000e-06,173.5630740,5.800000e-04,-5.800000e-04,0.0320,0.3190,-0.0320,3.36030,0.02340,-0.02340,1.4097e+03,1.180e+01,-1.180e+01,3.16,9.300e-01,-3.100e-01,1063.0,,,301.46,260.03,-81.76,139.80,1,q1_q17_dr25_tce,5873.00,158.00,-158.00,4.554,0.036,-0.204,0.8430,0.2480,-0.0830,283.617950,47.196678,15.000
5653126,K06612.02,,FALSE POSITIVE,FALSE POSITIVE,0.0000,0,0,0,1,2.404483552,,,133.1709740,,,1.0000,,,0.29610,,,8.0000e-01,,,0.48,1.000e-01,-2.400e-01,2078.0,,,4402.44,2914.30,-3407.61,0.00,3,q1_q17_dr25_tce,6050.00,192.00,-192.00,3.823,0.496,-0.124,2.3450,0.4950,-1.1560,299.702000,40.896271,13.173
7840044,K00516.01,,FALSE POSITIVE,FALSE POSITIVE,0.0000,0,1,1,1,13.542041160,6.3500000e-05,-6.3500000e-05,171.0976700,3.940000e-03,-3.940000e-03,0.7220,0.2330,-0.4790,3.33400,0.13500,-0.13500,3.3870e+02,1.510e+01,-1.510e+01,2.01,5.600e-01,-3.100e-01,794.0,,,93.98,77.52,-33.98,26.40,1,q1_q17_dr25_tce,5891.00,159.00,-177.00,4.395,0.108,-0.186,1.0150,0.2850,-0.1530,297.279110,43.567871,14.530
8015907,K00517.01,Kepler-585 b,CONFIRMED,CANDIDATE,1.0000,0,0,0,0,2.752359689,1.7380000e-06,-1.7380000e-06,171.2598080,5.010000e-04,-5.010000e-04,0.4360,0.0030,-0.4350,2.07220,0.02110,-0.02110,7.9190e+02,8.000e+00,-8.000e+00,2.54,2.900e-01,-1.300e-01,1178.0,,,455.43,140.28,-70.49,115.70,1,q1_q17_dr25_tce,5461.00,73.00,-82.00,4.499,0.042,-0.098,0.8970,0.1020,-0.0470,286.528500,43.873402,14.034
8017703,K00518.01,Kepler-174 b,CONFIRMED,CANDIDATE,1.0000,0,0,0,0,13.981778620,1.4780000e-05,-1.4780000e-05,181.9751140,8.390000e-04,-8.390000e-04,0.4440,0.3980,-0.2580,2.95800,0.03030,-0.03030,1.0184e+03,1.190e+01,-1.190e+01,2.09,9.000e-02,-1.200e-01,553.0,,,22.10,4.00,-3.90,95.60,1,q1_q17_dr25_tce,4859.00,97.00,-97.00,4.615,0.049,-0.021,0.6510,0.0290,-0.0360,287.439180,43.832088,14.287
8017703,K00518.02,Kepler-174 c,CONFIRMED,CANDIDATE,1.0000,0,0,0,0,44.000397500,1.5050000e-04,-1.5050000e-04,210.7622200,2.710000e-03,-2.710000e-03,0.0320,0.3730,-0.0320,5.11150,0.07760,-0.07760,5.9960e+02,1.480e+01,-1.480e+01,1.56,7.000e-02,-9.000e-02,377.0,,,4.79,0.87,-0.84,43.30,3,q1_q17_dr25_tce,4859.00,97.00,-97.00,4.615,0.049,-0.021,0.6510,0.0290,-0.0360,287.439180,43.832088,14.287
8017703,K00518.03,Kepler-174 d,CONFIRMED,CANDIDATE,0.9960,0,0,0,0,247.354914000,1.3910000e-03,-1.3910000e-03,364.1583200,3.340000e-03,-3.340000e-03,0.0440,0.4640,-0.0440,8.67700,0.15700,-0.15700,1.2918e+03,2.690e+01,-2.690e+01,2.29,1.000e-01,-1.300e-01,212.0,,,0.48,0.09,-0.09,49.00,2,q1_q17_dr25_tce,4859.00,97.00,-97.00,4.615,0.049,-0.021,0.6510,0.0290,-0.0360,287.439180,43.832088,14.287
1995712,K07626.01,,FALSE POSITIVE,FALSE POSITIVE,0.0000,1,0,0,0,462.120690000,2.0050000e-02,-2.0050000e-02,307.6255000,2.650000e-02,-2.650000e-02,0.0020,0.4620,-0.0020,10.42000,1.50000,-1.50000,6.3370e+02,8.120e+01,-8.120e+01,2.46,6.800e-01,-3.700e-01,249.0,,,0.91,0.75,-0.33,9.90,1,q1_q17_dr25_tce,6079.00,163.00,-200.00,4.411,0.120,-0.180,0.9740,0.2710,-0.1460,286.210480,37.465591,14.936
8106610,K00570.01,,FALSE POSITIVE,FALSE POSITIVE,0.0000,0,1,1,0,12.398940050,3.3440000e-05,-3.3440000e-05,172.7818400,2.120000e-03,-2.120000e-03,0.9750,0.1010,-0.0180,4.26200,0.13400,-0.13400,7.0290e+02,1.930e+01,-1.930e+01,4.06,1.420e+00,-4.800e-01,890.0,,,148.37,154.30,-48.23,50.70,1,q1_q17_dr25_tce,6355.00,179.00,-224.00,4.410,0.070,-0.210,1.1080,0.3890,-0.1300,294.908510,43.986568,14.755
8056665,K00089.02,Kepler-462 c,CONFIRMED,CANDIDATE,0.9970,0,0,0,0,207.582930600,5.7370000e-04,-5.7370000e-04,289.8831100,2.040000e-03,-2.040000e-03,0.8400,0.0310,-0.5720,7.06860,0.08660,-0.08660,5.0510e+02,7.600e+00,-7.600e+00,4.52,7.900e-01,-1.040e+00,453.0,,,9.97,4.79,-4.58,70.00,2,q1_q17_dr25_tce,6688.00,120.00,-147.00,4.062,0.174,-0.116,1.7900,0.3110,-0.4150,299.821170,43.814270,11.642
8120608,K00571.01,Kepler-186 c,CONFIRMED,CANDIDATE,1.0000,0,0,0,0,7.267310940,1.1330000e-05,-1.1330000e-05,174.3129200,1.260000e-03,-1.260000e-03,0.0430,0.3510,-0.0430,2.26910,0.04340,-0.04340,6.5910e+02,1.540e+01,-1.540e+01,1.14,1.100e-01,-1.300e-01,464.0,,,10.93,3.13,-3.19,47.80,1,q1_q17_dr25_tce,3751.00,75.00,-84.00,4.800,0.065,-0.035,0.4430,0.0400,-0.0530,298.652710,43.955021,14.625
8120608,K00571.02,Kepler-186 d,CONFIRMED,CANDIDATE,1.0000,0,0,0,0,13.343002500,2.5700000e-05,-2.5700000e-05,176.9038700,1.460000e-03,-1.460000e-03,0.5170,0.3690,-0.3000,2.73990,0.05820,-0.05820,7.9970e+02,1.890e+01,-1.890e+01,1.29,1.200e-01,-1.600e-01,379.0,,,4.87,1.40,-1.42,47.10,2,q1_q17_dr25_tce,3751.00,75.00,-84.00,4.800,0.065,-0.035,0.4430,0.0400,-0.0530,298.652710,43.955021,14.625
8120608,K00571.03,Kepler-186 b,CONFIRMED,CANDIDATE,1.0000,0,0,0,0,3.886795001,6.8440000e-06,-6.8440000e-06,133.3295900,1.370000e-03,-1.370000e-03,0.1190,0.3150,-0.1190,1.75740,0.04540,-0.04540,4.7130e+02,1.310e+01,-1.310e+01,0.97,9.000e-02,-1.200e-01,571.0,,,25.26,7.24,-7.38,41.80,3,q1_q17_dr25_tce,3751.00,75.00,-84.00,4.800,0.065,-0.035,0.4430,0.0400,-0.0530,298.652710,43.955021,14.625
8120608,K00571.04,Kepler-186 e,CONFIRMED,CANDIDATE,0.9990,0,0,0,0,22.407778330,7.3910000e-05,-7.3910000e-05,153.7985800,2.590000e-03,-2.590000e-03,0.1470,0.2910,-0.1470,3.28810,0.07560,-0.07560,6.6130e+02,2.080e+01,-2.080e+01,1.15,1.000e-01,-1.400e-01,319.0,,,2.44,0.70,-0.71,33.90,4,q1_q17_dr25_tce,3751.00,75.00,-84.00,4.800,0.065,-0.035,0.4430,0.0400,-0.0530,298.652710,43.955021,14.625
5872150,K00414.01,,FALSE POSITIVE,FALSE POSITIVE,0.0000,0,1,0,0,20.355096570,1.7900000e-06,-1.7900000e-06,175.3437299,6.810000e-05,-6.810000e-05,0.5030,0.0050,-0.0050,5.33265,0.00637,-0.00637,2.5080e+04,1.690e+01,-1.690e+01,17.53,5.440e+00,-2.330e+00,720.0,,,63.60,59.38,-22.32,1703.20,1,q1_q17_dr25_tce,6081.00,184.00,-220.00,4.404,0.072,-0.217,1.0770,0.3340,-0.1430,290.425380,41.139149,14.557
5872150,K00414.02,,FALSE POSITIVE,FALSE POSITIVE,0.0170,0,0,1,0,5.922403770,1.4850000e-05,-1.4850000e-05,173.8180200,1.970000e-03,-1.970000e-03,0.9490,0.0400,-0.6820,3.69100,0.11600,-0.11600,4.1340e+02,1.030e+01,-1.030e+01,2.77,8.600e-01,-3.700e-01,1087.0,,,329.86,308.02,-115.78,44.40,2,q1_q17_dr25_tce,6081.00,184.00,-220.00,4.404,0.072,-0.217,1.0770,0.3340,-0.1430,290.425380,41.139149,14.557
6289650,K00415.01,,CANDIDATE,CANDIDATE,0.9990,0,0,0,0,166.787655100,1.3120000e-04,-1.3120000e-04,245.1430360,5.990000e-04,-5.990000e-04,0.0410,0.2360,-0.0410,5.86760,0.03060,-0.03060,4.7642e+03,2.940e+01,-2.940e+01,7.03,1.040e+00,-8.400e-01,334.0,,,2.93,1.24,-0.84,183.80,1,q1_q17_dr25_tce,5663.00,112.00,-112.00,4.377,0.103,-0.115,1.0310,0.1520,-0.1240,293.306060,41.606369,14.110
6850504,K00070.03,Kepler-20 d,CONFIRMED,CANDIDATE,0.5630,0,0,0,0,77.611442700,1.5360000e-04,-1.5360000e-04,164.7292000,1.680000e-03,-1.680000e-03,0.0940,0.3230,-0.0940,7.17860,0.05630,-0.05630,8.1450e+02,8.400e+00,-8.400e+00,2.59,2.900e-01,-2.300e-01,397.0,,,5.87,1.95,-1.38,100.50,3,q1_q17_dr25_tce,5465.00,109.00,-109.00,4.449,0.085,-0.085,0.9250,0.1010,-0.0830,287.698000,42.338718,12.498
6508221,K00416.01,Kepler-152 b,CONFIRMED,CANDIDATE,1.0000,0,0,0,0,18.207958350,1.3480000e-05,-1.3480000e-05,185.8430600,5.960000e-04,-5.960000e-04,0.6400,0.0030,-0.4630,3.79650,0.03490,-0.03490,1.5969e+03,1.090e+01,-1.090e+01,3.08,2.300e-01,-1.200e-01,551.0,,,21.86,5.36,-3.33,157.30,1,q1_q17_dr25_tce,5176.00,102.00,-102.00,4.612,0.016,-0.060,0.7380,0.0540,-0.0310,286.865480,41.989079,14.290
11135694,K04896.02,,CANDIDATE,CANDIDATE,0.9660,0,0,0,0,49.537365000,2.2570000e-03,-2.2570000e-03,172.1948000,4.170000e-02,-4.170000e-02,0.4350,0.0200,-0.4330,9.86200,0.93500,-0.93500,2.0170e+02,2.500e+01,-2.500e+01,1.48,4.700e-01,-2.000e-01,532.0,,,18.87,17.91,-6.58,10.10,1,q1_q17_dr25_tce,6118.00,191.00,-212.00,4.416,0.087,-0.203,1.0230,0.3200,-0.1370,290.900420,48.746140,15.451
10155434,K00473.01,Kepler-1720 b,CONFIRMED,CANDIDATE,1.0000,0,0,0,0,12.706361230,1.9230000e-05,-1.9230000e-05,180.6316400,1.100000e-03,-1.100000e-03,0.7930,0.0590,-0.5450,2.39500,0.04060,-0.04060,8.7170e+02,1.860e+01,-1.860e+01,2.75,6.600e-01,-2.200e-01,697.0,,,55.86,39.53,-13.95,54.00,1,q1_q17_dr25_tce,5573.00,149.00,-166.00,4.562,0.030,-0.170,0.8390,0.2010,-0.0670,296.808650,47.171940,14.673
10460984,K00474.01,Kepler-164 c,CONFIRMED,CANDIDATE,1.0000,0,0,0,0,10.945777830,2.0170000e-05,-2.0170000e-05,176.7183400,1.440000e-03,-1.440000e-03,0.8190,0.0290,-0.5710,3.09370,0.04450,-0.04450,5.3280e+02,1.110e+01,-1.110e+01,2.84,4.600e-01,-3.800e-01,881.0,,,142.23,64.44,-43.58,52.50,1,q1_q17_dr25_tce,5888.00,106.00,-117.00,4.342,0.115,-0.115,1.0970,0.1790,-0.1460,287.780850,47.629910,14.282
10460984,K00474.02,Kepler-164 d,CONFIRMED,CANDIDATE,0.9990,0,0,0,0,28.986901600,1.0760000e-04,-1.0760000e-04,134.7812000,3.040000e-03,-3.040000e-03,0.8420,0.0690,-0.6080,3.62330,0.07650,-0.07650,4.7160e+02,1.600e+01,-1.600e+01,2.70,4.400e-01,-3.600e-01,637.0,,,38.82,17.59,-11.89,31.50,2,q1_q17_dr25_tce,5888.00,106.00,-117.00,4.342,0.115,-0.115,1.0970,0.1790,-0.1460,287.780850,47.629910,14.282
10460984,K00474.03,Kepler-164 e,CONFIRMED,CANDIDATE,1.0000,0,0,0,0,94.886902000,1.2160000e-03,-1.2160000e-03,214.8287900,6.590000e-03,-6.590000e-03,0.9820,40.0400,-0.0230,6.92300,0.33300,-0.33300,6.4170e+02,2.960e+01,-2.960e+01,4.24,6.900e-01,-5.600e-01,429.0,,,7.99,3.62,-2.45,25.50,3,q1_q17_dr25_tce,5888.00,106.00,-117.00,4.342,0.115,-0.115,1.0970,0.1790,-0.1460,287.780850,47.629910,14.282
10460984,K00474.04,Kepler-164 b,CONFIRMED,CANDIDATE,1.0000,0,0,0,0,5.035056650,1.9460000e-05,-1.9460000e-05,132.6559700,3.340000e-03,-3.340000e-03,0.9110,0.0400,-0.6550,1.80400,0.08730,-0.08730,1.5150e+02,1.050e+01,-1.050e+01,1.63,2.600e-01,-2.200e-01,1141.0,,,401.23,181.78,-122.95,16.60,4,q1_q17_dr25_tce,5888.00,106.00,-117.00,4.342,0.115,-0.115,1.0970,0.1790,-0.1460,287.780850,47.629910,14.282
6436505,K06707.02,,FALSE POSITIVE,FALSE POSITIVE,0.3680,1,0,0,0,24.722240300,3.6230000e-04,-3.6230000e-04,146.4611000,1.230000e-02,-1.230000e-02,0.1060,0.3500,-0.1060,4.53000,0.34900,-0.34900,2.9010e+02,3.470e+01,-3.470e+01,1.31,2.400e-01,-1.100e-01,536.0,,,19.53,11.18,-4.84,9.30,2,q1_q17_dr25_tce,5481.00,166.00,-149.00,4.592,0.032,-0.120,0.7780,0.1410,-0.0650,289.707030,41.843540,15.857
8022244,K00519.01,Kepler-175 b,CONFIRMED,CANDIDATE,1.0000,0,0,0,0,11.903520880,2.8980000e-05,-2.8980000e-05,178.3416100,1.810000e-03,-1.810000e-03,0.4210,0.0270,-0.4210,4.29700,0.06630,-0.06630,6.3300e+02,1.470e+01,-1.470e+01,2.56,8.100e-01,-2.700e-01,827.0,,,110.54,105.36,-34.16,47.20,1,q1_q17_dr25_tce,6063.00,181.00,-217.00,4.470,0.054,-0.216,1.0010,0.3180,-0.1060,289.553280,43.876179,14.939
2571238,K00084.01,Kepler-19 b,CONFIRMED,CANDIDATE,1.0000,0,0,0,0,9.286964466,3.8310000e-06,-3.8310000e-06,135.9945000,3.400000e-04,-3.400000e-04,0.0040,0.3400,-0.0040,3.36490,0.01450,-0.01450,6.9170e+02,3.200e+00,-3.200e+00,2.10,2.600e-01,-1.000e-01,762.0,,,79.68,28.10,-13.27,251.90,1,q1_q17_dr25_tce,5546.00,100.00,-111.00,4.575,0.018,-0.102,0.8100,0.0990,-0.0400,290.420810,37.851799,11.898
8022244,K00519.02,Kepler-175 c,CONFIRMED,CANDIDATE,1.0000,0,0,0,0,34.035060500,1.4100000e-04,-1.4100000e-04,134.4275200,3.460000e-03,-3.460000e-03,0.4740,0.0440,-0.4500,6.69500,0.12400,-0.12400,7.2780e+02,1.890e+01,-1.890e+01,2.76,8.800e-01,-2.900e-01,583.0,,,27.24,25.97,-8.41,41.30,2,q1_q17_dr25_tce,6063.00,181.00,-217.00,4.470,0.054,-0.216,1.0010,0.3180,-0.1060,289.553280,43.876179,14.939
8037145,K00520.01,Kepler-176 c,CONFIRMED,CANDIDATE,1.0000,0,0,0,0,12.759344890,1.8770000e-05,-1.8770000e-05,170.3215200,1.190000e-03,-1.190000e-03,0.6570,0.1770,-0.4450,3.58890,0.04310,-0.04310,8.8210e+02,1.330e+01,-1.330e+01,2.58,1.000e-01,-1.900e-01,633.0,,,37.95,5.74,-7.22,70.40,1,q1_q17_dr25_tce,4963.00,81.00,-74.00,4.501,0.072,-0.022,0.8260,0.0320,-0.0600,294.667970,43.853260,14.550
8037145,K00520.02,Kepler-176 b,CONFIRMED,CANDIDATE,1.0000,0,0,0,0,5.433132902,9.5260000e-06,-9.5260000e-06,138.3664400,1.480000e-03,-1.480000e-03,0.7200,0.1740,-0.4790,2.40120,0.04110,-0.04110,3.2820e+02,1.070e+01,-1.070e+01,1.61,6.000e-02,-1.200e-01,841.0,,,118.56,17.92,-22.55,33.10,3,q1_q17_dr25_tce,4963.00,81.00,-74.00,4.501,0.072,-0.022,0.8260,0.0320,-0.0600,294.667970,43.853260,14.550
2140389,K07627.01,,FALSE POSITIVE,FALSE POSITIVE,0.0000,0,0,1,0,0.967427812,6.0300000e-07,-6.0300000e-07,132.2583050,5.570000e-04,-5.570000e-04,1.2480,0.0460,-0.0490,5.88830,0.05620,-0.05620,9.1278e+03,3.730e+01,-3.730e+01,29.01,3.510e+00,-2.380e+00,1419.0,,,956.61,427.47,-259.34,323.40,1,q1_q17_dr25_tce,5066.00,181.00,-181.00,4.625,0.035,-0.070,0.7090,0.0860,-0.0580,285.916410,37.594280,15.826
8193178,K00572.01,Kepler-187 c,CONFIRMED,CANDIDATE,1.0000,0,0,0,0,10.640210080,2.6950000e-05,-2.6950000e-05,179.7777600,1.820000e-03,-1.820000e-03,0.7700,0.1070,-0.5400,5.43810,0.06620,-0.06620,4.5530e+02,8.400e+00,-8.400e+00,2.87,5.200e-01,-4.200e-01,963.0,,,203.48,102.33,-67.67,58.60,1,q1_q17_dr25_tce,6112.00,122.00,-134.00,4.281,0.125,-0.125,1.2330,0.2200,-0.1800,299.796450,44.089310,14.173
8193178,K00572.02,Kepler-187 b,CONFIRMED,CANDIDATE,1.0000,0,0,0,0,4.938831350,3.3120000e-05,-3.3120000e-05,135.9546500,5.440000e-03,-5.440000e-03,0.6330,0.3280,-0.4310,4.38800,0.16100,-0.16100,1.2350e+02,6.500e+00,-6.500e+00,1.44,2.500e-01,-2.100e-01,1244.0,,,566.38,284.85,-188.35,21.30,2,q1_q17_dr25_tce,6112.00,122.00,-134.00,4.281,0.125,-0.125,1.2330,0.2200,-0.1800,299.796450,44.089310,14.173
8344004,K00573.01,Kepler-188 c,CONFIRMED,CANDIDATE,1.0000,0,0,0,0,5.996533443,8.3850000e-06,-8.3850000e-06,172.5055800,1.170000e-03,-1.170000e-03,0.5100,0.0350,-0.4390,3.31290,0.04530,-0.04530,7.1140e+02,1.070e+01,-1.070e+01,2.96,4.400e-01,-3.500e-01,1025.0,,,260.49,101.07,-69.49,70.50,1,q1_q17_dr25_tce,5622.00,76.00,-84.00,4.346,0.126,-0.103,1.0890,0.1600,-0.1280,281.279720,44.315529,14.674
8344004,K00573.02,Kepler-188 b,CONFIRMED,CANDIDATE,0.9990,0,0,0,0,2.061908640,5.0130000e-06,-5.0130000e-06,133.1988800,2.060000e-03,-2.060000e-03,0.5370,0.3910,-0.3230,1.97430,0.06170,-0.06170,2.1400e+02,8.800e+00,-8.800e+00,1.63,2.400e-01,-1.900e-01,1463.0,,,1082.28,419.94,-288.72,27.90,2,q1_q17_dr25_tce,5622.00,76.00,-84.00,4.346,0.126,-0.103,1.0890,0.1600,-0.1280,281.279720,44.315529,14.674
8355239,K00574.01,Kepler-189 c,CONFIRMED,CANDIDATE,1.0000,0,0,0,0,20.134900070,3.5480000e-05,-3.5480000e-05,171.3673400,1.380000e-03,-1.380000e-03,0.7980,0.0670,-0.5590,3.79620,0.05220,-0.05220,1.0352e+03,1.770e+01,-1.770e+01,2.98,1.100e-01,-2.200e-01,544.0,,,20.66,3.09,-3.99,64.70,1,q1_q17_dr25_tce,4963.00,79.00,-79.00,4.501,0.075,-0.025,0.8260,0.0320,-0.0600,287.564730,44.305000,14.859
8216763,K04838.03,,CANDIDATE,CANDIDATE,0.9980,0,0,0,0,24.072164700,4.5220000e-04,-4.5220000e-04,148.9637000,1.460000e-02,-1.460000e-02,0.9490,0.0010,-0.6660,3.17100,0.45900,-0.45900,1.7730e+02,3.030e+01,-3.030e+01,1.10,9.000e-02,-9.000e-02,400.0,,,6.08,1.94,-1.54,6.70,2,q1_q17_dr25_tce,4352.00,116.00,-129.00,4.671,0.032,-0.042,0.6130,0.0550,-0.0500,284.268590,44.197540,15.073
6508221,K00416.02,Kepler-152 c,CONFIRMED,CANDIDATE,0.7660,0,0,0,0,88.255372900,2.1070000e-04,-2.1070000e-04,153.7797400,1.880000e-03,-1.880000e-03,0.8860,0.0080,-0.6270,4.53900,0.13400,-0.13400,1.1322e+03,2.240e+01,-2.240e+01,2.96,2.200e-01,-1.200e-01,326.0,,,2.67,0.65,-0.41,54.20,2,q1_q17_dr25_tce,5176.00,102.00,-102.00,4.612,0.016,-0.060,0.7380,0.0540,-0.0310,286.865480,41.989079,14.290
6879865,K00417.01,,CANDIDATE,CANDIDATE,0.0000,0,0,0,0,19.193103549,5.8980000e-06,-5.8980000e-06,176.9667570,2.410000e-04,-2.410000e-04,0.9800,0.0750,-0.0510,2.54250,0.02370,-0.02370,6.8073e+03,3.690e+01,-3.690e+01,12.23,3.560e+00,-1.190e+00,656.0,,,43.77,37.45,-12.20,258.50,1,q1_q17_dr25_tce,5883.00,159.00,-176.00,4.530,0.037,-0.200,0.8920,0.2600,-0.0870,296.249540,42.335480,14.847
7975727,K00418.01,,FALSE POSITIVE,FALSE POSITIVE,0.0000,0,1,0,0,22.418319842,3.8230000e-06,-3.8230000e-06,172.7970990,1.390000e-04,-1.390000e-04,0.8000,0.0020,-0.0020,5.34900,0.01040,-0.01040,1.1929e+04,1.590e+01,-1.590e+01,9.94,1.440e+00,-1.300e+00,563.0,,,23.80,11.73,-7.66,944.40,1,q1_q17_dr25_tce,5324.00,175.00,-143.00,4.491,0.110,-0.110,0.8130,0.1180,-0.1060,296.899380,43.707218,14.479
8219673,K00419.01,,FALSE POSITIVE,FALSE POSITIVE,0.0000,0,1,0,0,20.131477716,4.8600000e-06,-4.8600000e-06,189.3907840,1.870000e-04,-1.870000e-04,1.2790,0.3250,-0.1210,3.28060,0.01010,-0.01010,8.2432e+03,2.340e+01,-2.340e+01,39.89,1.134e+01,-3.770e+00,670.0,,,47.49,39.59,-13.41,427.50,1,q1_q17_dr25_tce,6003.00,161.00,-197.00,4.507,0.048,-0.192,0.9320,0.2650,-0.0880,285.891240,44.181728,14.519
8352537,K00420.01,Kepler-547 b,CONFIRMED,CANDIDATE,1.0000,0,0,0,0,6.010383339,1.6640000e-06,-1.6640000e-06,174.0848830,2.210000e-04,-2.210000e-04,0.4360,0.0910,-0.3340,2.19390,0.01980,-0.01980,2.6521e+03,1.110e+01,-1.110e+01,3.80,2.900e-01,-3.800e-01,768.0,,,82.31,23.61,-23.30,276.10,1,q1_q17_dr25_tce,4882.00,131.00,-146.00,4.558,0.066,-0.039,0.7380,0.0560,-0.0740,286.118680,44.345280,14.247
3758499,K05007.02,,CANDIDATE,CANDIDATE,0.5530,0,0,0,0,80.881757000,3.2160000e-03,-3.2160000e-03,136.6708000,1.960000e-02,-1.960000e-02,0.3350,0.1160,-0.3350,12.56800,0.89300,-0.89300,1.4270e+02,1.360e+01,-1.360e+01,2.27,5.200e-01,-9.800e-01,581.0,,,26.91,19.04,-19.18,12.20,2,q1_q17_dr25_tce,5934.00,178.00,-178.00,3.945,0.440,-0.110,1.8850,0.4370,-0.8110,294.367340,38.846889,13.698
3248033,K00006.01,,FALSE POSITIVE,FALSE POSITIVE,0.0000,0,0,1,1,1.334101467,1.6550000e-06,-1.6550000e-06,133.7030810,9.830000e-04,-9.830000e-04,0.1530,0.2280,-0.1530,2.10330,0.03180,-0.03180,1.2080e+02,3.300e+00,-3.300e+00,1.74,3.100e-01,-3.700e-01,2169.0,,,5207.55,2517.09,-2268.59,43.00,1,q1_q17_dr25_tce,6178.00,111.00,-136.00,4.106,0.168,-0.112,1.5800,0.2770,-0.3390,294.599550,38.366772,12.161
9552608,K00080.01,,CANDIDATE,CANDIDATE,0.0000,0,0,0,0,9.250572762,2.8970000e-06,-2.8970000e-06,135.4075310,2.590000e-04,-2.590000e-04,1.2340,0.2200,-0.1120,3.63730,0.01270,-0.01270,1.0395e+03,3.500e+00,-3.500e+00,96.08,2.450e+01,-4.553e+01,1966.0,,,3530.57,2671.62,-2705.95,351.40,1,q1_q17_dr25_tce,8133.00,225.00,-338.00,3.715,0.413,-0.110,3.2940,0.8400,-1.5610,300.537570,46.104340,11.310
10577994,K00475.01,Kepler-165 b,CONFIRMED,CANDIDATE,1.0000,0,0,0,0,8.180894900,1.6010000e-05,-1.6010000e-05,176.6988500,1.530000e-03,-1.530000e-03,0.5210,0.3750,-0.3130,2.75460,0.05340,-0.05340,7.2350e+02,1.680e+01,-1.680e+01,2.10,1.700e-01,-7.000e-02,716.0,,,62.21,14.38,-8.04,48.70,1,q1_q17_dr25_tce,5081.00,71.00,-81.00,4.596,0.012,-0.068,0.7700,0.0610,-0.0280,280.691010,47.809738,14.802
10577994,K00475.02,Kepler-165 c,CONFIRMED,CANDIDATE,1.0000,0,0,0,0,15.312963880,3.2510000e-05,-3.2510000e-05,171.7941200,1.740000e-03,-1.740000e-03,0.6070,0.2960,-0.3970,3.09350,0.06020,-0.06020,8.6490e+02,2.090e+01,-2.090e+01,2.34,1.900e-01,-8.000e-02,581.0,,,26.98,6.23,-3.49,45.30,2,q1_q17_dr25_tce,5081.00,71.00,-81.00,4.596,0.012,-0.068,0.7700,0.0610,-0.0280,280.691010,47.809738,14.802
10599206,K00476.01,Kepler-566 b,CONFIRMED,CANDIDATE,1.0000,0,0,0,0,18.427949570,4.2740000e-05,-4.2740000e-05,178.4396300,1.820000e-03,-1.820000e-03,0.7270,0.1850,-0.5010,2.92640,0.06370,-0.06370,7.0660e+02,2.230e+01,-2.230e+01,2.24,7.000e-02,-1.300e-01,526.0,,,18.05,2.64,-3.02,36.00,1,q1_q17_dr25_tce,4768.00,85.00,-76.00,4.536,0.052,-0.017,0.7790,0.0260,-0.0450,291.554500,47.814480,14.958
6768616,K06765.02,,FALSE POSITIVE,FALSE POSITIVE,0.2940,1,0,0,0,8.824955600,1.0280000e-04,-1.0280000e-04,131.7064000,1.060000e-02,-1.060000e-02,0.2100,0.2390,-0.2100,2.97600,0.30400,-0.30400,1.2110e+02,1.580e+01,-1.580e+01,1.10,3.300e-01,-1.400e-01,928.0,,,175.17,156.61,-58.59,8.60,2,q1_q17_dr25_tce,6078.00,181.00,-200.00,4.434,0.084,-0.210,0.9940,0.2960,-0.1270,289.044340,42.280022,15.154
10068383,K00725.01,,FALSE POSITIVE,FALSE POSITIVE,0.0000,0,1,0,0,7.304978110,1.4610000e-05,-1.4610000e-05,169.6459200,1.590000e-03,-1.590000e-03,0.9320,22.1300,-0.0360,4.54140,0.08010,-0.08010,1.0930e+04,1.880e+02,-1.880e+02,10.86,1.630e+00,-8.800e-01,760.0,,,78.87,38.68,-19.88,69.60,1,q1_q17_dr25_tce,5247.00,158.00,-158.00,4.609,0.032,-0.097,0.7440,0.1120,-0.0600,289.005800,47.040421,15.765
10157573,K00726.01,,FALSE POSITIVE,FALSE POSITIVE,0.7610,0,0,1,0,5.115750935,7.8250000e-06,-7.8250000e-06,173.2659900,1.160000e-03,-1.160000e-03,1.4750,37.3800,-0.2730,2.53780,0.06250,-0.06250,1.0558e+03,2.410e+01,-2.410e+01,60.74,1.915e+01,-6.840e+00,1202.0,,,493.38,459.59,-156.49,51.80,1,q1_q17_dr25_tce,6398.00,179.00,-224.00,4.411,0.065,-0.208,1.1010,0.3470,-0.1240,297.432010,47.128551,15.132
10191070,K00727.01,,FALSE POSITIVE,FALSE POSITIVE,0.0000,0,0,1,1,1.213745575,9.1500000e-07,-9.1500000e-07,170.5827820,6.180000e-04,-6.180000e-04,1.2460,0.2430,-0.1070,5.58350,0.03610,-0.03610,2.0122e+03,1.130e+01,-1.130e+01,21.69,1.940e+00,-1.930e+00,1246.0,,,572.53,192.27,-152.26,213.70,1,q1_q17_dr25_tce,4820.00,145.00,-145.00,4.606,0.063,-0.032,0.6610,0.0590,-0.0590,283.875700,47.231918,15.825
10221013,K00728.01,,CANDIDATE,CANDIDATE,1.0000,0,0,0,0,7.189379172,1.5980000e-06,-1.5980000e-06,170.1177830,1.670000e-04,-1.670000e-04,0.9080,0.0090,-0.0070,2.03510,0.01830,-0.01830,8.1264e+03,4.680e+01,-4.680e+01,11.94,3.850e+00,-1.540e+00,1026.0,,,261.94,256.45,-96.98,288.50,1,q1_q17_dr25_tce,6214.00,195.00,-282.00,4.442,0.056,-0.224,1.0760,0.3470,-0.1390,296.642300,47.230331,15.356
10225800,K00729.01,,FALSE POSITIVE,FALSE POSITIVE,0.0000,0,0,1,0,1.423799421,6.4100000e-07,-6.4100000e-07,169.6743600,3.350000e-04,-3.350000e-04,0.5010,0.0440,-0.4090,1.48660,0.01950,-0.01950,2.0084e+03,1.940e+01,-1.940e+01,4.69,1.310e+00,-5.600e-01,1659.0,,,1791.61,1474.45,-599.66,125.30,1,q1_q17_dr25_tce,5962.00,162.00,-223.00,4.464,0.050,-0.200,1.0190,0.2850,-0.1220,298.000240,47.243649,15.623
2299738,K07628.01,,CANDIDATE,CANDIDATE,0.9010,0,0,0,0,1.813437800,2.6430000e-05,-2.6430000e-05,132.6703000,1.100000e-02,-1.100000e-02,0.4180,0.0490,-0.4180,7.77600,0.31200,-0.31200,9.7400e+01,6.200e+00,-6.200e+00,0.69,9.000e-02,-6.000e-02,1158.0,,,423.67,176.71,-103.86,19.10,1,q1_q17_dr25_tce,5094.00,151.00,-136.00,4.618,0.040,-0.065,0.7000,0.0860,-0.0580,290.717250,37.649010,13.961
10227020,K00730.01,Kepler-223 d,CONFIRMED,CANDIDATE,1.0000,0,0,0,0,14.787671720,5.5840000e-05,-5.5840000e-05,176.7939900,2.990000e-03,-2.990000e-03,0.0210,0.3800,-0.0210,6.11910,0.09560,-0.09560,7.8180e+02,2.060e+01,-2.060e+01,3.46,5.700e-01,-5.800e-01,827.0,,,110.42,48.32,-37.91,39.40,1,q1_q17_dr25_tce,5814.00,78.00,-78.00,4.269,0.137,-0.112,1.2480,0.2090,-0.2090,298.318360,47.279491,15.344
4563268,K00627.02,Kepler-625 c,CONFIRMED,CANDIDATE,0.9960,0,0,0,0,4.165367570,1.4350000e-05,-1.4350000e-05,132.0406800,2.830000e-03,-2.830000e-03,0.3480,0.1290,-0.3480,3.29350,0.07580,-0.07580,1.2000e+02,4.400e+00,-4.400e+00,1.00,1.400e-01,-5.000e-02,1048.0,,,284.49,112.09,-47.77,30.40,2,q1_q17_dr25_tce,5604.00,101.00,-124.00,4.520,0.028,-0.112,0.9120,0.1270,-0.0420,292.150450,39.637581,13.307
4644604,K00628.01,Kepler-626 b,CONFIRMED,CANDIDATE,1.0000,0,0,0,0,14.485847650,2.4800000e-05,-2.4800000e-05,175.0062400,1.350000e-03,-1.350000e-03,0.9300,0.0190,-0.6500,3.13650,0.09290,-0.09290,4.5710e+02,1.000e+01,-1.000e+01,2.88,4.500e-01,-3.700e-01,784.0,,,89.16,38.95,-26.66,52.20,1,q1_q17_dr25_tce,5784.00,104.00,-116.00,4.352,0.115,-0.115,1.0850,0.1700,-0.1390,288.698640,39.708290,13.946
4656049,K00629.01,Kepler-627 b,CONFIRMED,CANDIDATE,1.0000,0,0,0,0,40.699206200,1.6940000e-04,-1.6940000e-04,172.5712300,3.010000e-03,-3.010000e-03,0.8540,0.0530,-0.6080,7.07400,0.11100,-0.11100,4.2990e+02,1.240e+01,-1.240e+01,3.20,8.600e-01,-8.500e-01,685.0,,,52.05,40.82,-27.53,38.50,1,q1_q17_dr25_tce,6419.00,175.00,-213.00,4.175,0.240,-0.160,1.3620,0.3620,-0.3620,292.104280,39.767910,13.949
4659405,K00630.01,,FALSE POSITIVE,FALSE POSITIVE,0.0000,0,1,1,1,4.532402495,9.5010000e-06,-9.5010000e-06,171.9266700,1.900000e-03,-1.900000e-03,0.9900,0.2430,-0.0190,3.12000,0.10500,-0.10500,3.3910e+02,9.700e+00,-9.700e+00,3.69,9.900e-01,-8.100e-01,1160.0,,,426.69,335.85,-196.12,43.10,1,q1_q17_dr25_tce,5575.00,150.00,-166.00,4.278,0.195,-0.175,1.1730,0.3140,-0.2570,293.087340,39.799122,13.932
7941635,K05449.02,,FALSE POSITIVE,FALSE POSITIVE,0.3760,1,0,0,0,25.273355000,1.8340000e-03,-1.8340000e-03,134.5501000,6.510000e-02,-6.510000e-02,1.2080,7.0360,-0.2230,34.48000,4.00000,-4.00000,4.9610e+02,3.780e+01,-3.780e+01,24.74,7.020e+00,-4.310e+00,579.0,,,26.57,23.28,-10.32,16.90,2,q1_q17_dr25_tce,5313.00,175.00,-143.00,4.390,0.144,-0.198,0.9760,0.2770,-0.1700,283.570100,43.736118,14.500
4742414,K00631.01,Kepler-628 b,CONFIRMED,FALSE POSITIVE,0.9990,0,1,0,0,15.458056682,3.0940000e-06,-3.0940000e-06,173.7824540,1.580000e-04,-1.580000e-04,0.0500,0.0350,-0.0500,8.79536,0.00595,-0.00595,4.2532e+03,4.600e+00,-4.600e+00,9.11,1.510e+00,-1.840e+00,871.0,,,136.40,62.54,-56.23,1055.90,1,q1_q17_dr25_tce,5868.00,105.00,-117.00,4.169,0.176,-0.108,1.4070,0.2330,-0.2840,290.449280,39.854801,13.398
7619236,K00682.01,,CANDIDATE,CANDIDATE,,0,0,0,0,562.172591400,7.7430000e-04,-7.7430000e-04,185.9685470,9.990000e-04,-9.990000e-04,0.7801,0.0166,-0.0130,9.88410,0.09810,-0.09810,5.8778e+03,3.780e+01,-3.780e+01,10.90,1.960e+00,-1.720e+00,241.0,,,0.80,0.40,-0.27,208.40,,,5589.00,102.00,-108.00,4.229,0.134,-0.116,1.2890,0.2310,-0.2040,295.198000,43.269508,13.916
7630229,K00683.01,,CANDIDATE,CANDIDATE,1.0000,0,0,0,0,278.124397900,4.4370000e-04,-4.4370000e-04,177.5183100,1.280000e-03,-1.280000e-03,0.8710,0.0140,-0.6120,3.97800,0.12500,-0.12500,2.2978e+03,4.480e+01,-4.480e+01,5.86,9.400e-01,-5.000e-01,286.0,,,1.57,0.70,-0.36,58.50,1,q1_q17_dr25_tce,5799.00,104.00,-116.00,4.408,0.066,-0.123,1.0500,0.1670,-0.0900,297.824310,43.258381,13.714
7730747,K00684.01,,CANDIDATE,CANDIDATE,1.0000,0,0,0,0,4.034914368,2.5510000e-06,-2.5510000e-06,172.2578130,5.060000e-04,-5.060000e-04,0.9650,0.0220,-0.0100,1.78740,0.05850,-0.05850,8.0010e+02,1.490e+01,-1.490e+01,6.95,1.680e+00,-3.130e+00,1452.0,,,1052.15,778.36,-767.80,92.60,1,q1_q17_dr25_tce,5548.00,168.00,-151.00,3.964,0.472,-0.157,1.7930,0.4350,-0.8080,281.290280,43.413342,13.831
7764367,K00685.01,Kepler-644 b,CONFIRMED,CANDIDATE,1.0000,0,0,0,0,3.173914037,4.4010000e-06,-4.4010000e-06,170.9252500,1.100000e-03,-1.100000e-03,0.8190,0.0650,-0.5990,3.60690,0.03510,-0.03510,3.0300e+02,4.600e+00,-4.600e+00,3.07,1.030e+00,-7.600e-01,1655.0,,,1769.83,1734.10,-915.00,76.10,1,q1_q17_dr25_tce,6432.00,177.00,-243.00,4.164,0.180,-0.198,1.5840,0.5270,-0.3950,295.475740,43.493141,13.949
9024857,K07124.02,,FALSE POSITIVE,FALSE POSITIVE,0.0050,1,0,0,0,379.119960000,1.6230000e-02,-1.6230000e-02,267.6893000,3.010000e-02,-3.010000e-02,0.4830,0.4730,-0.2800,7.22000,1.40000,-1.40000,1.1077e+03,9.700e+01,-9.700e+01,2.74,6.400e-01,-2.100e-01,221.0,,,0.57,0.40,-0.14,9.20,2,q1_q17_dr25_tce,5546.00,166.00,-149.00,4.575,0.038,-0.152,0.8100,0.1880,-0.0630,292.878480,45.344372,15.496
7906882,K00686.01,,CANDIDATE,CANDIDATE,0.9520,0,0,0,0,52.513548727,6.1330000e-06,-6.1330000e-06,171.6745959,9.470000e-05,-9.470000e-05,0.6790,0.0080,-0.0100,3.27430,0.01180,-0.01180,1.4252e+04,2.110e+01,-2.110e+01,12.43,1.670e+00,-1.220e+00,472.0,,,11.73,4.61,-2.92,825.00,1,q1_q17_dr25_tce,5589.00,111.00,-111.00,4.421,0.086,-0.105,0.9800,0.1320,-0.0960,296.840760,43.647121,13.579
7976520,K00687.01,,CANDIDATE,CANDIDATE,1.0000,0,0,0,0,4.178386750,2.2160000e-05,-2.2160000e-05,171.9886600,3.930000e-03,-3.930000e-03,0.6170,0.0090,-0.4880,2.12300,0.13400,-0.13400,3.1600e+02,2.380e+01,-2.380e+01,3.13,4.200e-01,-7.300e-01,1430.0,,,988.44,354.88,-435.74,15.10,1,q1_q17_dr25_tce,5746.00,77.00,-77.00,4.039,0.202,-0.081,1.6870,0.2280,-0.3910,297.117130,43.711430,13.813
10227020,K00730.02,Kepler-223 c,CONFIRMED,CANDIDATE,0.9940,0,0,0,0,9.848246490,3.6680000e-05,-3.6680000e-05,138.3884500,2.940000e-03,-2.940000e-03,0.5500,0.0440,-0.4210,5.74710,0.08490,-0.08490,4.3670e+02,1.780e+01,-1.780e+01,2.68,4.500e-01,-4.500e-01,947.0,,,189.82,83.07,-65.17,25.30,3,q1_q17_dr25_tce,5814.00,78.00,-78.00,4.269,0.137,-0.112,1.2480,0.2090,-0.2090,298.318360,47.279491,15.344
10227020,K00730.03,Kepler-223 e,CONFIRMED,CANDIDATE,1.0000,0,0,0,0,19.724367200,1.3240000e-04,-1.3240000e-04,135.0592300,5.870000e-03,-5.870000e-03,0.8980,0.0290,-0.6190,7.20200,0.14800,-0.14800,5.7790e+02,2.340e+01,-2.340e+01,3.57,6.000e-01,-5.900e-01,751.0,,,75.23,32.93,-25.83,26.00,2,q1_q17_dr25_tce,5814.00,78.00,-78.00,4.269,0.137,-0.112,1.2480,0.2090,-0.2090,298.318360,47.279491,15.344
6678383,K00111.03,Kepler-104 d,CONFIRMED,CANDIDATE,0.9780,0,0,0,0,51.755305040,8.5350000e-05,-8.5350000e-05,271.0880800,1.250000e-03,-1.250000e-03,0.6380,0.1800,-0.4120,7.43550,0.05790,-0.05790,6.0920e+02,5.600e+00,-5.600e+00,2.61,3.500e-01,-3.000e-01,515.0,,,16.60,6.47,-4.54,116.90,2,q1_q17_dr25_tce,5979.00,108.00,-120.00,4.394,0.110,-0.110,1.0050,0.1380,-0.1130,287.604610,42.166779,12.596
2302997,K07630.01,,CANDIDATE,CANDIDATE,0.9570,0,0,0,0,16.298220100,2.2920000e-04,-2.2920000e-04,134.7404000,1.260000e-02,-1.260000e-02,0.6980,0.2640,-0.4750,2.55800,0.48200,-0.48200,1.9900e+02,3.030e+01,-3.030e+01,0.78,5.000e-02,-4.000e-02,388.0,,,5.38,1.15,-1.04,7.90,1,q1_q17_dr25_tce,3905.00,78.00,-88.00,4.736,0.030,-0.030,0.5210,0.0310,-0.0310,291.454900,37.677120,14.709
10227020,K00730.04,Kepler-223 b,CONFIRMED,CANDIDATE,0.9920,0,0,0,0,7.384432690,2.9590000e-05,-2.9590000e-05,137.4741200,3.210000e-03,-3.210000e-03,0.5940,0.2830,-0.4130,5.73510,0.08530,-0.08530,3.4980e+02,1.490e+01,-1.490e+01,2.42,4.100e-01,-4.000e-01,1042.0,,,278.67,121.95,-95.68,23.70,4,q1_q17_dr25_tce,5814.00,78.00,-78.00,4.269,0.137,-0.112,1.2480,0.2090,-0.2090,298.318360,47.279491,15.344
10259031,K00731.01,,FALSE POSITIVE,FALSE POSITIVE,0.0000,0,1,1,1,7.061150810,1.1630000e-05,-1.1630000e-05,169.8642500,1.370000e-03,-1.370000e-03,2.8240,32.4100,-0.1250,3.54700,0.06380,-0.06380,1.5269e+03,2.850e+01,-2.850e+01,171.85,3.992e+01,-1.439e+01,886.0,,,145.61,98.17,-37.24,60.40,1,q1_q17_dr25_tce,5795.00,143.00,-172.00,4.554,0.040,-0.160,0.8480,0.1970,-0.0710,284.675690,47.339211,15.592
8505215,K00099.01,,CANDIDATE,CANDIDATE,,0,0,0,0,2190.701035300,0.0000000e+00,0.0000000e+00,140.0480600,1.860000e-03,-1.860000e-03,0.2597,0.2254,-0.1878,19.89100,0.14800,-0.14800,1.8742e+03,2.170e+01,-2.170e+01,3.12,1.600e-01,-1.900e-01,109.0,,,0.03,0.01,0.00,94.80,,,4965.00,109.00,-89.00,4.555,0.048,-0.024,0.7360,0.0370,-0.0440,295.434330,44.531120,12.960
4827723,K00632.01,Kepler-629 b,CONFIRMED,CANDIDATE,1.0000,0,0,0,0,7.238581620,1.6870000e-05,-1.6870000e-05,171.2191200,1.840000e-03,-1.840000e-03,0.1470,0.3080,-0.1470,3.11990,0.05900,-0.05900,2.6820e+02,7.500e+00,-7.500e+00,1.34,1.500e-01,-6.000e-02,816.0,,,104.51,35.32,-17.59,41.60,1,q1_q17_dr25_tce,5411.00,96.00,-118.00,4.561,0.018,-0.096,0.8310,0.0970,-0.0390,289.417820,39.945011,13.359
4841374,K00633.01,Kepler-630 b,CONFIRMED,CANDIDATE,0.9990,0,0,0,0,161.474678600,8.4620000e-04,-8.4620000e-04,170.6033800,3.690000e-03,-3.690000e-03,0.7460,0.1380,-0.5130,10.57200,0.17100,-0.17100,8.2820e+02,1.960e+01,-1.960e+01,3.25,5.100e-01,-3.800e-01,343.0,,,3.27,1.42,-0.91,47.80,1,q1_q17_dr25_tce,5761.00,104.00,-115.00,4.383,0.095,-0.116,1.0440,0.1620,-0.1220,293.427030,39.942429,13.871
4861736,K00634.01,,FALSE POSITIVE,FALSE POSITIVE,0.0000,0,1,1,0,6.277827312,8.3050000e-06,-8.3050000e-06,172.5786000,1.070000e-03,-1.070000e-03,0.9500,0.0020,-0.0020,8.68410,0.06090,-0.06090,1.8568e+03,1.740e+01,-1.740e+01,4.87,1.490e+00,-5.000e-01,985.0,,,222.45,199.87,-63.76,191.30,1,q1_q17_dr25_tce,6077.00,164.00,-183.00,4.526,0.038,-0.212,0.8910,0.2730,-0.0910,298.026150,39.918331,13.851
5020319,K00635.01,Kepler-1725 b,CONFIRMED,CANDIDATE,1.0000,0,0,0,0,16.719873030,9.3280000e-05,-9.3280000e-05,171.4014300,4.220000e-03,-4.220000e-03,0.4370,0.5030,-0.2400,3.31700,0.14500,-0.14500,5.2310e+02,3.250e+01,-3.250e+01,2.52,4.200e-01,-2.300e-01,767.0,,,81.63,37.51,-20.48,19.20,1,q1_q17_dr25_tce,6020.00,108.00,-133.00,4.389,0.066,-0.123,1.0850,0.1800,-0.1030,294.373540,40.194630,13.034
5090690,K00636.01,,FALSE POSITIVE,FALSE POSITIVE,0.0000,0,1,0,0,12.011661094,7.3800000e-07,-7.3800000e-07,176.6358115,4.750000e-05,-4.750000e-05,1.0240,0.0170,-0.0140,3.77516,0.00475,-0.00475,1.4294e+04,1.100e+01,-1.100e+01,55.20,1.403e+01,-1.928e+01,1317.0,,,710.87,534.94,-456.49,1898.40,1,q1_q17_dr25_tce,6753.00,185.00,-278.00,3.910,0.306,-0.165,2.3960,0.6090,-0.8370,289.191440,40.263184,13.252
8161561,K00688.01,Kepler-645 b,CONFIRMED,CANDIDATE,1.0000,0,0,0,0,3.275821982,4.7430000e-06,-4.7430000e-06,170.2535700,1.110000e-03,-1.110000e-03,0.7460,0.1020,-0.5170,3.04270,0.03750,-0.03750,2.7490e+02,4.900e+00,-4.900e+00,3.54,6.900e-01,-8.500e-01,1730.0,,,2121.23,1071.69,-956.19,64.40,1,q1_q17_dr25_tce,6185.00,80.00,-80.00,4.013,0.180,-0.120,1.9720,0.3860,-0.4720,290.322780,44.035809,13.992
8361905,K00689.01,Kepler-646 b,CONFIRMED,CANDIDATE,1.0000,0,0,0,0,15.873609810,4.4850000e-05,-4.4850000e-05,182.4040800,2.120000e-03,-2.120000e-03,0.3950,0.0470,-0.3950,3.52460,0.07240,-0.07240,4.1560e+02,1.240e+01,-1.240e+01,1.53,3.300e-01,-1.200e-01,632.0,,,37.68,26.18,-9.72,38.40,1,q1_q17_dr25_tce,5656.00,187.00,-187.00,4.607,0.036,-0.135,0.7370,0.1620,-0.0580,290.471340,44.387081,13.766
12116489,K00547.03,Kepler-595 c,CONFIRMED,CANDIDATE,0.8820,0,0,0,0,12.386047400,1.5870000e-04,-1.5870000e-04,132.8175000,1.050000e-02,-1.050000e-02,0.5380,0.4040,-0.3230,2.60400,0.30300,-0.30300,1.5130e+02,1.930e+01,-1.930e+01,1.11,6.000e-02,-1.000e-01,679.0,,,50.23,9.45,-11.45,9.10,2,q1_q17_dr25_tce,5121.00,84.00,-76.00,4.457,0.091,-0.039,0.8880,0.0490,-0.0840,294.570400,50.673019,14.773
8409588,K00690.01,,FALSE POSITIVE,FALSE POSITIVE,0.0000,0,1,0,0,1.360834768,3.9900000e-07,-3.9900000e-07,169.7097290,2.370000e-04,-2.370000e-04,1.0080,0.0830,-0.0560,1.48860,0.02240,-0.02240,1.5705e+03,1.240e+01,-1.240e+01,7.24,2.180e+00,-5.500e-01,1660.0,,,1792.47,1588.71,-423.69,169.80,1,q1_q17_dr25_tce,6215.00,172.00,-172.00,4.543,0.038,-0.212,0.8720,0.2620,-0.0660,281.503420,44.409458,13.591
11250587,K00107.01,Kepler-464 b,CONFIRMED,CANDIDATE,1.0000,0,0,0,0,7.256962446,5.8390000e-06,-5.8390000e-06,134.0239230,6.610000e-04,-6.610000e-04,0.6760,0.0730,-0.4810,4.94020,0.02380,-0.02380,4.6320e+02,3.100e+00,-3.100e+00,3.53,2.100e-01,-1.700e-01,1163.0,,,432.10,75.83,-61.01,168.30,1,q1_q17_dr25_tce,5858.00,70.00,-79.00,4.112,0.024,-0.020,1.5490,0.0910,-0.0740,294.835170,48.982361,12.702
8480285,K00691.01,Kepler-647 c,CONFIRMED,CANDIDATE,1.0000,0,0,0,0,29.666316690,5.9890000e-05,-5.9890000e-05,189.3694800,1.580000e-03,-1.580000e-03,0.0190,0.3110,-0.0190,8.41200,0.05200,-0.05200,6.6800e+02,7.600e+00,-7.600e+00,2.83,4.100e-01,-4.000e-01,644.0,,,40.68,16.48,-13.18,95.30,1,q1_q17_dr25_tce,5956.00,107.00,-119.00,4.322,0.137,-0.112,1.0980,0.1580,-0.1580,284.788300,44.591679,13.965
8480285,K00691.02,Kepler-647 b,CONFIRMED,CANDIDATE,1.0000,0,0,0,0,16.225497500,1.3350000e-04,-1.3350000e-04,144.0267300,7.070000e-03,-7.070000e-03,0.2730,0.1650,-0.2730,6.47100,0.20300,-0.20300,1.2040e+02,6.500e+00,-6.500e+00,1.21,1.800e-01,-1.700e-01,788.0,,,90.93,36.83,-29.46,20.30,2,q1_q17_dr25_tce,5956.00,107.00,-119.00,4.322,0.137,-0.112,1.0980,0.1580,-0.1580,284.788300,44.591679,13.965
10265898,K00732.01,Kepler-656 b,CONFIRMED,CANDIDATE,1.0000,0,0,0,0,1.260258822,6.7500000e-07,-6.7500000e-07,170.4089840,4.220000e-04,-4.220000e-04,0.7910,0.0020,-0.5400,1.85940,0.01810,-0.01810,1.1307e+03,1.010e+01,-1.010e+01,3.57,9.400e-01,-3.000e-01,1569.0,,,1435.82,1145.82,-379.55,128.20,1,q1_q17_dr25_tce,5550.00,166.00,-183.00,4.500,0.046,-0.184,0.9540,0.2520,-0.0790,288.327910,47.381592,15.342
10265898,K00732.02,,CANDIDATE,CANDIDATE,0.9660,0,0,0,0,3.295345670,2.5690000e-05,-2.5690000e-05,132.4879900,7.200000e-03,-7.200000e-03,0.7290,0.0090,-0.5340,1.90200,0.22100,-0.22100,1.4190e+02,1.700e+01,-1.700e+01,1.23,3.200e-01,-1.000e-01,1139.0,,,397.37,317.12,-105.04,10.40,3,q1_q17_dr25_tce,5550.00,166.00,-183.00,4.500,0.046,-0.184,0.9540,0.2520,-0.0790,288.327910,47.381592,15.342
2302758,K07629.01,,FALSE POSITIVE,FALSE POSITIVE,0.0000,0,1,1,0,0.542122617,2.2290000e-06,-2.2290000e-06,131.9840800,3.560000e-03,-3.560000e-03,0.1080,0.3690,-0.1080,1.28300,0.10700,-0.10700,8.8300e+01,6.700e+00,-6.700e+00,0.94,1.400e-01,-5.000e-02,2238.0,,,5914.13,2276.79,-890.37,16.30,1,q1_q17_dr25_tce,5875.00,70.00,-88.00,4.476,0.030,-0.120,0.9980,0.1490,-0.0500,291.402890,37.676689,14.661
10265898,K00732.03,Kepler-656 c,CONFIRMED,CANDIDATE,0.9920,0,0,0,0,5.254493930,5.6130000e-05,-5.6130000e-05,132.5562400,7.960000e-03,-7.960000e-03,0.8370,0.1080,-0.5970,3.07800,0.19700,-0.19700,1.6900e+02,1.460e+01,-1.460e+01,1.41,3.800e-01,-1.100e-01,975.0,,,213.25,170.17,-56.37,12.60,2,q1_q17_dr25_tce,5550.00,166.00,-183.00,4.500,0.046,-0.184,0.9540,0.2520,-0.0790,288.327910,47.381592,15.342
10271806,K00733.01,Kepler-224 c,CONFIRMED,CANDIDATE,1.0000,0,0,0,0,5.924993927,7.6260000e-06,-7.6260000e-06,169.7162900,1.010000e-03,-1.010000e-03,0.8480,0.0640,-0.5830,2.88740,0.07940,-0.07940,1.6081e+03,2.530e+01,-2.530e+01,3.15,2.100e-01,-1.400e-01,758.0,,,77.91,18.22,-12.03,68.50,1,q1_q17_dr25_tce,5016.00,100.00,-100.00,4.641,0.018,-0.053,0.6790,0.0460,-0.0290,290.934300,47.357601,15.644
10271806,K00733.02,Kepler-224 d,CONFIRMED,CANDIDATE,1.0000,0,0,0,0,11.349348480,2.4420000e-05,-2.4420000e-05,134.3180500,1.800000e-03,-1.800000e-03,0.3980,0.0430,-0.3980,3.11010,0.05690,-0.05690,1.2498e+03,3.090e+01,-3.090e+01,2.39,1.700e-01,-1.000e-01,610.0,,,32.75,7.66,-5.06,41.70,2,q1_q17_dr25_tce,5016.00,100.00,-100.00,4.641,0.018,-0.053,0.6790,0.0460,-0.0290,290.934300,47.357601,15.644
5098444,K00637.01,,FALSE POSITIVE,FALSE POSITIVE,0.0000,0,1,0,0,26.949274890,2.2850000e-05,-2.2850000e-05,177.9686890,6.880000e-04,-6.880000e-04,0.4380,0.0250,-0.0410,10.69770,0.06400,-0.06400,1.9964e+04,5.660e+01,-5.660e+01,7.37,3.600e-01,-4.600e-01,395.0,,,5.78,1.40,-1.36,415.70,1,q1_q17_dr25_tce,4723.00,145.00,-162.00,4.741,0.045,-0.024,0.5120,0.0250,-0.0320,291.563320,40.267780,13.771
5113822,K00638.01,Kepler-199 b,CONFIRMED,CANDIDATE,1.0000,0,0,0,0,23.642196500,3.1600000e-05,-3.1600000e-05,172.5884400,1.070000e-03,-1.070000e-03,0.0220,0.3610,-0.0220,5.01800,0.04080,-0.04080,1.1022e+03,1.270e+01,-1.270e+01,2.90,4.000e-01,-1.400e-01,595.0,,,29.65,11.49,-5.07,97.20,1,q1_q17_dr25_tce,5750.00,102.00,-125.00,4.538,0.026,-0.110,0.8820,0.1210,-0.0430,295.559420,40.236271,13.595
5113822,K00638.02,Kepler-199 c,CONFIRMED,CANDIDATE,0.9540,0,0,0,0,67.093064200,1.7850000e-04,-1.7850000e-04,146.5704700,2.090000e-03,-2.090000e-03,0.8220,0.0440,-0.5680,7.33400,0.13400,-0.13400,1.2542e+03,1.810e+01,-1.810e+01,3.51,4.800e-01,-1.700e-01,420.0,,,7.38,2.86,-1.26,73.70,2,q1_q17_dr25_tce,5750.00,102.00,-125.00,4.538,0.026,-0.110,0.8820,0.1210,-0.0430,295.559420,40.236271,13.595
5120087,K00639.01,Kepler-631 b,CONFIRMED,CANDIDATE,1.0000,0,0,0,0,17.979798160,6.1280000e-05,-6.1280000e-05,182.2417900,2.610000e-03,-2.610000e-03,0.0690,0.3560,-0.0690,5.58280,0.08140,-0.08140,4.5910e+02,1.190e+01,-1.190e+01,2.89,5.000e-01,-3.400e-01,828.0,,,111.12,53.46,-31.83,43.90,1,q1_q17_dr25_tce,6141.00,110.00,-135.00,4.272,0.080,-0.120,1.3520,0.2360,-0.1580,296.885770,40.228230,13.500
5121511,K00640.01,Kepler-632 b,CONFIRMED,CANDIDATE,1.0000,0,0,0,0,30.996641130,4.6950000e-05,-4.6950000e-05,191.7850200,1.140000e-03,-1.140000e-03,0.7910,0.0630,-0.5500,2.91820,0.04690,-0.04690,6.5530e+02,1.270e+01,-1.270e+01,2.43,2.600e-01,-1.100e-01,500.0,,,14.72,4.83,-2.35,59.90,1,q1_q17_dr25_tce,5324.00,106.00,-106.00,4.544,0.024,-0.090,0.8530,0.0920,-0.0390,297.252620,40.288601,13.332
8557374,K00692.01,Kepler-213 b,CONFIRMED,CANDIDATE,1.0000,0,0,0,0,2.462344253,4.0960000e-06,-4.0960000e-06,171.8431500,1.310000e-03,-1.310000e-03,0.0510,0.3810,-0.0510,1.81130,0.04240,-0.04240,1.8010e+02,5.000e+00,-5.000e+00,1.33,2.200e-01,-7.000e-02,1326.0,,,730.86,321.03,-135.20,42.10,1,q1_q17_dr25_tce,5736.00,103.00,-125.00,4.467,0.030,-0.120,1.0080,0.1590,-0.0570,290.824190,44.647179,13.648
8557374,K00692.02,Kepler-213 c,CONFIRMED,CANDIDATE,1.0000,0,0,0,0,4.822969318,5.5060000e-06,-5.5060000e-06,134.4353500,8.880000e-04,-8.880000e-04,0.8910,0.0430,-0.6310,0.87520,0.03400,-0.03400,3.3210e+02,1.250e+01,-1.250e+01,2.22,3.500e-01,-1.200e-01,1060.0,,,297.73,130.79,-55.07,36.00,2,q1_q17_dr25_tce,5736.00,103.00,-125.00,4.467,0.030,-0.120,1.0080,0.1590,-0.0570,290.824190,44.647179,13.648
12600735,K00548.02,,CANDIDATE,CANDIDATE,0.8130,0,0,0,0,6.079945700,1.1250000e-04,-1.1250000e-04,136.4440000,1.500000e-02,-1.500000e-02,0.0970,0.3540,-0.0970,2.70600,0.65500,-0.65500,5.5100e+01,7.800e+00,-7.800e+00,0.86,1.400e-01,-8.000e-02,1101.0,,,348.11,144.15,-77.43,7.30,2,q1_q17_dr25_tce,6008.00,77.00,-83.00,4.350,0.076,-0.123,1.1680,0.1860,-0.1090,289.500670,51.685730,14.020
8738735,K00693.01,Kepler-214 c,CONFIRMED,CANDIDATE,0.9970,0,0,0,0,28.779644600,1.6920000e-04,-1.6920000e-04,193.3037400,4.390000e-03,-4.390000e-03,0.8860,0.0480,-0.5980,8.34900,0.12600,-0.12600,2.5320e+02,7.400e+00,-7.400e+00,1.95,3.200e-01,-1.200e-01,619.0,,,34.65,15.86,-6.79,36.50,2,q1_q17_dr25_tce,6000.00,106.00,-142.00,4.450,0.032,-0.128,1.0440,0.1730,-0.0620,284.754850,44.956032,13.949
8738735,K00693.02,Kepler-214 b,CONFIRMED,CANDIDATE,1.0000,0,0,0,0,15.660576880,3.8260000e-05,-3.8260000e-05,146.3487000,2.000000e-03,-2.000000e-03,0.2440,0.1900,-0.2440,7.01200,0.06960,-0.06960,3.8410e+02,6.300e+00,-6.300e+00,2.05,3.400e-01,-1.200e-01,758.0,,,78.01,35.69,-15.29,67.50,1,q1_q17_dr25_tce,6000.00,106.00,-142.00,4.450,0.032,-0.128,1.0440,0.1730,-0.0620,284.754850,44.956032,13.949
8802165,K00694.01,Kepler-648 b,CONFIRMED,CANDIDATE,1.0000,0,0,0,0,17.421159720,2.0900000e-05,-2.0900000e-05,184.2459060,9.570000e-04,-9.570000e-04,0.6510,0.1540,-0.4190,4.99740,0.05020,-0.05020,9.2810e+02,9.200e+00,-9.200e+00,3.11,4.700e-01,-1.500e-01,674.0,,,48.91,20.99,-8.39,114.30,1,q1_q17_dr25_tce,5679.00,103.00,-125.00,4.487,0.024,-0.128,0.9720,0.1490,-0.0470,283.899660,45.016891,13.939
10271806,K00733.03,Kepler-224 b,CONFIRMED,CANDIDATE,1.0000,0,0,0,0,3.132953510,1.0170000e-05,-1.0170000e-05,135.6749400,2.500000e-03,-2.500000e-03,0.1350,0.3120,-0.1350,2.22070,0.08380,-0.08380,4.3520e+02,1.980e+01,-1.980e+01,1.39,9.000e-02,-6.000e-02,937.0,,,181.84,42.51,-28.09,23.90,3,q1_q17_dr25_tce,5016.00,100.00,-100.00,4.641,0.018,-0.053,0.6790,0.0460,-0.0290,290.934300,47.357601,15.644
10271806,K00733.04,Kepler-224 e,CONFIRMED,CANDIDATE,1.0000,0,0,0,0,18.643499860,6.4890000e-05,-6.4890000e-05,141.6268700,2.880000e-03,-2.880000e-03,0.7740,0.1520,-0.5370,1.84910,0.08530,-0.08530,8.1340e+02,5.330e+01,-5.330e+01,2.14,1.400e-01,-9.000e-02,517.0,,,16.91,3.95,-2.62,16.10,4,q1_q17_dr25_tce,5016.00,100.00,-100.00,4.641,0.018,-0.053,0.6790,0.0460,-0.0290,290.934300,47.357601,15.644
5351250,K00408.05,,FALSE POSITIVE,FALSE POSITIVE,0.0050,1,0,0,0,93.803766000,1.1540000e-03,-1.1540000e-03,170.5591600,9.080000e-03,-9.080000e-03,0.6300,0.3250,-0.4110,2.94600,0.28600,-0.28600,4.6010e+02,5.810e+01,-5.810e+01,2.05,2.500e-01,-1.600e-01,375.0,,,4.69,1.68,-1.00,8.60,5,q1_q17_dr25_tce,5559.00,110.00,-110.00,4.470,0.068,-0.102,0.9140,0.1100,-0.0700,288.234100,40.520901,14.985
10272442,K00734.01,Kepler-657 b,CONFIRMED,CANDIDATE,1.0000,0,0,0,0,24.543456600,5.9530000e-05,-5.9530000e-05,187.9221500,1.880000e-03,-1.880000e-03,0.0420,0.3030,-0.0420,7.25180,0.06190,-0.06190,1.1513e+03,1.970e+01,-1.970e+01,3.08,9.100e-01,-2.800e-01,616.0,,,34.07,29.56,-9.23,64.50,1,q1_q17_dr25_tce,5955.00,161.00,-179.00,4.520,0.048,-0.192,0.9100,0.2690,-0.0840,291.197300,47.307800,15.344
10984090,K00112.01,Kepler-466 b,CONFIRMED,CANDIDATE,0.9900,0,0,0,0,51.079264510,6.4560000e-05,-6.4560000e-05,185.1808700,9.810000e-04,-9.810000e-04,0.0170,0.2670,-0.0170,6.37290,0.03120,-0.03120,7.3680e+02,6.000e+00,-6.000e+00,2.75,3.900e-01,-2.800e-01,503.0,,,15.17,6.00,-3.96,126.80,1,q1_q17_dr25_tce,5833.00,105.00,-117.00,4.407,0.085,-0.114,1.0220,0.1430,-0.1070,295.648710,48.495560,12.772
10272442,K00734.02,,CANDIDATE,CANDIDATE,0.9740,0,0,0,0,70.278091100,3.5670000e-04,-3.5670000e-04,151.3294100,4.200000e-03,-4.200000e-03,0.0700,0.3730,-0.0700,2.46600,0.12100,-0.12100,7.8160e+02,5.570e+01,-5.570e+01,2.54,7.500e-01,-2.300e-01,434.0,,,8.38,7.27,-2.27,14.90,2,q1_q17_dr25_tce,5955.00,161.00,-179.00,4.520,0.048,-0.192,0.9100,0.2690,-0.0840,291.197300,47.307800,15.344
4055765,K00100.01,,CANDIDATE,CANDIDATE,1.0000,0,0,0,0,9.966400400,1.2200000e-05,-1.2200000e-05,141.1532400,1.010000e-03,-1.010000e-03,0.9660,0.0120,-0.0080,5.01270,0.07020,-0.07020,1.6190e+03,1.940e+01,-1.940e+01,16.89,2.150e+00,-4.290e+00,1578.0,,,1466.10,534.35,-713.60,125.90,1,q1_q17_dr25_tce,6638.00,120.00,-133.00,3.664,0.195,-0.065,3.0790,0.3910,-0.7820,291.177920,39.199490,12.598
5131180,K00641.01,,CANDIDATE,CANDIDATE,1.0000,0,0,0,0,14.851855260,2.7540000e-05,-2.7540000e-05,177.9987000,1.450000e-03,-1.450000e-03,0.8150,0.0520,-0.5490,3.52630,0.05730,-0.05730,1.3410e+03,2.620e+01,-2.620e+01,2.73,8.000e-02,-1.200e-01,457.0,,,10.30,1.54,-1.59,58.30,1,q1_q17_dr25_tce,4129.00,82.00,-82.00,4.636,0.028,-0.018,0.6520,0.0200,-0.0280,299.299470,40.235069,13.583
5181817,K00642.01,,FALSE POSITIVE,FALSE POSITIVE,0.0000,0,0,1,1,4.350413063,9.2180000e-06,-9.2180000e-06,171.4356500,1.570000e-03,-1.570000e-03,0.5490,0.3920,-0.3230,1.76940,0.05830,-0.05830,1.9250e+02,6.400e+00,-6.400e+00,1.26,3.700e-01,-1.200e-01,1088.0,,,331.98,278.44,-92.90,37.80,1,q1_q17_dr25_tce,5978.00,143.00,-179.00,4.534,0.048,-0.204,0.8760,0.2570,-0.0860,290.231600,40.356571,13.211
5309353,K00643.01,,FALSE POSITIVE,FALSE POSITIVE,0.0000,0,1,0,0,1.376384817,2.1790000e-06,-2.1790000e-06,169.7291900,1.310000e-03,-1.310000e-03,0.5580,0.4180,-0.3230,1.74500,0.05030,-0.05030,3.6590e+02,9.700e+00,-9.700e+00,1.47,2.400e-01,-1.200e-01,1343.0,,,770.31,423.88,-205.56,47.80,1,q1_q17_dr25_tce,5278.00,185.00,-185.00,4.591,0.045,-0.091,0.7460,0.1210,-0.0600,299.681300,40.428425,13.992
5356593,K00644.01,,FALSE POSITIVE,FALSE POSITIVE,0.0000,0,1,1,0,45.977861823,7.3270000e-06,-7.3270000e-06,240.5976090,1.130000e-04,-1.130000e-04,0.3670,0.0100,-0.0120,7.44930,0.01060,-0.01060,2.3886e+04,2.250e+01,-2.250e+01,17.09,2.650e+00,-2.650e+00,541.0,,,20.32,8.27,-6.57,1283.60,1,q1_q17_dr25_tce,5761.00,77.00,-77.00,4.306,0.156,-0.117,1.0960,0.1700,-0.1700,289.966740,40.532661,13.725
8805348,K00695.01,Kepler-649 b,CONFIRMED,CANDIDATE,1.0000,0,0,0,0,29.907218590,5.3710000e-05,-5.3710000e-05,175.2933700,1.350000e-03,-1.350000e-03,0.0220,0.3590,-0.0220,4.84750,0.04550,-0.04550,5.8800e+02,8.600e+00,-8.600e+00,2.16,2.600e-01,-1.900e-01,564.0,,,23.92,8.46,-5.62,79.80,1,q1_q17_dr25_tce,5739.00,103.00,-115.00,4.476,0.068,-0.102,0.8960,0.1100,-0.0800,285.655940,45.079559,13.437
8869680,K00696.01,,FALSE POSITIVE,FALSE POSITIVE,0.1930,0,0,1,0,7.033801090,2.4740000e-05,-2.4740000e-05,174.1577200,2.610000e-03,-2.610000e-03,0.8610,0.0030,-0.5970,6.41850,0.06890,-0.06890,1.3850e+02,3.400e+00,-3.400e+00,2.61,5.300e-01,-7.900e-01,1320.0,,,718.45,446.21,-415.44,46.70,1,q1_q17_dr25_tce,6122.00,181.00,-217.00,4.019,0.234,-0.126,1.9340,0.3890,-0.5840,284.880370,45.134621,13.357
10843431,K07378.02,,CANDIDATE,CANDIDATE,0.5290,0,0,0,0,56.391062000,4.8360000e-03,-4.8360000e-03,167.5790000,1.130000e-01,-1.130000e-01,0.9200,0.0260,-0.6710,5.70000,0.33500,-0.33500,2.0420e+03,2.010e+02,-2.010e+02,3.58,2.900e-01,-3.200e-01,310.0,,,2.18,0.74,-0.64,11.40,2,q1_q17_dr25_tce,4406.00,154.00,-170.00,4.643,0.044,-0.032,0.6280,0.0510,-0.0560,282.370420,48.259289,16.324
8878187,K00697.01,Kepler-650 b,CONFIRMED,CANDIDATE,0.9550,0,0,0,0,3.032147946,3.3430000e-06,-3.3430000e-06,171.7342810,8.780000e-04,-8.780000e-04,0.8360,0.0240,-0.5710,3.86270,0.04470,-0.04470,4.8860e+02,5.400e+00,-5.400e+00,3.62,5.800e-01,-7.700e-01,1507.0,,,1218.88,542.51,-522.77,103.10,1,q1_q17_dr25_tce,5827.00,104.00,-115.00,4.151,0.168,-0.098,1.4470,0.2320,-0.3090,289.000890,45.154270,13.684
4914423,K00108.01,Kepler-103 b,CONFIRMED,CANDIDATE,1.0000,0,0,0,0,15.965327180,1.3680000e-05,-1.3680000e-05,142.1780330,6.880000e-04,-6.880000e-04,0.6740,0.0260,-0.4600,4.58370,0.02310,-0.02310,4.8220e+02,3.800e+00,-3.800e+00,3.33,2.100e-01,-1.700e-01,872.0,,,136.42,26.02,-19.76,144.20,1,q1_q17_dr25_tce,5880.00,78.00,-78.00,4.154,0.033,-0.027,1.4330,0.0900,-0.0720,288.984560,40.064529,12.287
8891278,K00698.01,,FALSE POSITIVE,FALSE POSITIVE,0.0000,0,1,0,0,12.718711489,1.8170000e-06,-1.8170000e-06,172.9953450,1.150000e-04,-1.150000e-04,1.5880,2.5860,-0.1320,2.48998,0.00805,-0.00805,8.3789e+03,1.850e+01,-1.850e+01,120.02,3.061e+01,-4.587e+01,1042.0,,,279.33,225.15,-186.80,550.20,1,q1_q17_dr25_tce,6120.00,213.00,-213.00,4.036,0.378,-0.162,1.5960,0.4070,-0.6100,293.913640,45.189793,13.816
10287242,K00735.01,,CANDIDATE,CANDIDATE,1.0000,0,0,0,0,22.342135360,9.3530000e-05,-9.3530000e-05,171.5593900,2.680000e-03,-2.680000e-03,0.9730,47.1900,-0.0280,6.46100,0.14300,-0.14300,2.2644e+03,5.090e+01,-5.090e+01,5.19,5.400e-01,-5.500e-01,526.0,,,18.14,6.77,-5.27,51.90,1,q1_q17_dr25_tce,5237.00,157.00,-157.00,4.568,0.084,-0.056,0.7070,0.0740,-0.0740,296.693360,47.392151,15.637
10340423,K00736.01,Kepler-225 c,CONFIRMED,CANDIDATE,1.0000,0,0,0,0,18.794185060,4.4650000e-05,-4.4650000e-05,177.7942600,1.840000e-03,-1.840000e-03,0.3560,0.0690,-0.3550,3.29060,0.06720,-0.06720,1.5290e+03,3.910e+01,-3.910e+01,2.33,1.100e-01,-1.100e-01,412.0,,,6.79,1.25,-1.10,40.20,1,q1_q17_dr25_tce,4126.00,82.00,-82.00,4.668,0.022,-0.022,0.6020,0.0280,-0.0280,292.193970,47.457088,15.962
10340423,K00736.02,Kepler-225 b,CONFIRMED,CANDIDATE,1.0000,0,0,0,0,6.738935440,2.6870000e-05,-2.6870000e-05,135.2821800,3.170000e-03,-3.170000e-03,0.0430,0.4200,-0.0430,2.81300,0.11400,-0.11400,6.0130e+02,2.770e+01,-2.770e+01,1.44,6.000e-02,-7.000e-02,579.0,,,26.64,4.93,-4.29,24.20,2,q1_q17_dr25_tce,4126.00,82.00,-82.00,4.668,0.022,-0.022,0.6020,0.0280,-0.0280,292.193970,47.457088,15.962
10345478,K00737.01,,FALSE POSITIVE,FALSE POSITIVE,0.0000,0,1,0,0,14.498393160,1.3490000e-05,-1.3490000e-05,182.6795960,7.440000e-04,-7.440000e-04,0.9100,0.0050,-0.0070,3.73430,0.05490,-0.05490,3.2711e+03,3.540e+01,-3.540e+01,5.16,7.900e-01,-4.200e-01,607.0,,,32.22,15.94,-8.16,125.60,1,q1_q17_dr25_tce,5268.00,158.00,-158.00,4.602,0.039,-0.084,0.7350,0.1120,-0.0600,294.121000,47.408791,15.684
10358759,K00738.01,Kepler-29 b,CONFIRMED,CANDIDATE,1.0000,0,0,0,0,10.339240800,1.7220000e-05,-1.7220000e-05,170.3854900,1.230000e-03,-1.230000e-03,0.1500,0.2660,-0.1500,3.07500,0.04560,-0.04560,1.1846e+03,2.560e+01,-2.560e+01,2.98,2.300e-01,-1.500e-01,777.0,,,86.46,20.29,-15.32,51.40,1,q1_q17_dr25_tce,5730.00,90.00,-136.00,4.545,0.021,-0.052,0.8700,0.0670,-0.0420,298.348330,47.491230,15.282
5374854,K00645.01,Kepler-633 b,CONFIRMED,CANDIDATE,0.8860,0,0,0,0,8.503392490,2.7920000e-05,-2.7920000e-05,170.8689400,2.460000e-03,-2.460000e-03,0.8250,0.1050,-0.5690,2.95690,0.07950,-0.07950,1.8890e+02,7.400e+00,-7.400e+00,1.95,3.100e-01,-3.700e-01,1021.0,,,257.22,112.57,-103.60,28.50,2,q1_q17_dr25_tce,5877.00,105.00,-129.00,4.233,0.162,-0.108,1.2650,0.1990,-0.2430,295.217440,40.592251,13.716
5374854,K00645.02,Kepler-633 c,CONFIRMED,CANDIDATE,1.0000,0,0,0,0,23.783209700,1.2870000e-04,-1.2870000e-04,179.7501300,3.880000e-03,-3.880000e-03,0.0100,0.4380,-0.0100,7.93900,0.12100,-0.12100,2.5650e+02,7.200e+00,-7.200e+00,2.01,3.200e-01,-3.800e-01,725.0,,,65.26,28.57,-26.28,38.30,1,q1_q17_dr25_tce,5877.00,105.00,-129.00,4.233,0.162,-0.108,1.2650,0.1990,-0.2430,295.217440,40.592251,13.716
5384802,K00646.01,,FALSE POSITIVE,FALSE POSITIVE,0.0000,0,1,0,0,3.041547148,1.7600000e-07,-1.7600000e-07,170.4878722,4.580000e-05,-4.580000e-05,1.2330,0.0420,-0.0420,3.22798,0.00244,-0.00244,2.0691e+04,1.490e+01,-1.490e+01,60.05,1.015e+01,-7.050e+00,1544.0,,,1344.31,612.49,-385.93,1670.60,1,q1_q17_dr25_tce,6431.00,102.00,-141.00,4.293,0.076,-0.114,1.2950,0.2190,-0.1520,297.449040,40.510899,13.705
5531694,K00647.01,Kepler-634 b,CONFIRMED,CANDIDATE,1.0000,0,0,0,0,5.169497290,1.0170000e-05,-1.0170000e-05,170.3133900,1.540000e-03,-1.540000e-03,0.2350,0.1840,-0.2350,4.51220,0.04640,-0.04640,2.1060e+02,3.500e+00,-3.500e+00,2.06,3.100e-01,-4.300e-01,1309.0,,,694.32,294.94,-296.47,66.20,1,q1_q17_dr25_tce,6011.00,108.00,-132.00,4.123,0.195,-0.105,1.4090,0.2140,-0.2940,291.195070,40.702702,13.550
5596440,K00648.01,,CANDIDATE,CANDIDATE,0.0000,0,0,0,0,10.474903320,6.5330000e-05,-6.5330000e-05,171.9990600,5.770000e-03,-5.770000e-03,0.9720,0.0800,-0.0970,33.79390,0.00000,0.00000,1.1702e+03,6.090e+01,-6.090e+01,15.45,2.050e+00,-6.160e+00,1567.0,,,1427.20,610.93,-970.15,150.50,1,q1_q17_dr25_tce,6526.00,177.00,-196.00,3.616,0.357,-0.084,3.2320,0.4290,-1.2880,282.720670,40.899181,13.220
8908102,K00699.01,,FALSE POSITIVE,FALSE POSITIVE,0.0000,0,1,0,0,5.414605360,1.7620000e-05,-1.7620000e-05,174.6556300,2.700000e-03,-2.700000e-03,1.2900,0.0780,-0.0730,33.78700,0.23500,-0.23500,4.0801e+03,1.760e+01,-1.760e+01,116.93,2.197e+01,-6.595e+01,1737.0,,,2150.63,1335.97,-1796.64,294.40,1,q1_q17_dr25_tce,6033.00,213.00,-213.00,3.676,0.584,-0.110,2.9430,0.5530,-1.6600,298.836030,45.116520,13.633
8962094,K00700.01,Kepler-215 d,CONFIRMED,CANDIDATE,1.0000,0,0,0,0,30.864365120,5.4010000e-05,-5.4010000e-05,172.9347700,1.360000e-03,-1.360000e-03,0.8510,0.0530,-0.5720,2.95570,0.04930,-0.04930,5.5130e+02,1.160e+01,-1.160e+01,2.23,2.800e-01,-1.000e-01,527.0,,,18.22,6.76,-2.87,51.80,1,q1_q17_dr25_tce,5677.00,113.00,-113.00,4.563,0.018,-0.108,0.8280,0.1040,-0.0370,294.973510,45.213692,13.580
8962094,K00700.02,Kepler-215 b,CONFIRMED,CANDIDATE,1.0000,0,0,0,0,9.360597050,2.3100000e-05,-2.3100000e-05,171.9729200,1.940000e-03,-1.940000e-03,0.8020,0.0830,-0.5570,3.20690,0.06090,-0.06090,2.3650e+02,6.200e+00,-6.200e+00,1.42,1.700e-01,-7.000e-02,784.0,,,89.47,33.18,-14.13,42.00,2,q1_q17_dr25_tce,5677.00,113.00,-113.00,4.563,0.018,-0.108,0.8280,0.1040,-0.0370,294.973510,45.213692,13.580
8962094,K00700.03,Kepler-215 c,CONFIRMED,CANDIDATE,0.9970,0,0,0,0,14.667229300,5.8020000e-05,-5.8020000e-05,145.4205800,2.800000e-03,-2.800000e-03,0.5960,0.3240,-0.3700,3.74200,0.08940,-0.08940,1.9810e+02,6.900e+00,-6.900e+00,1.21,1.500e-01,-5.000e-02,675.0,,,49.12,18.23,-7.75,30.50,3,q1_q17_dr25_tce,5677.00,113.00,-113.00,4.563,0.018,-0.108,0.8280,0.1040,-0.0370,294.973510,45.213692,13.580
8962094,K00700.04,Kepler-215 e,CONFIRMED,CANDIDATE,0.9760,0,0,0,0,68.160989700,4.5250000e-04,-4.5250000e-04,187.0334600,4.310000e-03,-4.310000e-03,0.4590,0.4710,-0.2550,5.66200,0.12400,-0.12400,2.9560e+02,1.250e+01,-1.250e+01,1.45,1.800e-01,-7.000e-02,405.0,,,6.34,2.35,-1.00,25.00,4,q1_q17_dr25_tce,5677.00,113.00,-113.00,4.563,0.018,-0.108,0.8280,0.1040,-0.0370,294.973510,45.213692,13.580
10358759,K00738.02,Kepler-29 c,CONFIRMED,CANDIDATE,1.0000,0,0,0,0,13.286899970,2.7750000e-05,-2.7750000e-05,172.1193200,1.650000e-03,-1.650000e-03,0.0170,0.3720,-0.0170,3.28250,0.05040,-0.05040,1.0396e+03,2.690e+01,-2.690e+01,2.78,2.200e-01,-1.300e-01,715.0,,,61.80,14.50,-10.95,41.30,2,q1_q17_dr25_tce,5730.00,90.00,-136.00,4.545,0.021,-0.052,0.8700,0.0670,-0.0420,298.348330,47.491230,15.282
10386984,K00739.01,Kepler-658 b,CONFIRMED,CANDIDATE,0.9990,0,0,0,0,1.287076693,1.2000000e-06,-1.2000000e-06,169.8154910,7.440000e-04,-7.440000e-04,0.0030,0.4170,-0.0030,1.49420,0.02790,-0.02790,7.2940e+02,1.370e+01,-1.370e+01,1.39,8.000e-02,-1.200e-01,871.0,,,135.97,28.56,-32.19,65.20,1,q1_q17_dr25_tce,3736.00,75.00,-84.00,4.724,0.046,-0.021,0.5250,0.0300,-0.0450,282.983800,47.578590,15.488
9588822,K04388.02,,CANDIDATE,CANDIDATE,0.9980,0,0,0,0,61.858947000,3.0990000e-03,-3.0990000e-03,191.9736000,5.250000e-02,-5.250000e-02,0.6210,0.0380,-0.4760,21.32000,1.70000,-1.70000,7.0800e+01,9.600e+00,-9.600e+00,2.47,6.900e-01,-1.500e+00,699.0,,,56.48,47.84,-48.59,9.10,3,q1_q17_dr25_tce,5529.00,168.00,-140.00,3.685,0.712,-0.178,2.8170,0.7890,-1.7090,292.134280,46.202419,12.045
10395381,K00740.01,Kepler-659 b,CONFIRMED,CANDIDATE,1.0000,0,0,0,0,17.671771400,5.3560000e-05,-5.3560000e-05,186.3704000,2.520000e-03,-2.520000e-03,0.8600,0.0030,-0.5990,3.42020,0.06320,-0.06320,9.1860e+02,2.910e+01,-2.910e+01,2.44,2.700e-01,-1.700e-01,513.0,,,16.38,6.02,-3.84,36.20,1,q1_q17_dr25_tce,4869.00,131.00,-146.00,4.636,0.027,-0.063,0.6870,0.0750,-0.0480,287.608180,47.509682,15.556
10418797,K00741.01,,FALSE POSITIVE,FALSE POSITIVE,0.0000,0,1,0,0,23.355341391,2.8170000e-06,-2.8170000e-06,169.8339432,9.050000e-05,-9.050000e-05,0.8420,0.0090,-0.0010,4.60672,0.00690,-0.00690,3.8524e+04,5.260e+01,-5.260e+01,21.55,5.800e+00,-1.930e+00,601.0,,,30.96,24.58,-8.24,1144.30,1,q1_q17_dr25_tce,5754.00,156.00,-173.00,4.534,0.035,-0.196,0.9050,0.2440,-0.0810,296.957240,47.553810,15.278
5613330,K00649.01,Kepler-635 b,CONFIRMED,CANDIDATE,1.0000,0,0,0,0,23.449704940,7.1930000e-05,-7.1930000e-05,182.9229500,2.400000e-03,-2.400000e-03,0.1930,0.2320,-0.1930,8.65670,0.07660,-0.07660,3.1560e+02,5.000e+00,-5.000e+00,2.71,4.900e-01,-4.100e-01,802.0,,,97.94,49.00,-33.09,67.90,1,q1_q17_dr25_tce,6188.00,110.00,-135.00,4.196,0.115,-0.126,1.5240,0.2780,-0.2280,289.773250,40.800720,13.310
8456679,K00102.01,Kepler-1990 b,CONFIRMED,CANDIDATE,1.0000,0,0,0,0,1.735136190,2.8200000e-07,-2.8200000e-07,135.0600470,1.360000e-04,-1.360000e-04,0.0450,0.1920,-0.0450,2.27410,0.00554,-0.00554,9.5260e+02,2.300e+00,-2.300e+00,3.27,5.400e-01,-3.300e-01,1554.0,,,1372.87,628.45,-350.48,473.20,1,q1_q17_dr25_tce,5751.00,103.00,-114.00,4.391,0.080,-0.120,1.0710,0.1770,-0.1090,299.704740,44.435749,12.566
5786676,K00650.01,Kepler-1665 b,CONFIRMED,CANDIDATE,1.0000,0,0,0,0,11.954745130,9.0540000e-06,-9.0540000e-06,178.7216940,6.040000e-04,-6.040000e-04,0.6010,0.0160,-0.4470,2.14330,0.02480,-0.02480,9.0340e+02,1.090e+01,-1.090e+01,5.15,1.370e+00,-2.230e+00,906.0,,,159.04,119.05,-111.34,96.30,1,q1_q17_dr25_tce,5059.00,111.00,-91.00,3.976,0.378,-0.135,1.6570,0.4410,-0.7160,290.396180,41.040081,13.594
5796186,K00651.01,,FALSE POSITIVE,FALSE POSITIVE,0.0000,0,1,1,1,42.559306250,4.5510000e-05,-4.5510000e-05,204.1300060,8.320000e-04,-8.320000e-04,0.9270,0.0060,-0.0100,3.01480,0.06950,-0.06950,2.3035e+03,5.530e+01,-5.530e+01,5.45,7.900e-01,-3.200e-01,527.0,,,18.24,6.84,-2.95,60.90,1,q1_q17_dr25_tce,6032.00,72.00,-84.00,4.489,0.040,-0.120,0.9240,0.1340,-0.0540,293.456120,41.048222,13.909
5796675,K00652.01,Kepler-636 b,CONFIRMED,CANDIDATE,1.0000,0,0,0,0,16.080657264,8.0770000e-06,-8.0770000e-06,182.7601000,3.930000e-04,-3.930000e-04,0.0510,0.3030,-0.0510,2.87010,0.01990,-0.01990,3.0760e+03,1.830e+01,-1.830e+01,4.43,3.800e-01,-2.300e-01,614.0,,,33.64,9.19,-5.86,195.90,1,q1_q17_dr25_tce,5303.00,106.00,-106.00,4.547,0.030,-0.070,0.8170,0.0690,-0.0440,293.591890,41.095161,13.653
9002278,K00701.01,Kepler-62 d,CONFIRMED,CANDIDATE,1.0000,0,0,0,0,18.164073040,1.7620000e-05,-1.7620000e-05,180.8124250,7.650000e-04,-7.650000e-04,0.0210,0.3540,-0.0210,2.93550,0.02600,-0.02600,9.4320e+02,1.020e+01,-1.020e+01,1.98,1.200e-01,-8.000e-02,508.0,,,15.72,3.46,-2.37,99.70,1,q1_q17_dr25_tce,4926.00,98.00,-98.00,4.653,0.017,-0.049,0.6620,0.0410,-0.0270,283.212740,45.349861,13.725
12306808,K07521.02,,FALSE POSITIVE,FALSE POSITIVE,0.0000,0,0,1,0,7.334073405,,,137.1334748,,,0.5590,,,2.73080,,,3.2690e+02,,,1.42,3.200e-01,-1.000e-01,870.0,,,135.81,87.91,-31.66,2.60,4,q1_q17_dr25_tce,5985.00,143.00,-161.00,4.603,0.028,-0.161,0.7580,0.1700,-0.0570,291.110570,51.058929,13.265
9002278,K00701.02,Kepler-62 b,CONFIRMED,CANDIDATE,1.0000,0,0,0,0,5.714896920,6.7560000e-06,-6.7560000e-06,170.9219040,9.370000e-04,-9.370000e-04,0.0110,0.4620,-0.0110,2.35720,0.03310,-0.03310,4.2590e+02,6.700e+00,-6.700e+00,1.33,8.000e-02,-6.000e-02,747.0,,,73.38,16.15,-11.08,73.00,2,q1_q17_dr25_tce,4926.00,98.00,-98.00,4.653,0.017,-0.049,0.6620,0.0410,-0.0270,283.212740,45.349861,13.725
9002278,K00701.03,Kepler-62 e,CONFIRMED,CANDIDATE,0.9940,0,0,0,0,122.385868100,5.0220000e-04,-5.0220000e-04,150.4115800,3.170000e-03,-3.170000e-03,0.1010,0.3530,-0.1010,7.12300,0.10200,-0.10200,7.1110e+02,1.560e+01,-1.560e+01,1.72,1.000e-01,-7.000e-02,269.0,,,1.24,0.27,-0.19,46.30,3,q1_q17_dr25_tce,4926.00,98.00,-98.00,4.653,0.017,-0.049,0.6620,0.0410,-0.0270,283.212740,45.349861,13.725
9053112,K00702.01,,FALSE POSITIVE,FALSE POSITIVE,0.0000,0,1,1,1,1.274840187,5.0980000e-06,-5.0980000e-06,169.8697300,3.340000e-03,-3.340000e-03,1.1980,0.0760,-0.1130,14.83300,0.64600,-0.64600,2.2920e+02,5.100e+00,-5.100e+00,66.76,1.962e+01,-4.577e+01,2498.0,,,9187.90,8503.77,-8392.45,79.30,1,q1_q17_dr25_tce,5365.00,191.00,-175.00,3.669,0.816,-0.204,2.8720,0.8440,-1.9690,300.727020,45.305538,13.759
4914423,K00108.02,Kepler-103 c,CONFIRMED,CANDIDATE,1.0000,0,0,0,0,179.609803000,1.8230000e-04,-1.8230000e-04,295.3303610,4.470000e-04,-4.470000e-04,0.7110,0.0110,-0.4000,13.75500,0.11900,-0.11900,1.2730e+03,7.700e+00,-7.700e+00,5.47,3.400e-01,-2.800e-01,389.0,,,5.41,1.03,-0.78,184.60,2,q1_q17_dr25_tce,5880.00,78.00,-78.00,4.154,0.033,-0.027,1.4330,0.0900,-0.0720,288.984560,40.064529,12.287
9162741,K00703.01,,FALSE POSITIVE,FALSE POSITIVE,0.0000,0,0,1,0,1.368617188,2.1460000e-06,-2.1460000e-06,169.9517500,1.270000e-03,-1.270000e-03,0.4640,0.0680,-0.4640,1.62350,0.04490,-0.04490,1.2690e+02,3.600e+00,-3.600e+00,1.84,5.600e-01,-5.100e-01,2255.0,,,6108.26,5489.20,-3335.90,44.40,1,q1_q17_dr25_tce,6561.00,181.00,-227.00,4.140,0.209,-0.171,1.5840,0.4830,-0.4390,294.912020,45.566685,13.361
5893123,K00653.01,,FALSE POSITIVE,FALSE POSITIVE,0.0000,0,1,1,0,1.125963085,1.5310000e-06,-1.5310000e-06,169.6340000,1.140000e-03,-1.140000e-03,0.5960,0.3620,-0.3620,1.50340,0.04750,-0.04750,1.4600e+02,4.300e+00,-4.300e+00,1.41,2.400e-01,-1.500e-01,1988.0,,,3689.22,1627.89,-894.83,43.10,1,q1_q17_dr25_tce,6225.00,80.00,-87.00,4.348,0.095,-0.126,1.1160,0.1900,-0.1170,296.435670,41.134602,13.858
5941160,K00654.01,Kepler-200 b,CONFIRMED,CANDIDATE,1.0000,0,0,0,0,8.594818510,2.5720000e-05,-2.5720000e-05,171.6278100,2.380000e-03,-2.380000e-03,0.6170,0.2930,-0.3880,3.25400,0.08440,-0.08440,3.3650e+02,1.040e+01,-1.040e+01,1.75,2.300e-01,-1.300e-01,854.0,,,125.48,48.91,-26.97,37.50,1,q1_q17_dr25_tce,5675.00,113.00,-113.00,4.459,0.081,-0.099,0.9150,0.1220,-0.0710,284.409910,41.237461,13.984
5941160,K00654.02,Kepler-200 c,CONFIRMED,CANDIDATE,1.0000,0,0,0,0,10.222156970,3.4340000e-05,-3.4340000e-05,135.8901700,2.770000e-03,-2.770000e-03,0.9110,0.0510,-0.6340,1.19390,0.09520,-0.09520,2.3820e+02,2.100e+01,-2.100e+01,1.72,2.300e-01,-1.300e-01,806.0,,,99.68,38.85,-21.43,13.60,2,q1_q17_dr25_tce,5675.00,113.00,-113.00,4.459,0.081,-0.099,0.9150,0.1220,-0.0710,284.409910,41.237461,13.984
5966154,K00655.01,Kepler-201 b,CONFIRMED,CANDIDATE,1.0000,0,0,0,0,25.672155900,5.3290000e-05,-5.3290000e-05,192.0967900,1.590000e-03,-1.590000e-03,0.8670,0.0440,-0.6090,5.96290,0.07970,-0.07970,3.8710e+02,5.500e+00,-5.500e+00,2.68,4.200e-01,-2.500e-01,683.0,,,51.47,22.75,-12.69,78.40,1,q1_q17_dr25_tce,6034.00,109.00,-133.00,4.359,0.063,-0.117,1.1790,0.1870,-0.1090,293.626040,41.272820,13.004
5966154,K00655.02,Kepler-201 c,CONFIRMED,CANDIDATE,0.9700,0,0,0,0,151.885188100,9.5640000e-04,-9.5640000e-04,176.4127200,5.890000e-03,-5.890000e-03,0.7880,0.1260,-0.5520,12.09100,0.15200,-0.15200,3.6060e+02,8.100e+00,-8.100e+00,2.47,3.900e-01,-2.300e-01,378.0,,,4.81,2.13,-1.19,46.30,2,q1_q17_dr25_tce,6034.00,109.00,-133.00,4.359,0.063,-0.117,1.1790,0.1870,-0.1090,293.626040,41.272820,13.004
3749508,K07544.02,,FALSE POSITIVE,FALSE POSITIVE,0.0000,0,1,0,0,1.065731229,5.7400000e-07,-5.7400000e-07,132.0392870,4.460000e-04,-4.460000e-04,1.2770,5.1180,-0.0550,1.74990,0.02490,-0.02490,3.6396e+03,4.250e+01,-4.250e+01,384.26,7.263e+01,-2.179e+02,5118.0,,,161806.81,89420.71,-135262.10,109.20,1,q1_q17_dr25_tce,6244.00,148.00,-204.00,2.897,0.512,-0.096,10.1050,1.9100,-5.7310,292.105900,38.836220,13.151
9266431,K00704.01,Kepler-1726 b,CONFIRMED,CANDIDATE,1.0000,0,0,0,0,18.396297440,2.9730000e-05,-2.9730000e-05,185.1394600,1.310000e-03,-1.310000e-03,0.8720,0.0160,-0.6520,2.78380,0.04050,-0.04050,6.8020e+02,1.360e+01,-1.360e+01,2.47,2.300e-01,-1.200e-01,582.0,,,27.09,8.11,-4.41,58.40,1,q1_q17_dr25_tce,5316.00,106.00,-106.00,4.570,0.020,-0.080,0.8040,0.0770,-0.0380,284.386170,45.719711,13.704
9300285,K00705.01,,FALSE POSITIVE,FALSE POSITIVE,0.0000,0,0,1,0,1.012672041,4.3500000e-07,-4.3500000e-07,170.1892320,3.400000e-04,-3.400000e-04,0.9570,0.0010,-0.0020,3.05120,0.02650,-0.02650,1.1976e+03,9.400e+00,-9.400e+00,5.89,1.830e+00,-9.900e-01,2337.0,,,7026.31,6250.59,-2820.42,237.40,1,q1_q17_dr25_tce,6663.00,160.00,-240.00,4.275,0.105,-0.195,1.3380,0.4160,-0.2240,298.453190,45.746101,13.788
9426071,K00706.01,,FALSE POSITIVE,FALSE POSITIVE,0.0000,0,1,0,0,28.714216138,4.2100000e-06,-4.2100000e-06,182.6086680,1.170000e-04,-1.170000e-04,0.9190,0.0150,-0.0140,6.06240,0.01010,-0.01010,4.3702e+04,5.460e+01,-5.460e+01,42.19,1.265e+01,-8.430e+00,794.0,,,93.74,83.28,-41.72,1230.70,1,q1_q17_dr25_tce,6706.00,189.00,-236.00,4.226,0.132,-0.182,1.4170,0.4250,-0.2830,299.283050,45.964439,13.765
9458613,K00707.01,Kepler-33 d,CONFIRMED,CANDIDATE,1.0000,0,0,0,0,21.775681580,3.3270000e-05,-3.3270000e-05,189.6382800,1.210000e-03,-1.210000e-03,0.0250,0.2610,-0.0250,7.95880,0.03740,-0.03740,7.9790e+02,7.000e+00,-7.000e+00,4.76,7.200e-01,-1.170e+00,853.0,,,125.14,54.41,-59.61,117.30,1,q1_q17_dr25_tce,5900.00,117.00,-117.00,4.022,0.195,-0.090,1.6940,0.2570,-0.4180,289.077550,46.005219,13.988
9458613,K00707.02,Kepler-33 f,CONFIRMED,CANDIDATE,0.9970,0,0,0,0,41.028342400,1.4180000e-04,-1.4180000e-04,172.5748100,2.620000e-03,-2.620000e-03,0.0110,0.3480,-0.0110,9.80520,0.07510,-0.07510,5.4140e+02,8.300e+00,-8.300e+00,3.92,6.000e-01,-9.700e-01,691.0,,,53.80,23.40,-25.62,66.50,2,q1_q17_dr25_tce,5900.00,117.00,-117.00,4.022,0.195,-0.090,1.6940,0.2570,-0.4180,289.077550,46.005219,13.988
10729472,K04453.02,,FALSE POSITIVE,FALSE POSITIVE,0.1410,0,1,0,0,0.834422820,1.1490000e-05,-1.1490000e-05,131.7827000,1.310000e-02,-1.310000e-02,0.1630,0.2820,-0.1630,1.87300,0.36700,-0.36700,5.0900e+01,8.200e+00,-8.200e+00,0.64,1.600e-01,-7.000e-02,1854.0,,,2794.84,2064.28,-806.85,8.80,2,q1_q17_dr25_tce,5838.00,140.00,-175.00,4.529,0.044,-0.176,0.8970,0.2310,-0.0930,291.164760,48.052429,15.271
5966660,K00656.01,,FALSE POSITIVE,FALSE POSITIVE,0.0010,0,0,1,0,1.906633332,2.2960000e-06,-2.2960000e-06,170.0641020,9.110000e-04,-9.110000e-04,0.9800,0.0060,-0.0030,3.08250,0.08040,-0.08040,2.6800e+02,5.800e+00,-5.800e+00,2.72,4.500e-01,-1.800e-01,1847.0,,,2745.66,1143.01,-494.66,83.30,1,q1_q17_dr25_tce,6736.00,70.00,-101.00,4.335,0.038,-0.113,1.2430,0.2060,-0.0830,293.775600,41.228489,13.429
6020753,K00657.01,Kepler-202 b,CONFIRMED,CANDIDATE,0.9920,0,0,0,0,4.069425638,4.3360000e-06,-4.3360000e-06,171.0177430,8.570000e-04,-8.570000e-04,0.1020,0.3350,-0.1020,2.03960,0.03140,-0.03140,5.4910e+02,9.300e+00,-9.300e+00,1.53,1.100e-01,-4.000e-02,802.0,,,97.72,22.80,-13.04,68.00,1,q1_q17_dr25_tce,4671.00,93.00,-93.00,4.636,0.012,-0.042,0.6800,0.0460,-0.0210,282.973420,41.322010,13.872
8456679,K00102.02,Kepler-1990 c,CONFIRMED,CANDIDATE,0.4910,0,0,0,0,4.068449570,1.2120000e-05,-1.2120000e-05,132.2761400,2.550000e-03,-2.550000e-03,0.5500,0.3770,-0.3370,2.83490,0.06900,-0.06900,7.9800e+01,3.000e+00,-3.000e+00,0.98,1.700e-01,-1.000e-01,1170.0,,,442.08,202.37,-112.86,29.30,2,q1_q17_dr25_tce,5751.00,103.00,-114.00,4.391,0.080,-0.120,1.0710,0.1770,-0.1090,299.704740,44.435749,12.566
6020753,K00657.02,Kepler-202 c,CONFIRMED,CANDIDATE,1.0000,0,0,0,0,16.282476250,2.6840000e-05,-2.6840000e-05,180.7981500,1.190000e-03,-1.190000e-03,0.3820,0.0400,-0.3820,2.92270,0.04400,-0.04400,7.9260e+02,1.460e+01,-1.460e+01,1.88,1.300e-01,-5.000e-02,505.0,,,15.37,3.59,-2.05,60.00,2,q1_q17_dr25_tce,4671.00,93.00,-93.00,4.636,0.012,-0.042,0.6800,0.0460,-0.0210,282.973420,41.322010,13.872
6062088,K00658.01,Kepler-203 b,CONFIRMED,CANDIDATE,1.0000,0,0,0,0,3.162692075,3.0230000e-06,-3.0230000e-06,169.6418600,7.710000e-04,-7.710000e-04,0.7160,0.0180,-0.5080,1.95290,0.02630,-0.02630,5.0370e+02,7.600e+00,-7.600e+00,2.61,3.900e-01,-3.500e-01,1308.0,,,692.32,286.81,-214.24,75.40,1,q1_q17_dr25_tce,5821.00,105.00,-117.00,4.355,0.121,-0.110,1.0850,0.1600,-0.1460,297.090000,41.388031,13.989
9458613,K00707.03,Kepler-33 e,CONFIRMED,CANDIDATE,0.9990,0,0,0,0,31.784815700,1.0060000e-04,-1.0060000e-04,135.8710500,2.690000e-03,-2.690000e-03,0.0150,0.4130,-0.0150,8.80770,0.08060,-0.08060,4.4450e+02,8.000e+00,-8.000e+00,3.55,5.400e-01,-8.700e-01,752.0,,,75.59,32.87,-36.00,57.60,3,q1_q17_dr25_tce,5900.00,117.00,-117.00,4.022,0.195,-0.090,1.6940,0.2570,-0.4180,289.077550,46.005219,13.988
9458613,K00707.04,Kepler-33 c,CONFIRMED,CANDIDATE,1.0000,0,0,0,0,13.175559990,3.6110000e-05,-3.6110000e-05,143.6789000,2.150000e-03,-2.150000e-03,0.0130,0.3530,-0.0130,6.66770,0.05820,-0.05820,2.8000e+02,5.900e+00,-5.900e+00,2.82,4.300e-01,-7.000e-01,1009.0,,,244.58,106.35,-116.49,48.80,4,q1_q17_dr25_tce,5900.00,117.00,-117.00,4.022,0.195,-0.090,1.6940,0.2570,-0.4180,289.077550,46.005219,13.988
9458613,K00707.05,Kepler-33 b,CONFIRMED,CANDIDATE,0.9970,0,0,0,0,5.668158210,1.5660000e-05,-1.5660000e-05,131.8874300,2.320000e-03,-2.320000e-03,0.1770,0.2180,-0.1770,4.90640,0.05870,-0.05870,1.1970e+02,4.600e+00,-4.600e+00,1.85,2.800e-01,-4.600e-01,1336.0,,,752.70,327.29,-358.52,27.30,5,q1_q17_dr25_tce,5900.00,117.00,-117.00,4.022,0.195,-0.090,1.6940,0.2570,-0.4180,289.077550,46.005219,13.988
9530945,K00708.01,Kepler-216 c,CONFIRMED,CANDIDATE,1.0000,0,0,0,0,17.406652160,3.3600000e-05,-3.3600000e-05,171.0068800,1.580000e-03,-1.580000e-03,0.0220,0.3320,-0.0220,6.86400,0.05180,-0.05180,5.8690e+02,7.400e+00,-7.400e+00,2.95,5.000e-01,-4.600e-01,814.0,,,104.04,51.40,-36.02,85.70,1,q1_q17_dr25_tce,6086.00,134.00,-134.00,4.274,0.143,-0.117,1.2160,0.2070,-0.1880,293.728060,46.129150,13.998
10610039,K04577.02,,CANDIDATE,CANDIDATE,0.9520,0,0,0,0,3.073651390,2.7960000e-05,-2.7960000e-05,134.1711700,6.880000e-03,-6.880000e-03,0.0340,0.4310,-0.0340,2.10200,0.20800,-0.20800,9.0500e+01,1.210e+01,-1.210e+01,0.79,2.300e-01,-6.000e-02,1215.0,,,515.92,433.34,-125.53,9.60,2,q1_q17_dr25_tce,6068.00,163.00,-181.00,4.565,0.036,-0.204,0.8310,0.2380,-0.0630,295.670900,47.830399,14.894
4752451,K00109.01,,FALSE POSITIVE,FALSE POSITIVE,0.0000,0,1,1,0,6.414964530,1.2520000e-05,-1.2520000e-05,132.8648200,1.570000e-03,-1.570000e-03,1.1870,6.6290,-0.0130,3.90150,0.09020,-0.09020,2.0120e+02,4.400e+00,-4.400e+00,25.79,5.270e+00,-5.280e+00,1153.0,,,417.97,257.72,-184.30,53.10,1,q1_q17_dr25_tce,6170.00,169.00,-188.00,4.259,0.186,-0.124,1.1830,0.2420,-0.2420,293.454280,39.803928,12.385
6062088,K00658.02,Kepler-203 c,CONFIRMED,CANDIDATE,1.0000,0,0,0,0,5.370639542,6.6650000e-06,-6.6650000e-06,172.2381500,9.550000e-04,-9.550000e-04,0.6670,0.2640,-0.4520,2.11210,0.03620,-0.03620,4.9130e+02,9.200e+00,-9.200e+00,2.54,3.800e-01,-3.400e-01,1096.0,,,341.68,141.56,-105.73,58.80,2,q1_q17_dr25_tce,5821.00,105.00,-117.00,4.355,0.121,-0.110,1.0850,0.1600,-0.1460,297.090000,41.388031,13.989
6062088,K00658.03,Kepler-203 d,CONFIRMED,CANDIDATE,1.0000,0,0,0,0,11.329770620,6.7730000e-05,-6.7730000e-05,133.9675500,5.290000e-03,-5.290000e-03,0.0360,0.4310,-0.0360,3.84500,0.15700,-0.15700,1.6240e+02,9.500e+00,-9.500e+00,1.37,2.100e-01,-1.800e-01,855.0,,,126.21,52.29,-39.06,18.50,3,q1_q17_dr25_tce,5821.00,105.00,-117.00,4.355,0.121,-0.110,1.0850,0.1600,-0.1460,297.090000,41.388031,13.989
6125481,K00659.01,Kepler-637 b,CONFIRMED,CANDIDATE,0.9840,0,0,0,0,23.205793530,6.0870000e-05,-6.0870000e-05,180.7628000,2.040000e-03,-2.040000e-03,0.0590,0.3780,-0.0590,4.32430,0.06250,-0.06250,3.4250e+02,8.400e+00,-8.400e+00,5.86,1.190e+00,-2.220e+00,1002.0,,,238.21,138.18,-153.35,46.90,1,q1_q17_dr25_tce,5460.00,119.00,-108.00,3.626,0.278,-0.111,3.2310,0.6590,-1.2240,292.417210,41.416870,13.413
6267535,K00660.01,Kepler-638 b,CONFIRMED,CANDIDATE,1.0000,0,0,0,0,6.079720160,1.3980000e-05,-1.3980000e-05,170.5838900,1.770000e-03,-1.770000e-03,0.4710,0.3720,-0.2720,7.12280,0.06180,-0.06180,2.9080e+02,4.400e+00,-4.400e+00,2.32,4.100e-01,-5.500e-01,1111.0,,,360.77,181.51,-163.35,77.90,1,q1_q17_dr25_tce,5460.00,120.00,-76.00,4.139,0.252,-0.108,1.3460,0.2340,-0.3220,284.919430,41.617191,13.532
1025986,K07621.01,,CANDIDATE,CANDIDATE,0.0000,0,0,0,0,275.073650000,3.9280000e-02,-3.9280000e-02,315.2486000,9.390000e-02,-9.390000e-02,0.5950,0.3400,-0.3950,3.37000,5.50000,-5.50000,2.2890e+02,4.300e+01,-4.300e+01,1.86,3.300e-01,-3.600e-01,303.0,,,2.00,0.92,-0.76,7.50,1,q1_q17_dr25_tce,5604.00,84.00,-67.00,4.226,0.208,-0.112,1.1870,0.2070,-0.2300,291.033690,36.771042,10.150
6347299,K00661.01,Kepler-204 b,CONFIRMED,CANDIDATE,1.0000,0,0,0,0,14.400904140,4.0430000e-05,-4.0430000e-05,174.9896400,2.280000e-03,-2.280000e-03,0.8720,0.0360,-0.6150,4.16820,0.06960,-0.06960,3.7960e+02,1.030e+01,-1.030e+01,2.71,4.000e-01,-4.500e-01,828.0,,,111.24,46.41,-39.78,41.10,1,q1_q17_dr25_tce,5815.00,105.00,-117.00,4.270,0.156,-0.104,1.1980,0.1780,-0.1980,285.347200,41.761921,13.909
9530945,K00708.02,Kepler-216 b,CONFIRMED,CANDIDATE,1.0000,0,0,0,0,7.693636270,2.0570000e-05,-2.0570000e-05,176.5035000,2.240000e-03,-2.240000e-03,0.3660,0.1420,-0.3660,5.03240,0.06560,-0.06560,2.9510e+02,6.000e+00,-6.000e+00,2.12,3.600e-01,-3.300e-01,1069.0,,,308.61,152.48,-106.84,55.10,2,q1_q17_dr25_tce,6086.00,134.00,-134.00,4.274,0.143,-0.117,1.2160,0.2070,-0.1880,293.728060,46.129150,13.998
9578686,K00709.01,Kepler-651 b,CONFIRMED,CANDIDATE,1.0000,0,0,0,0,21.385158400,3.5790000e-05,-3.5790000e-05,178.7828500,1.320000e-03,-1.320000e-03,0.5180,0.0630,-0.3930,4.08190,0.04470,-0.04470,6.6390e+02,1.140e+01,-1.140e+01,2.17,1.800e-01,-1.500e-01,574.0,,,25.63,6.91,-5.12,67.30,1,q1_q17_dr25_tce,5376.00,106.00,-106.00,4.516,0.060,-0.060,0.8250,0.0690,-0.0570,287.332790,46.203510,13.940
9590976,K00710.01,Kepler-217 b,CONFIRMED,CANDIDATE,1.0000,0,0,0,0,5.374932890,1.2460000e-05,-1.2460000e-05,170.9337900,1.780000e-03,-1.780000e-03,0.2280,0.2260,-0.2280,3.95670,0.05390,-0.05390,1.5580e+02,3.500e+00,-3.500e+00,2.12,3.600e-01,-4.300e-01,1413.0,,,942.35,445.91,-390.58,49.00,1,q1_q17_dr25_tce,6167.00,124.00,-124.00,4.037,0.182,-0.098,1.6890,0.2810,-0.3430,293.037750,46.277519,13.294
9590976,K00710.02,Kepler-217 c,CONFIRMED,CANDIDATE,1.0000,0,0,0,0,8.586009680,3.6100000e-05,-3.6100000e-05,137.9598400,3.220000e-03,-3.220000e-03,0.7280,0.2060,-0.5000,3.34430,0.09860,-0.09860,1.0210e+02,4.700e+00,-4.700e+00,1.84,3.000e-01,-3.800e-01,1208.0,,,503.98,238.48,-208.89,23.20,2,q1_q17_dr25_tce,6167.00,124.00,-124.00,4.037,0.182,-0.098,1.6890,0.2810,-0.3430,293.037750,46.277519,13.294
11284772,K04622.02,,CANDIDATE,CANDIDATE,0.9770,0,0,0,0,4.501582490,3.4050000e-05,-3.4050000e-05,134.1153000,5.690000e-03,-5.690000e-03,0.0160,0.4420,-0.0160,1.85500,0.15800,-0.15800,1.7570e+02,2.150e+01,-2.150e+01,0.73,4.000e-02,-3.000e-02,676.0,,,49.21,9.73,-7.37,9.70,2,q1_q17_dr25_tce,4339.00,78.00,-87.00,4.711,0.020,-0.032,0.5530,0.0310,-0.0220,284.566890,49.012550,15.142
9590976,K00710.03,Kepler-217 d,CONFIRMED,CANDIDATE,0.9990,0,0,0,0,3.886888620,2.2660000e-05,-2.2660000e-05,132.4955000,5.210000e-03,-5.210000e-03,0.0350,0.4190,-0.0350,3.68300,0.14900,-0.14900,5.8300e+01,3.100e+00,-3.100e+00,1.29,2.200e-01,-2.600e-01,1574.0,,,1448.04,685.18,-600.18,20.80,3,q1_q17_dr25_tce,6167.00,124.00,-124.00,4.037,0.182,-0.098,1.6890,0.2810,-0.3430,293.037750,46.277519,13.294
2441151,K00603.01,,FALSE POSITIVE,FALSE POSITIVE,0.0000,0,1,1,1,2.192009479,1.5280000e-06,-1.5280000e-06,171.6719530,5.480000e-04,-5.480000e-04,1.2480,2.9040,-0.1590,2.94530,0.02830,-0.02830,1.4756e+03,1.330e+01,-1.330e+01,35.90,8.300e+00,-6.760e+00,1446.0,,,1030.69,616.08,-387.19,131.20,1,q1_q17_dr25_tce,5499.00,73.00,-73.00,4.280,0.187,-0.153,1.1250,0.2600,-0.2120,290.937260,37.703972,14.687
3970233,K00604.01,,FALSE POSITIVE,FALSE POSITIVE,0.0270,0,1,0,0,8.254912972,4.0610000e-06,-4.0610000e-06,174.4355400,3.900000e-04,-3.900000e-04,0.5320,0.0190,-0.0240,6.88220,0.03630,-0.03630,1.9242e+04,5.190e+01,-5.190e+01,11.86,2.000e+00,-1.340e+00,793.0,,,93.46,50.05,-27.39,438.20,1,q1_q17_dr25_tce,5366.00,159.00,-143.00,4.500,0.085,-0.114,0.8350,0.1410,-0.0940,295.481870,39.017288,14.034
4832837,K00605.01,Kepler-621 b,CONFIRMED,CANDIDATE,1.0000,0,0,0,0,2.628117322,1.7700000e-06,-1.7700000e-06,169.7189130,5.390000e-04,-5.390000e-04,0.6120,0.0290,-0.4960,1.82890,0.02920,-0.02920,9.3680e+02,1.140e+01,-1.140e+01,1.77,2.300e-01,-2.700e-01,737.0,,,69.56,48.70,-32.16,98.10,1,q1_q17_dr25_tce,3939.00,297.00,-267.00,4.705,0.078,-0.052,0.5570,0.0710,-0.0870,290.927310,39.914150,14.915
4832837,K00605.02,,CANDIDATE,CANDIDATE,0.9170,0,0,0,0,5.065468740,4.5250000e-05,-4.5250000e-05,131.9449900,7.230000e-03,-7.230000e-03,0.4770,0.4650,-0.2780,2.20300,0.20100,-0.20100,1.2110e+02,1.330e+01,-1.330e+01,0.62,8.000e-02,-1.000e-01,592.0,,,29.01,20.32,-13.41,10.40,2,q1_q17_dr25_tce,3939.00,297.00,-267.00,4.705,0.078,-0.052,0.5570,0.0710,-0.0870,290.927310,39.914150,14.915
5014753,K00606.01,,FALSE POSITIVE,FALSE POSITIVE,0.0020,0,1,0,0,3.170626881,2.2720000e-06,-2.2720000e-06,172.0471710,5.700000e-04,-5.700000e-04,0.8470,0.0120,-0.0150,2.71890,0.04950,-0.04950,1.4610e+04,2.140e+02,-2.140e+02,14.37,4.590e+00,-1.960e+00,1314.0,,,704.88,682.72,-255.04,113.20,1,q1_q17_dr25_tce,6068.00,190.00,-232.00,4.428,0.070,-0.210,1.0340,0.3300,-0.1410,292.870390,40.105331,14.333
5441980,K00607.01,,CANDIDATE,CANDIDATE,1.0000,0,0,0,0,5.893991420,1.1060000e-06,-1.1060000e-06,173.4859730,1.410000e-04,-1.410000e-04,0.8670,0.0170,-0.0220,1.27370,0.02820,-0.02820,1.0993e+04,8.380e+01,-8.380e+01,11.16,1.200e+00,-4.600e-01,940.0,,,185.03,54.41,-23.99,252.50,1,q1_q17_dr25_tce,5713.00,77.00,-77.00,4.541,0.013,-0.085,0.8930,0.0960,-0.0370,289.809080,40.615841,14.377
6347299,K00661.02,Kepler-204 c,CONFIRMED,CANDIDATE,0.9590,0,0,0,0,25.661381600,3.1780000e-04,-3.1780000e-04,155.1380600,7.650000e-03,-7.650000e-03,0.8640,0.0760,-0.6300,4.45900,0.24700,-0.24700,1.6650e+02,1.270e+01,-1.270e+01,1.78,2.700e-01,-2.900e-01,683.0,,,51.48,21.48,-18.41,14.60,2,q1_q17_dr25_tce,5815.00,105.00,-117.00,4.270,0.156,-0.104,1.1980,0.1780,-0.1980,285.347200,41.761921,13.909
6365156,K00662.01,Kepler-639 b,CONFIRMED,CANDIDATE,1.0000,0,0,0,0,10.214187920,2.0140000e-05,-2.0140000e-05,170.7046600,1.490000e-03,-1.490000e-03,0.0160,0.3930,-0.0160,5.82010,0.04950,-0.04950,3.0380e+02,4.500e+00,-4.500e+00,2.29,3.800e-01,-3.700e-01,957.0,,,198.34,90.06,-70.39,78.60,1,q1_q17_dr25_tce,5843.00,105.00,-117.00,4.250,0.137,-0.112,1.3320,0.2180,-0.2180,292.186890,41.727051,13.336
6425957,K00663.01,Kepler-205 b,CONFIRMED,CANDIDATE,0.0730,0,0,0,0,2.755637216,1.9090000e-06,-1.9090000e-06,170.8458540,5.580000e-04,-5.580000e-04,0.7170,0.1660,-0.4790,1.85590,0.02810,-0.02810,5.3670e+02,6.400e+00,-6.400e+00,1.37,8.000e-02,-7.000e-02,757.0,,,77.57,15.00,-14.12,99.80,1,q1_q17_dr25_tce,4121.00,74.00,-91.00,4.709,0.024,-0.030,0.5530,0.0300,-0.0300,285.287110,41.861172,13.506
1293046,K07622.01,,FALSE POSITIVE,FALSE POSITIVE,0.0000,0,0,1,0,36.267167300,3.0390000e-04,-3.0390000e-04,155.0813000,7.060000e-03,-7.060000e-03,0.2140,0.2430,-0.2140,2.06500,0.25400,-0.25400,6.2710e+02,7.830e+01,-7.830e+01,1.50,1.000e-01,-1.500e-01,347.0,,,3.44,0.94,-0.97,10.00,1,q1_q17_dr25_tce,4264.00,128.00,-128.00,4.637,0.053,-0.021,0.6200,0.0390,-0.0620,291.026550,36.916370,15.544
2444412,K00103.01,Kepler-1710 b,CONFIRMED,CANDIDATE,1.0000,0,0,0,0,14.910951770,1.2750000e-05,-1.2750000e-05,141.3367260,7.110000e-04,-7.110000e-04,0.0140,0.3390,-0.0140,3.32500,0.02400,-0.02400,8.6450e+02,8.700e+00,-8.700e+00,2.62,3.300e-01,-1.700e-01,694.0,,,54.87,19.92,-10.44,116.90,1,q1_q17_dr25_tce,5650.00,101.00,-112.00,4.500,0.045,-0.105,0.8990,0.1140,-0.0570,291.683350,37.751591,12.593
6425957,K00663.02,Kepler-205 c,CONFIRMED,CANDIDATE,0.0080,0,0,0,0,20.306528620,2.9510000e-05,-2.9510000e-05,172.6581000,1.220000e-03,-1.220000e-03,0.7140,0.0310,-0.5000,2.80140,0.04570,-0.04570,7.1540e+02,1.280e+01,-1.280e+01,1.58,9.000e-02,-8.000e-02,389.0,,,5.40,1.04,-0.98,60.80,2,q1_q17_dr25_tce,4121.00,74.00,-91.00,4.709,0.024,-0.030,0.5530,0.0300,-0.0300,285.287110,41.861172,13.506
9597345,K00711.01,Kepler-218 c,CONFIRMED,CANDIDATE,0.4830,0,0,0,0,44.699656300,1.1450000e-04,-1.1450000e-04,174.8214400,1.940000e-03,-1.940000e-03,0.4720,0.0210,-0.4310,6.22890,0.07100,-0.07100,8.3770e+02,1.230e+01,-1.230e+01,3.05,4.700e-01,-3.200e-01,500.0,,,14.81,6.52,-3.89,71.30,1,q1_q17_dr25_tce,5497.00,109.00,-109.00,4.394,0.090,-0.110,1.0460,0.1610,-0.1110,295.412810,46.266472,13.967
9597345,K00711.02,Kepler-218 b,CONFIRMED,CANDIDATE,0.9720,0,0,0,0,3.619309734,6.7540000e-06,-6.7540000e-06,135.4416400,1.570000e-03,-1.570000e-03,0.1160,0.3430,-0.1160,3.05040,0.04890,-0.04890,2.0660e+02,5.000e+00,-5.000e+00,1.47,2.300e-01,-1.500e-01,1156.0,,,422.53,186.05,-110.91,47.40,2,q1_q17_dr25_tce,5497.00,109.00,-109.00,4.394,0.090,-0.110,1.0460,0.1610,-0.1110,295.412810,46.266472,13.967
9597345,K00711.03,Kepler-218 d,CONFIRMED,CANDIDATE,0.7720,0,0,0,0,124.524522400,5.5360000e-04,-5.5360000e-04,254.1778800,3.390000e-03,-3.390000e-03,0.0040,0.4110,-0.0040,9.65400,0.11500,-0.11500,6.8990e+02,1.480e+01,-1.480e+01,2.69,4.100e-01,-2.900e-01,356.0,,,3.78,1.66,-0.99,47.50,3,q1_q17_dr25_tce,5497.00,109.00,-109.00,4.394,0.090,-0.110,1.0460,0.1610,-0.1110,295.412810,46.266472,13.967
10972902,K04692.02,,CANDIDATE,CANDIDATE,0.6750,0,0,0,0,7.672084400,1.5540000e-04,-1.5540000e-04,134.1756000,1.100000e-02,-1.100000e-02,0.5230,0.3010,-0.3580,3.45100,0.60900,-0.60900,7.5100e+01,1.310e+01,-1.310e+01,0.72,2.000e-01,-5.000e-02,875.0,,,138.74,112.16,-33.21,8.40,1,q1_q17_dr25_tce,5972.00,161.00,-179.00,4.570,0.035,-0.196,0.8070,0.2220,-0.0590,290.444760,48.462891,14.766
9640976,K00712.01,,FALSE POSITIVE,FALSE POSITIVE,0.0000,0,1,1,1,2.178150857,5.3670000e-06,-5.3670000e-06,171.2325000,2.180000e-03,-2.180000e-03,0.5800,0.0650,-0.4550,1.93100,0.10200,-0.10200,1.6250e+02,5.800e+00,-5.800e+00,1.11,2.700e-01,-1.000e-01,1282.0,,,636.74,451.81,-155.77,37.40,1,q1_q17_dr25_tce,5691.00,135.00,-152.00,4.560,0.042,-0.168,0.8360,0.2070,-0.0690,287.991240,46.356880,13.720
9640985,K00713.01,,FALSE POSITIVE,FALSE POSITIVE,0.0000,0,1,1,1,2.178150567,1.8250000e-06,-1.8250000e-06,171.2322330,6.890000e-04,-6.890000e-04,1.2280,0.9340,-0.1190,3.50650,0.03580,-0.03580,5.1130e+02,4.800e+00,-4.800e+00,34.19,1.140e+01,-4.880e+00,1796.0,,,2457.28,2349.57,-911.47,131.40,1,q1_q17_dr25_tce,6820.00,165.00,-260.00,4.328,0.084,-0.196,1.2540,0.4180,-0.1790,287.996090,46.329430,13.835
5562784,K00608.01,,FALSE POSITIVE,FALSE POSITIVE,0.0000,0,0,1,0,25.337090160,5.7960000e-05,-5.7960000e-05,192.9145100,1.870000e-03,-1.870000e-03,0.8240,0.0210,-0.0330,9.66400,0.15900,-0.15900,2.2794e+03,2.160e+01,-2.160e+01,3.47,2.700e-01,-3.100e-01,414.0,,,6.93,2.14,-1.82,120.30,1,q1_q17_dr25_tce,4469.00,133.00,-133.00,4.625,0.052,-0.024,0.6350,0.0500,-0.0560,298.869720,40.719910,14.716
5608566,K00609.01,,FALSE POSITIVE,FALSE POSITIVE,0.0240,0,1,0,0,4.396999852,4.2250000e-06,-4.2250000e-06,172.0234060,7.730000e-04,-7.730000e-04,0.9870,29.1800,-0.0450,1.87500,0.04310,-0.04310,4.5768e+03,8.890e+01,-8.890e+01,13.57,3.910e+00,-2.600e+00,1231.0,,,543.48,469.74,-232.55,63.30,1,q1_q17_dr25_tce,5949.00,176.00,-193.00,4.311,0.158,-0.193,1.1560,0.3330,-0.2220,288.160710,40.878891,14.491
5686174,K00610.01,Kepler-622 b,CONFIRMED,CANDIDATE,1.0000,0,0,0,0,14.282281470,2.8200000e-05,-2.8200000e-05,180.8467700,1.660000e-03,-1.660000e-03,0.0190,0.4080,-0.0190,2.65880,0.05290,-0.05290,9.8320e+02,2.550e+01,-2.550e+01,1.82,8.000e-02,-9.000e-02,446.0,,,9.38,1.75,-1.59,44.70,1,q1_q17_dr25_tce,4102.00,82.00,-90.00,4.675,0.022,-0.025,0.5950,0.0280,-0.0280,284.478490,40.933102,14.672
6309763,K00611.01,,CANDIDATE,CANDIDATE,1.0000,0,0,0,0,3.251659087,3.6600000e-07,-3.6600000e-07,171.0604906,8.780000e-05,-8.780000e-05,0.9380,0.0100,-0.0090,1.52860,0.01320,-0.01320,4.7479e+03,1.710e+01,-1.710e+01,9.83,3.040e+00,-1.210e+00,1384.0,,,865.87,772.89,-283.13,466.20,1,q1_q17_dr25_tce,6367.00,160.00,-208.00,4.419,0.065,-0.208,1.0870,0.3360,-0.1340,298.294040,41.683800,14.022
5903312,K00008.01,,FALSE POSITIVE,FALSE POSITIVE,0.0000,0,0,1,1,1.160152590,8.6800000e-07,-8.6800000e-07,121.7046450,6.730000e-04,-6.730000e-04,0.7480,0.0250,-0.5150,1.34330,0.01950,-0.01950,1.7020e+02,4.100e+00,-4.100e+00,1.40,2.000e-01,-1.200e-01,1751.0,,,2229.29,910.20,-505.19,48.40,1,q1_q17_dr25_tce,5842.00,105.00,-117.00,4.433,0.072,-0.117,0.9850,0.1430,-0.0830,298.661010,41.137890,12.450
6462863,K00094.04,Kepler-89 b,CONFIRMED,CANDIDATE,0.9990,0,0,0,0,3.743166733,5.6140000e-06,-5.6140000e-06,131.6196700,1.420000e-03,-1.420000e-03,0.0080,0.3920,-0.0080,3.68880,0.04210,-0.04210,1.2630e+02,2.200e+00,-2.200e+00,1.50,2.700e-01,-2.300e-01,1423.0,,,971.76,487.50,-328.28,47.20,4,q1_q17_dr25_tce,6181.00,111.00,-135.00,4.234,0.143,-0.117,1.3310,0.2430,-0.1990,297.333070,41.891121,12.205
6442340,K00664.01,Kepler-206 c,CONFIRMED,CANDIDATE,1.0000,0,0,0,0,13.137477850,4.1250000e-05,-4.1250000e-05,170.2278600,2.570000e-03,-2.570000e-03,0.8000,0.0600,-0.5780,4.86550,0.07060,-0.07060,2.1280e+02,5.200e+00,-5.200e+00,1.85,2.900e-01,-2.700e-01,825.0,,,109.68,48.41,-35.45,43.10,1,q1_q17_dr25_tce,5762.00,104.00,-115.00,4.314,0.132,-0.108,1.1430,0.1810,-0.1640,291.634670,41.833858,13.484
6442340,K00664.02,Kepler-206 b,CONFIRMED,CANDIDATE,0.9990,0,0,0,0,7.781998620,3.7670000e-05,-3.7670000e-05,133.5887100,3.570000e-03,-3.570000e-03,0.8160,0.1350,-0.5950,3.94700,0.12600,-0.12600,1.0690e+02,4.600e+00,-4.600e+00,1.32,2.100e-01,-1.900e-01,983.0,,,220.80,97.45,-71.36,25.60,2,q1_q17_dr25_tce,5762.00,104.00,-115.00,4.314,0.132,-0.108,1.1430,0.1810,-0.1640,291.634670,41.833858,13.484
1434395,K07623.01,,FALSE POSITIVE,FALSE POSITIVE,0.0140,0,0,1,0,2.222728900,2.4440000e-05,-2.4440000e-05,131.8950000,6.430000e-03,-6.430000e-03,0.2540,0.2050,-0.2540,2.61700,0.29100,-0.29100,2.7910e+02,3.250e+01,-3.250e+01,34.14,7.600e-01,-1.443e+01,4454.0,,,93172.12,12806.48,-67878.27,10.50,1,q1_q17_dr25_tce,4996.00,107.00,-250.00,2.354,0.027,-0.030,20.8480,0.4640,-8.8110,291.856480,37.065651,12.552
6442340,K00664.03,Kepler-206 d,CONFIRMED,CANDIDATE,1.0000,0,0,0,0,23.443374800,2.6870000e-04,-2.6870000e-04,152.0058800,8.550000e-03,-8.550000e-03,0.9240,0.0330,-0.7140,5.76800,0.28100,-0.28100,8.5000e+01,6.400e+00,-6.400e+00,1.29,2.100e-01,-1.800e-01,681.0,,,50.72,22.39,-16.39,14.10,3,q1_q17_dr25_tce,5762.00,104.00,-115.00,4.314,0.132,-0.108,1.1430,0.1810,-0.1640,291.634670,41.833858,13.484
6685609,K00665.01,Kepler-207 d,CONFIRMED,CANDIDATE,1.0000,0,0,0,0,5.868066282,6.9250000e-06,-6.9250000e-06,170.3240460,9.490000e-04,-9.490000e-04,0.8010,0.0020,-0.5950,4.12460,0.02920,-0.02920,4.3650e+02,4.800e+00,-4.800e+00,3.60,6.200e-01,-7.500e-01,1254.0,,,584.32,275.60,-246.71,97.60,1,q1_q17_dr25_tce,5918.00,107.00,-119.00,4.127,0.168,-0.098,1.5550,0.2650,-0.3240,290.030520,42.166050,13.182
6685609,K00665.02,Kepler-207 b,CONFIRMED,CANDIDATE,1.0000,0,0,0,0,1.611890460,4.3010000e-06,-4.3010000e-06,133.5704000,2.300000e-03,-2.300000e-03,0.7820,0.0200,-0.5440,3.07920,0.06640,-0.06640,1.0110e+02,2.900e+00,-2.900e+00,1.72,2.900e-01,-3.600e-01,1930.0,,,3267.98,1541.40,-1379.79,38.00,2,q1_q17_dr25_tce,5918.00,107.00,-119.00,4.127,0.168,-0.098,1.5550,0.2650,-0.3240,290.030520,42.166050,13.182
9450647,K00110.01,Kepler-465 b,CONFIRMED,CANDIDATE,1.0000,0,0,0,0,9.940666412,6.9820000e-06,-6.9820000e-06,135.2155900,5.820000e-04,-5.820000e-04,0.0200,0.2290,-0.0200,3.90920,0.01810,-0.01810,5.2020e+02,3.800e+00,-3.800e+00,2.87,5.000e-01,-2.900e-01,996.0,,,233.04,111.70,-60.90,161.40,1,q1_q17_dr25_tce,6215.00,111.00,-136.00,4.305,0.080,-0.120,1.2590,0.2190,-0.1280,284.555730,46.063831,12.663
9702072,K00714.01,Kepler-652 b,CONFIRMED,CANDIDATE,1.0000,0,0,0,0,4.182001885,2.0140000e-06,-2.0140000e-06,172.7895760,3.840000e-04,-3.840000e-04,0.0150,0.3770,-0.0150,2.22090,0.01560,-0.01560,8.4740e+02,6.300e+00,-6.300e+00,2.46,2.600e-01,-1.000e-01,974.0,,,213.29,69.18,-32.08,160.30,1,q1_q17_dr25_tce,5328.00,106.00,-106.00,4.551,0.018,-0.102,0.8650,0.0920,-0.0350,288.008120,46.473560,13.393
9413156,K04700.02,,CANDIDATE,CANDIDATE,0.5730,0,0,0,0,66.477620000,1.1340000e-03,-1.1340000e-03,184.2673000,1.370000e-02,-1.370000e-02,0.3840,0.0670,-0.3840,4.48700,0.30400,-0.30400,5.5350e+02,6.340e+01,-6.340e+01,1.83,3.900e-01,-1.600e-01,388.0,,,5.34,3.58,-1.53,9.10,2,q1_q17_dr25_tce,5515.00,182.00,-199.00,4.592,0.036,-0.135,0.7750,0.1640,-0.0700,295.361450,45.914841,15.972
9834719,K00715.01,,FALSE POSITIVE,FALSE POSITIVE,0.0000,0,1,0,0,1.621668852,1.3560000e-06,-1.3560000e-06,170.3583370,6.580000e-04,-6.580000e-04,1.1940,22.8200,-0.4760,1.75170,0.03790,-0.03790,7.6620e+03,1.390e+02,-1.390e+02,32.76,1.075e+01,-3.590e+00,1598.0,,,1546.28,1496.11,-466.30,67.80,1,q1_q17_dr25_tce,6106.00,169.00,-190.00,4.487,0.054,-0.229,0.9660,0.3170,-0.1060,293.426360,46.687920,13.900
9846348,K00716.01,,CANDIDATE,CANDIDATE,1.0000,0,0,0,0,26.893161010,1.6220000e-05,-1.6220000e-05,179.9524500,4.510000e-04,-4.510000e-04,0.9800,0.1220,-0.0330,2.32660,0.03790,-0.03790,2.1932e+03,2.430e+01,-2.430e+01,6.78,2.140e+00,-7.200e-01,614.0,,,33.54,31.06,-9.80,119.60,1,q1_q17_dr25_tce,6096.00,164.00,-183.00,4.511,0.054,-0.216,0.9080,0.2870,-0.0960,297.492160,46.694519,13.754
9873254,K00717.01,Kepler-653 b,CONFIRMED,CANDIDATE,1.0000,0,0,0,0,14.707495120,3.6740000e-05,-3.6740000e-05,175.7926700,1.890000e-03,-1.890000e-03,0.1270,0.3340,-0.1270,3.15060,0.06330,-0.06330,2.6200e+02,7.700e+00,-7.700e+00,2.04,3.500e-01,-3.400e-01,819.0,,,106.22,49.69,-38.62,36.30,1,q1_q17_dr25_tce,5676.00,101.00,-113.00,4.247,0.143,-0.117,1.2800,0.2170,-0.2170,282.212920,46.717819,13.387
6587002,K00612.01,Kepler-196 b,CONFIRMED,CANDIDATE,1.0000,0,0,0,0,20.739894060,4.2800000e-05,-4.2800000e-05,173.2191200,1.750000e-03,-1.750000e-03,0.7770,0.1120,-0.5540,3.15050,0.05520,-0.05520,6.1610e+02,1.540e+01,-1.540e+01,2.11,1.500e-01,-1.100e-01,536.0,,,19.47,4.65,-3.32,44.20,2,q1_q17_dr25_tce,5132.00,102.00,-102.00,4.571,0.032,-0.052,0.7700,0.0540,-0.0400,284.968510,42.079201,14.157
6587002,K00612.02,Kepler-196 c,CONFIRMED,CANDIDATE,0.9980,0,0,0,0,47.427711600,1.2920000e-04,-1.2920000e-04,216.5573700,2.050000e-03,-2.050000e-03,0.6780,0.1970,-0.4610,5.26790,0.07750,-0.07750,8.2040e+02,1.750e+01,-1.750e+01,2.33,1.700e-01,-1.200e-01,407.0,,,6.46,1.54,-1.10,49.90,1,q1_q17_dr25_tce,5132.00,102.00,-102.00,4.571,0.032,-0.052,0.7700,0.0540,-0.0400,284.968510,42.079201,14.157
6960456,K00613.01,,FALSE POSITIVE,FALSE POSITIVE,0.0000,0,0,1,1,5.074429510,3.6620000e-05,-3.6620000e-05,171.5591600,6.060000e-03,-6.060000e-03,0.5300,0.4100,-0.3190,4.06400,0.20100,-0.20100,2.5020e+02,1.120e+01,-1.120e+01,1.38,3.200e-01,-1.000e-01,929.0,,,175.75,124.14,-41.92,26.70,1,q1_q17_dr25_tce,5448.00,164.00,-164.00,4.562,0.030,-0.170,0.8570,0.1980,-0.0620,295.197170,42.416939,14.789
7368664,K00614.01,Kepler-434 b,CONFIRMED,CANDIDATE,1.0000,0,0,0,0,12.874712426,4.3800000e-06,-4.3800000e-06,170.0224990,2.690000e-04,-2.690000e-04,0.9320,0.0070,-0.0060,2.24910,0.02340,-0.02340,3.8607e+03,2.990e+01,-2.990e+01,11.26,1.970e+00,-1.970e+00,926.0,,,173.50,79.09,-61.59,218.50,1,q1_q17_dr25_tce,5963.00,80.00,-80.00,4.218,0.143,-0.117,1.4240,0.2490,-0.2490,293.586360,42.928909,14.517
8374580,K00615.01,,FALSE POSITIVE,FALSE POSITIVE,0.0000,0,1,1,0,176.243294600,3.0590000e-04,-3.0590000e-04,192.5035900,1.300000e-03,-1.300000e-03,1.2710,68.0300,-0.0450,5.04230,0.07160,-0.07160,4.9814e+03,6.620e+01,-6.620e+01,48.15,8.220e+00,-1.005e+01,353.0,,,3.68,1.82,-1.50,86.60,1,q1_q17_dr25_tce,5559.00,122.00,-78.00,4.209,0.198,-0.115,1.2310,0.2100,-0.2570,295.025600,44.330189,14.468
6685609,K00665.03,Kepler-207 c,CONFIRMED,CANDIDATE,1.0000,0,0,0,0,3.071552840,1.2850000e-05,-1.2850000e-05,133.3025500,3.300000e-03,-3.300000e-03,0.8550,0.0860,-0.6040,4.09350,0.09360,-0.09360,8.6000e+01,3.300e+00,-3.300e+00,1.65,2.800e-01,-3.400e-01,1556.0,,,1389.97,655.61,-586.86,27.20,3,q1_q17_dr25_tce,5918.00,107.00,-119.00,4.127,0.168,-0.098,1.5550,0.2650,-0.3240,290.030520,42.166050,13.182
6707835,K00666.01,Kepler-640 b,CONFIRMED,CANDIDATE,1.0000,0,0,0,0,22.248146170,3.6610000e-05,-3.6610000e-05,174.1367600,1.280000e-03,-1.280000e-03,0.8680,0.0290,-0.6000,4.14830,0.07090,-0.07090,6.1370e+02,9.500e+00,-9.500e+00,2.72,4.100e-01,-1.300e-01,609.0,,,32.58,13.65,-5.65,74.20,1,q1_q17_dr25_tce,5629.00,101.00,-123.00,4.503,0.030,-0.120,0.9430,0.1410,-0.0470,296.032200,42.131672,13.721
2696205,K07636.01,,CANDIDATE,CANDIDATE,0.9870,0,0,0,0,0.702739679,4.6150000e-06,-4.6150000e-06,131.5330000,5.260000e-03,-5.260000e-03,0.7420,0.2070,-0.5140,1.37900,0.17500,-0.17500,6.5100e+01,8.800e+00,-8.800e+00,0.73,1.100e-01,-7.000e-02,1765.0,,,2292.96,1081.68,-663.44,9.50,1,q1_q17_dr25_tce,5269.00,158.00,-158.00,4.508,0.072,-0.099,0.8360,0.1200,-0.0870,286.898410,37.937450,14.990
6752502,K00667.01,,FALSE POSITIVE,FALSE POSITIVE,0.0010,0,0,1,0,4.305219002,1.7680000e-06,-1.7680000e-06,170.4531540,3.390000e-04,-3.390000e-04,0.6260,0.0640,-0.2130,2.68450,0.05830,-0.05830,9.7386e+03,6.160e+01,-6.160e+01,10.34,0.000e+00,0.000e+00,1119.0,,,370.84,0.00,0.00,205.80,1,q1_q17_dr25_tce,5780.00,,,4.438,,,1.0000,,,282.154910,42.234547,13.826
6805146,K00668.01,,FALSE POSITIVE,FALSE POSITIVE,0.0030,0,1,0,0,13.779711352,1.4090000e-06,-1.4090000e-06,178.6879965,7.980000e-05,-7.980000e-05,0.2010,0.0150,-0.0150,7.63871,0.00697,-0.00697,2.5479e+04,1.530e+01,-1.530e+01,47.58,7.900e+00,-1.844e+01,1376.0,,,848.24,451.68,-563.58,2013.60,1,q1_q17_dr25_tce,6444.00,196.00,-177.00,3.643,0.337,-0.112,2.9470,0.4890,-1.1420,298.591640,42.206429,13.210
10318874,K00104.01,Kepler-94 b,CONFIRMED,CANDIDATE,1.0000,0,0,0,0,2.508057497,3.7800000e-07,-3.7800000e-07,135.0006570,1.240000e-04,-1.240000e-04,0.7420,0.0470,-0.1430,1.11340,0.01670,-0.01670,1.5076e+03,6.200e+00,-6.200e+00,3.25,1.600e-01,-1.200e-01,997.0,,,234.06,45.09,-33.11,312.70,1,q1_q17_dr25_tce,4780.00,95.00,-95.00,4.597,0.015,-0.051,0.7610,0.0380,-0.0270,281.194730,47.497131,12.895
6960445,K00669.01,,FALSE POSITIVE,FALSE POSITIVE,0.0000,0,1,1,1,5.074377860,1.0950000e-05,-1.0950000e-05,171.5654400,1.660000e-03,-1.660000e-03,1.2100,2.5150,-0.1100,5.94200,0.08360,-0.08360,6.0570e+02,8.200e+00,-8.200e+00,23.71,6.240e+00,-2.690e+00,1008.0,,,244.04,188.99,-71.91,86.60,1,q1_q17_dr25_tce,5661.00,152.00,-152.00,4.480,0.062,-0.188,0.9190,0.2420,-0.1040,295.195620,42.417068,13.842
9873254,K00717.02,Kepler-653 c,CONFIRMED,CANDIDATE,1.0000,0,0,0,0,0.900375925,3.3390000e-06,-3.3390000e-06,133.1178700,3.110000e-03,-3.110000e-03,0.0930,0.3720,-0.0930,1.25700,0.10200,-0.10200,4.1400e+01,3.200e+00,-3.200e+00,0.82,1.300e-01,-1.400e-01,2078.0,,,4399.18,2057.88,-1599.65,14.60,2,q1_q17_dr25_tce,5676.00,101.00,-113.00,4.247,0.143,-0.117,1.2800,0.2170,-0.2170,282.212920,46.717819,13.387
9884104,K00718.01,Kepler-219 b,CONFIRMED,CANDIDATE,1.0000,0,0,0,0,4.585466941,5.5800000e-06,-5.5800000e-06,169.8609500,1.000000e-03,-1.000000e-03,0.8230,0.0180,-0.5910,3.44370,0.02620,-0.02620,3.8350e+02,5.100e+00,-5.100e+00,3.29,5.400e-01,-7.100e-01,1307.0,,,688.54,313.04,-300.02,84.80,1,q1_q17_dr25_tce,5788.00,104.00,-115.00,4.160,0.162,-0.108,1.4950,0.2450,-0.3260,288.738980,46.762562,13.764
9884104,K00718.02,Kepler-219 c,CONFIRMED,CANDIDATE,1.0000,0,0,0,0,22.714433510,5.0380000e-05,-5.0380000e-05,147.2968400,1.830000e-03,-1.830000e-03,0.8160,0.0250,-0.5660,6.08750,0.07860,-0.07860,5.7510e+02,8.200e+00,-8.200e+00,4.01,6.600e-01,-8.700e-01,766.0,,,81.57,37.08,-35.54,74.40,2,q1_q17_dr25_tce,5788.00,104.00,-115.00,4.160,0.162,-0.108,1.4950,0.2450,-0.3260,288.738980,46.762562,13.764
9884104,K00718.03,Kepler-219 d,CONFIRMED,CANDIDATE,0.9970,0,0,0,0,47.903427000,2.2210000e-04,-2.2210000e-04,141.9834700,3.500000e-03,-3.500000e-03,0.9180,0.0280,-0.6460,6.19100,0.12900,-0.12900,3.7930e+02,1.170e+01,-1.170e+01,3.55,5.900e-01,-7.700e-01,598.0,,,30.17,13.71,-13.15,34.10,3,q1_q17_dr25_tce,5788.00,104.00,-115.00,4.160,0.162,-0.108,1.4950,0.2450,-0.3260,288.738980,46.762562,13.764
9950612,K00719.01,Kepler-220 c,CONFIRMED,CANDIDATE,1.0000,0,0,0,0,9.034190783,6.3050000e-06,-6.3050000e-06,171.0153290,5.570000e-04,-5.570000e-04,0.8460,0.0180,-0.5970,1.55010,0.01740,-0.01740,5.7760e+02,8.200e+00,-8.200e+00,1.80,7.000e-02,-9.000e-02,586.0,,,27.87,4.67,-4.66,82.10,1,q1_q17_dr25_tce,4499.00,89.00,-89.00,4.635,0.032,-0.020,0.6390,0.0250,-0.0320,291.506160,46.895741,13.177
9714696,K00616.01,,FALSE POSITIVE,FALSE POSITIVE,0.9280,0,0,1,0,1.433339604,2.1630000e-06,-2.1630000e-06,169.8560600,1.270000e-03,-1.270000e-03,0.9020,0.0220,-0.6100,1.36650,0.03600,-0.03600,3.0520e+02,9.500e+00,-9.500e+00,2.08,5.900e-01,-2.500e-01,1677.0,,,1873.33,1551.18,-613.33,39.60,1,q1_q17_dr25_tce,6077.00,168.00,-210.00,4.471,0.050,-0.188,0.9990,0.2800,-0.1200,293.689120,46.412880,14.811
9846086,K00617.01,,FALSE POSITIVE,FALSE POSITIVE,0.0000,0,1,0,0,37.865119040,1.5600000e-05,-1.5600000e-05,198.5993310,3.010000e-04,-3.010000e-04,1.2800,3.2240,-0.1270,2.97990,0.01870,-0.01870,6.9417e+03,3.770e+01,-3.770e+01,40.36,1.295e+01,-4.030e+00,535.0,,,19.31,18.11,-5.60,222.30,1,q1_q17_dr25_tce,5858.00,156.00,-191.00,4.495,0.052,-0.208,0.9630,0.3090,-0.0960,297.418670,46.644260,14.608
10353968,K00618.01,Kepler-623 b,CONFIRMED,CANDIDATE,1.0000,0,0,0,0,9.070981640,1.3140000e-05,-1.3140000e-05,178.3435000,1.110000e-03,-1.110000e-03,0.0130,0.4060,-0.0130,2.69030,0.04180,-0.04180,1.0262e+03,2.020e+01,-2.020e+01,2.94,8.300e-01,-2.800e-01,825.0,,,109.61,91.60,-30.13,59.10,1,q1_q17_dr25_tce,5672.00,154.00,-171.00,4.506,0.050,-0.200,0.9290,0.2640,-0.0880,296.986720,47.477390,14.959
10384962,K00619.01,,FALSE POSITIVE,FALSE POSITIVE,0.6910,0,1,0,0,2.879243323,1.1930000e-06,-1.1930000e-06,170.7106360,3.270000e-04,-3.270000e-04,0.7090,0.0140,-0.0140,2.62730,0.02690,-0.02690,4.8050e+04,3.550e+02,-3.550e+02,21.02,6.130e+00,-2.040e+00,1244.0,,,565.39,471.15,-157.34,200.50,1,q1_q17_dr25_tce,5941.00,142.00,-178.00,4.533,0.048,-0.204,0.8850,0.2580,-0.0860,281.775540,47.593250,14.371
11773022,K00620.01,Kepler-51 b,CONFIRMED,CANDIDATE,0.9780,0,0,0,0,45.155356330,2.4310000e-05,-2.4310000e-05,159.1054400,4.370000e-04,-4.370000e-04,0.0630,0.1650,-0.0630,5.78450,0.02160,-0.02160,6.2087e+03,2.470e+01,-2.470e+01,7.65,2.360e+00,-7.900e-01,523.0,,,17.68,15.97,-5.23,285.10,2,q1_q17_dr25_tce,6046.00,162.00,-198.00,4.486,0.052,-0.221,0.9720,0.3000,-0.1000,296.479770,49.937679,14.669
7033671,K00670.01,Kepler-641 b,CONFIRMED,CANDIDATE,1.0000,0,0,0,0,9.489655270,2.5090000e-05,-2.5090000e-05,171.9260400,2.120000e-03,-2.120000e-03,0.7950,0.0980,-0.5490,3.58700,0.06110,-0.06110,2.6220e+02,7.200e+00,-7.200e+00,2.16,3.500e-01,-3.400e-01,926.0,,,173.79,79.57,-60.81,42.50,1,q1_q17_dr25_tce,5672.00,114.00,-114.00,4.279,0.156,-0.104,1.2040,0.1930,-0.1930,291.823490,42.516209,13.774
7040629,K00671.01,Kepler-208 b,CONFIRMED,CANDIDATE,1.0000,0,0,0,0,4.228652170,1.0750000e-05,-1.0750000e-05,170.7405300,1.880000e-03,-1.880000e-03,0.0090,0.4340,-0.0090,3.32750,0.06300,-0.06300,1.5000e+02,4.000e+00,-4.000e+00,1.83,3.200e-01,-3.900e-01,1379.0,,,854.59,411.76,-367.68,41.50,1,q1_q17_dr25_tce,5966.00,107.00,-119.00,4.169,0.162,-0.108,1.4990,0.2620,-0.3210,293.890200,42.527966,13.749
2711131,K07637.01,,FALSE POSITIVE,FALSE POSITIVE,0.0000,0,0,1,1,2.858899070,2.6190000e-05,-2.6190000e-05,134.1664900,8.280000e-03,-8.280000e-03,0.9360,0.0500,-0.6660,1.46500,0.39900,-0.39900,5.5700e+01,1.150e+01,-1.150e+01,0.73,5.000e-02,-2.000e-02,989.0,,,226.09,51.12,-26.77,6.90,1,q1_q17_dr25_tce,4973.00,79.00,-79.00,4.603,0.010,-0.059,0.7540,0.0550,-0.0230,291.017270,37.975368,13.514
7040629,K00671.02,Kepler-208 c,CONFIRMED,CANDIDATE,0.9990,0,0,0,0,7.466620680,3.4110000e-05,-3.4110000e-05,132.7755000,3.670000e-03,-3.670000e-03,0.2550,0.2120,-0.2550,3.87000,0.10400,-0.10400,1.2090e+02,4.700e+00,-4.700e+00,1.65,2.900e-01,-3.500e-01,1141.0,,,401.08,193.24,-172.57,27.40,2,q1_q17_dr25_tce,5966.00,107.00,-119.00,4.169,0.162,-0.108,1.4990,0.2620,-0.3210,293.890200,42.527966,13.749
7040629,K00671.03,Kepler-208 e,CONFIRMED,CANDIDATE,0.9920,0,0,0,0,16.259519670,9.8710000e-05,-9.8710000e-05,144.5320300,5.550000e-03,-5.550000e-03,0.3740,0.0670,-0.3740,3.85400,0.14600,-0.14600,1.2950e+02,7.100e+00,-7.100e+00,1.72,3.000e-01,-3.700e-01,880.0,,,142.10,68.46,-61.14,19.60,3,q1_q17_dr25_tce,5966.00,107.00,-119.00,4.169,0.162,-0.108,1.4990,0.2620,-0.3210,293.890200,42.527966,13.749
7040629,K00671.04,Kepler-208 d,CONFIRMED,CANDIDATE,1.0000,0,0,0,0,11.131790100,8.2700000e-05,-8.2700000e-05,134.4227200,6.340000e-03,-6.340000e-03,0.3420,0.1130,-0.3420,4.05100,0.16600,-0.16600,9.5500e+01,5.700e+00,-5.700e+00,1.47,2.600e-01,-3.100e-01,999.0,,,235.55,113.49,-101.35,18.20,4,q1_q17_dr25_tce,5966.00,107.00,-119.00,4.169,0.162,-0.108,1.4990,0.2620,-0.3210,293.890200,42.527966,13.749
9950612,K00719.02,Kepler-220 d,CONFIRMED,CANDIDATE,0.9970,0,0,0,0,28.122439300,1.3980000e-04,-1.3980000e-04,146.9176300,3.950000e-03,-3.950000e-03,0.5160,0.0580,-0.4210,4.17400,0.11700,-0.11700,1.9430e+02,7.800e+00,-7.800e+00,0.90,3.000e-02,-5.000e-02,401.0,,,6.13,1.03,-1.02,26.90,4,q1_q17_dr25_tce,4499.00,89.00,-89.00,4.635,0.032,-0.020,0.6390,0.0250,-0.0320,291.506160,46.895741,13.177
6678383,K00111.01,Kepler-104 b,CONFIRMED,CANDIDATE,0.9990,0,0,0,0,11.427550984,8.1500000e-06,-8.1500000e-06,137.6137110,5.570000e-04,-5.570000e-04,0.6080,0.0400,-0.4090,4.60740,0.01750,-0.01750,5.0090e+02,3.300e+00,-3.300e+00,2.35,3.200e-01,-2.700e-01,852.0,,,124.31,48.42,-34.01,165.50,1,q1_q17_dr25_tce,5979.00,108.00,-120.00,4.394,0.110,-0.110,1.0050,0.1380,-0.1130,287.604610,42.166779,12.596
2308411,K07631.01,,FALSE POSITIVE,FALSE POSITIVE,0.0140,0,0,1,0,0.983304511,9.6620000e-06,-9.6620000e-06,132.4847800,8.800000e-03,-8.800000e-03,0.4770,0.5030,-0.2780,1.78000,0.29900,-0.29900,7.9900e+01,9.500e+00,-9.500e+00,1.10,3.200e-01,-1.400e-01,2121.0,,,4774.53,3992.71,-1614.92,10.10,1,q1_q17_dr25_tce,6363.00,151.00,-227.00,4.386,0.062,-0.188,1.1980,0.3510,-0.1500,292.637660,37.641880,14.981
9950612,K00719.03,Kepler-220 e,CONFIRMED,CANDIDATE,0.9990,0,0,0,0,45.902976800,1.6540000e-04,-1.6540000e-04,166.5566700,2.830000e-03,-2.830000e-03,0.3030,0.1350,-0.3030,5.00410,0.08150,-0.08150,3.6180e+02,8.900e+00,-8.900e+00,1.18,5.000e-02,-6.000e-02,341.0,,,3.19,0.54,-0.53,42.90,2,q1_q17_dr25_tce,4499.00,89.00,-89.00,4.635,0.032,-0.020,0.6390,0.0250,-0.0320,291.506160,46.895741,13.177
9950612,K00719.04,Kepler-220 b,CONFIRMED,CANDIDATE,1.0000,0,0,0,0,4.159816554,7.3100000e-06,-7.3100000e-06,133.7861600,1.450000e-03,-1.450000e-03,0.6760,0.2390,-0.4390,1.62610,0.04720,-0.04720,1.6030e+02,5.300e+00,-5.300e+00,0.86,3.000e-02,-4.000e-02,759.0,,,78.40,13.15,-13.09,35.60,3,q1_q17_dr25_tce,4499.00,89.00,-89.00,4.635,0.032,-0.020,0.6390,0.0250,-0.0320,291.506160,46.895741,13.177
9963524,K00720.01,Kepler-221 c,CONFIRMED,CANDIDATE,1.0000,0,0,0,0,5.690591630,1.1020000e-05,-1.1020000e-05,174.0488500,1.430000e-03,-1.430000e-03,0.5730,0.0060,-0.4730,2.55700,0.05530,-0.05530,1.3843e+03,3.370e+01,-3.370e+01,3.10,2.300e-01,-1.700e-01,860.0,,,129.31,32.18,-22.65,45.50,1,q1_q17_dr25_tce,5244.00,105.00,-105.00,4.538,0.045,-0.055,0.8100,0.0600,-0.0440,296.654750,46.835270,13.749
5780885,K00097.01,Kepler-7 b,CONFIRMED,CANDIDATE,0.9990,0,1,0,0,4.885488596,2.6600000e-07,-2.6600000e-07,134.2768785,4.530000e-05,-4.530000e-05,0.3610,0.0140,-0.0170,5.16165,0.00597,-0.00597,7.4584e+03,3.700e+00,-3.700e+00,16.66,1.040e+00,-7.000e-01,1496.0,,,1182.79,223.79,-147.95,2590.10,1,q1_q17_dr25_tce,6036.00,78.00,-72.00,3.968,0.020,-0.016,1.9090,0.1200,-0.0800,288.581510,41.089809,12.885
11773022,K00620.02,Kepler-51 d,CONFIRMED,CANDIDATE,1.0000,0,0,0,0,130.178029620,7.6290000e-05,-7.6290000e-05,212.0326380,4.590000e-04,-4.590000e-04,0.0220,0.1440,-0.0220,8.45340,0.02130,-0.02130,1.1571e+04,3.430e+01,-3.430e+01,10.44,3.220e+00,-1.070e+00,367.0,,,4.31,3.89,-1.27,365.20,1,q1_q17_dr25_tce,6046.00,162.00,-198.00,4.486,0.052,-0.221,0.9720,0.3000,-0.1000,296.479770,49.937679,14.669
11773022,K00620.03,Kepler-51 c,CONFIRMED,CANDIDATE,0.9700,0,0,0,0,85.316200400,2.2830000e-04,-2.2830000e-04,295.3158800,1.890000e-03,-1.890000e-03,0.9720,0.3560,-0.0410,2.74410,0.09980,-0.09980,1.9026e+03,6.790e+01,-6.790e+01,6.34,1.960e+00,-6.500e-01,423.0,,,7.57,6.84,-2.24,32.60,3,q1_q17_dr25_tce,6046.00,162.00,-198.00,4.486,0.052,-0.221,0.9720,0.3000,-0.1000,296.479770,49.937679,14.669
12251650,K00621.01,,CANDIDATE,CANDIDATE,0.0000,0,0,0,0,17.761998411,1.7940000e-06,-1.7940000e-06,174.1831018,8.110000e-05,-8.110000e-05,0.9070,0.0160,-0.0150,2.46440,0.00925,-0.00925,2.4177e+04,5.120e+01,-5.120e+01,14.25,1.390e+00,-1.250e+00,538.0,,,19.78,6.98,-5.03,731.70,1,q1_q17_dr25_tce,5088.00,151.00,-136.00,4.612,0.061,-0.044,0.6690,0.0650,-0.0590,287.460970,50.975071,14.762
12417486,K00622.01,,CANDIDATE,CANDIDATE,1.0000,0,0,0,0,155.042265000,4.0070000e-04,-4.0070000e-04,213.4997800,1.810000e-03,-1.810000e-03,0.8240,0.0140,-0.0200,9.84800,0.14100,-0.14100,4.8809e+03,4.910e+01,-4.910e+01,26.44,4.230e+00,-5.180e+00,511.0,,,16.15,6.91,-6.37,117.90,1,q1_q17_dr25_tce,4994.00,74.00,-82.00,3.509,0.143,-0.117,3.3220,0.5320,-0.6500,295.880280,51.263790,14.932
12068975,K00623.01,Kepler-197 c,CONFIRMED,CANDIDATE,0.2840,0,0,0,0,10.349732760,2.9510000e-05,-2.9510000e-05,174.0619300,2.330000e-03,-2.330000e-03,0.9050,0.0430,-0.6240,4.48590,0.07220,-0.07220,1.1900e+02,2.800e+00,-2.800e+00,1.44,4.000e-02,-5.000e-02,930.0,,,177.25,24.08,-24.09,44.50,1,q1_q17_dr25_tce,6003.00,96.00,-108.00,4.303,0.018,-0.014,1.1090,0.0360,-0.0400,295.226440,50.558979,11.811
7115785,K00672.01,Kepler-209 b,CONFIRMED,CANDIDATE,1.0000,0,0,0,0,16.087862460,2.4740000e-05,-2.4740000e-05,172.8138400,1.270000e-03,-1.270000e-03,0.8240,0.0450,-0.5740,3.09500,0.04200,-0.04200,6.1250e+02,1.040e+01,-1.040e+01,2.56,3.100e-01,-2.100e-01,668.0,,,47.17,17.03,-10.12,63.70,2,q1_q17_dr25_tce,5506.00,110.00,,4.473,0.064,-0.096,0.9140,0.1110,-0.0740,291.169530,42.640808,13.998
2834805,K07638.01,,CANDIDATE,CANDIDATE,0.7600,0,0,0,0,25.003202300,2.6480000e-04,-2.6480000e-04,140.9010600,9.920000e-03,-9.920000e-03,0.7560,0.2220,-0.5100,5.49800,0.55700,-0.55700,6.4100e+01,7.300e+00,-7.300e+00,1.47,3.300e-01,-3.800e-01,837.0,,,116.27,79.06,-59.05,12.60,1,q1_q17_dr25_tce,6148.00,167.00,-186.00,4.055,0.234,-0.126,1.6850,0.3850,-0.4280,286.701450,38.042191,12.550
7115785,K00672.02,Kepler-209 c,CONFIRMED,CANDIDATE,1.0000,0,0,0,0,41.749386130,6.6220000e-05,-6.6220000e-05,153.8463600,1.260000e-03,-1.260000e-03,0.2260,0.2030,-0.2260,5.60980,0.05730,-0.05730,1.0554e+03,1.160e+01,-1.160e+01,2.94,3.500e-01,-2.400e-01,486.0,,,13.22,4.77,-2.84,95.00,1,q1_q17_dr25_tce,5506.00,110.00,0.00,4.473,0.064,-0.096,0.9140,0.1110,-0.0740,291.169530,42.640808,13.998
7115785,K00672.03,,FALSE POSITIVE,FALSE POSITIVE,0.0000,1,0,0,1,0.566800810,6.3200000e-07,-6.3200000e-07,131.8173700,9.040000e-04,-9.040000e-04,0.0040,0.5480,-0.0040,3.61160,0.03480,-0.03480,1.2770e+02,2.700e+00,-2.700e+00,1.02,1.200e-01,-9.000e-02,2038.0,,,4065.92,1468.57,-872.14,71.50,3,q1_q17_dr25_tce,5506.00,110.00,0.00,4.473,0.064,-0.096,0.9140,0.1110,-0.0740,291.169530,42.640808,13.998
7124613,K00673.01,Kepler-642 b,CONFIRMED,CANDIDATE,1.0000,0,0,0,0,4.417462570,1.9200000e-05,-1.9200000e-05,170.7907300,3.360000e-03,-3.360000e-03,0.0850,0.3760,-0.0850,2.96500,0.10400,-0.10400,2.9100e+02,1.500e+01,-1.500e+01,3.95,8.400e-01,-1.250e+00,1810.0,,,2536.07,1550.12,-1485.81,22.60,1,q1_q17_dr25_tce,6570.00,156.00,-195.00,3.860,0.285,-0.114,2.2970,0.4850,-0.7270,293.834560,42.624962,13.343
8711794,K00105.01,Kepler-463 b,CONFIRMED,CANDIDATE,1.0000,0,0,0,0,8.981014925,3.0850000e-06,-3.0850000e-06,136.6493070,2.790000e-04,-2.790000e-04,0.0970,0.2420,-0.0970,1.84780,0.01160,-0.01160,1.0593e+03,6.400e+00,-6.400e+00,3.14,4.300e-01,-4.800e-01,880.0,,,141.77,58.27,-46.97,198.30,1,q1_q17_dr25_tce,5666.00,124.00,-102.00,4.362,0.156,-0.104,0.9670,0.1330,-0.1470,298.937040,44.857910,12.870
7277317,K00674.01,Kepler-643 b,CONFIRMED,CANDIDATE,1.0000,0,0,0,0,16.338880670,1.8820000e-05,-1.8820000e-05,177.9175860,9.020000e-04,-9.020000e-04,0.2560,0.0990,-0.2560,9.35990,0.04850,-0.04850,1.7184e+03,9.700e+00,-9.700e+00,10.47,1.100e+00,-8.000e-01,963.0,,,203.31,58.11,-37.26,201.90,1,q1_q17_dr25_tce,4877.00,63.00,-53.00,3.645,0.060,-0.066,2.5950,0.2730,-0.1980,290.327330,42.898281,13.781
2446134,K07632.01,,FALSE POSITIVE,FALSE POSITIVE,0.2730,1,0,0,0,39.130708600,7.4930000e-04,-7.4930000e-04,165.7408000,1.180000e-02,-1.180000e-02,0.0130,0.4690,-0.0130,2.29500,0.61600,-0.61600,2.0100e+02,4.540e+01,-4.540e+01,1.54,5.200e-01,-2.100e-01,600.0,,,30.75,30.36,-10.83,7.40,1,q1_q17_dr25_tce,6295.00,169.00,-225.00,4.401,0.072,-0.217,1.0800,0.3640,-0.1450,292.060820,37.770191,14.372
9963524,K00720.02,Kepler-221 d,CONFIRMED,CANDIDATE,1.0000,0,0,0,0,10.041572140,3.1280000e-05,-3.1280000e-05,137.0844200,2.400000e-03,-2.400000e-03,0.7680,0.1390,-0.5390,2.65770,0.07940,-0.07940,1.1140e+03,4.300e+01,-4.300e+01,2.97,2.200e-01,-1.600e-01,712.0,,,60.74,15.12,-10.64,28.10,2,q1_q17_dr25_tce,5244.00,105.00,-105.00,4.538,0.045,-0.055,0.8100,0.0600,-0.0440,296.654750,46.835270,13.749
9963524,K00720.03,Kepler-221 e,CONFIRMED,CANDIDATE,1.0000,0,0,0,0,18.369746580,8.5640000e-05,-8.5640000e-05,131.8657300,3.630000e-03,-3.630000e-03,0.9470,0.0250,-0.6930,2.93900,0.15200,-0.15200,1.1433e+03,6.410e+01,-6.410e+01,3.58,2.600e-01,-2.000e-01,582.0,,,27.14,6.76,-4.75,20.10,3,q1_q17_dr25_tce,5244.00,105.00,-105.00,4.538,0.045,-0.055,0.8100,0.0600,-0.0440,296.654750,46.835270,13.749
9963524,K00720.04,Kepler-221 b,CONFIRMED,CANDIDATE,1.0000,0,0,0,0,2.795900040,1.4110000e-05,-1.4110000e-05,132.7297100,3.750000e-03,-3.750000e-03,0.6380,0.0190,-0.4970,2.05600,0.12300,-0.12300,3.8370e+02,2.710e+01,-2.710e+01,1.66,1.200e-01,-9.000e-02,1090.0,,,333.31,82.94,-58.40,16.30,4,q1_q17_dr25_tce,5244.00,105.00,-105.00,4.538,0.045,-0.055,0.8100,0.0600,-0.0440,296.654750,46.835270,13.749
9964801,K00721.01,Kepler-654 b,CONFIRMED,CANDIDATE,1.0000,0,0,0,0,13.724627020,4.9170000e-05,-4.9170000e-05,180.6480700,2.590000e-03,-2.590000e-03,0.7480,0.1630,-0.5060,6.97580,0.09530,-0.09530,2.8180e+02,6.300e+00,-6.300e+00,2.13,3.200e-01,-3.200e-01,831.0,,,112.82,47.91,-37.97,50.10,1,q1_q17_dr25_tce,5817.00,104.00,-116.00,4.293,0.143,-0.104,1.1710,0.1780,-0.1780,297.068420,46.834278,13.645
9965439,K00722.01,Kepler-655 b,CONFIRMED,CANDIDATE,0.9950,0,0,0,0,46.406260000,1.7010000e-04,-1.7010000e-04,192.9963300,2.480000e-03,-2.480000e-03,0.0180,0.3650,-0.0180,7.02810,0.08520,-0.08520,4.6910e+02,1.080e+01,-1.080e+01,2.66,4.700e-01,-3.900e-01,588.0,,,28.23,14.60,-9.43,51.20,1,q1_q17_dr25_tce,6086.00,134.00,-134.00,4.276,0.137,-0.112,1.2270,0.2200,-0.1800,297.259090,46.843189,13.489
2569995,K07634.01,,CANDIDATE,CANDIDATE,0.0000,0,0,0,0,80.840690000,4.6230000e-03,-4.6230000e-03,177.3473000,6.930000e-02,-6.930000e-02,0.0030,0.3880,-0.0030,8.56700,0.30900,-0.30900,9.3260e+03,4.970e+02,-4.970e+02,15.11,3.130e+00,-5.820e+00,500.0,,,14.83,9.80,-9.87,21.60,1,q1_q17_dr25_tce,5511.00,183.00,-166.00,4.069,0.368,-0.123,1.5970,0.3310,-0.6150,290.229250,37.840961,17.187
12068975,K00623.02,Kepler-197 d,CONFIRMED,CANDIDATE,0.9850,0,0,0,0,15.677501910,5.7850000e-05,-5.7850000e-05,179.4731100,2.830000e-03,-2.830000e-03,0.9110,0.0370,-0.6220,5.50820,0.08660,-0.08660,1.1550e+02,3.100e+00,-3.100e+00,1.42,5.000e-02,-5.000e-02,810.0,,,101.79,13.83,-13.83,39.60,3,q1_q17_dr25_tce,6003.00,96.00,-108.00,4.303,0.018,-0.014,1.1090,0.0360,-0.0400,295.226440,50.558979,11.811
12068975,K00623.03,Kepler-197 b,CONFIRMED,CANDIDATE,0.9730,0,0,0,0,5.599315430,1.4240000e-05,-1.4240000e-05,171.4739100,2.050000e-03,-2.050000e-03,0.9140,0.0090,-0.6370,3.89440,0.05230,-0.05230,8.4800e+01,2.200e+00,-2.200e+00,1.22,4.000e-02,-4.000e-02,1142.0,,,402.39,54.66,-54.69,41.40,2,q1_q17_dr25_tce,6003.00,96.00,-108.00,4.303,0.018,-0.014,1.1090,0.0360,-0.0400,295.226440,50.558979,11.811
12068975,K00623.04,Kepler-197 e,CONFIRMED,CANDIDATE,0.9920,0,0,0,0,25.210014600,2.0370000e-04,-2.0370000e-04,154.4112200,6.810000e-03,-6.810000e-03,0.7710,0.2010,-0.5540,6.55300,0.19400,-0.19400,6.2100e+01,3.400e+00,-3.400e+00,0.95,4.000e-02,-3.000e-02,691.0,,,54.06,7.35,-7.34,18.80,4,q1_q17_dr25_tce,6003.00,96.00,-108.00,4.303,0.018,-0.014,1.1090,0.0360,-0.0400,295.226440,50.558979,11.811
3541946,K00624.01,Kepler-198 b,CONFIRMED,CANDIDATE,1.0000,0,0,0,0,17.790016780,3.2030000e-05,-3.2030000e-05,182.4374500,1.430000e-03,-1.430000e-03,0.1820,0.2140,-0.1820,4.41160,0.04810,-0.04810,8.7140e+02,1.370e+01,-1.370e+01,2.70,3.600e-01,-1.900e-01,655.0,,,43.50,16.78,-8.87,67.20,1,q1_q17_dr25_tce,5569.00,111.00,-111.00,4.474,0.059,-0.110,0.9270,0.1220,-0.0660,290.673130,38.691010,13.597
3541946,K00624.02,Kepler-198 c,CONFIRMED,CANDIDATE,0.9990,0,0,0,0,49.567408500,1.8670000e-04,-1.8670000e-04,169.5422700,3.220000e-03,-3.220000e-03,0.8660,0.0550,-0.5990,4.00200,0.08470,-0.08470,7.3000e+02,2.490e+01,-2.490e+01,2.91,3.800e-01,-2.100e-01,465.0,,,11.09,4.27,-2.27,31.20,3,q1_q17_dr25_tce,5569.00,111.00,-111.00,4.474,0.059,-0.110,0.9270,0.1220,-0.0660,290.673130,38.691010,13.597
10264660,K00098.01,Kepler-14 b,CONFIRMED,CANDIDATE,0.9940,0,0,0,0,6.790120801,1.9050000e-06,-1.9050000e-06,138.0881990,2.310000e-04,-2.310000e-04,0.4860,0.0510,-0.0950,6.04370,0.02850,-0.02850,2.3023e+03,5.700e+00,-5.700e+00,9.86,7.200e-01,-3.600e-01,1434.0,,,998.97,206.95,-122.30,526.10,1,q1_q17_dr25_tce,6372.00,76.00,-89.00,3.954,0.020,-0.020,2.0010,0.1460,-0.0730,287.708830,47.333050,12.128
7385509,K00675.01,,FALSE POSITIVE,FALSE POSITIVE,0.0000,0,0,1,1,1.655467295,2.1730000e-06,-2.1730000e-06,169.5487200,1.200000e-03,-1.200000e-03,0.0010,0.2950,-0.0010,3.24240,0.03920,-0.03920,1.0594e+03,1.290e+01,-1.290e+01,2.17,1.600e-01,-1.800e-01,1080.0,,,322.97,101.96,-89.29,98.70,1,q1_q17_dr25_tce,4583.00,161.00,-161.00,4.600,0.044,-0.028,0.6950,0.0490,-0.0600,297.747990,42.995205,13.841
7447200,K00676.01,Kepler-210 c,CONFIRMED,CANDIDATE,0.3780,0,0,0,0,7.972510087,3.6520000e-06,-3.6520000e-06,171.5850570,3.580000e-04,-3.580000e-04,0.7390,0.0430,-0.1100,2.97540,0.05690,-0.05690,3.1390e+03,1.880e+01,-1.880e+01,3.22,1.900e-01,-2.100e-01,497.0,,,14.45,3.12,-2.91,206.70,1,q1_q17_dr25_tce,3912.00,78.00,-86.00,4.728,0.030,-0.033,0.5330,0.0320,-0.0350,292.503390,43.083149,13.822
7447200,K00676.02,Kepler-210 b,CONFIRMED,CANDIDATE,1.0000,0,0,0,0,2.453236139,9.9100000e-07,-9.9100000e-07,170.8920590,3.140000e-04,-3.140000e-04,0.4960,0.2460,-0.2970,1.66910,0.01860,-0.01860,1.7232e+03,1.290e+01,-1.290e+01,2.26,1.400e-01,-1.400e-01,737.0,,,69.36,14.99,-13.96,158.00,2,q1_q17_dr25_tce,3912.00,78.00,-86.00,4.728,0.030,-0.033,0.5330,0.0320,-0.0350,292.503390,43.083149,13.822
7466863,K00677.01,,FALSE POSITIVE,FALSE POSITIVE,0.0000,0,0,1,0,11.971062600,2.4070000e-05,-2.4070000e-05,171.0842500,1.550000e-03,-1.550000e-03,0.9990,7.5820,-0.0220,2.76070,0.08220,-0.08220,4.2180e+02,1.200e+01,-1.200e+01,5.84,1.650e+00,-1.830e+00,1044.0,,,280.97,236.24,-165.62,42.60,1,q1_q17_dr25_tce,6312.00,176.00,-220.00,4.127,0.264,-0.154,1.4640,0.4160,-0.4570,297.400970,43.042782,13.768
7509886,K00678.01,Kepler-211 c,CONFIRMED,CANDIDATE,1.0000,0,0,0,0,6.040462200,3.1330000e-05,-3.1330000e-05,172.5932700,3.980000e-03,-3.980000e-03,0.5080,0.4310,-0.2940,1.98000,0.12800,-0.12800,2.4100e+02,1.830e+01,-1.830e+01,1.30,1.100e-01,-5.000e-02,841.0,,,118.56,30.58,-18.81,14.90,2,q1_q17_dr25_tce,5297.00,95.00,-116.00,4.578,0.014,-0.081,0.8250,0.0680,-0.0340,285.439150,43.168480,13.283
7509886,K00678.02,Kepler-211 b,CONFIRMED,CANDIDATE,1.0000,0,0,0,0,4.138528250,1.7560000e-05,-1.7560000e-05,132.0188200,3.520000e-03,-3.520000e-03,0.1850,0.2790,-0.1850,2.28100,0.10500,-0.10500,2.5650e+02,1.460e+01,-1.460e+01,1.30,1.000e-01,-6.000e-02,954.0,,,196.51,50.69,-31.18,20.50,1,q1_q17_dr25_tce,5297.00,95.00,-116.00,4.578,0.014,-0.081,0.8250,0.0680,-0.0340,285.439150,43.168480,13.283
10002866,K00723.01,Kepler-222 b,CONFIRMED,CANDIDATE,1.0000,0,0,0,0,3.936993144,4.4570000e-06,-4.4570000e-06,169.6505920,9.030000e-04,-9.030000e-04,0.8010,0.0800,-0.5550,1.88700,0.03870,-0.03870,1.2660e+03,2.460e+01,-2.460e+01,3.36,7.400e-01,-2.500e-01,1004.0,,,240.16,162.89,-57.82,59.30,2,q1_q17_dr25_tce,5431.00,164.00,-164.00,4.563,0.029,-0.152,0.8430,0.1860,-0.0620,287.906100,46.937771,15.063
10002866,K00723.02,Kepler-222 d,CONFIRMED,CANDIDATE,1.0000,0,0,0,0,28.081859820,6.9720000e-05,-6.9720000e-05,194.9169600,1.940000e-03,-1.940000e-03,0.4250,0.4280,-0.2300,4.52880,0.07850,-0.07850,1.8403e+03,3.880e+01,-3.880e+01,3.63,8.000e-01,-2.700e-01,522.0,,,17.52,11.89,-4.22,50.80,3,q1_q17_dr25_tce,5431.00,164.00,-164.00,4.563,0.029,-0.152,0.8430,0.1860,-0.0620,287.906100,46.937771,15.063
6678383,K00111.02,Kepler-104 c,CONFIRMED,CANDIDATE,1.0000,0,0,0,0,23.668346350,3.0030000e-05,-3.0030000e-05,132.7142100,1.040000e-03,-1.040000e-03,0.7580,0.0850,-0.5420,5.82970,0.03780,-0.03780,4.4940e+02,4.200e+00,-4.200e+00,2.32,3.100e-01,-2.600e-01,668.0,,,47.11,18.34,-12.89,112.80,3,q1_q17_dr25_tce,5979.00,108.00,-120.00,4.394,0.110,-0.110,1.0050,0.1380,-0.1130,287.604610,42.166779,12.596
10002866,K00723.03,Kepler-222 c,CONFIRMED,CANDIDATE,1.0000,0,0,0,0,10.088810660,1.1770000e-05,-1.1770000e-05,173.0833530,9.210000e-04,-9.210000e-04,0.9210,0.0280,-0.6540,1.77260,0.08740,-0.08740,1.9959e+03,4.390e+01,-4.390e+01,4.71,1.040e+00,-3.500e-01,734.0,,,68.62,46.54,-16.52,51.40,1,q1_q17_dr25_tce,5431.00,164.00,-164.00,4.563,0.029,-0.152,0.8430,0.1860,-0.0620,287.906100,46.937771,15.063
2577353,K07635.01,,CANDIDATE,CANDIDATE,0.8720,0,0,0,0,60.458443000,1.8000000e-03,-1.8000000e-03,136.3553000,2.520000e-02,-2.520000e-02,0.4510,0.5340,-0.2360,8.43000,1.10000,-1.10000,1.7520e+02,2.650e+01,-2.650e+01,1.59,4.600e-01,-3.100e-01,511.0,,,16.14,13.83,-6.87,9.70,1,q1_q17_dr25_tce,5865.00,158.00,-176.00,4.297,0.175,-0.175,1.1810,0.3450,-0.2300,291.780790,37.811508,14.544
10005020,K00724.01,,FALSE POSITIVE,FALSE POSITIVE,0.0000,0,0,1,0,6.971069190,1.8410000e-05,-1.8410000e-05,174.7030500,2.020000e-03,-2.020000e-03,0.0440,0.3920,-0.0440,3.91250,0.07010,-0.07010,4.5280e+02,1.250e+01,-1.250e+01,2.07,5.700e-01,-2.000e-01,946.0,,,189.16,152.17,-54.23,41.70,1,q1_q17_dr25_tce,5871.00,156.00,-191.00,4.493,0.048,-0.204,0.9830,0.2700,-0.0960,288.980380,46.954060,15.040
3541946,K00624.03,Kepler-198 d,CONFIRMED,CANDIDATE,1.0000,0,0,0,0,1.311842968,2.0210000e-06,-2.0210000e-06,133.1105800,1.240000e-03,-1.240000e-03,0.1210,0.3130,-0.1210,1.78760,0.04120,-0.04120,2.4510e+02,6.500e+00,-6.500e+00,1.43,1.900e-01,-1.000e-01,1562.0,,,1410.60,544.10,-287.86,44.20,2,q1_q17_dr25_tce,5569.00,111.00,-111.00,4.474,0.059,-0.110,0.9270,0.1220,-0.0660,290.673130,38.691010,13.597
4449034,K00625.01,,FALSE POSITIVE,FALSE POSITIVE,1.0000,0,1,0,0,38.138530990,7.7800000e-05,-7.7800000e-05,180.4374800,1.620000e-03,-1.620000e-03,1.2310,71.1200,-0.2230,3.86170,0.08180,-0.08180,1.2302e+03,2.530e+01,-2.530e+01,68.75,1.652e+01,-3.069e+01,873.0,,,137.15,94.75,-100.41,58.90,1,q1_q17_dr25_tce,6481.00,155.00,-214.00,3.861,0.405,-0.135,2.3430,0.5630,-1.0460,286.563780,39.534470,13.592
4478168,K00626.01,Kepler-624 b,CONFIRMED,CANDIDATE,1.0000,0,0,0,0,14.586498560,2.8490000e-05,-2.8490000e-05,172.2218500,1.650000e-03,-1.650000e-03,0.6650,0.2180,-0.4420,4.02490,0.05590,-0.05590,3.7870e+02,7.700e+00,-7.700e+00,2.45,3.900e-01,-3.900e-01,852.0,,,124.89,56.57,-44.00,53.00,1,q1_q17_dr25_tce,6063.00,121.00,-133.00,4.290,0.137,-0.112,1.1910,0.1890,-0.1890,295.193390,39.539669,13.490
4478168,K00626.02,,CANDIDATE,CANDIDATE,0.9940,0,0,0,0,8.029201800,8.2950000e-05,-8.2950000e-05,132.8283000,8.270000e-03,-8.270000e-03,0.5100,0.4550,-0.3160,3.46200,0.32200,-0.32200,6.5600e+01,6.900e+00,-6.900e+00,0.99,1.600e-01,-1.600e-01,1040.0,,,276.27,125.14,-97.33,11.70,2,q1_q17_dr25_tce,6063.00,121.00,-133.00,4.290,0.137,-0.112,1.1910,0.1890,-0.1890,295.193390,39.539669,13.490
2854839,K07639.01,,FALSE POSITIVE,FALSE POSITIVE,0.3250,1,0,0,0,1.055692860,2.1460000e-05,-2.1460000e-05,131.5576000,1.590000e-02,-1.590000e-02,0.1310,0.4630,-0.1310,1.28900,0.55500,-0.55500,3.7500e+01,9.300e+00,-9.300e+00,0.45,4.000e-02,-4.000e-02,1395.0,,,898.72,342.30,-263.01,7.10,1,q1_q17_dr25_tce,4955.00,176.00,-176.00,4.561,0.061,-0.050,0.7510,0.0720,-0.0720,291.957610,38.070049,13.203
4563268,K00627.01,Kepler-625 b,CONFIRMED,CANDIDATE,1.0000,0,0,0,0,7.751927550,1.0670000e-05,-1.0670000e-05,176.1719700,1.120000e-03,-1.120000e-03,0.5460,0.2470,-0.3590,3.54130,0.03530,-0.03530,4.0730e+02,5.700e+00,-5.700e+00,1.89,2.600e-01,-9.000e-02,852.0,,,124.47,49.05,-20.90,77.30,1,q1_q17_dr25_tce,5604.00,101.00,-124.00,4.520,0.028,-0.112,0.9120,0.1270,-0.0420,292.150450,39.637581,13.307
7515212,K00679.01,Kepler-212 c,CONFIRMED,CANDIDATE,0.9950,0,0,0,0,31.804759910,9.0450000e-05,-9.0450000e-05,190.2541300,2.240000e-03,-2.240000e-03,0.8700,0.0780,-0.6520,8.69900,0.12200,-0.12200,3.6060e+02,5.200e+00,-5.200e+00,2.99,4.700e-01,-5.700e-01,664.0,,,45.90,19.95,-18.40,73.40,1,q1_q17_dr25_tce,5867.00,104.00,-128.00,4.235,0.143,-0.117,1.3560,0.2120,-0.2590,287.620820,43.141647,13.178
7515212,K00679.02,Kepler-212 b,CONFIRMED,CANDIDATE,0.7670,0,0,0,0,16.258027600,2.8790000e-04,-2.8790000e-04,139.6381000,1.220000e-02,-1.220000e-02,0.1310,0.3260,-0.1310,6.37500,0.41600,-0.41600,4.7000e+01,4.600e+00,-4.600e+00,0.92,1.500e-01,-1.700e-01,830.0,,,112.41,48.85,-45.05,11.50,2,q1_q17_dr25_tce,5867.00,104.00,-128.00,4.235,0.143,-0.117,1.3560,0.2120,-0.2590,287.620820,43.141647,13.178
7529266,K00680.01,Kepler-435 b,CONFIRMED,CANDIDATE,0.9990,0,0,0,0,8.600153929,1.5320000e-06,-1.5320000e-06,177.6424210,1.430000e-04,-1.430000e-04,0.2960,0.0370,-0.0510,9.00150,0.01660,-0.01660,4.5102e+03,4.800e+00,-4.800e+00,26.52,3.600e+00,-9.360e+00,1703.0,,,1986.75,716.55,-1198.77,1208.10,1,q1_q17_dr25_tce,6093.00,82.00,-82.00,3.475,0.285,-0.095,3.9130,0.5310,-1.3810,292.287320,43.197281,13.643
11553706,K00009.01,,FALSE POSITIVE,FALSE POSITIVE,0.0000,0,1,1,0,3.719809197,9.3900000e-07,-9.3900000e-07,135.0682980,2.060000e-04,-2.060000e-04,1.2790,0.1690,-0.0780,3.53170,0.01050,-0.01050,2.9582e+03,1.010e+01,-1.010e+01,87.21,1.661e+01,-2.845e+01,1873.0,,,2912.21,1650.97,-1719.77,373.90,1,q1_q17_dr25_tce,6284.00,160.00,-160.00,3.813,0.292,-0.097,2.3480,0.4470,-0.7660,288.803770,49.530788,13.123
2449053,K07633.01,,FALSE POSITIVE,FALSE POSITIVE,0.0000,0,1,1,1,0.739753450,1.4910000e-06,-1.4910000e-06,131.8173900,1.620000e-03,-1.620000e-03,0.5250,0.6220,-0.4620,4.20000,1.70000,-1.70000,4.8180e+02,4.030e+01,-4.030e+01,2.09,4.200e-01,-2.500e-01,1818.0,,,2580.00,1673.26,-805.88,86.20,1,q1_q17_dr25_tce,5271.00,174.00,-158.00,4.436,0.104,-0.156,0.9350,0.1900,-0.1110,292.689850,37.774361,15.141
10489525,K00106.01,,FALSE POSITIVE,FALSE POSITIVE,0.0000,0,1,1,1,1.612249049,4.3540000e-06,-4.3540000e-06,131.8520400,2.310000e-03,-2.310000e-03,1.1710,0.7100,-0.1350,4.23500,0.13000,-0.13000,1.5400e+02,4.100e+00,-4.100e+00,50.98,1.063e+01,-1.729e+01,2713.0,,,12788.25,8056.80,-7938.71,45.40,1,q1_q17_dr25_tce,6732.00,187.00,-234.00,3.793,0.292,-0.097,2.5690,0.5360,-0.8710,298.354340,47.672081,12.775
7598128,K00681.01,,FALSE POSITIVE,FALSE POSITIVE,0.0000,0,1,0,0,44.258173075,7.5630000e-06,-7.5630000e-06,188.4955370,1.270000e-04,-1.270000e-04,0.8150,0.0010,-0.0010,7.58264,0.00849,-0.00849,2.0542e+04,2.210e+01,-2.210e+01,37.38,7.040e+00,-1.306e+01,845.0,,,120.38,67.07,-74.80,1282.30,1,q1_q17_dr25_tce,6544.00,162.00,-179.00,3.839,0.292,-0.097,2.3260,0.4380,-0.8130,288.541990,43.255421,13.204
11858979,K04062.01,,FALSE POSITIVE,FALSE POSITIVE,0.0000,0,1,1,0,3.059339060,7.2500000e-05,-7.2500000e-05,131.7541000,1.940000e-02,-1.940000e-02,1.2590,6.7530,-0.1600,1.73320,0.06580,-0.06580,1.1692e+03,3.680e+01,-3.680e+01,36.00,1.097e+01,-5.900e+00,1434.0,,,999.16,926.77,-402.64,37.70,1,q1_q17_dr25_tce,6238.00,197.00,-241.00,4.337,0.132,-0.198,1.1160,0.3400,-0.1830,288.908870,50.162830,14.077
5900390,K04063.01,,FALSE POSITIVE,FALSE POSITIVE,0.0000,0,1,1,0,0.624677585,2.0040000e-06,-2.0040000e-06,131.8663000,2.620000e-03,-2.620000e-03,0.5220,0.0060,-0.5110,2.41100,0.10400,-0.10400,3.7300e+01,1.500e+00,-1.500e+00,1.28,5.300e-01,-3.300e-01,4391.0,,,87591.59,108774.19,-47884.72,31.00,1,q1_q17_dr25_tce,9653.00,272.00,-467.00,4.191,0.144,-0.216,1.9960,0.8310,-0.5120,298.043180,41.195000,12.789
5444334,K04064.01,,FALSE POSITIVE,FALSE POSITIVE,0.0000,0,0,0,1,0.759763198,3.5840000e-06,-3.5840000e-06,131.7881600,3.780000e-03,-3.780000e-03,0.5710,0.0250,-0.4760,3.08300,0.12100,-0.12100,2.0250e+02,8.100e+00,-8.100e+00,1.20,2.400e-01,-1.000e-01,1752.0,,,2227.19,1386.44,-598.60,30.80,1,q1_q17_dr25_tce,5520.00,166.00,-182.00,4.572,0.034,-0.136,0.8180,0.1640,-0.0700,290.501250,40.694500,15.916
10139620,K04065.01,,FALSE POSITIVE,FALSE POSITIVE,,1,0,0,0,372.373690000,2.0210000e-02,-2.0210000e-02,138.0835000,3.620000e-02,-3.620000e-02,0.3052,0.1404,-0.3051,12.33000,1.30000,-1.30000,6.6610e+02,7.890e+01,-7.890e+01,2.68,1.200e+00,-2.500e-01,267.0,,,1.20,1.59,-0.33,15.60,,,6109.00,152.00,-211.00,4.455,0.045,-0.299,1.0290,0.4620,-0.0930,291.266720,47.114769,15.423
8686373,K04066.01,Kepler-1936 b,CONFIRMED,CANDIDATE,0.9880,0,0,0,0,126.557190000,1.2170000e-03,-1.2170000e-03,145.6973600,8.720000e-03,-8.720000e-03,0.9650,0.0060,-0.6750,8.07900,0.54800,-0.54800,3.6640e+02,1.640e+01,-1.640e+01,4.59,1.440e+00,-1.430e+00,524.0,,,17.85,16.39,-10.61,24.80,1,q1_q17_dr25_tce,6501.00,179.00,-247.00,4.054,0.231,-0.189,1.8540,0.5780,-0.5780,290.730010,44.836121,13.666
5386264,K04135.01,,FALSE POSITIVE,FALSE POSITIVE,0.0000,0,1,0,0,12.435190544,,,140.8323906,,,0.3210,,,3.83050,,,7.1900e+01,,,0.52,5.000e-02,-4.000e-02,545.0,,,20.93,8.04,-4.69,4.80,2,q1_q17_dr25_tce,4756.00,141.00,-141.00,4.676,0.032,-0.054,0.6200,0.0680,-0.0400,297.772920,40.589088,14.844
3867615,K02289.02,Kepler-379 b,CONFIRMED,CANDIDATE,0.9270,0,0,0,0,20.098367600,1.2380000e-04,-1.2380000e-04,207.5775700,4.800000e-03,-4.800000e-03,0.0200,0.4140,-0.0200,5.20700,0.14400,-0.14400,1.5780e+02,8.800e+00,-8.800e+00,1.58,2.700e-01,-2.200e-01,775.0,,,85.34,41.59,-27.65,20.90,2,q1_q17_dr25_tce,6053.00,121.00,-133.00,4.279,0.120,-0.120,1.2600,0.2170,-0.1770,295.701110,38.945831,13.358
3218844,K07646.01,,FALSE POSITIVE,FALSE POSITIVE,0.1470,1,0,0,0,85.112898000,1.0540000e-03,-1.0540000e-03,171.8254000,9.870000e-03,-9.870000e-03,0.0330,0.4080,-0.0330,2.50300,0.27200,-0.27200,5.1380e+02,7.900e+01,-7.900e+01,2.21,7.200e-01,-2.400e-01,422.0,,,7.48,7.22,-2.33,8.00,1,q1_q17_dr25_tce,6018.00,169.00,-211.00,4.485,0.054,-0.216,0.9750,0.3180,-0.1060,286.467530,38.385971,15.681
7256914,K04136.01,,CANDIDATE,CANDIDATE,0.9820,0,0,0,0,2.417500210,2.1560000e-05,-2.1560000e-05,133.8058400,7.480000e-03,-7.480000e-03,0.8950,0.0240,-0.6130,4.33000,0.22000,-0.22000,5.8200e+01,4.200e+00,-4.200e+00,1.19,1.900e-01,-2.500e-01,1507.0,,,1221.36,519.24,-502.54,15.20,1,q1_q17_dr25_tce,5575.00,83.00,-75.00,4.189,0.188,-0.101,1.3080,0.2080,-0.2770,281.823180,42.811169,13.955
7256914,K04136.02,,CANDIDATE,CANDIDATE,0.9720,0,0,0,0,4.033574340,4.4040000e-05,-4.4040000e-05,134.2327500,8.720000e-03,-8.720000e-03,0.8550,0.0770,-0.5760,5.88600,0.21900,-0.21900,6.6200e+01,4.600e+00,-4.600e+00,1.23,1.900e-01,-2.600e-01,1270.0,,,616.04,261.90,-253.48,15.50,2,q1_q17_dr25_tce,5575.00,83.00,-75.00,4.189,0.188,-0.101,1.3080,0.2080,-0.2770,281.823180,42.811169,13.955
3542222,K04137.01,,FALSE POSITIVE,FALSE POSITIVE,0.0000,0,1,1,0,0.504426087,3.3900000e-07,-3.3900000e-07,131.8948250,5.980000e-04,-5.980000e-04,1.3210,0.8010,-0.0770,1.62760,0.03160,-0.03160,6.1450e+02,9.400e+00,-9.400e+00,33.96,8.560e+00,-4.600e+00,2339.0,,,7077.76,5413.66,-2396.12,81.70,1,q1_q17_dr25_tce,6043.00,182.00,-182.00,4.452,0.116,-0.174,0.9010,0.2270,-0.1220,290.749180,38.659111,15.213
6871071,K02220.04,,CANDIDATE,CANDIDATE,0.8950,0,0,0,0,7.664629130,7.2960000e-05,-7.2960000e-05,137.3834200,7.070000e-03,-7.070000e-03,0.2160,0.2270,-0.2160,3.61400,0.18900,-0.18900,1.1410e+02,9.300e+00,-9.300e+00,1.60,2.500e-01,-3.700e-01,1106.0,,,353.31,147.75,-156.58,13.20,4,q1_q17_dr25_tce,5640.00,85.00,-77.00,4.087,0.203,-0.087,1.5150,0.2360,-0.3530,294.137910,42.370499,14.686
5530112,K04067.01,Kepler-1937 b,CONFIRMED,CANDIDATE,1.0000,0,0,0,0,9.688721600,6.1200000e-04,-6.1200000e-04,131.8295000,5.140000e-02,-5.140000e-02,0.1180,0.3190,-0.1180,2.00000,0.10200,-0.10200,6.5550e+02,4.410e+01,-4.410e+01,3.09,1.100e+00,-3.700e-01,1014.0,,,250.25,264.48,-84.18,18.10,1,q1_q17_dr25_tce,6457.00,179.00,-246.00,4.358,0.072,-0.217,1.1960,0.4280,-0.1430,290.658390,40.778542,14.158
6226908,K04068.01,Kepler-1546 b,CONFIRMED,CANDIDATE,0.4020,0,0,0,0,19.597317000,1.5280000e-04,-1.5280000e-04,135.2652600,8.080000e-03,-8.080000e-03,0.8700,0.0380,-0.5930,4.50800,0.14300,-0.14300,1.0141e+03,4.920e+01,-4.920e+01,3.78,1.090e+00,-6.700e-01,671.0,,,47.90,42.55,-19.54,23.70,1,q1_q17_dr25_tce,5569.00,182.00,-182.00,4.368,0.158,-0.193,1.0190,0.2940,-0.1810,297.583920,41.541229,15.412
5906694,K04069.01,Kepler-1938 b,CONFIRMED,CANDIDATE,0.9090,0,0,0,0,13.062435450,7.1240000e-05,-7.1240000e-05,144.1842600,4.130000e-03,-4.130000e-03,0.1280,0.3240,-0.1280,3.24400,0.13000,-0.13000,4.6430e+02,2.540e+01,-2.540e+01,1.36,1.100e-01,-1.200e-01,527.0,,,18.25,5.69,-4.83,21.40,1,q1_q17_dr25_tce,4522.00,136.00,-136.00,4.615,0.049,-0.025,0.6550,0.0520,-0.0580,299.351900,41.195740,14.885
10186945,K04070.01,,FALSE POSITIVE,FALSE POSITIVE,0.0000,0,1,0,0,0.793663156,1.3900000e-06,-1.3900000e-06,131.7906500,1.530000e-03,-1.530000e-03,0.4000,0.0560,-0.4000,0.82440,0.05160,-0.05160,1.8620e+02,9.600e+00,-9.600e+00,1.14,1.100e-01,-1.000e-01,1614.0,,,1600.85,606.32,-411.80,23.70,1,q1_q17_dr25_tce,5077.00,167.00,-137.00,4.533,0.054,-0.072,0.8250,0.0830,-0.0740,281.440670,47.246471,14.549
4636565,K04138.01,,FALSE POSITIVE,FALSE POSITIVE,0.0000,0,0,1,1,2.814013020,5.1750000e-05,-5.1750000e-05,133.0785000,2.010000e-02,-2.010000e-02,0.5670,0.3670,-0.3360,5.80100,0.15900,-0.15900,5.5700e+01,1.900e+00,-1.900e+00,1.51,3.300e-01,-4.900e-01,1723.0,,,2081.51,1424.38,-1216.13,33.80,1,q1_q17_dr25_tce,5541.00,182.00,-126.00,3.869,0.294,-0.126,1.9670,0.4260,-0.6390,285.415190,39.776009,12.511
9956082,K04139.01,Kepler-1557 b,CONFIRMED,CANDIDATE,0.9870,0,0,0,0,3.740317080,1.9250000e-05,-1.9250000e-05,134.7030500,3.910000e-03,-3.910000e-03,0.2770,0.1700,-0.2770,2.39400,0.10500,-0.10500,1.6560e+02,1.220e+01,-1.220e+01,1.38,4.100e-01,-1.700e-01,1287.0,,,646.81,558.10,-219.79,15.60,1,q1_q17_dr25_tce,6260.00,168.00,-224.00,4.433,0.065,-0.195,1.0630,0.3130,-0.1340,293.881410,46.838879,15.331
3241647,K07650.01,,FALSE POSITIVE,FALSE POSITIVE,0.0000,0,0,1,1,0.851678507,8.3830000e-06,-8.3830000e-06,131.6231700,7.810000e-03,-7.810000e-03,0.4180,0.0440,-0.4180,2.02800,0.28000,-0.28000,6.7900e+01,9.200e+00,-9.200e+00,0.85,2.200e-01,-1.400e-01,1840.0,,,2698.28,2163.05,-1028.28,9.10,1,q1_q17_dr25_tce,5403.00,164.00,-164.00,4.389,0.124,-0.186,1.0290,0.2720,-0.1680,293.101530,38.340618,15.250
7761585,K04140.01,,FALSE POSITIVE,FALSE POSITIVE,,1,0,0,0,205.306270000,1.7300000e-02,-1.7300000e-02,186.4340000,3.480000e-02,-3.480000e-02,0.1543,0.3629,-0.1542,7.86000,1.40000,-1.40000,6.7100e+02,1.480e+02,-1.480e+02,2.48,8.400e-01,-2.400e-01,314.0,,,2.29,2.26,-0.65,6.40,,,6045.00,157.00,-198.00,4.494,0.044,-0.256,0.9550,0.3240,-0.0900,294.640810,43.453930,15.971
3241248,K04141.01,,FALSE POSITIVE,FALSE POSITIVE,0.0000,1,0,1,0,0.978046982,8.0600000e-07,-8.0600000e-07,131.6863900,7.450000e-04,-7.450000e-04,1.2270,0.4410,-0.2220,2.61370,0.03210,-0.03210,8.3880e+02,9.600e+00,-9.600e+00,129.67,3.967e+01,-5.952e+01,3146.0,,,23083.37,20224.65,-17028.57,105.20,1,q1_q17_dr25_tce,5100.00,123.00,-138.00,3.368,0.372,-0.248,4.5690,1.3980,-2.0970,292.993290,38.319489,13.211
9716302,K04142.01,,FALSE POSITIVE,FALSE POSITIVE,0.0000,0,0,1,1,1.332566763,9.1480000e-06,-9.1480000e-06,132.0454700,6.610000e-03,-6.610000e-03,0.4740,0.0030,-0.4650,4.00100,0.17800,-0.17800,3.8490e+02,2.510e+01,-2.510e+01,1.49,2.000e-01,-1.300e-01,1318.0,,,713.45,349.28,-196.81,18.20,1,q1_q17_dr25_tce,5134.00,179.00,-179.00,4.599,0.033,-0.083,0.7520,0.1050,-0.0650,294.308870,46.413052,16.490
2708286,K04071.01,,FALSE POSITIVE,FALSE POSITIVE,0.0000,0,0,0,1,1.891310050,1.7270000e-05,-1.7270000e-05,132.6620400,8.780000e-03,-8.780000e-03,1.0350,1.0830,-0.0570,5.68700,0.39100,-0.39100,1.5560e+02,9.500e+00,-9.500e+00,6.40,1.240e+00,-1.230e+00,1590.0,,,1507.16,758.64,-571.25,18.70,1,q1_q17_dr25_tce,5706.00,79.00,-68.00,4.255,0.198,-0.132,1.1200,0.2160,-0.2160,290.318270,37.910980,15.157
6755944,K04072.01,Kepler-1547 b,CONFIRMED,CANDIDATE,1.0000,0,0,0,0,0.692978457,1.4890000e-06,-1.4890000e-06,131.8014200,1.700000e-03,-1.700000e-03,0.9380,0.0050,-0.6570,1.13660,0.05480,-0.05480,6.1000e+01,3.500e+00,-3.500e+00,2.24,4.100e-01,-8.200e-01,3186.0,,,24240.83,13955.90,-15541.42,20.90,1,q1_q17_dr25_tce,6105.00,181.00,-163.00,3.805,0.320,-0.100,2.3040,0.4240,-0.8470,283.764070,42.222172,13.447
10419797,K04073.01,,FALSE POSITIVE,FALSE POSITIVE,0.0000,1,0,0,0,87.140633000,,,169.2620000,,,,,,18.11000,,,,,,,,,,,,11.37,12.60,-3.43,,1,q1_q17_dr25_tce,,,,,,,,,,297.255980,47.550491,15.149
6515335,K04074.01,,FALSE POSITIVE,FALSE POSITIVE,,1,0,0,0,185.532850000,1.5810000e-02,-1.5810000e-02,310.2503000,5.310000e-02,-5.310000e-02,1.2682,0.4287,-0.2705,31.46000,1.80000,-1.80000,8.7700e+02,5.350e+01,-5.350e+01,28.39,9.820e+00,-2.220e+00,302.0,,,1.96,1.98,-0.48,19.90,,,5817.00,158.00,-170.00,4.544,0.028,-0.255,0.8700,0.3010,-0.0680,289.619080,41.927189,15.692
7777471,K04075.01,,FALSE POSITIVE,FALSE POSITIVE,0.0000,0,1,1,1,0.885131111,5.6330000e-06,-5.6330000e-06,131.8742000,5.680000e-03,-5.680000e-03,0.7150,0.0240,-0.5360,3.37700,0.21000,-0.21000,9.3200e+01,5.000e+00,-5.000e+00,0.90,2.700e-01,-9.000e-02,1818.0,,,2579.83,2285.43,-707.36,23.40,1,q1_q17_dr25_tce,5904.00,159.00,-177.00,4.543,0.036,-0.204,0.8670,0.2620,-0.0820,298.861020,43.417679,14.549
10294509,K04143.01,,FALSE POSITIVE,FALSE POSITIVE,0.0000,0,0,0,1,1.854473730,1.4050000e-05,-1.4050000e-05,132.5036900,6.420000e-03,-6.420000e-03,0.5140,0.4250,-0.3010,2.66500,0.24800,-0.24800,3.0680e+02,2.230e+01,-2.230e+01,1.33,2.200e-01,-1.000e-01,1221.0,,,527.79,276.61,-129.11,18.90,1,q1_q17_dr25_tce,5341.00,159.00,-159.00,4.609,0.032,-0.097,0.7430,0.1220,-0.0570,298.710820,47.369911,15.699
3112129,K04144.01,,CANDIDATE,CANDIDATE,0.9990,0,0,0,0,0.487656278,8.4600000e-07,-8.4600000e-07,132.1669200,1.450000e-03,-1.450000e-03,0.0370,0.4290,-0.0370,1.01290,0.05210,-0.05210,1.0980e+02,5.500e+00,-5.500e+00,0.99,1.100e-01,-6.000e-02,2299.0,,,6647.80,2038.69,-1051.31,25.10,1,q1_q17_dr25_tce,5957.00,71.00,-89.00,4.506,0.024,-0.090,0.9370,0.1090,-0.0510,290.337190,38.205009,14.374
3003019,K07642.01,,FALSE POSITIVE,FALSE POSITIVE,0.0000,0,1,1,0,0.502622858,1.4330000e-06,-1.4330000e-06,131.6112300,2.420000e-03,-2.420000e-03,0.6930,0.3690,-0.6920,3.08500,0.97700,-0.97700,1.4600e+02,1.550e+01,-1.550e+01,1.41,4.400e-01,-1.900e-01,2478.0,,,8838.66,8348.50,-3076.71,41.10,1,q1_q17_dr25_tce,6029.00,190.00,-211.00,4.385,0.090,-0.210,1.0980,0.3410,-0.1460,294.291960,38.138771,14.564
9334893,K02298.02,Kepler-1178 b,CONFIRMED,CANDIDATE,0.9890,0,0,0,0,31.805512800,6.0150000e-04,-6.0150000e-04,150.6791000,1.490000e-02,-1.490000e-02,0.4760,0.4980,-0.2750,3.97900,0.31200,-0.31200,1.4170e+02,1.410e+01,-1.410e+01,0.63,4.000e-02,-4.000e-02,378.0,,,4.84,1.21,-1.06,10.90,2,q1_q17_dr25_tce,4729.00,143.00,-143.00,4.726,0.045,-0.024,0.5250,0.0280,-0.0320,288.456050,45.802120,13.831
3103212,K04145.01,,CANDIDATE,CANDIDATE,1.0000,0,0,0,0,3.254246520,3.3400000e-05,-3.3400000e-05,133.5121000,9.750000e-03,-9.750000e-03,0.6650,0.2970,-0.4390,5.37800,0.23500,-0.23500,8.2100e+01,5.200e+00,-5.200e+00,0.96,1.400e-01,-8.000e-02,1220.0,,,521.81,205.64,-106.85,18.30,1,q1_q17_dr25_tce,5692.00,77.00,-86.00,4.421,0.076,-0.114,1.0040,0.1500,-0.0810,287.759030,38.281551,14.359
10000941,K04146.01,Kepler-1558 b,CONFIRMED,CANDIDATE,0.9990,0,0,0,0,3.504723440,1.5510000e-05,-1.5510000e-05,133.7222500,3.460000e-03,-3.460000e-03,0.3090,0.1670,-0.3090,1.94640,0.09970,-0.09970,9.0700e+01,5.600e+00,-5.600e+00,0.80,1.000e-01,-8.000e-02,1019.0,,,254.49,105.36,-73.49,18.40,1,q1_q17_dr25_tce,5115.00,154.00,-139.00,4.477,0.095,-0.105,0.8540,0.1030,-0.0930,286.819370,46.911690,13.632
9455677,K04076.01,Kepler-1548 b,CONFIRMED,CANDIDATE,0.9950,0,0,0,0,124.827797000,1.2630000e-03,-1.2630000e-03,208.7919100,6.030000e-03,-6.030000e-03,0.0960,0.3620,-0.0960,6.47900,0.21800,-0.21800,6.4750e+02,4.310e+01,-4.310e+01,2.57,4.600e-01,-3.800e-01,350.0,,,3.56,1.71,-1.12,17.10,1,q1_q17_dr25_tce,5349.00,80.00,-80.00,4.353,0.140,-0.140,1.0320,0.1860,-0.1520,287.471220,46.080662,15.259
6871071,K02220.05,,CANDIDATE,CANDIDATE,,0,0,0,0,11.929456800,1.2400000e-04,-1.2400000e-04,133.7407800,8.280000e-03,-8.280000e-03,0.3789,0.0692,-0.3787,3.19300,0.25700,-0.25700,1.3230e+02,1.300e+01,-1.300e+01,1.05,4.200e-01,-1.100e-01,797.0,,,95.42,113.61,-27.14,11.70,5,q1_q16_tce,5975.00,166.00,-168.00,4.480,0.067,-0.278,0.9000,0.3610,-0.0940,294.137910,42.370499,14.686
7690855,K04077.01,,FALSE POSITIVE,FALSE POSITIVE,0.0000,1,0,0,1,0.786260569,4.4500000e-07,-4.4500000e-07,132.1668160,4.510000e-04,-4.510000e-04,1.2260,0.1060,-0.0870,4.55600,0.03340,-0.03340,8.7710e+02,4.500e+00,-4.500e+00,15.72,1.240e+00,-1.840e+00,1192.0,,,477.45,143.76,-154.79,246.00,2,q1_q17_dr25_tce,4223.00,119.00,-149.00,4.681,0.068,-0.027,0.5570,0.0440,-0.0650,294.531490,43.398659,14.040
5649837,K04078.01,,FALSE POSITIVE,FALSE POSITIVE,0.0000,1,0,1,0,0.597934463,7.8600000e-07,-7.8600000e-07,131.9550700,1.140000e-03,-1.140000e-03,1.2240,0.3930,-0.1880,3.12250,0.07100,-0.07100,5.1500e+02,8.900e+00,-8.900e+00,23.20,6.990e+00,-2.340e+00,2126.0,,,4834.45,4364.12,-1410.23,72.20,1,q1_q17_dr25_tce,6052.00,179.00,-197.00,4.539,0.050,-0.200,0.8630,0.2600,-0.0870,299.079440,40.825642,15.248
10141938,K04079.01,,FALSE POSITIVE,FALSE POSITIVE,,1,0,0,0,360.764580000,3.2170000e-02,-3.2170000e-02,148.5386000,4.740000e-02,-4.740000e-02,1.7475,0.2414,-0.5434,21.22000,2.70000,-2.70000,3.8370e+02,5.490e+01,-5.490e+01,60.30,1.641e+01,-4.080e+00,216.0,,,0.52,0.43,-0.12,10.00,,,5513.00,181.00,-140.00,4.616,0.030,-0.162,0.7240,0.1970,-0.0490,292.160280,47.166649,14.659
8029197,K04147.01,,FALSE POSITIVE,FALSE POSITIVE,0.0000,0,0,0,1,2.152927880,1.0570000e-05,-1.0570000e-05,132.3651400,4.310000e-03,-4.310000e-03,0.4500,0.0210,-0.4500,3.04300,0.11600,-0.11600,4.1400e+01,2.300e+00,-2.300e+00,1.02,2.500e-01,-3.700e-01,1841.0,,,2708.61,1989.08,-1700.42,21.50,1,q1_q17_dr25_tce,5851.00,176.00,-132.00,3.969,0.357,-0.153,1.5550,0.3750,-0.5620,291.963200,43.881660,12.643
12257886,K04148.01,,FALSE POSITIVE,FALSE POSITIVE,0.0000,0,1,1,1,2.615854310,1.8450000e-05,-1.8450000e-05,132.4284400,5.410000e-03,-5.410000e-03,0.5770,0.4050,-0.3580,6.51900,0.20200,-0.20200,1.6980e+02,7.200e+00,-7.200e+00,1.28,3.900e-01,-1.300e-01,1358.0,,,803.03,716.31,-235.39,26.90,1,q1_q17_dr25_tce,6131.00,164.00,-200.00,4.497,0.052,-0.208,0.9450,0.2880,-0.0960,291.227290,50.921791,15.181
10875007,K04149.01,,CANDIDATE,CANDIDATE,0.9610,0,0,0,0,9.546992160,8.4110000e-05,-8.4110000e-05,140.1581900,7.510000e-03,-7.510000e-03,0.8790,0.0500,-0.5930,5.06300,0.17500,-0.17500,1.4300e+02,8.900e+00,-8.900e+00,1.71,5.900e-01,-2.000e-01,996.0,,,232.24,236.18,-76.74,17.40,1,q1_q17_dr25_tce,6274.00,177.00,-243.00,4.357,0.073,-0.218,1.2320,0.4230,-0.1410,296.962100,48.256390,14.718
10875007,K04149.02,,CANDIDATE,CANDIDATE,0.9940,0,0,0,0,14.708641000,2.0910000e-04,-2.0910000e-04,133.8512500,8.920000e-03,-8.920000e-03,0.9600,0.0020,-0.6590,5.39400,0.26900,-0.26900,1.3060e+02,1.120e+01,-1.120e+01,1.82,6.200e-01,-2.100e-01,862.0,,,130.50,132.71,-43.12,12.80,2,q1_q17_dr25_tce,6274.00,177.00,-243.00,4.357,0.073,-0.218,1.2320,0.4230,-0.1410,296.962100,48.256390,14.718
11465651,K04150.01,Kepler-1941 b,CONFIRMED,CANDIDATE,1.0000,0,0,0,0,31.335109400,3.1840000e-04,-3.1840000e-04,136.9753800,8.080000e-03,-8.080000e-03,0.7060,0.0020,-0.5250,6.07100,0.25400,-0.25400,2.6490e+02,1.830e+01,-1.830e+01,1.99,5.700e-01,-2.500e-01,666.0,,,46.53,39.13,-14.81,16.70,1,q1_q17_dr25_tce,6404.00,173.00,-192.00,4.393,0.060,-0.180,1.1420,0.3270,-0.1400,296.627040,49.353901,14.681
5036480,K04080.01,,FALSE POSITIVE,FALSE POSITIVE,0.0000,0,0,1,1,1.061002863,5.0790000e-06,-5.0790000e-06,132.5246300,3.870000e-03,-3.870000e-03,0.3370,0.1360,-0.3370,1.96200,0.12800,-0.12800,1.4240e+02,1.080e+01,-1.080e+01,1.06,2.700e-01,-9.000e-02,1679.0,,,1883.03,1448.93,-494.65,15.70,1,q1_q17_dr25_tce,5767.00,156.00,-173.00,4.538,0.044,-0.176,0.8810,0.2300,-0.0770,297.867340,40.102570,15.213
10275077,K04081.01,,FALSE POSITIVE,FALSE POSITIVE,,1,0,0,0,363.357550000,1.7920000e-02,-1.7920000e-02,135.9933000,3.640000e-02,-3.640000e-02,0.0406,0.4180,-0.0404,19.85000,1.80000,-1.80000,3.9530e+02,3.990e+01,-3.990e+01,3.45,2.700e+00,-1.980e+00,305.0,,,2.05,5.23,-1.72,13.90,,,5086.00,138.00,-137.00,3.890,0.676,-0.416,1.7830,1.3980,-1.0250,292.270050,47.307362,14.661
6592832,K04082.01,,FALSE POSITIVE,FALSE POSITIVE,0.0190,0,1,1,0,0.924821319,3.5300000e-06,-3.5300000e-06,132.0918700,3.500000e-03,-3.500000e-03,0.4010,0.0960,-0.4010,2.59400,0.10600,-0.10600,1.2240e+02,6.000e+00,-6.000e+00,1.10,3.300e-01,-1.200e-01,1963.0,,,3514.31,3174.30,-1060.21,24.30,1,q1_q17_dr25_tce,6135.00,183.00,-201.00,4.455,0.070,-0.210,0.9740,0.2930,-0.1040,287.473690,42.003750,15.293
8524346,K04083.01,,FALSE POSITIVE,FALSE POSITIVE,0.0000,0,0,0,1,4.469745200,3.0020000e-05,-3.0020000e-05,133.0089200,7.020000e-03,-7.020000e-03,0.9820,0.1300,-0.0420,5.33000,0.30400,-0.30400,2.4150e+02,1.020e+01,-1.020e+01,2.43,7.000e-01,-4.800e-01,1248.0,,,574.11,503.74,-244.46,33.80,1,q1_q17_dr25_tce,6102.00,183.00,-183.00,4.316,0.175,-0.193,1.1250,0.3280,-0.2190,300.618770,44.594391,13.726
3937814,K04084.01,Kepler-1549 b,CONFIRMED,CANDIDATE,0.8200,0,0,0,0,214.881456000,3.9170000e-03,-3.9170000e-03,213.4044000,1.320000e-02,-1.320000e-02,0.0230,0.4380,-0.0230,9.58100,0.40400,-0.40400,7.5920e+02,4.870e+01,-4.870e+01,2.68,2.900e-01,-3.700e-01,286.0,,,1.59,0.49,-0.47,16.10,1,q1_q17_dr25_tce,5323.00,79.00,-79.00,4.378,0.126,-0.084,0.9950,0.1110,-0.1350,286.052430,39.096050,15.188
5551228,K04154.02,,FALSE POSITIVE,FALSE POSITIVE,0.0000,0,1,1,0,122.906853000,3.1600000e-03,-3.1600000e-03,195.9104000,2.170000e-02,-2.170000e-02,0.9740,0.0630,-0.6820,15.97000,1.40000,-1.40000,8.1970e+02,4.730e+01,-4.730e+01,3.55,1.010e+00,-3.300e-01,338.0,,,3.08,2.70,-0.84,19.90,1,q1_q17_dr25_tce,5692.00,186.00,-169.00,4.547,0.036,-0.192,0.8660,0.2460,-0.0820,296.497310,40.765629,15.593
5471271,K04155.01,,FALSE POSITIVE,FALSE POSITIVE,0.0000,1,0,1,1,12.422216754,,,141.8461927,,,0.0560,,,6.55330,,,5.4500e+01,,,0.80,2.700e-01,-9.000e-02,864.0,,,131.73,130.90,-41.70,11.00,1,q1_q17_dr25_tce,6231.00,173.00,-217.00,4.424,0.056,-0.210,1.0840,0.3650,-0.1220,297.606810,40.656479,13.598
5881120,K04156.01,Kepler-1943 b,CONFIRMED,CANDIDATE,0.9720,0,0,0,0,4.850189740,5.8450000e-05,-5.8450000e-05,135.3115700,8.620000e-03,-8.620000e-03,0.9850,0.0270,-0.6900,5.67600,0.15800,-0.15800,6.4500e+01,4.500e+00,-4.500e+00,1.10,3.500e-01,-1.200e-01,1098.0,,,344.04,328.83,-106.43,15.80,1,q1_q17_dr25_tce,6032.00,168.00,-210.00,4.485,0.054,-0.216,0.9730,0.3150,-0.1050,293.318270,41.116669,13.809
3248696,K07651.01,,FALSE POSITIVE,FALSE POSITIVE,0.0000,1,0,0,0,383.435950000,1.3930000e-02,-1.3930000e-02,483.2484000,2.000000e-02,-2.000000e-02,0.0250,0.4340,-0.0250,11.05900,0.74300,-0.74300,1.2280e+03,1.020e+02,-1.020e+02,2.53,5.200e-01,-1.800e-01,214.0,,,0.50,0.31,-0.12,14.10,1,q1_q17_dr25_tce,5576.00,166.00,-166.00,4.615,0.032,-0.128,0.7290,0.1470,-0.0530,294.742460,38.301811,15.270
4548098,K04157.01,Kepler-1982 b,CONFIRMED,CANDIDATE,0.9980,0,0,0,0,3.823156970,4.4810000e-05,-4.4810000e-05,133.0693600,9.710000e-03,-9.710000e-03,0.0640,0.3910,-0.0640,2.38800,0.31000,-0.31000,4.7200e+01,6.600e+00,-6.600e+00,0.77,1.400e-01,-4.000e-02,1282.0,,,638.38,312.98,-117.51,8.90,1,q1_q17_dr25_tce,6202.00,99.00,-149.00,4.422,0.026,-0.136,1.1220,0.2050,-0.0580,287.410060,39.658680,12.692
5306383,K04158.01,,FALSE POSITIVE,FALSE POSITIVE,0.0000,0,1,1,0,0.842336445,7.1730000e-06,-7.1730000e-06,131.7390100,7.390000e-03,-7.390000e-03,0.2660,0.1990,-0.2660,1.51900,0.27600,-0.27600,8.0100e+01,1.190e+01,-1.190e+01,0.90,2.400e-01,-1.400e-01,1941.0,,,3367.24,2719.29,-1199.82,8.80,1,q1_q17_dr25_tce,5765.00,156.00,-173.00,4.415,0.101,-0.188,0.9980,0.2740,-0.1470,299.122860,40.489071,13.319
5446285,K00142.02,,FALSE POSITIVE,FALSE POSITIVE,,1,0,0,0,339.429340840,,,187.5194914,,,,,,7.50000,,,,,,,,,,,,,,,,,,,,,,,,,,,291.148070,40.669399,13.113
7021681,K00255.02,,CANDIDATE,CANDIDATE,0.9970,0,0,0,0,13.603208100,1.8320000e-04,-1.8320000e-04,140.3975000,1.130000e-02,-1.130000e-02,0.7770,0.1780,-0.5620,2.59200,0.36200,-0.36200,1.8050e+02,2.480e+01,-2.480e+01,0.75,5.000e-02,-6.000e-02,397.0,,,5.85,1.41,-1.36,9.40,2,q1_q17_dr25_tce,3780.00,76.00,-83.00,4.746,0.042,-0.031,0.5110,0.0360,-0.0430,287.858120,42.542629,15.108
5041847,K04085.01,,FALSE POSITIVE,FALSE POSITIVE,0.0000,1,0,0,1,0.914468919,4.0700000e-07,-4.0700000e-07,132.1209120,3.520000e-04,-3.520000e-04,1.2710,0.6370,-0.1300,2.69500,0.01970,-0.01970,3.4263e+03,2.050e+01,-2.050e+01,36.84,1.046e+01,-5.250e+00,1884.0,,,2978.16,2486.59,-1039.99,189.00,2,q1_q17_dr25_tce,5762.00,156.00,-173.00,4.415,0.105,-0.195,0.9890,0.2810,-0.1410,298.912780,40.110851,14.582
3836558,K04086.01,,FALSE POSITIVE,FALSE POSITIVE,0.0000,0,0,1,1,1.540397440,1.7090000e-05,-1.7090000e-05,131.9997400,9.550000e-03,-9.550000e-03,0.7230,0.2590,-0.4990,1.78700,0.43700,-0.43700,1.2760e+02,2.890e+01,-2.890e+01,1.08,3.300e-01,-1.900e-01,1520.0,,,1267.95,1199.60,-493.23,7.00,1,q1_q17_dr25_tce,5649.00,168.00,-168.00,4.421,0.164,-0.246,0.8840,0.2790,-0.1500,286.990910,38.916222,14.608
4770617,K02243.02,Kepler-1154 c,CONFIRMED,CANDIDATE,0.9920,0,0,0,0,8.458051190,4.5220000e-05,-4.5220000e-05,137.0612300,4.400000e-03,-4.400000e-03,0.6970,0.0180,-0.5220,2.99800,0.12600,-0.12600,2.5870e+02,1.550e+01,-1.550e+01,2.52,5.200e-01,-4.200e-01,1117.0,,,367.05,191.58,-126.79,18.30,2,q1_q17_dr25_tce,6172.00,74.00,-86.00,4.198,0.130,-0.130,1.4710,0.3010,-0.2470,297.477110,39.877239,14.806
6106282,K04087.01,Kepler-440 b,CONFIRMED,CANDIDATE,1.0000,0,0,0,0,101.110701400,9.5290000e-04,-9.5290000e-04,215.5204000,8.060000e-03,-8.060000e-03,0.0460,0.4040,-0.0460,8.02900,0.21000,-0.21000,8.7810e+02,4.220e+01,-4.220e+01,1.61,1.000e-01,-8.000e-02,229.0,,,0.65,0.14,-0.11,24.10,1,q1_q17_dr25_tce,4133.00,74.00,-82.00,4.705,0.023,-0.033,0.5610,0.0330,-0.0300,285.349950,41.452209,15.134
4946584,K04088.01,,FALSE POSITIVE,FALSE POSITIVE,0.0000,1,0,1,0,0.907943645,1.0140000e-06,-1.0140000e-06,132.1334840,9.640000e-04,-9.640000e-04,1.3560,4.0100,-0.1620,1.91440,0.05510,-0.05510,1.0289e+03,2.320e+01,-2.320e+01,49.37,1.600e+01,-6.860e+00,2219.0,,,5715.61,5307.74,-2011.79,53.70,1,q1_q17_dr25_tce,6434.00,155.00,-213.00,4.354,0.084,-0.210,1.1660,0.3780,-0.1620,297.360470,40.056141,13.819
6463499,K04163.01,,FALSE POSITIVE,FALSE POSITIVE,0.0000,0,0,1,0,94.446856000,1.4250000e-03,-1.4250000e-03,166.1513000,1.220000e-02,-1.220000e-02,0.9770,6.6010,-0.0590,7.50200,0.48800,-0.48800,4.3640e+02,2.730e+01,-2.730e+01,7.13,1.870e+00,-4.350e+00,611.0,,,32.93,26.43,-28.46,20.00,1,q1_q17_dr25_tce,5780.00,184.00,-163.00,3.729,0.672,-0.168,2.4780,0.6470,-1.5110,297.490540,41.832600,13.939
8254882,K04164.01,,FALSE POSITIVE,FALSE POSITIVE,0.0000,0,0,1,0,0.925659410,4.3950000e-06,-4.3950000e-06,132.1100200,4.310000e-03,-4.310000e-03,0.0420,0.4190,-0.0420,1.48800,0.13800,-0.13800,3.0000e+01,3.100e+00,-3.100e+00,0.88,2.500e-01,-2.700e-01,2383.0,,,7600.86,6594.29,-4534.71,11.20,1,q1_q17_dr25_tce,6058.00,190.00,-232.00,4.135,0.240,-0.180,1.6120,0.4590,-0.5050,298.387540,44.151962,12.600
6042031,K04165.01,,FALSE POSITIVE,FALSE POSITIVE,0.0000,0,1,0,0,0.537110149,8.7900000e-07,-8.7900000e-07,131.5598200,1.700000e-03,-1.700000e-03,1.1060,0.5830,0.0000,1.79760,0.07280,-0.07280,9.2000e+01,2.800e+00,-2.800e+00,32.19,6.940e+00,-1.128e+01,3195.0,,,24545.75,16695.42,-15475.21,41.10,1,q1_q17_dr25_tce,5395.00,176.00,-176.00,3.739,0.260,-0.140,2.5370,0.5470,-0.8890,291.690670,41.332878,13.078
4078311,K04166.01,Kepler-1944 b,CONFIRMED,CANDIDATE,1.0000,0,0,0,0,9.842620760,3.5280000e-05,-3.5280000e-05,134.0215500,3.100000e-03,-3.100000e-03,0.2340,0.2270,-0.2340,1.60180,0.08730,-0.08730,6.2640e+02,4.340e+01,-4.340e+01,2.41,5.800e-01,-2.100e-01,801.0,,,97.62,72.68,-26.89,16.80,1,q1_q17_dr25_tce,5585.00,175.00,-194.00,4.490,0.044,-0.176,0.9720,0.2350,-0.0840,296.510500,39.173321,15.308
5475735,K04167.01,,FALSE POSITIVE,FALSE POSITIVE,0.0000,0,1,1,1,2.991948230,3.7610000e-05,-3.7610000e-05,134.1641000,1.190000e-02,-1.190000e-02,0.7100,0.2100,-0.4800,4.39000,0.33300,-0.33300,9.9600e+01,6.400e+00,-6.400e+00,0.78,1.200e-01,-6.000e-02,1019.0,,,255.16,127.30,-57.97,18.20,1,q1_q17_dr25_tce,5269.00,158.00,-142.00,4.620,0.030,-0.096,0.7270,0.1120,-0.0520,298.577790,40.681438,14.395
11709124,K00435.05,Kepler-154 c,CONFIRMED,CANDIDATE,0.9150,0,0,0,0,62.302687700,2.6330000e-04,-2.6330000e-04,179.0994800,3.180000e-03,-3.180000e-03,0.7120,0.1700,-0.4750,7.50900,0.11800,-0.11800,8.5930e+02,1.940e+01,-1.940e+01,3.05,4.000e-01,-3.000e-01,454.0,,,10.05,3.92,-2.44,45.00,2,q1_q17_dr25_tce,5688.00,113.00,-101.00,4.415,0.100,-0.100,0.9710,0.1300,-0.0950,289.780520,49.896530,14.534
9022166,K02175.02,Kepler-368 c,CONFIRMED,CANDIDATE,0.0010,0,0,0,0,72.382698300,6.9530000e-04,-6.9530000e-04,179.4981300,7.870000e-03,-7.870000e-03,0.7910,0.1260,-0.5470,8.27900,0.16400,-0.16400,3.6640e+02,1.310e+01,-1.310e+01,4.21,7.200e-01,-1.080e+00,575.0,,,25.83,12.51,-12.55,29.50,2,q1_q17_dr25_tce,5508.00,110.00,0.00,3.897,0.195,-0.090,1.9880,0.3400,-0.5100,291.880040,45.387932,12.848
10075409,K04019.01,,FALSE POSITIVE,FALSE POSITIVE,,1,0,0,0,360.330120000,2.0180000e-02,-2.0180000e-02,159.4314000,4.080000e-02,-4.080000e-02,0.3698,0.0711,-0.3696,15.16000,1.60000,-1.60000,1.0220e+03,1.090e+02,-1.090e+02,2.34,3.400e-01,-1.700e-01,200.0,,,0.38,0.18,-0.09,12.20,,,5054.00,160.00,-136.00,4.606,0.028,-0.089,0.7400,0.1060,-0.0550,291.905030,47.094929,15.892
7038096,K04020.01,,FALSE POSITIVE,FALSE POSITIVE,0.0000,0,1,0,1,0.566803149,9.4500000e-07,-9.4500000e-07,131.7959600,1.280000e-03,-1.280000e-03,0.8220,0.4870,-0.1650,1.64300,0.14900,-0.14900,2.4600e+02,5.900e+00,-5.900e+00,1.93,5.300e-01,-2.300e-01,2380.0,,,7612.11,6198.64,-2472.99,52.60,1,q1_q17_dr25_tce,6147.00,172.00,-215.00,4.435,0.048,-0.192,1.0960,0.3010,-0.1290,293.184080,42.528019,14.650
3345973,K07652.01,,FALSE POSITIVE,FALSE POSITIVE,0.0000,0,0,1,0,15.346602800,2.4280000e-04,-2.4280000e-04,143.8142000,1.360000e-02,-1.360000e-02,0.5910,0.3930,-0.3910,4.96600,0.40400,-0.40400,2.3850e+02,2.200e+01,-2.200e+01,3.64,6.900e-01,-8.400e-01,1194.0,,,480.12,231.20,-209.28,13.00,1,q1_q17_dr25_tce,6771.00,81.00,-81.00,3.934,0.195,-0.120,2.2590,0.4260,-0.5210,292.382930,38.400570,14.335
11967788,K04021.01,,CANDIDATE,CANDIDATE,0.8480,0,0,0,0,7.235313290,5.2230000e-05,-5.2230000e-05,133.1205400,6.070000e-03,-6.070000e-03,0.3260,0.1360,-0.3260,3.33800,0.16100,-0.16100,1.1220e+02,9.100e+00,-9.100e+00,1.53,2.700e-01,-2.300e-01,1207.0,,,501.36,231.44,-154.17,14.00,1,q1_q17_dr25_tce,6422.00,76.00,-76.00,4.219,0.120,-0.120,1.4210,0.2570,-0.2100,294.034360,50.371651,13.166
11972872,K04089.01,,FALSE POSITIVE,FALSE POSITIVE,0.0000,1,0,0,0,0.531106622,1.6900000e-07,-1.6900000e-07,131.9064670,2.680000e-04,-2.680000e-04,0.9400,0.0080,-0.0090,3.02930,0.02420,-0.02420,5.1336e+03,2.930e+01,-2.930e+01,7.54,7.800e-01,-7.800e-01,1781.0,,,2371.49,883.99,-666.07,286.20,2,q1_q17_dr25_tce,4978.00,151.00,-136.00,4.539,0.071,-0.065,0.7620,0.0790,-0.0790,296.346220,50.390789,15.169
9899233,K04090.01,,FALSE POSITIVE,FALSE POSITIVE,0.0000,0,0,1,1,1.332547503,8.5150000e-06,-8.5150000e-06,132.0576700,6.010000e-03,-6.010000e-03,0.7460,0.2200,-0.5000,4.52100,0.16700,-0.16700,1.3030e+02,6.000e+00,-6.000e+00,1.23,3.200e-01,-1.300e-01,1719.0,,,2062.92,1544.86,-637.26,25.50,1,q1_q17_dr25_tce,6077.00,168.00,-210.00,4.471,0.058,-0.173,0.9990,0.2520,-0.1080,295.166960,46.754341,15.164
3103227,K04091.01,Kepler-1550 b,CONFIRMED,CANDIDATE,0.9580,0,0,0,0,225.585245000,3.5800000e-03,-3.5800000e-03,272.7956600,9.140000e-03,-9.140000e-03,0.0660,0.3810,-0.0660,11.16600,0.38200,-0.38200,7.5490e+02,4.650e+01,-4.650e+01,3.71,6.400e-01,-5.800e-01,348.0,,,3.48,1.57,-1.12,18.60,1,q1_q17_dr25_tce,5929.00,77.00,-77.00,4.243,0.138,-0.112,1.3630,0.2360,-0.2120,287.764560,38.294701,14.900
4850961,K04092.01,Kepler-1551 b,CONFIRMED,CANDIDATE,0.9660,0,0,0,0,24.497268300,2.0280000e-04,-2.0280000e-04,133.9217700,6.050000e-03,-6.050000e-03,0.8170,0.0210,-0.5680,5.43000,0.20200,-0.20200,4.4910e+02,2.620e+01,-2.620e+01,2.74,7.400e-01,-3.700e-01,722.0,,,64.25,49.59,-23.07,19.50,1,q1_q17_dr25_tce,6392.00,156.00,-245.00,4.399,0.060,-0.180,1.1620,0.3120,-0.1560,295.785520,39.907921,15.152
3102309,K07643.01,,FALSE POSITIVE,FALSE POSITIVE,0.0970,1,0,0,0,4.202538590,8.6210000e-05,-8.6210000e-05,132.3097000,1.970000e-02,-1.970000e-02,0.9370,0.0440,-0.6630,5.38900,0.56100,-0.56100,3.1500e+01,4.100e+00,-4.100e+00,0.71,2.200e-01,-1.400e-01,1136.0,,,394.08,372.46,-175.93,8.80,1,q1_q17_dr25_tce,5596.00,186.00,-186.00,4.343,0.195,-0.195,1.0150,0.3110,-0.2070,287.455320,38.239590,13.598
8521059,K04093.01,,FALSE POSITIVE,FALSE POSITIVE,0.0000,0,1,1,0,0.535578808,7.9200000e-07,-7.9200000e-07,131.8080500,1.300000e-03,-1.300000e-03,1.2250,0.7630,-0.1680,1.79730,0.07520,-0.07520,1.9360e+02,6.300e+00,-6.300e+00,33.97,9.990e+00,-6.650e+00,2870.0,,,16161.27,13650.99,-7093.96,38.30,1,q1_q17_dr25_tce,6610.00,162.00,-231.00,4.264,0.139,-0.186,1.3130,0.3860,-0.2570,299.750210,44.561981,13.940
5217574,K04151.01,,FALSE POSITIVE,FALSE POSITIVE,0.0000,0,0,1,0,0.894863170,8.0190000e-06,-8.0190000e-06,132.2176700,7.690000e-03,-7.690000e-03,0.6500,0.3250,-0.4200,2.65700,0.18300,-0.18300,1.7200e+02,1.310e+01,-1.310e+01,1.19,3.400e-01,-1.100e-01,1764.0,,,2296.25,1970.90,-668.07,16.10,1,q1_q17_dr25_tce,5764.00,170.00,-204.00,4.548,0.036,-0.192,0.8630,0.2470,-0.0820,298.900120,40.303589,15.863
7199060,K04152.01,,CANDIDATE,CANDIDATE,0.9690,0,0,0,0,64.186226400,9.9380000e-04,-9.9380000e-04,191.6563900,9.290000e-03,-9.290000e-03,0.9680,0.0100,-0.6810,8.48500,0.31100,-0.31100,5.0730e+02,2.830e+01,-2.830e+01,8.00,1.450e+00,-2.690e+00,839.0,,,116.97,64.13,-72.31,18.60,1,q1_q17_dr25_tce,6951.00,184.00,-245.00,3.766,0.285,-0.095,2.7580,0.4990,-0.9270,291.386020,42.709129,12.972
8439323,K04153.01,Kepler-1942 b,CONFIRMED,CANDIDATE,1.0000,0,0,0,0,4.626028670,1.0630000e-05,-1.0630000e-05,134.6809200,1.830000e-03,-1.830000e-03,0.7390,0.2310,-0.5130,0.64300,0.11000,-0.11000,3.4690e+02,3.230e+01,-3.230e+01,1.65,4.400e-01,-1.500e-01,1012.0,,,247.34,194.38,-65.52,14.70,1,q1_q17_dr25_tce,5834.00,157.00,-174.00,4.566,0.042,-0.168,0.7970,0.2130,-0.0710,294.980590,44.425301,14.667
4458082,K02303.02,Kepler-1181 c,CONFIRMED,CANDIDATE,1.0000,0,0,0,0,8.934848870,9.7070000e-05,-9.7070000e-05,133.3910800,9.320000e-03,-9.320000e-03,0.8880,0.0960,-0.6670,2.57900,0.25900,-0.25900,1.3590e+02,1.650e+01,-1.650e+01,1.83,6.400e-01,-2.300e-01,1124.0,,,377.25,391.78,-134.24,9.70,2,q1_q17_dr25_tce,6688.00,187.00,-281.00,4.304,0.075,-0.225,1.3470,0.4730,-0.1690,289.747310,39.523453,13.827
3230095,K07647.01,,FALSE POSITIVE,FALSE POSITIVE,0.0000,0,0,1,1,7.047161750,7.6630000e-05,-7.6630000e-05,132.7504000,1.020000e-02,-1.020000e-02,0.8560,0.1010,-0.6550,2.69300,0.43000,-0.43000,1.5080e+02,2.550e+01,-2.550e+01,1.10,2.000e-01,-9.000e-02,817.0,,,105.10,58.24,-27.06,9.40,1,q1_q17_dr25_tce,5496.00,149.00,-166.00,4.592,0.037,-0.120,0.7760,0.1410,-0.0650,290.083100,38.398472,15.130
5551228,K04154.01,,FALSE POSITIVE,FALSE POSITIVE,,1,0,1,0,368.714790000,1.4780000e-02,-1.4780000e-02,318.8424000,2.730000e-02,-2.730000e-02,1.9265,0.0466,-0.6428,16.46000,1.80000,-1.80000,1.2100e+03,1.150e+02,-1.150e+02,91.06,3.749e+01,-7.000e+00,236.0,,,0.73,0.91,-0.18,10.90,,,5716.00,175.00,-177.00,4.544,0.028,-0.292,0.8720,0.3590,-0.0670,296.497310,40.765629,15.593
11967788,K04021.02,,CANDIDATE,CANDIDATE,0.9940,0,0,0,0,4.932119320,7.1490000e-05,-7.1490000e-05,132.4538000,1.230000e-02,-1.230000e-02,0.0340,0.4290,-0.0340,3.14400,0.35200,-0.35200,5.0500e+01,7.800e+00,-7.800e+00,1.02,1.800e-01,-1.500e-01,1372.0,,,837.01,386.38,-257.38,7.50,2,q1_q17_dr25_tce,6422.00,76.00,-76.00,4.219,0.120,-0.120,1.4210,0.2570,-0.2100,294.034360,50.371651,13.166
7733731,K04022.01,,CANDIDATE,CANDIDATE,0.9990,0,0,0,0,4.858194290,2.6790000e-05,-2.6790000e-05,135.1450300,4.920000e-03,-4.920000e-03,0.0860,0.3500,-0.0860,5.35600,0.14500,-0.14500,7.6300e+01,3.500e+00,-3.500e+00,2.04,3.400e-01,-7.400e-01,1685.0,,,1904.91,1018.11,-1214.17,25.20,1,q1_q17_dr25_tce,6109.00,182.00,-164.00,3.780,0.315,-0.105,2.3260,0.3910,-0.8470,283.128540,43.456860,13.269
6862332,K04023.01,,FALSE POSITIVE,FALSE POSITIVE,0.0000,0,0,1,1,119.019264800,9.1920000e-04,-9.1920000e-04,341.2619700,4.250000e-03,-4.250000e-03,0.7900,0.0320,-0.5590,8.10000,0.22600,-0.22600,1.9770e+03,7.440e+01,-7.440e+01,4.44,1.190e+00,-4.200e-01,350.0,,,3.53,2.88,-1.03,31.10,1,q1_q17_dr25_tce,5754.00,182.00,-202.00,4.534,0.034,-0.195,0.9050,0.2410,-0.0860,291.585170,42.367229,15.644
10714072,K04024.01,Kepler-1541 b,CONFIRMED,CANDIDATE,0.9880,0,0,0,0,8.406930680,9.7050000e-05,-9.7050000e-05,133.4273900,9.410000e-03,-9.410000e-03,0.0150,0.4490,-0.0150,1.86600,0.28600,-0.28600,1.6710e+02,3.150e+01,-3.150e+01,1.95,7.300e-01,-8.900e-01,1048.0,,,285.67,319.71,-209.96,6.80,1,q1_q17_dr25_tce,5365.00,159.00,-143.00,4.020,0.511,-0.219,1.5330,0.5720,-0.7000,283.787020,48.029560,13.801
3110177,K07644.01,,CANDIDATE,CANDIDATE,0.9880,0,0,0,0,3.399048140,4.6140000e-05,-4.6140000e-05,134.6684000,1.230000e-02,-1.230000e-02,0.5960,0.3710,-0.3940,2.92200,0.44700,-0.44700,6.9600e+01,1.200e+01,-1.200e+01,0.81,2.000e-01,-1.200e-01,1191.0,,,477.15,358.65,-159.06,8.10,1,q1_q17_dr25_tce,5766.00,155.00,-155.00,4.444,0.112,-0.182,0.9290,0.2370,-0.1280,289.842860,38.237049,14.803
10992011,K04025.01,,FALSE POSITIVE,FALSE POSITIVE,0.0000,0,1,1,1,0.974479091,3.3810000e-06,-3.3810000e-06,132.3724600,3.000000e-03,-3.000000e-03,0.2240,0.2190,-0.2240,1.86600,0.12400,-0.12400,2.2120e+02,1.150e+01,-1.150e+01,1.19,1.100e-01,-1.300e-01,1513.0,,,1239.32,451.75,-380.05,25.30,1,q1_q17_dr25_tce,5043.00,168.00,-152.00,4.502,0.096,-0.072,0.8190,0.0770,-0.0940,298.535490,48.419479,14.655
8128247,K04094.01,,FALSE POSITIVE,FALSE POSITIVE,0.0000,0,1,0,1,3.570177740,7.8720000e-05,-7.8720000e-05,134.4442000,2.210000e-02,-2.210000e-02,0.0940,0.3710,-0.0940,4.47300,0.54600,-0.54600,7.9600e+01,1.080e+01,-1.080e+01,57.36,4.360e+00,-9.330e+00,6119.0,,,331478.01,88517.51,-121668.63,8.90,1,q1_q17_dr25_tce,3812.00,87.00,-96.00,0.930,0.030,-0.030,69.0010,5.2410,-11.2320,300.604220,43.902946,13.334
6276994,K04095.01,,FALSE POSITIVE,FALSE POSITIVE,0.0000,0,0,1,0,1.106011820,1.0490000e-05,-1.0490000e-05,131.8359900,9.270000e-03,-9.270000e-03,0.5320,0.4250,-0.3170,2.57700,0.26600,-0.26600,5.2900e+01,4.500e+00,-4.500e+00,0.77,2.700e-01,-8.000e-02,1903.0,,,3093.39,3096.97,-981.33,15.50,1,q1_q17_dr25_tce,6241.00,175.00,-219.00,4.450,0.056,-0.224,1.0310,0.3490,-0.1160,289.177610,41.695171,14.363
9674564,K04096.01,,FALSE POSITIVE,FALSE POSITIVE,0.0000,0,1,1,1,6.873655305,,,132.4527832,,,0.0800,,,3.54150,,,1.8130e+02,,,1.21,3.400e-01,-1.200e-01,906.0,,,159.51,130.34,-43.56,3.40,1,q1_q17_dr25_tce,5668.00,152.00,-152.00,4.492,0.062,-0.188,0.9120,0.2540,-0.0910,300.406800,46.378941,14.046
5942808,K02250.02,Kepler-1814 c,CONFIRMED,CANDIDATE,1.0000,0,0,0,0,0.626281766,1.0410000e-06,-1.0410000e-06,131.9059400,1.510000e-03,-1.510000e-03,0.5530,0.0390,-0.4670,1.18120,0.04040,-0.04040,4.3310e+02,1.650e+01,-1.650e+01,1.76,1.300e-01,-1.800e-01,1711.0,,,2011.27,650.70,-604.94,31.00,2,q1_q17_dr25_tce,4922.00,169.00,-169.00,4.505,0.084,-0.056,0.8230,0.0620,-0.0850,285.216670,41.282429,15.622
3232249,K07648.01,,CANDIDATE,CANDIDATE,0.9670,0,0,0,0,1.183505016,7.3290000e-06,-7.3290000e-06,131.7530300,5.050000e-03,-5.050000e-03,0.4030,0.0570,-0.4030,1.27500,0.17300,-0.17300,1.1660e+02,1.530e+01,-1.530e+01,0.80,7.000e-02,-6.000e-02,1293.0,,,658.87,227.30,-169.60,10.00,1,q1_q17_dr25_tce,4832.00,168.00,-168.00,4.592,0.032,-0.050,0.7460,0.0620,-0.0560,290.686400,38.355598,15.424
5688683,K04097.01,Kepler-1939 b,CONFIRMED,CANDIDATE,0.9850,0,0,0,0,2.790643481,4.4400000e-06,-4.4400000e-06,133.1555000,1.220000e-03,-1.220000e-03,0.7870,0.1200,-0.5570,0.68710,0.09030,-0.09030,2.0200e+02,1.650e+01,-1.650e+01,0.99,9.000e-02,-7.000e-02,816.0,,,104.74,36.18,-23.94,20.20,1,q1_q17_dr25_tce,4353.00,118.00,-131.00,4.681,0.028,-0.048,0.6030,0.0600,-0.0400,285.690000,40.994530,13.435
6607644,K04159.01,Kepler-1559 b,CONFIRMED,CANDIDATE,0.9870,0,0,0,0,0.971915957,3.2730000e-06,-3.2730000e-06,132.1650400,2.660000e-03,-2.660000e-03,0.5920,0.3720,-0.3710,1.60230,0.08730,-0.08730,7.3700e+01,5.300e+00,-5.300e+00,0.79,5.000e-02,-7.000e-02,1609.0,,,1591.27,304.24,-332.69,16.70,1,q1_q17_dr25_tce,5196.00,83.00,-72.00,4.458,0.091,-0.039,0.8890,0.0510,-0.0760,292.286590,42.072460,14.500
7610663,K04160.01,Kepler-1560 b,CONFIRMED,CANDIDATE,0.9870,0,0,0,0,3.031968120,1.4150000e-05,-1.4150000e-05,133.9882500,3.800000e-03,-3.800000e-03,0.2870,0.1630,-0.2870,1.72300,0.14000,-0.14000,8.1500e+01,6.600e+00,-6.600e+00,0.90,2.500e-01,-1.400e-01,1269.0,,,614.20,504.14,-216.12,15.80,1,q1_q17_dr25_tce,5755.00,154.00,-154.00,4.402,0.124,-0.186,0.9930,0.2780,-0.1490,292.784610,43.215981,13.421
5565707,K04161.01,,FALSE POSITIVE,FALSE POSITIVE,0.0000,0,0,1,0,1.294056100,5.0970000e-04,-5.0970000e-04,131.8610000,1.190000e-01,-1.190000e-01,0.3940,0.1070,-0.3940,0.97000,2.70000,-2.70000,5.1200e+01,1.080e+01,-1.080e+01,5.27,1.610e+00,-2.620e+00,4465.0,,,93976.84,82006.38,-73665.98,6.40,1,q1_q17_dr25_tce,6635.00,157.00,-255.00,3.092,0.435,-0.145,7.1460,2.1860,-3.5530,299.420170,40.738380,12.855
1293031,K04162.01,,FALSE POSITIVE,FALSE POSITIVE,0.0000,1,0,0,0,0.539365930,1.8780000e-06,-1.8780000e-06,131.9745700,3.460000e-03,-3.460000e-03,0.9880,0.0460,-0.0120,5.43400,0.42000,-0.42000,1.4500e+02,8.030e+01,-8.030e+01,9.19,4.400e-01,-3.940e+00,5016.0,,,149399.93,35721.31,-106451.43,57.60,1,q1_q17_dr25_tce,6341.00,195.00,-195.00,3.301,0.396,-0.066,5.3020,0.2530,-2.2760,291.020970,36.903648,12.915
2859299,K07640.01,,FALSE POSITIVE,FALSE POSITIVE,0.0000,1,0,1,0,0.643703667,6.3100000e-07,-6.3100000e-07,131.9849080,8.100000e-04,-8.100000e-04,0.0360,0.4200,-0.0360,0.80100,0.03210,-0.03210,1.7200e+02,6.000e+00,-6.000e+00,1.48,4.900e-01,-2.100e-01,2358.0,,,7305.66,7026.93,-2587.18,40.30,1,q1_q17_dr25_tce,6161.00,165.00,-202.00,4.362,0.105,-0.195,1.1140,0.3660,-0.1570,292.883420,38.074951,13.791
7449554,K02357.02,,CANDIDATE,CANDIDATE,1.0000,0,0,0,0,15.904240200,1.1230000e-04,-1.1230000e-04,131.5005100,6.050000e-03,-6.050000e-03,0.8760,0.0480,-0.5940,2.09300,0.15100,-0.15100,4.4480e+02,3.800e+01,-3.800e+01,3.79,5.900e-01,-8.800e-01,863.0,,,131.11,54.39,-57.86,13.30,2,q1_q17_dr25_tce,5583.00,83.00,-75.00,4.077,0.210,-0.090,1.5300,0.2370,-0.3550,293.203770,43.057011,15.610
4067110,K04026.01,,FALSE POSITIVE,FALSE POSITIVE,0.0000,1,0,1,0,0.735146413,1.3410000e-06,-1.3410000e-06,131.4995300,1.580000e-03,-1.580000e-03,1.1920,0.0680,-0.1680,5.05300,0.14600,-0.14600,2.7540e+02,4.600e+00,-4.600e+00,168.34,3.881e+01,-9.702e+01,5366.0,,,195250.90,133937.60,-163867.67,78.00,1,q1_q17_dr25_tce,6611.00,180.00,-180.00,3.112,0.536,-0.134,7.4350,1.7140,-4.2850,294.088960,39.128101,12.855
8694309,K04027.01,,FALSE POSITIVE,FALSE POSITIVE,0.0000,0,0,1,0,0.827351796,2.5650000e-06,-2.5650000e-06,131.9238100,2.940000e-03,-2.940000e-03,0.5440,0.0350,-0.4720,2.18850,0.09200,-0.09200,4.4700e+01,1.800e+00,-1.800e+00,0.90,2.100e-01,-2.500e-01,2208.0,,,5583.73,3930.63,-2952.90,30.60,1,q1_q17_dr25_tce,5609.00,168.00,-126.00,4.141,0.301,-0.129,1.3100,0.3020,-0.3690,293.806700,44.867352,12.900
8282651,K02193.02,,CANDIDATE,CANDIDATE,,0,0,0,0,4.162887450,1.6840000e-05,-1.6840000e-05,131.6787500,1.970000e-03,-1.970000e-03,0.4265,0.2688,-0.3156,0.67800,0.13800,-0.13800,3.9170e+02,4.220e+01,-4.220e+01,1.32,1.100e-01,-1.300e-01,763.0,,,80.23,24.95,-22.45,12.00,,,4478.00,133.00,-130.00,4.615,0.054,-0.026,0.6510,0.0520,-0.0650,284.107790,44.245811,15.658
7818447,K04028.01,,FALSE POSITIVE,FALSE POSITIVE,0.0000,1,0,0,1,0.618952198,1.9700000e-07,-1.9700000e-07,131.5904340,2.590000e-04,-2.590000e-04,1.2820,0.1640,-0.0980,2.82440,0.01650,-0.01650,8.3241e+03,3.800e+01,-3.800e+01,4.96,0.000e+00,0.000e+00,497.0,,,14.29,0.00,0.00,259.30,2,q1_q17_dr25_tce,2661.00,0.00,0.00,5.283,0.000,0.000,0.1160,0.0000,0.0000,290.479280,43.505268,13.593
11569475,K04029.01,,FALSE POSITIVE,FALSE POSITIVE,0.0000,1,0,0,0,1.317234120,3.5960000e-06,-3.5960000e-06,132.1373500,2.360000e-03,-2.360000e-03,1.0700,0.2460,-0.0630,7.28400,0.13000,-0.13000,4.2270e+02,6.800e+00,-6.800e+00,125.56,7.970e+00,-7.164e+01,5471.0,,,211468.10,51654.85,-178258.55,78.40,2,q1_q17_dr25_tce,6740.00,163.00,-265.00,2.816,0.513,-0.054,12.0800,0.7660,-6.8930,296.610780,49.567039,13.449
5688683,K04097.02,,CANDIDATE,CANDIDATE,0.0000,0,0,0,0,4.449023090,2.8020000e-05,-2.8020000e-05,131.7542500,4.980000e-03,-4.980000e-03,0.0340,0.4260,-0.0340,1.37300,0.16800,-0.16800,8.8900e+01,1.000e+01,-1.000e+01,0.55,5.000e-02,-4.000e-02,699.0,,,56.19,19.41,-12.84,10.40,2,q1_q17_dr25_tce,4353.00,118.00,-131.00,4.681,0.028,-0.048,0.6030,0.0600,-0.0400,285.690000,40.994530,13.435
8222627,K04098.01,,CANDIDATE,CANDIDATE,0.9930,0,0,0,0,1.121733366,3.9940000e-06,-3.9940000e-06,131.5691900,2.880000e-03,-2.880000e-03,0.4640,0.0000,-0.4640,1.03200,0.10100,-0.10100,8.4300e+01,7.800e+00,-7.800e+00,2.39,9.200e-01,-1.710e+00,2384.0,,,7641.15,8839.40,-7082.66,13.60,1,q1_q17_dr25_tce,5023.00,150.00,-135.00,3.682,0.870,-0.290,2.5710,0.9890,-1.8370,287.503750,44.167259,13.875
8951205,K04099.01,Kepler-1940 b,CONFIRMED,CANDIDATE,0.9960,0,0,0,0,4.950606320,2.0140000e-05,-2.0140000e-05,132.8091400,3.340000e-03,-3.340000e-03,0.4580,0.0120,-0.4580,1.71900,0.12500,-0.12500,3.0950e+02,2.150e+01,-2.150e+01,1.28,2.200e-01,-1.000e-01,885.0,,,145.23,77.37,-35.55,17.40,1,q1_q17_dr25_tce,5431.00,162.00,-162.00,4.623,0.035,-0.105,0.7170,0.1200,-0.0550,291.204190,45.238392,15.309
5700900,K04100.01,,FALSE POSITIVE,FALSE POSITIVE,0.0000,1,0,0,0,379.082020000,1.7750000e-02,-1.7750000e-02,287.5040000,3.170000e-02,-3.170000e-02,1.1810,6.8510,-0.3110,33.87000,1.90000,-1.90000,1.6091e+03,8.320e+01,-8.320e+01,23.99,7.120e+00,-2.370e+00,253.0,,,0.97,0.89,-0.28,23.20,2,q1_q17_dr25_tce,5982.00,189.00,-210.00,4.493,0.050,-0.200,0.9600,0.2850,-0.0950,290.310390,40.981430,15.813
7026477,K04101.01,,FALSE POSITIVE,FALSE POSITIVE,,1,0,0,0,366.315090000,1.9000000e-02,-1.9000000e-02,312.1401000,3.120000e-02,-3.120000e-02,0.4314,0.0276,-0.4313,12.41000,1.50000,-1.50000,3.3600e+02,3.830e+01,-3.830e+01,2.87,1.450e+00,-6.900e-01,353.0,,,3.65,5.55,-1.85,13.00,,,6705.00,179.00,-258.00,4.160,0.177,-0.282,1.5240,0.7710,-0.3660,289.555660,42.572048,13.974
9402583,K04168.01,,FALSE POSITIVE,FALSE POSITIVE,0.0000,1,0,1,0,0.536544193,2.3210000e-06,-2.3210000e-06,132.0321900,3.700000e-03,-3.700000e-03,0.2670,0.1880,-0.2670,2.91800,0.12900,-0.12900,1.5950e+02,8.200e+00,-8.200e+00,0.90,1.100e-01,-8.000e-02,1745.0,,,2199.75,895.04,-584.25,25.30,1,q1_q17_dr25_tce,5041.00,151.00,-151.00,4.597,0.040,-0.060,0.7280,0.0860,-0.0650,291.249240,45.921490,15.890
7838675,K04169.01,Kepler-1561 b,CONFIRMED,CANDIDATE,0.0000,0,0,0,0,1.005205893,4.9850000e-06,-4.9850000e-06,132.4554100,3.890000e-03,-3.890000e-03,0.1370,0.3160,-0.1370,1.63000,0.12300,-0.12300,9.7500e+01,7.700e+00,-7.700e+00,0.85,2.300e-01,-8.000e-02,1682.0,,,1893.23,1506.67,-504.91,15.00,1,q1_q17_dr25_tce,5718.00,153.00,-170.00,4.549,0.035,-0.184,0.8630,0.2340,-0.0780,296.923610,43.566471,14.658
8700537,K04170.01,,FALSE POSITIVE,FALSE POSITIVE,0.0000,0,1,1,1,43.796785000,1.1480000e-03,-1.1480000e-03,158.9316000,2.160000e-02,-2.160000e-02,1.1870,6.6880,-0.0580,18.84000,1.30000,-1.30000,2.5630e+02,1.430e+01,-1.430e+01,20.79,5.470e+00,-2.960e+00,542.0,,,20.40,16.23,-7.11,21.20,1,q1_q17_dr25_tce,6109.00,182.00,-182.00,4.432,0.116,-0.174,0.9410,0.2480,-0.1340,295.939210,44.837379,14.372
10858785,K04171.01,,FALSE POSITIVE,FALSE POSITIVE,0.0000,0,1,1,1,0.952371227,2.7360000e-06,-2.7360000e-06,132.3409500,2.570000e-03,-2.570000e-03,1.2000,0.3080,-0.1790,3.92600,0.15200,-0.15200,3.5250e+02,1.040e+01,-1.040e+01,21.96,5.880e+00,-2.360e+00,1870.0,,,2885.01,2275.66,-874.41,42.60,1,q1_q17_dr25_tce,6086.00,164.00,-200.00,4.511,0.048,-0.180,0.9210,0.2470,-0.0990,290.725190,48.210411,15.868
9640907,K04172.01,,FALSE POSITIVE,FALSE POSITIVE,0.0000,0,0,1,1,1.089088292,,,132.0149343,,,0.2910,,,1.85990,,,1.4170e+02,,,1.28,4.400e-01,-1.400e-01,1914.0,,,3167.63,3284.82,-1073.59,1.80,1,q1_q17_dr25_tce,6194.00,195.00,-260.00,4.445,0.054,-0.216,1.0690,0.3650,-0.1220,287.952790,46.331760,15.693
7515670,K02360.02,,FALSE POSITIVE,FALSE POSITIVE,,1,1,0,0,1.151840700,,,132.6197092,,,,,,2.53000,,,,,,,,,,,,,,,,1,q1_q16_tce,,,,,,,,,,287.804080,43.168961,15.206
9551430,K04030.01,,FALSE POSITIVE,FALSE POSITIVE,0.0000,1,0,0,0,7.755380800,1.0690000e-04,-1.0690000e-04,134.5191000,1.230000e-02,-1.230000e-02,1.2350,1.0400,-0.0210,22.32100,0.51300,-0.51300,8.3960e+02,1.790e+01,-1.790e+01,22.20,4.140e+00,-2.550e+00,822.0,,,107.76,65.87,-34.32,55.90,1,q1_q17_dr25_tce,5607.00,192.00,-192.00,4.539,0.084,-0.116,0.7660,0.1430,-0.0880,300.188630,46.185768,15.553
3228986,K04031.01,,FALSE POSITIVE,FALSE POSITIVE,0.0000,0,1,1,1,0.730949487,5.2530000e-06,-5.2530000e-06,132.2250300,6.360000e-03,-6.360000e-03,0.8600,0.0700,-0.5820,2.36700,0.21400,-0.21400,8.7300e+01,7.000e+00,-7.000e+00,1.27,2.200e-01,-9.000e-02,2311.0,,,6730.38,2829.55,-1243.47,15.80,1,q1_q17_dr25_tce,6238.00,68.00,-87.00,4.365,0.040,-0.120,1.1910,0.1980,-0.0850,289.803220,38.366692,14.184
7100673,K04032.01,Kepler-1542 b,CONFIRMED,CANDIDATE,1.0000,0,0,0,0,3.951166350,1.6920000e-05,-1.6920000e-05,134.2241100,3.730000e-03,-3.730000e-03,0.3740,0.0880,-0.3740,2.56600,0.10800,-0.10800,6.0900e+01,3.300e+00,-3.300e+00,0.83,1.300e-01,-1.100e-01,1160.0,,,427.07,190.34,-133.85,20.40,1,q1_q17_dr25_tce,5574.00,111.00,-100.00,4.354,0.132,-0.108,1.0650,0.1660,-0.1500,285.728490,42.654530,12.639
7100673,K04032.02,Kepler-1542 c,CONFIRMED,CANDIDATE,0.9930,0,0,0,0,2.892239980,1.6160000e-05,-1.6160000e-05,132.8623200,4.570000e-03,-4.570000e-03,0.0170,0.4310,-0.0160,2.52100,0.12100,-0.12100,4.4300e+01,2.900e+00,-2.900e+00,0.70,1.100e-01,-1.000e-01,1287.0,,,647.55,288.60,-202.95,17.30,4,q1_q17_dr25_tce,5574.00,111.00,-100.00,4.354,0.132,-0.108,1.0650,0.1660,-0.1500,285.728490,42.654530,12.639
4138557,K04033.01,,FALSE POSITIVE,FALSE POSITIVE,0.0000,1,0,1,0,0.991552822,2.3930000e-06,-2.3930000e-06,131.9023500,1.870000e-03,-1.870000e-03,1.1580,6.9450,-0.2360,1.13500,0.12700,-0.12700,6.0720e+02,4.410e+01,-4.410e+01,37.93,8.210e+00,-1.232e+01,2558.0,,,10148.80,6595.64,-5926.28,17.30,1,q1_q17_dr25_tce,5908.00,163.00,-133.00,3.888,0.294,-0.126,1.8620,0.4030,-0.6050,285.592100,39.206268,11.968
2708278,K04102.01,,FALSE POSITIVE,FALSE POSITIVE,0.0000,0,0,1,1,1.891241870,1.9510000e-05,-1.9510000e-05,132.7082000,1.070000e-02,-1.070000e-02,0.1980,0.2640,-0.1980,4.41500,0.26000,-0.26000,1.0580e+02,6.200e+00,-6.200e+00,0.93,1.000e-01,-6.000e-02,1312.0,,,698.90,207.66,-115.28,20.80,1,q1_q17_dr25_tce,5285.00,84.00,-73.00,4.474,0.060,-0.082,0.9270,0.0960,-0.0560,290.315890,37.977779,14.486
2984990,K07641.01,,CANDIDATE,CANDIDATE,0.9790,0,0,0,0,3.794372770,5.8250000e-05,-5.8250000e-05,132.1265000,1.220000e-02,-1.220000e-02,0.0500,0.4010,-0.0500,2.28900,0.34000,-0.34000,8.3200e+01,1.340e+01,-1.340e+01,1.36,4.900e-01,-6.100e-01,1383.0,,,865.53,967.11,-625.60,7.70,1,q1_q17_dr25_tce,5455.00,180.00,-147.00,4.025,0.540,-0.216,1.5070,0.5480,-0.6690,290.324010,38.111111,14.816
3747817,K04103.01,Kepler-1552 b,CONFIRMED,CANDIDATE,0.9990,0,0,0,0,184.772710000,2.3350000e-03,-2.3350000e-03,217.3573000,1.080000e-02,-1.080000e-02,0.0400,0.4280,-0.0400,9.56800,0.28700,-0.28700,9.5140e+02,4.700e+01,-4.700e+01,2.41,2.200e-01,-1.000e-01,268.0,,,1.21,0.35,-0.18,21.00,1,q1_q17_dr25_tce,5273.00,105.00,-105.00,4.566,0.025,-0.070,0.8010,0.0720,-0.0330,291.676820,38.874908,14.838
8483366,K04104.01,,FALSE POSITIVE,FALSE POSITIVE,,1,0,0,0,392.497280000,2.6600000e-02,-2.6600000e-02,203.1308000,2.730000e-02,-2.730000e-02,0.1658,0.3113,-0.1657,10.53000,1.20000,-1.20000,1.0620e+03,1.320e+02,-1.320e+02,2.82,1.040e+00,-2.100e-01,232.0,,,0.68,0.75,-0.16,14.50,,,5737.00,163.00,-157.00,4.544,0.027,-0.269,0.8720,0.3200,-0.0670,286.589320,44.524700,15.814
7758018,K04105.01,,CANDIDATE,CANDIDATE,,0,0,0,0,363.411650000,1.4460000e-02,-1.4460000e-02,404.2733000,2.230000e-02,-2.230000e-02,0.3923,0.0723,-0.3920,14.79000,1.50000,-1.50000,9.6170e+02,8.160e+01,-8.160e+01,3.14,1.190e+00,-3.000e-01,263.0,,,1.12,1.25,-0.31,17.40,1,q1_q16_tce,6025.00,154.00,-201.00,4.472,0.046,-0.275,0.9990,0.3810,-0.0940,293.532530,43.406151,15.445
9071593,K02257.02,Kepler-1162 c,CONFIRMED,CANDIDATE,0.5140,0,0,0,0,59.284064000,6.9920000e-04,-6.9920000e-04,148.7540700,8.180000e-03,-8.180000e-03,0.5560,0.3840,-0.3460,5.42000,0.31100,-0.31100,4.2440e+02,3.570e+01,-3.570e+01,1.81,1.300e-01,-1.100e-01,401.0,,,6.14,1.39,-1.01,13.10,2,q1_q17_dr25_tce,5225.00,83.00,-73.00,4.505,0.054,-0.054,0.8590,0.0630,-0.0510,283.292140,45.434109,15.480
10089911,K04034.01,Kepler-1543 b,CONFIRMED,CANDIDATE,0.1000,0,0,0,0,6.967049260,4.5430000e-05,-4.5430000e-05,138.2477600,4.680000e-03,-4.680000e-03,0.9060,0.0150,-0.6320,3.73000,0.14000,-0.14000,2.1370e+02,1.300e+01,-1.300e+01,6.14,4.400e-01,-1.880e+00,1774.0,,,2341.58,491.87,-1266.36,18.60,1,q1_q17_dr25_tce,6303.00,82.00,-75.00,3.595,0.263,-0.031,3.5300,0.2540,-1.0800,297.124300,47.037022,13.487
3247404,K04035.01,,FALSE POSITIVE,FALSE POSITIVE,0.0000,0,0,1,0,8.810972100,1.0450000e-04,-1.0450000e-04,136.4718000,1.370000e-02,-1.370000e-02,1.2270,70.5100,-1.1630,4.82200,0.21100,-0.21100,2.4048e+04,1.052e+03,-1.052e+03,47.94,0.000e+00,0.000e+00,881.0,,,142.58,0.00,0.00,26.00,1,q1_q17_dr25_tce,5780.00,,,4.438,,,1.0000,,,294.462310,38.381912,18.533
11415243,K04036.01,Kepler-1544 b,CONFIRMED,CANDIDATE,0.9650,0,0,0,0,168.811330000,2.1020000e-03,-2.1020000e-03,211.4398200,9.760000e-03,-9.760000e-03,0.0830,0.3990,-0.0830,6.58200,0.36000,-0.36000,6.1440e+02,4.710e+01,-4.710e+01,1.69,1.000e-01,-6.000e-02,241.0,,,0.80,0.17,-0.12,15.30,1,q1_q17_dr25_tce,4798.00,95.00,-95.00,4.620,0.015,-0.045,0.7070,0.0430,-0.0250,297.285000,49.212460,14.061
3548044,K02194.02,Kepler-371 c,CONFIRMED,CANDIDATE,0.9790,0,0,0,0,67.968656000,5.8540000e-04,-5.8540000e-04,163.5597200,7.630000e-03,-7.630000e-03,0.3170,0.1330,-0.3170,7.94800,0.15800,-0.15800,3.2180e+02,1.270e+01,-1.270e+01,1.71,2.200e-01,-2.200e-01,443.0,,,9.09,3.48,-2.70,27.30,2,q1_q17_dr25_tce,5670.00,113.00,-102.00,4.387,0.138,-0.092,0.9500,0.1240,-0.1240,292.326450,38.657581,13.865
8264402,K04037.01,,CANDIDATE,CANDIDATE,0.9640,0,0,0,0,215.956008000,3.4590000e-03,-3.4590000e-03,271.3671000,1.240000e-02,-1.240000e-02,0.9590,0.0110,-0.6720,10.42500,0.48400,-0.48400,3.9270e+02,1.800e+01,-1.800e+01,3.36,5.800e-01,-4.300e-01,361.0,,,4.03,1.81,-1.13,23.30,1,q1_q17_dr25_tce,6163.00,73.00,-86.00,4.270,0.103,-0.126,1.3130,0.2300,-0.1670,300.945680,44.164688,12.853
7773179,K04038.01,,FALSE POSITIVE,FALSE POSITIVE,0.0000,0,0,1,0,2.156815380,1.7240000e-05,-1.7240000e-05,133.2715100,7.120000e-03,-7.120000e-03,0.6150,0.3310,-0.3850,5.11500,0.25100,-0.25100,1.0650e+02,5.700e+00,-5.700e+00,1.06,3.200e-01,-1.400e-01,1473.0,,,1114.90,991.14,-381.29,22.60,1,q1_q17_dr25_tce,6084.00,169.00,-212.00,4.450,0.070,-0.210,0.9830,0.2960,-0.1270,297.816740,43.440411,14.758
11017094,K04106.01,,FALSE POSITIVE,FALSE POSITIVE,0.0000,1,0,1,0,0.708563091,1.3670000e-06,-1.3670000e-06,132.1029800,1.560000e-03,-1.560000e-03,1.1960,0.1110,-0.0950,6.34700,0.24200,-0.24200,4.1450e+02,6.500e+00,-6.500e+00,15.38,2.070e+00,-9.500e-01,1587.0,,,1501.41,645.35,-330.22,90.80,1,q1_q17_dr25_tce,5271.00,141.00,-157.00,4.669,0.027,-0.082,0.6480,0.0870,-0.0400,284.749420,48.558128,15.017
3129238,K07645.01,,CANDIDATE,CANDIDATE,0.9980,0,0,0,0,2.008706960,3.0390000e-05,-3.0390000e-05,131.5100000,1.050000e-02,-1.050000e-02,0.1940,0.2720,-0.1940,4.87000,0.36700,-0.36700,5.3500e+01,5.100e+00,-5.100e+00,0.55,8.000e-02,-7.000e-02,1232.0,,,542.87,257.21,-173.59,12.20,1,q1_q17_dr25_tce,5341.00,143.00,-159.00,4.526,0.099,-0.121,0.7590,0.1150,-0.0940,294.303500,38.203011,12.334
5956633,K04107.01,,FALSE POSITIVE,FALSE POSITIVE,,1,0,1,0,366.242820000,2.1040000e-02,-2.1040000e-02,307.2714000,3.610000e-02,-3.610000e-02,0.2350,0.2263,-0.2349,15.76000,1.90000,-1.90000,7.3370e+02,7.830e+01,-7.830e+01,2.40,7.800e-01,-1.800e-01,237.0,,,0.75,0.72,-0.18,18.20,,,5713.00,158.00,-169.00,4.541,0.026,-0.250,0.8930,0.2880,-0.0690,290.601290,41.269020,15.501
9899065,K04108.01,,FALSE POSITIVE,FALSE POSITIVE,0.0000,0,1,1,1,1.332564180,1.9640000e-05,-1.9640000e-05,132.0473000,1.220000e-02,-1.220000e-02,0.5590,0.0440,-0.4860,4.70100,0.35700,-0.35700,1.6230e+02,1.030e+01,-1.030e+01,0.81,7.000e-02,-6.000e-02,1262.0,,,602.26,198.51,-156.83,20.70,1,q1_q17_dr25_tce,5157.00,178.00,-178.00,4.641,0.066,-0.039,0.6200,0.0480,-0.0480,295.102510,46.732922,15.860
7907808,K04109.01,,CANDIDATE,CANDIDATE,0.9990,0,0,0,0,0.655939788,2.0460000e-06,-2.0460000e-06,132.0999700,2.260000e-03,-2.260000e-03,0.3010,0.1470,-0.3010,1.31800,0.08110,-0.08110,7.3000e+01,4.800e+00,-4.800e+00,1.48,8.100e-01,-8.200e-01,2411.0,,,7986.43,13683.95,-6554.12,18.70,1,q1_q17_dr25_tce,4968.00,149.00,-134.00,3.924,0.665,-0.285,1.7550,0.9700,-0.9700,297.083010,43.679951,14.511
5471792,K04110.01,,FALSE POSITIVE,FALSE POSITIVE,0.0000,1,0,1,1,12.425883300,3.1190000e-04,-3.1190000e-04,141.5008000,2.460000e-02,-2.460000e-02,0.9820,0.0060,-0.0180,24.83000,2.10000,-2.10000,9.3600e+01,3.600e+00,-3.600e+00,2.19,9.800e-01,-1.180e+00,1006.0,,,242.04,337.06,-196.65,34.40,1,q1_q17_dr25_tce,5611.00,197.00,-157.00,3.933,0.660,-0.264,1.6320,0.7240,-0.8840,297.751250,40.647388,13.369
11145831,K04039.01,,FALSE POSITIVE,FALSE POSITIVE,0.0000,0,0,1,0,1.387838134,6.0490000e-06,-6.0490000e-06,132.1135100,3.180000e-03,-3.180000e-03,0.3800,0.0890,-0.3800,2.25200,0.10600,-0.10600,1.3680e+02,8.100e+00,-8.100e+00,1.24,4.000e-01,-1.300e-01,1783.0,,,2378.53,2254.18,-734.13,20.40,1,q1_q17_dr25_tce,6273.00,175.00,-219.00,4.442,0.054,-0.216,1.0440,0.3350,-0.1120,295.642120,48.773071,15.167
11444952,K04040.01,,FALSE POSITIVE,FALSE POSITIVE,0.0000,0,1,1,0,0.678349364,5.5090000e-06,-5.5090000e-06,132.1631800,6.600000e-03,-6.600000e-03,1.1870,1.6380,-0.2200,3.09200,0.46300,-0.46300,4.8600e+02,5.080e+01,-5.080e+01,19.06,4.620e+00,-1.540e+00,1844.0,,,2737.73,1959.31,-688.35,12.00,1,q1_q17_dr25_tce,5569.00,149.00,-166.00,4.566,0.030,-0.170,0.8290,0.2010,-0.0670,285.816620,49.352699,14.261
8647295,K04041.01,,FALSE POSITIVE,FALSE POSITIVE,0.0000,0,1,1,1,1.022028468,1.2500000e-06,-1.2500000e-06,132.3717000,1.010000e-03,-1.010000e-03,1.2470,0.1190,-0.0740,8.86600,0.17500,-0.17500,1.3445e+03,9.900e+00,-9.900e+00,26.91,5.410e+00,-3.620e+00,1649.0,,,1755.39,1092.44,-590.09,184.50,1,q1_q17_dr25_tce,5445.00,162.00,-162.00,4.456,0.126,-0.168,0.8550,0.1720,-0.1150,298.841190,44.749889,14.592
3444098,K04042.01,,FALSE POSITIVE,FALSE POSITIVE,0.0000,1,0,0,0,0.723596990,2.4710000e-05,-2.4710000e-05,131.5775400,5.000000e-03,-5.000000e-03,0.6080,0.3610,-0.3800,1.32600,0.11400,-0.11400,4.9560e+02,4.260e+01,-4.260e+01,6.73,1.610e+00,-3.000e+00,4699.0,,,114645.28,82606.31,-85077.56,14.80,1,q1_q17_dr25_tce,8855.00,251.00,-376.00,3.818,0.408,-0.102,2.8580,0.6870,-1.2750,291.558070,38.546219,14.338
5112567,K04043.01,,FALSE POSITIVE,FALSE POSITIVE,0.0000,0,1,0,0,1.615605200,2.1090000e-04,-2.1090000e-04,131.4952000,1.640000e-02,-1.640000e-02,1.1490,0.3220,-0.1780,14.55000,1.60000,-1.60000,1.5820e+03,3.280e+02,-3.280e+02,34.69,1.039e+01,-8.480e+00,2202.0,,,5539.33,4903.21,-2874.79,253.10,1,q1_q17_dr25_tce,6770.00,189.00,-283.00,4.150,0.158,-0.193,1.6230,0.4860,-0.3970,295.318420,40.208961,13.391
2708343,K04111.01,,FALSE POSITIVE,FALSE POSITIVE,0.0000,0,0,1,1,1.891318200,1.8010000e-05,-1.8010000e-05,132.6625200,9.280000e-03,-9.280000e-03,0.4390,0.0170,-0.4390,4.37400,0.25500,-0.25500,2.0230e+02,1.340e+01,-1.340e+01,0.90,7.000e-02,-8.000e-02,983.0,,,221.36,68.37,-58.34,17.60,1,q1_q17_dr25_tce,4476.00,133.00,-133.00,4.627,0.052,-0.024,0.6330,0.0500,-0.0560,290.333620,37.911171,15.171
3235282,K07649.01,,FALSE POSITIVE,FALSE POSITIVE,0.0110,1,0,0,0,494.165759000,8.7920000e-03,-8.7920000e-03,472.0427000,1.300000e-02,-1.300000e-02,0.4100,0.0730,-0.4100,2.23900,0.47700,-0.47700,1.4400e+03,2.460e+02,-2.460e+02,4.50,1.270e+00,-5.400e-01,265.0,,,1.17,0.98,-0.39,7.40,1,q1_q17_dr25_tce,6392.00,179.00,-224.00,4.399,0.060,-0.180,1.1620,0.3270,-0.1400,291.513950,38.365471,15.404
3348090,K04112.01,,FALSE POSITIVE,FALSE POSITIVE,0.0000,0,0,1,0,2.435850460,1.3370000e-05,-1.3370000e-05,132.8966100,4.440000e-03,-4.440000e-03,0.4710,0.4840,-0.2640,2.08800,0.15300,-0.15300,6.0500e+01,4.700e+00,-4.700e+00,2.60,3.400e-01,-1.030e+00,2544.0,,,9880.82,4220.00,-6698.70,14.90,1,q1_q17_dr25_tce,6501.00,177.00,-196.00,3.613,0.328,-0.082,3.2470,0.4290,-1.2880,292.924320,38.442280,13.464
9282762,K04113.01,,FALSE POSITIVE,FALSE POSITIVE,0.0000,0,0,0,1,1.332554410,1.0940000e-05,-1.0940000e-05,132.0526900,6.080000e-03,-6.080000e-03,0.6490,0.2970,-0.4360,3.82800,0.18700,-0.18700,1.0670e+02,8.000e+00,-8.000e+00,1.12,3.500e-01,-1.400e-01,1743.0,,,2180.20,2031.91,-759.48,15.10,1,q1_q17_dr25_tce,6099.00,171.00,-236.00,4.456,0.054,-0.202,1.0280,0.3240,-0.1300,292.606900,45.701408,15.708
3117046,K04114.01,,FALSE POSITIVE,FALSE POSITIVE,0.0000,1,0,0,1,359.101500000,1.1260000e-02,-1.1260000e-02,415.3142000,2.070000e-02,-2.070000e-02,0.3170,0.1350,-0.3170,11.46100,0.82000,-0.82000,4.9650e+02,4.500e+01,-4.500e+01,2.37,6.400e-01,-2.800e-01,285.0,,,1.56,1.20,-0.50,12.90,1,q1_q17_dr25_tce,6373.00,151.00,-207.00,4.438,0.060,-0.180,1.0470,0.2840,-0.1220,291.567720,38.267109,14.821
6311520,K04115.01,,FALSE POSITIVE,FALSE POSITIVE,0.0000,0,1,0,0,0.941840589,6.3080000e-06,-6.3080000e-06,131.8046400,6.440000e-03,-6.440000e-03,1.1980,1.2450,-0.1910,5.06000,0.41900,-0.41900,3.8830e+02,2.140e+01,-2.140e+01,27.05,7.690e+00,-4.150e+00,2200.0,,,5547.35,4658.92,-2040.65,23.00,1,q1_q17_dr25_tce,6419.00,177.00,-199.00,4.330,0.124,-0.186,1.1420,0.3250,-0.1750,298.677310,41.640282,13.956
5201115,K04044.01,,FALSE POSITIVE,FALSE POSITIVE,0.0000,0,1,0,1,1.728521892,9.6140000e-06,-9.6140000e-06,131.8173600,6.110000e-03,-6.110000e-03,0.7190,0.2010,-0.4770,3.36100,0.12900,-0.12900,9.2200e+01,3.600e+00,-3.600e+00,1.19,3.400e-01,-2.500e-01,1678.0,,,1869.82,1615.37,-845.20,30.20,1,q1_q17_dr25_tce,5872.00,176.00,-194.00,4.282,0.214,-0.175,1.1570,0.3320,-0.2410,295.557100,40.321209,12.861
2708203,K04045.01,,FALSE POSITIVE,FALSE POSITIVE,0.0000,0,0,1,1,1.891258550,3.7270000e-05,-3.7270000e-05,132.6891000,2.080000e-02,-2.080000e-02,0.6770,0.2490,-0.4310,5.41500,0.44700,-0.44700,6.7900e+01,3.600e+00,-3.600e+00,0.81,1.700e-01,-1.100e-01,1671.0,,,1839.74,1111.90,-632.74,24.80,1,q1_q17_dr25_tce,6569.00,157.00,-197.00,4.410,0.150,-0.165,0.9270,0.1930,-0.1290,290.299320,37.908932,13.517
4150496,K04046.01,,FALSE POSITIVE,FALSE POSITIVE,0.0000,0,1,1,1,8.653128680,4.2450000e-05,-4.2450000e-05,136.6530800,4.120000e-03,-4.120000e-03,1.1850,7.0870,-0.0750,3.37600,0.19300,-0.19300,5.0860e+02,2.710e+01,-2.710e+01,20.38,6.260e+00,-2.070e+00,857.0,,,127.50,114.77,-37.58,22.60,1,q1_q17_dr25_tce,5880.00,159.00,-194.00,4.525,0.039,-0.208,0.8930,0.2740,-0.0910,289.714870,39.283871,15.534
11401767,K02195.02,Kepler-372 d,CONFIRMED,CANDIDATE,0.9760,0,0,0,0,30.089945900,3.0330000e-04,-3.0330000e-04,149.0641300,7.370000e-03,-7.370000e-03,0.9070,0.0500,-0.6320,6.65400,0.24500,-0.24500,2.4260e+02,1.540e+01,-1.540e+01,2.25,3.800e-01,-2.500e-01,660.0,,,44.79,19.55,-11.44,16.60,2,q1_q17_dr25_tce,6056.00,81.00,-90.00,4.332,0.080,-0.120,1.2090,0.2020,-0.1340,291.256200,49.258949,14.881
9655005,K04047.01,,FALSE POSITIVE,FALSE POSITIVE,0.1960,0,1,0,0,1.398627570,7.9990000e-06,-7.9990000e-06,132.6561500,4.810000e-03,-4.810000e-03,0.6170,0.1380,-0.2520,9.62500,0.17500,-0.17500,4.5500e+01,1.200e+00,-1.200e+00,2.39,4.000e-01,-7.500e-01,3562.0,,,38048.23,15683.83,-20760.36,59.60,1,q1_q17_dr25_tce,7872.00,70.00,-86.00,3.732,0.238,-0.085,3.3670,0.5640,-1.0470,294.200680,46.327221,11.915
11709124,K00435.06,Kepler-154 f,CONFIRMED,CANDIDATE,0.9970,0,0,0,0,9.919376930,6.7560000e-05,-6.7560000e-05,136.8736100,5.680000e-03,-5.680000e-03,0.1630,0.2760,-0.1630,4.32600,0.15700,-0.15700,1.8670e+02,1.050e+01,-1.050e+01,1.32,1.700e-01,-1.300e-01,838.0,,,116.43,45.51,-28.22,18.80,6,q1_q17_dr25_tce,5688.00,113.00,-101.00,4.415,0.100,-0.100,0.9710,0.1300,-0.0950,289.780520,49.896530,14.534
3851194,K07671.01,,FALSE POSITIVE,FALSE POSITIVE,0.0000,0,0,0,1,0.918510251,5.2390000e-06,-5.2390000e-06,131.8279100,5.330000e-03,-5.330000e-03,0.6220,0.3360,-0.3930,2.58700,0.13700,-0.13700,5.2600e+01,3.100e+00,-3.100e+00,1.77,3.000e-01,-5.500e-01,2795.0,,,14485.22,6325.10,-7948.33,20.30,1,q1_q17_dr25_tce,5837.00,79.00,-79.00,3.791,0.240,-0.096,2.3380,0.3900,-0.7240,291.710540,38.962730,13.815
8613535,K02263.02,Kepler-1165 b,CONFIRMED,CANDIDATE,1.0000,0,0,0,0,9.478508180,5.2660000e-05,-5.2660000e-05,140.1652600,4.300000e-03,-4.300000e-03,0.1120,0.3430,-0.1120,6.15400,0.13100,-0.13100,1.8460e+02,7.400e+00,-7.400e+00,1.47,4.500e-01,-1.600e-01,946.0,,,189.14,173.87,-57.34,26.70,2,q1_q17_dr25_tce,6249.00,174.00,-217.00,4.428,0.054,-0.202,1.0760,0.3350,-0.1120,286.971280,44.708302,14.456
5092655,K04116.01,,FALSE POSITIVE,FALSE POSITIVE,,1,0,0,0,0.783258387,3.4730000e-06,-3.4730000e-06,131.7435800,3.620000e-03,-3.620000e-03,0.2514,0.2138,-0.2514,2.29260,0.08850,-0.08850,3.2850e+02,1.460e+01,-1.460e+01,1.28,3.000e-01,-1.300e-01,1559.0,,,1395.69,1091.24,-389.52,28.50,1,q1_q17_dr24_tce,5067.00,195.00,-155.00,4.565,0.063,-0.587,0.7150,0.1700,-0.0690,289.791350,40.299431,15.729
3955817,K04117.01,Kepler-1553 b,CONFIRMED,CANDIDATE,1.0000,0,0,0,0,4.242630960,2.6610000e-05,-2.6610000e-05,135.0304000,5.050000e-03,-5.050000e-03,0.2010,0.2550,-0.2010,2.58200,0.14300,-0.14300,1.8760e+02,1.360e+01,-1.360e+01,1.10,6.000e-02,-6.000e-02,926.0,,,174.24,30.78,-28.95,15.90,1,q1_q17_dr25_tce,5072.00,81.00,-81.00,4.521,0.054,-0.036,0.8250,0.0420,-0.0470,291.919160,39.022270,14.955
10661778,K04118.01,,FALSE POSITIVE,FALSE POSITIVE,0.0000,1,0,0,1,1.231363214,2.0090000e-06,-2.0090000e-06,131.8061500,1.610000e-03,-1.610000e-03,0.9690,0.5510,-0.0270,5.81010,0.08070,-0.08070,4.7747e+03,5.300e+01,-5.300e+01,10.75,0.000e+00,0.000e+00,1699.0,,,1973.12,0.00,0.00,112.70,1,q1_q17_dr25_tce,5780.00,,,4.438,,,1.0000,,,290.296230,47.990364,17.661
5513857,K04119.01,,FALSE POSITIVE,FALSE POSITIVE,0.0000,0,0,1,1,0.755101928,4.3130000e-06,-4.3130000e-06,131.8119900,5.280000e-03,-5.280000e-03,0.4640,0.0190,-0.4640,3.04400,0.17200,-0.17200,1.1980e+02,8.200e+00,-8.200e+00,0.91,1.800e-01,-1.000e-01,1763.0,,,2287.46,1414.00,-674.25,18.10,1,q1_q17_dr25_tce,5465.00,164.00,-164.00,4.535,0.057,-0.124,0.8190,0.1630,-0.0880,284.348390,40.728260,15.443
10272389,K04048.01,,FALSE POSITIVE,FALSE POSITIVE,0.0000,0,0,0,1,4.564474630,2.6380000e-05,-2.6380000e-05,133.0783000,5.430000e-03,-5.430000e-03,0.5080,0.3710,-0.2990,6.41500,0.17400,-0.17400,2.0840e+02,5.700e+00,-5.700e+00,1.13,1.800e-01,-1.000e-01,902.0,,,156.74,79.99,-39.28,42.60,1,q1_q17_dr25_tce,5270.00,158.00,-142.00,4.596,0.032,-0.104,0.7700,0.1220,-0.0660,291.178100,47.322941,14.340
4679687,K04049.01,,FALSE POSITIVE,FALSE POSITIVE,0.0000,0,1,1,0,1.027904857,5.5400000e-07,-5.5400000e-07,132.4443160,4.970000e-04,-4.970000e-04,1.2610,3.5430,-0.1130,1.63810,0.02080,-0.02080,2.3812e+03,2.320e+01,-2.320e+01,30.48,6.920e+00,-4.610e+00,1653.0,,,1769.20,1317.95,-659.99,117.80,1,q1_q17_dr25_tce,5432.00,204.00,-185.00,4.446,0.144,-0.176,0.8720,0.1980,-0.1320,297.580230,39.702702,15.320
7968683,K04050.01,,FALSE POSITIVE,FALSE POSITIVE,0.0000,1,0,0,0,367.955660000,1.4190000e-02,-1.4190000e-02,236.4537000,2.690000e-02,-2.690000e-02,0.9570,0.0010,-0.6970,21.87700,0.73200,-0.73200,1.4141e+03,9.760e+01,-9.760e+01,3.62,3.000e-01,-2.900e-01,183.0,,,0.27,0.08,-0.07,13.70,1,q1_q17_dr25_tce,4723.00,141.00,-127.00,4.611,0.036,-0.040,0.6960,0.0560,-0.0560,294.787630,43.739021,15.964
10360722,K04051.01,Kepler-1545 b,CONFIRMED,CANDIDATE,0.9960,0,0,0,0,163.692336000,1.3190000e-03,-1.3190000e-03,238.7681700,5.310000e-03,-5.310000e-03,0.0280,0.4230,-0.0280,6.85300,0.18900,-0.18900,1.1380e+03,6.070e+01,-6.070e+01,2.75,1.100e-01,-2.100e-01,274.0,,,1.34,0.21,-0.27,21.00,1,q1_q17_dr25_tce,4999.00,79.00,-79.00,4.490,0.077,-0.028,0.8430,0.0350,-0.0650,298.898770,47.463089,15.031
9091755,K04052.01,,FALSE POSITIVE,FALSE POSITIVE,0.0000,1,0,1,0,1.106529843,3.8460000e-06,-3.8460000e-06,132.3052800,2.710000e-03,-2.710000e-03,0.9740,0.2740,-0.0240,6.25800,0.54100,-0.54100,3.1950e+02,5.900e+00,-5.900e+00,1.91,4.300e-01,-1.500e-01,1649.0,,,1746.73,1147.15,-426.86,69.20,1,q1_q17_dr25_tce,5932.00,141.00,-177.00,4.580,0.040,-0.160,0.7980,0.1820,-0.0610,292.931210,45.404270,15.144
3852476,K07672.01,,FALSE POSITIVE,FALSE POSITIVE,0.3070,1,0,0,0,111.741576000,1.7220000e-03,-1.7220000e-03,166.3408000,1.080000e-02,-1.080000e-02,0.0570,0.4060,-0.0570,3.83000,0.43400,-0.43400,2.3880e+02,3.030e+01,-3.030e+01,6.88,1.190e+00,-2.220e+00,676.0,,,49.40,24.55,-29.58,9.90,1,q1_q17_dr25_tce,5267.00,110.00,-173.00,3.338,0.198,-0.144,4.5250,0.7870,-1.4610,292.035250,38.945911,13.075
9700449,K04120.01,,CANDIDATE,CANDIDATE,0.9650,0,0,0,0,110.461746000,2.9850000e-03,-2.9850000e-03,147.5465000,2.380000e-02,-2.380000e-02,0.0360,0.4120,-0.0360,12.46000,1.10000,-1.10000,3.3120e+02,2.490e+01,-2.490e+01,1.93,6.400e-01,-2.100e-01,420.0,,,7.34,7.09,-2.24,15.80,1,q1_q17_dr25_tce,6321.00,169.00,-206.00,4.434,0.054,-0.216,1.0580,0.3490,-0.1160,287.039520,46.481701,15.092
6349881,K04121.01,Kepler-1554 b,CONFIRMED,CANDIDATE,0.9950,0,0,0,0,198.088873000,2.4910000e-03,-2.4910000e-03,319.7300200,8.150000e-03,-8.150000e-03,0.6330,0.3040,-0.4090,7.95500,0.30700,-0.30700,1.0277e+03,6.590e+01,-6.590e+01,3.24,3.400e-01,-3.800e-01,288.0,,,1.63,0.50,-0.43,18.00,1,q1_q17_dr25_tce,5275.00,86.00,-79.00,4.397,0.120,-0.080,0.9690,0.1020,-0.1130,286.576170,41.741459,15.717
9851970,K04122.01,,FALSE POSITIVE,FALSE POSITIVE,0.0000,0,1,1,1,1.081937210,1.7850000e-05,-1.7850000e-05,131.5344000,1.110000e-02,-1.110000e-02,0.1680,0.2700,-0.1680,4.78800,0.49100,-0.49100,1.1530e+02,1.000e+01,-1.000e+01,0.77,7.000e-02,-8.000e-02,1385.0,,,870.17,291.70,-249.68,14.40,1,q1_q17_dr25_tce,4965.00,151.00,-136.00,4.555,0.072,-0.044,0.7360,0.0650,-0.0790,299.047300,46.685570,15.471
6140059,K04123.01,,CANDIDATE,CANDIDATE,1.0000,0,0,0,0,44.622672500,7.6910000e-04,-7.6910000e-04,137.9420000,1.370000e-02,-1.370000e-02,0.9310,0.0050,-0.6510,12.97400,0.35900,-0.35900,1.3190e+02,7.300e+00,-7.300e+00,1.73,5.000e-01,-3.500e-01,613.0,,,33.39,27.93,-15.03,20.60,1,q1_q17_dr25_tce,6198.00,169.00,-206.00,4.252,0.204,-0.185,1.2390,0.3520,-0.2560,296.356600,41.455391,13.519
5726910,K04124.01,,FALSE POSITIVE,FALSE POSITIVE,,0,0,1,0,2.431429740,2.5870000e-05,-2.5870000e-05,133.8338500,8.660000e-03,-8.660000e-03,0.2234,0.2409,-0.2234,2.71300,0.27500,-0.27500,1.4660e+02,1.680e+01,-1.680e+01,1.17,4.900e-01,-2.100e-01,1378.0,,,852.00,1100.38,-330.47,10.70,1,q1_q17_dr24_tce,5750.00,181.00,-143.00,4.364,0.169,-0.268,0.9650,0.4080,-0.1710,297.352780,40.958141,14.539
1718958,K04053.01,Kepler-1934 b,CONFIRMED,CANDIDATE,0.9850,0,0,0,0,1.419758310,1.2290000e-05,-1.2290000e-05,132.9200000,6.920000e-03,-6.920000e-03,0.6440,0.3410,-0.4400,1.42900,0.23900,-0.23900,6.0900e+01,8.800e+00,-8.800e+00,0.85,1.300e-01,-8.000e-02,1700.0,,,1968.38,836.24,-503.00,8.10,1,q1_q17_dr25_tce,5925.00,107.00,-119.00,4.394,0.084,-0.116,1.0350,0.1570,-0.1050,290.919340,37.287170,12.801
6428794,K04054.01,Kepler-1701 b,CONFIRMED,CANDIDATE,0.9990,0,0,0,0,169.135056000,1.5530000e-03,-1.5530000e-03,201.8055000,8.540000e-03,-8.540000e-03,0.7540,0.1640,-0.5500,8.93100,0.21300,-0.21300,6.4070e+02,3.020e+01,-3.020e+01,2.21,1.500e-01,-1.200e-01,273.0,,,1.31,0.30,-0.23,24.50,1,q1_q17_dr25_tce,5171.00,103.00,-103.00,4.545,0.045,-0.050,0.8010,0.0540,-0.0430,286.608890,41.889339,14.566
3228825,K04055.01,,FALSE POSITIVE,FALSE POSITIVE,0.0000,0,1,1,1,0.730954910,1.0780000e-05,-1.0780000e-05,132.2174000,1.320000e-02,-1.320000e-02,0.4150,0.0560,-0.4150,2.20600,0.45900,-0.45900,2.9600e+01,5.000e+00,-5.000e+00,0.88,1.700e-01,-1.400e-01,2711.0,,,12770.31,6322.46,-4189.57,7.50,1,q1_q17_dr25_tce,6454.00,77.00,-83.00,4.163,0.125,-0.125,1.5870,0.3080,-0.2520,289.764920,38.383450,12.028
4673628,K04056.01,Kepler-1935 b,CONFIRMED,CANDIDATE,0.8380,0,0,0,0,3.951383138,6.2510000e-06,-6.2510000e-06,132.0646200,1.180000e-03,-1.180000e-03,1.2170,6.7180,-0.1300,1.05820,0.07870,-0.07870,4.0570e+02,2.060e+01,-2.060e+01,23.51,5.670e+00,-3.060e+00,1083.0,,,324.78,238.09,-104.30,23.90,1,q1_q17_dr25_tce,5570.00,166.00,-149.00,4.458,0.104,-0.169,0.8990,0.2170,-0.1170,296.403750,39.722649,14.368
11401767,K02195.03,Kepler-372 b,CONFIRMED,CANDIDATE,0.9970,0,0,0,0,6.849787280,5.2430000e-05,-5.2430000e-05,134.6616700,7.550000e-03,-7.550000e-03,0.9540,0.0030,-0.6960,4.91900,0.16200,-0.16200,1.3920e+02,9.000e+00,-9.000e+00,1.83,3.000e-01,-2.100e-01,1081.0,,,322.19,140.61,-82.27,17.00,3,q1_q17_dr25_tce,6056.00,81.00,-90.00,4.332,0.080,-0.120,1.2090,0.2020,-0.1340,291.256200,49.258949,14.881
3852872,K07673.01,,CANDIDATE,CANDIDATE,0.7750,0,0,0,0,80.769893000,2.7160000e-03,-2.7160000e-03,188.5556000,3.290000e-02,-3.290000e-02,0.1580,0.3100,-0.1580,4.20000,1.50000,-1.50000,1.2850e+02,2.400e+01,-2.400e+01,1.87,1.170e+00,-9.600e-01,475.0,,,12.07,24.23,-9.48,6.70,1,q1_q17_dr25_tce,4965.00,164.00,-134.00,3.961,0.605,-0.326,1.7080,1.0670,-0.8730,292.138760,38.941540,13.026
9099950,K04125.01,,FALSE POSITIVE,FALSE POSITIVE,0.0000,1,0,1,0,1.111362442,8.9280000e-06,-8.9280000e-06,132.3005600,8.020000e-03,-8.020000e-03,0.7150,0.4080,-0.2700,6.24000,1.60000,-1.60000,1.3390e+02,1.100e+01,-1.100e+01,2.86,5.500e-01,-1.010e+00,2820.0,,,14894.75,8292.57,-9296.48,36.80,1,q1_q17_dr25_tce,6486.00,156.00,-176.00,3.872,0.280,-0.100,2.3080,0.4380,-0.8130,295.609340,45.484451,12.845
9718066,K02287.02,Kepler-378 c,CONFIRMED,CANDIDATE,0.0800,0,0,0,0,28.906052600,2.3300000e-04,-2.3300000e-04,158.8243100,6.130000e-03,-6.130000e-03,0.8630,0.0270,-0.5910,3.09900,0.19800,-0.19800,9.9000e+01,8.300e+00,-8.300e+00,0.79,6.000e-02,-2.000e-02,414.0,,,6.94,1.86,-0.86,13.30,2,q1_q17_dr25_tce,4657.00,93.00,-93.00,4.641,0.012,-0.048,0.6700,0.0550,-0.0170,294.948580,46.438641,12.485
9272070,K04126.01,Kepler-1555 b,CONFIRMED,CANDIDATE,1.0000,0,0,0,0,8.105035510,8.9460000e-05,-8.9460000e-05,135.8838900,8.360000e-03,-8.360000e-03,0.3530,0.1020,-0.3530,4.45900,0.22200,-0.22200,2.0990e+02,1.470e+01,-1.470e+01,1.45,4.700e-01,-1.500e-01,959.0,,,199.74,191.96,-60.13,16.50,1,q1_q17_dr25_tce,6201.00,175.00,-197.00,4.472,0.054,-0.216,0.9890,0.3210,-0.1070,287.635470,45.716061,15.353
5088400,K04127.01,Kepler-1556 b,CONFIRMED,CANDIDATE,0.9910,0,0,0,0,8.827157830,7.3790000e-05,-7.3790000e-05,139.7341600,7.300000e-03,-7.300000e-03,0.2490,0.2200,-0.2480,2.01900,0.18700,-0.18700,3.6860e+02,4.080e+01,-4.080e+01,1.67,2.300e-01,-6.000e-02,797.0,,,95.25,34.60,-11.99,11.10,1,q1_q17_dr25_tce,5550.00,75.00,-83.00,4.539,0.021,-0.112,0.8780,0.1200,-0.0320,288.397000,40.213188,15.247
4669402,K04128.01,,FALSE POSITIVE,FALSE POSITIVE,0.0000,0,0,1,0,143.196381000,2.6870000e-03,-2.6870000e-03,227.3054000,1.360000e-02,-1.360000e-02,1.0170,6.7130,-0.0690,10.42400,0.68600,-0.68600,6.1810e+02,4.320e+01,-4.320e+01,6.64,1.760e+00,-1.290e+00,380.0,,,4.95,3.88,-2.09,17.40,1,q1_q17_dr25_tce,6007.00,161.00,-179.00,4.333,0.180,-0.180,1.0600,0.2820,-0.2050,295.533940,39.762249,14.034
3757407,K04057.01,,FALSE POSITIVE,FALSE POSITIVE,0.0000,0,0,1,0,9.089151782,,,132.0565248,,,0.0430,,,3.18860,,,1.1010e+02,,,4.35,2.000e-01,-1.740e+00,1848.0,,,2754.19,607.98,-1871.94,7.10,1,q1_q17_dr25_tce,6729.00,184.00,-201.00,3.493,0.360,-0.090,4.0990,0.1920,-1.6340,294.095550,38.885059,12.972
4769931,K04058.01,,FALSE POSITIVE,FALSE POSITIVE,0.0000,0,0,0,1,1.878869730,1.4060000e-05,-1.4060000e-05,133.0760400,7.270000e-03,-7.270000e-03,0.6570,0.0300,-0.5020,3.87600,0.18700,-0.18700,1.8190e+02,9.000e+00,-9.000e+00,1.04,1.900e-01,-8.000e-02,1236.0,,,553.59,310.84,-129.88,23.90,1,q1_q17_dr25_tce,5448.00,162.00,-146.00,4.613,0.037,-0.112,0.7340,0.1310,-0.0560,297.344180,39.885010,13.907
9220612,K04059.01,,FALSE POSITIVE,FALSE POSITIVE,0.0000,0,0,1,1,0.979161676,7.3950000e-06,-7.3950000e-06,132.2183100,5.930000e-03,-5.930000e-03,0.6340,0.2990,-0.4110,2.94200,0.32600,-0.32600,1.6020e+02,1.070e+01,-1.070e+01,1.03,1.900e-01,-8.000e-02,1548.0,,,1357.43,777.75,-334.21,20.20,1,q1_q17_dr25_tce,5390.00,159.00,-159.00,4.591,0.030,-0.120,0.7800,0.1430,-0.0610,292.793330,45.628262,15.278
9086154,K04060.01,,CANDIDATE,CANDIDATE,0.9010,0,0,0,0,225.262130000,4.5620000e-03,-4.5620000e-03,224.9887000,1.190000e-02,-1.190000e-02,0.3490,0.1170,-0.3490,14.45900,0.44600,-0.44600,3.8920e+02,1.870e+01,-1.870e+01,2.36,3.700e-01,-4.100e-01,329.0,,,2.77,1.22,-1.02,24.60,1,q1_q17_dr25_tce,5799.00,105.00,-117.00,4.276,0.143,-0.117,1.1910,0.1860,-0.2050,290.833890,45.435650,13.841
6806695,K04061.01,,FALSE POSITIVE,FALSE POSITIVE,0.0000,0,1,1,0,0.855922327,2.6570000e-06,-2.6570000e-06,131.6442600,2.620000e-03,-2.620000e-03,0.0090,0.4500,-0.0090,1.51400,0.09230,-0.09230,1.3090e+02,7.900e+00,-7.900e+00,0.87,1.200e-01,-1.000e-01,1658.0,,,1782.11,869.15,-540.41,21.10,1,q1_q17_dr25_tce,5437.00,178.00,-146.00,4.539,0.081,-0.090,0.7590,0.1090,-0.0900,298.901610,42.212799,14.663
3858943,K07674.01,,FALSE POSITIVE,FALSE POSITIVE,0.0000,0,0,1,1,25.952872500,5.0740000e-04,-5.0740000e-04,154.8736000,1.880000e-02,-1.880000e-02,0.7410,0.2190,-0.5000,12.43400,0.70000,-0.70000,1.6410e+02,1.190e+01,-1.190e+01,1.53,5.100e-01,-1.700e-01,697.0,,,55.82,53.96,-16.81,16.90,1,q1_q17_dr25_tce,6370.00,160.00,-192.00,4.410,0.067,-0.216,1.1060,0.3700,-0.1230,293.708470,38.958012,13.812
11970988,K04129.01,,CANDIDATE,CANDIDATE,1.0000,0,0,0,0,2.314823110,1.3210000e-05,-1.3210000e-05,133.0485700,4.640000e-03,-4.640000e-03,0.0670,0.3940,-0.0670,2.12700,0.16700,-0.16700,5.8600e+01,5.000e+00,-5.000e+00,0.69,1.500e-01,-1.000e-01,1237.0,,,554.40,374.10,-196.67,14.20,1,q1_q17_dr25_tce,5240.00,157.00,-141.00,4.428,0.124,-0.186,0.9230,0.2030,-0.1400,295.529480,50.370399,13.506
10858803,K04130.01,,FALSE POSITIVE,FALSE POSITIVE,0.0000,0,1,1,1,0.952374508,3.8800000e-06,-3.8800000e-06,132.3343600,3.640000e-03,-3.640000e-03,0.0130,0.3830,-0.0130,3.00600,0.12100,-0.12100,2.0480e+02,7.700e+00,-7.700e+00,1.13,5.000e-02,-1.200e-01,1435.0,,,1006.13,242.59,-286.64,33.00,1,q1_q17_dr25_tce,4754.00,143.00,-143.00,4.508,0.084,-0.036,0.8210,0.0410,-0.0830,290.733640,48.207378,15.611
6129694,K04131.01,,FALSE POSITIVE,FALSE POSITIVE,0.0000,1,0,0,0,0.936751792,7.6570000e-06,-7.6570000e-06,132.2026000,7.330000e-03,-7.330000e-03,0.9910,0.0360,-0.7580,5.65800,0.57600,-0.57600,2.6400e+01,1.500e+00,-1.500e+00,2.07,3.500e-01,-8.100e-01,3814.0,,,50168.18,26262.91,-34574.79,23.00,1,q1_q17_dr25_tce,7843.00,218.00,-327.00,3.829,0.315,-0.105,2.9090,0.4900,-1.1430,293.718110,41.430939,13.205
5957181,K04132.01,,FALSE POSITIVE,FALSE POSITIVE,,1,0,0,0,393.343310000,1.5760000e-02,-1.5760000e-02,264.7706000,2.190000e-02,-2.190000e-02,0.2607,0.2160,-0.2606,9.48100,0.97500,-0.97500,1.7500e+03,1.720e+02,-1.720e+02,2.27,2.100e-01,-2.900e-01,140.0,,,0.09,0.02,-0.03,21.20,,,3994.00,62.00,-113.00,4.717,0.070,-0.060,0.5540,0.0500,-0.0700,290.790370,41.264610,15.646
7601918,K04133.01,,FALSE POSITIVE,FALSE POSITIVE,0.0000,0,0,1,0,0.621361411,1.3110000e-06,-1.3110000e-06,131.6728300,1.900000e-03,-1.900000e-03,0.0170,0.4520,-0.0170,1.06280,0.06190,-0.06190,4.5000e+01,2.200e+00,-2.200e+00,1.12,2.600e-01,-3.100e-01,2913.0,,,17004.65,11436.51,-9116.67,24.60,1,q1_q17_dr25_tce,6234.00,169.00,-188.00,4.046,0.234,-0.126,1.6600,0.3750,-0.4580,289.980960,43.299492,12.696
6119877,K04134.01,,FALSE POSITIVE,FALSE POSITIVE,,1,0,0,0,250.237607410,,,260.3057733,,,,,,16.58000,,,,,,,,,,,,,,,,,,,,,,,,,,,290.610200,41.470402,15.974
6792908,K04341.01,,CANDIDATE,CANDIDATE,1.0000,0,0,0,0,10.778313000,1.5880000e-04,-1.5880000e-04,136.6142000,1.230000e-02,-1.230000e-02,0.5910,0.0320,-0.4690,5.25600,0.31300,-0.31300,9.0700e+01,8.400e+00,-8.400e+00,1.25,3.500e-01,-2.300e-01,1067.0,,,306.18,260.18,-132.80,12.50,1,q1_q17_dr25_tce,6726.00,212.00,-259.00,4.262,0.149,-0.182,1.2580,0.3500,-0.2340,295.962590,42.200256,13.264
7211879,K04342.01,,FALSE POSITIVE,FALSE POSITIVE,0.0000,0,0,1,0,0.594310785,1.8080000e-06,-1.8080000e-06,131.7595000,2.410000e-03,-2.410000e-03,0.1610,0.3000,-0.1610,0.99940,0.09530,-0.09530,1.1250e+02,1.070e+01,-1.070e+01,0.91,2.600e-01,-9.000e-02,2068.0,,,4338.76,3725.50,-1208.84,15.70,1,q1_q17_dr25_tce,5931.00,158.00,-175.00,4.554,0.036,-0.204,0.8450,0.2480,-0.0830,295.160980,42.799129,15.349
8087812,K04343.01,Kepler-1952 b,CONFIRMED,CANDIDATE,0.9880,0,0,0,0,27.210680700,5.2620000e-04,-5.2620000e-04,132.3793000,1.610000e-02,-1.610000e-02,0.9730,0.0240,-0.6800,10.51500,0.33700,-0.33700,9.9400e+01,6.700e+00,-6.700e+00,1.73,2.500e-01,-3.600e-01,725.0,,,65.27,27.86,-26.81,16.90,1,q1_q17_dr25_tce,5973.00,120.00,-108.00,4.171,0.188,-0.101,1.3050,0.1930,-0.2660,288.076480,43.958488,13.694
4863956,K04344.01,,FALSE POSITIVE,FALSE POSITIVE,,1,0,0,0,4.319781050,5.8730000e-05,-5.8730000e-05,134.1491000,1.050000e-02,-1.050000e-02,0.7702,0.1489,-0.5257,7.20400,0.39700,-0.39700,6.5800e+01,3.900e+00,-3.900e+00,3.87,1.720e+00,-1.370e+00,2111.0,,,4693.13,6327.52,-3015.79,23.50,2,q1_q17_dr24_tce,5519.00,163.00,-210.00,3.303,0.244,-0.299,4.3680,1.9470,-1.5460,298.517940,39.924438,12.846
10534155,K04345.01,,CANDIDATE,CANDIDATE,0.9940,0,0,0,0,4.327108950,1.7610000e-05,-1.7610000e-05,133.4088600,3.280000e-03,-3.280000e-03,1.1580,6.8040,-0.1260,1.38700,0.17500,-0.17500,1.0890e+02,1.050e+01,-1.050e+01,26.60,9.950e+00,-1.216e+01,1397.0,,,900.23,1013.19,-662.54,12.90,1,q1_q17_dr25_tce,5776.00,174.00,-157.00,4.018,0.518,-0.222,1.4550,0.5440,-0.6650,291.501220,47.747730,13.404
10397751,K02859.04,,CANDIDATE,CANDIDATE,0.9560,0,0,0,0,2.905120190,1.5410000e-05,-1.5410000e-05,132.5669300,4.820000e-03,-4.820000e-03,0.4170,0.0330,-0.4170,2.29300,0.12800,-0.12800,6.1200e+01,5.000e+00,-5.000e+00,0.57,7.000e-02,-6.000e-02,1075.0,,,314.96,124.36,-86.74,13.20,4,q1_q17_dr25_tce,5374.00,160.00,-144.00,4.555,0.088,-0.064,0.7210,0.0820,-0.0730,288.831360,47.551991,13.851
5308537,K04409.01,Kepler-1955 b,CONFIRMED,CANDIDATE,0.9990,0,0,0,0,14.265154500,1.0620000e-04,-1.0620000e-04,143.2202400,5.280000e-03,-5.280000e-03,0.3530,0.0950,-0.3530,3.60100,0.16400,-0.16400,6.6300e+01,5.500e+00,-5.500e+00,1.06,1.800e-01,-1.800e-01,853.0,,,125.45,59.13,-45.84,13.90,1,q1_q17_dr25_tce,5825.00,105.00,-117.00,4.237,0.156,-0.104,1.2910,0.2200,-0.2200,299.534790,40.477779,12.515
6350882,K04410.01,,CANDIDATE,CANDIDATE,1.0000,0,0,0,0,5.044043660,3.9340000e-05,-3.9340000e-05,136.0078500,5.770000e-03,-5.770000e-03,0.0800,0.3860,-0.0800,1.68200,0.17200,-0.17200,2.3650e+02,2.460e+01,-2.460e+01,1.47,4.900e-01,-1.700e-01,1078.0,,,318.92,325.46,-100.89,11.60,1,q1_q17_dr25_tce,6039.00,189.00,-210.00,4.493,0.054,-0.229,0.9510,0.3200,-0.1070,287.042360,41.752209,15.744
5281113,K04411.01,Kepler-1602 b,CONFIRMED,CANDIDATE,0.9940,0,0,0,0,11.179315810,9.7220000e-05,-9.7220000e-05,131.6412300,7.160000e-03,-7.160000e-03,0.3810,0.0740,-0.3810,3.10300,0.21900,-0.21900,9.0600e+01,8.700e+00,-8.700e+00,1.81,3.800e-01,-5.600e-01,1159.0,,,426.61,263.36,-244.28,12.00,1,q1_q17_dr25_tce,6292.00,169.00,-169.00,4.014,0.241,-0.111,1.8730,0.3860,-0.5800,293.580870,40.427471,13.352
7847104,K04412.01,,FALSE POSITIVE,FALSE POSITIVE,0.0000,0,0,1,0,1.284991846,7.1490000e-06,-7.1490000e-06,132.7408700,5.260000e-03,-5.260000e-03,0.4850,0.0320,-0.4340,2.27400,0.16500,-0.16500,2.9100e+01,2.300e+00,-2.300e+00,1.17,2.100e-01,-4.100e-01,2491.0,,,9065.72,5273.27,-5630.36,15.30,1,q1_q17_dr25_tce,6060.00,180.00,-180.00,3.852,0.315,-0.105,2.1060,0.3920,-0.7290,298.947850,43.539711,12.923
3450040,K04205.01,,CANDIDATE,CANDIDATE,0.9860,0,0,0,0,1.166960319,3.6250000e-06,-3.6250000e-06,131.6433200,2.650000e-03,-2.650000e-03,0.0330,0.4130,-0.0330,1.68230,0.08320,-0.08320,9.7800e+01,6.200e+00,-6.200e+00,0.88,1.200e-01,-3.000e-02,1596.0,,,1534.29,533.76,-216.05,17.90,1,q1_q17_dr25_tce,5632.00,67.00,-92.00,4.537,0.014,-0.119,0.9040,0.1210,-0.0380,293.054080,38.541790,14.391
3347807,K07653.01,,FALSE POSITIVE,FALSE POSITIVE,0.0000,1,0,1,0,324.180280000,2.6610000e-02,-2.6610000e-02,445.8295000,4.110000e-02,-4.110000e-02,0.7330,0.2430,-0.4960,18.15000,2.10000,-2.10000,8.7900e+01,1.040e+01,-1.040e+01,2.20,3.600e-01,-8.300e-01,382.0,,,5.01,2.53,-3.26,10.90,1,q1_q17_dr25_tce,5792.00,159.00,-144.00,3.835,0.315,-0.105,2.1830,0.3540,-0.8260,292.859160,38.431931,12.092
8487805,K04206.01,,FALSE POSITIVE,FALSE POSITIVE,0.0000,0,1,1,1,0.530959357,2.4650000e-06,-2.4650000e-06,131.7399100,4.320000e-03,-4.320000e-03,0.3480,0.1490,-0.3480,2.41700,0.12800,-0.12800,8.4400e+01,4.800e+00,-4.800e+00,0.69,1.000e-01,-6.000e-02,1852.0,,,2764.64,1305.16,-727.75,22.00,1,q1_q17_dr25_tce,5325.00,143.00,-159.00,4.607,0.032,-0.097,0.7500,0.1130,-0.0660,288.941310,44.593922,15.049
9456281,K04207.01,,CANDIDATE,CANDIDATE,1.0000,0,0,0,0,0.701944362,1.4900000e-06,-1.4900000e-06,132.0016100,1.700000e-03,-1.700000e-03,0.0700,0.3830,-0.0700,0.64100,0.10000,-0.10000,2.1080e+02,1.800e+01,-1.800e+01,0.80,6.000e-02,-9.000e-02,1227.0,,,535.78,161.94,-165.87,17.10,1,q1_q17_dr25_tce,4236.00,115.00,-140.00,4.698,0.063,-0.032,0.5390,0.0440,-0.0600,287.805020,46.001160,15.397
5129453,K04208.01,,CANDIDATE,CANDIDATE,0.9990,0,0,0,0,3.057726680,2.0540000e-05,-2.0540000e-05,133.0669200,5.780000e-03,-5.780000e-03,0.0070,0.4450,-0.0070,1.81900,0.15500,-0.15500,3.1100e+02,2.710e+01,-2.710e+01,1.23,5.000e-02,-1.000e-01,878.0,,,141.10,28.39,-36.55,13.70,1,q1_q17_dr25_tce,4483.00,132.00,-132.00,4.570,0.056,-0.016,0.7310,0.0250,-0.0630,298.985020,40.203709,15.745
7918478,K04209.01,,CANDIDATE,CANDIDATE,1.0000,0,0,0,0,9.909210900,2.1640000e-04,-2.1640000e-04,133.0920000,1.890000e-02,-1.890000e-02,0.7550,0.0390,-0.5330,2.55200,0.48500,-0.48500,9.4200e+02,1.920e+02,-1.920e+02,2.35,4.000e-01,-1.700e-01,693.0,,,54.54,31.38,-14.03,6.40,1,q1_q17_dr25_tce,5396.00,194.00,-194.00,4.632,0.032,-0.104,0.7020,0.1190,-0.0510,299.666170,43.619469,15.960
3336845,K04275.01,,FALSE POSITIVE,FALSE POSITIVE,0.0000,0,1,1,0,0.996864568,2.6700000e-06,-2.6700000e-06,132.0989800,2.140000e-03,-2.140000e-03,0.6440,0.2850,-0.4240,1.09800,0.08190,-0.08190,8.6700e+01,5.200e+00,-5.200e+00,0.77,1.100e-01,-9.000e-02,1588.0,,,1505.33,704.97,-453.08,21.40,1,q1_q17_dr25_tce,5418.00,160.00,-144.00,4.524,0.090,-0.090,0.7820,0.1120,-0.0920,289.976170,38.450489,13.681
3645282,K07661.01,,FALSE POSITIVE,FALSE POSITIVE,0.0000,0,0,1,0,0.673684895,5.7050000e-06,-5.7050000e-06,131.6193800,6.790000e-03,-6.790000e-03,0.5470,0.0490,-0.4840,1.16100,0.36500,-0.36500,5.1100e+01,1.160e+01,-1.160e+01,0.70,1.900e-01,-8.000e-02,2001.0,,,3803.56,2987.86,-1163.27,7.00,1,q1_q17_dr25_tce,5645.00,152.00,-169.00,4.453,0.078,-0.182,0.9510,0.2540,-0.1090,291.359100,38.718910,14.420
6026924,K04276.01,Kepler-1580 b,CONFIRMED,CANDIDATE,0.9790,0,0,0,0,56.644452000,1.0600000e-03,-1.0600000e-03,138.7620000,1.280000e-02,-1.280000e-02,0.5790,0.0350,-0.4710,16.55100,0.56000,-0.56000,1.0460e+02,5.700e+00,-5.700e+00,2.44,4.500e-01,-5.500e-01,733.0,,,68.37,35.54,-30.26,21.80,1,q1_q17_dr25_tce,6237.00,124.00,-111.00,3.862,0.182,-0.098,2.2950,0.4250,-0.5190,285.968720,41.363564,12.561
6525280,K04277.01,,FALSE POSITIVE,FALSE POSITIVE,0.0000,0,0,1,1,1.710319812,9.7560000e-06,-9.7560000e-06,131.6051300,5.070000e-03,-5.070000e-03,0.5590,0.0140,-0.4780,2.98300,0.12900,-0.12900,4.3600e+01,2.600e+00,-2.600e+00,0.56,7.000e-02,-3.000e-02,1426.0,,,978.84,321.45,-162.33,19.10,1,q1_q17_dr25_tce,5774.00,77.00,-77.00,4.524,0.053,-0.098,0.8250,0.1010,-0.0510,292.744930,41.934860,13.388
4861784,K04278.01,,FALSE POSITIVE,FALSE POSITIVE,0.0000,1,0,1,0,5.629780340,4.9580000e-05,-4.9580000e-05,136.8349000,7.720000e-03,-7.720000e-03,0.0800,0.3740,-0.0800,5.84700,0.19200,-0.19200,3.7920e+02,2.320e+01,-2.320e+01,1.61,3.600e-01,-1.500e-01,899.0,,,154.59,108.90,-43.82,19.10,1,q1_q17_dr25_tce,5497.00,180.00,-197.00,4.570,0.027,-0.153,0.8390,0.1880,-0.0750,298.036530,39.906010,15.993
5876360,K04279.01,,FALSE POSITIVE,FALSE POSITIVE,0.0000,0,1,0,0,1.050852976,8.8900000e-07,-8.8900000e-07,132.1382320,9.900000e-04,-9.900000e-04,1.1110,6.6840,-0.1270,1.67880,0.02070,-0.02070,4.1694e+04,3.020e+02,-3.020e+02,45.89,0.000e+00,0.000e+00,1791.0,,,2423.97,0.00,0.00,143.00,1,q1_q17_dr25_tce,5780.00,,,4.438,,,1.0000,,,291.819980,41.112476,17.172
9509343,K04346.01,,CANDIDATE,CANDIDATE,0.9500,0,0,0,0,6.392697780,5.9740000e-05,-5.9740000e-05,135.6101000,6.730000e-03,-6.730000e-03,0.0110,0.4430,-0.0110,2.13800,0.21600,-0.21600,1.7430e+02,1.830e+01,-1.830e+01,1.21,1.000e-01,-1.200e-01,890.0,,,148.31,35.78,-36.41,11.30,1,q1_q17_dr25_tce,5248.00,86.00,-78.00,4.416,0.112,-0.056,0.9430,0.0740,-0.0990,282.760620,46.177841,14.930
3732972,K07664.01,,FALSE POSITIVE,FALSE POSITIVE,0.0000,0,0,1,1,1.540398683,,,131.9906300,,,0.4700,,,1.56760,,,7.3000e+01,,,12.65,2.640e+00,-3.230e+00,4689.0,,,114263.25,64600.19,-58731.81,4.80,1,q1_q17_dr25_tce,4971.00,86.00,-161.00,2.373,0.030,-0.030,14.6780,3.0670,-3.7490,286.977450,38.898762,13.254
3244792,K04347.01,Kepler-1592 b,CONFIRMED,CANDIDATE,1.0000,0,0,0,0,3.057098200,2.1630000e-05,-2.1630000e-05,134.5012200,6.260000e-03,-6.260000e-03,0.1040,0.3520,-0.1040,3.57100,0.16500,-0.16500,1.4400e+02,1.060e+01,-1.060e+01,0.99,2.500e-01,-9.000e-02,1202.0,,,493.09,370.27,-127.58,15.70,1,q1_q17_dr25_tce,6021.00,161.00,-179.00,4.570,0.032,-0.189,0.8190,0.2090,-0.0700,293.850650,38.397751,14.803
8743082,K04348.01,,FALSE POSITIVE,FALSE POSITIVE,,1,0,0,0,365.259210000,9.5920000e-02,-9.5920000e-02,236.6720000,1.480000e-01,-1.480000e-01,0.0035,0.4595,-0.0031,13.74000,3.10000,-3.10000,5.2900e+02,9.010e+01,-9.010e+01,2.39,1.020e+00,-2.700e-01,268.0,,,1.23,1.55,-0.38,12.80,,,5993.00,162.00,-199.00,4.415,0.072,-0.284,1.0420,0.4440,-0.1160,287.250950,44.946308,15.413
7673841,K02585.03,,CANDIDATE,CANDIDATE,0.9530,0,0,0,0,7.878457560,8.4240000e-05,-8.4240000e-05,138.5864400,9.010000e-03,-9.010000e-03,0.5620,0.0070,-0.4810,3.91200,0.27200,-0.27200,4.4100e+01,4.600e+00,-4.600e+00,0.78,1.100e-01,-1.400e-01,989.0,,,226.11,94.90,-84.05,10.50,3,q1_q17_dr25_tce,5767.00,115.00,-104.00,4.287,0.162,-0.108,1.1350,0.1650,-0.2020,288.660770,43.368080,13.455
9142742,K04349.01,,FALSE POSITIVE,FALSE POSITIVE,,1,0,0,0,372.726880000,1.6910000e-02,-1.6910000e-02,175.6195000,1.950000e-02,-1.950000e-02,0.9082,0.0318,-0.6189,12.75100,0.71400,-0.71400,3.3170e+02,2.390e+01,-2.390e+01,3.52,1.890e+00,-9.500e-01,326.0,,,2.67,4.38,-1.46,17.00,,,6148.00,169.00,-236.00,4.147,0.195,-0.310,1.6150,0.8680,-0.4380,286.059390,45.516804,13.473
6891513,K04413.01,,FALSE POSITIVE,FALSE POSITIVE,0.0020,0,0,1,0,9.939827200,,,140.8334549,,,1.9730,,,4.11980,,,4.7860e+02,,,101.71,3.123e+01,-1.038e+01,819.0,,,106.50,96.67,-32.03,4.30,1,q1_q17_dr25_tce,5798.00,162.00,-203.00,4.507,0.039,-0.221,0.9410,0.2890,-0.0960,298.798920,42.353390,15.579
4579598,K04414.01,,FALSE POSITIVE,FALSE POSITIVE,0.0000,1,0,0,1,0.866346000,5.6730000e-06,-5.6730000e-06,131.6286000,6.330000e-03,-6.330000e-03,0.4090,0.0800,-0.4090,2.01100,0.19400,-0.19400,1.1640e+02,1.030e+01,-1.030e+01,1.24,4.200e-01,-1.700e-01,2165.0,,,5186.18,5213.49,-1968.49,13.90,1,q1_q17_dr25_tce,6241.00,195.00,-260.00,4.366,0.090,-0.210,1.1310,0.3750,-0.1610,296.112760,39.611599,13.789
7777522,K04415.01,,FALSE POSITIVE,FALSE POSITIVE,0.0000,0,1,1,1,0.885129679,6.0610000e-06,-6.0610000e-06,131.8827400,6.370000e-03,-6.370000e-03,0.6510,0.0400,-0.5070,3.15600,0.17200,-0.17200,1.7730e+02,1.050e+01,-1.050e+01,1.21,3.800e-01,-1.000e-01,1780.0,,,2373.06,2198.28,-623.67,21.20,1,q1_q17_dr25_tce,5792.00,172.00,-190.00,4.547,0.037,-0.213,0.8640,0.2670,-0.0710,298.874180,43.440891,15.766
9305012,K04416.01,,FALSE POSITIVE,FALSE POSITIVE,,1,0,0,0,56.898749000,2.1180000e-03,-2.1180000e-03,160.0479000,2.910000e-02,-2.910000e-02,0.4491,0.0915,-0.4488,3.52200,0.60700,-0.60700,5.1400e+02,1.020e+02,-1.020e+02,6.33,1.090e+00,-1.920e+00,1107.0,,,355.22,190.19,-209.85,6.20,,,9189.00,261.00,-385.00,3.864,0.238,-0.099,2.6920,0.4620,-0.8160,299.836640,45.780731,11.960
9597729,K04417.01,,FALSE POSITIVE,FALSE POSITIVE,0.0000,1,1,1,0,0.438153876,5.9400000e-07,-5.9400000e-07,131.5167000,1.180000e-03,-1.180000e-03,1.1240,0.8130,-0.1090,1.38850,0.07430,-0.07430,1.6480e+02,6.500e+00,-6.500e+00,14.00,4.190e+00,-1.400e+00,2407.0,,,8008.07,7021.63,-2333.55,33.40,2,q1_q17_dr25_tce,6032.00,162.00,-198.00,4.508,0.039,-0.208,0.9290,0.2780,-0.0930,295.547550,46.287682,14.840
11390109,K04210.01,,FALSE POSITIVE,FALSE POSITIVE,,1,0,0,0,398.409570000,1.1130000e-02,-1.1130000e-02,178.4393000,2.040000e-02,-2.040000e-02,0.1165,0.3686,-0.1164,11.48600,0.96000,-0.96000,8.8030e+02,8.760e+01,-8.760e+01,3.33,1.920e+00,-3.700e-01,279.0,,,1.44,2.50,-0.45,11.00,,,6251.00,157.00,-203.00,4.378,0.075,-0.328,1.1190,0.6450,-0.1250,284.228790,49.294189,15.244
5078025,K04211.01,,FALSE POSITIVE,FALSE POSITIVE,0.0000,1,0,1,1,0.696286519,3.9720000e-06,-3.9720000e-06,131.8782400,4.020000e-03,-4.020000e-03,0.9850,0.0260,-0.7280,3.19400,0.22000,-0.22000,1.2080e+02,6.500e+00,-6.500e+00,1.34,4.200e-01,-1.100e-01,1969.0,,,3537.89,3305.16,-886.14,19.70,1,q1_q17_dr25_tce,5904.00,160.00,-178.00,4.543,0.039,-0.221,0.8670,0.2760,-0.0690,283.723790,40.237560,15.034
1724719,K04212.01,Kepler-1569 b,CONFIRMED,CANDIDATE,0.9560,0,0,0,0,5.791799340,3.3500000e-05,-3.3500000e-05,133.3581400,5.270000e-03,-5.270000e-03,0.8960,0.0640,-0.7020,3.47400,0.13200,-0.13200,1.1850e+02,7.200e+00,-7.200e+00,1.69,3.100e-01,-2.600e-01,1222.0,,,528.14,248.86,-168.22,17.70,1,q1_q17_dr25_tce,6174.00,74.00,-86.00,4.244,0.125,-0.125,1.3180,0.2430,-0.1990,292.204710,37.221218,13.960
8120608,K00571.05,Kepler-186 f,CONFIRMED,CANDIDATE,0.6770,0,0,0,0,129.945392000,1.5560000e-03,-1.5560000e-03,176.8228500,8.820000e-03,-8.820000e-03,0.9090,0.0400,-0.6950,5.78600,0.29300,-0.29300,5.0010e+02,4.040e+01,-4.040e+01,1.18,1.100e-01,-1.400e-01,177.0,,,0.23,0.07,-0.06,13.10,5,q1_q17_dr25_tce,3751.00,75.00,-84.00,4.800,0.065,-0.035,0.4430,0.0400,-0.0530,298.652710,43.955021,14.625
11968463,K02433.04,,CANDIDATE,CANDIDATE,0.6380,0,0,0,0,27.904051100,4.0180000e-04,-4.0180000e-04,154.9434000,1.080000e-02,-1.080000e-02,0.8540,0.0150,-0.5930,5.34600,0.26200,-0.26200,3.0020e+02,2.430e+01,-2.430e+01,2.19,7.700e-01,-2.500e-01,677.0,,,49.53,50.93,-16.83,12.80,4,q1_q17_dr25_tce,6325.00,174.00,-261.00,4.409,0.058,-0.218,1.1120,0.3880,-0.1290,294.338470,50.336540,15.212
5026326,K04280.01,,FALSE POSITIVE,FALSE POSITIVE,0.0000,0,0,1,0,1.397725450,1.3210000e-05,-1.3210000e-05,132.3377000,9.360000e-03,-9.360000e-03,0.6440,0.0470,-0.4780,4.12900,0.22100,-0.22100,1.8130e+02,1.070e+01,-1.070e+01,1.58,4.900e-01,-2.200e-01,1763.0,,,2275.72,2176.07,-820.03,17.90,1,q1_q17_dr25_tce,6006.00,190.00,-232.00,4.380,0.090,-0.210,1.1140,0.3500,-0.1500,295.671880,40.180370,15.012
5471574,K02505.02,,FALSE POSITIVE,FALSE POSITIVE,,0,1,0,1,12.424669700,2.9410000e-04,-2.9410000e-04,134.0396000,2.270000e-02,-2.270000e-02,1.9583,0.0179,-0.0121,44.07000,1.60000,-1.60000,4.2400e+02,9.600e+00,-9.600e+00,168.91,8.095e+01,-4.717e+01,1099.0,,,344.80,492.11,-190.03,116.90,3,q1_q17_dr24_tce,6550.00,172.00,-235.00,4.094,0.232,-0.257,1.5900,0.7620,-0.4440,297.688810,40.643661,13.398
5512580,K04281.01,,FALSE POSITIVE,FALSE POSITIVE,,1,0,0,0,383.008060000,1.3540000e-02,-1.3540000e-02,281.6723000,3.580000e-02,-3.580000e-02,0.0358,0.4452,-0.0358,9.71000,1.50000,-1.50000,6.3210e+02,9.430e+01,-9.430e+01,2.20,7.300e-01,-1.700e-01,235.0,,,0.72,0.73,-0.17,7.60,,,5750.00,165.00,-164.00,4.538,0.028,-0.250,0.8820,0.2960,-0.0670,283.729550,40.789028,15.371
11670599,K04282.01,,FALSE POSITIVE,FALSE POSITIVE,0.0000,0,0,1,0,0.847588864,3.3340000e-06,-3.3340000e-06,131.5597100,2.780000e-03,-2.780000e-03,0.5070,0.0460,-0.4280,2.24600,0.11000,-0.11000,6.7100e+01,3.800e+00,-3.800e+00,0.91,2.900e-01,-1.000e-01,2144.0,,,5000.82,4648.42,-1516.33,21.30,1,q1_q17_dr25_tce,6335.00,150.00,-206.00,4.427,0.056,-0.224,1.0720,0.3490,-0.1160,296.124570,49.726669,14.263
6359820,K04283.01,,FALSE POSITIVE,FALSE POSITIVE,,1,0,0,0,331.815340000,3.4220000e-02,-3.4220000e-02,347.0408000,3.920000e-02,-3.920000e-02,0.1599,0.3291,-0.1595,10.56000,2.30000,-2.30000,3.7030e+02,7.080e+01,-7.080e+01,1.84,6.700e-01,-1.600e-01,267.0,,,1.20,1.26,-0.32,7.80,,,6029.00,151.00,-188.00,4.494,0.042,-0.268,0.9560,0.3500,-0.0840,290.357060,41.761620,15.027
11872139,K04350.01,,FALSE POSITIVE,FALSE POSITIVE,0.0000,0,0,0,1,1.756493460,1.7190000e-05,-1.7190000e-05,132.0108700,9.360000e-03,-9.360000e-03,0.2420,0.2340,-0.2420,3.42900,0.31800,-0.31800,2.7500e+01,2.400e+00,-2.400e+00,1.62,2.800e-01,-8.400e-01,2745.0,,,13425.76,7168.27,-10763.11,13.30,1,q1_q17_dr25_tce,6619.00,182.00,-250.00,3.718,0.501,-0.088,3.0500,0.5280,-1.5830,295.777680,50.149025,13.306
5436161,K04351.01,,CANDIDATE,CANDIDATE,,0,0,0,0,0.644322147,2.8200000e-07,-2.8200000e-07,131.9549070,3.680000e-04,-3.680000e-04,1.3275,0.4860,-0.0964,0.89300,0.02940,-0.02940,1.0766e+03,1.820e+01,-1.820e+01,24.39,2.480e+00,-1.630e+00,1592.0,,,1516.94,570.99,-343.14,79.60,,,5136.00,165.00,-149.00,4.648,0.052,-0.054,0.6120,0.0620,-0.0410,287.759160,40.657040,14.999
2708221,K04352.01,,FALSE POSITIVE,FALSE POSITIVE,0.0000,0,0,1,1,1.891250100,2.8430000e-05,-2.8430000e-05,132.6923000,1.710000e-02,-1.710000e-02,1.2400,0.9550,-0.1950,7.64800,0.31500,-0.31500,7.3100e+02,2.740e+01,-2.740e+01,23.50,1.650e+00,-2.490e+00,1159.0,,,427.26,136.01,-131.77,31.60,1,q1_q17_dr25_tce,4883.00,174.00,-174.00,4.523,0.078,-0.045,0.7940,0.0560,-0.0840,290.303710,37.924191,16.159
4571844,K04353.01,,CANDIDATE,CANDIDATE,1.0000,0,0,0,0,17.807565600,8.3240000e-04,-8.3240000e-04,146.8832300,6.230000e-03,-6.230000e-03,0.4740,0.0010,-0.4730,1.64300,0.15000,-0.15000,1.5110e+03,1.620e+02,-1.620e+02,3.92,1.200e+00,-5.100e-01,742.0,,,71.56,66.53,-25.40,11.80,1,q1_q17_dr25_tce,6194.00,197.00,-241.00,4.450,0.070,-0.210,0.9810,0.2990,-0.1280,294.421260,39.628471,15.574
5040223,K04354.01,,FALSE POSITIVE,FALSE POSITIVE,0.0000,0,0,1,0,0.996023763,6.7670000e-06,-6.7670000e-06,132.1661300,5.640000e-03,-5.640000e-03,1.1470,0.3410,-0.1630,5.41200,0.46100,-0.46100,9.8300e+01,5.900e+00,-5.900e+00,18.36,5.970e+00,-2.560e+00,1991.0,,,3727.96,3683.65,-1333.18,21.30,1,q1_q17_dr25_tce,6110.00,193.00,-214.00,4.387,0.090,-0.210,1.0770,0.3500,-0.1500,298.566680,40.128239,14.705
4571004,K04355.01,,FALSE POSITIVE,FALSE POSITIVE,,1,0,1,0,36.616669000,4.2200000e-03,-4.2200000e-03,156.0010000,1.110000e-01,-1.110000e-01,0.3646,0.0754,-0.3646,8.62000,1.60000,-1.60000,2.3740e+02,5.350e+01,-5.350e+01,1.68,0.000e+00,0.000e+00,548.0,,,21.35,0.00,0.00,3.40,,,5780.00,,,4.438,,,1.0000,,,294.207860,39.680115,13.482
2859893,K04418.01,,CANDIDATE,CANDIDATE,,0,0,0,0,333.038420000,1.0640000e-02,-1.0640000e-02,220.9235000,2.620000e-02,-2.620000e-02,0.2184,0.2474,-0.2184,5.94800,0.68500,-0.68500,1.2600e+03,2.210e+02,-2.210e+02,3.19,1.160e+00,-2.600e-01,247.0,,,0.89,0.96,-0.23,7.00,,,5743.00,171.00,-183.00,4.534,0.028,-0.273,0.9030,0.3280,-0.0720,293.014890,38.012402,15.954
6026737,K02949.02,,CANDIDATE,CANDIDATE,0.7570,0,0,0,0,3.750304690,4.4170000e-05,-4.4170000e-05,134.8062800,7.890000e-03,-7.890000e-03,0.7700,0.0310,-0.5380,3.24600,0.25800,-0.25800,3.5500e+01,3.800e+00,-3.800e+00,0.87,1.400e-01,-1.600e-01,1374.0,,,842.07,366.16,-333.86,10.30,2,q1_q17_dr25_tce,5866.00,105.00,-117.00,4.191,0.162,-0.108,1.3390,0.2090,-0.2560,285.875790,41.332432,13.313
7582691,K04419.01,,CANDIDATE,CANDIDATE,1.0000,0,0,0,0,0.259819659,4.0400000e-07,-4.0400000e-07,131.8506100,1.370000e-03,-1.370000e-03,0.9720,0.0410,-0.7240,0.65130,0.05770,-0.05770,2.3150e+02,1.280e+01,-1.280e+01,1.22,8.000e-02,-8.000e-02,1559.0,,,1410.90,285.54,-257.11,24.10,1,q1_q17_dr25_tce,3939.00,55.00,-62.00,4.736,0.028,-0.035,0.5260,0.0350,-0.0350,281.116460,43.282440,15.174
7031942,K04420.01,,FALSE POSITIVE,FALSE POSITIVE,0.0000,1,0,1,1,0.566795467,4.4980000e-06,-4.4980000e-06,131.8400000,7.290000e-03,-7.290000e-03,0.5040,0.0390,-0.4440,4.71200,0.35500,-0.35500,3.8200e+01,2.800e+00,-2.800e+00,0.67,1.900e-01,-1.300e-01,2254.0,,,6076.99,5067.54,-2497.14,25.80,1,q1_q17_dr25_tce,5642.00,152.00,-152.00,4.337,0.185,-0.185,1.0560,0.3000,-0.2000,291.257780,42.580139,13.867
9836563,K04421.01,,CANDIDATE,CANDIDATE,0.9780,0,0,0,0,4.726931310,7.1160000e-05,-7.1160000e-05,135.2927000,1.280000e-02,-1.280000e-02,0.0650,0.3830,-0.0650,4.03600,0.35500,-0.35500,2.6200e+01,2.600e+00,-2.600e+00,0.61,1.200e-01,-8.000e-02,1203.0,,,495.58,248.36,-142.01,11.50,1,q1_q17_dr25_tce,5950.00,71.00,-83.00,4.323,0.096,-0.144,1.1960,0.2350,-0.1570,294.124880,46.672890,12.788
1724719,K04212.02,,CANDIDATE,CANDIDATE,1.0000,0,0,0,0,10.098963400,1.1710000e-04,-1.1710000e-04,132.3351000,8.410000e-03,-8.410000e-03,0.5290,0.4350,-0.3250,6.42800,0.47200,-0.47200,5.7000e+01,7.200e+00,-7.200e+00,1.03,1.800e-01,-1.600e-01,1016.0,,,251.36,118.44,-80.06,8.90,2,q1_q17_dr25_tce,6174.00,74.00,-86.00,4.244,0.125,-0.125,1.3180,0.2430,-0.1990,292.204710,37.221218,13.960
5632701,K04213.01,,FALSE POSITIVE,FALSE POSITIVE,0.0000,0,0,1,1,3.675153290,4.6170000e-05,-4.6170000e-05,131.6810000,1.310000e-02,-1.310000e-02,0.7300,0.2390,-0.4910,7.08300,0.32000,-0.32000,5.6000e+01,3.800e+00,-3.800e+00,0.71,9.000e-02,-4.000e-02,1150.0,,,414.64,135.39,-59.92,16.70,1,q1_q17_dr25_tce,5968.00,77.00,-83.00,4.534,0.022,-0.093,0.8810,0.1080,-0.0430,295.420470,40.842659,13.997
10549924,K04214.01,,FALSE POSITIVE,FALSE POSITIVE,0.0080,0,0,1,0,0.715825886,3.4350000e-06,-3.4350000e-06,132.0642800,3.710000e-03,-3.710000e-03,0.0990,0.3510,-0.0990,1.21200,0.13300,-0.13300,4.0600e+01,4.600e+00,-4.600e+00,0.58,1.500e-01,-7.000e-02,1920.0,,,3196.46,2503.74,-949.10,11.00,1,q1_q17_dr25_tce,5640.00,152.00,-152.00,4.486,0.075,-0.175,0.9090,0.2420,-0.1040,297.220460,47.748249,13.467
9366617,K04215.01,Kepler-1570 b,CONFIRMED,CANDIDATE,0.8680,0,0,0,0,26.548729400,3.5560000e-04,-3.5560000e-04,137.2440100,9.260000e-03,-9.260000e-03,0.2100,0.2450,-0.2100,7.96800,0.27000,-0.27000,1.4200e+02,1.060e+01,-1.060e+01,2.54,9.900e-01,-1.600e+00,836.0,,,115.61,139.52,-101.58,15.30,1,q1_q17_dr25_tce,5456.00,191.00,-172.00,3.802,0.690,-0.230,2.1540,0.8330,-1.3540,299.861820,45.827351,13.961
6187341,K04216.01,,FALSE POSITIVE,FALSE POSITIVE,1.0000,0,1,0,0,0.492291661,3.5100000e-07,-3.5100000e-07,132.3930120,6.470000e-04,-6.470000e-04,0.9570,0.2010,-0.5300,0.89400,0.10400,-0.10400,1.1076e+03,2.990e+01,-2.990e+01,3.42,3.400e-01,-3.400e-01,1788.0,,,2415.37,945.34,-722.67,62.00,1,q1_q17_dr25_tce,4971.00,176.00,-176.00,4.566,0.072,-0.048,0.7180,0.0720,-0.0720,285.256160,41.595589,15.986
3353454,K07654.01,,FALSE POSITIVE,FALSE POSITIVE,0.0100,1,0,1,0,1.691193500,5.8710000e-04,-5.8710000e-04,132.9332300,6.700000e-03,-6.700000e-03,0.9030,0.0510,-0.1300,9.47900,0.76300,-0.76300,2.8010e+03,1.510e+02,-1.510e+02,6.36,0.000e+00,0.000e+00,1528.0,,,1292.50,0.00,0.00,26.70,1,q1_q17_dr25_tce,5780.00,,,4.438,,,1.0000,,,294.250790,38.404236,12.950
10156055,K04284.01,,FALSE POSITIVE,FALSE POSITIVE,0.0000,0,0,1,1,2.428035030,4.1900000e-05,-4.1900000e-05,133.5931000,1.480000e-02,-1.480000e-02,0.0570,0.3990,-0.0570,3.04500,0.51300,-0.51300,7.3800e+01,1.040e+01,-1.040e+01,0.85,2.400e-01,-7.000e-02,1516.0,,,1249.87,1047.72,-307.98,8.80,1,q1_q17_dr25_tce,6609.00,157.00,-196.00,4.484,0.036,-0.204,0.9740,0.2860,-0.0760,296.990170,47.130661,14.049
8418018,K04285.01,,FALSE POSITIVE,FALSE POSITIVE,,1,0,0,0,372.948440000,1.7160000e-02,-1.7160000e-02,217.8357000,2.120000e-02,-2.120000e-02,0.4268,0.0215,-0.4211,13.87900,0.88800,-0.88800,2.5350e+02,2.910e+01,-2.910e+01,1.34,5.800e-01,-1.100e-01,233.0,,,0.70,0.92,-0.16,17.10,,,5763.00,154.00,-144.00,4.559,0.032,-0.300,0.8270,0.3650,-0.0650,286.227080,44.430328,13.962
5024177,K04286.01,,FALSE POSITIVE,FALSE POSITIVE,0.0000,0,1,1,1,0.787120016,1.7910000e-06,-1.7910000e-06,131.7393900,1.900000e-03,-1.900000e-03,1.2630,0.6680,-0.0340,3.16480,0.09460,-0.09460,2.6550e+02,7.300e+00,-7.300e+00,23.81,2.810e+00,-3.120e+00,1972.0,,,3579.78,1514.49,-1214.25,43.30,1,q1_q17_dr25_tce,6112.00,201.00,-201.00,4.481,0.150,-0.100,0.7870,0.0930,-0.1030,295.281100,40.132858,14.964
11081504,K04287.01,,CANDIDATE,CANDIDATE,1.0000,0,0,0,0,13.122972750,9.2920000e-05,-9.2920000e-05,136.0888200,5.770000e-03,-5.770000e-03,0.8850,0.0330,-0.6040,2.23400,0.18200,-0.18200,4.3700e+01,4.000e+00,-4.000e+00,1.29,2.200e-01,-2.800e-01,1030.0,,,266.05,132.55,-114.97,12.90,1,q1_q17_dr25_tce,6134.00,124.00,-124.00,4.065,0.182,-0.098,1.6650,0.2930,-0.3580,290.458310,48.661369,11.265
4548011,K04288.01,Kepler-1581 b,CONFIRMED,CANDIDATE,0.9990,0,0,0,0,6.283840790,4.8810000e-05,-4.8810000e-05,133.2051300,7.040000e-03,-7.040000e-03,0.1010,0.3620,-0.1010,4.29100,0.16700,-0.16700,3.5700e+01,2.600e+00,-2.600e+00,0.73,1.200e-01,-1.100e-01,1108.0,,,356.49,166.10,-121.65,14.90,1,q1_q17_dr25_tce,5888.00,105.00,-129.00,4.275,0.144,-0.108,1.2270,0.2070,-0.1860,287.371250,39.603569,12.400
4571004,K04355.02,,FALSE POSITIVE,FALSE POSITIVE,,1,0,0,0,21.131609000,1.1350000e-03,-1.1350000e-03,139.7493000,8.100000e-02,-8.100000e-02,0.0731,0.3612,-0.0731,13.66000,4.50000,-4.50000,7.3500e+01,1.860e+01,-1.860e+01,0.94,0.000e+00,0.000e+00,659.0,,,44.45,0.00,0.00,6.50,,,5780.00,,,4.438,,,1.0000,,,294.207860,39.680115,13.482
4571004,K04355.03,,FALSE POSITIVE,FALSE POSITIVE,,1,0,0,0,81.675841000,6.9750000e-03,-6.9750000e-03,158.9694000,6.310000e-02,-6.310000e-02,0.3455,0.0935,-0.3455,11.53000,1.60000,-1.60000,1.4340e+02,2.430e+01,-2.430e+01,1.31,0.000e+00,0.000e+00,420.0,,,7.33,0.00,0.00,7.00,,,5780.00,,,4.438,,,1.0000,,,294.207860,39.680115,13.482
4571004,K04355.04,,FALSE POSITIVE,FALSE POSITIVE,,1,0,0,0,28.546357400,6.6490000e-04,-6.6490000e-04,159.2763000,1.750000e-02,-1.750000e-02,0.2411,0.2092,-0.2411,9.29000,1.30000,-1.30000,1.5330e+02,1.940e+01,-1.940e+01,1.35,0.000e+00,0.000e+00,596.0,,,29.76,0.00,0.00,10.10,,,5780.00,,,4.438,,,1.0000,,,294.207860,39.680115,13.482
12016267,K02590.02,,CANDIDATE,CANDIDATE,0.5360,0,0,0,0,22.790923300,2.7830000e-04,-2.7830000e-04,134.4333000,1.110000e-02,-1.110000e-02,0.8710,0.0640,-0.6620,9.56500,0.31700,-0.31700,5.3600e+01,3.000e+00,-3.000e+00,1.38,2.500e-01,-3.000e-01,862.0,,,130.75,64.19,-56.99,19.40,1,q1_q17_dr25_tce,6311.00,113.00,-126.00,4.116,0.168,-0.112,1.6420,0.2930,-0.3580,293.507020,50.450119,11.638
4571004,K04355.05,,FALSE POSITIVE,FALSE POSITIVE,,1,0,0,0,72.563291000,1.6410000e-03,-1.6410000e-03,202.0235000,1.480000e-02,-1.480000e-02,0.4863,0.0380,-0.4505,3.08800,0.35200,-0.35200,3.3230e+02,4.090e+01,-4.090e+01,1.99,0.000e+00,0.000e+00,436.0,,,8.58,0.00,0.00,6.40,,,5780.00,,,4.438,,,1.0000,,,294.207860,39.680115,13.482
8459663,K04356.01,Kepler-1593 b,CONFIRMED,CANDIDATE,0.9760,0,0,0,0,174.510276000,2.1480000e-03,-2.1480000e-03,201.4705600,9.660000e-03,-9.660000e-03,0.0240,0.4130,-0.0240,6.68900,0.34500,-0.34500,1.5300e+03,1.150e+02,-1.150e+02,1.74,1.400e-01,-2.000e-01,186.0,,,0.28,0.09,-0.09,14.80,1,q1_q17_dr25_tce,4367.00,124.00,-155.00,4.822,0.060,-0.054,0.4520,0.0380,-0.0520,300.488160,44.460670,15.873
3550372,K04357.01,,CANDIDATE,CANDIDATE,1.0000,0,0,0,0,0.681180633,1.6550000e-06,-1.6550000e-06,131.6345900,2.070000e-03,-2.070000e-03,0.3100,0.1370,-0.3100,0.88440,0.08340,-0.08340,1.5640e+02,1.220e+01,-1.220e+01,2.97,7.800e-01,-2.600e-01,2782.0,,,14116.16,9945.02,-2786.12,16.60,1,q1_q17_dr25_tce,4939.00,81.00,-44.00,3.635,0.096,-0.144,2.3770,0.6270,-0.2090,292.907710,38.683090,15.069
10155321,K04422.01,,FALSE POSITIVE,FALSE POSITIVE,,1,0,0,0,15.705388000,2.5950000e-04,-2.5950000e-04,135.0768000,1.290000e-02,-1.290000e-02,0.6449,0.3163,-0.4243,4.87100,0.51100,-0.51100,2.8370e+02,3.050e+01,-3.050e+01,3.30,2.060e+00,-5.400e-01,1181.0,,,459.41,916.33,-187.14,10.60,,,7454.00,237.00,-310.00,4.107,0.097,-0.358,1.8530,1.1590,-0.3000,296.772710,47.158539,13.362
3866536,K04423.01,,FALSE POSITIVE,FALSE POSITIVE,0.0000,1,0,0,0,7.652707460,6.5440000e-05,-6.5440000e-05,134.4603800,6.190000e-03,-6.190000e-03,0.9700,0.8790,-0.9420,79.89690,0.00000,0.00000,6.4110e+02,4.290e+01,-4.290e+01,3.21,9.700e-01,-3.200e-01,989.0,,,226.81,195.16,-64.34,254.30,1,q1_q17_dr25_tce,6328.00,151.00,-189.00,4.481,0.050,-0.200,0.9630,0.2900,-0.0970,295.502110,38.983540,13.099
7046035,K04424.01,Kepler-1603 b,CONFIRMED,CANDIDATE,0.9850,0,0,0,0,2.271649520,2.1050000e-05,-2.1050000e-05,131.8260100,7.310000e-03,-7.310000e-03,0.0100,0.4520,-0.0100,4.05400,0.19600,-0.19600,8.2400e+01,7.600e+00,-7.600e+00,0.97,3.300e-01,-1.100e-01,1522.0,,,1269.46,1273.29,-414.95,12.70,1,q1_q17_dr25_tce,6274.00,174.00,-240.00,4.434,0.056,-0.224,1.0620,0.3610,-0.1200,295.329830,42.534962,15.332
4679314,K04425.01,,FALSE POSITIVE,FALSE POSITIVE,0.0010,0,0,1,0,3.848357420,3.3110000e-05,-3.3110000e-05,133.2564900,6.940000e-03,-6.940000e-03,0.6710,0.2520,-0.4260,10.18000,0.22400,-0.22400,8.4200e+01,2.900e+00,-2.900e+00,0.77,2.100e-01,-6.000e-02,1051.0,,,288.62,220.58,-72.71,32.80,1,q1_q17_dr25_tce,5709.00,154.00,-154.00,4.570,0.042,-0.168,0.7980,0.2070,-0.0690,297.505620,39.756802,13.656
8240790,K04426.01,,CANDIDATE,CANDIDATE,,0,0,0,0,369.132360000,2.6490000e-02,-2.6490000e-02,235.5195000,2.740000e-02,-2.740000e-02,0.0824,0.3649,-0.0823,10.34000,0.89900,-0.89900,2.1590e+02,2.690e+01,-2.690e+01,2.14,1.130e+00,-5.500e-01,328.0,,,2.73,4.33,-1.42,11.90,,,6282.00,167.00,-209.00,4.151,0.224,-0.268,1.4490,0.7620,-0.3740,294.450380,44.166779,13.665
5702637,K04217.01,,FALSE POSITIVE,FALSE POSITIVE,,0,0,1,0,1.038896100,1.1430000e-05,-1.1430000e-05,132.3784900,8.360000e-03,-8.360000e-03,1.7017,0.2795,-0.3892,4.75500,0.57300,-0.57300,6.0080e+02,5.470e+01,-5.470e+01,114.10,8.712e+01,-1.668e+01,2494.0,,,9145.54,22350.48,-3396.50,14.70,1,q1_q16_tce,7043.00,182.00,-256.00,4.264,0.071,-0.422,1.4500,1.1070,-0.2120,290.866060,40.901581,12.114
8309169,K04218.01,,FALSE POSITIVE,FALSE POSITIVE,,1,0,0,0,293.768870000,1.4130000e-02,-1.4130000e-02,257.9779000,3.570000e-02,-3.570000e-02,0.7530,0.2070,-0.4046,4.68000,1.10000,-1.10000,4.6200e+02,1.270e+02,-1.270e+02,1.97,8.600e-01,-1.700e-01,271.0,,,1.28,1.65,-0.33,4.00,,,6074.00,174.00,-176.00,4.522,0.049,-0.300,0.8470,0.3650,-0.0750,295.155460,44.294861,15.099
4678919,K04219.01,,FALSE POSITIVE,FALSE POSITIVE,0.0000,0,0,1,1,1.878853270,2.1880000e-05,-2.1880000e-05,133.0886100,9.820000e-03,-9.820000e-03,0.5130,0.4300,-0.3100,3.30200,0.32300,-0.32300,1.2090e+02,1.260e+01,-1.260e+01,0.97,2.900e-01,-9.000e-02,1406.0,,,922.49,766.00,-248.32,12.10,1,q1_q17_dr25_tce,5851.00,139.00,-157.00,4.534,0.050,-0.200,0.8630,0.2510,-0.0840,297.427430,39.781139,13.689
5563080,K04220.01,,FALSE POSITIVE,FALSE POSITIVE,0.0000,0,1,1,0,0.785473311,8.8400000e-07,-8.8400000e-07,131.8615480,9.100000e-04,-9.100000e-04,0.3890,0.0910,-0.3890,1.39110,0.02960,-0.02960,3.3960e+02,6.900e+00,-6.900e+00,1.61,3.000e-01,-2.200e-01,1769.0,,,2325.64,1380.11,-793.02,57.00,1,q1_q17_dr25_tce,5356.00,175.00,-159.00,4.466,0.100,-0.125,0.8710,0.1600,-0.1200,298.923610,40.749538,14.333
6364067,K04221.01,,FALSE POSITIVE,FALSE POSITIVE,0.0000,0,0,1,1,5.243898200,1.0180000e-04,-1.0180000e-04,132.6882000,2.480000e-02,-2.480000e-02,0.6440,0.3020,-0.4090,7.88100,0.43200,-0.43200,1.6220e+02,7.500e+00,-7.500e+00,1.24,3.600e-01,-1.600e-01,1026.0,,,262.14,231.56,-86.95,18.70,1,q1_q17_dr25_tce,5804.00,172.00,-190.00,4.473,0.078,-0.195,0.9270,0.2730,-0.1170,291.826900,41.709900,15.563
4548011,K04288.02,,CANDIDATE,CANDIDATE,0.9540,0,0,0,0,9.087452060,8.1940000e-05,-8.1940000e-05,139.9922200,7.670000e-03,-7.670000e-03,0.3410,0.1120,-0.3410,3.78600,0.20200,-0.20200,3.5100e+01,3.200e+00,-3.200e+00,0.73,1.200e-01,-1.100e-01,980.0,,,217.95,101.55,-74.37,11.70,2,q1_q17_dr25_tce,5888.00,105.00,-129.00,4.275,0.144,-0.108,1.2270,0.2070,-0.1860,287.371250,39.603569,12.400
5983532,K04289.01,,FALSE POSITIVE,FALSE POSITIVE,,0,1,1,0,441.877824000,7.1770000e-03,-7.1770000e-03,251.7780000,1.090000e-02,-1.090000e-02,1.5335,0.4353,-0.3001,6.64700,0.72000,-0.72000,1.3000e+03,1.310e+02,-1.310e+02,39.55,3.360e+00,-3.920e+00,158.0,,,0.15,0.05,-0.04,15.20,,,4437.00,133.00,-129.00,4.629,0.054,-0.030,0.6350,0.0540,-0.0630,297.780120,41.209229,15.050
3439126,K07655.01,,FALSE POSITIVE,FALSE POSITIVE,0.0000,0,0,0,1,2.976150400,1.3450000e-04,-1.3450000e-04,132.9276000,4.100000e-02,-4.100000e-02,0.0640,0.3950,-0.0640,6.07900,0.86700,-0.86700,2.5950e+02,3.810e+01,-3.810e+01,1.02,4.000e-02,-9.000e-02,811.0,,,102.54,23.03,-28.76,8.30,3,q1_q17_dr25_tce,4236.00,129.00,-142.00,4.612,0.052,-0.017,0.6640,0.0280,-0.0610,290.157230,38.524380,15.104
8463346,K02529.02,Kepler-436 b,CONFIRMED,CANDIDATE,0.9970,0,0,0,0,64.001966900,6.2150000e-04,-6.2150000e-04,132.6177900,6.880000e-03,-6.880000e-03,0.7010,0.0130,-0.5260,4.72400,0.23100,-0.23100,1.1125e+03,8.390e+01,-8.390e+01,2.48,1.200e-01,-1.100e-01,322.0,,,2.55,0.44,-0.38,14.20,2,q1_q17_dr25_tce,4652.00,74.00,-83.00,4.617,0.020,-0.032,0.6970,0.0340,-0.0300,301.720760,44.412060,15.856
5868793,K04290.01,Kepler-1582 b,CONFIRMED,CANDIDATE,0.9140,0,0,0,0,4.838094690,8.7970000e-05,-8.7970000e-05,135.1562000,1.070000e-02,-1.070000e-02,0.0140,0.4380,-0.0140,1.09600,0.13500,-0.13500,1.5440e+03,1.690e+02,-1.690e+02,0.79,1.200e-01,-1.200e-01,354.0,,,3.70,1.58,-1.31,11.30,1,q1_q17_dr25_tce,3187.00,62.00,-88.00,5.091,0.010,-0.010,0.2000,0.0300,-0.0300,289.376680,41.158672,17.058
8483021,K04291.01,,FALSE POSITIVE,FALSE POSITIVE,,1,0,0,0,361.914360000,5.1010000e-02,-5.1010000e-02,241.7138000,2.310000e-02,-2.310000e-02,0.6901,0.2651,-0.4772,8.68000,1.20000,-1.20000,2.2820e+02,3.270e+01,-3.270e+01,1.84,7.600e-01,-2.900e-01,297.0,,,1.84,2.28,-0.72,13.00,,,6247.00,192.00,-231.00,4.309,0.139,-0.251,1.1470,0.4690,-0.1840,286.407230,44.527355,13.971
10063208,K04292.01,Kepler-1583 b,CONFIRMED,CANDIDATE,0.9950,0,0,0,0,9.328191200,1.0210000e-04,-1.0210000e-04,132.8545900,9.930000e-03,-9.930000e-03,0.0440,0.4000,-0.0440,3.99100,0.24900,-0.24900,4.5200e+01,3.800e+00,-3.800e+00,0.59,9.000e-02,-3.000e-02,788.0,,,91.02,37.13,-13.94,13.70,1,q1_q17_dr25_tce,5525.00,74.00,-82.00,4.514,0.032,-0.128,0.8880,0.1380,-0.0460,286.386930,47.016628,12.897
7191646,K04358.01,,CANDIDATE,CANDIDATE,0.9480,0,0,0,0,106.957467000,2.1690000e-03,-2.1690000e-03,224.9874000,1.320000e-02,-1.320000e-02,0.7050,0.0020,-0.5380,7.00600,0.50300,-0.50300,5.3960e+02,5.470e+01,-5.470e+01,2.40,7.500e-01,-2.400e-01,394.0,,,5.70,5.34,-1.72,11.70,1,q1_q17_dr25_tce,6075.00,189.00,-210.00,4.486,0.054,-0.216,0.9690,0.3000,-0.1000,289.083130,42.704140,15.716
1575873,K04359.01,,FALSE POSITIVE,FALSE POSITIVE,1.0000,0,0,1,0,0.629001455,4.5700000e-06,-4.5700000e-06,131.5566200,6.430000e-03,-6.430000e-03,0.3650,0.1040,-0.3650,1.26300,0.20200,-0.20200,1.4700e+01,2.000e+00,-2.000e+00,0.81,1.700e-01,-2.400e-01,3375.0,,,30567.67,18880.37,-17052.93,9.40,1,q1_q17_dr25_tce,6739.00,161.00,-202.00,3.948,0.259,-0.111,2.0590,0.4390,-0.6040,291.926360,37.101292,11.283
10669994,K04360.01,Kepler-1594 b,CONFIRMED,CANDIDATE,0.9950,0,0,0,0,2.716036640,1.4050000e-05,-1.4050000e-05,132.3596200,4.410000e-03,-4.410000e-03,0.4400,0.5130,-0.2420,1.74400,0.12500,-0.12500,9.8500e+01,8.700e+00,-8.700e+00,1.05,1.400e-01,-6.000e-02,1360.0,,,807.43,278.79,-137.87,13.10,1,q1_q17_dr25_tce,6011.00,72.00,-90.00,4.452,0.026,-0.104,1.0410,0.1380,-0.0640,293.623080,47.961910,14.801
7801070,K04361.01,,CANDIDATE,CANDIDATE,0.9740,0,0,0,0,75.878134400,3.5490000e-04,-3.5490000e-04,194.6776200,4.680000e-03,-4.680000e-03,0.7050,0.2660,-0.4750,1.38300,0.18000,-0.18000,1.0540e+03,1.200e+02,-1.200e+02,3.39,9.100e-01,-4.900e-01,417.0,,,7.18,5.81,-2.53,11.90,1,q1_q17_dr25_tce,5579.00,166.00,-166.00,4.413,0.120,-0.180,0.9720,0.2610,-0.1410,282.163640,43.510132,15.183
11449918,K04362.01,,FALSE POSITIVE,FALSE POSITIVE,,1,0,0,0,374.590030000,8.5950000e-02,-8.5950000e-02,303.4857000,9.400000e-02,-9.400000e-02,0.0624,0.4267,-0.0622,15.19000,3.60000,-3.60000,2.6790e+02,5.170e+01,-5.170e+01,1.34,5.500e-01,-1.400e-01,227.0,,,0.62,0.80,-0.16,6.60,,,5497.00,174.00,-139.00,4.508,0.063,-0.258,0.8270,0.3430,-0.0830,288.935970,49.360142,14.878
4172805,K04427.01,,CANDIDATE,CANDIDATE,0.9690,0,0,0,0,147.661729000,1.5010000e-03,-1.5010000e-03,243.9526200,8.290000e-03,-8.290000e-03,0.0020,0.4400,-0.0020,6.20700,0.32300,-0.32300,1.0878e+03,9.390e+01,-9.390e+01,1.59,1.200e-01,-1.400e-01,176.0,,,0.23,0.06,-0.05,13.20,1,q1_q17_dr25_tce,3788.00,76.00,-84.00,4.774,0.036,-0.040,0.4900,0.0370,-0.0410,295.117220,39.274090,15.645
5126182,K04428.01,,CANDIDATE,CANDIDATE,0.9120,0,0,0,0,13.002917160,7.4810000e-05,-7.4810000e-05,132.0230600,5.240000e-03,-5.240000e-03,0.7010,0.0610,-0.4940,3.05800,0.15400,-0.15400,2.2530e+02,1.870e+01,-1.870e+01,1.28,3.500e-01,-1.100e-01,710.0,,,60.11,48.06,-15.53,14.00,1,q1_q17_dr25_tce,5796.00,155.00,-173.00,4.575,0.044,-0.176,0.8000,0.2180,-0.0680,298.293400,40.239632,14.634
3750350,K07665.01,,FALSE POSITIVE,FALSE POSITIVE,0.0000,1,0,0,0,319.306330000,1.5710000e-02,-1.5710000e-02,221.3106000,3.440000e-02,-3.440000e-02,0.0920,0.3630,-0.0920,6.74000,1.10000,-1.10000,1.5520e+02,2.740e+01,-2.740e+01,1.26,4.300e-01,-1.400e-01,279.0,,,1.44,1.44,-0.46,7.20,1,q1_q17_dr25_tce,6095.00,171.00,-214.00,4.459,0.056,-0.224,1.0140,0.3410,-0.1140,292.338840,38.844910,13.327
8949925,K02972.02,,CANDIDATE,CANDIDATE,0.3830,0,0,0,0,42.029229800,8.2460000e-04,-8.2460000e-04,138.8086000,1.500000e-02,-1.500000e-02,0.0150,0.4410,-0.0150,8.49900,0.37100,-0.37100,3.7370e+02,2.760e+01,-2.760e+01,2.33,3.800e-01,-3.100e-01,578.0,,,26.46,11.11,-7.78,14.50,2,q1_q17_dr25_tce,5850.00,70.00,-88.00,4.297,0.120,-0.120,1.2170,0.1990,-0.1630,290.734470,45.297791,15.085
4584865,K04429.01,,FALSE POSITIVE,FALSE POSITIVE,,0,0,1,1,1.752540870,1.9320000e-05,-1.9320000e-05,132.7377500,7.890000e-03,-7.890000e-03,0.5574,0.0007,-0.5021,4.09800,0.41900,-0.41900,4.2500e+01,3.300e+00,-3.300e+00,1.41,4.500e-01,-5.600e-01,2423.0,,,8141.84,7640.51,-5521.16,17.70,1,q1_q17_dr24_tce,6660.00,177.00,-224.00,3.894,0.346,-0.159,2.0740,0.6660,-0.8140,297.160860,39.630070,12.580
9642018,K04430.01,,CANDIDATE,CANDIDATE,0.0000,0,0,0,0,0.505111993,7.1100000e-07,-7.1100000e-07,131.5161400,1.180000e-03,-1.180000e-03,0.8410,0.0590,-0.5730,0.40530,0.06840,-0.06840,2.1280e+02,1.310e+01,-1.310e+01,1.58,2.400e-01,-1.400e-01,1886.0,,,2970.58,1496.34,-737.87,18.70,1,q1_q17_dr25_tce,5262.00,158.00,-142.00,4.590,0.032,-0.104,0.7830,0.1220,-0.0660,288.596830,46.326038,15.544
11968463,K02433.05,,FALSE POSITIVE,FALSE POSITIVE,0.0000,0,1,1,0,0.646745436,3.0910000e-06,-3.0910000e-06,132.0258200,4.000000e-03,-4.000000e-03,0.9420,0.0230,-0.6440,1.18800,0.10100,-0.10100,1.1560e+02,1.030e+01,-1.030e+01,1.49,5.200e-01,-1.700e-01,2373.0,,,7468.24,7679.05,-2537.52,14.30,5,q1_q17_dr25_tce,6325.00,174.00,-261.00,4.409,0.058,-0.218,1.1120,0.3880,-0.1290,294.338470,50.336540,15.212
9183378,K04222.01,Kepler-1571 b,CONFIRMED,CANDIDATE,0.9960,0,0,0,0,3.385574450,1.8740000e-05,-1.8740000e-05,133.9741100,4.360000e-03,-4.360000e-03,0.1290,0.3260,-0.1290,1.87900,0.13600,-0.13600,1.2190e+02,1.120e+01,-1.120e+01,1.63,4.200e-01,-6.400e-01,1476.0,,,1122.90,882.68,-749.25,13.10,1,q1_q17_dr25_tce,5718.00,169.00,-152.00,4.069,0.420,-0.168,1.4800,0.3860,-0.5790,300.935390,45.596539,13.767
11188254,K04223.01,,FALSE POSITIVE,FALSE POSITIVE,,0,0,1,0,2.754024000,5.9670000e-04,-5.9670000e-04,133.7310000,1.760000e-01,-1.760000e-01,0.7277,0.1957,-0.4837,4.15000,0.52900,-0.52900,1.7220e+02,1.680e+01,-1.680e+01,1.68,9.600e-01,-2.400e-01,1553.0,,,1374.41,2440.86,-511.21,13.80,1,q1_q16_tce,6419.00,185.00,-252.00,4.321,0.105,-0.318,1.1880,0.6820,-0.1680,290.643010,48.887501,14.059
1724513,K04224.01,,FALSE POSITIVE,FALSE POSITIVE,0.0000,0,0,1,0,1.975208831,8.2340000e-06,-8.2340000e-06,131.6312700,3.510000e-03,-3.510000e-03,0.5590,0.3870,-0.3370,1.51300,0.12100,-0.12100,7.6300e+01,6.500e+00,-6.500e+00,1.59,2.400e-01,-3.500e-01,2064.0,,,4299.89,1733.32,-1779.24,15.10,1,q1_q17_dr25_tce,6401.00,77.00,-77.00,4.029,0.196,-0.098,1.7440,0.2730,-0.3760,292.164860,37.275742,13.609
9535876,K04225.01,,FALSE POSITIVE,FALSE POSITIVE,0.0000,1,0,1,1,0.960843605,3.6990000e-06,-3.6990000e-06,131.7739000,3.160000e-03,-3.160000e-03,1.1430,0.9510,-0.1260,3.22000,0.19500,-0.19500,1.4170e+02,6.800e+00,-6.800e+00,19.15,5.400e+00,-2.690e+00,1904.0,,,3120.32,2604.65,-1123.24,25.50,1,q1_q17_dr25_tce,5708.00,160.00,-200.00,4.378,0.087,-0.188,1.1290,0.3180,-0.1590,295.557560,46.172241,14.920
5817533,K04293.01,,FALSE POSITIVE,FALSE POSITIVE,0.0000,0,0,1,1,4.206109000,1.0940000e-04,-1.0940000e-04,132.2382000,1.670000e-02,-1.670000e-02,0.6070,0.0070,-0.4890,5.16000,0.53300,-0.53300,1.2000e+02,1.230e+01,-1.230e+01,0.91,1.700e-01,-1.000e-01,999.0,,,235.01,136.80,-71.90,11.90,1,q1_q17_dr25_tce,5480.00,164.00,-164.00,4.522,0.080,-0.120,0.8020,0.1490,-0.0920,298.470580,41.066250,15.316
7681230,K04294.01,,FALSE POSITIVE,FALSE POSITIVE,0.0000,0,1,0,0,0.962590772,4.6300000e-07,-4.6300000e-07,132.4212780,4.060000e-04,-4.060000e-04,1.2360,3.5930,-0.0470,1.25690,0.02260,-0.02260,1.0216e+03,1.230e+01,-1.230e+01,31.51,1.018e+01,-4.060e+00,2026.0,,,3989.37,3907.36,-1435.93,90.40,1,q1_q17_dr25_tce,6274.00,196.00,-261.00,4.434,0.067,-0.216,1.0620,0.3430,-0.1370,291.364230,43.385921,14.843
7596240,K04295.01,Kepler-1584 b,CONFIRMED,CANDIDATE,1.0000,0,0,0,0,13.399755500,1.2080000e-04,-1.2080000e-04,131.8423500,6.670000e-03,-6.670000e-03,0.3750,0.0770,-0.3750,3.53400,0.18800,-0.18800,1.6730e+02,1.410e+01,-1.410e+01,1.51,4.600e-01,-1.800e-01,886.0,,,145.65,126.70,-47.40,13.60,1,q1_q17_dr25_tce,6401.00,153.00,-211.00,4.389,0.062,-0.188,1.1500,0.3500,-0.1400,287.762700,43.274429,14.924
7661893,K04296.01,,CANDIDATE,CANDIDATE,0.9920,0,0,0,0,2.493853480,1.1810000e-05,-1.1810000e-05,133.1517700,3.720000e-03,-3.720000e-03,0.3310,0.1200,-0.3310,1.41400,0.11600,-0.11600,4.6900e+01,4.700e+00,-4.700e+00,0.59,6.000e-02,-5.000e-02,1251.0,,,579.64,184.26,-131.64,12.30,1,q1_q17_dr25_tce,5615.00,112.00,-112.00,4.477,0.088,-0.072,0.8500,0.0880,-0.0720,282.636170,43.366100,13.030
3448456,K07656.01,,FALSE POSITIVE,FALSE POSITIVE,0.0000,1,0,1,0,0.776950288,2.0280000e-06,-2.0280000e-06,132.0396000,2.460000e-03,-2.460000e-03,0.0470,0.4050,-0.0470,1.28800,0.06050,-0.06050,3.9600e+02,1.860e+01,-1.860e+01,1.72,5.200e-01,-1.700e-01,1882.0,,,2974.07,2726.23,-888.99,25.80,1,q1_q17_dr25_tce,5861.00,186.00,-206.00,4.546,0.036,-0.204,0.8650,0.2600,-0.0870,292.672940,38.589970,15.832
12107008,K04297.01,,FALSE POSITIVE,FALSE POSITIVE,0.0000,0,0,1,1,5.937256280,6.0840000e-05,-6.0840000e-05,135.9371000,1.010000e-02,-1.010000e-02,0.3510,0.1040,-0.3510,3.63900,0.25400,-0.25400,1.1560e+02,8.100e+00,-8.100e+00,0.86,1.300e-01,-1.200e-01,891.0,,,148.97,71.27,-49.98,17.10,1,q1_q17_dr25_tce,5428.00,162.00,-162.00,4.494,0.115,-0.104,0.7990,0.1170,-0.1070,289.208340,50.615990,14.702
9776794,K04363.01,,CANDIDATE,CANDIDATE,0.9990,0,0,0,0,18.222117680,8.4040000e-05,-8.4040000e-05,553.0664600,3.390000e-03,-3.390000e-03,0.9730,69.7900,-1.2100,2.04400,0.17100,-0.17100,2.3180e+03,1.850e+02,-1.850e+02,7.45,1.990e+00,-1.220e+00,620.0,,,34.99,29.40,-13.78,15.20,1,q1_q17_dr25_tce,5162.00,181.00,-181.00,4.411,0.144,-0.252,0.9580,0.2550,-0.1570,294.365140,46.501759,16.084
7427764,K04364.01,Kepler-1595 b,CONFIRMED,CANDIDATE,1.0000,0,0,0,0,4.563836970,4.5820000e-05,-4.5820000e-05,132.2606800,7.600000e-03,-7.600000e-03,0.3650,0.0940,-0.3650,2.27100,0.22700,-0.22700,2.0180e+02,2.370e+01,-2.370e+01,1.22,2.400e-01,-1.300e-01,980.0,,,218.18,132.00,-63.03,9.90,1,q1_q17_dr25_tce,5408.00,160.00,-160.00,4.496,0.070,-0.130,0.8610,0.1680,-0.0900,285.722720,43.009480,15.448
7673192,K02722.05,,CANDIDATE,CANDIDATE,0.8870,0,0,0,0,16.534002200,2.4260000e-04,-2.4260000e-04,135.4090000,1.280000e-02,-1.280000e-02,0.5250,0.4330,-0.3260,4.06300,0.37400,-0.37400,8.9200e+01,1.040e+01,-1.040e+01,1.17,2.000e-01,-1.900e-01,819.0,,,106.21,51.98,-37.19,9.30,5,q1_q17_dr25_tce,6052.00,121.00,-133.00,4.285,0.137,-0.112,1.2020,0.2080,-0.1890,288.370240,43.354610,13.268
4754831,K04365.01,,FALSE POSITIVE,FALSE POSITIVE,,1,0,0,0,55.119831000,6.7190000e-03,-6.7190000e-03,153.6508000,5.610000e-02,-5.610000e-02,0.6049,0.0145,-0.4849,4.70300,0.71400,-0.71400,1.1450e+02,1.840e+01,-1.840e+01,1.68,9.600e-01,-4.400e-01,622.0,,,35.48,60.29,-18.50,8.20,,,6297.00,149.00,-191.00,4.155,0.211,-0.299,1.5060,0.8550,-0.3980,294.054810,39.845249,12.211
4754831,K04365.02,,FALSE POSITIVE,FALSE POSITIVE,,1,0,0,0,25.641611700,7.7990000e-04,-7.7990000e-04,152.9007000,1.870000e-02,-1.870000e-02,0.5744,0.0233,-0.4658,5.50000,1.20000,-1.20000,1.2640e+02,3.080e+01,-3.080e+01,1.76,1.000e+00,-4.700e-01,803.0,,,98.50,167.34,-51.36,4.90,,,6297.00,149.00,-191.00,4.155,0.211,-0.299,1.5060,0.8550,-0.3980,294.054810,39.845249,12.211
9899630,K04439.01,,FALSE POSITIVE,FALSE POSITIVE,0.0000,0,1,1,1,1.332584550,3.2280000e-05,-3.2280000e-05,132.0268000,2.370000e-02,-2.370000e-02,1.1410,2.0930,-0.2200,5.77000,1.10000,-1.10000,1.5270e+02,2.400e+01,-2.400e+01,15.89,4.760e+00,-1.710e+00,1680.0,,,1884.66,1668.18,-580.88,8.10,1,q1_q17_dr25_tce,6039.00,168.00,-210.00,4.493,0.052,-0.208,0.9510,0.2850,-0.1020,295.302700,46.772018,15.556
4367528,K04440.01,,FALSE POSITIVE,FALSE POSITIVE,,1,0,0,0,350.810290000,2.3370000e-02,-2.3370000e-02,147.6369000,2.900000e-02,-2.900000e-02,0.3892,0.0574,-0.3892,11.29000,1.30000,-1.30000,5.3830e+02,5.920e+01,-5.920e+01,2.86,1.650e+00,-4.800e-01,282.0,,,1.51,2.67,-0.61,15.10,,,5841.00,162.00,-212.00,4.321,0.120,-0.320,1.2260,0.7090,-0.2030,292.277740,39.461071,14.982
8416523,K04441.01,Kepler-1604 b,CONFIRMED,CANDIDATE,0.9960,0,0,0,0,0.341842017,2.2800000e-07,-2.2800000e-07,131.6603360,5.450000e-04,-5.450000e-04,0.9570,0.1150,-0.7210,1.15540,0.04170,-0.04170,2.8560e+02,5.300e+00,-5.300e+00,1.72,2.000e-01,-1.400e-01,2023.0,,,3991.16,1597.04,-949.26,70.10,1,q1_q17_dr25_tce,5016.00,151.00,-136.00,4.601,0.030,-0.070,0.7470,0.0860,-0.0580,285.410610,44.412209,14.915
11124436,K04442.01,,CANDIDATE,CANDIDATE,0.9700,0,0,0,0,13.948219700,2.3000000e-04,-2.3000000e-04,132.7505000,1.210000e-02,-1.210000e-02,0.1970,0.2470,-0.1960,7.68600,0.33800,-0.33800,1.1940e+02,9.500e+00,-9.500e+00,2.53,4.200e-01,-7.800e-01,1063.0,,,301.80,136.06,-164.87,14.50,1,q1_q17_dr25_tce,5529.00,91.00,-75.00,3.808,0.217,-0.078,2.3460,0.3890,-0.7220,284.353120,48.740211,14.305
5780855,K04443.01,,CANDIDATE,CANDIDATE,0.9880,0,0,0,0,5.675779990,5.4450000e-05,-5.4450000e-05,134.9102700,8.540000e-03,-8.540000e-03,0.9100,0.0590,-0.6390,3.55400,0.20900,-0.20900,5.1200e+01,5.300e+00,-5.300e+00,1.22,3.900e-01,-2.400e-01,1357.0,,,802.11,733.27,-354.60,11.20,1,q1_q17_dr25_tce,6681.00,161.00,-241.00,4.233,0.124,-0.186,1.4380,0.4590,-0.2820,288.567290,41.090130,13.802
3751231,K07666.01,,FALSE POSITIVE,FALSE POSITIVE,0.0010,0,0,1,0,0.570953851,3.4290000e-06,-3.4290000e-06,131.5725000,4.890000e-03,-4.890000e-03,0.0590,0.4080,-0.0590,0.99800,0.21600,-0.21600,7.6100e+01,1.090e+01,-1.090e+01,1.01,3.300e-01,-1.200e-01,2464.0,,,8688.17,8393.33,-2975.20,8.90,1,q1_q17_dr25_tce,6238.00,173.00,-260.00,4.396,0.073,-0.218,1.1450,0.3750,-0.1340,292.588650,38.801430,15.212
9491832,K04226.01,,CANDIDATE,CANDIDATE,0.9980,0,0,0,0,49.564693000,8.2380000e-04,-8.2380000e-04,170.6973000,1.020000e-02,-1.020000e-02,0.6850,0.0090,-0.5210,8.54000,0.42300,-0.42300,1.1350e+02,8.700e+00,-8.700e+00,1.63,3.000e-01,-3.000e-01,588.0,,,28.19,14.16,-10.96,15.00,1,q1_q17_dr25_tce,5907.00,107.00,-131.00,4.212,0.143,-0.117,1.4420,0.2630,-0.2630,300.562410,46.037819,12.830
7816665,K04227.01,,FALSE POSITIVE,FALSE POSITIVE,0.0000,0,0,1,1,4.292582580,3.6770000e-05,-3.6770000e-05,131.7767500,7.250000e-03,-7.250000e-03,0.3390,0.1130,-0.3390,3.06900,0.17000,-0.17000,3.6960e+02,2.660e+01,-2.660e+01,1.87,5.600e-01,-1.800e-01,1161.0,,,428.77,389.18,-135.49,16.10,1,q1_q17_dr25_tce,6137.00,191.00,-255.00,4.487,0.050,-0.200,0.9630,0.2880,-0.0960,289.916350,43.507671,15.888
9535881,K04228.01,,FALSE POSITIVE,FALSE POSITIVE,0.0000,1,0,1,0,0.960842633,4.4000000e-07,-4.4000000e-07,131.7776630,3.670000e-04,-3.670000e-04,1.3410,0.3630,-0.2390,2.64410,0.02060,-0.02060,2.0229e+03,1.340e+01,-1.340e+01,67.53,2.093e+01,-1.396e+01,2808.0,,,14655.53,13807.27,-6885.77,176.10,1,q1_q17_dr25_tce,7381.00,232.00,-310.00,4.186,0.124,-0.186,1.5970,0.4950,-0.3300,295.559600,46.178040,13.402
11616596,K04229.01,,FALSE POSITIVE,FALSE POSITIVE,0.0000,1,0,1,1,14.589392800,,,136.1407000,,,,,,15.54000,,,,,,,,,,,,102.46,138.91,-29.61,,1,q1_q17_dr25_tce,,,,,,,,,,294.749880,49.663441,12.616
9872831,K04230.01,Kepler-1572 b,CONFIRMED,CANDIDATE,0.8770,0,0,0,0,5.495485330,2.6750000e-05,-2.6750000e-05,133.6396600,4.530000e-03,-4.530000e-03,0.2020,0.2520,-0.2020,2.46100,0.12200,-0.12200,8.5800e+01,7.100e+00,-7.100e+00,1.30,3.600e-01,-3.600e-01,1293.0,,,661.04,564.99,-367.92,14.20,1,q1_q17_dr25_tce,6157.00,197.00,-241.00,4.159,0.258,-0.172,1.3920,0.3880,-0.3880,281.897310,46.722664,13.950
2852941,K04298.01,,CANDIDATE,CANDIDATE,0.8540,0,0,0,0,2.894947090,2.2510000e-05,-2.2510000e-05,132.6254700,5.800000e-03,-5.800000e-03,0.1910,0.2660,-0.1910,3.25400,0.17900,-0.17900,4.5800e+01,3.800e+00,-3.800e+00,1.16,3.400e-01,-2.800e-01,1919.0,,,3204.25,2992.58,-1774.80,14.30,1,q1_q17_dr25_tce,7087.00,250.00,-428.00,4.137,0.170,-0.187,1.6840,0.5010,-0.4100,291.543430,38.048759,13.458
8508126,K04299.01,,FALSE POSITIVE,FALSE POSITIVE,0.0000,1,0,1,0,0.980505042,9.3800000e-07,-9.3800000e-07,132.0977710,8.300000e-04,-8.300000e-04,1.2060,2.9540,-0.1020,1.40680,0.04670,-0.04670,4.2660e+02,1.000e+01,-1.000e+01,26.35,7.740e+00,-4.750e+00,1904.0,,,3100.61,2771.91,-1293.23,51.50,2,q1_q17_dr25_tce,5794.00,182.00,-202.00,4.372,0.128,-0.192,1.0590,0.3110,-0.1910,296.347990,44.501961,15.198
12306058,K02541.02,Kepler-391 c,CONFIRMED,CANDIDATE,0.9950,0,0,0,0,20.485389300,3.1650000e-04,-3.1650000e-04,146.9183000,1.180000e-02,-1.180000e-02,0.8340,0.1230,-0.5700,10.22900,0.31400,-0.31400,8.9500e+01,5.400e+00,-5.400e+00,3.60,6.700e-01,-6.000e-01,1015.0,,,251.16,121.29,-87.29,17.90,2,q1_q17_dr25_tce,4938.00,69.00,-79.00,3.450,0.143,-0.130,3.3240,0.6130,-0.5510,290.621830,51.057301,13.007
8507475,K04300.01,Kepler-1585 b,CONFIRMED,CANDIDATE,1.0000,0,0,0,0,3.582738370,2.3150000e-05,-2.3150000e-05,134.9510800,5.740000e-03,-5.740000e-03,0.1430,0.3120,-0.1430,1.52300,0.15400,-0.15400,3.6050e+02,3.800e+01,-3.800e+01,1.64,3.700e-01,-1.600e-01,1064.0,,,302.74,215.05,-86.99,11.60,1,q1_q17_dr25_tce,5448.00,179.00,-179.00,4.517,0.050,-0.150,0.8720,0.1970,-0.0850,296.159000,44.563110,15.965
8773015,K04301.01,Kepler-1586 b,CONFIRMED,CANDIDATE,0.9990,0,0,0,0,15.604841000,1.3340000e-04,-1.3340000e-04,131.9989000,6.540000e-03,-6.540000e-03,0.7150,0.2340,-0.4970,4.54300,0.17200,-0.17200,7.3400e+01,5.000e+00,-5.000e+00,1.57,3.200e-01,-4.800e-01,1013.0,,,248.62,153.97,-144.65,15.30,1,q1_q17_dr25_tce,6254.00,174.00,-212.00,4.019,0.266,-0.114,1.7060,0.3490,-0.5240,298.202610,44.925831,13.096
4754831,K04365.03,,FALSE POSITIVE,FALSE POSITIVE,,1,0,0,0,75.681309000,3.8370000e-03,-3.8370000e-03,167.6921000,4.160000e-02,-4.160000e-02,0.6194,0.0555,-0.4638,11.62000,2.00000,-2.00000,1.0770e+02,2.010e+01,-2.010e+01,1.64,9.300e-01,-4.400e-01,560.0,,,23.25,39.50,-12.12,9.10,,,6297.00,149.00,-191.00,4.155,0.211,-0.299,1.5060,0.8550,-0.3980,294.054810,39.845249,12.211
10647452,K04366.01,,CANDIDATE,CANDIDATE,0.9530,0,0,0,0,0.762950224,3.2930000e-06,-3.2930000e-06,131.9157000,3.440000e-03,-3.440000e-03,0.1970,0.2590,-0.1970,1.13300,0.10900,-0.10900,1.8730e+02,1.590e+01,-1.590e+01,1.00,1.800e-01,-8.000e-02,1651.0,,,1763.73,1054.13,-462.01,15.80,1,q1_q17_dr25_tce,5385.00,187.00,-187.00,4.610,0.037,-0.112,0.7310,0.1320,-0.0570,282.913970,47.970299,15.556
3531231,K07657.01,,FALSE POSITIVE,FALSE POSITIVE,0.0000,0,1,1,0,62.060783000,2.2150000e-03,-2.2150000e-03,134.4944000,3.500000e-02,-3.500000e-02,0.9280,0.0130,-0.6530,28.20300,0.77700,-0.77700,4.7290e+02,2.660e+01,-2.660e+01,2.11,5.000e-01,-1.700e-01,400.0,,,6.07,4.63,-1.57,19.90,1,q1_q17_dr25_tce,5526.00,200.00,-183.00,4.578,0.045,-0.144,0.7840,0.1850,-0.0620,287.245240,38.688080,15.745
4773392,K04367.01,,CANDIDATE,CANDIDATE,0.9710,0,0,0,0,170.995748000,1.2300000e-03,-1.2300000e-03,163.9573700,6.430000e-03,-6.430000e-03,0.8390,0.0990,-0.5890,3.88000,0.17400,-0.17400,4.7710e+02,3.560e+01,-3.560e+01,4.90,8.300e-01,-1.250e+00,463.0,,,10.86,4.73,-5.16,15.50,1,q1_q17_dr25_tce,6127.00,73.00,-85.00,3.991,0.188,-0.101,1.9830,0.3370,-0.5060,298.033050,39.883179,13.985
5471489,K04368.01,,FALSE POSITIVE,FALSE POSITIVE,0.0000,1,0,1,1,12.425273500,4.7760000e-04,-4.7760000e-04,141.5658000,4.110000e-02,-4.110000e-02,0.1710,0.3130,-0.1710,20.75600,0.36900,-0.36900,8.4700e+01,2.600e+00,-2.600e+00,2.37,4.600e-01,-9.300e-01,1299.0,,,673.53,422.56,-455.15,36.60,1,q1_q17_dr25_tce,6156.00,203.00,-203.00,3.703,0.323,-0.108,2.5570,0.5000,-1.0000,297.665040,40.681992,13.046
5471489,K04368.02,,FALSE POSITIVE,FALSE POSITIVE,,0,0,1,0,39.282040500,5.3320000e-04,-5.3320000e-04,139.9224000,1.210000e-02,-1.210000e-02,1.2410,0.3793,-0.2614,3.34400,0.48200,-0.48200,1.5750e+02,2.210e+01,-2.210e+01,58.67,2.057e+01,-2.739e+01,823.0,,,108.22,115.49,-81.05,6.90,3,q1_q17_dr24_tce,6143.00,195.00,-188.00,3.810,0.455,-0.201,2.1360,0.7490,-0.9970,297.665040,40.681992,13.046
9011874,K04369.01,,FALSE POSITIVE,FALSE POSITIVE,,1,0,0,0,361.545612490,,,190.4475347,,,,,,25.28000,,,,,,,,,,,,,,,,,,,,,,,,,,,287.824890,45.348080,15.894
9936080,K04431.01,,CANDIDATE,CANDIDATE,0.9980,0,0,0,0,19.565080100,1.7660000e-04,-1.7660000e-04,136.2855500,7.430000e-03,-7.430000e-03,0.0250,0.4250,-0.0250,4.24200,0.27700,-0.27700,6.1700e+01,5.300e+00,-5.300e+00,0.97,1.800e-01,-1.200e-01,791.0,,,92.77,46.07,-27.10,13.80,1,q1_q17_dr25_tce,6180.00,111.00,-135.00,4.294,0.099,-0.132,1.2350,0.2230,-0.1490,283.724270,46.879112,12.674
9936080,K04431.02,,FALSE POSITIVE,FALSE POSITIVE,,1,0,0,0,355.799780000,1.2460000e-02,-1.2460000e-02,346.7189000,1.270000e-02,-1.270000e-02,0.4433,0.5256,-0.2391,5.97200,0.62900,-0.62900,1.7230e+02,2.000e+01,-2.000e+01,1.87,1.100e+00,-4.200e-01,324.0,,,2.60,4.72,-1.27,10.50,,,6350.00,174.00,-255.00,4.225,0.165,-0.317,1.3940,0.8200,-0.3140,283.724270,46.879112,12.674
8611344,K04432.01,,FALSE POSITIVE,FALSE POSITIVE,,1,0,0,0,410.993890000,3.2260000e-02,-3.2260000e-02,190.8191000,3.480000e-02,-3.480000e-02,0.3421,0.2711,-0.3411,12.01000,3.30000,-3.30000,5.5000e+02,1.290e+02,-1.290e+02,2.09,6.100e-01,-1.500e-01,220.0,,,0.55,0.47,-0.12,8.70,,,5471.00,149.00,-147.00,4.533,0.028,-0.227,0.8980,0.2610,-0.0630,285.755860,44.724998,15.460
9518651,K04433.01,,FALSE POSITIVE,FALSE POSITIVE,0.0000,0,0,1,1,2.178237520,2.2450000e-05,-2.2450000e-05,132.0051300,7.340000e-03,-7.340000e-03,0.0370,0.4030,-0.0370,2.25900,0.26000,-0.26000,4.4000e+01,5.700e+00,-5.700e+00,0.64,1.800e-01,-9.000e-02,1473.0,,,1114.80,879.64,-392.18,10.10,1,q1_q17_dr25_tce,6052.00,163.00,-181.00,4.422,0.105,-0.180,0.9690,0.2600,-0.1400,288.199920,46.149422,14.102
2305311,K04434.01,,FALSE POSITIVE,FALSE POSITIVE,,1,0,0,1,1.404674486,9.3470000e-06,-9.3470000e-06,131.5562100,4.780000e-03,-4.780000e-03,0.8171,0.0573,-0.5652,5.05600,0.15800,-0.15800,1.5550e+02,8.700e+00,-8.700e+00,0.86,8.000e-02,-8.000e-02,1126.0,,,379.50,128.34,-97.14,20.70,1,q1_q17_dr24_tce,4716.00,138.00,-132.00,4.650,0.056,-0.038,0.6090,0.0560,-0.0530,291.976290,37.668652,14.962
6383595,K04231.01,,FALSE POSITIVE,FALSE POSITIVE,,1,0,0,0,24.909743600,5.8000000e-04,-5.8000000e-04,143.0403000,2.030000e-02,-2.030000e-02,0.5729,0.3876,-0.3527,3.85600,0.60000,-0.60000,1.5020e+02,2.090e+01,-2.090e+01,2.24,1.080e+00,-6.700e-01,912.0,,,163.58,232.08,-94.07,9.70,,,6596.00,166.00,-231.00,4.037,0.240,-0.252,1.7570,0.8430,-0.5270,297.161770,41.775822,13.073
11080405,K02442.02,Kepler-386 b,CONFIRMED,CANDIDATE,1.0000,0,0,0,0,12.310135100,1.2920000e-04,-1.2920000e-04,141.8765000,7.270000e-03,-7.270000e-03,0.7830,0.1800,-0.5760,3.79700,0.19900,-0.19900,2.6370e+02,2.280e+01,-2.280e+01,1.51,7.000e-02,-1.100e-01,651.0,,,42.42,7.04,-8.25,12.90,2,q1_q17_dr25_tce,5009.00,82.00,-75.00,4.491,0.077,-0.028,0.8400,0.0380,-0.0630,289.858890,48.693851,15.629
11509504,K04232.01,Kepler-1573 b,CONFIRMED,CANDIDATE,0.9980,0,0,0,0,2.615765150,1.6190000e-05,-1.6190000e-05,131.9789600,5.630000e-03,-5.630000e-03,0.2500,0.1940,-0.2500,2.77700,0.14500,-0.14500,1.2040e+02,9.400e+00,-9.400e+00,1.06,3.100e-01,-1.300e-01,1379.0,,,851.60,731.11,-281.87,15.10,1,q1_q17_dr25_tce,6088.00,165.00,-201.00,4.446,0.084,-0.196,0.9580,0.2800,-0.1200,292.988340,49.484970,15.180
6599949,K04233.01,,FALSE POSITIVE,FALSE POSITIVE,,1,0,0,0,409.245200000,1.1210000e-01,-1.1210000e-01,265.2465000,4.860000e-02,-4.860000e-02,0.0176,0.4272,-0.0176,13.06000,1.80000,-1.80000,5.3120e+02,6.940e+01,-6.940e+01,2.10,8.300e-01,-2.400e-01,244.0,,,0.84,1.01,-0.24,12.80,1,q1_q16_tce,5910.00,172.00,-165.00,4.466,0.074,-0.271,0.9110,0.3620,-0.1010,289.906980,42.046200,15.420
11611275,K04234.01,Kepler-1574 b,CONFIRMED,CANDIDATE,0.9990,0,0,0,0,6.942452160,5.0420000e-05,-5.0420000e-05,135.9581900,6.570000e-03,-6.570000e-03,0.4850,0.4870,-0.2850,3.49100,0.14700,-0.14700,1.6080e+02,1.280e+01,-1.280e+01,1.34,4.200e-01,-1.400e-01,1003.0,,,239.39,229.11,-75.54,14.70,1,q1_q17_dr25_tce,6108.00,193.00,-236.00,4.466,0.054,-0.216,1.0300,0.3240,-0.1080,292.158660,49.637760,15.158
6290935,K04302.01,,CANDIDATE,CANDIDATE,0.9900,0,0,0,0,5.533120060,7.1770000e-05,-7.1770000e-05,132.1648000,6.690000e-03,-6.690000e-03,0.2990,0.1740,-0.2990,3.48600,0.32500,-0.32500,5.3100e+01,5.000e+00,-5.000e+00,1.05,1.800e-01,-2.000e-01,1303.0,,,680.77,309.09,-260.78,13.40,1,q1_q17_dr25_tce,6170.00,83.00,-83.00,4.150,0.168,-0.112,1.4250,0.2480,-0.2750,293.681270,41.611969,13.591
12734396,K04303.01,,CANDIDATE,CANDIDATE,0.0000,0,0,0,0,200.721168000,4.8080000e-03,-4.8080000e-03,280.0733000,1.590000e-02,-1.590000e-02,0.2340,0.2250,-0.2340,9.91000,0.49200,-0.49200,8.2250e+02,7.190e+01,-7.190e+01,3.32,5.300e-01,-5.800e-01,327.0,,,2.72,1.15,-0.96,13.10,1,q1_q17_dr25_tce,5566.00,83.00,-75.00,4.275,0.162,-0.108,1.1700,0.1860,-0.2040,288.909520,51.930561,15.511
11612280,K04304.01,Kepler-1587 b,CONFIRMED,CANDIDATE,0.9660,0,0,0,0,9.406136400,1.2390000e-04,-1.2390000e-04,137.7073000,1.180000e-02,-1.180000e-02,0.3970,0.0550,-0.3970,4.88200,0.31200,-0.31200,7.9500e+01,6.800e+00,-6.800e+00,1.14,1.900e-01,-2.000e-01,981.0,,,219.36,99.34,-83.24,13.20,1,q1_q17_dr25_tce,5855.00,105.00,-117.00,4.240,0.162,-0.108,1.2680,0.2070,-0.2280,292.677730,49.663910,14.090
5536715,K04305.01,,FALSE POSITIVE,FALSE POSITIVE,,1,0,1,0,0.935086665,4.0710000e-06,-4.0710000e-06,131.5259300,3.510000e-03,-3.510000e-03,0.4742,0.0440,-0.4344,1.12000,0.13000,-0.13000,7.1200e+01,7.800e+00,-7.800e+00,1.18,7.100e-01,-2.000e-01,2431.0,,,8250.80,15116.33,-3377.40,13.10,,,6762.00,155.00,-273.00,4.282,0.097,-0.346,1.3480,0.8200,-0.2230,292.778930,40.795631,13.993
8149484,K04306.01,,FALSE POSITIVE,FALSE POSITIVE,0.0000,0,1,0,0,1.489457454,9.9620000e-06,-9.9620000e-06,131.9980900,7.710000e-03,-7.710000e-03,0.1710,0.3610,-0.1710,3.02800,0.13400,-0.13400,5.6300e+01,2.300e+00,-2.300e+00,1.58,3.400e-01,-5.100e-01,2415.0,,,8026.60,5024.10,-4729.45,29.70,1,q1_q17_dr25_tce,6316.00,154.00,-173.00,3.908,0.292,-0.117,2.0870,0.4490,-0.6730,284.692780,44.010208,13.090
12407623,K04370.01,,FALSE POSITIVE,FALSE POSITIVE,0.0000,0,0,1,0,1.181165291,3.8910000e-06,-3.8910000e-06,132.4252200,2.760000e-03,-2.760000e-03,0.6320,0.0450,-0.4740,1.01300,0.11300,-0.11300,3.7040e+02,3.550e+01,-3.550e+01,1.52,2.000e-01,-1.400e-01,1398.0,,,905.88,411.38,-238.26,14.10,1,q1_q17_dr25_tce,5203.00,169.00,-154.00,4.582,0.048,-0.078,0.7470,0.0980,-0.0660,291.348790,51.256119,15.971
11444514,K04371.01,Kepler-1596 b,CONFIRMED,CANDIDATE,0.9970,0,0,0,0,66.373298000,7.0090000e-04,-7.0090000e-04,174.0159500,5.090000e-03,-5.090000e-03,0.0210,0.4110,-0.0210,8.55900,0.78700,-0.78700,4.1500e+02,3.190e+01,-3.190e+01,1.99,6.400e-01,-2.100e-01,471.0,,,11.59,10.94,-3.51,13.70,1,q1_q17_dr25_tce,6143.00,164.00,-200.00,4.470,0.056,-0.224,0.9760,0.3150,-0.1050,285.557500,49.330070,15.370
9886361,K02732.02,Kepler-403 d,CONFIRMED,CANDIDATE,0.9480,0,0,0,0,13.611650240,8.4950000e-05,-8.4950000e-05,144.1680800,4.380000e-03,-4.380000e-03,0.1120,0.3370,-0.1120,7.61700,0.14000,-0.14000,9.5500e+01,3.300e+00,-3.300e+00,1.46,2.700e-01,-2.400e-01,958.0,,,198.73,98.98,-71.43,31.60,2,q1_q17_dr25_tce,6170.00,110.00,-135.00,4.192,0.137,-0.125,1.4990,0.2720,-0.2450,289.921450,46.744560,12.805
9702006,K04372.01,Kepler-1953 b,CONFIRMED,CANDIDATE,0.9770,0,0,0,0,6.245646330,5.4360000e-05,-5.4360000e-05,137.1624100,7.100000e-03,-7.100000e-03,0.5940,0.3820,-0.3840,2.45900,0.18200,-0.18200,2.1200e+02,2.120e+01,-2.120e+01,1.06,1.200e-01,-7.000e-02,731.0,,,67.62,27.85,-16.43,11.90,1,q1_q17_dr25_tce,4858.00,161.00,-161.00,4.622,0.027,-0.059,0.7070,0.0800,-0.0490,287.968140,46.470612,15.485
6778008,K04373.01,,FALSE POSITIVE,FALSE POSITIVE,0.0000,0,1,1,1,0.945829261,5.1760000e-06,-5.1760000e-06,132.0928600,4.610000e-03,-4.610000e-03,0.3260,0.1500,-0.3260,1.71500,0.12400,-0.12400,9.8200e+01,7.700e+00,-7.700e+00,0.86,2.100e-01,-7.000e-02,1790.0,,,2433.01,1748.46,-637.83,15.10,1,q1_q17_dr25_tce,5959.00,160.00,-178.00,4.546,0.042,-0.168,0.8590,0.2090,-0.0750,292.013790,42.288750,15.263
8278685,K04435.01,,CANDIDATE,CANDIDATE,0.9990,0,0,0,0,10.861416300,1.6160000e-04,-1.6160000e-04,136.8213000,1.250000e-02,-1.250000e-02,0.9390,0.0440,-0.6550,6.02000,0.39000,-0.39000,6.4800e+01,5.500e+00,-5.500e+00,1.01,2.900e-01,-1.100e-01,899.0,,,154.68,127.71,-44.72,12.90,1,q1_q17_dr25_tce,6339.00,141.00,-189.00,4.454,0.062,-0.200,1.0170,0.2980,-0.1060,281.955690,44.261532,13.517
8308260,K04436.01,,FALSE POSITIVE,FALSE POSITIVE,0.0000,0,0,1,0,0.973160836,4.3000000e-06,-4.3000000e-06,132.2541200,3.530000e-03,-3.530000e-03,0.0340,0.4520,-0.0340,0.86400,0.19100,-0.19100,1.3830e+02,2.070e+01,-2.070e+01,1.22,3.900e-01,-1.300e-01,1932.0,,,3303.84,3066.78,-1042.56,9.80,1,q1_q17_dr25_tce,6108.00,172.00,-236.00,4.466,0.052,-0.208,1.0300,0.3230,-0.1080,294.868130,44.283199,15.238
8492101,K04437.01,,FALSE POSITIVE,FALSE POSITIVE,0.0000,0,0,0,1,4.059437490,2.5700000e-05,-2.5700000e-05,133.1883000,6.650000e-03,-6.650000e-03,0.9140,0.0550,-0.6900,3.24500,0.13700,-0.13700,1.0540e+02,6.900e+00,-6.900e+00,2.11,1.100e+00,-1.100e+00,1295.0,,,664.54,1119.90,-531.93,18.10,1,q1_q17_dr25_tce,5051.00,192.00,-174.00,3.978,0.572,-0.308,1.6550,0.8620,-0.8620,290.630430,44.565601,13.514
6103377,K03004.02,,CANDIDATE,CANDIDATE,0.9810,0,0,0,0,7.039651410,7.8360000e-05,-7.8360000e-05,137.4189200,9.690000e-03,-9.690000e-03,0.7780,0.2000,-0.5740,3.14100,0.26500,-0.26500,2.6870e+02,3.110e+01,-3.110e+01,2.72,4.600e-01,-5.600e-01,1171.0,,,445.49,192.92,-179.96,9.80,2,q1_q17_dr25_tce,5902.00,70.00,-79.00,4.128,0.182,-0.098,1.5130,0.2560,-0.3130,283.942440,41.471600,14.935
3660581,K07662.01,,CANDIDATE,CANDIDATE,0.9840,0,0,0,0,4.725191640,6.8870000e-05,-6.8870000e-05,131.9997000,1.020000e-02,-1.020000e-02,0.6000,0.0400,-0.4710,3.75100,0.34000,-0.34000,9.8800e+01,1.190e+01,-1.190e+01,3.98,5.700e-01,-1.690e+00,2250.0,,,6060.79,2623.51,-4285.29,10.00,2,q1_q17_dr25_tce,6655.00,160.00,-200.00,3.490,0.376,-0.094,3.8310,0.5420,-1.6270,295.144200,38.799831,12.358
6343576,K04438.01,,FALSE POSITIVE,FALSE POSITIVE,0.0000,0,0,0,1,6.399037780,3.3020000e-05,-3.3020000e-05,134.7133000,5.290000e-03,-5.290000e-03,0.2410,0.1980,-0.2410,3.15000,0.12900,-0.12900,1.8660e+02,9.000e+00,-9.000e+00,6.54,1.960e+00,-3.190e+00,1780.0,,,2376.40,2037.34,-1830.11,24.10,1,q1_q17_dr25_tce,5178.00,124.00,-171.00,3.286,0.372,-0.217,4.8560,1.4560,-2.3660,283.475740,41.775318,13.507
10794974,K04235.01,,CANDIDATE,CANDIDATE,0.9970,0,0,0,0,66.643456500,3.6880000e-04,-3.6880000e-04,170.0805800,4.490000e-03,-4.490000e-03,0.9850,0.0450,-0.7540,2.38500,0.18000,-0.18000,2.7730e+02,2.180e+01,-2.180e+01,2.99,6.200e-01,-3.800e-01,476.0,,,12.17,6.56,-3.40,14.80,1,q1_q17_dr25_tce,5751.00,77.00,-77.00,4.339,0.100,-0.150,1.1640,0.2420,-0.1490,290.922700,48.180328,13.224
2449101,K04236.01,,FALSE POSITIVE,FALSE POSITIVE,,0,1,1,1,0.739761008,3.7910000e-06,-3.7910000e-06,131.8091300,4.070000e-03,-4.070000e-03,1.2359,0.0283,-0.2054,7.58900,0.62100,-0.62100,2.9210e+02,1.250e+01,-1.250e+01,9.67,1.390e+00,-1.380e+00,839.0,,,117.05,44.98,-36.65,34.70,1,q1_q17_dr24_tce,3417.00,50.00,-57.00,4.900,0.060,-0.060,0.3500,0.0500,-0.0500,292.698550,37.778481,15.049
7259249,K04237.01,,FALSE POSITIVE,FALSE POSITIVE,0.0000,0,0,1,0,0.950735805,2.7890000e-06,-2.7890000e-06,131.7794000,2.120000e-03,-2.120000e-03,0.5700,0.4020,-0.3680,1.14340,0.09180,-0.09180,1.7510e+02,1.300e+01,-1.300e+01,1.39,4.600e-01,-1.600e-01,1908.0,,,3129.59,3258.85,-1060.03,17.10,1,q1_q17_dr25_tce,6039.00,217.00,-265.00,4.478,0.056,-0.224,1.0050,0.3330,-0.1110,282.927730,42.806080,15.156
8678691,K04238.01,,FALSE POSITIVE,FALSE POSITIVE,,1,0,0,0,369.819993000,8.8950000e-03,-8.8950000e-03,179.3674000,1.520000e-02,-1.520000e-02,0.9179,0.0360,-0.6339,20.23200,0.96800,-0.96800,1.5990e+03,7.620e+01,-7.620e+01,4.25,8.580e+00,-3.700e-01,201.0,,,0.38,3.56,-0.09,42.10,,,4806.00,149.00,-110.00,4.495,0.078,-0.856,0.8390,1.6940,-0.0730,287.225130,44.899841,15.089
9640924,K04239.01,,FALSE POSITIVE,FALSE POSITIVE,0.0000,0,1,1,1,2.178159350,1.3830000e-05,-1.3830000e-05,132.0241400,5.310000e-03,-5.310000e-03,0.5030,0.4420,-0.3040,1.83900,0.16600,-0.16600,1.1630e+02,1.020e+01,-1.020e+01,1.22,4.100e-01,-1.400e-01,1561.0,,,1398.42,1391.09,-454.80,14.10,1,q1_q17_dr25_tce,6258.00,174.00,-239.00,4.413,0.072,-0.217,1.0980,0.3700,-0.1230,287.966550,46.338490,14.975
3558849,K04307.01,,CANDIDATE,CANDIDATE,0.2980,0,0,0,0,160.850075000,3.7640000e-03,-3.7640000e-03,144.5039000,1.810000e-02,-1.810000e-02,0.7690,0.0270,-0.5560,9.42700,0.64600,-0.64600,4.2810e+02,3.080e+01,-3.080e+01,3.41,5.800e-01,-7.200e-01,413.0,,,6.87,3.07,-2.82,16.10,2,q1_q17_dr25_tce,5999.00,80.00,-89.00,4.168,0.162,-0.108,1.5070,0.2580,-0.3150,294.949830,38.605190,14.218
11151677,K04308.01,,FALSE POSITIVE,FALSE POSITIVE,0.0000,1,0,1,0,0.720460644,3.4400000e-07,-3.4400000e-07,132.0129090,4.010000e-04,-4.010000e-04,1.2720,2.4900,-0.1130,1.78460,0.02230,-0.02230,2.1115e+03,2.050e+01,-2.050e+01,37.33,1.284e+01,-4.270e+00,2240.0,,,5954.82,6047.46,-1900.16,117.20,2,q1_q17_dr25_tce,6304.00,175.00,-219.00,4.435,0.056,-0.224,1.0580,0.3640,-0.1210,297.722140,48.710258,14.828
11037128,K04309.01,,FALSE POSITIVE,FALSE POSITIVE,0.0000,0,0,1,0,3.794872100,2.4830000e-05,-2.4830000e-05,134.4003900,5.490000e-03,-5.490000e-03,1.1680,7.1000,-0.0970,1.71300,0.25400,-0.25400,3.0510e+02,3.440e+01,-3.440e+01,16.10,4.430e+00,-1.180e+00,1083.0,,,325.63,270.28,-81.18,11.30,1,q1_q17_dr25_tce,5883.00,177.00,-195.00,4.580,0.035,-0.184,0.7930,0.2180,-0.0580,295.195680,48.567421,15.302
6587002,K00612.03,Kepler-196 d,CONFIRMED,CANDIDATE,0.9950,0,0,0,0,122.080495300,5.6770000e-04,-5.6770000e-04,155.0253200,4.010000e-03,-4.010000e-03,0.9570,0.0050,-0.6680,4.05400,0.29900,-0.29900,7.9990e+02,3.720e+01,-3.720e+01,2.92,2.000e-01,-1.500e-01,297.0,,,1.83,0.44,-0.31,23.30,3,q1_q17_dr25_tce,5132.00,102.00,-102.00,4.571,0.032,-0.052,0.7700,0.0540,-0.0400,284.968510,42.079201,14.157
5175024,K02563.02,,CANDIDATE,CANDIDATE,0.9800,0,0,0,0,6.261422700,1.0550000e-04,-1.0550000e-04,133.2299000,1.230000e-02,-1.230000e-02,0.0690,0.3890,-0.0690,4.77900,0.43900,-0.43900,5.1400e+01,5.700e+00,-5.700e+00,0.81,2.500e-01,-1.100e-01,1146.0,,,407.58,365.13,-140.10,10.60,2,q1_q17_dr25_tce,6384.00,151.00,-207.00,4.361,0.087,-0.203,1.1210,0.3520,-0.1510,288.095640,40.365971,13.973
10991114,K04374.01,,CANDIDATE,CANDIDATE,1.0000,0,0,0,0,3.703867410,2.0250000e-05,-2.0250000e-05,132.6959600,3.530000e-03,-3.530000e-03,0.0330,0.4160,-0.0330,1.41000,0.10900,-0.10900,1.2570e+02,1.190e+01,-1.190e+01,0.86,1.700e-01,-7.000e-02,1012.0,,,247.20,146.25,-61.28,13.10,1,q1_q17_dr25_tce,5496.00,149.00,-149.00,4.592,0.032,-0.120,0.7760,0.1520,-0.0650,298.183410,48.443810,14.108
11969092,K04375.01,,FALSE POSITIVE,FALSE POSITIVE,0.0000,1,0,0,0,0.638437699,5.2500000e-07,-5.2500000e-07,131.5925520,7.080000e-04,-7.080000e-04,0.9040,0.0390,-0.6410,0.30280,0.05010,-0.05010,2.8680e+02,1.380e+01,-1.380e+01,2.48,2.400e-01,-1.400e-01,1709.0,,,2024.34,711.27,-442.00,25.80,1,q1_q17_dr25_tce,5073.00,149.00,-164.00,4.571,0.020,-0.080,0.8240,0.0800,-0.0460,294.639890,50.334190,15.230
2570773,K04376.01,,FALSE POSITIVE,FALSE POSITIVE,0.0000,0,0,1,1,1.891285100,3.0840000e-05,-3.0840000e-05,132.6760000,1.870000e-02,-1.870000e-02,1.2160,3.3630,-0.0910,6.18200,0.34600,-0.34600,1.2234e+03,5.720e+01,-5.720e+01,19.96,1.640e+00,-1.640e+00,1061.0,,,299.44,103.69,-81.11,25.70,1,q1_q17_dr25_tce,4700.00,167.00,-167.00,4.605,0.036,-0.040,0.7070,0.0580,-0.0580,290.330720,37.882092,16.851
4945764,K04377.01,,CANDIDATE,CANDIDATE,0.9260,0,0,0,0,19.875135500,2.8290000e-04,-2.8290000e-04,148.3935000,1.190000e-02,-1.190000e-02,0.9190,0.0230,-0.6390,8.04100,0.27100,-0.27100,1.0900e+02,8.400e+00,-8.400e+00,2.49,5.100e-01,-4.200e-01,1061.0,,,299.47,154.58,-102.25,15.20,1,q1_q17_dr25_tce,6918.00,72.00,-83.00,4.021,0.148,-0.121,2.0040,0.4130,-0.3380,297.160890,40.042858,13.543
6356885,K04378.01,,FALSE POSITIVE,FALSE POSITIVE,,1,0,0,0,343.420460000,4.6070000e-02,-4.6070000e-02,327.4112000,5.400000e-02,-5.400000e-02,0.3519,0.1303,-0.3517,11.11000,2.00000,-2.00000,4.8270e+02,6.020e+01,-6.020e+01,2.15,8.800e-01,-2.100e-01,270.0,,,1.27,1.52,-0.37,10.00,,,6115.00,161.00,-199.00,4.469,0.053,-0.291,0.9670,0.3970,-0.0940,289.448670,41.731411,15.223
3542542,K07658.01,,FALSE POSITIVE,FALSE POSITIVE,0.0000,0,0,1,1,3.471481640,8.2360000e-05,-8.2360000e-05,133.7138000,1.910000e-02,-1.910000e-02,0.7190,0.2610,-0.4820,4.67900,0.73600,-0.73600,1.2270e+02,1.710e+01,-1.710e+01,0.85,1.400e-01,-6.000e-02,970.0,,,209.73,110.56,-51.50,9.50,1,q1_q17_dr25_tce,5297.00,159.00,-159.00,4.626,0.032,-0.097,0.7160,0.1180,-0.0550,290.849210,38.631840,15.795
11718389,K04444.01,Kepler-1956 b,CONFIRMED,CANDIDATE,1.0000,0,0,0,0,5.943734920,2.9900000e-05,-2.9900000e-05,135.2589700,4.320000e-03,-4.320000e-03,0.1970,0.2790,-0.1970,1.84700,0.12400,-0.12400,3.0100e+02,2.540e+01,-2.540e+01,1.14,6.000e-02,-1.000e-01,674.0,,,48.82,10.68,-12.84,13.20,1,q1_q17_dr25_tce,4391.00,118.00,-131.00,4.598,0.053,-0.018,0.6820,0.0320,-0.0600,294.620970,49.894150,15.583
11124703,K04445.01,,FALSE POSITIVE,FALSE POSITIVE,,1,0,0,0,244.603730000,1.1500000e-02,-1.1500000e-02,230.2820000,3.170000e-02,-3.170000e-02,0.2652,0.2140,-0.2650,10.87000,1.10000,-1.10000,7.6980e+02,8.580e+01,-8.580e+01,2.10,3.300e-01,-1.500e-01,235.0,,,0.72,0.37,-0.17,17.70,,,5166.00,161.00,-140.00,4.593,0.026,-0.107,0.7710,0.1230,-0.0560,284.536350,48.749611,15.319
10329196,K04446.01,Kepler-1605 b,CONFIRMED,CANDIDATE,0.8950,0,0,0,0,85.756791900,5.9650000e-04,-5.9650000e-04,162.7191400,6.170000e-03,-6.170000e-03,0.7130,0.0030,-0.5380,5.69500,0.19500,-0.19500,1.5910e+02,1.090e+01,-1.090e+01,2.99,8.300e-01,-4.500e-01,528.0,,,18.44,13.35,-5.93,16.90,1,q1_q17_dr25_tce,5037.00,70.00,-81.00,3.783,0.094,-0.175,2.2130,0.6140,-0.3300,287.134890,47.488621,12.429
10604592,K04447.01,Kepler-1957 b,CONFIRMED,CANDIDATE,1.0000,0,0,0,0,2.186601880,1.0560000e-05,-1.0560000e-05,131.9483200,3.630000e-03,-3.630000e-03,0.8280,0.0200,-0.5770,1.58500,0.12300,-0.12300,1.2230e+02,1.030e+01,-1.030e+01,0.98,8.000e-02,-1.000e-01,1099.0,,,345.07,106.33,-99.80,14.20,1,q1_q17_dr25_tce,4904.00,148.00,-148.00,4.535,0.078,-0.048,0.7720,0.0600,-0.0800,293.711360,47.887539,14.793
9834731,K03043.02,,CANDIDATE,CANDIDATE,,0,0,0,0,7.292989100,1.7350000e-04,-1.7350000e-04,135.6364000,2.060000e-02,-2.060000e-02,0.0220,0.4125,-0.0217,4.05300,0.94600,-0.94600,7.2500e+01,1.390e+01,-1.390e+01,0.73,2.500e-01,-6.000e-02,904.0,,,158.19,155.12,-39.48,7.10,,,5959.00,148.00,-171.00,4.549,0.031,-0.252,0.8560,0.2910,-0.0700,293.430790,46.692089,14.829
9593773,K04240.01,,FALSE POSITIVE,FALSE POSITIVE,0.0000,0,1,1,0,3.133935600,2.0050000e-05,-2.0050000e-05,133.5458000,5.890000e-03,-5.890000e-03,0.7680,0.2010,-0.5480,4.47700,0.19500,-0.19500,2.0370e+02,1.100e+01,-1.100e+01,1.58,5.400e-01,-1.700e-01,1315.0,,,704.95,717.03,-229.75,21.40,1,q1_q17_dr25_tce,6137.00,193.00,-236.00,4.460,0.054,-0.216,1.0180,0.3410,-0.1140,294.112370,46.252708,15.725
9285568,K04241.01,Kepler-1575 b,CONFIRMED,CANDIDATE,0.9920,0,0,0,0,2.553150310,1.2400000e-05,-1.2400000e-05,132.4484900,4.650000e-03,-4.650000e-03,0.3200,0.1380,-0.3200,1.84900,0.10400,-0.10400,1.8530e+02,1.420e+01,-1.420e+01,1.25,3.400e-01,-1.200e-01,1312.0,,,699.70,584.17,-204.86,15.40,1,q1_q17_dr25_tce,5970.00,188.00,-209.00,4.521,0.046,-0.184,0.9080,0.2480,-0.0880,293.743260,45.761589,15.424
7604328,K02458.02,Kepler-1245 c,CONFIRMED,CANDIDATE,1.0000,0,0,0,0,2.936587946,9.2020000e-06,-9.2020000e-06,133.0361800,2.620000e-03,-2.620000e-03,0.8630,0.0060,-0.6000,1.89520,0.07730,-0.07730,2.7960e+02,1.560e+01,-1.560e+01,1.77,4.100e-01,-2.800e-01,1190.0,,,473.18,337.27,-174.56,20.10,1,q1_q17_dr25_tce,5455.00,162.00,-162.00,4.421,0.149,-0.198,0.9090,0.2130,-0.1420,290.744320,43.260780,15.404
9514372,K04242.01,,CANDIDATE,CANDIDATE,0.9960,0,0,0,0,145.786556000,2.4170000e-03,-2.4170000e-03,215.0441000,1.350000e-02,-1.350000e-02,0.1330,0.3330,-0.1330,4.89100,0.39100,-0.39100,3.7800e+02,3.260e+01,-3.260e+01,1.82,2.400e-01,-1.500e-01,331.0,,,2.84,1.05,-0.65,13.90,1,q1_q17_dr25_tce,5578.00,100.00,-111.00,4.440,0.081,-0.099,0.9500,0.1230,-0.0820,285.660060,46.143471,14.410
9777757,K04243.01,,FALSE POSITIVE,FALSE POSITIVE,0.0000,0,0,1,1,1.332542120,2.1390000e-05,-2.1390000e-05,132.0554000,1.370000e-02,-1.370000e-02,0.6620,0.2970,-0.4470,3.84800,0.46400,-0.46400,3.7400e+01,4.300e+00,-4.300e+00,1.45,3.400e-01,-6.300e-01,2694.0,,,12477.61,8649.33,-9019.59,10.60,1,q1_q17_dr25_tce,6613.00,182.00,-250.00,3.870,0.397,-0.132,2.2370,0.5200,-0.9650,294.712920,46.576221,13.000
7103919,K04310.01,Kepler-1950 b,CONFIRMED,CANDIDATE,0.9860,0,0,0,0,10.776994400,1.2090000e-04,-1.2090000e-04,140.2902000,9.790000e-03,-9.790000e-03,0.0690,0.3810,-0.0690,2.61600,0.23500,-0.23500,1.8560e+02,1.950e+01,-1.950e+01,1.15,2.500e-01,-1.700e-01,752.0,,,75.83,51.67,-27.16,11.30,1,q1_q17_dr25_tce,5455.00,162.00,-162.00,4.457,0.124,-0.170,0.8520,0.1900,-0.1270,287.087490,42.668671,14.587
3762750,K07668.01,,CANDIDATE,CANDIDATE,0.7700,0,0,0,0,2.509334400,4.1450000e-05,-4.1450000e-05,133.1123000,1.300000e-02,-1.300000e-02,0.0190,0.5150,-0.0190,1.83300,0.64000,-0.64000,1.8430e+02,5.290e+01,-5.290e+01,1.47,4.500e-01,-1.900e-01,1483.0,,,1143.04,1026.37,-413.75,8.40,1,q1_q17_dr25_tce,6278.00,174.00,-261.00,4.425,0.065,-0.195,1.0810,0.3290,-0.1410,295.372040,38.897739,15.588
8645191,K04311.01,,FALSE POSITIVE,FALSE POSITIVE,0.0000,1,0,1,0,0.918921494,1.7890000e-06,-1.7890000e-06,131.6801600,1.580000e-03,-1.580000e-03,0.0110,0.4460,-0.0110,0.94250,0.05430,-0.05430,3.2100e+02,1.570e+01,-1.570e+01,1.49,4.000e-01,-1.300e-01,1697.0,,,1960.12,1563.63,-514.97,23.70,1,q1_q17_dr25_tce,5655.00,169.00,-169.00,4.561,0.042,-0.179,0.8330,0.2200,-0.0730,298.299530,44.788990,15.606
10722485,K04312.01,Kepler-1588 b,CONFIRMED,CANDIDATE,0.9900,0,0,0,0,7.849318770,7.5560000e-05,-7.5560000e-05,134.8747000,8.460000e-03,-8.460000e-03,0.1070,0.3520,-0.1070,3.74700,0.31000,-0.31000,6.8200e+01,6.600e+00,-6.600e+00,0.81,1.200e-01,-1.100e-01,925.0,,,172.98,70.00,-52.88,12.60,1,q1_q17_dr25_tce,5678.00,113.00,-91.00,4.365,0.144,-0.108,0.9900,0.1380,-0.1380,288.232700,48.002178,13.858
9717958,K04313.01,,FALSE POSITIVE,FALSE POSITIVE,,1,0,0,0,67.712598800,2.9400000e-04,-2.9400000e-04,149.8216500,3.690000e-03,-3.690000e-03,1.8756,0.1083,-0.6561,1.53800,0.19400,-0.19400,5.4240e+02,5.750e+01,-5.750e+01,82.63,3.503e+01,-6.630e+00,460.0,,,10.63,13.37,-2.62,13.40,2,q1_q17_dr24_tce,6309.00,173.00,-179.00,4.517,0.052,-0.306,0.8470,0.3590,-0.0680,294.915770,46.485321,14.213
8128067,K04314.01,,FALSE POSITIVE,FALSE POSITIVE,0.0000,0,1,0,0,12.428557600,3.2030000e-04,-3.2030000e-04,133.7175000,2.250000e-02,-2.250000e-02,0.8920,0.0160,-0.6370,13.98000,0.75600,-0.75600,6.2010e+02,5.350e+01,-5.350e+01,2.22,4.400e-01,-1.800e-01,669.0,,,47.26,29.57,-11.91,13.20,1,q1_q17_dr25_tce,5492.00,164.00,-164.00,4.604,0.032,-0.128,0.7520,0.1520,-0.0610,300.563050,43.980068,15.663
7703910,K04379.01,,FALSE POSITIVE,FALSE POSITIVE,0.0000,0,0,1,0,1.275511306,9.5490000e-06,-9.5490000e-06,132.4465400,6.360000e-03,-6.360000e-03,0.0110,0.4400,-0.0100,1.88900,0.18700,-0.18700,6.9300e+01,7.900e+00,-7.900e+00,0.84,2.600e-01,-1.200e-01,1739.0,,,2160.97,1899.85,-795.87,10.30,1,q1_q17_dr25_tce,5921.00,158.00,-193.00,4.418,0.101,-0.203,1.0150,0.3050,-0.1530,298.010160,43.371590,15.083
7777818,K04380.01,,FALSE POSITIVE,FALSE POSITIVE,1.0000,0,0,1,0,5.781599560,4.5220000e-05,-4.5220000e-05,136.7717800,6.010000e-03,-6.010000e-03,0.6600,0.2900,-0.4550,2.22200,0.18100,-0.18100,7.2800e+01,5.600e+00,-5.600e+00,1.70,5.100e-01,-5.600e-01,1475.0,,,1117.19,981.46,-682.91,16.40,1,q1_q17_dr25_tce,6443.00,181.00,-227.00,4.023,0.299,-0.161,1.8840,0.5590,-0.6220,298.949010,43.441715,13.384
9851360,K04381.01,,FALSE POSITIVE,FALSE POSITIVE,0.0000,0,0,1,1,8.480501900,2.1200000e-04,-2.1200000e-04,135.8339000,2.040000e-02,-2.040000e-02,0.9720,0.0080,-0.6730,8.34500,0.51500,-0.51500,1.6490e+02,1.760e+01,-1.760e+01,1.26,1.800e-01,-1.300e-01,781.0,,,87.82,42.81,-25.39,11.00,1,q1_q17_dr25_tce,5555.00,181.00,-165.00,4.554,0.085,-0.085,0.7370,0.1060,-0.0770,298.858920,46.697208,15.313
9886361,K02732.04,,CANDIDATE,CANDIDATE,0.8480,0,0,0,0,24.560710700,3.7530000e-04,-3.7530000e-04,146.7938000,1.610000e-02,-1.610000e-02,0.3740,0.0960,-0.3740,8.67900,0.35000,-0.35000,5.5200e+01,3.900e+00,-3.900e+00,1.13,2.000e-01,-1.900e-01,787.0,,,90.55,45.11,-32.54,14.90,4,q1_q17_dr25_tce,6170.00,110.00,-135.00,4.192,0.137,-0.125,1.4990,0.2720,-0.2450,289.921450,46.744560,12.805
6937529,K04382.01,Kepler-1597 b,CONFIRMED,CANDIDATE,1.0000,0,0,0,0,2.946489350,2.5140000e-05,-2.5140000e-05,132.4220800,6.790000e-03,-6.790000e-03,0.0100,0.4440,-0.0090,3.15500,0.23800,-0.23800,5.7000e+01,5.100e+00,-5.100e+00,0.89,2.500e-01,-1.000e-01,1497.0,,,1187.50,921.50,-368.65,12.70,1,q1_q17_dr25_tce,6481.00,145.00,-193.00,4.378,0.069,-0.172,1.1710,0.3220,-0.1380,288.163970,42.481079,14.144
9490653,K04173.01,,FALSE POSITIVE,FALSE POSITIVE,0.0000,0,0,1,0,1.227986164,6.3580000e-06,-6.3580000e-06,131.8449100,5.140000e-03,-5.140000e-03,0.4770,0.0150,-0.4530,1.55100,0.16500,-0.16500,1.5050e+02,1.280e+01,-1.280e+01,1.17,3.100e-01,-1.700e-01,1673.0,,,1846.47,1485.55,-648.17,14.80,1,q1_q17_dr25_tce,5746.00,172.00,-172.00,4.435,0.116,-0.174,0.9310,0.2480,-0.1340,300.230930,46.045200,14.966
3328027,K04174.01,,FALSE POSITIVE,FALSE POSITIVE,0.0000,0,0,1,1,2.115488830,2.1420000e-05,-2.1420000e-05,132.0094200,9.800000e-03,-9.800000e-03,0.5050,0.4740,-0.2980,4.00800,0.32400,-0.32400,1.6950e+02,1.200e+01,-1.200e+01,1.29,4.000e-01,-1.300e-01,1426.0,,,978.38,906.12,-292.55,17.60,1,q1_q17_dr25_tce,5952.00,184.00,-205.00,4.489,0.052,-0.208,0.9710,0.2970,-0.0990,287.189670,38.423820,15.627
3644631,K07659.01,,FALSE POSITIVE,FALSE POSITIVE,0.0000,1,0,1,0,358.962470000,3.6240000e-02,-3.6240000e-02,295.9933000,5.830000e-02,-5.830000e-02,0.4240,0.0260,-0.4240,23.49000,2.00000,-2.00000,6.7080e+02,6.700e+01,-6.700e+01,2.37,7.200e-01,-2.300e-01,242.0,,,0.81,0.73,-0.23,12.10,1,q1_q17_dr25_tce,5743.00,156.00,-190.00,4.527,0.048,-0.204,0.9040,0.2750,-0.0860,291.195590,38.788078,15.389
9640931,K04175.01,,FALSE POSITIVE,FALSE POSITIVE,0.0000,0,0,1,1,2.178151960,1.3830000e-05,-1.3830000e-05,132.0220800,6.430000e-03,-6.430000e-03,0.3200,0.1390,-0.3200,2.44500,0.16200,-0.16200,2.4500e+02,1.690e+01,-1.690e+01,1.09,1.700e-01,-8.000e-02,1139.0,,,395.98,199.00,-94.48,17.90,1,q1_q17_dr25_tce,5357.00,160.00,-160.00,4.634,0.036,-0.090,0.7000,0.1090,-0.0510,287.968750,46.301659,15.916
5125196,K04176.01,,FALSE POSITIVE,FALSE POSITIVE,,1,0,1,0,342.315407000,8.9320000e-03,-8.9320000e-03,157.0157000,1.900000e-02,-1.900000e-02,0.1974,0.2513,-0.1973,12.47600,0.78500,-0.78500,7.1970e+02,6.630e+01,-6.630e+01,3.15,1.520e+00,-4.200e-01,304.0,,,2.03,2.88,-0.77,13.30,2,q1_q16_tce,6425.00,154.00,-304.00,4.373,0.079,-0.286,1.1640,0.5620,-0.1550,298.053380,40.210739,15.091
9640962,K04177.01,,FALSE POSITIVE,FALSE POSITIVE,0.0000,0,0,1,1,1.089077224,7.9550000e-06,-7.9550000e-06,132.0247700,6.790000e-03,-6.790000e-03,0.2060,0.2520,-0.2060,2.70500,0.21000,-0.21000,1.5270e+02,1.030e+01,-1.030e+01,1.00,1.100e-01,-8.000e-02,1458.0,,,1068.22,415.89,-269.35,18.70,1,q1_q17_dr25_tce,5118.00,154.00,-154.00,4.547,0.042,-0.084,0.8300,0.0920,-0.0670,287.985690,46.348400,15.472
5097454,K04244.01,,FALSE POSITIVE,FALSE POSITIVE,0.0000,0,1,1,1,1.288066288,1.1250000e-06,-1.1250000e-06,133.2731870,8.120000e-04,-8.120000e-04,1.3780,1.2330,-0.1330,6.46160,0.04240,-0.04240,1.0083e+04,5.480e+01,-5.480e+01,34.84,3.060e+00,-2.720e+00,1310.0,,,692.00,247.26,-182.09,230.70,1,q1_q17_dr25_tce,5233.00,183.00,-183.00,4.625,0.066,-0.048,0.6390,0.0560,-0.0500,291.248660,40.221352,15.313
12737015,K04245.01,,CANDIDATE,CANDIDATE,0.9650,0,0,0,0,24.668383100,3.5080000e-04,-3.5080000e-04,136.6330000,1.240000e-02,-1.240000e-02,0.7510,0.2130,-0.5290,8.55600,0.35300,-0.35300,1.0920e+02,8.100e+00,-8.100e+00,1.76,3.000e-01,-3.700e-01,788.0,,,91.32,43.64,-39.77,15.30,1,q1_q17_dr25_tce,6059.00,109.00,-146.00,4.151,0.168,-0.112,1.5540,0.2690,-0.3280,290.480070,51.965012,13.572
3663141,K07663.01,,FALSE POSITIVE,FALSE POSITIVE,0.0160,1,0,1,0,2.318942840,4.5490000e-05,-4.5490000e-05,132.9696000,1.880000e-02,-1.880000e-02,0.7200,0.2180,-0.4990,5.32100,0.47500,-0.47500,6.6500e+01,6.200e+00,-6.200e+00,0.87,0.000e+00,0.000e+00,1375.0,,,844.12,0.00,0.00,13.60,1,q1_q17_dr25_tce,5780.00,,,4.438,,,1.0000,,,295.663240,38.718243,13.232
5177859,K04246.01,Kepler-1576 b,CONFIRMED,CANDIDATE,0.3640,0,0,0,0,6.984721430,6.1640000e-05,-6.1640000e-05,135.9973100,7.080000e-03,-7.080000e-03,0.4510,0.0550,-0.4070,2.72400,0.20200,-0.20200,9.0700e+01,8.700e+00,-8.700e+00,1.19,3.400e-01,-2.600e-01,1059.0,,,297.15,255.24,-136.99,11.70,1,q1_q17_dr25_tce,5839.00,156.00,-174.00,4.279,0.175,-0.175,1.2270,0.3600,-0.2700,289.073970,40.366009,13.382
8482059,K04247.01,,CANDIDATE,CANDIDATE,,0,0,0,0,349.410470000,2.5890000e-02,-2.5890000e-02,241.4685000,4.740000e-02,-4.740000e-02,0.2791,0.2060,-0.2786,15.02000,1.80000,-1.80000,6.5280e+02,8.340e+01,-8.340e+01,2.41,7.500e-01,-1.900e-01,253.0,,,0.97,0.88,-0.25,17.70,1,q1_q16_tce,5878.00,150.00,-191.00,4.512,0.032,-0.241,0.9450,0.2940,-0.0770,285.853150,44.572220,15.346
4568117,K04248.01,,FALSE POSITIVE,FALSE POSITIVE,0.0000,0,1,1,1,0.562563871,2.2320000e-06,-2.2320000e-06,131.7345800,3.440000e-03,-3.440000e-03,0.3600,0.1110,-0.3600,1.59100,0.15100,-0.15100,3.4600e+01,2.700e+00,-2.700e+00,0.69,2.200e-01,-8.000e-02,2626.0,,,11201.45,10121.63,-3505.27,16.40,1,q1_q17_dr25_tce,6577.00,148.00,-214.00,4.381,0.070,-0.210,1.1450,0.3660,-0.1310,293.488250,39.696331,13.540
10342248,K04315.01,,FALSE POSITIVE,FALSE POSITIVE,0.0000,0,0,0,1,0.933734580,7.5670000e-06,-7.5670000e-06,131.5347800,8.890000e-03,-8.890000e-03,0.5740,0.2990,-0.5740,4.36400,0.78400,-0.78400,1.2770e+02,1.090e+01,-1.090e+01,0.93,1.800e-01,-7.000e-02,1573.0,,,1446.48,902.30,-373.80,27.80,1,q1_q17_dr25_tce,5335.00,185.00,-185.00,4.577,0.030,-0.127,0.8040,0.1530,-0.0610,292.911960,47.475040,14.760
9777290,K04316.01,,FALSE POSITIVE,FALSE POSITIVE,0.0000,0,0,0,1,1.332519480,2.0170000e-05,-2.0170000e-05,132.0885000,1.500000e-02,-1.500000e-02,0.4020,0.0960,-0.3750,3.73300,0.27400,-0.27400,2.3370e+02,1.600e+01,-1.600e+01,1.64,4.800e-01,-2.600e-01,1751.0,,,2218.21,1966.70,-848.59,17.70,1,q1_q17_dr25_tce,5926.00,184.00,-205.00,4.381,0.108,-0.201,1.0580,0.3090,-0.1660,294.546420,46.507870,16.334
8548427,K04317.01,,FALSE POSITIVE,FALSE POSITIVE,,1,0,0,0,168.846630000,1.0830000e-02,-1.0830000e-02,231.2295000,3.800000e-02,-3.800000e-02,0.1251,0.3255,-0.1251,9.75000,1.20000,-1.20000,2.1510e+02,3.200e+01,-3.200e+01,1.45,5.900e-01,-1.300e-01,329.0,,,2.78,3.37,-0.74,9.30,1,q1_q16_tce,5897.00,149.00,-191.00,4.489,0.038,-0.297,0.9920,0.4110,-0.0850,286.793700,44.638561,13.859
9286088,K04318.01,,CANDIDATE,CANDIDATE,0.9380,0,0,0,0,14.816292500,2.6310000e-04,-2.6310000e-04,138.3761000,1.270000e-02,-1.270000e-02,0.8570,0.0990,-0.6080,4.97300,0.36200,-0.36200,1.0820e+02,1.000e+01,-1.000e+01,1.57,2.500e-01,-2.100e-01,912.0,,,163.33,73.41,-49.91,12.50,1,q1_q17_dr25_tce,6356.00,115.00,-128.00,4.270,0.090,-0.110,1.3250,0.2140,-0.1750,293.938320,45.719021,12.583
6289344,K04319.01,,FALSE POSITIVE,FALSE POSITIVE,0.0000,0,1,1,0,160.412202200,9.9730000e-04,-9.9730000e-04,262.4002200,4.560000e-03,-4.560000e-03,0.9030,0.0050,-0.6340,4.92000,0.24100,-0.24100,2.5380e+03,1.170e+02,-1.170e+02,4.45,6.600e-01,-3.400e-01,270.0,,,1.26,0.62,-0.29,24.40,1,q1_q17_dr25_tce,5269.00,158.00,-142.00,4.620,0.030,-0.090,0.7270,0.1090,-0.0550,293.207730,41.698582,15.407
6937529,K04382.02,,CANDIDATE,CANDIDATE,,0,0,0,0,3.981670880,5.2620000e-05,-5.2620000e-05,134.9767000,1.080000e-02,-1.080000e-02,0.2076,0.2343,-0.2076,3.60900,0.28300,-0.28300,4.4700e+01,5.400e+00,-5.400e+00,0.79,3.800e-01,-9.000e-02,1356.0,,,798.79,1117.56,-264.03,10.30,,,6484.00,155.00,-225.00,4.377,0.067,-0.283,1.1730,0.5600,-0.1430,288.163970,42.481079,14.144
9883606,K04383.01,Kepler-1598 b,CONFIRMED,CANDIDATE,0.9990,0,0,0,0,4.341953120,3.5500000e-05,-3.5500000e-05,134.1876700,6.660000e-03,-6.660000e-03,0.1180,0.3340,-0.1180,2.59800,0.20700,-0.20700,7.3300e+01,7.700e+00,-7.700e+00,0.94,3.000e-01,-1.300e-01,1236.0,,,552.70,519.44,-197.27,10.60,1,q1_q17_dr25_tce,6164.00,165.00,-220.00,4.378,0.090,-0.210,1.0900,0.3500,-0.1500,288.469090,46.783680,13.874
5860968,K04384.01,Kepler-1599 b,CONFIRMED,CANDIDATE,0.9970,0,0,0,0,122.358116000,4.2020000e-03,-4.2020000e-03,134.3477000,1.900000e-02,-1.900000e-02,0.2550,0.1980,-0.2550,10.76800,0.69000,-0.69000,3.5280e+02,3.490e+01,-3.490e+01,2.15,6.100e-01,-4.100e-01,407.0,,,6.46,5.54,-2.70,12.20,1,q1_q17_dr25_tce,5998.00,180.00,-180.00,4.324,0.153,-0.187,1.1390,0.3240,-0.2160,286.220890,41.151249,14.945
3645438,K04385.01,Kepler-1600 c,CONFIRMED,CANDIDATE,1.0000,0,0,0,0,7.298142000,5.4230000e-05,-5.4230000e-05,137.8567400,6.290000e-03,-6.290000e-03,0.4110,0.0590,-0.4110,3.02400,0.14600,-0.14600,3.7050e+02,2.940e+01,-2.940e+01,1.60,9.000e-02,-1.000e-01,786.0,,,90.04,17.03,-15.83,13.60,2,q1_q17_dr25_tce,5119.00,82.00,-82.00,4.508,0.060,-0.040,0.8340,0.0470,-0.0520,291.399380,38.787750,15.825
8480582,K04386.01,Kepler-1702 b,CONFIRMED,CANDIDATE,0.9670,0,0,0,0,18.501089800,1.5570000e-04,-1.5570000e-04,149.1756900,6.010000e-03,-6.010000e-03,0.7190,0.0460,-0.5120,3.17900,0.17000,-0.17000,4.2110e+02,3.380e+01,-3.380e+01,1.62,2.400e-01,-1.400e-01,555.0,,,22.40,11.10,-5.48,14.70,1,q1_q17_dr25_tce,5242.00,158.00,-142.00,4.613,0.030,-0.090,0.7340,0.1120,-0.0600,284.972500,44.567551,15.789
5197233,K04178.01,,CANDIDATE,CANDIDATE,1.0000,0,0,0,0,7.016016000,6.2950000e-03,-6.2950000e-03,133.9561000,8.730000e-02,-8.730000e-02,0.8900,0.1050,-0.6410,3.80000,13.20000,-13.20000,1.6900e+02,1.540e+02,-1.540e+02,1.72,5.000e-01,-2.200e-01,1138.0,,,396.43,340.45,-131.37,6.30,1,q1_q17_dr25_tce,6642.00,178.00,-218.00,4.390,0.062,-0.187,1.1360,0.3330,-0.1430,294.635160,40.322128,14.404
10936786,K04179.01,,FALSE POSITIVE,FALSE POSITIVE,0.0000,0,1,1,0,0.569961046,2.1940000e-06,-2.1940000e-06,131.8027300,3.810000e-03,-3.810000e-03,0.3430,0.1310,-0.3430,1.44600,0.11900,-0.11900,4.4200e+01,3.000e+00,-3.000e+00,1.04,2.600e-01,-3.800e-01,2743.0,,,13463.04,9803.62,-8717.14,18.90,1,q1_q17_dr25_tce,5814.00,158.00,-176.00,4.066,0.357,-0.127,1.5490,0.3810,-0.5710,298.463410,48.321850,13.333
7119481,K00566.03,,CANDIDATE,CANDIDATE,0.9640,0,0,0,0,42.068554000,1.0610000e-03,-1.0610000e-03,165.0211000,2.600000e-02,-2.600000e-02,0.0220,0.4410,-0.0220,5.72300,0.49600,-0.49600,1.8630e+02,1.890e+01,-1.890e+01,1.32,4.100e-01,-1.400e-01,541.0,,,20.28,19.05,-6.05,9.80,2,q1_q17_dr25_tce,6122.00,182.00,-200.00,4.487,0.054,-0.216,0.9640,0.3020,-0.1010,292.316010,42.626251,14.718
6938264,K04180.01,,FALSE POSITIVE,FALSE POSITIVE,1.0000,0,0,1,0,1.121634781,3.9690000e-06,-3.9690000e-06,132.3131100,2.960000e-03,-2.960000e-03,0.4090,0.0530,-0.4090,1.15500,0.11100,-0.11100,7.1500e+01,6.300e+00,-6.300e+00,0.60,3.000e-02,-4.000e-02,1225.0,,,529.90,131.86,-139.40,14.80,1,q1_q17_dr25_tce,4518.00,143.00,-159.00,4.589,0.042,-0.025,0.7200,0.0360,-0.0560,288.443050,42.456760,13.958
9899315,K04181.01,,FALSE POSITIVE,FALSE POSITIVE,0.0000,0,0,1,1,1.332569790,1.3150000e-05,-1.3150000e-05,132.0527900,8.850000e-03,-8.850000e-03,0.2070,0.2770,-0.2070,3.29300,0.24500,-0.24500,1.0420e+02,6.900e+00,-6.900e+00,0.97,3.000e-01,-1.000e-01,1692.0,,,1943.76,1779.52,-571.71,18.40,1,q1_q17_dr25_tce,6089.00,181.00,-199.00,4.495,0.050,-0.200,0.9500,0.2900,-0.0970,295.199830,46.731731,15.377
9541089,K04182.01,,FALSE POSITIVE,FALSE POSITIVE,0.0000,1,0,0,0,0.536650896,5.7500000e-07,-5.7500000e-07,131.7099310,8.430000e-04,-8.430000e-04,1.1750,0.1010,-0.0940,4.70200,0.12300,-0.12300,2.7320e+02,3.200e+00,-3.200e+00,18.45,4.900e+00,-2.090e+00,2163.0,,,5179.76,3975.37,-1538.72,117.80,1,q1_q17_dr25_tce,5819.00,145.00,-160.00,4.494,0.075,-0.188,0.8810,0.2340,-0.1000,297.274480,46.117908,13.956
3650049,K04249.01,,FALSE POSITIVE,FALSE POSITIVE,0.0000,1,0,0,0,397.736990000,1.1170000e-02,-1.1170000e-02,222.0316000,1.820000e-02,-1.820000e-02,0.8830,0.0130,-0.6410,11.76000,0.84400,-0.84400,1.1315e+03,8.720e+01,-8.720e+01,3.05,4.000e-01,-3.600e-01,211.0,,,0.47,0.21,-0.14,15.30,1,q1_q17_dr25_tce,5313.00,175.00,-143.00,4.521,0.099,-0.081,0.7680,0.1000,-0.0900,292.580870,38.709110,15.086
9641076,K04250.01,,FALSE POSITIVE,FALSE POSITIVE,0.0000,0,0,1,1,2.178186990,1.5270000e-05,-1.5270000e-05,132.0047700,6.150000e-03,-6.150000e-03,0.5530,0.4030,-0.3490,2.68600,0.16600,-0.16600,1.1580e+02,8.900e+00,-8.900e+00,1.03,2.700e-01,-1.600e-01,1347.0,,,776.45,601.66,-282.10,15.40,1,q1_q17_dr25_tce,5584.00,166.00,-149.00,4.428,0.120,-0.180,0.9320,0.2390,-0.1470,288.049800,46.358330,15.123
8741470,K04251.01,,CANDIDATE,CANDIDATE,1.0000,0,0,0,0,6.239683920,2.4420000e-05,-2.4420000e-05,133.7212400,3.070000e-03,-3.070000e-03,0.6790,0.0490,-0.5370,0.66800,0.18000,-0.18000,1.5590e+02,2.280e+01,-2.280e+01,1.55,4.100e-01,-3.000e-01,1060.0,,,299.03,235.11,-125.10,9.00,1,q1_q17_dr25_tce,5751.00,156.00,-156.00,4.303,0.180,-0.180,1.1430,0.3050,-0.2220,286.353390,44.961182,13.795
11125613,K02485.02,Kepler-1254 c,CONFIRMED,CANDIDATE,0.9980,0,0,0,0,3.600828550,1.7250000e-05,-1.7250000e-05,134.0370000,3.550000e-03,-3.550000e-03,0.3950,0.0640,-0.3950,1.93800,0.12300,-0.12300,2.9630e+02,1.950e+01,-1.950e+01,1.36,4.000e-02,-9.000e-02,927.0,,,174.45,24.19,-32.29,17.90,1,q1_q17_dr25_tce,4838.00,77.00,-77.00,4.524,0.063,-0.018,0.7960,0.0270,-0.0540,285.173340,48.770039,15.311
10525049,K04252.01,Kepler-1948 b,CONFIRMED,CANDIDATE,0.9990,0,0,0,0,15.571412100,1.0770000e-04,-1.0770000e-04,136.5852900,5.670000e-03,-5.670000e-03,0.3120,0.1390,-0.3120,2.29400,0.22200,-0.22200,1.7350e+02,1.720e+01,-1.720e+01,0.72,5.000e-02,-4.000e-02,399.0,,,5.98,1.27,-1.14,13.00,1,q1_q17_dr25_tce,3872.00,77.00,-84.00,4.714,0.027,-0.030,0.5570,0.0330,-0.0330,287.364040,47.785210,13.977
9896018,K02579.02,Kepler-1859 c,CONFIRMED,CANDIDATE,0.9800,0,0,0,0,3.596450810,3.6440000e-05,-3.6440000e-05,132.7720900,7.610000e-03,-7.610000e-03,0.7810,0.1760,-0.5450,2.66100,0.21300,-0.21300,1.4960e+02,1.110e+01,-1.110e+01,1.66,2.900e-01,-2.300e-01,1327.0,,,732.82,323.35,-221.37,16.20,2,q1_q17_dr25_tce,5887.00,70.00,-79.00,4.292,0.120,-0.120,1.2350,0.2130,-0.1750,293.988710,46.718021,15.147
5095082,K04320.01,Kepler-1951 b,CONFIRMED,CANDIDATE,0.5540,0,0,0,0,20.657944300,3.5090000e-04,-3.5090000e-04,145.6348000,1.320000e-02,-1.320000e-02,0.1880,0.2690,-0.1880,8.79800,0.40500,-0.40500,9.8200e+01,8.000e+00,-8.000e+00,1.27,2.300e-01,-2.900e-01,728.0,,,66.27,30.95,-29.23,14.10,1,q1_q17_dr25_tce,5468.00,81.00,-65.00,4.171,0.231,-0.116,1.3060,0.2300,-0.3060,290.499880,40.287689,14.216
12418891,K04321.01,,FALSE POSITIVE,FALSE POSITIVE,0.0000,0,0,1,1,0.760941405,4.1380000e-06,-4.1380000e-06,131.6297800,4.660000e-03,-4.660000e-03,0.2600,0.2080,-0.2600,1.77300,0.15200,-0.15200,1.8660e+02,1.540e+01,-1.540e+01,1.18,2.700e-01,-1.100e-01,1817.0,,,2591.44,1712.40,-714.29,15.20,1,q1_q17_dr25_tce,5629.00,152.00,-169.00,4.553,0.038,-0.152,0.8700,0.1930,-0.0830,296.471040,51.215221,15.855
3839294,K07669.01,,FALSE POSITIVE,FALSE POSITIVE,0.4090,1,0,0,0,137.665706000,1.8250000e-03,-1.8250000e-03,240.4461600,9.280000e-03,-9.280000e-03,0.0410,0.4160,-0.0410,3.73200,0.26600,-0.26600,5.3690e+02,5.400e+01,-5.400e+01,15.41,1.060e+00,-2.480e+00,720.0,,,63.38,12.08,-21.59,11.70,1,q1_q17_dr25_tce,4832.00,50.00,-79.00,2.953,0.030,-0.027,6.8970,0.4750,-1.1090,288.052920,38.937920,13.199
7698701,K04322.01,,FALSE POSITIVE,FALSE POSITIVE,,1,0,1,0,370.902370000,1.1500000e-02,-1.1500000e-02,205.0559000,2.350000e-02,-2.350000e-02,0.0566,0.4033,-0.0565,10.55800,0.62500,-0.62500,5.4580e+02,4.680e+01,-4.680e+01,1.97,8.000e-01,-1.500e-01,238.0,,,0.76,0.91,-0.18,14.70,,,5835.00,159.00,-159.00,4.554,0.029,-0.286,0.8470,0.3420,-0.0650,296.820070,43.388020,14.830
7698701,K04322.02,,FALSE POSITIVE,FALSE POSITIVE,,1,0,0,0,321.550870000,1.4610000e-02,-1.4610000e-02,241.8490000,2.700000e-02,-2.700000e-02,0.1608,0.2812,-0.1607,5.86300,0.85800,-0.85800,3.9700e+02,5.820e+01,-5.820e+01,1.68,6.900e-01,-1.200e-01,250.0,,,0.92,1.10,-0.22,8.20,,,5835.00,159.00,-159.00,4.554,0.029,-0.286,0.8470,0.3420,-0.0650,296.820070,43.388020,14.830
2830919,K04387.01,,FALSE POSITIVE,FALSE POSITIVE,0.0000,0,0,0,1,1.540389140,1.4980000e-05,-1.4980000e-05,132.0049400,5.800000e-03,-5.800000e-03,0.0430,0.4100,-0.0430,1.68300,0.21700,-0.21700,7.1800e+01,9.700e+00,-9.700e+00,0.84,2.400e-01,-1.300e-01,1638.0,,,1701.30,1418.98,-622.37,9.10,1,q1_q17_dr25_tce,5974.00,161.00,-179.00,4.422,0.101,-0.188,0.9890,0.2810,-0.1520,285.475340,38.099361,14.753
9588822,K04388.01,,FALSE POSITIVE,FALSE POSITIVE,0.0000,0,1,0,0,71.762363020,4.5890000e-05,-4.5890000e-05,170.0950820,5.270000e-04,-5.270000e-04,0.0520,0.0850,-0.0360,29.43500,0.01710,-0.01710,8.5919e+03,8.200e+00,-8.200e+00,25.76,7.210e+00,-1.563e+01,665.0,,,46.35,39.26,-39.88,1134.30,1,q1_q17_dr25_tce,5529.00,168.00,-140.00,3.685,0.712,-0.178,2.8170,0.7890,-1.7090,292.134280,46.202419,12.045
2997459,K04389.01,,CANDIDATE,CANDIDATE,0.5710,0,0,0,0,16.336886300,1.6770000e-04,-1.6770000e-04,132.2081600,7.230000e-03,-7.230000e-03,0.0660,0.3760,-0.0660,3.59700,0.19700,-0.19700,2.2590e+02,2.090e+01,-2.090e+01,1.27,3.400e-01,-1.900e-01,642.0,,,40.22,42.68,-18.18,12.10,1,q1_q17_dr25_tce,5410.00,334.00,-371.00,4.490,0.094,-0.175,0.8590,0.2350,-0.1260,293.130980,38.159679,15.050
8330207,K04390.01,,CANDIDATE,CANDIDATE,1.0000,0,0,0,0,1.636682620,1.0510000e-05,-1.0510000e-05,131.6458600,5.410000e-03,-5.410000e-03,1.2200,7.1890,-0.5180,1.90700,0.23500,-0.23500,9.2170e+02,8.860e+01,-8.860e+01,103.99,3.636e+01,-4.847e+01,2562.0,,,10160.30,10682.43,-7631.10,12.90,1,q1_q17_dr25_tce,5234.00,158.00,-174.00,3.436,0.402,-0.234,3.7390,1.3070,-1.7430,300.924840,44.249680,16.494
5881813,K02744.02,,CANDIDATE,CANDIDATE,0.5790,0,0,0,0,11.615625000,1.5280000e-04,-1.5280000e-04,131.9684300,8.230000e-03,-8.230000e-03,0.9770,0.0070,-0.7050,2.23300,0.36200,-0.36200,1.9120e+02,2.800e+01,-2.800e+01,2.84,4.300e-01,-1.000e+00,905.0,,,158.69,65.40,-95.39,8.80,2,q1_q17_dr25_tce,5332.00,88.00,-72.00,4.083,0.368,-0.092,1.4530,0.2180,-0.5100,293.527560,41.111439,15.162
11560897,K02365.02,Kepler-430 c,CONFIRMED,CANDIDATE,0.9470,0,0,0,0,110.978266000,3.3330000e-03,-3.3330000e-03,147.0226000,1.880000e-02,-1.880000e-02,0.0740,0.3820,-0.0740,11.31200,0.65000,-0.65000,1.5020e+02,1.200e+01,-1.200e+01,1.86,3.100e-01,-3.800e-01,463.0,,,10.84,4.75,-4.34,14.00,2,q1_q17_dr25_tce,5883.00,79.00,-79.00,4.149,0.176,-0.095,1.5290,0.2560,-0.3130,292.808650,49.579441,13.848
10858737,K04183.01,,FALSE POSITIVE,FALSE POSITIVE,0.0000,1,0,1,1,0.952378454,5.9510000e-06,-5.9510000e-06,131.8599900,5.010000e-03,-5.010000e-03,0.9960,0.0570,-0.6830,3.89200,0.36000,-0.36000,4.3800e+01,3.000e+00,-3.000e+00,1.46,4.300e-01,-2.500e-01,2528.0,,,9651.76,8362.08,-3967.61,17.40,3,q1_q17_dr25_tce,6963.00,192.00,-264.00,4.250,0.124,-0.186,1.3750,0.4040,-0.2350,290.706510,48.226559,13.541
6752002,K04184.01,Kepler-1945 b,CONFIRMED,CANDIDATE,0.9990,0,0,0,0,6.080037140,1.6680000e-05,-1.6680000e-05,136.8826200,2.280000e-03,-2.280000e-03,0.2540,0.1960,-0.2540,1.30800,0.08350,-0.08350,1.8400e+02,1.240e+01,-1.240e+01,1.07,9.000e-02,-1.200e-01,808.0,,,100.72,32.86,-29.28,17.70,1,q1_q17_dr25_tce,4991.00,149.00,-134.00,4.513,0.082,-0.060,0.8040,0.0690,-0.0890,281.898130,42.285870,13.473
7257966,K04185.01,Kepler-1946 b,CONFIRMED,CANDIDATE,0.9920,0,0,0,0,3.035206175,5.1700000e-06,-5.1700000e-06,132.3291000,1.340000e-03,-1.340000e-03,0.9650,0.0060,-0.6830,0.61820,0.08340,-0.08340,6.9690e+02,4.390e+01,-4.390e+01,3.59,8.000e-01,-3.700e-01,1143.0,,,403.53,275.65,-115.90,19.10,1,q1_q17_dr25_tce,5505.00,164.00,-164.00,4.503,0.063,-0.158,0.8730,0.1950,-0.0900,282.335630,42.845440,15.556
3644738,K07660.01,,FALSE POSITIVE,FALSE POSITIVE,0.0000,1,0,1,0,358.968440000,2.9220000e-02,-2.9220000e-02,295.8289000,4.730000e-02,-4.730000e-02,0.1510,0.3020,-0.1510,21.71000,1.40000,-1.40000,8.0780e+02,7.040e+01,-7.040e+01,2.70,7.000e-01,-3.000e-01,263.0,,,1.13,0.86,-0.35,13.30,1,q1_q17_dr25_tce,6117.00,170.00,-212.00,4.496,0.046,-0.184,0.9470,0.2440,-0.1040,291.227600,38.771351,15.360
9406892,K04186.01,,FALSE POSITIVE,FALSE POSITIVE,0.0000,0,1,1,0,2.213164370,1.3860000e-05,-1.3860000e-05,132.7128100,5.810000e-03,-5.810000e-03,0.6720,0.0330,-0.5090,3.87400,0.18900,-0.18900,1.1610e+02,5.100e+00,-5.100e+00,0.95,1.800e-01,-1.200e-01,1374.0,,,841.98,506.58,-269.40,27.90,1,q1_q17_dr25_tce,5921.00,178.00,-160.00,4.465,0.135,-0.149,0.8300,0.1600,-0.1070,292.969820,45.905579,14.400
9202434,K04253.01,,CANDIDATE,CANDIDATE,,0,0,0,0,173.257837200,8.1670000e-04,-8.1670000e-04,194.4584000,3.920000e-03,-3.920000e-03,1.9038,0.0241,-0.7369,2.02700,0.26600,-0.26600,6.8700e+02,7.010e+01,-7.010e+01,117.29,7.268e+01,-1.322e+01,376.0,,,4.73,8.87,-1.51,13.50,1,q1_q17_dr24_tce,6392.00,147.00,-228.00,4.399,0.057,-0.351,1.1620,0.7200,-0.1310,283.725520,45.676849,14.201
8487645,K04254.01,,FALSE POSITIVE,FALSE POSITIVE,0.0000,1,0,1,1,0.530967987,1.9210000e-06,-1.9210000e-06,131.7233600,3.500000e-03,-3.500000e-03,0.0930,0.3870,-0.0930,1.81200,0.10700,-0.10700,2.6900e+01,1.300e+00,-1.300e+00,1.08,3.100e-01,-2.000e-01,4196.0,,,73103.16,61299.22,-33623.61,24.10,1,q1_q17_dr25_tce,8473.00,237.00,-407.00,4.123,0.112,-0.168,2.0520,0.5810,-0.3880,288.850280,44.596939,12.717
10407482,K04255.01,Kepler-1577 b,CONFIRMED,CANDIDATE,0.9740,0,0,0,0,6.305583870,6.5360000e-05,-6.5360000e-05,131.5305800,9.390000e-03,-9.390000e-03,0.6010,0.3590,-0.3830,2.61900,0.27600,-0.27600,1.9310e+02,2.420e+01,-2.420e+01,2.52,1.360e+00,-1.360e+00,1125.0,,,378.90,631.53,-306.81,9.50,1,q1_q17_dr25_tce,4934.00,148.00,-133.00,3.927,0.658,-0.282,1.7560,0.9470,-0.9470,292.955260,47.573101,15.056
5817613,K04256.01,,FALSE POSITIVE,FALSE POSITIVE,0.0000,0,0,1,1,4.205860800,1.4920000e-04,-1.4920000e-04,132.2913000,3.040000e-02,-3.040000e-02,0.4380,0.0320,-0.4320,7.39000,0.65100,-0.65100,1.8200e+02,1.740e+01,-1.740e+01,1.14,3.000e-01,-1.000e-01,1012.0,,,248.04,202.41,-67.46,13.30,1,q1_q17_dr25_tce,5590.00,186.00,-186.00,4.560,0.031,-0.178,0.8390,0.2200,-0.0730,298.484250,41.069210,15.892
7901016,K04257.01,,CANDIDATE,CANDIDATE,0.7000,0,0,0,0,41.675750900,5.9930000e-04,-5.9930000e-04,169.7910000,1.170000e-02,-1.170000e-02,0.2560,0.1810,-0.2560,10.84800,0.33600,-0.33600,1.4200e+02,7.100e+00,-7.100e+00,2.10,5.100e-01,-9.500e-01,690.0,,,53.72,38.64,-39.24,22.60,1,q1_q17_dr25_tce,5745.00,156.00,-156.00,3.957,0.465,-0.155,1.7630,0.4280,-0.7960,295.133300,43.631432,13.340
5385410,K04323.01,,CANDIDATE,CANDIDATE,0.9100,0,0,0,0,11.495895670,7.2450000e-05,-7.2450000e-05,139.3805300,5.630000e-03,-5.630000e-03,0.2950,0.1490,-0.2950,2.25600,0.15500,-0.15500,1.0830e+02,9.500e+00,-9.500e+00,1.59,4.600e-01,-4.200e-01,1057.0,,,295.46,255.66,-156.16,13.20,1,q1_q17_dr25_tce,6290.00,170.00,-208.00,4.133,0.252,-0.168,1.5060,0.4440,-0.4000,297.581940,40.531300,13.582
9910942,K04324.01,,FALSE POSITIVE,FALSE POSITIVE,0.0000,0,0,1,1,8.480332600,1.7240000e-04,-1.7240000e-04,135.8598000,1.830000e-02,-1.830000e-02,0.5560,0.4120,-0.3400,5.91800,0.55800,-0.55800,3.5600e+01,3.900e+00,-3.900e+00,1.35,2.600e-01,-4.600e-01,1390.0,,,882.07,527.66,-540.43,11.00,1,q1_q17_dr25_tce,6245.00,172.00,-191.00,3.826,0.308,-0.103,2.1790,0.4300,-0.7360,298.824950,46.713531,12.797
7749002,K04325.01,,CANDIDATE,CANDIDATE,0.8680,0,0,0,0,0.609926502,2.4370000e-06,-2.4370000e-06,131.8034700,3.090000e-03,-3.090000e-03,0.2400,0.2180,-0.2400,1.25290,0.09690,-0.09690,1.3380e+02,1.050e+01,-1.050e+01,1.12,3.700e-01,-1.200e-01,2141.0,,,4990.14,4831.82,-1553.05,15.30,1,q1_q17_dr25_tce,5936.00,176.00,-211.00,4.501,0.039,-0.221,0.9650,0.3120,-0.1040,290.391720,43.440338,15.682
10924340,K04326.01,,FALSE POSITIVE,FALSE POSITIVE,0.0000,1,0,0,1,0.750744255,9.9500000e-07,-9.9500000e-07,132.1826100,1.320000e-03,-1.320000e-03,1.1540,0.6330,-0.0900,1.79210,0.05550,-0.05550,1.7060e+02,4.100e+00,-4.100e+00,17.07,5.560e+00,-1.480e+00,2074.0,,,4387.10,4198.22,-1150.86,50.40,2,q1_q17_dr25_tce,6187.00,169.00,-188.00,4.499,0.041,-0.230,0.9370,0.3050,-0.0810,293.808840,48.365620,13.941
5371777,K04327.01,Kepler-1589 b,CONFIRMED,CANDIDATE,0.9920,0,0,0,0,0.991659646,7.9460000e-06,-7.9460000e-06,131.5368600,4.870000e-03,-4.870000e-03,0.7650,0.1960,-0.5310,2.21500,0.18300,-0.18300,7.7300e+01,6.800e+00,-6.800e+00,1.19,2.000e-01,-1.300e-01,2102.0,,,4614.18,1950.29,-1169.03,13.50,1,q1_q17_dr25_tce,6117.00,73.00,-92.00,4.315,0.084,-0.126,1.2440,0.2050,-0.1360,294.441800,40.571678,14.978
3848083,K07670.01,,CANDIDATE,CANDIDATE,0.9990,0,0,0,0,8.479526600,3.5400000e-04,-3.5400000e-04,138.1276000,4.090000e-02,-4.090000e-02,0.1360,0.3250,-0.1360,6.05200,0.90000,-0.90000,1.6330e+02,2.420e+01,-2.420e+01,1.18,3.300e-01,-1.100e-01,865.0,,,132.02,109.18,-39.30,8.00,1,q1_q17_dr25_tce,5841.00,163.00,-225.00,4.520,0.046,-0.196,0.9310,0.2600,-0.0870,290.815890,38.970921,15.994
6359926,K04391.01,,CANDIDATE,CANDIDATE,0.9900,0,0,0,0,49.474696600,9.8150000e-04,-9.8150000e-04,166.1420000,1.710000e-02,-1.710000e-02,0.4910,0.4760,-0.2780,10.46000,0.52500,-0.52500,2.9100e+02,1.920e+01,-1.920e+01,1.62,4.600e-01,-2.000e-01,498.0,,,14.50,12.16,-4.63,17.20,1,q1_q17_dr25_tce,5952.00,161.00,-179.00,4.475,0.067,-0.189,0.9280,0.2650,-0.1140,290.395050,41.781570,14.955
6629993,K04392.01,,FALSE POSITIVE,FALSE POSITIVE,0.0000,0,0,1,0,118.609553000,7.1730000e-03,-7.1730000e-03,172.0788000,4.210000e-02,-4.210000e-02,0.9930,0.0210,-0.7030,22.74000,1.70000,-1.70000,3.8090e+02,3.050e+01,-3.050e+01,2.86,2.600e-01,-2.800e-01,299.0,,,1.88,0.64,-0.53,13.10,1,q1_q17_dr25_tce,5017.00,151.00,-151.00,4.531,0.066,-0.054,0.7920,0.0720,-0.0790,297.837130,42.079369,15.133
8324518,K04393.01,,CANDIDATE,CANDIDATE,0.9360,0,0,0,0,1.628882670,9.3750000e-06,-9.3750000e-06,132.3389900,3.920000e-03,-3.920000e-03,0.1470,0.3100,-0.1470,1.72000,0.12400,-0.12400,1.3090e+02,1.220e+01,-1.220e+01,0.92,1.900e-01,-8.000e-02,1327.0,,,733.67,485.20,-187.70,12.50,1,q1_q17_dr25_tce,5398.00,177.00,-160.00,4.571,0.034,-0.136,0.8110,0.1690,-0.0680,299.276580,44.291981,15.295
10427700,K04394.01,,FALSE POSITIVE,FALSE POSITIVE,0.0000,1,0,0,0,0.616386349,1.1040000e-06,-1.1040000e-06,131.6431500,1.380000e-03,-1.380000e-03,0.2260,0.2300,-0.2260,0.81360,0.05930,-0.05930,7.9400e+01,4.400e+00,-4.400e+00,2.94,6.400e-01,-1.180e+00,3552.0,,,37463.63,24935.48,-25895.29,21.90,1,q1_q17_dr25_tce,5665.00,170.00,-204.00,3.580,0.338,-0.135,3.2660,0.7070,-1.3130,299.419860,47.562832,12.985
3103473,K04395.01,,CANDIDATE,CANDIDATE,0.5280,0,0,0,0,1.920062587,8.5160000e-06,-8.5160000e-06,131.7267800,3.630000e-03,-3.630000e-03,0.3870,0.0570,-0.3870,1.43700,0.12900,-0.12900,2.2680e+02,2.050e+01,-2.050e+01,1.12,1.600e-01,-9.000e-02,1189.0,,,471.84,217.13,-114.60,12.60,1,q1_q17_dr25_tce,5266.00,158.00,-142.00,4.611,0.036,-0.090,0.7410,0.1030,-0.0600,287.840000,38.255489,15.686
11296045,K04396.01,,FALSE POSITIVE,FALSE POSITIVE,,1,0,0,0,88.913231390,,,145.6230854,,,,,,2.92000,,,,,,,,,,,,,,,,,,,,,,,,,,,291.361880,49.021980,12.981
3124598,K04187.01,,FALSE POSITIVE,FALSE POSITIVE,0.0000,0,0,1,0,7.071623080,4.6430000e-05,-4.6430000e-05,136.4625300,5.780000e-03,-5.780000e-03,0.3310,0.1510,-0.3310,2.58700,0.17900,-0.17900,1.2300e+02,8.700e+00,-8.700e+00,1.42,3.900e-01,-3.200e-01,1162.0,,,431.05,355.80,-208.11,16.90,1,q1_q17_dr25_tce,6313.00,176.00,-220.00,4.240,0.190,-0.171,1.2590,0.3510,-0.2870,293.292270,38.211800,13.722
6879171,K04188.01,Kepler-1947 b,CONFIRMED,CANDIDATE,0.9920,0,0,0,0,6.963526990,3.8460000e-05,-3.8460000e-05,133.0171700,4.350000e-03,-4.350000e-03,0.0900,0.3650,-0.0900,3.19200,0.13100,-0.13100,6.8100e+01,4.500e+00,-4.500e+00,1.40,3.400e-01,-5.900e-01,1298.0,,,669.78,513.56,-473.35,17.40,1,q1_q17_dr25_tce,6040.00,201.00,-201.00,3.978,0.458,-0.153,1.6860,0.4130,-0.7090,296.104060,42.342590,13.128
9897364,K04189.01,Kepler-1562 b,CONFIRMED,CANDIDATE,0.9970,0,0,0,0,64.272908800,9.4170000e-04,-9.4170000e-04,186.7353000,1.030000e-02,-1.030000e-02,0.9080,0.0090,-0.6540,12.13600,0.60700,-0.60700,1.2139e+03,5.070e+01,-5.070e+01,5.38,1.760e+00,-9.400e-01,554.0,,,22.31,21.51,-9.34,27.40,1,q1_q17_dr25_tce,6341.00,177.00,-243.00,4.278,0.132,-0.198,1.2990,0.4240,-0.2280,294.455690,46.743561,15.589
12505503,K04190.01,Kepler-1563 b,CONFIRMED,CANDIDATE,0.9310,0,0,0,0,3.432737100,2.7720000e-05,-2.7720000e-05,132.9205500,7.030000e-03,-7.030000e-03,0.7030,0.2550,-0.5060,4.00100,0.20000,-0.20000,6.3200e+01,4.700e+00,-4.700e+00,0.75,2.200e-01,-7.000e-02,1134.0,,,390.57,329.66,-102.03,15.30,1,q1_q17_dr25_tce,5757.00,138.00,-156.00,4.536,0.036,-0.204,0.8810,0.2600,-0.0810,288.573580,51.472752,13.583
3548639,K04191.01,,FALSE POSITIVE,FALSE POSITIVE,0.0000,0,1,1,0,13.845272600,1.4890000e-04,-1.4890000e-04,136.9596000,9.370000e-03,-9.370000e-03,0.5660,0.3950,-0.3460,2.55500,0.31400,-0.31400,9.3200e+01,1.180e+01,-1.180e+01,2.34,4.800e-01,-7.800e-01,1276.0,,,626.93,384.26,-382.32,10.40,1,q1_q17_dr25_tce,6845.00,184.00,-225.00,3.890,0.266,-0.114,2.3240,0.4750,-0.7720,292.478880,38.657921,12.632
4390912,K07695.01,,FALSE POSITIVE,FALSE POSITIVE,0.0000,1,0,1,0,0.687506554,4.1990000e-06,-4.1990000e-06,131.8596400,4.990000e-03,-4.990000e-03,0.0850,0.3720,-0.0850,1.44100,0.16400,-0.16400,1.3030e+02,1.200e+01,-1.200e+01,8.73,1.460e+00,-2.500e-01,4748.0,,,120304.40,51614.14,-11923.05,14.40,1,q1_q17_dr25_tce,4643.00,55.00,-55.00,2.595,0.024,-0.033,7.9060,1.3250,-0.2210,297.333770,39.447590,12.467
7115925,K04258.01,,FALSE POSITIVE,FALSE POSITIVE,0.0000,1,0,0,1,0.566801617,3.2150000e-06,-3.2150000e-06,131.8043500,4.930000e-03,-4.930000e-03,0.5650,0.0740,-0.4420,2.75000,0.17100,-0.17100,2.4900e+01,1.200e+00,-1.200e+00,0.88,1.900e-01,-2.400e-01,3018.0,,,19598.53,12917.01,-10362.10,26.40,1,q1_q17_dr25_tce,6287.00,169.00,-188.00,4.064,0.228,-0.123,1.6930,0.3750,-0.4580,291.213380,42.625599,12.528
5785279,K04259.01,,CANDIDATE,CANDIDATE,0.8850,0,0,0,0,0.909127736,4.0520000e-06,-4.0520000e-06,132.4047100,3.510000e-03,-3.510000e-03,0.0980,0.3600,-0.0980,1.43100,0.11900,-0.11900,9.8700e+01,8.700e+00,-8.700e+00,0.98,2.600e-01,-1.700e-01,1818.0,,,2566.87,2113.64,-995.71,13.90,1,q1_q17_dr25_tce,5486.00,164.00,-164.00,4.389,0.149,-0.182,0.9960,0.2720,-0.1680,290.012450,41.089989,15.195
7429287,K04260.01,,FALSE POSITIVE,FALSE POSITIVE,,1,0,0,0,371.633270000,2.2010000e-02,-2.2010000e-02,296.9495000,2.440000e-02,-2.440000e-02,0.8185,0.1421,-0.5779,14.92000,1.10000,-1.10000,1.0700e+02,1.010e+01,-1.010e+01,1.83,1.100e-01,-8.000e-02,316.0,,,2.36,0.39,-0.29,15.20,,,5802.00,60.00,-60.00,4.073,0.012,-0.012,1.5900,0.0900,-0.0700,286.395840,43.075821,11.443
10526887,K04261.01,Kepler-1578 b,CONFIRMED,CANDIDATE,0.7410,0,0,0,0,1.450889836,6.4840000e-06,-6.4840000e-06,132.2306000,3.250000e-03,-3.250000e-03,0.3330,0.1160,-0.3330,1.75300,0.11500,-0.11500,1.3570e+02,1.000e+01,-1.000e+01,1.21,3.800e-01,-1.700e-01,1700.0,,,1970.75,1882.23,-690.32,15.70,1,q1_q17_dr25_tce,6046.00,189.00,-210.00,4.423,0.087,-0.203,1.0230,0.3220,-0.1380,288.302000,47.775551,15.369
11125613,K02485.03,Kepler-1254 d,CONFIRMED,CANDIDATE,0.9940,0,0,0,0,5.727160670,3.0480000e-05,-3.0480000e-05,133.9640900,4.140000e-03,-4.140000e-03,0.4470,0.0440,-0.4310,2.23000,0.13500,-0.13500,3.1090e+02,2.190e+01,-2.190e+01,1.40,5.000e-02,-9.000e-02,794.0,,,93.96,13.04,-17.39,16.00,3,q1_q17_dr25_tce,4838.00,77.00,-77.00,4.524,0.063,-0.018,0.7960,0.0270,-0.0540,285.173340,48.770039,15.311
3545583,K04328.01,,FALSE POSITIVE,FALSE POSITIVE,,1,0,1,0,407.594150000,2.4810000e-02,-2.4810000e-02,273.5955000,3.250000e-02,-3.250000e-02,0.0274,0.4225,-0.0271,7.30000,1.10000,-1.10000,4.6240e+02,7.750e+01,-7.750e+01,2.11,7.500e-01,-3.000e-01,266.0,,,1.18,1.27,-0.41,7.70,,,6198.00,183.00,-189.00,4.402,0.114,-0.256,0.9740,0.3480,-0.1360,291.691040,38.614990,14.854
9896018,K02579.03,,CANDIDATE,CANDIDATE,0.9390,0,0,0,0,10.301485080,9.3850000e-05,-9.3850000e-05,134.8818500,8.030000e-03,-8.030000e-03,0.4450,0.0080,-0.4440,3.90300,0.20600,-0.20600,1.6270e+02,1.390e+01,-1.390e+01,1.60,2.700e-01,-2.300e-01,934.0,,,180.14,79.49,-54.41,12.60,3,q1_q17_dr25_tce,5887.00,70.00,-79.00,4.292,0.120,-0.120,1.2350,0.2130,-0.1750,293.988710,46.718021,15.147
12456063,K04329.01,,CANDIDATE,CANDIDATE,0.9140,0,0,0,0,17.800781500,2.5240000e-04,-2.5240000e-04,134.3839000,1.040000e-02,-1.040000e-02,0.9280,0.0010,-0.7180,6.54700,0.25100,-0.25100,4.4500e+01,3.600e+00,-3.600e+00,1.02,1.700e-01,-1.000e-01,816.0,,,105.04,47.61,-26.28,14.20,1,q1_q17_dr25_tce,6240.00,111.00,-136.00,4.326,0.063,-0.117,1.2520,0.2050,-0.1190,289.011780,51.376019,12.018
8374741,K04330.01,,FALSE POSITIVE,FALSE POSITIVE,,1,0,0,0,358.101884000,7.2660000e-03,-7.2660000e-03,425.6837000,1.090000e-02,-1.090000e-02,0.5804,0.0392,-0.4636,6.39300,0.39000,-0.39000,1.1400e+02,1.230e+01,-1.230e+01,0.95,4.100e-01,-9.000e-02,242.0,,,0.81,1.04,-0.20,12.80,,,5786.00,148.00,-142.00,4.526,0.041,-0.295,0.8560,0.3740,-0.0750,295.075070,44.382992,11.678
5096053,K04331.01,,CANDIDATE,CANDIDATE,0.9070,0,0,0,0,1.717859841,8.5260000e-06,-8.5260000e-06,132.9261200,4.340000e-03,-4.340000e-03,0.3500,0.1040,-0.3500,0.90800,0.14800,-0.14800,6.6300e+01,9.000e+00,-9.000e+00,1.45,4.300e-01,-4.700e-01,2212.0,,,5645.85,4932.26,-3445.68,9.50,1,q1_q17_dr25_tce,6694.00,188.00,-259.00,4.084,0.252,-0.168,1.7320,0.5110,-0.5620,290.813660,40.254875,13.228
11296045,K04396.02,,FALSE POSITIVE,FALSE POSITIVE,,1,0,0,0,46.077150100,,,143.6839655,,,,,,3.03000,,,,,,,,,,,,,,,,,,,,,,,,,,,291.361880,49.021980,12.981
11296045,K04396.03,,FALSE POSITIVE,FALSE POSITIVE,,1,0,0,0,42.624233290,,,156.1855401,,,,,,1.47000,,,,,,,,,,,,,,,,,,,,,,,,,,,291.361880,49.021980,12.981
3247503,K04397.01,,FALSE POSITIVE,FALSE POSITIVE,0.0000,0,0,1,0,0.447861451,8.6900000e-07,-8.6900000e-07,131.9752000,1.590000e-03,-1.590000e-03,0.4270,0.0570,-0.4040,0.85410,0.07110,-0.07110,2.6540e+02,1.850e+01,-1.850e+01,1.42,3.700e-01,-1.300e-01,2263.0,,,6221.08,4746.68,-1685.53,20.30,1,q1_q17_dr25_tce,5901.00,158.00,-175.00,4.553,0.044,-0.187,0.8480,0.2200,-0.0790,294.484990,38.352859,15.497
5802637,K04398.01,,CANDIDATE,CANDIDATE,0.9790,0,0,0,0,7.342246700,5.5370000e-05,-5.5370000e-05,131.5538200,6.420000e-03,-6.420000e-03,0.2530,0.2010,-0.2530,2.02900,0.19200,-0.19200,3.6680e+02,3.730e+01,-3.730e+01,1.60,3.400e-01,-1.400e-01,837.0,,,115.93,75.95,-32.50,11.80,1,q1_q17_dr25_tce,5573.00,174.00,-194.00,4.562,0.036,-0.144,0.8390,0.1760,-0.0750,295.211270,41.086971,15.486
5531694,K00647.02,,CANDIDATE,CANDIDATE,0.9350,0,0,0,0,8.113468100,1.6290000e-04,-1.6290000e-04,132.8253000,1.840000e-02,-1.840000e-02,0.4540,0.5190,-0.2510,4.96100,0.81800,-0.81800,4.0500e+01,5.800e+00,-5.800e+00,0.92,1.300e-01,-2.000e-01,1127.0,,,381.27,161.95,-162.80,10.50,2,q1_q17_dr25_tce,6011.00,108.00,-132.00,4.123,0.195,-0.105,1.4090,0.2140,-0.2940,291.195070,40.702702,13.550
8733898,K02842.03,Kepler-446 c,CONFIRMED,CANDIDATE,0.9470,0,0,0,0,3.036208739,7.2430000e-06,-7.2430000e-06,134.0614600,2.650000e-03,-2.650000e-03,0.1110,0.3280,-0.1110,0.93240,0.05220,-0.05220,1.8205e+03,8.770e+01,-8.770e+01,1.40,1.700e-01,-1.500e-01,520.0,,,17.31,6.27,-4.44,26.00,2,q1_q17_dr25_tce,3464.00,69.00,-55.00,4.923,0.044,-0.044,0.3280,0.0400,-0.0360,282.250210,44.921108,16.257
9828127,K04192.01,Kepler-1564 b,CONFIRMED,CANDIDATE,1.0000,0,0,0,0,18.054146900,1.4840000e-04,-1.4840000e-04,147.7943000,7.310000e-03,-7.310000e-03,0.1750,0.2850,-0.1750,4.58700,0.17100,-0.17100,2.8310e+02,1.620e+01,-1.620e+01,1.51,1.800e-01,-9.000e-02,635.0,,,38.57,12.86,-6.29,19.30,1,q1_q17_dr25_tce,5505.00,74.00,-82.00,4.501,0.038,-0.105,0.9090,0.1130,-0.0520,290.586120,46.642689,15.004
7107802,K02420.02,,CANDIDATE,CANDIDATE,0.9910,0,0,0,0,5.467551400,6.1600000e-05,-6.1600000e-05,133.4247800,8.630000e-03,-8.630000e-03,0.2700,0.1900,-0.2700,3.28300,0.25600,-0.25600,8.7200e+01,9.600e+00,-9.600e+00,1.07,1.500e-01,-1.700e-01,1078.0,,,319.36,124.31,-105.87,10.40,2,q1_q17_dr25_tce,5557.00,83.00,-75.00,4.288,0.162,-0.108,1.1510,0.1660,-0.1840,288.588350,42.605659,14.746
4281068,K07689.01,,FALSE POSITIVE,FALSE POSITIVE,0.0000,0,1,1,0,1.015304740,1.2300000e-07,-1.2300000e-07,131.5179460,1.010000e-04,-1.010000e-04,1.2450,0.0130,-0.0110,8.76220,0.01450,-0.01450,1.6445e+04,1.260e+01,-1.260e+01,64.77,1.138e+01,-8.280e+00,2324.0,,,6918.45,3068.04,-1921.72,1823.00,1,q1_q17_dr25_tce,6428.00,70.00,-83.00,4.226,0.099,-0.121,1.4400,0.2530,-0.1840,295.885680,39.315990,13.647
9092496,K04193.01,,FALSE POSITIVE,FALSE POSITIVE,0.8400,1,0,0,0,94.180473000,1.4130000e-03,-1.4130000e-03,200.2662000,1.280000e-02,-1.280000e-02,0.9550,0.0270,-0.6580,7.34500,0.47800,-0.47800,1.1044e+03,7.790e+01,-7.790e+01,4.17,1.550e+00,-2.700e-01,478.0,,,12.34,13.14,-3.11,15.60,1,q1_q17_dr25_tce,6997.00,167.00,-263.00,4.475,0.026,-0.234,1.0000,0.3710,-0.0660,293.201390,45.454399,14.848
5644412,K04194.01,Kepler-1565 b,CONFIRMED,CANDIDATE,0.9960,0,0,0,0,1.538185321,7.0110000e-06,-7.0110000e-06,132.4906700,4.020000e-03,-4.020000e-03,0.7000,0.2580,-0.4820,1.68300,0.10100,-0.10100,2.7720e+02,2.100e+01,-2.100e+01,1.29,1.700e-01,-1.200e-01,1234.0,,,547.92,264.07,-156.05,15.20,1,q1_q17_dr25_tce,5107.00,184.00,-184.00,4.615,0.033,-0.077,0.7230,0.0970,-0.0650,297.952970,40.806808,15.329
9959545,K04195.01,,FALSE POSITIVE,FALSE POSITIVE,0.0000,0,1,1,1,1.332567643,8.6350000e-06,-8.6350000e-06,132.0429900,6.090000e-03,-6.090000e-03,0.6420,0.2870,-0.4120,4.28400,0.18400,-0.18400,5.6700e+01,2.900e+00,-2.900e+00,0.62,1.400e-01,-4.000e-02,1482.0,,,1143.87,729.32,-269.86,24.00,1,q1_q17_dr25_tce,5687.00,152.00,-152.00,4.582,0.036,-0.144,0.7900,0.1690,-0.0610,295.220890,46.823879,14.150
9641144,K04262.01,,FALSE POSITIVE,FALSE POSITIVE,0.0000,0,0,1,1,1.089076495,6.4330000e-06,-6.4330000e-06,132.0270300,5.070000e-03,-5.070000e-03,0.5970,0.3750,-0.3770,2.27400,0.16500,-0.16500,4.3700e+01,3.600e+00,-3.600e+00,0.75,2.300e-01,-9.000e-02,2016.0,,,3923.24,3472.78,-1184.76,15.30,1,q1_q17_dr25_tce,6444.00,145.00,-193.00,4.416,0.067,-0.202,1.0790,0.3380,-0.1210,288.090090,46.322948,13.938
8572168,K04263.01,,FALSE POSITIVE,FALSE POSITIVE,0.0020,0,0,1,0,1.662710314,6.4400000e-06,-6.4400000e-06,132.4446900,3.220000e-03,-3.220000e-03,0.5770,0.3760,-0.3560,1.83000,0.10900,-0.10900,8.5900e+01,4.200e+00,-4.200e+00,2.16,4.700e-01,-1.090e+00,2307.0,,,6700.60,4533.65,-5273.14,23.80,1,q1_q17_dr25_tce,6028.00,192.00,-213.00,3.842,0.496,-0.124,2.2440,0.4850,-1.1310,296.205780,44.660446,13.970
4472143,K07696.01,,FALSE POSITIVE,FALSE POSITIVE,0.0440,1,0,0,0,472.071079000,6.2060000e-03,-6.2060000e-03,310.7718000,1.200000e-02,-1.200000e-02,0.3880,0.0750,-0.3880,5.75900,0.64800,-0.64800,2.5260e+02,5.350e+01,-5.350e+01,2.01,1.700e-01,-8.000e-02,268.0,,,1.22,0.30,-0.14,6.40,1,q1_q17_dr25_tce,6186.00,83.00,-74.00,4.358,0.020,-0.064,1.2530,0.1090,-0.0470,293.725280,39.511971,14.002
12509829,K04264.01,,CANDIDATE,CANDIDATE,0.0000,0,0,0,0,0.888478095,2.8360000e-06,-2.8360000e-06,131.8694300,2.750000e-03,-2.750000e-03,0.4520,0.0880,-0.4040,1.53120,0.08370,-0.08370,3.4040e+02,1.620e+01,-1.620e+01,1.51,3.300e-01,-1.200e-01,1665.0,,,1825.96,1223.43,-434.25,24.60,1,q1_q17_dr25_tce,5553.00,166.00,-149.00,4.577,0.036,-0.153,0.8060,0.1760,-0.0630,291.061680,51.404781,15.850
7368137,K04265.01,,FALSE POSITIVE,FALSE POSITIVE,0.0000,0,0,1,1,2.182420020,2.4370000e-05,-2.4370000e-05,132.3959400,8.760000e-03,-8.760000e-03,0.7210,0.2480,-0.4830,4.10300,0.31700,-0.31700,6.9700e+01,6.100e+00,-6.100e+00,0.70,1.900e-01,-5.000e-02,1283.0,,,638.12,504.95,-145.19,13.80,1,q1_q17_dr25_tce,5808.00,158.00,-158.00,4.583,0.033,-0.176,0.7860,0.2110,-0.0560,293.423610,42.917641,14.897
9027841,K04266.01,,FALSE POSITIVE,FALSE POSITIVE,0.0000,0,1,0,0,0.503999678,1.4500000e-07,-1.4500000e-07,131.6315440,2.350000e-04,-2.350000e-04,0.9620,0.1030,-0.0130,0.54210,0.02110,-0.02110,9.7560e+02,6.900e+00,-6.900e+00,2.97,1.700e-01,-1.900e-01,1605.0,,,1566.41,405.93,-353.50,96.80,1,q1_q17_dr25_tce,4898.00,146.00,-146.00,4.686,0.054,-0.027,0.5680,0.0330,-0.0370,293.952210,45.318260,15.498
8953414,K04332.01,,FALSE POSITIVE,FALSE POSITIVE,0.0000,0,0,1,1,2.665885440,3.2560000e-05,-3.2560000e-05,131.6037000,1.080000e-02,-1.080000e-02,0.2760,0.1690,-0.2760,5.00400,0.28900,-0.28900,1.6700e+02,1.130e+01,-1.130e+01,0.98,9.000e-02,-1.000e-01,1041.0,,,278.03,103.14,-84.17,17.20,1,q1_q17_dr25_tce,4965.00,176.00,-176.00,4.536,0.078,-0.054,0.7710,0.0710,-0.0790,291.985720,45.211441,15.382
2576962,K04333.01,,CANDIDATE,CANDIDATE,,0,0,0,0,309.255810000,1.4950000e-02,-1.4950000e-02,136.2248000,2.240000e-02,-2.240000e-02,0.2875,0.1631,-0.2875,10.72000,1.00000,-1.00000,4.2140e+02,4.560e+01,-4.560e+01,2.18,1.040e+00,-2.300e-01,287.0,,,1.61,2.24,-0.48,9.90,,,6060.00,148.00,-196.00,4.419,0.063,-0.305,1.0570,0.5020,-0.1100,291.700500,37.843731,14.205
10140274,K04334.01,,CANDIDATE,CANDIDATE,0.7540,0,0,0,0,2.442323990,1.0380000e-05,-1.0380000e-05,133.5372400,3.620000e-03,-3.620000e-03,0.3030,0.1580,-0.3030,1.92100,0.13300,-0.13300,2.2900e+02,1.850e+01,-1.850e+01,1.10,8.000e-02,-1.100e-01,1029.0,,,264.82,80.33,-75.12,14.10,1,q1_q17_dr25_tce,4849.00,146.00,-146.00,4.561,0.061,-0.039,0.7380,0.0560,-0.0740,291.518190,47.139301,15.849
10730070,K04335.01,Kepler-1590 b,CONFIRMED,CANDIDATE,0.9940,0,0,0,0,7.617581980,5.4520000e-05,-5.4520000e-05,137.5000800,5.690000e-03,-5.690000e-03,0.2340,0.2260,-0.2340,3.54500,0.17300,-0.17300,8.5400e+01,7.300e+00,-7.300e+00,1.00,3.200e-01,-1.400e-01,1020.0,,,255.32,238.40,-88.91,13.40,1,q1_q17_dr25_tce,6202.00,166.00,-203.00,4.401,0.072,-0.217,1.0720,0.3420,-0.1470,291.407810,48.017891,14.110
4458109,K04336.01,,FALSE POSITIVE,FALSE POSITIVE,,1,0,0,0,41.477908000,2.9860000e-03,-2.9860000e-03,144.9193000,3.320000e-02,-3.320000e-02,0.5122,0.0688,-0.4176,10.45000,1.20000,-1.20000,2.9900e+01,4.100e+00,-4.100e+00,1.09,3.800e-01,-3.800e-01,849.0,,,122.73,124.24,-76.63,9.60,,,6935.00,173.00,-218.00,3.950,0.307,-0.178,1.9180,0.6720,-0.6650,289.756260,39.576450,10.830
8345384,K04399.01,,CANDIDATE,CANDIDATE,0.9580,0,0,0,0,42.100335100,1.3890000e-04,-1.3890000e-04,143.0282700,2.780000e-03,-2.780000e-03,0.8800,0.0630,-0.6220,1.08340,0.09910,-0.09910,2.1400e+02,1.930e+01,-1.930e+01,1.42,1.600e-01,-7.000e-02,466.0,,,11.17,3.66,-1.92,13.90,1,q1_q17_dr25_tce,5595.00,100.00,-122.00,4.570,0.016,-0.093,0.8200,0.0920,-0.0400,282.128880,44.303162,11.965
2831055,K04400.01,Kepler-1601 b,CONFIRMED,CANDIDATE,0.9950,0,0,0,0,2.209231190,1.4720000e-05,-1.4720000e-05,131.9028800,5.150000e-03,-5.150000e-03,0.1100,0.3560,-0.1100,2.39200,0.16800,-0.16800,5.9800e+01,4.900e+00,-4.900e+00,0.84,2.600e-01,-1.100e-01,1507.0,,,1217.79,1081.31,-429.48,14.30,1,q1_q17_dr25_tce,5991.00,163.00,-199.00,4.375,0.105,-0.195,1.0920,0.3300,-0.1520,285.512940,38.079739,13.764
11044826,K04401.01,,FALSE POSITIVE,FALSE POSITIVE,,1,0,0,0,260.548320000,3.2900000e-02,-3.2900000e-02,218.5525000,6.930000e-02,-6.930000e-02,0.3780,0.0913,-0.3780,15.52000,2.10000,-2.10000,1.6160e+02,2.050e+01,-2.050e+01,1.35,6.300e-01,-1.300e-01,318.0,,,2.43,3.34,-0.69,10.20,,,6412.00,153.00,-210.00,4.440,0.051,-0.311,1.0400,0.4900,-0.0990,298.003570,48.564240,13.533
6681687,K04402.01,,FALSE POSITIVE,FALSE POSITIVE,,1,0,0,0,370.476780000,4.5230000e-02,-4.5230000e-02,307.4992000,4.080000e-02,-4.080000e-02,0.5386,0.3842,-0.3177,15.69000,2.20000,-2.20000,6.5620e+02,8.120e+01,-8.120e+01,2.37,9.400e-01,-1.900e-01,252.0,,,0.96,1.12,-0.24,11.80,,,6050.00,163.00,-179.00,4.525,0.034,-0.291,0.8960,0.3570,-0.0720,288.797030,42.168900,15.359
7703882,K04403.01,Kepler-1954 b,CONFIRMED,CANDIDATE,1.0000,0,0,0,0,5.883502510,6.5280000e-05,-6.5280000e-05,136.9451000,1.100000e-02,-1.100000e-02,0.3620,0.1010,-0.3620,2.55600,0.22200,-0.22200,2.1770e+02,2.220e+01,-2.220e+01,1.27,3.700e-01,-1.200e-01,949.0,,,192.09,172.54,-52.09,11.90,1,q1_q17_dr25_tce,5840.00,174.00,-174.00,4.553,0.036,-0.204,0.8490,0.2540,-0.0790,298.002930,43.354610,15.741
8179190,K04196.01,,FALSE POSITIVE,FALSE POSITIVE,0.0000,1,0,1,0,0.662457501,2.5050000e-06,-2.5050000e-06,131.9055600,3.280000e-03,-3.280000e-03,1.0240,0.0720,-0.7810,1.52700,0.13400,-0.13400,6.4100e+01,6.200e+00,-6.200e+00,8.30,1.580e+00,-2.700e+00,3295.0,,,27795.08,16045.17,-16478.14,13.50,2,q1_q17_dr25_tce,6425.00,176.00,-176.00,3.862,0.300,-0.100,2.1600,0.4100,-0.7030,296.247800,44.076790,12.721
9777724,K04197.01,,FALSE POSITIVE,FALSE POSITIVE,0.0000,0,0,0,1,1.332584580,1.5360000e-05,-1.5360000e-05,132.0362400,8.960000e-03,-8.960000e-03,0.4220,0.0540,-0.4220,3.22200,0.31600,-0.31600,1.2700e+02,1.150e+01,-1.150e+01,1.25,3.800e-01,-1.600e-01,1868.0,,,2873.72,2539.23,-1030.89,14.40,1,q1_q17_dr25_tce,6384.00,175.00,-263.00,4.419,0.068,-0.189,1.0860,0.3260,-0.1400,294.700500,46.573132,15.865
9072639,K04198.01,,CANDIDATE,CANDIDATE,0.0890,0,0,0,0,1.182862515,7.2620000e-06,-7.2620000e-06,131.9713700,4.970000e-03,-4.970000e-03,0.2840,0.1780,-0.2840,2.92800,0.13600,-0.13600,2.2300e+01,1.600e+00,-1.600e+00,1.26,1.700e-01,-4.300e-01,2800.0,,,14544.87,5755.74,-8677.73,16.50,1,q1_q17_dr25_tce,6017.00,120.00,-120.00,3.699,0.248,-0.078,2.6390,0.3580,-0.8940,283.852910,45.485260,12.638
5340878,K04199.01,Kepler-1566 b,CONFIRMED,CANDIDATE,0.1460,0,0,0,0,0.539915033,1.5080000e-06,-1.5080000e-06,131.5520700,2.410000e-03,-2.410000e-03,0.2910,0.1830,-0.2910,1.14660,0.07300,-0.07300,9.7000e+01,6.300e+00,-6.300e+00,0.82,4.000e-02,-6.000e-02,1871.0,,,2901.68,530.10,-546.80,17.60,1,q1_q17_dr25_tce,5102.00,84.00,-76.00,4.502,0.070,-0.035,0.8370,0.0440,-0.0600,283.587620,40.574928,14.311
10273903,K04200.01,,FALSE POSITIVE,FALSE POSITIVE,,1,0,0,0,372.543530000,2.4060000e-02,-2.4060000e-02,137.9147000,2.760000e-02,-2.760000e-02,1.7826,0.1908,-0.5026,21.83000,2.40000,-2.40000,1.1060e+03,1.010e+02,-1.010e+02,74.14,2.323e+01,-5.680e+00,226.0,,,0.62,0.56,-0.15,11.90,,,5561.00,154.00,-147.00,4.557,0.027,-0.216,0.8360,0.2620,-0.0640,291.796660,47.385929,15.662
7450747,K04267.01,Kepler-1949 b,CONFIRMED,CANDIDATE,0.9510,0,0,0,0,2.208296370,1.7980000e-05,-1.7980000e-05,131.6309100,5.890000e-03,-5.890000e-03,0.2050,0.2440,-0.2050,2.84100,0.22200,-0.22200,8.7900e+01,8.300e+00,-8.300e+00,1.36,2.400e-01,-2.500e-01,1709.0,,,2016.25,908.25,-762.52,12.00,1,q1_q17_dr25_tce,6028.00,81.00,-81.00,4.189,0.149,-0.122,1.4540,0.2510,-0.2760,293.542300,43.026100,15.201
7826620,K04268.01,Kepler-1579 b,CONFIRMED,CANDIDATE,0.9960,0,0,0,0,0.849906734,3.9060000e-06,-3.9060000e-06,131.6741000,3.510000e-03,-3.510000e-03,0.6400,0.3100,-0.4270,1.14100,0.11500,-0.11500,1.2430e+02,1.310e+01,-1.310e+01,0.59,5.000e-02,-6.000e-02,1139.0,,,396.64,114.92,-119.56,12.00,1,q1_q17_dr25_tce,4296.00,115.00,-140.00,4.733,0.066,-0.033,0.5050,0.0390,-0.0540,293.288020,43.514992,15.220
8890924,K04269.01,Kepler-1993 b,CONFIRMED,CANDIDATE,0.9980,0,0,0,0,26.656573700,2.0520000e-04,-2.0520000e-04,131.5943300,6.850000e-03,-6.850000e-03,0.6860,0.2420,-0.4800,4.95400,0.17300,-0.17300,1.6340e+02,9.400e+00,-9.400e+00,4.15,1.280e+00,-2.980e+00,903.0,,,157.45,149.44,-146.41,18.80,1,q1_q17_dr25_tce,5159.00,171.00,-155.00,3.604,0.863,-0.230,3.0620,0.9430,-2.2000,293.796840,45.160728,13.263
8890924,K04269.02,,CANDIDATE,CANDIDATE,0.1250,0,0,0,0,4.440854100,1.0960000e-04,-1.0960000e-04,135.2744000,1.660000e-02,-1.660000e-02,0.0050,0.4580,-0.0050,8.08300,0.71700,-0.71700,3.3900e+01,3.700e+00,-3.700e+00,1.74,5.300e-01,-1.250e+00,1642.0,,,1719.20,1631.74,-1598.60,12.00,2,q1_q17_dr25_tce,5159.00,171.00,-155.00,3.604,0.863,-0.230,3.0620,0.9430,-2.2000,293.796840,45.160728,13.263
8483241,K04270.01,,FALSE POSITIVE,FALSE POSITIVE,,1,0,0,0,373.722570000,2.1180000e-02,-2.1180000e-02,178.1825000,2.890000e-02,-2.890000e-02,1.5922,0.0098,-0.6331,14.21000,1.80000,-1.80000,4.7090e+02,5.760e+01,-5.760e+01,67.13,2.943e+01,-6.600e+00,262.0,,,1.11,1.45,-0.32,9.60,,,6004.00,162.00,-202.00,4.450,0.054,-0.298,1.0080,0.4420,-0.0990,286.532780,44.554569,14.808
8573193,K04337.01,Kepler-1591 b,CONFIRMED,CANDIDATE,0.9980,0,0,0,0,8.185048590,8.3460000e-05,-8.3460000e-05,134.5540000,1.040000e-02,-1.040000e-02,0.6010,0.3690,-0.3870,4.67300,0.34900,-0.34900,9.7600e+01,9.500e+00,-9.500e+00,0.93,2.400e-01,-8.000e-02,892.0,,,149.41,111.61,-40.49,12.50,1,q1_q17_dr25_tce,5984.00,149.00,-179.00,4.521,0.044,-0.187,0.9060,0.2340,-0.0840,296.516660,44.608608,14.686
9240664,K04338.01,,FALSE POSITIVE,FALSE POSITIVE,0.0000,0,1,0,0,10.784385130,3.4240000e-05,-3.4240000e-05,141.4068500,2.740000e-03,-2.740000e-03,1.1800,6.8300,-0.3630,1.40800,0.16400,-0.16400,2.3360e+02,1.930e+01,-1.930e+01,75.04,2.209e+01,-5.156e+01,1397.0,,,900.70,834.63,-824.37,15.60,1,q1_q17_dr25_tce,5575.00,198.00,-198.00,3.516,0.832,-0.208,3.5150,1.0350,-2.4150,299.206670,45.645470,13.638
7673841,K02585.02,Kepler-392 c,CONFIRMED,CANDIDATE,1.0000,0,0,0,0,10.423173430,8.7750000e-05,-8.7750000e-05,135.1520800,6.740000e-03,-6.740000e-03,0.8110,0.1750,-0.5910,2.34100,0.21400,-0.21400,7.1200e+01,7.500e+00,-7.500e+00,1.07,1.500e-01,-1.900e-01,901.0,,,155.70,65.35,-57.87,11.20,2,q1_q17_dr25_tce,5767.00,115.00,-104.00,4.287,0.162,-0.108,1.1350,0.1650,-0.2020,288.660770,43.368080,13.455
7281411,K04339.01,,FALSE POSITIVE,FALSE POSITIVE,0.0000,1,0,0,1,0.566804221,4.2820000e-06,-4.2820000e-06,131.8265600,9.220000e-03,-9.220000e-03,0.5360,0.0490,-0.4690,4.63900,0.43200,-0.43200,1.6600e+02,1.010e+01,-1.010e+01,0.85,7.000e-02,-7.000e-02,1737.0,,,2149.42,804.75,-568.61,31.00,1,q1_q17_dr25_tce,5277.00,202.00,-183.00,4.625,0.066,-0.048,0.6400,0.0560,-0.0510,291.586820,42.827621,15.776
6528141,K04340.01,,FALSE POSITIVE,FALSE POSITIVE,0.0060,0,0,1,0,2.022658000,2.3840000e-05,-2.3840000e-05,131.8380000,1.450000e-02,-1.450000e-02,0.4190,0.0520,-0.4190,3.34300,0.60300,-0.60300,1.3570e+02,1.180e+01,-1.180e+01,1.15,3.500e-01,-1.200e-01,1482.0,,,1139.10,1070.66,-355.15,17.40,1,q1_q17_dr25_tce,6091.00,189.00,-232.00,4.487,0.052,-0.208,0.9670,0.3000,-0.1000,293.622800,41.966492,15.572
8106112,K04404.01,,FALSE POSITIVE,FALSE POSITIVE,,1,0,0,0,316.577470000,4.5680000e-02,-4.5680000e-02,236.5015000,8.020000e-02,-8.020000e-02,0.2569,0.2395,-0.2567,14.64000,3.20000,-3.20000,2.6910e+02,7.630e+01,-7.630e+01,1.47,5.900e-01,-1.100e-01,255.0,,,1.01,1.18,-0.25,10.20,,,5822.00,160.00,-176.00,4.529,0.030,-0.287,0.8980,0.3560,-0.0700,294.731320,43.989361,15.246
4054784,K07679.01,,CANDIDATE,CANDIDATE,1.0000,0,0,0,0,1.867994300,1.0220000e-05,-1.0220000e-05,133.2298600,5.050000e-03,-5.050000e-03,0.1730,0.2940,-0.1730,1.08700,0.16900,-0.16900,7.3400e+01,1.140e+01,-1.140e+01,0.70,1.400e-01,-7.000e-02,1291.0,,,658.77,421.70,-171.57,10.00,1,q1_q17_dr25_tce,5487.00,147.00,-147.00,4.568,0.038,-0.152,0.8150,0.1750,-0.0750,290.884860,39.115921,14.185
10745365,K04405.01,,CANDIDATE,CANDIDATE,0.6940,0,0,0,0,8.917286300,2.2280000e-04,-2.2280000e-04,139.6051000,2.340000e-02,-2.340000e-02,0.0620,0.3810,-0.0620,4.46800,0.67600,-0.67600,1.9630e+02,3.440e+01,-3.440e+01,1.39,4.500e-01,-1.500e-01,931.0,,,177.84,170.85,-55.41,7.20,1,q1_q17_dr25_tce,6210.00,175.00,-219.00,4.467,0.054,-0.216,0.9860,0.3200,-0.1070,296.896000,48.047260,14.671
5563937,K04406.01,,FALSE POSITIVE,FALSE POSITIVE,0.0000,0,1,1,0,0.519437968,1.7620000e-06,-1.7620000e-06,131.7890900,3.260000e-03,-3.260000e-03,1.1720,0.9510,-0.1670,2.12900,0.13600,-0.13600,2.2620e+02,1.110e+01,-1.110e+01,20.48,6.590e+00,-2.200e+00,2402.0,,,7822.62,7639.63,-2563.25,25.40,1,q1_q17_dr25_tce,6181.00,193.00,-257.00,4.464,0.054,-0.216,1.0060,0.3240,-0.1080,299.085360,40.774529,15.421
8396660,K04407.01,,CANDIDATE,CANDIDATE,1.0000,0,0,0,0,1.338070750,1.0680000e-05,-1.0680000e-05,132.3475600,6.760000e-03,-6.760000e-03,0.0030,0.4580,-0.0030,1.42500,0.21100,-0.21100,2.0200e+01,2.700e+00,-2.700e+00,0.60,9.000e-02,-7.000e-02,2008.0,,,3844.97,1757.00,-1030.40,8.50,1,q1_q17_dr25_tce,6355.00,115.00,-127.00,4.299,0.063,-0.117,1.3190,0.2170,-0.1440,301.156560,44.379532,11.179
10736179,K04408.01,,FALSE POSITIVE,FALSE POSITIVE,0.0000,0,1,0,1,1.105095798,7.6150000e-06,-7.6150000e-06,132.5517800,5.520000e-03,-5.520000e-03,0.2950,0.1690,-0.2950,2.62400,0.15400,-0.15400,1.4170e+02,9.500e+00,-9.500e+00,0.89,1.400e-01,-7.000e-02,1445.0,,,1025.90,533.93,-250.22,17.40,1,q1_q17_dr25_tce,5296.00,159.00,-159.00,4.604,0.032,-0.097,0.7520,0.1220,-0.0570,293.827820,48.054241,15.815
6119921,K04201.01,,FALSE POSITIVE,FALSE POSITIVE,,1,0,0,0,245.019020000,1.6760000e-02,-1.6760000e-02,268.1105000,4.550000e-02,-4.550000e-02,0.3471,0.1352,-0.3470,8.56000,1.90000,-1.90000,3.7590e+02,6.060e+01,-6.060e+01,1.98,8.900e-01,-1.900e-01,310.0,,,2.17,2.88,-0.62,10.10,,,6167.00,159.00,-205.00,4.451,0.051,-0.304,1.0100,0.4540,-0.0970,290.626590,41.490959,14.881
5084171,K04202.01,Kepler-1567 b,CONFIRMED,CANDIDATE,0.9490,0,0,0,0,153.979362000,1.7260000e-03,-1.7260000e-03,165.4910000,1.110000e-02,-1.110000e-02,0.0360,0.4010,-0.0360,9.02800,0.27700,-0.27700,7.9250e+02,5.550e+01,-5.550e+01,2.53,7.700e-01,-2.500e-01,330.0,,,2.82,2.51,-0.80,16.10,1,q1_q17_dr25_tce,5858.00,159.00,-176.00,4.502,0.052,-0.195,0.9030,0.2740,-0.0910,286.695220,40.291809,15.672
4141587,K07684.01,,FALSE POSITIVE,FALSE POSITIVE,0.0870,1,0,0,0,10.223978700,2.1940000e-04,-2.1940000e-04,135.4415000,1.280000e-02,-1.280000e-02,0.4390,0.0820,-0.4120,1.81400,0.54500,-0.54500,2.1350e+02,5.450e+01,-5.450e+01,24.43,2.540e+00,-6.340e+00,2364.0,,,7383.41,2148.29,-3752.33,6.50,1,q1_q17_dr25_tce,4673.00,68.00,-125.00,2.412,0.030,-0.027,16.8230,1.7470,-4.3680,286.771610,39.266941,13.188
11968463,K02433.03,Kepler-385 d,CONFIRMED,CANDIDATE,0.9170,0,0,0,0,56.414831400,9.0490000e-04,-9.0490000e-04,163.1280000,1.180000e-02,-1.180000e-02,0.9080,0.0370,-0.7000,8.07500,0.25100,-0.25100,4.8010e+02,3.060e+01,-3.060e+01,2.90,1.010e+00,-3.400e-01,535.0,,,19.37,19.91,-6.58,16.40,3,q1_q17_dr25_tce,6325.00,174.00,-261.00,4.409,0.058,-0.218,1.1120,0.3880,-0.1290,294.338470,50.336540,15.212
3834317,K04203.01,,FALSE POSITIVE,FALSE POSITIVE,0.0000,1,0,0,0,2.180790980,1.1320000e-05,-1.1320000e-05,132.3926200,5.320000e-03,-5.320000e-03,0.7400,0.3490,-0.2510,12.13000,4.60000,-4.60000,8.3200e+01,1.050e+01,-1.050e+01,3.29,3.200e-01,-1.300e+00,2767.0,,,13876.96,5405.39,-9734.43,69.30,1,q1_q17_dr25_tce,6911.00,247.00,-340.00,3.661,0.323,-0.057,3.3390,0.3300,-1.3210,286.047390,38.979851,10.008
10593535,K04204.01,Kepler-1568 b,CONFIRMED,CANDIDATE,0.9740,0,0,0,0,20.925408300,2.6070000e-04,-2.6070000e-04,134.8986000,1.040000e-02,-1.040000e-02,0.2010,0.2400,-0.2010,6.78300,0.25300,-0.25300,1.0900e+02,8.100e+00,-8.100e+00,1.26,2.000e-01,-2.000e-01,729.0,,,66.95,29.87,-23.43,15.50,1,q1_q17_dr25_tce,5821.00,105.00,-117.00,4.283,0.137,-0.112,1.2100,0.1940,-0.1940,289.182650,47.873379,13.966
5959719,K02498.02,Kepler-390 c,CONFIRMED,CANDIDATE,0.9050,0,0,0,0,13.060039900,1.1190000e-04,-1.1190000e-04,144.3310700,6.420000e-03,-6.420000e-03,0.4950,0.0270,-0.4490,2.85100,0.24800,-0.24800,1.0680e+02,9.700e+00,-9.700e+00,0.80,6.000e-02,-4.000e-02,630.0,,,37.30,8.34,-6.35,12.50,2,q1_q17_dr25_tce,5168.00,102.00,-102.00,4.566,0.036,-0.048,0.7690,0.0490,-0.0400,291.628780,41.208599,13.942
5992210,K04271.01,,FALSE POSITIVE,FALSE POSITIVE,0.0120,0,0,1,0,0.641069613,3.9150000e-06,-3.9150000e-06,132.1410100,4.990000e-03,-4.990000e-03,0.0610,0.3910,-0.0610,1.03300,0.14300,-0.14300,7.8600e+01,8.400e+00,-8.400e+00,0.86,2.600e-01,-1.100e-01,2196.0,,,5512.38,5127.56,-1955.64,10.50,1,q1_q17_dr25_tce,6077.00,191.00,-234.00,4.451,0.084,-0.196,0.9610,0.2940,-0.1260,299.608250,41.268341,14.098
4284980,K07690.01,,FALSE POSITIVE,FALSE POSITIVE,0.0000,0,0,1,1,2.243041500,4.8740000e-05,-4.8740000e-05,133.4408000,1.850000e-02,-1.850000e-02,0.1470,0.3130,-0.1470,3.63000,0.73000,-0.73000,1.0110e+02,1.560e+01,-1.560e+01,0.89,2.800e-01,-9.000e-02,1344.0,,,770.18,720.68,-231.60,8.10,1,q1_q17_dr25_tce,5897.00,186.00,-206.00,4.531,0.037,-0.213,0.8910,0.2740,-0.0910,296.633150,39.327141,15.596
9302543,K04272.01,,FALSE POSITIVE,FALSE POSITIVE,0.0000,0,1,0,0,1.214751680,5.9130000e-05,-5.9130000e-05,131.7581000,4.360000e-02,-4.360000e-02,0.4610,0.0500,-0.4430,6.93000,1.20000,-1.20000,2.6610e+02,4.880e+01,-4.880e+01,5.50,7.400e-01,-3.170e+00,3302.0,,,28091.85,12256.14,-23671.12,7.90,1,q1_q17_dr25_tce,6732.00,184.00,-225.00,3.632,0.567,-0.063,3.2760,0.4440,-1.8850,299.086580,45.776821,11.464
9716028,K04273.01,,CANDIDATE,CANDIDATE,0.9990,0,0,0,0,17.373182100,1.8270000e-04,-1.8270000e-04,138.2874700,8.530000e-03,-8.530000e-03,0.2270,0.2280,-0.2270,3.36000,0.26300,-0.26300,7.1700e+01,6.300e+00,-6.300e+00,1.31,2.500e-01,-2.500e-01,901.0,,,155.73,80.66,-62.02,14.00,1,q1_q17_dr25_tce,6180.00,111.00,-136.00,4.155,0.162,-0.122,1.5400,0.2910,-0.2910,294.209840,46.479969,12.677
6223324,K04274.01,,CANDIDATE,CANDIDATE,0.9720,0,0,0,0,1.975074240,1.3860000e-05,-1.3860000e-05,132.3567000,5.940000e-03,-5.940000e-03,0.1520,0.3030,-0.1520,2.61000,0.17500,-0.17500,1.3050e+02,1.040e+01,-1.040e+01,1.08,3.500e-01,-1.100e-01,1477.0,,,1122.82,1093.90,-356.17,15.00,1,q1_q17_dr25_tce,6065.00,190.00,-232.00,4.495,0.052,-0.208,0.9470,0.3040,-0.1010,296.811580,41.515690,15.276
9701962,K04617.01,Kepler-1617 b,CONFIRMED,CANDIDATE,0.8960,0,0,0,0,27.478465900,5.1770000e-04,-5.1770000e-04,148.6101000,1.700000e-02,-1.700000e-02,0.0080,0.4440,-0.0080,7.50000,0.53600,-0.53600,8.3200e+01,7.600e+00,-7.600e+00,1.52,2.500e-01,-4.000e-01,736.0,,,69.30,30.51,-33.43,12.30,1,q1_q17_dr25_tce,5432.00,89.00,-65.00,3.993,0.210,-0.090,1.7070,0.2760,-0.4490,287.937190,46.418491,13.630
6685646,K04618.01,,FALSE POSITIVE,FALSE POSITIVE,,1,0,0,0,244.866620000,1.5220000e-02,-1.5220000e-02,141.9596000,4.160000e-02,-4.160000e-02,0.3872,0.0612,-0.3872,10.56000,1.80000,-1.80000,2.8950e+02,4.050e+01,-4.050e+01,1.46,5.600e-01,-1.200e-01,273.0,,,1.31,1.49,-0.31,9.70,,,5821.00,157.00,-153.00,4.554,0.030,-0.276,0.8480,0.3270,-0.0660,290.041140,42.105740,14.462
4574319,K07697.01,,FALSE POSITIVE,FALSE POSITIVE,0.0000,0,0,1,1,1.306272140,2.8790000e-05,-2.8790000e-05,132.0858000,1.960000e-02,-1.960000e-02,0.5700,0.3990,-0.3460,5.14400,0.59500,-0.59500,9.5400e+01,1.140e+01,-1.140e+01,0.87,2.100e-01,-8.000e-02,1490.0,,,1161.23,892.45,-315.79,10.30,1,q1_q17_dr25_tce,5513.00,180.00,-180.00,4.543,0.042,-0.168,0.8620,0.2130,-0.0760,294.996490,39.629921,15.762
7741837,K04619.01,,FALSE POSITIVE,FALSE POSITIVE,,1,0,0,0,62.366706000,1.9840000e-03,-1.9840000e-03,142.3899000,2.800000e-02,-2.800000e-02,0.1725,0.3013,-0.1722,4.32000,1.30000,-1.30000,9.5400e+01,1.560e+01,-1.560e+01,1.88,8.500e-01,-5.600e-01,698.0,,,56.09,72.69,-31.92,7.10,,,6749.00,144.00,-218.00,4.031,0.216,-0.261,1.9000,0.8600,-0.5680,287.397770,43.414341,11.208
11137065,K04620.01,,FALSE POSITIVE,FALSE POSITIVE,0.0000,0,1,0,1,0.933732791,7.5160000e-06,-7.5160000e-06,131.5370700,6.560000e-03,-6.560000e-03,0.0220,0.4440,-0.0220,3.05600,0.19900,-0.19900,9.6900e+01,8.600e+00,-8.600e+00,0.90,2.700e-01,-1.400e-01,1773.0,,,2344.56,2123.67,-890.09,13.80,1,q1_q17_dr25_tce,5496.00,182.00,-182.00,4.405,0.167,-0.222,0.9270,0.2720,-0.1460,291.616460,48.775639,14.812
11093335,K04621.01,,FALSE POSITIVE,FALSE POSITIVE,,1,0,0,0,53.106597000,1.2850000e-03,-1.2850000e-03,145.2776000,1.820000e-02,-1.820000e-02,0.5182,0.0450,-0.4675,2.91400,0.61400,-0.61400,8.2400e+01,1.620e+01,-1.620e+01,2.20,6.500e-01,-7.700e-01,860.0,,,129.19,111.92,-82.81,7.30,,,7217.00,197.00,-272.00,3.893,0.269,-0.169,2.3430,0.6900,-0.8270,296.041960,48.681351,11.159
9394768,K04690.01,,FALSE POSITIVE,FALSE POSITIVE,,1,0,0,0,360.154170000,1.2870000e-02,-1.2870000e-02,188.7960000,2.670000e-02,-2.670000e-02,0.2583,0.2115,-0.2582,12.80600,0.81400,-0.81400,7.9060e+02,6.220e+01,-6.220e+01,2.99,1.480e+00,-2.800e-01,270.0,,,1.25,1.85,-0.36,11.10,,,6065.00,152.00,-212.00,4.452,0.043,-0.317,1.0610,0.5250,-0.1000,287.252990,45.909340,15.435
9773980,K04691.01,,CANDIDATE,CANDIDATE,0.9650,0,0,0,0,3.387916500,2.5830000e-05,-2.5830000e-05,133.9364500,5.810000e-03,-5.810000e-03,0.1170,0.3280,-0.1170,1.81800,0.17300,-0.17300,7.8600e+01,8.900e+00,-8.900e+00,1.09,1.800e-01,-1.800e-01,1336.0,,,750.60,323.66,-254.56,10.40,1,q1_q17_dr25_tce,5702.00,77.00,-77.00,4.247,0.162,-0.108,1.2450,0.2050,-0.2050,293.280150,46.560089,14.491
10972902,K04692.01,,FALSE POSITIVE,FALSE POSITIVE,,1,0,0,1,1.428568150,1.1200000e-05,-1.1200000e-05,132.8146100,6.240000e-03,-6.240000e-03,0.3097,0.1398,-0.3097,2.13200,0.22000,-0.22000,5.9500e+01,6.400e+00,-6.400e+00,0.64,2.900e-01,-5.000e-02,1547.0,,,1352.91,1775.25,-324.89,11.80,1,q1_q17_dr24_tce,5979.00,159.00,-162.00,4.557,0.034,-0.308,0.8220,0.3640,-0.0650,290.444760,48.462891,14.766
3832474,K00806.04,,FALSE POSITIVE,FALSE POSITIVE,,1,0,0,0,381.850599000,6.5190000e-03,-6.5190000e-03,296.4969000,1.130000e-02,-1.130000e-02,0.4148,0.0520,-0.4147,4.77200,0.33700,-0.33700,1.7020e+03,1.550e+02,-1.550e+02,3.59,3.800e-01,-1.400e-01,222.0,,,0.58,0.18,-0.09,13.80,,,5485.00,99.00,-112.00,4.556,0.014,-0.094,0.8670,0.0920,-0.0340,285.283630,38.947281,15.403
12004971,K03194.01,,FALSE POSITIVE,FALSE POSITIVE,1.0000,0,1,0,0,10.813154170,3.9820000e-05,-3.9820000e-05,131.6593100,2.870000e-03,-2.870000e-03,0.8040,0.0430,-0.5600,1.27500,0.10700,-0.10700,8.0300e+01,6.500e+00,-6.500e+00,1.46,2.600e-01,-1.600e-01,1045.0,,,281.84,139.24,-76.92,16.60,1,q1_q17_dr25_tce,6380.00,113.00,-151.00,4.240,0.066,-0.123,1.4600,0.2630,-0.1540,286.628540,50.471272,11.487
3644602,K04479.01,,FALSE POSITIVE,FALSE POSITIVE,0.0000,1,0,0,1,359.083680000,1.6630000e-02,-1.6630000e-02,415.3834000,3.370000e-02,-3.370000e-02,1.2620,6.6300,-0.0780,15.67000,1.70000,-1.70000,6.1870e+02,6.750e+01,-6.750e+01,29.15,9.060e+00,-3.040e+00,268.0,,,1.23,1.13,-0.38,10.80,1,q1_q17_dr25_tce,6256.00,176.00,-220.00,4.493,0.054,-0.202,0.9320,0.2900,-0.0970,291.189270,38.731159,15.145
10467714,K04480.01,,CANDIDATE,CANDIDATE,1.0000,0,0,0,0,58.748862900,4.9870000e-04,-4.9870000e-04,172.6502500,6.870000e-03,-6.870000e-03,0.1860,0.2710,-0.1860,3.19100,0.17200,-0.17200,4.7360e+02,3.810e+01,-3.810e+01,1.75,3.300e-01,-2.300e-01,425.0,,,7.70,4.57,-2.43,13.60,1,q1_q17_dr25_tce,5574.00,166.00,-150.00,4.505,0.104,-0.127,0.8050,0.1530,-0.1020,290.776550,47.648430,14.122
11912941,K04481.01,,FALSE POSITIVE,FALSE POSITIVE,0.0000,0,0,1,1,3.747843740,4.2100000e-05,-4.2100000e-05,134.1915700,9.210000e-03,-9.210000e-03,0.0930,0.3730,-0.0930,3.65800,0.26200,-0.26200,1.1650e+02,1.090e+01,-1.090e+01,1.08,3.200e-01,-1.300e-01,1226.0,,,534.57,469.74,-174.27,12.80,1,q1_q17_dr25_tce,6122.00,171.00,-214.00,4.471,0.050,-0.200,0.9960,0.2960,-0.1180,290.979060,50.258148,15.130
4141593,K07685.01,,CANDIDATE,CANDIDATE,0.6510,0,0,0,0,64.740274000,1.4850000e-03,-1.4850000e-03,149.9922000,2.100000e-02,-2.100000e-02,0.7400,0.1840,-0.5140,15.08200,0.51300,-0.51300,1.1310e+02,7.300e+00,-7.300e+00,1.35,3.900e-01,-3.100e-01,518.0,,,16.96,14.20,-8.13,16.40,1,q1_q17_dr25_tce,5999.00,163.00,-181.00,4.263,0.220,-0.180,1.1770,0.3350,-0.2740,286.773130,39.277531,13.219
7778427,K04482.01,,CANDIDATE,CANDIDATE,0.8980,0,0,0,0,5.382992840,7.4340000e-05,-7.4340000e-05,136.2390000,1.210000e-02,-1.210000e-02,0.4170,0.0260,-0.4170,3.33600,0.30100,-0.30100,3.5100e+01,3.800e+00,-3.800e+00,0.78,1.400e-01,-1.000e-01,1253.0,,,582.98,283.61,-174.70,10.70,1,q1_q17_dr25_tce,6256.00,113.00,-126.00,4.270,0.115,-0.115,1.2930,0.2280,-0.1660,299.095370,43.439098,12.642
6525106,K04483.01,,FALSE POSITIVE,FALSE POSITIVE,0.0000,0,0,1,1,1.710281170,1.1990000e-05,-1.1990000e-05,131.6261900,6.240000e-03,-6.240000e-03,0.3720,0.0810,-0.3720,2.61000,0.20500,-0.20500,1.1160e+02,9.700e+00,-9.700e+00,0.91,2.900e-01,-7.000e-02,1454.0,,,1055.42,953.60,-268.43,13.80,1,q1_q17_dr25_tce,5910.00,158.00,-193.00,4.550,0.037,-0.200,0.8550,0.2640,-0.0660,292.685150,41.905918,15.422
6523058,K04549.01,,CANDIDATE,CANDIDATE,0.9800,0,0,0,0,2.048158200,1.7490000e-05,-1.7490000e-05,132.1767900,6.820000e-03,-6.820000e-03,0.1790,0.2740,-0.1790,1.89900,0.17900,-0.17900,1.8330e+02,1.850e+01,-1.850e+01,1.16,3.500e-01,-1.100e-01,1346.0,,,773.92,685.72,-230.47,11.70,1,q1_q17_dr25_tce,5799.00,172.00,-207.00,4.548,0.036,-0.192,0.8600,0.2540,-0.0850,292.026210,41.984119,15.980
5977470,K04550.01,Kepler-1653 b,CONFIRMED,CANDIDATE,0.9340,0,0,0,0,140.251943000,1.6770000e-03,-1.6770000e-03,175.1370000,1.030000e-02,-1.030000e-02,0.3230,0.1390,-0.3230,6.57600,0.32700,-0.32700,5.6770e+02,5.480e+01,-5.480e+01,1.84,5.000e-02,-1.200e-01,271.0,,,1.28,0.17,-0.24,11.90,1,q1_q17_dr25_tce,4821.00,76.00,-86.00,4.529,0.064,-0.016,0.7880,0.0230,-0.0510,296.457760,41.266022,15.429
11769689,K04551.01,,CANDIDATE,CANDIDATE,0.9860,0,0,0,0,14.717934200,2.4650000e-04,-2.4650000e-04,135.6498000,1.030000e-02,-1.030000e-02,0.7040,0.2530,-0.4900,5.84400,0.33400,-0.33400,1.3230e+02,1.180e+01,-1.180e+01,1.25,4.200e-01,-1.400e-01,784.0,,,89.30,89.92,-27.76,12.70,1,q1_q17_dr25_tce,6102.00,184.00,-202.00,4.449,0.056,-0.224,1.0180,0.3410,-0.1140,295.092010,49.940079,14.654
4355503,K07691.01,,FALSE POSITIVE,FALSE POSITIVE,0.0000,0,1,1,0,0.570828503,1.7410000e-06,-1.7410000e-06,131.5895800,2.960000e-03,-2.960000e-03,0.6090,0.3300,-0.4040,0.91500,0.11500,-0.11500,1.7440e+02,1.890e+01,-1.890e+01,0.54,5.000e-02,-8.000e-02,986.0,,,222.55,69.30,-70.79,13.90,3,q1_q17_dr25_tce,3585.00,72.00,-79.00,4.868,0.054,-0.041,0.3880,0.0390,-0.0530,288.868530,39.496132,15.068
6119923,K04552.01,,FALSE POSITIVE,FALSE POSITIVE,,1,0,0,0,134.466500000,1.4480000e-01,-1.4480000e-01,265.4240000,2.830000e-01,-2.830000e-01,0.2848,0.2031,-0.2845,5.27000,0.82300,-0.82300,1.0320e+03,1.510e+02,-1.510e+02,2.48,2.950e+00,-2.200e-01,280.0,,,1.45,6.45,-0.36,6.70,,,4891.00,155.00,-127.00,4.524,0.061,-0.760,0.7910,0.9420,-0.0690,290.626860,41.460400,15.126
6126076,K04553.01,,FALSE POSITIVE,FALSE POSITIVE,0.0000,1,0,0,1,0.909314811,3.5090000e-06,-3.5090000e-06,131.7228100,3.920000e-03,-3.920000e-03,0.7220,0.2420,-0.4810,2.20530,0.08050,-0.08050,4.0500e+01,1.600e+00,-1.600e+00,0.99,2.100e-01,-2.100e-01,2503.0,,,9311.68,5708.31,-4175.12,30.20,1,q1_q17_dr25_tce,6508.00,146.00,-178.00,4.163,0.171,-0.140,1.4470,0.3110,-0.3110,292.614260,41.437229,12.730
11284772,K04622.01,Kepler-441 b,CONFIRMED,CANDIDATE,0.9750,0,0,0,0,207.247850000,2.6270000e-03,-2.6270000e-03,213.0345800,9.700000e-03,-9.700000e-03,0.2100,0.2410,-0.2100,6.15900,0.34800,-0.34800,8.0920e+02,6.470e+01,-6.470e+01,1.56,9.000e-02,-6.000e-02,189.0,,,0.30,0.06,-0.05,13.20,1,q1_q17_dr25_tce,4339.00,78.00,-87.00,4.711,0.020,-0.032,0.5530,0.0310,-0.0220,284.566890,49.012550,15.142
9209183,K04623.01,,FALSE POSITIVE,FALSE POSITIVE,,1,0,0,0,186.553470000,1.7620000e-02,-1.7620000e-02,173.0531000,3.450000e-02,-3.450000e-02,0.2803,0.1991,-0.2803,13.57000,1.20000,-1.20000,3.3450e+02,4.230e+01,-4.230e+01,1.86,8.200e-01,-1.800e-01,341.0,,,3.18,4.16,-0.91,11.00,,,6187.00,161.00,-203.00,4.446,0.054,-0.300,1.0060,0.4450,-0.0980,287.562680,45.679008,14.905
6153407,K03179.01,Kepler-1911 b,CONFIRMED,CANDIDATE,1.0000,0,0,0,0,5.990782210,4.9580000e-05,-4.9580000e-05,134.5389900,6.580000e-03,-6.580000e-03,0.9440,0.0390,-0.6860,1.69900,0.20900,-0.20900,6.9900e+01,9.800e+00,-9.800e+00,1.03,1.500e-01,-8.000e-02,987.0,,,223.93,87.80,-49.42,8.60,1,q1_q17_dr25_tce,5721.00,102.00,-113.00,4.442,0.072,-0.117,0.9720,0.1350,-0.0790,299.302800,41.441017,10.884
5955621,K04624.01,,FALSE POSITIVE,FALSE POSITIVE,0.0000,0,0,1,0,14.080185200,3.5680000e-04,-3.5680000e-04,137.3331000,2.000000e-02,-2.000000e-02,0.3080,0.1510,-0.3080,3.40200,0.72200,-0.72200,9.0700e+01,1.600e+01,-1.600e+01,1.04,1.600e-01,-6.000e-02,798.0,,,95.62,37.08,-15.06,6.90,1,q1_q17_dr25_tce,5984.00,71.00,-89.00,4.421,0.038,-0.113,1.0890,0.1640,-0.0590,290.276580,41.269341,12.966
11519187,K04625.01,Kepler-1964 b,CONFIRMED,CANDIDATE,0.4930,0,0,0,0,2.440839436,6.8020000e-06,-6.8020000e-06,133.8407000,2.360000e-03,-2.360000e-03,1.2530,6.8450,-0.0440,0.96800,0.17400,-0.17400,5.0950e+02,4.460e+01,-4.460e+01,21.29,2.260e+00,-1.700e+00,986.0,,,223.80,90.83,-59.89,14.40,1,q1_q17_dr25_tce,4803.00,170.00,-170.00,4.623,0.032,-0.054,0.6980,0.0740,-0.0560,297.059020,49.478500,15.877
8417078,K04693.01,Kepler-1619 b,CONFIRMED,CANDIDATE,0.9910,0,0,0,0,23.622357100,5.3630000e-04,-5.3630000e-04,146.9643000,1.950000e-02,-1.950000e-02,0.3690,0.0980,-0.3690,6.85200,0.54200,-0.54200,5.7000e+01,5.800e+00,-5.800e+00,1.07,2.200e-01,-2.700e-01,797.0,,,95.35,59.89,-48.03,11.40,1,q1_q17_dr25_tce,6144.00,170.00,-170.00,4.149,0.216,-0.126,1.3930,0.2900,-0.3550,285.703460,44.422001,13.341
9457948,K04694.01,,CANDIDATE,CANDIDATE,1.0000,0,0,0,0,19.252765200,2.9060000e-04,-2.9060000e-04,144.2659000,1.120000e-02,-1.120000e-02,0.0280,0.4250,-0.0280,4.86200,0.30400,-0.30400,1.3850e+02,1.500e+01,-1.500e+01,1.24,3.900e-01,-1.400e-01,740.0,,,71.04,67.23,-21.92,10.80,1,q1_q17_dr25_tce,6258.00,175.00,-219.00,4.442,0.054,-0.216,1.0460,0.3350,-0.1120,288.708590,46.018188,14.851
4852297,K04695.01,,FALSE POSITIVE,FALSE POSITIVE,0.0000,0,0,1,0,3.289319360,1.7000000e-05,-1.7000000e-05,133.9014100,4.510000e-03,-4.510000e-03,1.4220,6.9950,-0.2200,1.92100,0.26200,-0.26200,1.6600e+02,1.860e+01,-1.860e+01,50.51,1.644e+01,-5.470e+00,1364.0,,,818.01,784.85,-252.85,11.10,1,q1_q17_dr25_tce,6335.00,175.00,-219.00,4.427,0.067,-0.216,1.0720,0.3490,-0.1160,296.066650,39.938011,14.806
9851845,K04696.01,,FALSE POSITIVE,FALSE POSITIVE,0.0000,0,0,0,1,1.081952080,1.6850000e-05,-1.6850000e-05,131.5252000,1.200000e-02,-1.200000e-02,0.2570,0.2120,-0.2570,4.80700,0.38600,-0.38600,3.3600e+01,3.500e+00,-3.500e+00,0.47,6.000e-02,-5.000e-02,1526.0,,,1275.68,523.29,-388.59,12.40,1,q1_q17_dr25_tce,5233.00,158.00,-142.00,4.489,0.095,-0.085,0.8240,0.0980,-0.0980,299.009800,46.684738,13.881
9474483,K04697.01,,FALSE POSITIVE,FALSE POSITIVE,0.0000,0,1,1,1,0.512583041,2.5530000e-06,-2.5530000e-06,131.7757100,4.560000e-03,-4.560000e-03,0.1160,0.3630,-0.1160,1.49800,0.11500,-0.11500,1.1430e+02,7.900e+00,-7.900e+00,1.07,3.600e-01,-1.200e-01,2363.0,,,7320.09,7398.82,-2370.24,17.10,1,q1_q17_dr25_tce,6077.00,190.00,-232.00,4.471,0.056,-0.224,0.9990,0.3330,-0.1110,295.463410,46.011230,15.484
4072271,K07680.01,,CANDIDATE,CANDIDATE,0.4270,0,0,0,0,219.205790000,1.4660000e-02,-1.4660000e-02,327.8910000,3.800000e-02,-3.800000e-02,0.5170,0.0070,-0.4670,14.50000,1.50000,-1.50000,2.0780e+02,1.670e+01,-1.670e+01,2.66,8.500e-01,-5.600e-01,456.0,,,10.18,9.55,-4.89,15.20,1,q1_q17_dr25_tce,6990.00,194.00,-305.00,4.115,0.148,-0.181,1.7850,0.5670,-0.3780,295.315120,39.141048,12.449
9898017,K04484.01,Kepler-1960 b,CONFIRMED,CANDIDATE,1.0000,0,0,0,0,2.297948190,2.0250000e-05,-2.0250000e-05,131.4982600,7.240000e-03,-7.240000e-03,0.1080,0.3410,-0.1080,2.84000,0.23100,-0.23100,8.3200e+01,8.000e+00,-8.000e+00,0.98,2.900e-01,-1.200e-01,1547.0,,,1352.14,1150.42,-445.04,12.20,1,q1_q17_dr25_tce,6371.00,169.00,-207.00,4.426,0.065,-0.195,1.0720,0.3120,-0.1340,294.696960,46.720188,15.079
8613218,K04485.01,,FALSE POSITIVE,FALSE POSITIVE,,1,0,0,0,368.115810000,2.0580000e-02,-2.0580000e-02,227.4962000,2.450000e-02,-2.450000e-02,0.0125,0.4776,-0.0124,13.52000,1.20000,-1.20000,4.7620e+02,5.750e+01,-5.750e+01,2.11,8.500e-01,-2.000e-01,263.0,,,1.12,1.33,-0.30,11.20,,,6122.00,158.00,-191.00,4.487,0.045,-0.292,0.9640,0.3890,-0.0880,286.783540,44.737370,15.125
8548069,K04486.01,,FALSE POSITIVE,FALSE POSITIVE,,1,0,0,0,368.524660000,3.0540000e-02,-3.0540000e-02,236.3783000,4.460000e-02,-4.460000e-02,0.5045,0.0190,-0.4443,11.90000,2.30000,-2.30000,6.8030e+02,9.150e+01,-9.150e+01,3.05,1.730e+00,-3.600e-01,288.0,,,1.62,2.75,-0.56,14.00,,,6343.00,147.00,-281.00,4.411,0.058,-0.335,1.1370,0.6450,-0.1330,286.588290,44.640411,15.484
6278762,K03158.02,Kepler-444 c,CONFIRMED,CANDIDATE,1.0000,0,0,0,0,4.545869820,1.2530000e-05,-1.2530000e-05,131.5244200,2.350000e-03,-2.350000e-03,0.5630,0.3410,-0.3470,1.75600,0.07090,-0.07090,7.6500e+01,3.600e+00,-3.600e+00,0.65,5.000e-02,-3.000e-02,868.0,,,134.21,45.15,-24.45,24.40,4,q1_q17_dr25_tce,5051.00,177.00,-141.00,4.562,0.033,-0.023,0.7210,0.0570,-0.0310,289.752290,41.634605,8.717
8098212,K04487.01,,CANDIDATE,CANDIDATE,0.9800,0,0,0,0,3.487541090,3.9250000e-05,-3.9250000e-05,134.1601800,8.360000e-03,-8.360000e-03,0.3200,0.1540,-0.3200,1.81100,0.30600,-0.30600,8.5100e+01,1.500e+01,-1.500e+01,0.72,7.000e-02,-2.000e-02,988.0,,,224.74,63.76,-26.24,7.30,1,q1_q17_dr25_tce,5252.00,73.00,-84.00,4.593,0.009,-0.086,0.7830,0.0800,-0.0230,292.028290,43.946362,14.371
3127911,K03164.01,,FALSE POSITIVE,FALSE POSITIVE,,1,0,0,0,0.542498653,8.9360000e-06,-8.9360000e-06,132.0117000,1.320000e-02,-1.320000e-02,0.3422,0.1550,-0.3422,4.25700,0.35900,-0.35900,5.4900e+01,4.300e+00,-4.300e+00,2.25,7.000e-01,-6.600e-01,5157.0,,,167191.11,157243.38,-95922.28,19.80,,,8711.00,268.00,-345.00,3.795,0.243,-0.144,2.9540,0.9190,-0.8630,294.018220,38.226292,10.326
6369131,K04554.01,,CANDIDATE,CANDIDATE,0.9710,0,0,0,0,8.077245500,1.3960000e-04,-1.3960000e-04,132.6490000,1.490000e-02,-1.490000e-02,0.9840,0.0230,-0.7690,7.27200,0.34400,-0.34400,7.9200e+01,7.300e+00,-7.300e+00,2.61,3.100e-01,-6.900e-01,1228.0,,,537.66,180.02,-259.57,12.50,1,q1_q17_dr25_tce,5684.00,85.00,-68.00,3.915,0.217,-0.093,2.0320,0.2470,-0.5350,293.434780,41.716881,14.579
7820699,K04555.01,,CANDIDATE,CANDIDATE,,0,0,0,0,364.087330000,2.5940000e-02,-2.5940000e-02,287.6056000,4.800000e-02,-4.800000e-02,0.1702,0.2852,-0.1702,14.09000,2.60000,-2.60000,3.7200e+02,6.050e+01,-6.050e+01,1.39,3.500e-01,-1.100e-01,211.0,,,0.47,0.37,-0.11,8.80,1,q1_q16_tce,5376.00,179.00,-142.00,4.601,0.035,-0.139,0.7270,0.1830,-0.0550,291.220430,43.574268,14.816
10399321,K04556.01,,FALSE POSITIVE,FALSE POSITIVE,0.2760,0,0,1,0,21.581977600,4.7300000e-04,-4.7300000e-04,146.0691000,1.700000e-02,-1.700000e-02,0.0360,0.4170,-0.0360,13.73400,0.48300,-0.48300,4.7600e+01,3.200e+00,-3.200e+00,0.91,1.600e-01,-2.000e-01,746.0,,,73.01,34.46,-31.87,17.30,1,q1_q17_dr25_tce,5601.00,112.00,-78.00,4.144,0.215,-0.116,1.3420,0.2230,-0.3060,289.618560,47.557968,11.981
10257229,K04557.01,,CANDIDATE,CANDIDATE,0.9990,0,0,0,0,5.756519580,3.6370000e-05,-3.6370000e-05,136.9772600,5.250000e-03,-5.250000e-03,0.2470,0.2040,-0.2470,2.30900,0.16500,-0.16500,6.5300e+01,6.700e+00,-6.700e+00,0.83,2.800e-01,-9.000e-02,1089.0,,,332.97,315.91,-101.23,11.20,1,q1_q17_dr25_tce,6208.00,166.00,-203.00,4.454,0.054,-0.216,1.0240,0.3320,-0.1110,283.704710,47.385288,13.666
3539231,K04626.01,,CANDIDATE,CANDIDATE,0.9800,0,0,0,0,91.957230000,5.6800000e-03,-5.6800000e-03,183.0248000,6.570000e-02,-6.570000e-02,0.0150,0.4560,-0.0150,10.47100,0.91900,-0.91900,3.0840e+02,2.700e+01,-2.700e+01,2.66,4.200e-01,-5.700e-01,497.0,,,14.41,5.90,-5.98,12.30,1,q1_q17_dr25_tce,5854.00,79.00,-79.00,4.114,0.182,-0.098,1.5280,0.2380,-0.3270,289.904170,38.651371,14.876
6311891,K04627.01,,CANDIDATE,CANDIDATE,0.9440,0,0,0,0,7.517317450,9.5490000e-05,-9.5490000e-05,137.5970400,9.350000e-03,-9.350000e-03,0.2560,0.1930,-0.2560,2.48400,0.27000,-0.27000,1.7070e+02,1.920e+01,-1.920e+01,1.19,1.500e-01,-7.000e-02,861.0,,,129.74,42.31,-21.99,10.70,1,q1_q17_dr25_tce,5525.00,74.00,-83.00,4.488,0.045,-0.105,0.9230,0.1120,-0.0560,298.758360,41.631031,15.029
7837733,K04628.01,,FALSE POSITIVE,FALSE POSITIVE,,0,0,1,0,3.087236260,2.6550000e-05,-2.6550000e-05,132.9051900,7.520000e-03,-7.520000e-03,0.2516,0.2100,-0.2515,2.61500,0.21500,-0.21500,1.0190e+02,9.500e+00,-9.500e+00,1.20,7.200e-01,-1.400e-01,1451.0,,,1046.77,1961.02,-351.44,12.10,1,q1_q17_dr24_tce,6418.00,175.00,-252.00,4.395,0.059,-0.344,1.1710,0.7100,-0.1370,296.668550,43.540569,14.966
2578017,K04629.01,,FALSE POSITIVE,FALSE POSITIVE,0.0000,0,1,1,0,0.592562969,6.6900000e-07,-6.6900000e-07,131.9017000,1.070000e-03,-1.070000e-03,1.2520,0.2440,-0.1680,3.08690,0.05000,-0.05000,1.5464e+03,1.860e+01,-1.860e+01,25.97,6.840e+00,-2.300e+00,1967.0,,,3520.70,2807.79,-961.89,100.40,1,q1_q17_dr25_tce,5728.00,172.00,-189.00,4.575,0.033,-0.176,0.8040,0.2120,-0.0710,291.914150,37.807819,15.784
7834045,K04630.01,,CANDIDATE,CANDIDATE,1.0000,0,0,0,0,44.696617700,9.4720000e-04,-9.4720000e-04,155.6611000,1.500000e-02,-1.500000e-02,0.3730,0.0930,-0.3730,10.53200,0.56600,-0.56600,2.5730e+02,2.020e+01,-2.020e+01,2.46,4.500e-01,-5.000e-01,637.0,,,38.95,18.64,-15.47,15.30,1,q1_q17_dr25_tce,5929.00,80.00,-80.00,4.123,0.182,-0.098,1.5180,0.2790,-0.3070,295.597350,43.596401,14.875
10663738,K04698.01,,CANDIDATE,CANDIDATE,0.9650,0,0,0,0,8.527589400,1.0230000e-04,-1.0230000e-04,137.2755000,1.220000e-02,-1.220000e-02,0.3110,0.1490,-0.3110,2.95900,0.28800,-0.28800,1.1250e+02,1.310e+01,-1.310e+01,1.28,4.400e-01,-1.400e-01,1049.0,,,286.10,282.78,-94.39,10.40,1,q1_q17_dr25_tce,6469.00,158.00,-248.00,4.385,0.056,-0.224,1.1930,0.4100,-0.1370,291.127440,47.938801,14.765
7891294,K04699.01,,CANDIDATE,CANDIDATE,1.0000,0,0,0,0,3.077141950,4.1800000e-05,-4.1800000e-05,133.4849000,1.030000e-02,-1.030000e-02,0.9830,0.0090,-0.6830,3.57100,0.32000,-0.32000,3.4200e+01,4.000e+00,-4.000e+00,1.08,1.900e-01,-1.600e-01,1493.0,,,1175.00,543.10,-367.03,9.90,1,q1_q17_dr25_tce,6108.00,82.00,-92.00,4.251,0.125,-0.112,1.3360,0.2370,-0.1940,291.887970,43.649811,12.889
9413156,K04700.01,,CANDIDATE,CANDIDATE,1.0000,0,0,0,0,3.834883540,3.3740000e-05,-3.3740000e-05,135.0870100,7.130000e-03,-7.130000e-03,0.2420,0.2200,-0.2420,2.02600,0.21400,-0.21400,2.4300e+02,2.690e+01,-2.690e+01,1.20,2.600e-01,-1.100e-01,1003.0,,,239.15,160.61,-68.31,10.90,1,q1_q17_dr25_tce,5515.00,182.00,-199.00,4.592,0.036,-0.135,0.7750,0.1640,-0.0700,295.361450,45.914841,15.972
8625732,K04701.01,,FALSE POSITIVE,FALSE POSITIVE,0.0000,0,0,1,1,31.971810000,1.5690000e-03,-1.5690000e-03,133.8728000,3.850000e-02,-3.850000e-02,0.5320,0.0180,-0.4640,12.27700,0.80800,-0.80800,1.1740e+02,1.320e+01,-1.320e+01,0.95,2.600e-01,-8.000e-02,521.0,,,17.43,14.11,-4.37,11.10,1,q1_q17_dr25_tce,5632.00,152.00,-152.00,4.554,0.033,-0.187,0.8530,0.2350,-0.0730,292.148040,44.704140,14.817
2831251,K04702.01,,FALSE POSITIVE,FALSE POSITIVE,0.0030,0,0,1,0,5.812898430,9.6800000e-05,-9.6800000e-05,131.5613000,1.340000e-02,-1.340000e-02,0.4990,0.4580,-0.2930,3.97900,0.41500,-0.41500,7.6300e+01,1.060e+01,-1.060e+01,0.93,3.000e-01,-1.200e-01,1102.0,,,348.61,321.65,-120.45,9.50,1,q1_q17_dr25_tce,6175.00,168.00,-205.00,4.410,0.087,-0.203,1.0410,0.3270,-0.1400,285.567470,38.040691,14.510
6721380,K04488.01,,FALSE POSITIVE,FALSE POSITIVE,,0,0,1,0,6.441739950,4.5990000e-05,-4.5990000e-05,136.7775300,6.380000e-03,-6.380000e-03,0.3252,0.1060,-0.3252,1.63500,0.17900,-0.17900,1.0770e+02,1.220e+01,-1.220e+01,1.41,8.100e-01,-3.000e-01,1175.0,,,451.14,796.29,-206.27,10.50,1,q1_q17_dr24_tce,6088.00,157.00,-201.00,4.225,0.175,-0.299,1.3390,0.7770,-0.2840,298.910830,42.185040,13.861
7694615,K04489.01,,FALSE POSITIVE,FALSE POSITIVE,0.0000,0,0,1,0,0.631106722,1.6180000e-06,-1.6180000e-06,131.8980100,2.090000e-03,-2.090000e-03,0.1940,0.2740,-0.1940,0.99420,0.07980,-0.07980,4.9200e+01,3.600e+00,-3.600e+00,0.63,1.300e-01,-9.000e-02,1945.0,,,3367.19,2141.00,-1117.96,17.60,1,q1_q17_dr25_tce,5400.00,161.00,-145.00,4.443,0.112,-0.154,0.8980,0.1850,-0.1230,295.666720,43.370350,13.572
6201203,K04490.01,,FALSE POSITIVE,FALSE POSITIVE,,1,0,0,0,176.173770000,1.5950000e-02,-1.5950000e-02,144.8337000,5.420000e-02,-5.420000e-02,0.2545,0.2286,-0.2544,14.58000,2.20000,-2.20000,3.4990e+02,5.280e+01,-5.280e+01,1.76,6.100e-01,-1.600e-01,323.0,,,2.57,2.61,-0.70,8.20,,,5957.00,162.00,-196.00,4.506,0.039,-0.259,0.9370,0.3250,-0.0820,290.576320,41.546188,15.601
4556468,K04491.01,Kepler-1609 b,CONFIRMED,CANDIDATE,0.9440,0,0,0,0,114.336052000,3.8150000e-03,-3.8150000e-03,216.7966000,2.800000e-02,-2.800000e-02,0.5290,0.0190,-0.4550,14.07700,0.81400,-0.81400,2.3980e+02,2.150e+01,-2.150e+01,2.09,3.500e-01,-3.500e-01,429.0,,,8.02,3.54,-2.77,13.00,1,q1_q17_dr25_tce,5802.00,78.00,-78.00,4.218,0.162,-0.108,1.3160,0.2220,-0.2220,290.146550,39.665821,15.015
9222516,K04492.01,,FALSE POSITIVE,FALSE POSITIVE,0.0000,1,0,1,0,0.639380620,2.9100000e-07,-2.9100000e-07,131.8946730,3.770000e-04,-3.770000e-04,1.3770,0.8730,-0.1910,1.20670,0.02130,-0.02130,3.0800e+02,3.400e+00,-3.400e+00,51.53,1.793e+01,-5.990e+00,2566.0,,,10289.98,10298.43,-3276.34,97.50,1,q1_q17_dr25_tce,6607.00,161.00,-221.00,4.363,0.056,-0.224,1.2040,0.4190,-0.1400,293.529970,45.664330,13.725
5431027,K04558.01,,CANDIDATE,CANDIDATE,0.9720,0,0,0,0,8.823399600,1.5380000e-04,-1.5380000e-04,136.8921000,1.070000e-02,-1.070000e-02,0.0220,0.4330,-0.0220,6.73500,0.33500,-0.33500,1.0460e+02,8.900e+00,-8.900e+00,1.13,3.500e-01,-2.800e-01,929.0,,,176.13,157.78,-87.32,13.30,1,q1_q17_dr25_tce,5602.00,152.00,-152.00,4.269,0.253,-0.207,1.1210,0.3420,-0.2800,285.595430,40.679722,14.598
7285673,K04559.01,,FALSE POSITIVE,FALSE POSITIVE,0.0000,1,0,1,1,0.566801045,1.5200000e-06,-1.5200000e-06,131.7979500,2.040000e-03,-2.040000e-03,0.6280,0.0030,-0.5450,1.74990,0.08850,-0.08850,1.8830e+02,7.100e+00,-7.100e+00,1.42,3.900e-01,-2.100e-01,2348.0,,,7209.06,5982.75,-2635.92,34.90,1,q1_q17_dr25_tce,6106.00,181.00,-200.00,4.405,0.124,-0.186,0.9820,0.2710,-0.1460,292.935520,42.824871,14.498
5282437,K04560.01,,FALSE POSITIVE,FALSE POSITIVE,,0,1,1,1,0.992799002,9.4600000e-07,-9.4600000e-07,131.7084200,8.820000e-04,-8.820000e-04,1.3295,0.4796,-0.0312,3.48780,0.03580,-0.03580,1.6530e+03,1.460e+01,-1.460e+01,40.12,1.493e+01,-4.010e+00,1933.0,,,3302.31,3666.63,-1013.10,97.80,,,6217.00,180.00,-237.00,4.472,0.051,-0.274,0.9890,0.3680,-0.0990,293.940120,40.447189,15.106
7747457,K04561.01,Kepler-1613 b,CONFIRMED,CANDIDATE,0.9970,0,0,0,0,1.518418100,2.1210000e-04,-2.1210000e-04,132.1380000,1.160000e-01,-1.160000e-01,0.5610,0.0260,-0.4710,2.84200,0.21800,-0.21800,1.9680e+02,1.470e+01,-1.470e+01,1.85,5.600e-01,-3.700e-01,1926.0,,,3261.65,2997.74,-1483.39,15.90,1,q1_q17_dr25_tce,6302.00,197.00,-241.00,4.259,0.158,-0.193,1.2690,0.3840,-0.2560,289.875060,43.420959,14.118
8652360,K04562.01,,FALSE POSITIVE,FALSE POSITIVE,0.0000,1,0,1,0,0.968071170,4.9030000e-06,-4.9030000e-06,132.4469700,5.020000e-03,-5.020000e-03,0.5300,0.0250,-0.4680,1.67700,0.12400,-0.12400,1.0480e+02,8.100e+00,-8.100e+00,0.72,1.200e-01,-5.000e-02,1487.0,,,1157.58,577.08,-273.07,15.40,2,q1_q17_dr25_tce,5367.00,160.00,-160.00,4.639,0.032,-0.091,0.6870,0.1060,-0.0490,300.235870,44.769520,15.247
9602421,K04631.01,,FALSE POSITIVE,FALSE POSITIVE,0.0000,0,0,1,1,3.556619060,8.5070000e-05,-8.5070000e-05,133.4975000,2.420000e-02,-2.420000e-02,0.3840,0.0860,-0.3840,5.39600,0.61500,-0.61500,2.3300e+01,2.200e+00,-2.200e+00,0.72,1.600e-01,-2.000e-01,1518.0,,,1254.47,869.56,-667.08,11.40,1,q1_q17_dr25_tce,6018.00,181.00,-163.00,4.081,0.253,-0.136,1.4580,0.3300,-0.4040,297.095830,46.211021,12.840
6070337,K04632.01,,CANDIDATE,CANDIDATE,0.8720,0,0,0,0,40.069148200,3.9460000e-04,-3.9460000e-04,143.7371300,9.290000e-03,-9.290000e-03,1.1250,6.7840,-0.0550,2.92800,0.37500,-0.37500,7.8410e+02,9.350e+01,-9.350e+01,13.25,2.590e+00,-1.310e+00,458.0,,,10.42,6.65,-3.07,10.50,1,q1_q17_dr25_tce,5485.00,191.00,-191.00,4.575,0.051,-0.111,0.7620,0.1490,-0.0750,299.013120,41.329311,15.618
5954001,K04633.01,,CANDIDATE,CANDIDATE,1.0000,0,0,0,0,11.693344700,2.0270000e-04,-2.0270000e-04,142.6574000,1.310000e-02,-1.310000e-02,0.3530,0.0910,-0.3530,6.55100,0.47300,-0.47300,6.6900e+01,6.500e+00,-6.500e+00,1.12,2.000e-01,-1.700e-01,950.0,,,192.95,91.31,-62.09,12.70,1,q1_q17_dr25_tce,6049.00,72.00,-90.00,4.248,0.125,-0.125,1.3540,0.2510,-0.2050,289.779540,41.214409,13.848
4373195,K07692.01,,FALSE POSITIVE,FALSE POSITIVE,0.0000,1,0,0,1,0.562568040,4.4530000e-06,-4.4530000e-06,131.7249700,8.030000e-03,-8.030000e-03,0.6920,0.2630,-0.4690,1.68600,0.20600,-0.20600,4.5000e+00,5.000e-01,-5.000e-01,0.63,9.000e-02,-2.800e-01,5127.0,,,164220.08,114206.71,-127105.67,11.80,1,q1_q17_dr25_tce,9005.00,595.00,-727.00,3.840,0.384,-0.096,2.7730,0.4040,-1.2130,293.720000,39.446449,9.121
5090937,K03182.01,,FALSE POSITIVE,FALSE POSITIVE,,1,0,0,0,8.799918780,3.8360000e-05,-3.8360000e-05,132.8861400,3.720000e-03,-3.720000e-03,1.6053,0.0830,-0.0792,41.56400,0.34100,-0.34100,8.6910e+02,6.100e+00,-6.100e+00,224.56,4.839e+01,-7.527e+01,1979.0,,,3624.62,2359.97,-2269.72,236.10,,,8092.00,228.00,-332.00,3.725,0.280,-0.109,3.2670,0.7040,-1.0950,289.265750,40.255482,11.040
8196226,K04634.01,,CANDIDATE,CANDIDATE,0.9980,0,0,0,0,4.027453960,2.5880000e-05,-2.5880000e-05,133.1219400,4.680000e-03,-4.680000e-03,0.3040,0.1520,-0.3040,1.33000,0.20000,-0.20000,8.5200e+01,9.600e+00,-9.600e+00,0.98,3.000e-01,-1.400e-01,1250.0,,,577.46,536.10,-197.50,10.80,1,q1_q17_dr25_tce,6174.00,175.00,-197.00,4.398,0.105,-0.195,1.0410,0.3260,-0.1400,300.649600,44.055740,13.685
9002538,K03196.01,,CANDIDATE,CANDIDATE,0.9170,0,0,0,0,4.960610940,2.8100000e-05,-2.8100000e-05,135.3213900,5.160000e-03,-5.160000e-03,0.0580,0.3880,-0.0580,2.86400,0.14100,-0.14100,2.0400e+01,1.800e+00,-1.800e+00,0.59,1.000e-01,-9.000e-02,1272.0,,,618.99,306.08,-213.14,12.50,1,q1_q17_dr25_tce,6117.00,135.00,-135.00,4.244,0.137,-0.112,1.2980,0.2210,-0.1990,283.350460,45.339111,11.525
6359175,K04703.01,,FALSE POSITIVE,FALSE POSITIVE,,1,0,0,0,349.037030000,3.2610000e-02,-3.2610000e-02,331.8869000,6.520000e-02,-6.520000e-02,0.1215,0.3767,-0.1213,4.76000,1.80000,-1.80000,7.7700e+02,2.380e+02,-2.380e+02,2.27,9.600e-01,-1.800e-01,231.0,,,0.67,0.87,-0.16,11.60,,,5583.00,172.00,-150.00,4.559,0.030,-0.280,0.8240,0.3480,-0.0650,290.164180,41.782631,15.499
8104207,K04704.01,,FALSE POSITIVE,FALSE POSITIVE,,1,0,0,0,177.813500000,1.0110000e-02,-1.0110000e-02,205.1936000,2.760000e-02,-2.760000e-02,0.2043,0.2605,-0.2041,9.76000,0.73500,-0.73500,4.1770e+02,5.400e+01,-5.400e+01,1.83,7.200e-01,-1.400e-01,310.0,,,2.17,2.56,-0.53,8.80,,,5822.00,165.00,-175.00,4.529,0.029,-0.285,0.8980,0.3550,-0.0690,294.127620,43.975128,15.234
5642688,K04705.01,,CANDIDATE,CANDIDATE,0.4460,0,0,0,0,1.473324500,1.0180000e-05,-1.0180000e-05,132.8559900,5.970000e-03,-5.970000e-03,0.1970,0.2540,-0.1970,1.40600,0.14700,-0.14700,1.2400e+02,1.270e+01,-1.270e+01,1.03,2.800e-01,-1.500e-01,1576.0,,,1453.80,1181.37,-525.08,11.90,1,q1_q17_dr25_tce,5751.00,172.00,-189.00,4.431,0.120,-0.180,0.9210,0.2480,-0.1340,297.602360,40.803219,15.078
10026502,K04706.01,Kepler-1620 b,CONFIRMED,CANDIDATE,0.6650,0,0,0,0,101.952048000,1.7330000e-03,-1.7330000e-03,206.3499000,1.470000e-02,-1.470000e-02,0.0840,0.3670,-0.0840,5.99100,0.47000,-0.47000,1.5250e+02,1.730e+01,-1.730e+01,1.31,4.200e-01,-1.500e-01,428.0,,,7.92,7.47,-2.57,10.30,1,q1_q17_dr25_tce,6210.00,169.00,-225.00,4.407,0.087,-0.203,1.0540,0.3390,-0.1210,297.270870,46.928421,13.658
3953173,K04493.01,,FALSE POSITIVE,FALSE POSITIVE,0.0000,0,0,1,0,2.417959110,3.0440000e-05,-3.0440000e-05,132.5063000,1.150000e-02,-1.150000e-02,0.1450,0.3180,-0.1440,2.72700,0.35100,-0.35100,1.0050e+02,1.250e+01,-1.250e+01,0.53,3.000e-02,-4.000e-02,878.0,,,140.54,39.10,-31.93,10.10,1,q1_q17_dr25_tce,4623.00,139.00,-139.00,4.719,0.046,-0.032,0.5340,0.0350,-0.0350,291.200070,39.053982,15.121
8037926,K04494.01,,FALSE POSITIVE,FALSE POSITIVE,,1,0,0,0,183.854867000,8.1330000e-03,-8.1330000e-03,211.4887000,3.290000e-02,-3.290000e-02,0.4202,0.0341,-0.4166,14.99600,0.92600,-0.92600,5.2060e+02,5.240e+01,-5.240e+01,2.40,1.140e+00,-2.200e-01,345.0,,,3.36,4.81,-0.97,10.80,,,6225.00,170.00,-222.00,4.450,0.047,-0.311,1.0310,0.4930,-0.0950,294.914860,43.862431,15.448
5552562,K04495.01,,CANDIDATE,CANDIDATE,1.0000,0,0,0,0,5.932182090,6.0030000e-05,-6.0030000e-05,135.6337800,8.680000e-03,-8.680000e-03,0.0970,0.3590,-0.0970,4.50700,0.24800,-0.24800,2.0530e+02,1.620e+01,-1.620e+01,1.39,4.200e-01,-1.400e-01,1000.0,,,235.68,211.98,-70.69,14.90,1,q1_q17_dr25_tce,5843.00,164.00,-205.00,4.474,0.054,-0.216,0.9770,0.2970,-0.0990,296.774140,40.793282,15.466
6186182,K04496.01,,CANDIDATE,CANDIDATE,0.9670,0,0,0,0,96.384483000,1.4000000e-03,-1.4000000e-03,144.8682500,9.540000e-03,-9.540000e-03,0.0950,0.3570,-0.0950,5.25300,0.27000,-0.27000,5.9100e+02,6.560e+01,-6.560e+01,2.41,7.400e-01,-2.400e-01,400.0,,,6.03,5.41,-1.80,10.40,1,q1_q17_dr25_tce,5919.00,162.00,-203.00,4.485,0.039,-0.221,1.0000,0.3050,-0.1020,284.682920,41.592411,15.602
4073017,K07681.01,,CANDIDATE,CANDIDATE,1.0000,0,0,0,0,6.055520180,6.3670000e-05,-6.3670000e-05,131.5985100,9.110000e-03,-9.110000e-03,0.1900,0.2690,-0.1900,2.81800,0.23800,-0.23800,1.3460e+02,1.650e+01,-1.650e+01,0.92,1.700e-01,-7.000e-02,844.0,,,119.89,69.41,-29.85,9.80,1,q1_q17_dr25_tce,5352.00,159.00,-159.00,4.585,0.024,-0.128,0.8050,0.1490,-0.0640,295.473820,39.124561,14.772
9002278,K00701.05,Kepler-62 c,CONFIRMED,CANDIDATE,0.9890,0,0,0,0,12.441800300,1.7630000e-04,-1.7630000e-04,134.6507000,1.150000e-02,-1.150000e-02,0.0430,0.4150,-0.0430,3.57200,0.28500,-0.28500,7.8400e+01,7.400e+00,-7.400e+00,0.57,4.000e-02,-2.000e-02,576.0,,,26.03,5.73,-3.93,11.40,5,q1_q17_dr25_tce,4926.00,98.00,-98.00,4.653,0.017,-0.049,0.6620,0.0410,-0.0270,283.212740,45.349861,13.725
10585749,K04563.01,,CANDIDATE,CANDIDATE,0.6030,0,0,0,0,54.333582000,1.2710000e-03,-1.2710000e-03,144.7536000,1.940000e-02,-1.940000e-02,0.8230,0.1220,-0.5830,10.54500,0.59400,-0.59400,1.5200e+02,1.640e+01,-1.640e+01,1.70,2.700e-01,-3.300e-01,513.0,,,16.37,7.02,-6.22,10.50,1,q1_q17_dr25_tce,5500.00,88.00,-66.00,4.228,0.195,-0.120,1.2210,0.1930,-0.2360,285.159420,47.882740,14.487
9579208,K03165.01,,CANDIDATE,CANDIDATE,1.0000,0,0,0,0,4.117544210,2.6260000e-05,-2.6260000e-05,132.7918900,5.370000e-03,-5.370000e-03,0.3120,0.1450,-0.3120,4.36200,0.13500,-0.13500,3.4300e+01,1.800e+00,-1.800e+00,1.02,7.000e-02,-4.000e-02,1581.0,,,1477.06,284.34,-177.38,22.10,1,q1_q17_dr25_tce,6263.00,81.00,-74.00,4.024,0.013,-0.013,1.7260,0.1110,-0.0680,287.637600,46.204411,10.335
6437617,K04564.01,,FALSE POSITIVE,FALSE POSITIVE,,1,0,0,0,293.605810000,2.1690000e-02,-2.1690000e-02,373.1896000,3.580000e-02,-3.580000e-02,0.0927,0.3690,-0.0925,11.07000,1.10000,-1.10000,1.6530e+02,2.840e+01,-2.840e+01,1.37,6.600e-01,-1.200e-01,295.0,,,1.79,2.61,-0.46,8.40,,,6167.00,177.00,-173.00,4.444,0.041,-0.302,1.0640,0.5140,-0.0930,290.063200,41.815220,14.279
8453851,K04565.01,,FALSE POSITIVE,FALSE POSITIVE,0.0000,1,0,0,0,2.788016630,7.9330000e-05,-7.9330000e-05,132.5612000,1.490000e-02,-1.490000e-02,0.7960,0.0400,-0.5480,17.35400,0.63800,-0.63800,1.4000e+01,9.000e-01,-9.000e-01,0.91,2.100e-01,-2.700e-01,2287.0,,,6451.74,4581.75,-3717.26,21.80,1,q1_q17_dr25_tce,7523.00,209.00,-314.00,3.986,0.222,-0.148,2.2060,0.5250,-0.6420,298.964810,44.452770,12.133
11650401,K04566.01,Kepler-1614 b,CONFIRMED,CANDIDATE,1.0000,0,0,0,0,3.946607450,3.1640000e-05,-3.1640000e-05,132.2489200,5.240000e-03,-5.240000e-03,0.2780,0.1860,-0.2780,2.70500,0.19300,-0.19300,3.0940e+02,2.810e+01,-2.810e+01,1.40,2.600e-01,-1.000e-01,981.0,,,218.91,125.23,-54.06,12.70,1,q1_q17_dr25_tce,5376.00,160.00,-160.00,4.576,0.030,-0.120,0.8060,0.1470,-0.0630,284.871340,49.775909,15.923
9873759,K04635.01,,FALSE POSITIVE,FALSE POSITIVE,0.0000,0,0,1,1,4.994737980,5.7130000e-05,-5.7130000e-05,136.1785000,1.190000e-02,-1.190000e-02,0.4600,0.4710,-0.2580,3.05000,0.21200,-0.21200,9.9500e+01,6.700e+00,-6.700e+00,0.82,1.700e-01,-6.000e-02,917.0,,,167.06,109.49,-39.83,17.50,1,q1_q17_dr25_tce,5406.00,177.00,-160.00,4.569,0.034,-0.144,0.8190,0.1690,-0.0600,282.618040,46.787521,13.819
9773270,K04636.01,,CANDIDATE,CANDIDATE,1.0000,0,0,0,0,122.749053000,3.5950000e-03,-3.5950000e-03,170.9953000,2.750000e-02,-2.750000e-02,0.9970,68.3800,-0.0530,8.34200,0.79600,-0.79600,1.0412e+03,8.610e+01,-8.610e+01,6.13,1.770e+00,-5.500e-01,348.0,,,3.48,3.06,-0.99,15.00,1,q1_q17_dr25_tce,5619.00,180.00,-200.00,4.488,0.048,-0.204,0.9760,0.2810,-0.0880,292.985170,46.506569,15.511
9457728,K04637.01,,CANDIDATE,CANDIDATE,0.9850,0,0,0,0,4.379923450,4.5830000e-05,-4.5830000e-05,133.9912100,8.990000e-03,-8.990000e-03,0.7280,0.2240,-0.4970,4.94900,0.24000,-0.24000,1.5500e+01,1.300e+00,-1.300e+00,0.81,3.000e-02,-5.000e-02,1608.0,,,1579.65,198.86,-268.89,13.90,1,q1_q17_dr25_tce,6311.00,76.00,-76.00,3.993,0.016,-0.018,1.9180,0.0690,-0.1280,288.599670,46.031712,10.438
9516728,K04638.01,,FALSE POSITIVE,FALSE POSITIVE,,1,0,0,0,368.485180000,1.7870000e-02,-1.7870000e-02,174.9473000,2.710000e-02,-2.710000e-02,0.5758,0.3797,-0.3618,11.26000,1.50000,-1.50000,3.0180e+02,3.530e+01,-3.530e+01,1.98,8.100e-01,-2.700e-01,283.0,,,1.52,1.82,-0.52,13.70,,,6140.00,158.00,-192.00,4.354,0.108,-0.267,1.0960,0.4490,-0.1480,287.082520,46.104069,14.178
4825872,K04639.01,,FALSE POSITIVE,FALSE POSITIVE,,1,0,0,0,169.894419000,3.1020000e-03,-3.1020000e-03,201.4552000,1.300000e-02,-1.300000e-02,0.3241,0.1207,-0.3241,2.52500,0.59700,-0.59700,1.7870e+02,3.260e+01,-3.260e+01,2.66,9.800e-01,-1.010e+00,492.0,,,13.85,14.71,-9.14,6.30,,,6382.00,159.00,-192.00,3.940,0.325,-0.184,1.9610,0.7200,-0.7450,288.847110,39.934311,11.998
4680772,K04707.01,,FALSE POSITIVE,FALSE POSITIVE,0.0010,0,0,1,0,26.190289000,2.6190000e-04,-2.6190000e-04,143.2208900,9.650000e-03,-9.650000e-03,0.1090,0.3520,-0.1090,2.14800,0.39800,-0.39800,5.1800e+01,7.600e+00,-7.600e+00,1.05,3.000e-01,-2.600e-01,793.0,,,93.35,81.00,-47.35,9.30,1,q1_q17_dr25_tce,6434.00,181.00,-250.00,4.208,0.175,-0.193,1.4410,0.4220,-0.3460,297.778990,39.776001,11.660
8110733,K04708.01,,FALSE POSITIVE,FALSE POSITIVE,,1,0,0,0,203.511886000,2.4670000e-03,-2.4670000e-03,329.4945000,1.040000e-02,-1.040000e-02,0.3979,0.0596,-0.3979,3.67100,0.43300,-0.43300,1.6710e+02,1.910e+01,-1.910e+01,2.07,1.280e+00,-4.000e-01,442.0,,,9.02,16.99,-3.94,9.30,,,6967.00,178.00,-252.00,4.193,0.113,-0.348,1.5650,0.9620,-0.3010,296.176210,43.931751,12.341
2303903,K04709.01,,CANDIDATE,CANDIDATE,0.8000,0,0,0,0,3.708585950,2.2600000e-05,-2.2600000e-05,134.4730800,5.260000e-03,-5.260000e-03,0.1150,0.3470,-0.1150,1.94000,0.16900,-0.16900,3.0540e+02,3.280e+01,-3.280e+01,1.33,2.500e-01,-1.100e-01,995.0,,,231.84,137.93,-56.57,11.30,1,q1_q17_dr25_tce,5420.00,162.00,-146.00,4.596,0.038,-0.120,0.7710,0.1470,-0.0630,291.642940,37.632408,15.947
9278216,K04710.01,,CANDIDATE,CANDIDATE,0.9980,0,0,0,0,9.452772100,1.3630000e-04,-1.3630000e-04,135.7805000,1.050000e-02,-1.050000e-02,0.7460,0.2050,-0.5290,3.81700,0.60300,-0.60300,1.9730e+02,2.730e+01,-2.730e+01,1.30,3.600e-01,-1.200e-01,832.0,,,113.38,92.00,-30.59,11.30,1,q1_q17_dr25_tce,5973.00,160.00,-178.00,4.547,0.044,-0.187,0.8570,0.2370,-0.0790,290.737700,45.725368,15.580
8355131,K04711.01,,CANDIDATE,CANDIDATE,0.8940,0,0,0,0,4.363831300,3.3890000e-05,-3.3890000e-05,135.3377200,6.700000e-03,-6.700000e-03,0.3900,0.0600,-0.3900,1.45700,0.17600,-0.17600,1.9410e+02,2.350e+01,-2.350e+01,1.08,2.200e-01,-8.000e-02,976.0,,,214.31,137.21,-49.41,10.30,1,q1_q17_dr25_tce,5623.00,169.00,-152.00,4.596,0.042,-0.127,0.7630,0.1580,-0.0560,287.507660,44.314240,15.642
6278762,K03158.03,Kepler-444 d,CONFIRMED,CANDIDATE,1.0000,0,0,0,0,6.189439520,2.1850000e-05,-2.1850000e-05,134.7800000,2.870000e-03,-2.870000e-03,0.3340,0.1050,-0.3340,2.33160,0.08580,-0.08580,8.3200e+01,3.500e+00,-3.500e+00,0.65,5.000e-02,-3.000e-02,783.0,,,88.79,29.86,-16.18,26.80,3,q1_q17_dr25_tce,5051.00,177.00,-141.00,4.562,0.033,-0.023,0.7210,0.0570,-0.0310,289.752290,41.634605,8.717
12645057,K04497.01,,CANDIDATE,CANDIDATE,1.0000,0,0,0,0,6.830062280,7.2680000e-05,-7.2680000e-05,135.7609900,9.190000e-03,-9.190000e-03,0.0060,0.4430,-0.0060,3.31500,0.19700,-0.19700,1.8740e+02,1.790e+01,-1.790e+01,1.09,2.500e-01,-8.000e-02,882.0,,,142.95,93.18,-34.57,12.10,1,q1_q17_dr25_tce,5807.00,138.00,-173.00,4.576,0.038,-0.152,0.8000,0.1810,-0.0600,289.266970,51.751221,15.170
4844367,K04498.01,,CANDIDATE,CANDIDATE,0.9830,0,0,0,0,17.162258700,2.4520000e-04,-2.4520000e-04,148.6441000,1.170000e-02,-1.170000e-02,1.2010,6.7310,-0.0140,4.66800,0.61100,-0.61100,3.1220e+02,3.420e+01,-3.420e+01,22.42,2.720e+00,-1.070e+00,674.0,,,48.86,15.96,-7.14,11.70,1,q1_q17_dr25_tce,5729.00,77.00,-85.00,4.509,0.024,-0.102,0.9390,0.1140,-0.0450,294.221340,39.989521,14.841
10937749,K04499.01,,CANDIDATE,CANDIDATE,1.0000,0,0,0,0,5.198986150,3.9090000e-05,-3.9090000e-05,133.0531700,5.850000e-03,-5.850000e-03,0.4280,0.0320,-0.4280,2.35900,0.18400,-0.18400,1.3680e+02,1.400e+01,-1.400e+01,1.04,2.900e-01,-1.000e-01,1035.0,,,271.21,226.14,-76.95,11.50,1,q1_q17_dr25_tce,6058.00,164.00,-201.00,4.540,0.048,-0.204,0.8670,0.2460,-0.0820,298.782780,48.312809,14.652
9100953,K04500.01,Kepler-1610 b,CONFIRMED,CANDIDATE,0.8060,0,0,0,0,8.701796110,8.5680000e-05,-8.5680000e-05,138.2463300,8.440000e-03,-8.440000e-03,0.0450,0.4020,-0.0450,3.04800,0.21000,-0.21000,3.0410e+02,2.830e+01,-2.830e+01,1.37,2.200e-01,-1.400e-01,750.0,,,74.58,41.79,-22.47,11.80,1,q1_q17_dr25_tce,5295.00,185.00,-185.00,4.548,0.052,-0.097,0.8000,0.1330,-0.0820,295.905030,45.405430,15.850
8332521,K04567.01,,CANDIDATE,CANDIDATE,0.9880,0,0,0,0,14.744260000,2.9840000e-04,-2.9840000e-04,135.0400000,1.640000e-02,-1.640000e-02,1.0630,6.8650,-0.0050,8.16800,0.74200,-0.74200,1.1360e+02,1.110e+01,-1.110e+01,8.10,2.690e+00,-8.900e-01,784.0,,,89.04,87.24,-26.98,11.90,2,q1_q17_dr25_tce,6146.00,170.00,-192.00,4.454,0.070,-0.210,0.9870,0.3280,-0.1090,301.562840,44.240391,13.775
10407086,K04568.01,,FALSE POSITIVE,FALSE POSITIVE,0.0000,0,0,1,1,0.933747395,7.7110000e-06,-7.7110000e-06,131.5167100,7.270000e-03,-7.270000e-03,0.5410,0.3670,-0.3100,4.79800,0.21400,-0.21400,3.0900e+01,1.500e+00,-1.500e+00,1.24,2.300e-01,-4.300e-01,2596.0,,,10738.05,6345.43,-6646.51,26.70,1,q1_q17_dr25_tce,5574.00,168.00,-140.00,3.818,0.287,-0.123,2.1740,0.4100,-0.7620,292.792540,47.576721,12.877
4073089,K07682.01,,FALSE POSITIVE,FALSE POSITIVE,0.0000,1,0,0,0,58.873429000,2.0720000e-03,-2.0720000e-03,153.9076000,4.500000e-02,-4.500000e-02,0.0000,0.0550,0.0000,17.48700,0.15300,-0.15300,2.2647e+05,2.519e+03,-2.519e+03,76.18,2.546e+01,-1.564e+01,679.0,,,50.35,51.38,-23.84,106.80,1,q1_q17_dr25_tce,7078.00,228.00,-314.00,4.192,0.128,-0.192,1.5680,0.5240,-0.3220,295.490110,39.105862,14.048
6065351,K04569.01,,FALSE POSITIVE,FALSE POSITIVE,,1,0,0,0,14.116658300,5.1420000e-04,-5.1420000e-04,136.3632000,2.540000e-02,-2.540000e-02,1.9614,0.0235,-1.3550,9.12000,1.50000,-1.50000,4.4930e+02,7.640e+01,-7.640e+01,238.66,7.625e+01,-9.053e+01,1205.0,,,497.80,469.69,-333.68,5.90,,,6526.00,182.00,-249.00,3.883,0.311,-0.169,2.2380,0.7150,-0.8490,297.858220,41.330231,13.572
4060229,K04570.01,,CANDIDATE,CANDIDATE,0.9960,0,0,0,0,35.017505300,3.2150000e-04,-3.2150000e-04,139.8496000,7.850000e-03,-7.850000e-03,0.8090,0.1570,-0.5750,3.60800,0.21800,-0.21800,2.9200e+02,2.550e+01,-2.550e+01,2.13,3.300e-01,-3.600e-01,617.0,,,34.32,13.62,-11.88,12.80,1,q1_q17_dr25_tce,5944.00,71.00,-80.00,4.293,0.156,-0.104,1.1230,0.1730,-0.1900,292.356050,39.119450,14.638
6761777,K04571.01,Kepler-1615 b,CONFIRMED,CANDIDATE,0.9950,0,0,0,0,47.312864500,7.5370000e-04,-7.5370000e-04,146.3073000,1.390000e-02,-1.390000e-02,0.9670,0.0120,-0.6730,11.44400,0.57400,-0.57400,2.1740e+02,1.440e+01,-1.440e+01,3.71,4.000e-01,-9.200e-01,658.0,,,44.26,12.96,-20.63,17.60,1,q1_q17_dr25_tce,5749.00,77.00,-77.00,4.002,0.188,-0.062,1.8760,0.2010,-0.4680,286.359220,42.227482,14.553
4825872,K04639.02,,FALSE POSITIVE,FALSE POSITIVE,,1,0,0,0,29.699012600,4.7100000e-04,-4.7100000e-04,135.6251000,1.180000e-02,-1.180000e-02,0.3636,0.0895,-0.3635,1.84900,0.56900,-0.56900,9.3300e+01,1.990e+01,-1.990e+01,1.93,7.100e-01,-7.300e-01,880.0,,,141.60,150.45,-93.42,7.40,,,6382.00,159.00,-192.00,3.940,0.325,-0.184,1.9610,0.7200,-0.7450,288.847110,39.934311,11.998
9412623,K04640.01,Kepler-1618 b,CONFIRMED,CANDIDATE,0.9870,0,0,0,0,6.108294500,1.0070000e-04,-1.0070000e-04,131.8756000,1.450000e-02,-1.450000e-02,0.6300,0.3490,-0.4210,3.49300,0.33700,-0.33700,6.1100e+01,6.800e+00,-6.800e+00,1.06,3.500e-01,-1.300e-01,1267.0,,,608.39,585.94,-199.04,10.80,1,q1_q17_dr25_tce,6720.00,164.00,-234.00,4.316,0.084,-0.210,1.2890,0.4320,-0.1540,295.175380,45.930908,13.606
3644505,K04641.01,,FALSE POSITIVE,FALSE POSITIVE,0.0000,1,0,1,1,119.720070000,9.7670000e-03,-9.7670000e-03,175.8762000,7.150000e-02,-7.150000e-02,0.0250,0.4310,-0.0250,9.48000,2.60000,-2.60000,1.1560e+02,1.580e+01,-1.580e+01,1.26,3.800e-01,-2.100e-01,410.0,,,6.67,5.98,-2.60,9.00,1,q1_q17_dr25_tce,5963.00,160.00,-196.00,4.321,0.132,-0.198,1.1760,0.3600,-0.1940,291.161290,38.710602,13.590
4664743,K04642.01,,FALSE POSITIVE,FALSE POSITIVE,0.0000,1,0,0,0,1.278393310,1.5180000e-05,-1.5180000e-05,132.0902000,1.490000e-02,-1.490000e-02,0.2010,0.3050,-0.2010,6.34300,0.27900,-0.27900,1.9500e+01,1.700e+00,-1.700e+00,0.86,2.300e-01,-1.900e-01,2853.0,,,15656.19,12410.16,-7595.53,15.20,1,q1_q17_dr25_tce,7758.00,214.00,-322.00,4.106,0.135,-0.165,1.9180,0.5140,-0.4200,294.464870,39.725391,13.107
4735826,K03184.01,Kepler-1972 b,CONFIRMED,CANDIDATE,1.0000,0,0,0,0,7.545922037,,,134.4902954,,,0.6250,,,4.03290,,,2.2200e+01,,,0.68,1.100e-01,-1.300e-01,1084.0,,,326.67,155.97,-127.65,13.40,1,q1_q17_dr25_tce,5788.00,115.00,-115.00,4.178,0.176,-0.095,1.3760,0.2320,-0.2580,288.395290,39.872627,11.158
6593734,K04722.01,,FALSE POSITIVE,FALSE POSITIVE,0.0000,1,0,1,0,0.586757460,1.6370000e-06,-1.6370000e-06,131.7542400,2.470000e-03,-2.470000e-03,1.1830,3.0210,-0.1200,1.50800,0.15500,-0.15500,1.4380e+02,1.010e+01,-1.010e+01,19.91,5.010e+00,-2.140e+00,2157.0,,,5080.59,3770.63,-1543.13,18.40,1,q1_q17_dr25_tce,5942.00,160.00,-196.00,4.506,0.046,-0.184,0.9380,0.2360,-0.1010,287.828770,42.061642,15.509
8443527,K03197.01,,CANDIDATE,CANDIDATE,1.0000,0,0,0,0,22.599501000,1.5660000e-03,-1.5660000e-03,152.9112000,9.460000e-02,-9.460000e-02,0.1200,0.3370,-0.1200,4.38000,3.80000,-3.80000,7.6900e+01,2.320e+01,-2.320e+01,0.96,2.100e-01,-1.300e-01,734.0,,,68.48,43.91,-23.11,2.90,1,q1_q17_dr25_tce,6335.00,157.00,-189.00,4.375,0.092,-0.138,1.0870,0.2390,-0.1470,296.290560,44.423260,11.531
9711297,K04723.01,,FALSE POSITIVE,FALSE POSITIVE,,1,0,0,0,373.748560000,3.6200000e-02,-3.6200000e-02,305.2558000,4.960000e-02,-4.960000e-02,0.9735,0.0074,-0.6715,28.18000,3.40000,-3.40000,7.9780e+02,8.000e+01,-8.000e+01,4.45,2.110e+00,-5.100e-01,287.0,,,1.59,2.17,-0.56,12.60,,,6343.00,135.00,-291.00,4.411,0.057,-0.285,1.1370,0.5380,-0.1320,292.262910,46.430641,15.642
8395860,K04724.01,,FALSE POSITIVE,FALSE POSITIVE,,0,0,1,0,20.882207900,7.1810000e-04,-7.1810000e-04,151.6953000,3.100000e-02,-3.100000e-02,0.1364,0.3167,-0.1363,4.55600,0.91300,-0.91300,1.1070e+03,1.820e+02,-1.820e+02,3.63,0.000e+00,0.000e+00,661.0,,,45.17,0.00,0.00,11.00,1,q1_q17_dr24_tce,5780.00,,,4.438,,,1.0000,,,300.928800,44.356293,14.945
7778621,K04725.01,Kepler-1967 b,CONFIRMED,CANDIDATE,1.0000,0,0,0,0,7.281713950,2.9140000e-05,-2.9140000e-05,137.3008500,3.210000e-03,-3.210000e-03,0.9560,0.0050,-0.6630,1.72300,0.11000,-0.11000,1.1160e+02,9.300e+00,-9.300e+00,2.59,1.470e+00,-1.460e+00,1086.0,,,329.68,589.50,-273.70,14.40,1,q1_q17_dr25_tce,4970.00,164.00,-134.00,3.924,0.624,-0.336,1.8060,1.0200,-1.0200,299.137790,43.498638,13.367
5956354,K04726.01,,FALSE POSITIVE,FALSE POSITIVE,0.0000,0,0,1,0,8.038669900,1.1360000e-04,-1.1360000e-04,135.3098000,1.230000e-02,-1.230000e-02,0.3990,0.0600,-0.3990,3.54900,0.37000,-0.37000,1.4200e+02,1.500e+01,-1.500e+01,1.18,3.400e-01,-1.200e-01,926.0,,,173.92,151.54,-50.23,11.60,1,q1_q17_dr25_tce,6018.00,181.00,-181.00,4.485,0.050,-0.200,0.9750,0.2820,-0.1010,290.517850,41.238762,14.999
9100953,K04500.02,Kepler-1610 c,CONFIRMED,CANDIDATE,1.0000,0,0,0,0,44.985188500,4.8730000e-04,-4.8730000e-04,150.5703000,1.110000e-02,-1.110000e-02,0.6640,0.2730,-0.4330,4.16400,0.19500,-0.19500,6.1780e+02,5.110e+01,-5.110e+01,2.09,3.500e-01,-2.100e-01,433.0,,,8.34,4.68,-2.51,12.70,2,q1_q17_dr25_tce,5295.00,185.00,-185.00,4.548,0.052,-0.097,0.8000,0.1330,-0.0820,295.905030,45.405430,15.850
8109107,K04501.01,,FALSE POSITIVE,FALSE POSITIVE,0.0000,0,0,1,0,6.674105770,9.0900000e-05,-9.0900000e-05,136.9407000,1.210000e-02,-1.210000e-02,0.9270,0.0320,-0.7080,3.64500,0.24900,-0.24900,1.6090e+02,1.480e+01,-1.480e+01,1.62,4.700e-01,-2.600e-01,1022.0,,,257.38,228.49,-98.59,12.60,1,q1_q17_dr25_tce,5949.00,188.00,-208.00,4.389,0.124,-0.186,1.0410,0.3030,-0.1630,295.702300,43.900928,15.066
6200529,K04502.01,,FALSE POSITIVE,FALSE POSITIVE,,1,0,0,0,374.924780000,7.2080000e-02,-7.2080000e-02,265.3585000,6.410000e-02,-6.410000e-02,0.3480,0.1259,-0.3478,18.05000,3.60000,-3.60000,6.1000e+02,1.530e+02,-1.530e+02,1.67,9.000e-02,-1.400e-01,171.0,,,0.20,0.05,-0.05,6.00,,,4407.00,136.00,-129.00,4.593,0.044,-0.019,0.6900,0.0370,-0.0560,290.359470,41.552052,15.822
10907132,K04503.01,,CANDIDATE,CANDIDATE,1.0000,0,0,0,0,5.890895090,4.0180000e-05,-4.0180000e-05,132.4364500,5.750000e-03,-5.750000e-03,0.2820,0.1540,-0.2820,2.40200,0.14500,-0.14500,2.6770e+02,2.650e+01,-2.650e+01,1.54,4.700e-01,-1.500e-01,985.0,,,223.02,195.72,-66.91,11.70,1,q1_q17_dr25_tce,5869.00,158.00,-211.00,4.513,0.037,-0.213,0.9420,0.2820,-0.0940,284.613400,48.373470,15.683
6520753,K04504.01,,CANDIDATE,CANDIDATE,0.9950,0,0,0,0,4.130298320,5.2160000e-05,-5.2160000e-05,133.5272000,1.200000e-02,-1.200000e-02,0.0410,0.3940,-0.0410,2.46100,0.28300,-0.28300,3.2530e+02,4.180e+01,-4.180e+01,1.44,3.300e-01,-1.400e-01,995.0,,,231.52,172.92,-67.20,8.70,1,q1_q17_dr25_tce,5490.00,199.00,-182.00,4.557,0.048,-0.143,0.8100,0.1870,-0.0800,291.294100,41.912830,15.956
6929285,K04572.01,,FALSE POSITIVE,FALSE POSITIVE,0.0020,0,0,1,0,4.606906120,3.8580000e-05,-3.8580000e-05,135.1922100,7.870000e-03,-7.870000e-03,0.2030,0.2580,-0.2030,4.17600,0.24400,-0.24400,1.3750e+02,1.230e+01,-1.230e+01,0.90,1.900e-01,-8.000e-02,950.0,,,192.38,123.70,-49.36,13.30,1,q1_q17_dr25_tce,5529.00,167.00,-150.00,4.583,0.045,-0.135,0.7750,0.1610,-0.0690,284.653380,42.488350,15.069
4848321,K04573.01,,FALSE POSITIVE,FALSE POSITIVE,0.0000,0,0,1,1,1.501787050,1.6570000e-05,-1.6570000e-05,131.5642600,6.490000e-03,-6.490000e-03,0.3590,0.1090,-0.3590,2.93600,0.30500,-0.30500,8.6700e+01,8.000e+00,-8.000e+00,0.93,2.900e-01,-1.000e-01,1617.0,,,1619.24,1548.00,-508.81,13.40,1,q1_q17_dr25_tce,5964.00,184.00,-226.00,4.471,0.056,-0.210,0.9870,0.3120,-0.1040,295.195340,39.927250,15.028
12255382,K03167.01,,FALSE POSITIVE,FALSE POSITIVE,0.0000,0,1,0,0,0.499664962,1.1490000e-06,-1.1490000e-06,131.6272400,1.860000e-03,-1.860000e-03,0.2800,0.1820,-0.2800,1.61230,0.07020,-0.07020,3.4300e+01,1.400e+00,-1.400e+00,0.50,7.000e-02,-2.000e-02,2056.0,,,4230.98,1525.84,-530.29,31.60,1,q1_q17_dr25_tce,5570.00,75.00,-83.00,4.561,0.012,-0.114,0.8550,0.1160,-0.0310,289.746730,50.993710,10.437
6522745,K04574.01,,FALSE POSITIVE,FALSE POSITIVE,0.0000,0,1,1,1,17.445393500,2.3300000e-04,-2.3300000e-04,135.7609000,1.210000e-02,-1.210000e-02,1.2540,6.6990,-0.1240,6.39000,0.47600,-0.47600,5.0170e+02,3.670e+01,-3.670e+01,32.01,1.009e+01,-4.030e+00,770.0,,,83.11,79.50,-28.79,16.40,1,q1_q17_dr25_tce,6260.00,196.00,-239.00,4.433,0.065,-0.195,1.0630,0.3350,-0.1340,291.928100,41.968441,15.954
9893468,K04575.01,,CANDIDATE,CANDIDATE,0.8310,0,0,0,0,201.325036000,5.3990000e-03,-5.3990000e-03,174.7724000,1.920000e-02,-1.920000e-02,0.5970,0.3460,-0.3880,14.40000,0.60600,-0.60600,1.2540e+02,1.060e+01,-1.060e+01,1.98,4.200e-01,-5.200e-01,410.0,,,6.71,3.70,-3.25,14.20,1,q1_q17_dr25_tce,6120.00,79.00,-85.00,4.093,0.210,-0.140,1.6990,0.3640,-0.4440,292.936430,46.753021,13.174
11655826,K04643.01,,CANDIDATE,CANDIDATE,1.0000,0,0,0,0,5.593463750,4.2950000e-05,-4.2950000e-05,131.5075200,6.040000e-03,-6.040000e-03,0.0790,0.3780,-0.0790,1.66800,0.18000,-0.18000,2.3650e+02,2.870e+01,-2.870e+01,1.43,4.600e-01,-1.500e-01,1008.0,,,243.63,229.11,-74.74,9.50,1,q1_q17_dr25_tce,5874.00,164.00,-205.00,4.498,0.052,-0.208,0.9330,0.2970,-0.0990,288.448390,49.714031,15.308
1721157,K04644.01,,CANDIDATE,CANDIDATE,0.9700,0,0,0,0,3.449281110,2.1220000e-05,-2.1220000e-05,133.3822100,4.820000e-03,-4.820000e-03,0.5340,0.4320,-0.3170,1.42400,0.16400,-0.16400,2.3700e+02,2.920e+01,-2.920e+01,1.23,1.600e-01,-9.000e-02,966.0,,,206.55,91.39,-46.68,9.70,1,q1_q17_dr25_tce,5119.00,154.00,-139.00,4.591,0.024,-0.090,0.7810,0.1030,-0.0550,291.457340,37.206841,15.144
11076276,K04645.01,,FALSE POSITIVE,FALSE POSITIVE,0.0000,0,0,0,1,1.472585900,1.5220000e-05,-1.5220000e-05,132.9273100,7.930000e-03,-7.930000e-03,0.3770,0.0880,-0.3770,2.95300,0.26300,-0.26300,8.4400e+01,8.000e+00,-8.000e+00,0.93,3.100e-01,-1.000e-01,1662.0,,,1801.98,1821.35,-583.48,13.30,1,q1_q17_dr25_tce,6077.00,190.00,-232.00,4.471,0.054,-0.216,0.9990,0.3330,-0.1110,287.645660,48.638821,15.117
12012439,K04646.01,,FALSE POSITIVE,FALSE POSITIVE,,0,0,0,1,2.976079350,3.7610000e-05,-3.7610000e-05,132.9530000,1.100000e-02,-1.100000e-02,0.7955,0.1695,-0.5903,4.60600,0.27800,-0.27800,1.3040e+02,1.070e+01,-1.070e+01,1.10,4.400e-01,-9.000e-02,1144.0,,,404.28,495.90,-99.84,14.10,,,5547.00,175.00,-157.00,4.534,0.034,-0.275,0.8650,0.3480,-0.0700,291.212460,50.453560,15.331
9947653,K04647.01,,CANDIDATE,CANDIDATE,0.9860,0,0,0,0,37.904388900,8.1950000e-04,-8.1950000e-04,163.7386000,1.400000e-02,-1.400000e-02,0.4730,0.0530,-0.4220,11.63800,0.46300,-0.46300,9.8200e+01,7.700e+00,-7.700e+00,1.97,7.700e-01,-1.160e+00,693.0,,,54.36,65.86,-46.27,13.90,1,q1_q17_dr25_tce,5303.00,175.00,-159.00,3.870,0.630,-0.270,1.9640,0.7730,-1.1590,290.259310,46.885109,13.726
4374610,K04712.01,,FALSE POSITIVE,FALSE POSITIVE,0.0000,0,1,1,0,1.444384490,1.5070000e-05,-1.5070000e-05,132.7564500,7.400000e-03,-7.400000e-03,0.4660,0.5020,-0.2620,2.70400,0.24000,-0.24000,7.5400e+01,8.200e+00,-8.200e+00,1.08,3.200e-01,-1.200e-01,1980.0,,,3622.28,3031.35,-1169.93,10.80,1,q1_q17_dr25_tce,6667.00,164.00,-234.00,4.358,0.069,-0.173,1.2130,0.3530,-0.1410,294.041750,39.457371,14.815
9002538,K03196.02,,CANDIDATE,CANDIDATE,0.9830,0,0,0,0,6.882977560,4.9640000e-05,-4.9640000e-05,134.1642400,5.520000e-03,-5.520000e-03,0.7070,0.2470,-0.4670,2.06500,0.17700,-0.17700,3.0400e+01,2.900e+00,-2.900e+00,0.77,1.300e-01,-1.200e-01,1141.0,,,400.53,198.06,-137.92,13.20,2,q1_q17_dr25_tce,6117.00,135.00,-135.00,4.244,0.137,-0.112,1.2980,0.2210,-0.1990,283.350460,45.339111,11.525
5253802,K04713.01,,CANDIDATE,CANDIDATE,0.8170,0,0,0,0,8.796316600,1.0730000e-04,-1.0730000e-04,134.3262000,1.020000e-02,-1.020000e-02,0.9790,0.0180,-0.6930,4.69600,0.23800,-0.23800,9.6500e+01,9.700e+00,-9.700e+00,1.36,0.000e+00,0.000e+00,882.0,,,142.92,0.00,0.00,11.90,1,q1_q17_dr25_tce,5780.00,,,4.438,,,1.0000,,,283.838840,40.421974,13.641
12554634,K04714.01,,CANDIDATE,CANDIDATE,1.0000,0,0,0,0,2.049602348,8.7930000e-06,-8.7930000e-06,132.3263900,3.460000e-03,-3.460000e-03,0.4350,0.0560,-0.4130,1.06100,0.13600,-0.13600,1.8610e+02,2.240e+01,-2.240e+01,1.08,1.800e-01,-8.000e-02,1203.0,,,494.57,267.16,-122.06,11.30,1,q1_q17_dr25_tce,5356.00,159.00,-159.00,4.589,0.035,-0.112,0.7800,0.1330,-0.0610,289.181490,51.562538,15.277
6264750,K04715.01,,CANDIDATE,CANDIDATE,0.8440,0,0,0,0,53.285584000,1.1120000e-03,-1.1120000e-03,172.2970000,1.700000e-02,-1.700000e-02,0.7540,0.0570,-0.5270,6.49200,0.44500,-0.44500,1.5860e+02,1.710e+01,-1.710e+01,1.44,4.200e-01,-3.300e-01,537.0,,,19.63,17.36,-9.56,11.00,1,q1_q17_dr25_tce,6015.00,200.00,-200.00,4.297,0.236,-0.193,1.0570,0.3020,-0.2470,283.572690,41.695728,13.980
11290515,K04716.01,,CANDIDATE,CANDIDATE,0.9600,0,0,0,0,5.894333800,5.9730000e-05,-5.9730000e-05,134.1069200,8.220000e-03,-8.220000e-03,0.0030,0.4530,-0.0030,3.47500,0.26800,-0.26800,2.8900e+01,3.100e+00,-3.100e+00,0.61,1.200e-01,-5.000e-02,1092.0,,,335.90,170.65,-73.97,10.70,1,q1_q17_dr25_tce,5929.00,71.00,-83.00,4.357,0.081,-0.150,1.1450,0.2280,-0.1050,288.344880,49.021938,12.322
6520753,K04504.02,,CANDIDATE,CANDIDATE,0.8090,0,0,0,0,8.119343000,1.6020000e-04,-1.6020000e-04,135.1862000,1.680000e-02,-1.680000e-02,0.0320,0.4370,-0.0320,3.55800,0.41700,-0.41700,3.5040e+02,4.670e+01,-4.670e+01,1.50,3.400e-01,-1.500e-01,794.0,,,94.08,70.26,-27.31,8.20,2,q1_q17_dr25_tce,5490.00,199.00,-182.00,4.557,0.048,-0.143,0.8100,0.1870,-0.0800,291.294100,41.912830,15.956
6278762,K03158.04,Kepler-444 e,CONFIRMED,CANDIDATE,1.0000,0,0,0,0,7.743478010,3.0850000e-05,-3.0850000e-05,135.0941700,3.240000e-03,-3.240000e-03,0.0180,0.4330,-0.0180,2.78780,0.08870,-0.08870,7.7800e+01,3.500e+00,-3.500e+00,0.62,5.000e-02,-3.000e-02,727.0,,,65.88,22.15,-12.01,24.40,2,q1_q17_dr25_tce,5051.00,177.00,-141.00,4.562,0.033,-0.023,0.7210,0.0570,-0.0310,289.752290,41.634605,8.717
8493354,K04505.01,,CANDIDATE,CANDIDATE,0.9880,0,0,0,0,18.007143800,2.1470000e-04,-2.1470000e-04,138.3126600,8.560000e-03,-8.560000e-03,0.0810,0.3760,-0.0810,5.40100,0.27400,-0.27400,8.0800e+01,7.200e+00,-7.200e+00,1.05,1.800e-01,-1.200e-01,799.0,,,96.25,43.68,-25.08,13.10,1,q1_q17_dr25_tce,6173.00,83.00,-83.00,4.314,0.115,-0.126,1.1670,0.2030,-0.1360,291.099430,44.545689,13.615
4545570,K04506.01,Kepler-1961 b,CONFIRMED,CANDIDATE,0.9970,0,0,0,0,5.604731150,5.1040000e-05,-5.1040000e-05,131.6286100,7.630000e-03,-7.630000e-03,0.2210,0.2300,-0.2210,2.88500,0.24600,-0.24600,2.1000e+02,2.090e+01,-2.090e+01,1.11,1.900e-01,-9.000e-02,866.0,,,132.98,71.42,-34.17,11.90,1,q1_q17_dr25_tce,5401.00,159.00,-159.00,4.593,0.035,-0.112,0.7770,0.1320,-0.0660,286.330110,39.683182,15.683
7598111,K04507.01,,FALSE POSITIVE,FALSE POSITIVE,,0,0,1,1,132.778041000,2.0660000e-03,-2.0660000e-03,188.4972000,1.170000e-02,-1.170000e-02,0.7350,0.2496,-0.5226,5.62400,0.44300,-0.44300,9.0360e+03,9.940e+02,-9.940e+02,10.38,0.000e+00,0.000e+00,357.0,,,3.83,0.00,0.00,10.60,1,q1_q17_dr24_tce,5780.00,,,4.438,,,1.0000,,,288.537690,43.258904,13.340
5457326,K04508.01,,CANDIDATE,CANDIDATE,0.6860,0,0,0,0,2.499153110,1.5270000e-05,-1.5270000e-05,133.0897800,4.540000e-03,-4.540000e-03,0.6660,0.2670,-0.4480,1.80300,0.17600,-0.17600,1.7920e+02,1.590e+01,-1.590e+01,1.02,6.000e-02,-1.000e-01,983.0,,,220.65,59.94,-59.18,13.40,1,q1_q17_dr25_tce,4705.00,139.00,-139.00,4.572,0.058,-0.027,0.7200,0.0460,-0.0660,294.373500,40.651440,15.352
8240746,K04576.01,,FALSE POSITIVE,FALSE POSITIVE,,1,0,1,0,184.568000000,1.1040000e-02,-1.1040000e-02,173.6314000,4.140000e-02,-4.140000e-02,0.2544,0.2051,-0.2543,13.09000,1.20000,-1.20000,4.0990e+02,5.090e+01,-5.090e+01,1.53,5.800e-01,-1.100e-01,282.0,,,1.50,1.73,-0.33,10.20,,,5680.00,173.00,-149.00,4.595,0.032,-0.226,0.7500,0.2870,-0.0520,294.437470,44.180901,15.185
10610039,K04577.01,,CANDIDATE,CANDIDATE,0.6950,0,0,0,0,105.997107000,1.2650000e-03,-1.2650000e-03,144.4196500,9.810000e-03,-9.810000e-03,0.6670,0.2990,-0.4570,3.75100,0.28700,-0.28700,4.3080e+02,4.460e+01,-4.460e+01,1.83,5.200e-01,-1.400e-01,373.0,,,4.59,3.85,-1.12,10.90,1,q1_q17_dr25_tce,6068.00,163.00,-181.00,4.565,0.036,-0.204,0.8310,0.2380,-0.0630,295.670900,47.830399,14.894
9652655,K04578.01,,FALSE POSITIVE,FALSE POSITIVE,0.0000,0,0,1,1,2.488826850,3.3290000e-05,-3.3290000e-05,132.1233200,9.650000e-03,-9.650000e-03,0.7110,0.2390,-0.4890,3.48700,0.39200,-0.39200,8.0200e+01,6.700e+00,-6.700e+00,1.05,3.300e-01,-1.200e-01,1477.0,,,1124.85,1073.60,-348.00,14.20,1,q1_q17_dr25_tce,6246.00,174.00,-217.00,4.433,0.052,-0.208,1.0920,0.3530,-0.1180,293.262660,46.308880,14.768
10140843,K04579.01,,FALSE POSITIVE,FALSE POSITIVE,,1,0,0,0,367.197960000,2.2750000e-02,-2.2750000e-02,134.1748000,4.590000e-02,-4.590000e-02,0.0858,0.3504,-0.0858,15.92000,2.00000,-2.00000,1.4610e+02,1.830e+01,-1.830e+01,1.08,4.500e-01,-9.000e-02,253.0,,,0.96,1.18,-0.23,10.70,,,6054.00,148.00,-171.00,4.525,0.035,-0.303,0.8890,0.3720,-0.0710,291.733610,47.109161,13.592
8628761,K04580.01,,CANDIDATE,CANDIDATE,0.9930,0,0,0,0,6.304323540,5.5800000e-05,-5.5800000e-05,137.2968800,7.630000e-03,-7.630000e-03,0.6650,0.3070,-0.4400,2.50800,0.18800,-0.18800,4.0000e+01,4.300e+00,-4.300e+00,1.23,3.100e-01,-4.700e-01,1510.0,,,1229.72,1066.70,-861.28,10.70,1,q1_q17_dr25_tce,6728.00,299.00,-411.00,3.987,0.350,-0.150,1.8360,0.4640,-0.6960,293.373810,44.727982,13.010
10473272,K04648.01,,FALSE POSITIVE,FALSE POSITIVE,0.0030,0,0,1,0,17.660465300,2.3970000e-04,-2.3970000e-04,137.3914000,1.200000e-02,-1.200000e-02,0.6890,0.2850,-0.4840,2.83700,0.36300,-0.36300,3.0920e+02,3.460e+01,-3.460e+01,1.76,5.000e-01,-1.700e-01,690.0,,,53.57,44.74,-15.13,11.30,1,q1_q17_dr25_tce,5910.00,158.00,-193.00,4.505,0.048,-0.192,0.9400,0.2680,-0.0890,293.055080,47.606739,15.768
4750669,K04649.01,,CANDIDATE,CANDIDATE,0.8420,0,0,0,0,3.384198920,2.4860000e-05,-2.4860000e-05,131.9355000,5.830000e-03,-5.830000e-03,0.1760,0.2860,-0.1760,1.48500,0.26200,-0.26200,2.2820e+02,2.450e+01,-2.450e+01,1.20,2.700e-01,-1.100e-01,1074.0,,,313.79,213.58,-84.77,11.50,1,q1_q17_dr25_tce,5613.00,152.00,-169.00,4.581,0.038,-0.152,0.7950,0.1820,-0.0730,292.966610,39.899639,15.446
9824928,K04650.01,,FALSE POSITIVE,FALSE POSITIVE,0.8420,1,0,1,0,1.699991060,2.2580000e-05,-2.2580000e-05,131.6296000,1.010000e-02,-1.010000e-02,0.3880,0.0640,-0.3880,3.28900,0.31300,-0.31300,9.5600e+01,1.070e+01,-1.070e+01,0.55,4.000e-02,-6.000e-02,934.0,,,180.38,53.47,-51.96,10.60,1,q1_q17_dr25_tce,4289.00,116.00,-142.00,4.684,0.059,-0.032,0.5540,0.0440,-0.0540,289.052860,46.675930,15.928
6717252,K04651.01,,CANDIDATE,CANDIDATE,0.9700,0,0,0,0,1.192600170,6.6810000e-06,-6.6810000e-06,132.6699400,4.680000e-03,-4.680000e-03,0.0150,0.4380,-0.0150,1.50200,0.12400,-0.12400,5.8000e+01,6.100e+00,-6.100e+00,0.77,2.100e-01,-1.500e-01,1726.0,,,2107.84,1820.04,-870.63,11.70,1,q1_q17_dr25_tce,5600.00,169.00,-152.00,4.349,0.171,-0.190,1.0130,0.2900,-0.1930,298.087160,42.164349,13.818
5817685,K04652.01,,FALSE POSITIVE,FALSE POSITIVE,0.0000,1,0,1,1,4.205974500,1.2140000e-04,-1.2140000e-04,132.2828000,2.390000e-02,-2.390000e-02,0.1150,0.3500,-0.1150,8.00600,0.68600,-0.68600,4.1200e+01,6.300e+00,-6.300e+00,0.75,2.100e-01,-1.600e-01,1263.0,,,601.30,511.18,-268.77,7.70,1,q1_q17_dr25_tce,5960.00,179.00,-197.00,4.291,0.185,-0.185,1.1630,0.3280,-0.2380,298.498500,41.083370,14.734
4902202,K04717.01,,CANDIDATE,CANDIDATE,0.4050,0,0,0,0,216.456055000,5.2920000e-03,-5.2920000e-03,175.3753000,1.930000e-02,-1.930000e-02,0.0330,0.4180,-0.0330,11.06700,0.55300,-0.55300,1.0028e+03,8.260e+01,-8.260e+01,3.61,5.300e-01,-5.400e-01,320.0,,,2.48,0.97,-0.77,14.20,1,q1_q17_dr25_tce,5645.00,76.00,-76.00,4.299,0.137,-0.112,1.1550,0.1700,-0.1700,283.693510,40.018021,15.580
7282042,K04718.01,,FALSE POSITIVE,FALSE POSITIVE,0.0000,1,0,0,1,0.566803216,4.5370000e-06,-4.5370000e-06,131.8098200,9.100000e-03,-9.100000e-03,0.4240,0.0680,-0.4240,3.32500,0.73900,-0.73900,2.0200e+01,2.300e+00,-2.300e+00,0.54,1.300e-01,-7.000e-02,2642.0,,,11526.75,7307.78,-3931.62,15.50,1,q1_q17_dr25_tce,6473.00,146.00,-195.00,4.330,0.092,-0.138,1.1820,0.2630,-0.1620,291.787960,42.834099,13.449
7523542,K04719.01,,FALSE POSITIVE,FALSE POSITIVE,,1,0,0,0,365.139810000,1.6200000e-02,-1.6200000e-02,156.6413000,2.280000e-02,-2.280000e-02,0.0901,0.4218,-0.0901,4.46000,1.30000,-1.30000,5.3100e+02,1.240e+02,-1.240e+02,1.86,7.300e-01,-1.500e-01,228.0,,,0.64,0.74,-0.15,7.90,,,5610.00,157.00,-144.00,4.564,0.032,-0.262,0.8150,0.3200,-0.0650,290.512510,43.101280,14.934
3109937,K04720.01,,FALSE POSITIVE,FALSE POSITIVE,0.0000,0,0,1,1,37.809539000,1.3790000e-03,-1.3790000e-03,158.4002000,3.290000e-02,-3.290000e-02,0.0300,0.4160,-0.0300,7.54700,0.48100,-0.48100,4.8740e+02,5.360e+01,-5.360e+01,1.79,3.900e-01,-1.700e-01,483.0,,,12.89,8.87,-3.75,9.70,1,q1_q17_dr25_tce,5595.00,177.00,-197.00,4.570,0.038,-0.152,0.8200,0.1810,-0.0780,289.778260,38.262741,15.752
9386171,K04721.01,,FALSE POSITIVE,FALSE POSITIVE,,1,0,0,0,381.186540000,3.4190000e-02,-3.4190000e-02,136.2434000,3.560000e-02,-3.560000e-02,0.4109,0.1248,-0.3778,9.73000,2.10000,-2.10000,9.8500e+02,1.910e+02,-1.910e+02,2.29,3.000e-01,-1.700e-01,193.0,,,0.33,0.14,-0.08,9.00,,,4977.00,153.00,-135.00,4.607,0.029,-0.081,0.7340,0.0960,-0.0550,282.247620,45.930779,15.845
11350118,K04509.01,,CANDIDATE,CANDIDATE,0.9420,0,0,0,0,12.003678000,1.0070000e-04,-1.0070000e-04,134.7100700,6.640000e-03,-6.640000e-03,0.0760,0.3680,-0.0760,2.79900,0.25300,-0.25300,2.8170e+02,2.810e+01,-2.810e+01,0.97,8.000e-02,-9.000e-02,503.0,,,15.12,4.91,-4.15,12.00,1,q1_q17_dr25_tce,4328.00,131.00,-131.00,4.654,0.056,-0.024,0.5940,0.0500,-0.0560,291.695160,49.187859,15.675
11671579,K04510.01,Kepler-1611 b,CONFIRMED,CANDIDATE,1.0000,0,0,0,0,5.176249970,6.4060000e-05,-6.4060000e-05,133.7381000,1.180000e-02,-1.180000e-02,0.0970,0.3700,-0.0970,5.26100,0.27000,-0.27000,7.8700e+01,6.800e+00,-6.800e+00,1.31,2.100e-01,-2.900e-01,1243.0,,,565.42,239.37,-235.53,13.40,1,q1_q17_dr25_tce,5578.00,83.00,-66.00,4.088,0.195,-0.090,1.4970,0.2370,-0.3260,296.512050,49.727760,14.435
11553598,K04511.01,,FALSE POSITIVE,FALSE POSITIVE,,1,0,0,0,370.620710000,5.1820000e-02,-5.1820000e-02,311.1842000,3.960000e-02,-3.960000e-02,0.1419,0.3182,-0.1419,12.58000,2.40000,-2.40000,3.4430e+02,5.470e+01,-5.470e+01,2.12,1.040e+00,-2.500e-01,295.0,,,1.78,2.55,-0.60,10.50,,,6432.00,149.00,-244.00,4.382,0.073,-0.294,1.1360,0.5560,-0.1350,288.740720,49.543018,15.045
12069414,K04512.01,,FALSE POSITIVE,FALSE POSITIVE,0.0010,0,0,1,0,0.589458602,1.6580000e-06,-1.6580000e-06,131.8215600,2.610000e-03,-2.610000e-03,0.0860,0.3680,-0.0860,0.82780,0.08910,-0.08910,1.5840e+02,1.260e+01,-1.260e+01,0.98,1.300e-01,-1.300e-01,1848.0,,,2736.51,1408.14,-928.90,17.30,1,q1_q17_dr25_tce,5286.00,202.00,-184.00,4.517,0.095,-0.095,0.7760,0.1100,-0.0990,295.450590,50.542110,15.314
9216775,K04513.01,Kepler-1612 b,CONFIRMED,CANDIDATE,0.8720,0,0,0,0,3.917946760,2.6740000e-05,-2.6740000e-05,132.8638400,4.970000e-03,-4.970000e-03,0.3370,0.1260,-0.3370,2.54900,0.16300,-0.16300,1.1650e+02,1.010e+01,-1.010e+01,0.94,1.100e-01,-4.000e-02,1030.0,,,266.81,86.69,-35.37,13.50,1,q1_q17_dr25_tce,5500.00,74.00,-82.00,4.547,0.019,-0.110,0.8700,0.1050,-0.0350,291.250270,45.655071,14.750
2572029,K04581.01,,CANDIDATE,CANDIDATE,1.0000,0,0,0,0,6.005996600,1.3440000e-04,-1.3440000e-04,133.4040000,1.540000e-02,-1.540000e-02,0.1350,0.3230,-0.1350,3.09600,0.55200,-0.55200,3.9200e+01,5.400e+00,-5.400e+00,0.73,2.200e-01,-1.200e-01,1130.0,,,385.87,346.44,-150.52,7.80,1,q1_q17_dr25_tce,6103.00,165.00,-202.00,4.331,0.115,-0.198,1.1600,0.3550,-0.1910,290.608060,37.801891,13.549
7905106,K04582.01,,CANDIDATE,CANDIDATE,0.8280,0,0,0,0,4.224269890,8.3170000e-05,-8.3170000e-05,132.3611000,1.460000e-02,-1.460000e-02,0.7160,0.2640,-0.4880,4.22000,0.34600,-0.34600,1.3600e+01,1.400e+00,-1.400e+00,0.35,5.000e-02,-2.000e-02,1069.0,,,309.32,120.10,-59.11,11.00,1,q1_q17_dr25_tce,5735.00,103.00,-115.00,4.501,0.048,-0.104,0.8830,0.1210,-0.0560,296.336880,43.600090,11.756
9007151,K04583.01,,CANDIDATE,CANDIDATE,,0,0,0,0,330.906041000,6.8060000e-03,-6.8060000e-03,253.8224000,1.500000e-02,-1.500000e-02,0.0050,0.4585,-0.0050,3.84600,0.62700,-0.62700,7.4000e+02,1.460e+02,-1.460e+02,2.05,5.200e-01,-1.500e-01,225.0,,,0.60,0.48,-0.13,7.30,,,5461.00,171.00,-140.00,4.589,0.030,-0.157,0.7690,0.1970,-0.0570,285.668430,45.374771,15.770
4450844,K03168.01,,CANDIDATE,CANDIDATE,0.9990,0,0,0,0,56.347951700,9.5190000e-04,-9.5190000e-04,163.3795000,1.550000e-02,-1.550000e-02,0.7680,0.1870,-0.5500,8.78900,0.34500,-0.34500,4.3600e+01,3.300e+00,-3.300e+00,1.06,4.000e-02,-4.000e-02,586.0,,,27.97,3.68,-3.55,15.10,1,q1_q17_dr25_tce,5843.00,78.00,-78.00,4.086,0.012,-0.010,1.4710,0.0530,-0.0590,287.314850,39.538181,10.455
8443265,K04584.01,,FALSE POSITIVE,FALSE POSITIVE,,0,1,1,0,0.614701901,3.1670000e-06,-3.1670000e-06,132.0846500,4.530000e-03,-4.530000e-03,0.2344,0.2451,-0.2344,0.94700,0.15500,-0.15500,1.3160e+02,1.680e+01,-1.680e+01,0.82,1.400e-01,-8.000e-02,1656.0,,,1779.79,1016.34,-505.89,11.20,,,4954.00,189.00,-156.00,4.563,0.061,-0.121,0.7240,0.1180,-0.0710,296.205690,44.498989,15.893
3240406,K03185.01,,FALSE POSITIVE,FALSE POSITIVE,0.0000,1,0,0,0,0.934181579,9.4590000e-06,-9.4590000e-06,132.3949200,7.600000e-03,-7.600000e-03,0.6200,0.3300,-0.3880,3.94300,0.26100,-0.26100,1.2100e+01,8.000e-01,-8.000e-01,0.79,1.300e-01,-1.300e-01,3268.0,,,26937.31,10761.06,-8915.37,19.80,1,q1_q17_dr25_tce,7624.00,68.00,-91.00,4.029,0.110,-0.110,2.1520,0.3490,-0.3490,292.776340,38.393970,11.219
11181260,K04653.01,,CANDIDATE,CANDIDATE,0.9390,0,0,0,0,19.977859900,2.7150000e-04,-2.7150000e-04,135.1650000,1.060000e-02,-1.060000e-02,0.1720,0.2780,-0.1720,5.96000,0.25900,-0.25900,8.3400e+01,7.600e+00,-7.600e+00,1.07,3.200e-01,-1.300e-01,773.0,,,84.29,72.59,-26.57,12.80,1,q1_q17_dr25_tce,6392.00,153.00,-192.00,4.399,0.065,-0.195,1.1620,0.3500,-0.1400,286.560330,48.893051,13.520
5090803,K04654.01,,FALSE POSITIVE,FALSE POSITIVE,,1,0,0,0,379.652610000,5.0230000e-02,-5.0230000e-02,284.9650000,8.910000e-02,-8.910000e-02,0.1971,0.3043,-0.1968,19.04000,3.80000,-3.80000,8.2300e+01,2.080e+01,-2.080e+01,1.20,3.800e-01,-3.200e-01,330.0,,,2.80,2.63,-1.45,8.00,,,6471.00,173.00,-198.00,4.141,0.270,-0.208,1.3020,0.4180,-0.3390,289.224700,40.260818,13.223
2558163,K04655.01,,CANDIDATE,CANDIDATE,0.9610,0,0,0,0,17.543847000,1.0220000e-03,-1.0220000e-03,138.9151000,6.100000e-02,-6.100000e-02,0.5790,0.0240,-0.4720,5.94800,0.70200,-0.70200,1.9630e+02,2.400e+01,-2.400e+01,1.15,3.000e-01,-8.000e-02,658.0,,,44.42,33.98,-10.34,9.90,1,q1_q17_dr25_tce,5957.00,159.00,-177.00,4.579,0.044,-0.176,0.7910,0.2060,-0.0550,287.065340,37.899479,15.388
8107611,K04656.01,,CANDIDATE,CANDIDATE,1.0000,0,0,0,0,3.818371700,3.8460000e-05,-3.8460000e-05,133.9081200,7.080000e-03,-7.080000e-03,0.8780,0.0670,-0.6370,2.68700,0.21800,-0.21800,5.0800e+01,5.000e+00,-5.000e+00,1.39,4.000e-01,-3.600e-01,1683.0,,,1894.37,1608.61,-1002.54,11.80,1,q1_q17_dr25_tce,6738.00,189.00,-260.00,4.109,0.209,-0.171,1.6920,0.4850,-0.4360,295.241910,43.972599,13.821
8377197,K04727.01,,FALSE POSITIVE,FALSE POSITIVE,,0,0,1,0,1.215181097,6.1730000e-06,-6.1730000e-06,131.5090400,4.130000e-03,-4.130000e-03,0.1356,0.3088,-0.1356,1.29500,0.17700,-0.17700,3.9700e+01,4.600e+00,-4.600e+00,0.87,4.800e-01,-1.500e-01,2230.0,,,5844.41,9448.24,-2396.00,11.80,1,q1_q17_dr24_tce,6717.00,151.00,-241.00,4.268,0.105,-0.314,1.3650,0.7470,-0.2370,295.854980,44.301601,13.516
6137779,K04728.01,,FALSE POSITIVE,FALSE POSITIVE,,0,0,1,0,21.532491500,2.1890000e-04,-2.1890000e-04,131.8774900,7.500000e-03,-7.500000e-03,0.5366,0.0196,-0.4657,4.15600,0.24000,-0.24000,1.0050e+02,8.800e+00,-8.800e+00,1.47,7.900e-01,-2.900e-01,876.0,,,139.32,224.36,-61.20,12.10,1,q1_q17_dr24_tce,6737.00,161.00,-245.00,4.228,0.134,-0.305,1.4100,0.7630,-0.2730,295.857820,41.415691,13.410
11913072,K04729.01,,FALSE POSITIVE,FALSE POSITIVE,0.0000,0,0,1,1,3.747795830,4.5260000e-05,-4.5260000e-05,134.2022000,1.160000e-02,-1.160000e-02,0.3900,0.0720,-0.3900,3.15700,0.35500,-0.35500,8.8500e+01,7.500e+00,-7.500e+00,1.06,3.200e-01,-1.100e-01,1324.0,,,725.94,633.30,-219.10,14.40,1,q1_q17_dr25_tce,6341.00,172.00,-210.00,4.409,0.065,-0.195,1.1110,0.3300,-0.1180,291.061430,50.226940,14.416
8752940,K04730.01,,CANDIDATE,CANDIDATE,0.8350,0,0,0,0,9.078291710,4.6190000e-05,-4.6190000e-05,138.2593300,4.260000e-03,-4.260000e-03,0.1640,0.4060,-0.1640,0.78300,0.16400,-0.16400,5.3090e+02,9.950e+01,-9.950e+01,3.69,1.760e+00,-1.770e+00,984.0,,,221.32,339.83,-168.97,7.00,1,q1_q17_dr25_tce,5086.00,192.00,-174.00,4.002,0.526,-0.283,1.6110,0.7710,-0.7710,291.588750,44.907509,14.383
9083470,K04731.01,,FALSE POSITIVE,FALSE POSITIVE,0.0000,1,0,1,1,0.918422380,1.2410000e-05,-1.2410000e-05,131.5859000,1.220000e-02,-1.220000e-02,1.1860,0.5860,-0.1980,5.66400,0.82500,-0.82500,1.6290e+02,1.600e+01,-1.600e+01,16.07,2.650e+00,-1.430e+00,1525.0,,,1280.40,713.17,-359.23,12.90,1,q1_q17_dr25_tce,5288.00,185.00,-185.00,4.613,0.032,-0.104,0.7400,0.1220,-0.0660,289.721680,45.439758,15.899
5783732,K04514.01,,FALSE POSITIVE,FALSE POSITIVE,,1,0,0,0,373.432330000,2.4550000e-02,-2.4550000e-02,297.3505000,2.370000e-02,-2.370000e-02,0.0802,0.3876,-0.0801,16.50000,0.94500,-0.94500,1.6670e+02,1.840e+01,-1.840e+01,1.48,5.400e-01,-2.500e-01,290.0,,,1.66,1.76,-0.64,12.90,1,q1_q16_tce,6146.00,159.00,-181.00,4.303,0.152,-0.233,1.1410,0.4140,-0.1910,289.553100,41.056931,13.477
6278762,K03158.05,Kepler-444 f,CONFIRMED,CANDIDATE,1.0000,0,0,0,0,9.740485080,2.3480000e-05,-2.3480000e-05,134.8791600,1.910000e-03,-1.910000e-03,0.8900,0.0430,-0.6830,1.69930,0.06020,-0.06020,1.2140e+02,5.400e+00,-5.400e+00,0.95,8.000e-02,-4.000e-02,673.0,,,48.52,16.32,-8.84,25.80,1,q1_q17_dr25_tce,5051.00,177.00,-141.00,4.562,0.033,-0.023,0.7210,0.0570,-0.0310,289.752290,41.634605,8.717
7900100,K04515.01,,FALSE POSITIVE,FALSE POSITIVE,,1,0,0,0,397.737810000,5.0900000e-02,-5.0900000e-02,171.6552000,4.620000e-02,-4.620000e-02,0.1656,0.2749,-0.1655,13.08000,2.50000,-2.50000,4.6080e+02,8.660e+01,-8.660e+01,2.20,9.500e-01,-2.000e-01,264.0,,,1.16,1.47,-0.34,8.80,,,6194.00,161.00,-217.00,4.457,0.047,-0.295,1.0200,0.4410,-0.0950,294.852720,43.686459,15.548
9849884,K04516.01,,FALSE POSITIVE,FALSE POSITIVE,0.0000,0,0,0,1,5.357451210,4.5630000e-05,-4.5630000e-05,131.6278400,8.850000e-03,-8.850000e-03,0.1190,0.3450,-0.1190,2.59200,0.19000,-0.19000,7.8200e+01,5.700e+00,-5.700e+00,1.65,3.400e-01,-4.700e-01,1457.0,,,1065.83,660.28,-575.73,16.40,1,q1_q17_dr25_tce,6123.00,167.00,-167.00,3.982,0.252,-0.108,1.8600,0.3830,-0.5270,298.451230,46.620861,12.596
11243547,K04517.01,,FALSE POSITIVE,FALSE POSITIVE,0.0000,0,1,0,1,2.161326620,1.6300000e-05,-1.6300000e-05,131.9023600,5.950000e-03,-5.950000e-03,0.7780,0.1620,-0.5260,4.48700,0.16100,-0.16100,1.1220e+02,5.100e+00,-5.100e+00,0.50,4.000e-02,-6.000e-02,687.0,,,52.58,15.13,-14.37,25.30,1,q1_q17_dr25_tce,3754.00,67.00,-67.00,4.818,0.060,-0.040,0.4300,0.0410,-0.0500,291.542140,48.991192,14.751
4384909,K07693.01,,CANDIDATE,CANDIDATE,0.6550,0,0,0,0,6.410971790,8.0730000e-05,-8.0730000e-05,132.9844000,1.030000e-02,-1.030000e-02,0.2610,0.1930,-0.2610,2.58200,0.25400,-0.25400,2.3350e+02,3.250e+01,-3.250e+01,1.40,3.200e-01,-1.300e-01,886.0,,,146.16,105.35,-42.26,8.50,1,q1_q17_dr25_tce,5383.00,180.00,-180.00,4.486,0.055,-0.165,0.9330,0.2130,-0.0910,296.221680,39.405762,15.631
9009036,K04585.01,Kepler-1616 b,CONFIRMED,CANDIDATE,0.5520,0,0,0,0,6.762893080,8.8520000e-05,-8.8520000e-05,135.6771000,1.130000e-02,-1.130000e-02,0.5530,0.4190,-0.3470,6.20400,0.27100,-0.27100,5.0900e+01,4.000e+00,-4.000e+00,1.21,2.400e-01,-3.000e-01,1337.0,,,754.37,435.75,-374.75,14.60,1,q1_q17_dr25_tce,6547.00,146.00,-194.00,4.122,0.192,-0.128,1.6300,0.3290,-0.4020,286.543640,45.304871,13.499
11506654,K04586.01,,CANDIDATE,CANDIDATE,0.7520,0,0,0,0,75.211637300,6.6130000e-04,-6.6130000e-04,202.3022200,6.030000e-03,-6.030000e-03,0.0580,0.3990,-0.0580,3.20300,0.19900,-0.19900,3.6260e+02,3.270e+01,-3.270e+01,2.83,4.100e-01,-6.300e-01,516.0,,,16.78,6.39,-7.13,13.10,1,q1_q17_dr25_tce,5818.00,70.00,-79.00,4.165,0.176,-0.108,1.5000,0.2210,-0.3310,291.517580,49.434620,14.390
5687700,K04587.01,,CANDIDATE,CANDIDATE,0.9360,0,0,0,0,6.362834140,8.1150000e-05,-8.1150000e-05,131.8069000,9.250000e-03,-9.250000e-03,0.1410,0.3190,-0.1410,3.75200,0.30900,-0.30900,1.5940e+02,1.910e+01,-1.910e+01,1.12,3.200e-01,-1.100e-01,956.0,,,197.84,169.70,-55.09,9.90,1,q1_q17_dr25_tce,5955.00,161.00,-178.00,4.534,0.036,-0.204,0.8830,0.2580,-0.0860,285.224150,40.958931,15.567
8806985,K04588.01,,CANDIDATE,CANDIDATE,1.0000,0,0,0,0,7.537374980,9.5760000e-05,-9.5760000e-05,135.8095600,8.920000e-03,-8.920000e-03,0.2250,0.2180,-0.2250,3.96600,0.23600,-0.23600,4.1100e+01,4.300e+00,-4.300e+00,0.93,2.700e-01,-2.200e-01,1210.0,,,506.84,440.47,-257.32,11.30,1,q1_q17_dr25_tce,6483.00,181.00,-250.00,4.206,0.175,-0.175,1.4360,0.4220,-0.3460,286.513550,45.038044,12.912
10491525,K04589.01,,FALSE POSITIVE,FALSE POSITIVE,0.0030,0,0,1,0,1.098446420,4.2820000e-06,-4.2820000e-06,132.4402000,3.350000e-03,-3.350000e-03,0.7270,0.0310,-0.5160,1.52800,0.11300,-0.11300,4.5000e+01,3.700e+00,-3.700e+00,1.73,2.700e-01,-6.300e-01,2921.0,,,17139.77,8425.81,-10976.29,15.10,1,q1_q17_dr25_tce,6403.00,176.00,-176.00,3.772,0.328,-0.082,2.3910,0.3750,-0.8750,298.905980,47.611359,13.190
3859042,K07675.01,,FALSE POSITIVE,FALSE POSITIVE,0.0000,0,0,0,1,25.949470000,2.4570000e-03,-2.4570000e-03,148.9734000,8.740000e-02,-8.740000e-02,0.6780,0.2800,-0.4460,15.70000,2.50000,-2.50000,2.3830e+02,4.100e+01,-4.100e+01,1.22,2.200e-01,-1.100e-01,508.0,,,15.74,9.23,-4.37,8.20,1,q1_q17_dr25_tce,5348.00,185.00,-185.00,4.609,0.035,-0.105,0.7480,0.1320,-0.0660,293.736050,38.940041,15.908
6527078,K04657.01,,CANDIDATE,CANDIDATE,0.5210,0,0,0,0,7.576008860,8.5260000e-05,-8.5260000e-05,135.6293000,1.100000e-02,-1.100000e-02,0.2670,0.1910,-0.2670,3.36100,0.20700,-0.20700,4.9000e+01,4.500e+00,-4.500e+00,0.54,9.000e-02,-5.000e-02,778.0,,,86.87,47.22,-23.34,12.50,1,q1_q17_dr25_tce,5361.00,159.00,-159.00,4.588,0.038,-0.113,0.7740,0.1330,-0.0710,293.292790,41.997589,13.241
4946049,K04658.01,,FALSE POSITIVE,FALSE POSITIVE,0.0000,0,0,0,1,1.878913800,1.6800000e-05,-1.6800000e-05,133.0633800,8.790000e-03,-8.790000e-03,0.5360,0.0750,-0.4300,4.27900,0.24400,-0.24400,3.0200e+01,2.100e+00,-2.100e+00,1.90,4.700e-01,-9.400e-01,3330.0,,,29112.69,21371.36,-22813.87,17.80,1,q1_q17_dr25_tce,8046.00,223.00,-335.00,3.704,0.420,-0.112,3.3390,0.8240,-1.6480,297.236720,40.034039,12.950
2857607,K04659.01,Kepler-1965 b,CONFIRMED,CANDIDATE,0.9990,0,0,0,0,41.868199600,7.4040000e-04,-7.4040000e-04,146.9767000,1.570000e-02,-1.570000e-02,0.9230,0.0380,-0.6530,5.78300,0.31200,-0.31200,1.5070e+02,1.390e+01,-1.390e+01,1.25,3.300e-01,-1.100e-01,492.0,,,13.89,10.59,-3.55,12.50,1,q1_q17_dr25_tce,5852.00,140.00,-158.00,4.559,0.035,-0.184,0.8370,0.2230,-0.0740,292.514680,38.022060,13.664
5559651,K04660.01,,FALSE POSITIVE,FALSE POSITIVE,0.0000,0,1,1,0,0.514771509,3.0130000e-06,-3.0130000e-06,131.9443500,5.150000e-03,-5.150000e-03,0.2220,0.2430,-0.2220,1.25600,0.24600,-0.24600,4.3400e+01,5.400e+00,-5.400e+00,0.57,1.600e-01,-5.000e-02,2113.0,,,4749.21,3748.42,-1260.11,12.00,1,q1_q17_dr25_tce,5730.00,153.00,-170.00,4.545,0.034,-0.184,0.8700,0.2340,-0.0780,298.225430,40.783989,14.198
5962262,K04661.01,Kepler-1966 b,CONFIRMED,CANDIDATE,0.9920,0,0,0,0,8.617427380,6.7170000e-05,-6.7170000e-05,133.5086300,6.970000e-03,-6.970000e-03,0.0590,0.4010,-0.0590,2.71300,0.19800,-0.19800,1.5490e+02,1.600e+01,-1.600e+01,1.01,4.000e-02,-8.000e-02,733.0,,,68.28,9.75,-13.73,11.30,1,q1_q17_dr25_tce,5009.00,74.00,-82.00,4.491,0.077,-0.028,0.8400,0.0320,-0.0640,292.463870,41.299068,14.790
5437348,K04448.01,,FALSE POSITIVE,FALSE POSITIVE,,1,0,0,0,35.945188000,1.5040000e-03,-1.5040000e-03,146.6937000,3.290000e-02,-3.290000e-02,0.1278,0.3491,-0.1277,8.23000,1.90000,-1.90000,7.2600e+01,1.350e+01,-1.350e+01,1.50,8.100e-01,-4.000e-01,789.0,,,91.51,146.60,-48.14,4.10,,,6578.00,154.00,-202.00,4.087,0.189,-0.306,1.7440,0.9420,-0.4660,288.235230,40.612839,11.628
8429668,K04449.01,,FALSE POSITIVE,FALSE POSITIVE,0.0000,0,0,1,0,5.007493780,4.9900000e-05,-4.9900000e-05,134.6903500,8.800000e-03,-8.800000e-03,0.2060,0.2540,-0.2060,2.89800,0.26700,-0.26700,5.6600e+01,4.800e+00,-4.800e+00,1.68,6.000e-01,-1.600e-01,1499.0,,,1192.26,1247.41,-294.27,14.70,1,q1_q17_dr25_tce,5242.00,131.00,-105.00,3.644,0.109,-0.202,2.2430,0.8110,-0.2160,291.399690,44.473099,12.938
7429240,K04450.01,Kepler-1606 b,CONFIRMED,CANDIDATE,1.0000,0,0,0,0,196.436796000,2.5430000e-03,-2.5430000e-03,173.6920000,1.130000e-02,-1.130000e-02,0.0190,0.4260,-0.0190,8.55600,0.37100,-0.37100,6.3190e+02,5.090e+01,-5.090e+01,2.33,2.800e-01,-1.900e-01,292.0,,,1.72,0.57,-0.36,14.40,1,q1_q17_dr25_tce,5462.00,82.00,-82.00,4.452,0.072,-0.096,0.9460,0.1150,-0.0770,286.378270,43.073250,15.139
10120548,K04451.01,,CANDIDATE,CANDIDATE,0.8510,0,0,0,0,8.830368100,9.9770000e-05,-9.9770000e-05,134.8005900,9.780000e-03,-9.780000e-03,0.7460,0.2230,-0.5350,3.42600,0.26900,-0.26900,2.9620e+02,3.230e+01,-3.230e+01,1.32,1.600e-01,-1.100e-01,676.0,,,49.36,20.52,-12.08,10.90,1,q1_q17_dr25_tce,5051.00,151.00,-136.00,4.628,0.035,-0.070,0.7060,0.0860,-0.0580,282.195650,47.105679,15.945
4474462,K04452.01,,CANDIDATE,CANDIDATE,0.8860,0,0,0,0,12.857558950,9.5030000e-05,-9.5030000e-05,141.8559700,6.410000e-03,-6.410000e-03,0.5500,0.0330,-0.4570,4.83100,0.18800,-0.18800,1.0650e+02,8.500e+00,-8.500e+00,1.23,1.900e-01,-2.100e-01,860.0,,,129.15,52.29,-44.62,14.20,1,q1_q17_dr25_tce,5860.00,79.00,-79.00,4.276,0.162,-0.108,1.1560,0.1780,-0.1950,294.300990,39.519058,13.821
7032001,K04518.01,,FALSE POSITIVE,FALSE POSITIVE,0.0000,1,0,1,1,0.566810643,5.3450000e-06,-5.3450000e-06,131.8027700,7.090000e-03,-7.090000e-03,0.3150,0.1850,-0.3150,3.47100,0.20400,-0.20400,4.5600e+01,3.700e+00,-3.700e+00,0.52,1.300e-01,-4.000e-02,1976.0,,,3605.07,2659.11,-788.18,17.20,1,q1_q17_dr25_tce,5776.00,157.00,-157.00,4.598,0.040,-0.160,0.7580,0.1890,-0.0500,291.278590,42.537380,14.844
4141593,K07685.02,,CANDIDATE,CANDIDATE,0.7910,0,0,0,0,33.502923000,1.0410000e-03,-1.0410000e-03,158.6469000,2.820000e-02,-2.820000e-02,0.7560,0.2000,-0.5160,11.94700,0.70900,-0.70900,7.0900e+01,6.200e+00,-6.200e+00,1.08,3.000e-01,-2.500e-01,645.0,,,40.79,34.15,-19.55,12.50,2,q1_q17_dr25_tce,5999.00,163.00,-181.00,4.263,0.220,-0.180,1.1770,0.3350,-0.2740,286.773130,39.277531,13.219
10003058,K04519.01,,CANDIDATE,CANDIDATE,0.8980,0,0,0,0,148.568877000,1.8810000e-03,-1.8810000e-03,139.6040200,7.330000e-03,-7.330000e-03,0.2430,0.2210,-0.2430,4.39900,0.31600,-0.31600,4.0440e+02,4.150e+01,-4.150e+01,5.97,1.140e+00,-1.940e+00,555.0,,,22.49,11.31,-12.80,11.60,1,q1_q17_dr25_tce,5814.00,87.00,-79.00,3.680,0.293,-0.098,2.9850,0.5670,-0.9710,288.010130,46.978519,14.744
9031703,K04520.01,,CANDIDATE,CANDIDATE,0.9490,0,0,0,0,9.333548600,2.1040000e-04,-2.1040000e-04,137.6177000,1.570000e-02,-1.570000e-02,0.7250,0.2360,-0.5070,6.64300,0.74300,-0.74300,7.1200e+01,7.200e+00,-7.200e+00,1.69,2.900e-01,-3.500e-01,1082.0,,,323.68,151.13,-132.52,11.70,1,q1_q17_dr25_tce,5354.00,88.00,-72.00,3.927,0.150,-0.100,1.8630,0.3210,-0.3920,295.214260,45.324509,14.276
6199864,K04521.01,,FALSE POSITIVE,FALSE POSITIVE,,0,0,1,0,262.477098000,5.8020000e-03,-5.8020000e-03,173.1293000,1.460000e-02,-1.460000e-02,0.0753,0.3825,-0.0752,5.81600,0.59600,-0.59600,1.0160e+03,1.200e+02,-1.200e+02,1.92,1.400e-01,-2.200e-01,178.0,,,0.24,0.07,-0.08,9.70,,,4227.00,125.00,-139.00,4.641,0.059,-0.027,0.6200,0.0450,-0.0690,290.169430,41.549740,15.720
9577855,K04522.01,,FALSE POSITIVE,FALSE POSITIVE,0.0100,0,0,1,0,2.210305720,1.9840000e-05,-1.9840000e-05,133.5767400,6.770000e-03,-6.770000e-03,0.2330,0.2330,-0.2330,2.49200,0.25000,-0.25000,9.2000e+01,9.500e+00,-9.500e+00,1.06,3.400e-01,-1.200e-01,1572.0,,,1440.34,1339.84,-439.68,11.40,1,q1_q17_dr25_tce,6355.00,153.00,-211.00,4.418,0.067,-0.202,1.0900,0.3540,-0.1180,286.836430,46.288509,14.886
12204137,K04590.01,,CANDIDATE,CANDIDATE,0.8170,0,0,0,0,9.540608550,7.0870000e-05,-7.0870000e-05,131.9127600,7.170000e-03,-7.170000e-03,0.0310,0.4200,-0.0310,1.86900,0.18500,-0.18500,4.6200e+02,4.800e+01,-4.800e+01,1.75,2.600e-01,-1.700e-01,735.0,,,69.25,33.25,-19.31,11.20,1,q1_q17_dr25_tce,5271.00,158.00,-158.00,4.522,0.056,-0.096,0.8310,0.1220,-0.0810,288.870820,50.815559,15.836
4386607,K07694.01,,FALSE POSITIVE,FALSE POSITIVE,0.1910,0,0,1,0,5.993218720,9.4660000e-05,-9.4660000e-05,133.6359000,1.440000e-02,-1.440000e-02,0.0200,0.4220,-0.0200,3.92000,0.28300,-0.28300,2.0320e+02,2.470e+01,-2.470e+01,1.23,3.600e-01,-1.200e-01,952.0,,,194.41,166.62,-56.69,9.50,1,q1_q17_dr25_tce,5853.00,162.00,-203.00,4.544,0.048,-0.192,0.8680,0.2520,-0.0840,296.526550,39.490910,15.512
5389956,K04591.01,,CANDIDATE,CANDIDATE,0.9800,0,0,0,0,1.809267340,2.2600000e-05,-2.2600000e-05,132.6883000,8.310000e-03,-8.310000e-03,0.3850,0.0750,-0.3850,2.46900,0.28700,-0.28700,9.8000e+01,1.120e+01,-1.120e+01,0.89,2.600e-01,-8.000e-02,1444.0,,,1028.71,903.53,-287.21,10.90,1,q1_q17_dr25_tce,5897.00,177.00,-177.00,4.531,0.048,-0.204,0.8910,0.2600,-0.0870,298.542570,40.514790,15.186
12108364,K04592.01,,FALSE POSITIVE,FALSE POSITIVE,0.0000,0,1,1,1,0.705441890,3.5560000e-06,-3.5560000e-06,131.6954000,4.160000e-03,-4.160000e-03,0.3280,0.1220,-0.3280,1.77200,0.12900,-0.12900,1.3350e+02,1.090e+01,-1.090e+01,1.04,3.100e-01,-1.000e-01,1960.0,,,3481.65,3037.27,-998.07,13.90,1,q1_q17_dr25_tce,5838.00,175.00,-192.00,4.529,0.036,-0.204,0.8970,0.2600,-0.0870,289.977910,50.668259,15.826
8295671,K04593.01,,FALSE POSITIVE,FALSE POSITIVE,0.0000,1,0,1,0,0.981399749,1.8770000e-06,-1.8770000e-06,132.1249300,1.440000e-03,-1.440000e-03,0.4080,0.0470,-0.4080,0.50510,0.07020,-0.07020,1.5830e+02,1.080e+01,-1.080e+01,1.21,3.500e-01,-1.200e-01,1820.0,,,2602.14,2228.10,-746.04,16.20,1,q1_q17_dr25_tce,6038.00,163.00,-199.00,4.524,0.048,-0.204,0.8980,0.2620,-0.0870,290.360200,44.273361,14.652
10662202,K00750.02,,CANDIDATE,CANDIDATE,0.9150,0,0,0,0,5.044139870,3.5190000e-05,-3.5190000e-05,132.5198600,5.400000e-03,-5.400000e-03,0.7270,0.2420,-0.5080,1.62300,0.21000,-0.21000,1.7200e+02,2.270e+01,-2.270e+01,1.18,4.000e-02,-1.000e-01,862.0,,,130.09,19.42,-26.50,10.20,2,q1_q17_dr25_tce,4954.00,79.00,-79.00,4.500,0.075,-0.020,0.8280,0.0320,-0.0650,290.465120,47.929180,15.377
10407210,K04662.01,,FALSE POSITIVE,FALSE POSITIVE,0.0000,0,0,1,1,0.933728755,8.9820000e-06,-8.9820000e-06,131.5424100,9.420000e-03,-9.420000e-03,0.6450,0.0390,-0.4940,4.36300,0.24800,-0.24800,1.3500e+01,1.000e+00,-1.000e+00,0.72,2.000e-01,-2.200e-01,2777.0,,,14057.75,11618.71,-8330.73,17.90,1,q1_q17_dr25_tce,6652.00,187.00,-258.00,4.036,0.264,-0.176,1.8630,0.5190,-0.5760,292.836980,47.553940,10.959
7457278,K03188.01,,FALSE POSITIVE,FALSE POSITIVE,0.0000,1,0,0,0,12.607591424,,,136.8554856,,,0.9960,,,29.12670,,,7.9500e+01,,,1.61,3.300e-01,-1.800e-01,809.0,,,101.31,62.47,-30.37,41.60,1,q1_q17_dr25_tce,6047.00,163.00,-181.00,4.470,0.050,-0.150,1.0020,0.2060,-0.1110,295.303860,43.059681,11.360
3934657,K07676.01,,CANDIDATE,CANDIDATE,0.9040,0,0,0,0,5.369408400,1.0190000e-04,-1.0190000e-04,133.8117000,1.580000e-02,-1.580000e-02,0.8370,0.1530,-0.6380,3.94900,0.57100,-0.57100,4.0000e+01,7.400e+00,-7.400e+00,0.62,1.900e-01,-5.000e-02,974.0,,,212.68,180.61,-51.21,8.00,1,q1_q17_dr25_tce,5753.00,138.00,-156.00,4.538,0.048,-0.204,0.8690,0.2580,-0.0690,284.734740,39.045361,13.786
7515336,K04663.01,,CANDIDATE,CANDIDATE,0.9950,0,0,0,0,5.656902810,7.9020000e-05,-7.9020000e-05,131.5761000,1.110000e-02,-1.110000e-02,0.0140,0.4360,-0.0140,3.58300,0.30100,-0.30100,3.2200e+01,3.600e+00,-3.600e+00,0.74,1.200e-01,-1.500e-01,1159.0,,,425.70,184.17,-168.68,10.40,1,q1_q17_dr25_tce,5687.00,77.00,-77.00,4.191,0.182,-0.098,1.3200,0.2180,-0.2660,287.670590,43.197239,12.715
8984755,K04664.01,,FALSE POSITIVE,FALSE POSITIVE,0.0000,0,0,1,0,0.734573766,4.7720000e-06,-4.7720000e-06,131.5987200,5.440000e-03,-5.440000e-03,0.0440,0.4200,-0.0440,1.29500,0.17200,-0.17200,6.8400e+01,7.800e+00,-7.800e+00,0.86,2.700e-01,-1.700e-01,2061.0,,,4270.04,3925.29,-1844.04,11.40,1,q1_q17_dr25_tce,5602.00,169.00,-152.00,4.325,0.200,-0.200,1.0510,0.3210,-0.2140,300.949250,45.247952,14.617
7366895,K04665.01,,FALSE POSITIVE,FALSE POSITIVE,,1,0,0,0,289.860460000,1.4940000e-02,-1.4940000e-02,258.5572000,3.110000e-02,-3.110000e-02,0.3711,0.0762,-0.3709,11.10300,0.87700,-0.87700,2.3450e+02,2.580e+01,-2.580e+01,1.50,5.900e-01,-1.600e-01,279.0,,,1.43,1.64,-0.41,10.30,1,q1_q16_tce,5914.00,154.00,-167.00,4.451,0.065,-0.275,0.9710,0.3810,-0.1030,293.068570,42.957211,13.696
10729472,K04453.01,,FALSE POSITIVE,FALSE POSITIVE,,1,0,0,0,357.130890000,3.8630000e-02,-3.8630000e-02,157.7985000,6.240000e-02,-6.240000e-02,0.1365,0.3361,-0.1364,13.04000,2.60000,-2.60000,3.3050e+02,6.520e+01,-6.520e+01,1.62,5.800e-01,-1.300e-01,246.0,,,0.87,0.91,-0.22,11.80,,,5838.00,160.00,-172.00,4.529,0.031,-0.266,0.8970,0.3210,-0.0730,291.164760,48.052429,15.271
6200612,K04454.01,,FALSE POSITIVE,FALSE POSITIVE,,1,0,0,0,370.506840000,1.7890000e-02,-1.7890000e-02,150.8212000,2.410000e-02,-2.410000e-02,0.0647,0.4151,-0.0645,12.13200,0.83200,-0.83200,4.1860e+02,4.730e+01,-4.730e+01,2.06,8.700e-01,-2.000e-01,277.0,,,1.39,1.73,-0.41,8.80,,,6360.00,166.00,-221.00,4.458,0.052,-0.296,0.9990,0.4230,-0.0980,290.385830,41.552311,14.851
9777200,K04455.01,,FALSE POSITIVE,FALSE POSITIVE,0.0000,0,0,0,1,1.332580225,8.7420000e-06,-8.7420000e-06,132.0399900,5.970000e-03,-5.970000e-03,0.5190,0.4430,-0.3000,2.05700,0.15600,-0.15600,4.6300e+01,3.500e+00,-3.500e+00,2.18,3.600e-01,-1.070e+00,3111.0,,,22103.67,11271.91,-17251.76,16.40,1,q1_q17_dr25_tce,6858.00,191.00,-287.00,3.731,0.467,-0.082,3.0960,0.5050,-1.5160,294.513090,46.500759,13.922
3557560,K04456.01,,CANDIDATE,CANDIDATE,0.9620,0,0,0,0,7.429932200,1.5520000e-04,-1.5520000e-04,138.7701000,1.710000e-02,-1.710000e-02,0.8260,0.1200,-0.6230,4.01300,0.57400,-0.57400,1.6490e+02,2.300e+01,-2.300e+01,1.81,2.800e-01,-3.300e-01,1024.0,,,259.70,104.28,-96.76,9.80,1,q1_q17_dr25_tce,5635.00,76.00,-76.00,4.230,0.168,-0.112,1.2520,0.1910,-0.2330,294.671260,38.698971,15.128
12109267,K04457.01,,CANDIDATE,CANDIDATE,0.8000,0,0,0,0,79.334347000,1.5740000e-03,-1.5740000e-03,144.0233000,1.470000e-02,-1.470000e-02,0.6520,0.2970,-0.4510,10.88600,0.52700,-0.52700,1.6490e+02,1.270e+01,-1.270e+01,1.56,4.600e-01,-2.500e-01,500.0,,,14.73,12.47,-5.58,14.60,1,q1_q17_dr25_tce,6384.00,158.00,-206.00,4.330,0.120,-0.195,1.1500,0.3380,-0.1820,290.512420,50.649288,13.815
8700895,K04523.01,,CANDIDATE,CANDIDATE,0.8780,0,0,0,0,5.682516050,7.0400000e-05,-7.0400000e-05,131.6745000,1.050000e-02,-1.050000e-02,0.0000,0.4620,0.0000,3.47900,0.32700,-0.32700,8.1200e+01,1.040e+01,-1.040e+01,1.03,1.700e-01,-1.400e-01,1090.0,,,333.82,142.98,-96.75,9.40,1,q1_q17_dr25_tce,5753.00,78.00,-78.00,4.319,0.115,-0.115,1.1570,0.1890,-0.1550,296.044250,44.805290,14.878
5003670,K04524.01,Kepler-1962 b,CONFIRMED,CANDIDATE,1.0000,0,0,0,0,7.991446960,6.5510000e-05,-6.5510000e-05,136.2585500,7.340000e-03,-7.340000e-03,0.9400,0.0040,-0.7060,3.63900,0.20200,-0.20200,1.4500e+02,1.240e+01,-1.240e+01,1.53,2.300e-01,-1.200e-01,901.0,,,155.95,60.57,-30.54,12.80,1,q1_q17_dr25_tce,5700.00,77.00,-77.00,4.434,0.063,-0.117,1.0060,0.1480,-0.0790,289.548400,40.164200,14.955
5200084,K03159.01,,FALSE POSITIVE,FALSE POSITIVE,0.0000,1,0,0,0,2.903944600,3.6500000e-05,-3.6500000e-05,133.8526000,1.200000e-02,-1.200000e-02,0.6860,0.0570,-0.4340,10.54200,0.77500,-0.77500,1.3100e+01,4.000e-01,-4.000e-01,1.17,4.100e-01,-4.000e-01,2637.0,,,11446.75,13937.12,-8288.45,32.00,1,q1_q17_dr25_tce,7846.00,411.00,-822.00,3.829,0.264,-0.216,3.0500,1.0510,-1.0510,295.336060,40.392132,9.162
4144873,K07686.01,,FALSE POSITIVE,FALSE POSITIVE,0.3480,1,0,0,0,68.538296000,1.1110000e-03,-1.1110000e-03,186.2171600,7.210000e-03,-7.210000e-03,0.0020,0.4600,-0.0020,3.62700,0.34100,-0.34100,1.0870e+03,1.180e+02,-1.180e+02,25.77,4.680e+00,-9.300e-01,1031.0,,,267.17,128.54,-30.70,11.30,1,q1_q17_dr25_tce,4687.00,70.00,-56.00,2.613,0.028,-0.039,8.1230,1.4740,-0.2950,288.037050,39.208988,13.983
5003670,K04524.02,,CANDIDATE,CANDIDATE,0.6070,0,0,0,0,4.526287390,5.0270000e-05,-5.0270000e-05,134.3206500,9.360000e-03,-9.360000e-03,0.5000,0.0650,-0.4240,3.73600,0.33400,-0.33400,9.9600e+01,1.020e+01,-1.020e+01,1.02,1.500e-01,-8.000e-02,1089.0,,,332.79,129.27,-65.18,12.50,2,q1_q17_dr25_tce,5700.00,77.00,-77.00,4.434,0.063,-0.117,1.0060,0.1480,-0.0790,289.548400,40.164200,14.955
9171886,K04525.01,,FALSE POSITIVE,FALSE POSITIVE,,1,0,0,0,369.798500000,1.1220000e-02,-1.1220000e-02,173.3282000,1.840000e-02,-1.840000e-02,0.1382,0.3203,-0.1379,12.56400,0.59500,-0.59500,1.1064e+03,9.850e+01,-9.850e+01,2.53,1.120e+00,-1.900e-01,225.0,,,0.61,0.84,-0.14,11.10,,,5680.00,188.00,-154.00,4.582,0.037,-0.272,0.7570,0.3370,-0.0560,297.812740,45.508678,15.696
3337061,K03172.02,,FALSE POSITIVE,FALSE POSITIVE,,1,0,1,0,6.558834600,1.6740000e-04,-1.6740000e-04,133.8215000,2.280000e-02,-2.280000e-02,0.7173,0.0257,-0.5240,3.03400,0.93200,-0.93200,4.1200e+01,1.010e+01,-1.010e+01,0.70,0.000e+00,0.000e+00,973.0,,,211.64,0.00,0.00,8.10,,,5780.00,,,4.438,,,1.0000,,,290.033140,38.426861,10.609
5696918,K04594.01,,FALSE POSITIVE,FALSE POSITIVE,0.0000,0,1,1,1,0.643007769,2.4300000e-06,-2.4300000e-06,131.6858800,3.120000e-03,-3.120000e-03,0.0120,0.5000,-0.0120,0.69000,0.19000,-0.19000,6.8100e+01,9.000e+00,-9.000e+00,0.35,3.000e-02,-4.000e-02,1070.0,,,311.13,67.34,-90.00,10.30,1,q1_q17_dr25_tce,3925.00,62.00,-86.00,4.825,0.065,-0.035,0.4210,0.0290,-0.0500,289.073820,40.977531,14.800
12265786,K04595.01,,CANDIDATE,CANDIDATE,0.9960,0,0,0,0,0.597018404,1.0760000e-06,-1.0760000e-06,131.7127700,1.590000e-03,-1.590000e-03,0.4400,0.5000,-0.2440,0.47780,0.08420,-0.08420,2.4540e+02,1.640e+01,-1.640e+01,1.09,1.300e-01,-7.000e-02,1578.0,,,1473.77,638.02,-314.68,16.50,1,q1_q17_dr25_tce,4985.00,149.00,-134.00,4.675,0.025,-0.070,0.6300,0.0810,-0.0400,295.414790,50.979012,15.509
8487838,K04596.01,,FALSE POSITIVE,FALSE POSITIVE,0.0000,0,0,1,1,1.061937837,6.1500000e-06,-6.1500000e-06,131.7269000,4.250000e-03,-4.250000e-03,0.1250,0.3530,-0.1250,2.31000,0.21700,-0.21700,5.2000e+01,4.200e+00,-4.200e+00,0.68,1.900e-01,-7.000e-02,1757.0,,,2252.16,1820.78,-635.89,16.30,1,q1_q17_dr25_tce,5893.00,146.00,-176.00,4.505,0.048,-0.204,0.9410,0.2640,-0.0940,288.958250,44.577999,14.171
10873178,K04597.01,,CANDIDATE,CANDIDATE,0.9550,0,0,0,0,4.820251240,5.5320000e-05,-5.5320000e-05,134.8135500,7.500000e-03,-7.500000e-03,0.5380,0.0080,-0.4970,2.12900,0.42200,-0.42200,9.4100e+01,2.140e+01,-2.140e+01,0.78,1.800e-01,-5.000e-02,1018.0,,,254.20,169.70,-57.32,8.50,1,q1_q17_dr25_tce,6035.00,164.00,-182.00,4.591,0.028,-0.171,0.7770,0.1740,-0.0500,296.360900,48.213001,14.639
11337012,K04666.01,,CANDIDATE,CANDIDATE,1.0000,0,0,0,0,12.401926300,2.6950000e-04,-2.6950000e-04,141.1769000,2.060000e-02,-2.060000e-02,0.9240,0.0510,-0.6240,4.04300,0.73600,-0.73600,2.1110e+02,2.690e+01,-2.690e+01,1.49,3.200e-01,-1.500e-01,713.0,,,60.93,40.95,-16.79,9.50,1,q1_q17_dr25_tce,5555.00,167.00,-150.00,4.514,0.074,-0.147,0.8320,0.1820,-0.0840,284.041720,49.138199,15.355
8359569,K04667.01,,CANDIDATE,CANDIDATE,0.8820,0,0,0,0,152.823896000,4.5560000e-03,-4.5560000e-03,147.5443000,2.450000e-02,-2.450000e-02,0.1190,0.3470,-0.1190,7.73400,0.65600,-0.65600,4.5620e+02,5.410e+01,-5.410e+01,2.45,7.400e-01,-3.200e-01,395.0,,,5.77,5.02,-2.03,9.90,1,q1_q17_dr25_tce,6452.00,157.00,-246.00,4.394,0.067,-0.202,1.1370,0.3450,-0.1480,289.635350,44.379711,15.408
8937762,K04668.01,,FALSE POSITIVE,FALSE POSITIVE,0.9780,0,1,0,0,15.072772870,3.8450000e-05,-3.8450000e-05,143.9695500,2.100000e-03,-2.100000e-03,0.8910,0.0470,-0.6460,0.77940,0.09420,-0.09420,3.4500e+02,3.600e+01,-3.600e+01,1.73,3.600e-01,-1.300e-01,635.0,,,38.57,24.93,-9.02,13.00,1,q1_q17_dr25_tce,5521.00,167.00,-150.00,4.594,0.034,-0.136,0.7710,0.1610,-0.0580,285.212830,45.251400,14.269
2720828,K04669.01,,FALSE POSITIVE,FALSE POSITIVE,,0,0,1,0,1.716593040,1.3160000e-05,-1.3160000e-05,131.6976000,5.100000e-03,-5.100000e-03,0.1534,0.3021,-0.1533,1.15400,0.21300,-0.21300,1.3800e+02,1.890e+01,-1.890e+01,1.17,4.900e-01,-1.100e-01,1607.0,,,1577.89,1957.81,-452.26,9.50,1,q1_q17_dr24_tce,6192.00,169.00,-206.00,4.467,0.050,-0.295,0.9870,0.4130,-0.0950,293.140690,37.994469,14.971
9837828,K04670.01,,CANDIDATE,CANDIDATE,,0,0,0,0,6.808990760,5.1820000e-05,-5.1820000e-05,132.1907800,6.830000e-03,-6.830000e-03,1.9253,0.0404,-1.3920,2.07700,0.29400,-0.29400,1.1920e+03,1.430e+02,-1.430e+02,89.29,8.700e+01,-8.470e+00,795.0,,,94.48,339.08,-26.08,11.50,1,q1_q17_dr24_tce,4992.00,208.00,-152.00,4.483,0.083,-0.594,0.8540,0.8320,-0.0810,294.580660,46.610592,16.303
4857058,K03061.02,,CANDIDATE,CANDIDATE,0.1290,0,0,0,0,77.915425000,2.5430000e-03,-2.5430000e-03,160.9193000,2.160000e-02,-2.160000e-02,0.4480,0.5240,-0.2470,8.27400,0.68700,-0.68700,1.7880e+02,2.480e+01,-2.480e+01,1.17,6.000e-02,-9.000e-02,367.0,,,4.28,0.81,-0.86,9.20,2,q1_q17_dr25_tce,5135.00,84.00,-76.00,4.464,0.084,-0.039,0.8740,0.0480,-0.0690,297.042080,39.912231,14.316
8652577,K04458.01,,FALSE POSITIVE,FALSE POSITIVE,0.1560,0,0,1,0,358.818895000,2.7460000e-03,-2.7460000e-03,416.5775000,5.340000e-03,-5.340000e-03,0.8250,0.1470,-0.6060,2.50300,0.22700,-0.22700,6.6610e+02,6.860e+01,-6.860e+01,2.66,7.000e-01,-3.100e-01,262.0,,,1.11,0.87,-0.34,11.50,1,q1_q17_dr25_tce,6056.00,163.00,-181.00,4.470,0.081,-0.189,0.9180,0.2450,-0.1050,300.292110,44.731041,13.919
8804937,K04459.01,,FALSE POSITIVE,FALSE POSITIVE,,1,0,0,0,181.353700000,2.9150000e-02,-2.9150000e-02,190.4847000,8.420000e-02,-8.420000e-02,0.5983,0.0135,-0.5151,16.19000,4.20000,-4.20000,4.5500e+02,1.240e+02,-1.240e+02,2.11,8.800e-01,-1.800e-01,317.0,,,2.39,3.00,-0.66,11.70,,,5900.00,170.00,-206.00,4.509,0.035,-0.304,0.9510,0.3980,-0.0810,285.439970,45.011559,15.914
9947389,K04460.01,,CANDIDATE,CANDIDATE,0.9720,0,0,0,0,284.727213000,8.3630000e-03,-8.3630000e-03,142.0923000,2.300000e-02,-2.300000e-02,0.3160,0.1480,-0.3160,10.29900,0.94200,-0.94200,3.5530e+02,3.400e+01,-3.400e+01,2.02,3.000e-01,-2.900e-01,278.0,,,1.41,0.55,-0.44,12.70,1,q1_q17_dr25_tce,5497.00,82.00,-74.00,4.332,0.137,-0.100,1.0800,0.1580,-0.1580,290.147250,46.802872,14.636
11912987,K04461.01,,FALSE POSITIVE,FALSE POSITIVE,0.0000,0,0,1,1,3.747866940,3.7820000e-05,-3.7820000e-05,134.1773900,8.830000e-03,-8.830000e-03,0.4900,0.4600,-0.2770,3.63200,0.26700,-0.26700,8.0900e+01,5.300e+00,-5.300e+00,0.89,2.800e-01,-9.000e-02,1176.0,,,451.72,407.46,-133.55,19.10,1,q1_q17_dr25_tce,5957.00,160.00,-195.00,4.498,0.039,-0.221,0.9710,0.2990,-0.1000,291.008180,50.255589,13.567
3765917,K04526.01,,CANDIDATE,CANDIDATE,0.9240,0,0,0,0,30.539293100,4.8280000e-04,-4.8280000e-04,156.7026000,1.120000e-02,-1.120000e-02,0.0450,0.4140,-0.0440,6.88700,0.38300,-0.38300,4.2820e+02,3.080e+01,-3.080e+01,2.72,4.600e-01,-5.000e-01,669.0,,,47.46,20.74,-17.50,15.00,1,q1_q17_dr25_tce,5803.00,78.00,-78.00,4.211,0.162,-0.108,1.3280,0.2220,-0.2440,295.968930,38.867168,15.271
4136659,K07683.01,,FALSE POSITIVE,FALSE POSITIVE,0.0000,0,1,1,0,0.913244995,2.6680000e-06,-2.6680000e-06,132.1855200,2.220000e-03,-2.220000e-03,0.2860,0.3110,-0.2860,0.49310,0.09360,-0.09360,4.7800e+01,4.800e+00,-4.800e+00,0.77,2.300e-01,-1.000e-01,1967.0,,,3541.46,3150.24,-1196.84,10.20,1,q1_q17_dr25_tce,5923.00,158.00,-193.00,4.402,0.087,-0.203,1.0490,0.3190,-0.1370,284.911560,39.298618,13.343
3438976,K04527.01,,FALSE POSITIVE,FALSE POSITIVE,0.0000,0,0,1,1,2.975993680,5.1920000e-05,-5.1920000e-05,132.9759000,1.300000e-02,-1.300000e-02,0.2430,0.2340,-0.2430,4.02300,0.49600,-0.49600,5.5000e+01,5.000e+00,-5.000e+00,0.79,2.400e-01,-1.100e-01,1395.0,,,894.10,818.31,-303.01,13.00,1,q1_q17_dr25_tce,6202.00,175.00,-197.00,4.394,0.090,-0.210,1.0550,0.3260,-0.1400,290.120210,38.534821,14.110
7833305,K04528.01,,CANDIDATE,CANDIDATE,0.9960,0,0,0,0,8.312244740,5.6200000e-05,-5.6200000e-05,139.6770600,5.750000e-03,-5.750000e-03,1.1110,7.2240,-0.1030,2.66300,0.40100,-0.40100,7.0800e+01,7.600e+00,-7.600e+00,10.63,1.980e+00,-1.490e+00,801.0,,,97.64,56.83,-33.59,12.20,1,q1_q17_dr25_tce,5421.00,161.00,-161.00,4.483,0.115,-0.127,0.8160,0.1520,-0.1140,295.374760,43.500431,13.019
6610064,K04529.01,,FALSE POSITIVE,FALSE POSITIVE,0.0000,0,1,1,0,0.584148495,1.6040000e-06,-1.6040000e-06,131.8446100,2.850000e-03,-2.850000e-03,0.5840,0.3500,-0.3740,1.61920,0.09690,-0.09690,6.6200e+01,3.600e+00,-3.600e+00,0.87,2.900e-01,-1.800e-01,2130.0,,,4882.90,4900.81,-2122.64,21.90,1,q1_q17_dr25_tce,5427.00,160.00,-144.00,4.347,0.184,-0.225,1.0310,0.3460,-0.2130,292.978670,42.056492,13.949
12647577,K04530.01,,CANDIDATE,CANDIDATE,0.9990,0,0,0,0,12.636204800,1.9850000e-04,-1.9850000e-04,134.4588000,1.450000e-02,-1.450000e-02,0.1740,0.2960,-0.1730,3.96100,0.39800,-0.39800,1.2400e+02,1.280e+01,-1.280e+01,1.10,1.600e-01,-7.000e-02,774.0,,,85.06,33.27,-14.81,11.50,1,q1_q17_dr25_tce,5772.00,78.00,-86.00,4.457,0.040,-0.120,0.9920,0.1470,-0.0630,290.734340,51.770962,14.241
5476671,K04598.01,,FALSE POSITIVE,FALSE POSITIVE,0.0000,1,0,1,0,0.824180121,1.7820000e-06,-1.7820000e-06,132.1027600,1.800000e-03,-1.800000e-03,1.1710,0.6500,-0.1530,2.83900,0.10500,-0.10500,2.0810e+02,6.400e+00,-6.400e+00,17.80,5.020e+00,-1.670e+00,1912.0,,,3155.32,2608.45,-860.33,39.70,2,q1_q17_dr25_tce,5977.00,160.00,-178.00,4.514,0.065,-0.195,0.8830,0.2490,-0.0830,298.755280,40.665218,14.638
7335972,K04599.01,,FALSE POSITIVE,FALSE POSITIVE,0.0000,1,0,1,0,0.579770948,5.4800000e-07,-5.4800000e-07,132.0813040,7.700000e-04,-7.700000e-04,0.9460,0.0060,-0.6760,1.03770,0.03230,-0.03230,4.6790e+02,1.260e+01,-1.260e+01,2.40,6.300e-01,-2.000e-01,1953.0,,,3425.06,2622.96,-894.04,44.30,2,q1_q17_dr25_tce,5561.00,150.00,-166.00,4.561,0.033,-0.187,0.8540,0.2220,-0.0740,281.043610,42.975761,15.298
4252671,K07687.01,,CANDIDATE,CANDIDATE,0.9500,0,0,0,0,23.266633000,4.2170000e-04,-4.2170000e-04,132.4386000,1.600000e-02,-1.600000e-02,0.0920,0.3570,-0.0920,8.31500,0.39100,-0.39100,4.9900e+01,4.900e+00,-4.900e+00,2.66,4.700e-01,-8.600e-01,1156.0,,,422.77,188.54,-242.01,11.40,1,q1_q17_dr25_tce,5758.00,68.00,-94.00,3.456,0.224,-0.096,3.7750,0.6590,-1.2240,288.869080,39.309860,13.047
2694632,K04600.01,,FALSE POSITIVE,FALSE POSITIVE,0.0000,1,0,0,0,0.922255890,1.9240000e-05,-1.9240000e-05,131.8088000,1.670000e-02,-1.670000e-02,0.9920,0.0100,-0.6810,4.22700,0.48200,-0.48200,3.3000e+01,5.600e+00,-5.600e+00,1.29,2.900e-01,-4.400e-01,2206.0,,,5614.19,3999.90,-3445.30,7.10,1,q1_q17_dr25_tce,5631.00,186.00,-169.00,4.114,0.322,-0.138,1.4850,0.3360,-0.5040,286.373380,37.919003,12.352
11153476,K04601.01,,CANDIDATE,CANDIDATE,0.9990,0,0,0,0,7.940042810,8.4950000e-05,-8.4950000e-05,135.4315000,9.680000e-03,-9.680000e-03,0.0040,0.4440,-0.0040,3.28200,0.28500,-0.28500,8.1900e+01,9.000e+00,-9.000e+00,0.98,3.200e-01,-1.100e-01,1010.0,,,245.79,229.28,-74.99,10.70,1,q1_q17_dr25_tce,6278.00,149.00,-205.00,4.425,0.054,-0.216,1.0810,0.3530,-0.1180,298.434780,48.706139,13.757
6144039,K04602.01,,CANDIDATE,CANDIDATE,0.9610,0,0,0,0,2.858550490,2.1800000e-05,-2.1800000e-05,132.2841500,6.290000e-03,-6.290000e-03,0.9720,0.0140,-0.7100,2.34100,0.19400,-0.19400,8.5400e+01,9.100e+00,-9.100e+00,1.23,1.400e-01,-1.300e-01,1212.0,,,510.14,157.95,-122.77,11.40,1,q1_q17_dr25_tce,5441.00,76.00,-76.00,4.415,0.108,-0.081,0.9640,0.1090,-0.1000,297.232730,41.433411,14.636
5428471,K04671.01,,FALSE POSITIVE,FALSE POSITIVE,0.0000,0,0,1,1,0.754990960,5.8810000e-05,-5.8810000e-05,131.8315000,1.090000e-02,-1.090000e-02,0.3220,0.1580,-0.3220,2.48500,0.29200,-0.29200,2.1580e+02,2.710e+01,-2.710e+01,1.39,4.000e-01,-1.700e-01,1949.0,,,3403.34,2835.72,-1079.58,9.90,1,q1_q17_dr25_tce,5743.00,156.00,-173.00,4.466,0.078,-0.195,0.9460,0.2680,-0.1150,284.348480,40.690659,15.708
7283710,K04672.01,,FALSE POSITIVE,FALSE POSITIVE,,1,0,0,0,353.401910000,1.8430000e-02,-1.8430000e-02,403.2834000,3.830000e-02,-3.830000e-02,0.4702,0.5109,-0.2654,6.68100,1.00000,-1.00000,9.4800e+02,1.440e+02,-1.440e+02,2.35,3.000e-01,-1.900e-01,202.0,,,0.39,0.17,-0.10,9.10,,,4957.00,160.00,-131.00,4.561,0.039,-0.077,0.7630,0.0970,-0.0640,292.324250,42.884960,15.687
5985713,K03190.01,,CANDIDATE,CANDIDATE,1.0000,0,0,0,0,8.952940460,8.7270000e-05,-8.7270000e-05,134.3373100,7.650000e-03,-7.650000e-03,0.7180,0.0510,-0.5070,2.99500,0.22900,-0.22900,4.4000e+01,4.000e+00,-4.000e+00,0.86,1.400e-01,-1.500e-01,1012.0,,,247.66,111.75,-92.96,13.00,1,q1_q17_dr25_tce,6047.00,120.00,-132.00,4.266,0.156,-0.104,1.2070,0.1910,-0.2100,298.268160,41.251663,11.458
10794509,K04673.01,,FALSE POSITIVE,FALSE POSITIVE,,1,0,1,1,1.428596987,4.9170000e-06,-4.9170000e-06,132.7916500,3.190000e-03,-3.190000e-03,0.7017,0.0183,-0.5602,2.14010,0.09390,-0.09390,5.0000e+01,2.300e+00,-2.300e+00,1.62,5.700e-01,-5.900e-01,2637.0,,,11425.10,11512.36,-7361.49,26.10,1,q1_q17_dr24_tce,6745.00,168.00,-224.00,3.901,0.304,-0.178,2.1440,0.7480,-0.7760,290.734310,48.163410,12.619
6839010,K04674.01,,CANDIDATE,CANDIDATE,0.9870,0,0,0,0,4.843500030,4.3840000e-05,-4.3840000e-05,134.8148800,7.260000e-03,-7.260000e-03,0.9060,0.0070,-0.6300,3.04500,0.21000,-0.21000,5.0200e+01,5.500e+00,-5.500e+00,0.90,2.400e-01,-1.600e-01,1121.0,,,373.10,295.97,-148.11,10.40,1,q1_q17_dr25_tce,5762.00,155.00,-155.00,4.348,0.158,-0.193,1.0560,0.2850,-0.1900,282.582820,42.346352,13.590
9775385,K04462.01,,CANDIDATE,CANDIDATE,,0,0,0,0,45.163025000,4.4920000e-03,-4.4920000e-03,159.8536000,9.680000e-02,-9.680000e-02,0.2057,0.2588,-0.2056,7.03000,2.10000,-2.10000,1.3030e+02,2.720e+01,-2.720e+01,2.35,1.240e+00,-4.400e-01,886.0,,,145.48,238.25,-63.20,8.70,,,7675.00,235.00,-304.00,4.051,0.121,-0.311,2.0150,1.0660,-0.3720,293.852940,46.590809,11.069
6197344,K04463.01,,CANDIDATE,CANDIDATE,0.9260,0,0,0,0,36.761401100,9.6430000e-04,-9.6430000e-04,137.7551000,2.860000e-02,-2.860000e-02,0.9840,0.0420,-0.7520,15.98200,0.76300,-0.76300,1.6090e+02,1.050e+01,-1.050e+01,1.52,2.400e-01,-1.900e-01,475.0,,,12.00,6.54,-3.94,16.20,1,q1_q17_dr25_tce,5305.00,185.00,-185.00,4.504,0.090,-0.110,0.8230,0.1320,-0.0990,289.414280,41.510040,15.598
11357664,K04464.01,,CANDIDATE,CANDIDATE,0.9490,0,0,0,0,4.373570433,9.2560000e-06,-9.2560000e-06,133.8281400,1.760000e-03,-1.760000e-03,0.1000,0.3870,-0.1000,0.62300,0.11900,-0.11900,3.6600e+02,3.080e+01,-3.080e+01,1.23,8.000e-02,-1.100e-01,727.0,,,66.12,19.15,-17.22,14.50,1,q1_q17_dr25_tce,4362.00,131.00,-131.00,4.623,0.049,-0.021,0.6400,0.0450,-0.0550,295.306520,49.179668,15.194
2576224,K04465.01,,FALSE POSITIVE,FALSE POSITIVE,,0,0,1,1,2.217010250,1.5860000e-05,-1.5860000e-05,131.8030500,6.750000e-03,-6.750000e-03,0.0662,0.3830,-0.0661,2.14800,0.19300,-0.19300,2.9400e+01,3.200e+00,-3.200e+00,1.16,8.000e-01,-1.700e-01,2371.0,,,7467.21,16639.04,-2880.44,11.70,1,q1_q17_dr24_tce,7524.00,217.00,-317.00,4.067,0.086,-0.403,2.0920,1.4590,-0.3050,291.546260,37.817749,12.734
3967501,K07677.01,,FALSE POSITIVE,FALSE POSITIVE,0.0000,0,1,0,0,43.075911500,3.4190000e-04,-3.4190000e-04,160.1388300,6.310000e-03,-6.310000e-03,1.2560,3.4620,-2.6750,90.95000,1.90000,-1.90000,3.4520e+03,4.490e+01,-4.490e+01,213.46,1.233e+02,-8.221e+01,1032.0,,,268.50,476.37,-175.80,323.10,1,q1_q17_dr25_tce,4766.00,131.00,-107.00,2.919,0.418,-0.342,5.9150,3.4170,-2.2780,294.885380,39.084202,9.927
7272132,K04466.01,,CANDIDATE,CANDIDATE,0.9850,0,0,0,0,154.674369000,4.6010000e-03,-4.6010000e-03,177.3621000,2.670000e-02,-2.670000e-02,0.7770,0.0150,-0.5570,9.35000,0.64100,-0.64100,4.3580e+02,3.720e+01,-3.720e+01,2.29,7.100e-01,-2.600e-01,371.0,,,4.47,4.09,-1.45,13.50,1,q1_q17_dr25_tce,6338.00,176.00,-242.00,4.449,0.070,-0.210,1.0020,0.3110,-0.1110,288.638610,42.857288,15.015
6437226,K04531.01,,FALSE POSITIVE,FALSE POSITIVE,,1,0,0,0,372.626370000,2.6840000e-02,-2.6840000e-02,307.8836000,5.050000e-02,-5.050000e-02,0.5353,0.0665,-0.4137,18.52000,2.40000,-2.40000,5.4200e+02,7.340e+01,-7.340e+01,2.38,1.000e+00,-2.100e-01,258.0,,,1.05,1.31,-0.29,11.90,,,6014.00,154.00,-212.00,4.486,0.040,-0.299,0.9930,0.4190,-0.0870,289.946930,41.802818,15.412
2710623,K04532.01,,FALSE POSITIVE,FALSE POSITIVE,0.0000,0,0,1,0,1.020878310,1.1440000e-05,-1.1440000e-05,131.6608900,9.660000e-03,-9.660000e-03,0.1480,0.3100,-0.1480,2.42900,0.20800,-0.20800,3.3400e+01,3.900e+00,-3.900e+00,0.64,1.700e-01,-1.200e-01,1903.0,,,3115.14,2568.10,-1271.38,9.90,1,q1_q17_dr25_tce,5750.00,156.00,-156.00,4.337,0.149,-0.182,1.1060,0.3100,-0.2070,290.897830,37.972778,14.103
3330684,K04533.01,,FALSE POSITIVE,FALSE POSITIVE,0.0010,0,0,1,0,1.261327690,6.6720000e-06,-6.6720000e-06,132.4274000,3.930000e-03,-3.930000e-03,0.2890,0.1770,-0.2890,1.24400,0.11700,-0.11700,1.0970e+02,1.050e+01,-1.050e+01,0.14,0.000e+00,0.000e+00,447.0,,,9.46,0.00,0.00,9.90,1,q1_q17_dr25_tce,2900.00,0.00,0.00,5.224,0.000,0.000,0.1320,0.0000,0.0000,288.117030,38.437733,15.918
2696703,K03161.01,,FALSE POSITIVE,FALSE POSITIVE,0.0000,0,1,0,0,6.094066480,2.1570000e-05,-2.1570000e-05,133.6598100,2.920000e-03,-2.920000e-03,1.2350,68.8700,-0.1590,2.08500,0.17200,-0.17200,3.0270e+03,1.990e+02,-1.990e+02,54.54,1.708e+01,-9.960e+00,1417.0,,,953.63,878.08,-414.48,19.00,1,q1_q17_dr25_tce,6785.00,185.00,-278.00,4.162,0.128,-0.192,1.6660,0.5220,-0.3040,287.057400,37.991367,9.580
7699298,K04534.01,,FALSE POSITIVE,FALSE POSITIVE,0.0000,0,1,0,1,1.157814100,6.1230000e-06,-6.1230000e-06,132.4368400,5.440000e-03,-5.440000e-03,0.5640,0.3710,-0.3540,3.25300,0.10900,-0.10900,5.4800e+01,2.300e+00,-2.300e+00,1.24,6.700e-01,-6.600e-01,2133.0,,,4895.77,8240.09,-3960.60,27.80,1,q1_q17_dr25_tce,5412.00,177.00,-160.00,3.941,0.651,-0.279,1.6290,0.8730,-0.8730,296.973210,43.394669,13.548
8430053,K04603.01,,CANDIDATE,CANDIDATE,0.9970,0,0,0,0,15.951386600,1.5560000e-04,-1.5560000e-04,146.4542500,7.920000e-03,-7.920000e-03,0.1970,0.2550,-0.1970,2.28500,0.22300,-0.22300,9.9200e+01,1.270e+01,-1.270e+01,1.17,4.200e-01,-1.300e-01,849.0,,,123.03,121.95,-38.79,9.20,1,q1_q17_dr25_tce,6451.00,144.00,-208.00,4.375,0.070,-0.210,1.1680,0.4090,-0.1360,291.539220,44.447060,13.629
7115661,K03174.01,,FALSE POSITIVE,FALSE POSITIVE,0.0000,1,0,0,0,0.566800926,1.4120000e-06,-1.4120000e-06,131.8166600,2.560000e-03,-2.560000e-03,0.9710,0.0050,-0.0070,4.40700,0.20100,-0.20100,2.6450e+02,9.900e+00,-9.900e+00,2.19,0.000e+00,0.000e+00,2200.0,,,5563.01,0.00,0.00,63.20,1,q1_q17_dr25_tce,5780.00,,,4.438,,,1.0000,,,291.123540,42.663353,10.624
2853889,K04604.01,,FALSE POSITIVE,FALSE POSITIVE,,0,0,1,0,24.187647700,1.8400000e-04,-1.8400000e-04,145.8464000,5.370000e-03,-5.370000e-03,1.8212,0.1696,-1.3720,2.65400,0.40100,-0.40100,1.9480e+02,2.330e+01,-2.330e+01,118.80,7.401e+01,-2.158e+01,782.0,,,88.31,167.34,-37.02,11.40,1,q1_q17_dr24_tce,6437.00,154.00,-225.00,4.273,0.125,-0.338,1.3100,0.8160,-0.2380,291.751280,38.034431,13.544
12458605,K04605.01,,CANDIDATE,CANDIDATE,0.9640,0,0,0,0,7.785911100,2.0340000e-04,-2.0340000e-04,137.8734000,2.790000e-02,-2.790000e-02,0.6750,0.2810,-0.4630,7.78800,0.71000,-0.71000,4.5500e+01,4.700e+00,-4.700e+00,0.68,2.200e-01,-7.000e-02,939.0,,,183.92,172.15,-53.93,12.00,1,q1_q17_dr25_tce,6045.00,162.00,-180.00,4.479,0.054,-0.216,0.9540,0.3050,-0.1020,290.423070,51.388729,13.515
4845862,K04606.01,,FALSE POSITIVE,FALSE POSITIVE,0.0020,0,0,1,0,2.449266550,2.7360000e-05,-2.7360000e-05,132.8212100,9.030000e-03,-9.030000e-03,0.2530,0.2050,-0.2530,2.98800,0.28800,-0.28800,1.0820e+02,1.280e+01,-1.280e+01,0.76,5.000e-02,-7.000e-02,1033.0,,,269.06,78.09,-71.92,10.70,1,q1_q17_dr25_tce,4840.00,145.00,-130.00,4.551,0.066,-0.033,0.7490,0.0530,-0.0720,294.606080,39.920361,15.238
10130057,K04675.01,,FALSE POSITIVE,FALSE POSITIVE,0.0000,0,0,1,1,2.178128260,2.6230000e-05,-2.6230000e-05,132.0306800,7.790000e-03,-7.790000e-03,0.3440,0.1160,-0.3440,2.60100,0.27800,-0.27800,1.0080e+02,1.250e+01,-1.250e+01,0.81,1.600e-01,-7.000e-02,1206.0,,,500.27,306.14,-128.55,10.40,1,q1_q17_dr25_tce,5426.00,161.00,-161.00,4.579,0.034,-0.136,0.8050,0.1590,-0.0680,287.146210,47.183529,15.613
4953173,K04676.01,,CANDIDATE,CANDIDATE,,0,0,0,0,31.183688000,1.2290000e-03,-1.2290000e-03,155.9588000,2.440000e-02,-2.440000e-02,0.8319,0.0495,-0.5764,6.14000,1.10000,-1.10000,1.3980e+02,2.380e+01,-2.380e+01,3.21,8.200e-01,-1.450e+00,876.0,,,139.27,111.49,-102.75,7.90,,,5947.00,196.00,-207.00,3.814,0.389,-0.160,2.4070,0.6200,-1.0840,298.743350,40.072140,13.931
9838608,K04677.01,,FALSE POSITIVE,FALSE POSITIVE,0.0000,0,0,1,1,1.332594940,2.5200000e-05,-2.5200000e-05,132.0286000,1.560000e-02,-1.560000e-02,0.1040,0.3510,-0.1040,2.78300,0.50900,-0.50900,9.2700e+01,1.480e+01,-1.480e+01,0.89,2.600e-01,-9.000e-02,1665.0,,,1814.46,1598.70,-529.03,7.80,1,q1_q17_dr25_tce,6063.00,163.00,-199.00,4.510,0.050,-0.200,0.9180,0.2760,-0.0920,294.884770,46.646591,15.165
4247811,K04678.01,,FALSE POSITIVE,FALSE POSITIVE,0.0000,0,0,1,1,2.050483770,2.1920000e-05,-2.1920000e-05,133.2849000,1.140000e-02,-1.140000e-02,0.0130,0.4530,-0.0130,3.67000,0.26300,-0.26300,6.0500e+01,5.100e+00,-5.100e+00,0.66,1.400e-01,-1.000e-01,1339.0,,,761.65,504.75,-261.35,14.30,1,q1_q17_dr25_tce,5568.00,167.00,-150.00,4.451,0.126,-0.154,0.8540,0.1840,-0.1230,287.171230,39.388329,14.352
6543645,K04679.01,,FALSE POSITIVE,FALSE POSITIVE,0.0000,0,0,1,1,1.195506180,1.5760000e-05,-1.5760000e-05,132.3006000,1.250000e-02,-1.250000e-02,0.4830,0.4730,-0.2750,3.33700,0.28600,-0.28600,2.6900e+01,2.500e+00,-2.500e+00,0.78,2.200e-01,-2.300e-01,2152.0,,,5062.04,4384.29,-2814.08,13.30,1,q1_q17_dr25_tce,6088.00,184.00,-202.00,4.150,0.252,-0.168,1.4630,0.4200,-0.4200,297.535740,41.940571,13.450
5352640,K04467.01,,CANDIDATE,CANDIDATE,0.9840,0,0,0,0,2.942423230,1.4630000e-05,-1.4630000e-05,133.8608400,4.280000e-03,-4.280000e-03,0.4470,0.0110,-0.4470,1.51900,0.13600,-0.13600,2.9330e+02,2.540e+01,-2.540e+01,1.42,3.100e-01,-1.300e-01,1098.0,,,344.64,243.60,-96.06,14.70,1,q1_q17_dr25_tce,5436.00,187.00,-187.00,4.573,0.036,-0.144,0.8190,0.1810,-0.0730,288.725980,40.531631,15.907
8738244,K03157.01,,FALSE POSITIVE,FALSE POSITIVE,0.0000,1,0,0,0,0.683082998,5.5710000e-06,-5.5710000e-06,131.7327100,5.390000e-03,-5.390000e-03,0.6940,0.2040,-0.6940,4.40900,0.36200,-0.36200,1.4330e+02,3.480e+01,-3.480e+01,9.92,7.200e-01,-4.300e+00,6757.0,,,492690.35,115854.10,-347136.62,26.10,1,q1_q17_dr25_tce,8247.00,149.00,-166.00,3.170,0.405,-0.045,7.7620,0.5610,-3.3680,284.495610,44.988121,8.163
4157052,K04468.01,,FALSE POSITIVE,FALSE POSITIVE,0.0000,1,0,1,0,0.791771167,7.3100000e-07,-7.3100000e-07,131.5230830,7.660000e-04,-7.660000e-04,1.2240,0.5040,-0.1550,2.44630,0.04050,-0.04050,5.0920e+02,7.200e+00,-7.200e+00,82.71,1.166e+01,-4.669e+01,3419.0,,,32163.04,15247.35,-26948.04,82.40,1,q1_q17_dr25_tce,6218.00,196.00,-239.00,3.678,0.535,-0.094,3.0700,0.4330,-1.7330,291.486540,39.211723,13.852
10006641,K04469.01,,FALSE POSITIVE,FALSE POSITIVE,0.0000,0,1,0,0,0.894172544,2.0660000e-06,-2.0660000e-06,131.5100600,2.010000e-03,-2.010000e-03,0.1620,0.3090,-0.1620,0.83020,0.07410,-0.07410,8.6200e+01,6.700e+00,-6.700e+00,0.68,7.000e-02,-6.000e-02,1461.0,,,1070.89,405.19,-257.37,16.90,1,q1_q17_dr25_tce,4982.00,151.00,-136.00,4.591,0.035,-0.060,0.7360,0.0780,-0.0580,289.756530,46.952888,14.251
10815916,K04470.01,,FALSE POSITIVE,FALSE POSITIVE,0.0020,0,0,1,0,1.682076240,1.1710000e-05,-1.1710000e-05,132.1251300,5.240000e-03,-5.240000e-03,0.5600,0.0420,-0.4490,1.51900,0.18500,-0.18500,5.4700e+01,7.300e+00,-7.300e+00,1.01,2.700e-01,-2.400e-01,1980.0,,,3646.10,2789.57,-1806.75,11.10,1,q1_q17_dr25_tce,6495.00,156.00,-215.00,4.191,0.225,-0.164,1.3110,0.3500,-0.3150,298.237920,48.175758,13.753
3547760,K04535.01,,FALSE POSITIVE,FALSE POSITIVE,0.9810,0,0,1,0,9.848091700,1.0770000e-04,-1.0770000e-04,136.8024700,9.260000e-03,-9.260000e-03,0.1270,0.3300,-0.1270,3.07900,0.25900,-0.25900,1.4190e+02,1.620e+01,-1.620e+01,0.88,1.100e-01,-1.000e-01,711.0,,,60.47,25.31,-18.27,9.70,1,q1_q17_dr25_tce,5289.00,158.00,-158.00,4.546,0.082,-0.067,0.7480,0.0920,-0.0840,292.252840,38.608990,14.791
7281484,K04536.01,,FALSE POSITIVE,FALSE POSITIVE,0.0000,1,0,0,1,0.566800593,9.7030000e-06,-9.7030000e-06,131.8233000,1.830000e-02,-1.830000e-02,0.2000,0.2860,-0.2000,3.90900,0.83500,-0.83500,1.2300e+01,1.900e+00,-1.900e+00,0.48,1.000e-01,-8.000e-02,2783.0,,,14091.55,8460.99,-5443.19,10.40,1,q1_q17_dr25_tce,6476.00,144.00,-176.00,4.255,0.117,-0.143,1.3530,0.2850,-0.2330,291.610110,42.810459,12.318
4848115,K04537.01,,FALSE POSITIVE,FALSE POSITIVE,0.0020,0,0,1,0,0.969602551,9.3660000e-06,-9.3660000e-06,131.9312100,7.170000e-03,-7.170000e-03,0.4150,0.0400,-0.4150,1.72800,0.20100,-0.20100,1.1100e+02,1.330e+01,-1.330e+01,0.69,8.000e-02,-5.000e-02,1334.0,,,750.09,338.83,-215.11,10.40,1,q1_q17_dr25_tce,4856.00,195.00,-195.00,4.643,0.035,-0.060,0.6600,0.0750,-0.0550,295.142670,39.930710,15.522
4048898,K07678.01,,CANDIDATE,CANDIDATE,0.9670,0,0,0,0,13.091487800,1.2840000e-04,-1.2840000e-04,143.7519800,7.310000e-03,-7.310000e-03,0.1450,0.3110,-0.1450,2.03700,0.25600,-0.25600,3.7500e+01,5.700e+00,-5.700e+00,0.79,1.200e-01,-1.400e-01,892.0,,,149.52,62.33,-53.91,8.00,1,q1_q17_dr25_tce,5919.00,71.00,-79.00,4.238,0.156,-0.104,1.2880,0.2090,-0.2300,289.248840,39.106541,11.993
5991765,K04538.01,,FALSE POSITIVE,FALSE POSITIVE,0.0000,0,0,1,0,9.258012940,7.0980000e-05,-7.0980000e-05,132.8833500,7.370000e-03,-7.370000e-03,0.1860,0.2800,-0.1860,2.85400,0.19300,-0.19300,8.8100e+01,8.200e+00,-8.200e+00,1.73,4.700e-01,-6.400e-01,1229.0,,,539.51,443.58,-353.63,12.90,1,q1_q17_dr25_tce,6200.00,195.00,-217.00,3.977,0.364,-0.130,1.8340,0.4930,-0.6780,299.514220,41.220589,13.490
3962872,K04539.01,,FALSE POSITIVE,FALSE POSITIVE,0.0000,0,1,1,1,25.955404400,5.9060000e-04,-5.9060000e-04,148.7989000,2.140000e-02,-2.140000e-02,0.9520,0.0030,-0.6590,8.49100,0.53400,-0.53400,1.2270e+02,1.250e+01,-1.250e+01,1.46,4.500e-01,-2.000e-01,656.0,,,43.90,40.95,-14.71,11.60,1,q1_q17_dr25_tce,6058.00,180.00,-180.00,4.408,0.087,-0.203,1.0380,0.3230,-0.1390,293.726960,39.036800,14.145
11912911,K04607.01,,FALSE POSITIVE,FALSE POSITIVE,0.0000,0,0,1,1,3.747882080,5.3810000e-05,-5.3810000e-05,134.1709000,1.320000e-02,-1.320000e-02,0.0900,0.3770,-0.0900,4.18300,0.27400,-0.27400,1.5340e+02,1.310e+01,-1.310e+01,0.94,1.800e-01,-7.000e-02,979.0,,,216.97,129.08,-53.72,13.60,1,q1_q17_dr25_tce,5340.00,175.00,-159.00,4.593,0.030,-0.120,0.7770,0.1430,-0.0610,290.960170,50.284679,15.527
7045435,K04608.01,,FALSE POSITIVE,FALSE POSITIVE,0.0000,1,0,0,0,0.934792550,1.8220000e-06,-1.8220000e-06,131.8857800,1.580000e-03,-1.580000e-03,1.2000,0.2350,-0.1090,4.58380,0.09310,-0.09310,2.4750e+02,3.900e+00,-3.900e+00,24.75,6.580e+00,-5.380e+00,2040.0,,,4108.03,3294.06,-1878.69,78.30,2,q1_q17_dr25_tce,6018.00,179.00,-179.00,4.330,0.180,-0.180,1.0530,0.2800,-0.2290,295.189760,42.523319,14.198
2972800,K04609.01,,FALSE POSITIVE,FALSE POSITIVE,,1,0,1,0,361.436530000,1.7600000e-02,-1.7600000e-02,421.7470000,2.580000e-02,-2.580000e-02,0.2175,0.2253,-0.2175,9.08000,0.84600,-0.84600,2.7190e+02,3.410e+01,-3.410e+01,1.56,6.100e-01,-2.400e-01,268.0,,,1.22,1.41,-0.43,10.80,,,6028.00,168.00,-153.00,4.398,0.139,-0.264,0.9380,0.3660,-0.1440,286.785220,38.151642,13.791
8573168,K04610.01,,FALSE POSITIVE,FALSE POSITIVE,0.0010,0,0,1,0,0.896282530,3.5700000e-06,-3.5700000e-06,131.5497200,3.480000e-03,-3.480000e-03,0.1760,0.2710,-0.1760,1.39700,0.11000,-0.11000,8.6400e+01,7.900e+00,-7.900e+00,0.76,1.900e-01,-7.000e-02,1670.0,,,1848.85,1526.53,-496.81,13.00,1,q1_q17_dr25_tce,5561.00,194.00,-194.00,4.572,0.040,-0.170,0.8180,0.2140,-0.0670,296.509250,44.625912,15.248
10801249,K04611.01,,FALSE POSITIVE,FALSE POSITIVE,0.0000,0,0,0,1,1.674956220,1.7190000e-05,-1.7190000e-05,131.8099000,1.080000e-02,-1.080000e-02,0.3990,0.0600,-0.3990,2.99400,0.26800,-0.26800,3.5900e+01,2.800e+00,-2.800e+00,0.77,1.700e-01,-1.200e-01,1843.0,,,2732.19,1792.21,-1003.77,15.30,1,q1_q17_dr25_tce,6323.00,158.00,-205.00,4.296,0.113,-0.137,1.2630,0.2840,-0.1900,293.467800,48.126080,13.363
4587135,K04680.01,,CANDIDATE,CANDIDATE,0.7670,0,0,0,0,54.081223500,9.4130000e-04,-9.4130000e-04,145.2689000,1.010000e-02,-1.010000e-02,0.1820,0.2790,-0.1820,6.27900,0.37700,-0.37700,4.1110e+02,4.070e+01,-4.070e+01,1.54,3.700e-01,-1.200e-01,431.0,,,8.19,5.76,-2.04,11.60,1,q1_q17_dr25_tce,5757.00,155.00,-173.00,4.597,0.036,-0.153,0.7620,0.1810,-0.0600,297.599640,39.626339,15.487
3857860,K04681.01,,FALSE POSITIVE,FALSE POSITIVE,0.0000,0,0,1,0,8.234407200,1.0250000e-04,-1.0250000e-04,137.4733000,1.190000e-02,-1.190000e-02,0.8120,0.1450,-0.5950,2.80800,0.31100,-0.31100,5.9200e+01,7.300e+00,-7.300e+00,1.49,2.500e-01,-3.700e-01,1263.0,,,601.05,260.58,-280.03,11.50,1,q1_q17_dr25_tce,6148.00,82.00,-82.00,3.964,0.217,-0.108,1.7410,0.2890,-0.4340,293.445370,38.929588,12.880
5024252,K04682.01,,FALSE POSITIVE,FALSE POSITIVE,,0,0,1,1,2.150523320,2.1520000e-05,-2.1520000e-05,132.3132000,1.000000e-02,-1.000000e-02,0.0303,0.4243,-0.0302,3.44700,0.30400,-0.30400,1.1550e+02,1.220e+01,-1.220e+01,1.17,0.000e+00,0.000e+00,1410.0,,,934.17,0.00,0.00,11.00,1,q1_q17_dr24_tce,5780.00,,,4.438,,,1.0000,,,295.293330,40.183308,13.322
7430876,K03193.01,,FALSE POSITIVE,FALSE POSITIVE,0.0000,0,1,1,0,32.612238100,2.2910000e-04,-2.2910000e-04,144.5506700,6.760000e-03,-6.760000e-03,1.2520,70.8800,-5.7840,2.88600,0.19700,-0.19700,1.3214e+03,8.020e+01,-8.020e+01,31.96,0.000e+00,0.000e+00,570.0,,,24.92,0.00,0.00,19.60,1,q1_q17_dr25_tce,5780.00,,,4.438,,,1.0000,,,287.078920,43.068771,11.486
4843592,K04683.01,,FALSE POSITIVE,FALSE POSITIVE,0.0000,1,0,1,0,0.967073359,8.2200000e-07,-8.2200000e-07,131.6046020,6.880000e-04,-6.880000e-04,1.2220,0.6760,-0.1450,2.48750,0.05030,-0.05030,7.7350e+02,1.080e+01,-1.080e+01,28.15,7.880e+00,-3.630e+00,1867.0,,,2870.56,2362.35,-967.18,92.40,2,q1_q17_dr25_tce,5755.00,156.00,-190.00,4.402,0.105,-0.195,1.0220,0.2860,-0.1320,294.023470,39.924080,15.120
9602775,K04684.01,,FALSE POSITIVE,FALSE POSITIVE,0.0000,0,0,1,1,3.556427900,1.0010000e-04,-1.0010000e-04,133.5377000,2.630000e-02,-2.630000e-02,0.3590,0.1030,-0.3590,6.99800,0.91700,-0.91700,1.3140e+02,1.280e+01,-1.280e+01,0.80,1.200e-01,-6.000e-02,972.0,,,211.41,110.79,-46.74,12.30,1,q1_q17_dr25_tce,5404.00,178.00,-146.00,4.638,0.032,-0.097,0.6940,0.1090,-0.0470,297.197390,46.228260,15.927
8955709,K04471.01,,FALSE POSITIVE,FALSE POSITIVE,0.0000,1,0,1,0,0.942997994,1.7690000e-06,-1.7690000e-06,132.2446900,1.620000e-03,-1.620000e-03,0.1530,0.2900,-0.1530,1.16580,0.05420,-0.05420,5.3920e+02,2.270e+01,-2.270e+01,1.56,8.000e-02,-1.400e-01,1283.0,,,639.03,151.64,-166.60,29.20,2,q1_q17_dr25_tce,4499.00,121.00,-134.00,4.590,0.056,-0.020,0.6930,0.0380,-0.0600,292.859800,45.205791,15.878
7031430,K04472.01,,FALSE POSITIVE,FALSE POSITIVE,0.0000,1,0,1,1,0.566796775,3.4200000e-06,-3.4200000e-06,131.8381100,7.270000e-03,-7.270000e-03,0.9740,0.0390,-0.7010,5.47100,0.25100,-0.25100,1.4410e+02,8.800e+00,-8.800e+00,0.61,5.000e-02,-6.000e-02,931.0,,,176.94,42.82,-39.26,32.20,1,q1_q17_dr25_tce,3453.00,44.00,-44.00,4.892,0.036,-0.030,0.3580,0.0310,-0.0340,291.089290,42.590969,15.510
7133294,K04473.01,Kepler-1607 b,CONFIRMED,CANDIDATE,0.3340,0,0,0,0,13.647121100,1.8430000e-04,-1.8430000e-04,132.2552000,1.190000e-02,-1.190000e-02,0.6170,0.0010,-0.5020,8.33100,0.34500,-0.34500,7.5000e+01,5.900e+00,-5.900e+00,1.25,3.600e-01,-4.400e-01,913.0,,,164.06,137.87,-101.94,14.70,1,q1_q17_dr25_tce,5771.00,155.00,-155.00,4.106,0.378,-0.162,1.3820,0.3960,-0.4840,296.059840,42.656040,13.897
4381429,K04474.01,Kepler-1608 b,CONFIRMED,CANDIDATE,0.9720,0,0,0,0,16.473474000,1.5790000e-04,-1.5790000e-04,142.6860400,7.560000e-03,-7.560000e-03,0.0140,0.4430,-0.0140,4.20100,0.30400,-0.30400,4.7050e+02,4.310e+01,-4.310e+01,1.63,2.200e-01,-2.000e-01,612.0,,,33.22,16.14,-10.57,13.00,1,q1_q17_dr25_tce,5364.00,194.00,-162.00,4.529,0.108,-0.081,0.7540,0.1020,-0.0920,295.563570,39.417599,15.889
11912916,K04475.01,,FALSE POSITIVE,FALSE POSITIVE,0.0000,0,0,1,1,3.747883220,3.5920000e-05,-3.5920000e-05,134.1732400,8.860000e-03,-8.860000e-03,0.5440,0.4210,-0.3240,3.45000,0.23000,-0.23000,2.4260e+02,1.690e+01,-1.690e+01,1.32,2.600e-01,-1.100e-01,1031.0,,,266.76,164.72,-69.02,16.30,1,q1_q17_dr25_tce,5514.00,166.00,-166.00,4.569,0.034,-0.136,0.8260,0.1640,-0.0700,290.962430,50.272629,15.817
12108293,K04540.01,,FALSE POSITIVE,FALSE POSITIVE,0.0000,0,1,1,1,0.705455349,4.0780000e-06,-4.0780000e-06,131.6776400,5.010000e-03,-5.010000e-03,0.4470,0.0290,-0.4470,2.46900,0.14800,-0.14800,7.4900e+01,5.000e+00,-5.000e+00,0.64,1.100e-01,-4.000e-02,1693.0,,,1936.09,1019.96,-456.52,18.00,1,q1_q17_dr25_tce,5383.00,159.00,-143.00,4.614,0.035,-0.105,0.7360,0.1220,-0.0570,289.940190,50.652771,14.837
5301093,K07724.01,,FALSE POSITIVE,FALSE POSITIVE,0.0000,1,0,0,0,488.673530000,5.8790000e-02,-5.8790000e-02,519.7805000,6.740000e-02,-6.740000e-02,0.4320,0.0270,-0.4320,12.35000,2.50000,-2.50000,6.9100e+02,1.010e+02,-1.010e+02,2.03,3.200e-01,-1.400e-01,188.0,,,0.30,0.16,-0.08,8.20,1,q1_q17_dr25_tce,5218.00,184.00,-166.00,4.596,0.026,-0.104,0.7720,0.1220,-0.0560,298.122340,40.462349,15.747
5511659,K04541.01,,CANDIDATE,CANDIDATE,0.9670,0,0,0,0,8.529122300,8.3430000e-05,-8.3430000e-05,135.7404300,7.440000e-03,-7.440000e-03,0.6060,0.3440,-0.3870,3.24100,0.27100,-0.27100,3.2540e+02,2.990e+01,-2.990e+01,2.08,3.200e-01,-3.200e-01,911.0,,,162.94,65.49,-52.17,12.80,1,q1_q17_dr25_tce,5543.00,74.00,-74.00,4.318,0.137,-0.100,1.1110,0.1700,-0.1700,283.251190,40.723110,15.377
9640946,K04542.01,,FALSE POSITIVE,FALSE POSITIVE,0.0000,0,0,1,1,1.089060570,1.2500000e-05,-1.2500000e-05,132.0391000,1.060000e-02,-1.060000e-02,0.2900,0.1720,-0.2900,2.74300,0.30300,-0.30300,7.6200e+01,9.100e+00,-9.100e+00,0.75,9.000e-02,-8.000e-02,1511.0,,,1235.96,522.11,-384.44,10.40,1,q1_q17_dr25_tce,5087.00,167.00,-152.00,4.463,0.104,-0.115,0.8810,0.1040,-0.1040,287.975040,46.353260,14.959
9776186,K04543.01,,FALSE POSITIVE,FALSE POSITIVE,0.2810,0,0,1,0,1.489221870,1.7990000e-05,-1.7990000e-05,132.3722000,1.020000e-02,-1.020000e-02,0.3930,0.0690,-0.3930,1.88200,0.17200,-0.17200,6.1360e+02,6.470e+01,-6.470e+01,2.50,0.000e+00,0.000e+00,1594.0,,,1524.19,0.00,0.00,10.80,1,q1_q17_dr25_tce,5780.00,,,4.438,,,1.0000,,,294.155030,46.575706,17.352
9752973,K03162.01,,FALSE POSITIVE,FALSE POSITIVE,0.0000,0,1,0,1,0.716709761,1.1120000e-06,-1.1120000e-06,132.0510300,1.310000e-03,-1.310000e-03,0.9860,0.0180,-0.7290,0.69690,0.06020,-0.06020,6.8400e+01,4.600e+00,-4.600e+00,1.42,2.800e-01,-3.100e-01,2394.0,,,7725.24,4632.09,-3518.60,21.20,1,q1_q17_dr25_tce,6109.00,164.00,-164.00,4.229,0.234,-0.126,1.1730,0.2340,-0.2590,282.194790,46.522888,10.047
8044600,K04612.01,,FALSE POSITIVE,FALSE POSITIVE,0.0000,0,0,1,0,4.108381200,6.5590000e-05,-6.5590000e-05,134.8932000,1.490000e-02,-1.490000e-02,0.1480,0.3040,-0.1470,3.27900,0.22800,-0.22800,3.5280e+02,3.690e+01,-3.690e+01,1.62,4.600e-01,-1.500e-01,1058.0,,,295.63,253.66,-85.00,11.40,1,q1_q17_dr25_tce,5730.00,182.00,-202.00,4.545,0.035,-0.196,0.8700,0.2440,-0.0810,296.902040,43.839821,15.771
10220837,K04613.01,Kepler-1963 b,CONFIRMED,CANDIDATE,0.9340,0,0,0,0,1.962282625,9.8450000e-06,-9.8450000e-06,131.5358500,4.040000e-03,-4.040000e-03,0.1690,0.2930,-0.1690,1.45000,0.12800,-0.12800,6.8300e+01,6.300e+00,-6.300e+00,0.81,2.200e-01,-1.200e-01,1448.0,,,1038.36,861.54,-371.99,12.90,1,q1_q17_dr25_tce,5726.00,170.00,-170.00,4.418,0.101,-0.188,0.9790,0.2700,-0.1460,296.587550,47.207161,13.885
10991239,K03178.01,,FALSE POSITIVE,FALSE POSITIVE,,1,0,0,0,0.523629052,1.4780000e-06,-1.4780000e-06,131.6348700,2.430000e-03,-2.430000e-03,0.0450,0.2700,-0.0450,3.44300,0.12500,-0.12500,1.2200e+02,3.500e+00,-3.500e+00,46.33,1.191e+01,-1.130e+01,9801.0,,,2181689.59,1571356.92,-1069574.85,61.40,,,4136.00,89.00,-117.00,1.392,0.030,-0.029,44.4480,11.4190,-10.8390,298.235170,48.497890,10.863
7583650,K04614.01,,CANDIDATE,CANDIDATE,0.9990,0,0,0,0,6.454684500,1.0220000e-04,-1.0220000e-04,135.5436000,1.300000e-02,-1.300000e-02,0.9300,0.0190,-0.6820,3.07100,0.35200,-0.35200,6.9900e+01,7.700e+00,-7.700e+00,1.38,4.400e-01,-2.600e-01,1244.0,,,565.72,512.95,-239.59,10.80,1,q1_q17_dr25_tce,6474.00,162.00,-194.00,4.243,0.148,-0.181,1.3620,0.4280,-0.2630,281.730870,43.282341,13.784
9345819,K04615.01,,FALSE POSITIVE,FALSE POSITIVE,0.0000,1,0,0,1,1.045886350,1.1770000e-05,-1.1770000e-05,131.9887000,9.100000e-03,-9.100000e-03,0.2040,0.2590,-0.2040,2.83300,0.63700,-0.63700,1.0270e+02,1.150e+01,-1.150e+01,1.10,3.600e-01,-1.200e-01,1972.0,,,3582.91,3567.41,-1152.96,13.20,1,q1_q17_dr25_tce,6249.00,196.00,-239.00,4.428,0.054,-0.216,1.0760,0.3530,-0.1180,293.214140,45.825970,15.805
9180566,K04616.01,,FALSE POSITIVE,FALSE POSITIVE,,1,0,0,0,51.313460910,,,162.7018814,,,,,,3.94000,,,,,,,,,,,,,,,,,,,,,,,,,,,300.196500,45.513931,13.888
3867794,K04685.01,,CANDIDATE,CANDIDATE,0.8150,0,0,0,0,0.494247662,1.7440000e-06,-1.7440000e-06,131.8444100,2.960000e-03,-2.960000e-03,0.3660,0.1030,-0.3660,1.24430,0.08470,-0.08470,2.2490e+02,1.590e+01,-1.590e+01,1.51,3.900e-01,-1.400e-01,2257.0,,,6096.15,4858.15,-1743.70,18.10,1,q1_q17_dr25_tce,5763.00,180.00,-200.00,4.484,0.046,-0.184,0.9980,0.2600,-0.0930,295.737730,38.903912,15.666
5819801,K04686.01,,CANDIDATE,CANDIDATE,0.5060,0,0,0,0,11.829938300,2.0730000e-04,-2.0730000e-04,138.3039000,1.430000e-02,-1.430000e-02,0.5020,0.4590,-0.2810,5.16800,0.42800,-0.42800,4.1400e+01,4.100e+00,-4.100e+00,1.60,3.100e-01,-6.000e-01,1177.0,,,453.44,234.66,-283.26,11.70,1,q1_q17_dr25_tce,5747.00,77.00,-77.00,3.802,0.330,-0.110,2.4310,0.4850,-0.9010,298.905760,41.042610,12.327
11092040,K04687.01,,FALSE POSITIVE,FALSE POSITIVE,,1,0,0,0,419.928980000,2.9340000e-02,-2.9340000e-02,134.7701000,5.670000e-02,-5.670000e-02,0.0299,0.4131,-0.0297,14.55000,1.60000,-1.60000,2.3350e+02,3.670e+01,-3.670e+01,1.51,5.600e-01,-1.800e-01,255.0,,,1.00,1.08,-0.32,7.50,,,6047.00,162.00,-185.00,4.431,0.076,-0.266,0.9880,0.3660,-0.1170,295.534610,48.677391,14.755
4851145,K04688.01,,FALSE POSITIVE,FALSE POSITIVE,0.0000,0,0,1,1,1.235214580,1.9360000e-05,-1.9360000e-05,131.9681000,1.970000e-02,-1.970000e-02,0.4580,0.0320,-0.4580,0.91800,0.94000,-0.94000,8.9500e+01,2.260e+01,-2.260e+01,0.93,2.500e-01,-9.000e-02,1713.0,,,2032.78,1633.68,-613.36,5.00,1,q1_q17_dr25_tce,5999.00,180.00,-198.00,4.494,0.044,-0.176,0.9590,0.2550,-0.1020,295.821140,39.975479,15.637
10292540,K04689.01,,FALSE POSITIVE,FALSE POSITIVE,0.0000,0,1,1,0,1.085229874,6.3900000e-06,-6.3900000e-06,132.1003600,4.350000e-03,-4.350000e-03,0.4390,0.1750,-0.4390,0.65200,0.22400,-0.22400,2.3810e+02,3.650e+01,-3.650e+01,1.37,3.700e-01,-1.300e-01,1632.0,,,1675.45,1379.29,-464.48,7.60,1,q1_q17_dr25_tce,5713.00,169.00,-186.00,4.554,0.035,-0.184,0.8510,0.2330,-0.0780,298.157170,47.331268,15.959
3732894,K04476.01,,FALSE POSITIVE,FALSE POSITIVE,0.0000,0,0,1,1,1.540379557,9.0280000e-06,-9.0280000e-06,132.0063700,5.640000e-03,-5.640000e-03,0.3290,0.1430,-0.3290,2.02600,0.15700,-0.15700,7.6900e+01,6.500e+00,-6.500e+00,0.81,2.000e-01,-1.300e-01,1581.0,,,1481.09,1082.22,-556.04,14.60,1,q1_q17_dr25_tce,5812.00,157.00,-157.00,4.408,0.153,-0.170,0.9140,0.2260,-0.1510,286.946470,38.885189,14.298
6276791,K04477.01,,CANDIDATE,CANDIDATE,0.9990,0,0,0,0,5.301797860,4.2010000e-05,-4.2010000e-05,135.9927000,5.320000e-03,-5.320000e-03,0.3570,0.0940,-0.3570,2.24000,0.15500,-0.15500,1.9720e+02,1.870e+01,-1.870e+01,1.22,3.300e-01,-1.100e-01,973.0,,,211.80,168.16,-56.35,11.50,2,q1_q17_dr25_tce,5749.00,153.00,-170.00,4.547,0.033,-0.187,0.8640,0.2340,-0.0780,289.104220,41.690140,15.466
6278762,K03158.01,Kepler-444 b,CONFIRMED,CANDIDATE,1.0000,0,0,0,0,3.600117120,1.6240000e-05,-1.6240000e-05,133.2598300,3.550000e-03,-3.550000e-03,0.0250,0.4150,-0.0250,2.39600,0.11200,-0.11200,5.0200e+01,2.700e+00,-2.700e+00,0.50,4.000e-02,-2.000e-02,938.0,,,182.81,61.49,-33.31,21.60,5,q1_q17_dr25_tce,5051.00,177.00,-141.00,4.562,0.033,-0.023,0.7210,0.0570,-0.0310,289.752290,41.634605,8.717
6276791,K04477.02,Kepler-1958 b,CONFIRMED,CANDIDATE,0.9730,0,0,0,0,9.328679520,3.8120000e-05,-3.8120000e-05,135.8751300,3.520000e-03,-3.520000e-03,0.0350,0.4170,-0.0350,1.57200,0.09390,-0.09390,3.5440e+02,3.010e+01,-3.010e+01,1.62,4.400e-01,-1.500e-01,806.0,,,99.60,79.07,-26.50,12.70,1,q1_q17_dr25_tce,5749.00,153.00,-170.00,4.547,0.033,-0.187,0.8640,0.2340,-0.0780,289.104220,41.690140,15.466
8636600,K04478.01,Kepler-1959 b,CONFIRMED,CANDIDATE,1.0000,0,0,0,0,6.386712060,2.7620000e-05,-2.7620000e-05,131.5299100,3.680000e-03,-3.680000e-03,0.0150,0.4390,-0.0150,1.20100,0.10900,-0.10900,2.2370e+02,2.390e+01,-2.390e+01,1.19,1.100e-01,-1.300e-01,811.0,,,102.25,36.75,-29.48,11.60,1,q1_q17_dr25_tce,5071.00,153.00,-138.00,4.505,0.088,-0.072,0.8110,0.0800,-0.0880,296.022250,44.732658,14.580
10220950,K04544.01,,FALSE POSITIVE,FALSE POSITIVE,0.0000,0,0,1,0,158.348345000,3.1880000e-03,-3.1880000e-03,260.2924000,1.690000e-02,-1.690000e-02,3.6550,5.5190,-0.0660,10.55000,0.64500,-0.64500,8.9900e+02,5.950e+01,-5.950e+01,372.86,1.026e+02,-4.412e+01,409.0,,,6.61,5.20,-2.16,17.60,1,q1_q17_dr25_tce,6521.00,155.00,-232.00,4.352,0.057,-0.172,1.2760,0.3510,-0.1510,296.622960,47.291142,15.028
10140122,K04545.01,,CANDIDATE,CANDIDATE,0.6190,0,0,0,0,0.849362238,4.8030000e-06,-4.8030000e-06,132.1419100,4.720000e-03,-4.720000e-03,0.4530,0.5300,-0.2560,1.36000,0.11500,-0.11500,1.1490e+02,1.160e+01,-1.160e+01,0.85,8.000e-02,-6.000e-02,1498.0,,,1190.04,473.29,-295.91,11.90,1,q1_q17_dr25_tce,4973.00,179.00,-179.00,4.595,0.020,-0.080,0.7880,0.0800,-0.0530,291.458130,47.158630,15.357
5033823,K04546.01,,CANDIDATE,CANDIDATE,1.0000,0,0,0,0,0.741768294,1.1850000e-06,-1.1850000e-06,131.5774700,1.380000e-03,-1.380000e-03,1.2010,6.7490,-0.0520,0.41640,0.09030,-0.09030,6.0300e+01,4.300e+00,-4.300e+00,72.36,1.660e+01,-3.084e+01,3380.0,,,30981.32,18704.91,-21313.86,14.00,1,q1_q17_dr25_tce,5897.00,88.00,-79.00,3.637,0.382,-0.127,3.1470,0.7220,-1.3410,297.273250,40.136761,13.469
10342316,K04547.01,,FALSE POSITIVE,FALSE POSITIVE,0.0000,1,0,1,1,0.933769620,7.8560000e-06,-7.8560000e-06,132.4211000,9.240000e-03,-9.240000e-03,1.1420,0.1010,-0.1670,7.02300,0.53000,-0.53000,1.2580e+02,5.900e+00,-5.900e+00,16.30,5.080e+00,-2.030e+00,1937.0,,,3343.62,3129.42,-1099.32,28.50,1,q1_q17_dr25_tce,6056.00,181.00,-199.00,4.448,0.084,-0.196,0.9750,0.3040,-0.1210,292.936610,47.499931,15.318
5305399,K07725.01,,FALSE POSITIVE,FALSE POSITIVE,0.0000,1,0,1,1,322.483810000,1.2600000e-02,-1.2600000e-02,189.1585000,2.240000e-02,-2.240000e-02,0.9380,0.0230,-0.6080,22.99000,1.70000,-1.70000,1.0234e+03,4.420e+01,-4.420e+01,3.50,1.070e+00,-3.600e-01,259.0,,,1.06,0.96,-0.30,27.00,1,q1_q17_dr25_tce,5968.00,161.00,-179.00,4.534,0.039,-0.221,0.8810,0.2710,-0.0900,298.930660,40.419102,14.760
3223433,K04548.01,,CANDIDATE,CANDIDATE,1.0000,0,0,0,0,61.083322000,1.9180000e-03,-1.9180000e-03,132.4940000,2.480000e-02,-2.480000e-02,0.6490,0.3000,-0.4400,10.39600,0.88200,-0.88200,2.2750e+02,2.380e+01,-2.380e+01,1.61,2.600e-01,-1.100e-01,465.0,,,11.01,4.63,-1.88,11.50,1,q1_q17_dr25_tce,5803.00,78.00,-78.00,4.444,0.042,-0.127,1.0150,0.1630,-0.0650,288.125550,38.347431,14.748
8803757,K04904.01,,CANDIDATE,CANDIDATE,0.9950,0,0,0,0,3.594489100,3.3530000e-05,-3.3530000e-05,132.3620700,7.790000e-03,-7.790000e-03,0.0410,0.4140,-0.0410,2.55700,0.26900,-0.26900,8.9900e+01,1.050e+01,-1.050e+01,0.98,1.400e-01,-1.200e-01,1178.0,,,455.99,176.97,-121.77,10.40,1,q1_q17_dr25_tce,5523.00,74.00,-74.00,4.364,0.121,-0.099,1.0460,0.1540,-0.1260,284.727970,45.064968,15.033
12021811,K04905.01,,FALSE POSITIVE,FALSE POSITIVE,0.0000,1,0,1,0,0.739404894,2.5670000e-06,-2.5670000e-06,131.6990700,2.960000e-03,-2.960000e-03,0.0770,0.3800,-0.0770,1.75300,0.11000,-0.11000,2.4680e+02,1.430e+01,-1.430e+01,0.94,6.000e-02,-9.000e-02,1256.0,,,589.06,161.56,-162.97,21.00,1,q1_q17_dr25_tce,4205.00,126.00,-126.00,4.635,0.053,-0.021,0.6240,0.0400,-0.0600,296.090580,50.408772,15.962
9479306,K04906.01,,CANDIDATE,CANDIDATE,1.0000,0,0,0,0,4.860805900,5.8640000e-05,-5.8640000e-05,135.7677600,9.100000e-03,-9.100000e-03,0.3740,0.0750,-0.3740,1.96600,0.28700,-0.28700,2.5210e+02,3.530e+01,-3.530e+01,1.21,2.700e-01,-9.000e-02,925.0,,,172.76,124.72,-44.68,8.90,1,q1_q17_dr25_tce,5541.00,198.00,-198.00,4.600,0.034,-0.136,0.7570,0.1690,-0.0560,297.056640,46.083530,15.933
5437762,K04907.01,,CANDIDATE,CANDIDATE,0.9650,0,0,0,0,4.044811590,4.0260000e-05,-4.0260000e-05,133.6000700,7.390000e-03,-7.390000e-03,0.3930,0.0630,-0.3930,2.47900,0.29000,-0.29000,3.3000e+01,4.700e+00,-4.700e+00,0.67,2.100e-01,-9.000e-02,1325.0,,,729.15,670.18,-253.44,7.50,1,q1_q17_dr25_tce,6358.00,160.00,-208.00,4.359,0.087,-0.203,1.1410,0.3630,-0.1560,288.397610,40.626900,13.778
3962684,K04908.01,,FALSE POSITIVE,FALSE POSITIVE,0.0000,0,1,1,1,25.949641315,,,148.9825267,,,0.9450,,,11.64110,,,6.7800e+01,,,2.06,1.150e+00,-1.150e+00,753.0,,,76.14,134.58,-62.86,7.60,1,q1_q17_dr25_tce,5109.00,169.00,-138.00,3.873,0.693,-0.297,1.9220,1.0740,-1.0740,293.682070,39.011120,13.956
4730442,K07702.01,,FALSE POSITIVE,FALSE POSITIVE,0.0000,0,0,1,0,1.710512150,8.4010000e-06,-8.4010000e-06,131.6581200,4.020000e-03,-4.020000e-03,0.0570,0.3890,-0.0570,1.28400,0.13200,-0.13200,4.2200e+01,4.900e+00,-4.900e+00,1.04,3.100e-01,-4.600e-01,2004.0,,,3820.16,3495.31,-2780.00,11.20,1,q1_q17_dr25_tce,5925.00,195.00,-177.00,3.989,0.495,-0.165,1.5890,0.4720,-0.7080,286.112000,39.803230,13.095
9447166,K03296.01,Kepler-1459 b,CONFIRMED,CANDIDATE,0.9560,0,0,0,0,62.869463000,1.0240000e-03,-1.0240000e-03,166.0137000,1.240000e-02,-1.240000e-02,0.9540,0.0020,-0.6710,6.84200,0.29900,-0.29900,3.4170e+02,2.510e+01,-2.510e+01,1.96,6.000e-02,-1.200e-01,349.0,,,3.51,0.51,-0.59,16.20,1,q1_q17_dr25_tce,4762.00,85.00,-76.00,4.535,0.056,-0.016,0.7810,0.0260,-0.0450,282.423030,46.014019,14.591
9643043,K03297.01,,FALSE POSITIVE,FALSE POSITIVE,0.0000,0,1,1,0,84.806281800,1.9080000e-04,-1.9080000e-04,192.3722700,1.760000e-03,-1.760000e-03,1.2650,31.2500,-0.1530,9.00060,0.09210,-0.09210,9.9360e+03,1.010e+02,-1.010e+02,36.51,1.010e+01,-3.380e+00,388.0,,,5.33,4.34,-1.40,121.60,1,q1_q17_dr25_tce,5735.00,155.00,-155.00,4.525,0.060,-0.180,0.8530,0.2360,-0.0790,289.150820,46.344151,15.808
8151055,K03298.01,Kepler-1460 b,CONFIRMED,CANDIDATE,0.9900,0,0,0,0,29.963281600,1.9980000e-04,-1.9980000e-04,149.9435300,5.380000e-03,-5.380000e-03,0.8550,0.0680,-0.5940,2.60000,0.12800,-0.12800,8.9320e+02,5.830e+01,-5.830e+01,2.24,1.800e-01,-2.000e-01,391.0,,,5.55,1.89,-1.57,17.70,1,q1_q17_dr25_tce,4463.00,159.00,-159.00,4.623,0.056,-0.024,0.6380,0.0510,-0.0570,285.557800,44.010792,15.947
7177555,K03299.01,,FALSE POSITIVE,FALSE POSITIVE,0.0000,0,1,1,1,17.996437160,1.7470000e-05,-1.7470000e-05,134.9105370,8.700000e-04,-8.700000e-04,1.1220,0.2240,-0.1820,4.16400,0.03460,-0.03460,3.6923e+04,3.670e+02,-3.670e+02,30.08,1.940e+00,-2.800e+00,468.0,,,11.31,3.40,-3.37,123.50,1,q1_q17_dr25_tce,4438.00,156.00,-172.00,4.606,0.052,-0.024,0.6660,0.0430,-0.0620,283.012820,42.723679,14.845
3348082,K01196.02,Kepler-274 b,CONFIRMED,CANDIDATE,0.9710,0,0,0,0,11.634860090,8.8750000e-05,-8.8750000e-05,140.5007100,6.180000e-03,-6.180000e-03,0.0530,0.3970,-0.0530,5.46600,0.16900,-0.16900,2.9230e+02,1.690e+01,-1.690e+01,2.61,4.000e-01,-6.600e-01,961.0,,,201.96,84.22,-94.86,18.40,2,q1_q17_dr25_tce,5570.00,83.00,-72.00,4.066,0.210,-0.090,1.5480,0.2410,-0.3910,292.922760,38.477280,15.035
4996057,K07712.01,,CANDIDATE,CANDIDATE,0.7940,0,0,0,0,4.830236400,1.2950000e-04,-1.2950000e-04,134.9522000,1.630000e-02,-1.630000e-02,0.3160,0.1290,-0.3160,7.98300,0.52400,-0.52400,2.2500e+01,2.300e+00,-2.300e+00,1.06,3.700e-01,-1.300e-01,1453.0,,,1052.42,1095.16,-300.98,11.60,2,q1_q17_dr25_tce,5086.00,129.00,-103.00,3.678,0.128,-0.208,2.2470,0.8060,-0.2690,286.693180,40.170109,11.994
8349399,K04763.01,,CANDIDATE,CANDIDATE,0.9030,0,0,0,0,56.446465000,1.2050000e-03,-1.2050000e-03,170.5900000,1.590000e-02,-1.590000e-02,0.8740,0.1020,-0.6470,7.37100,0.39500,-0.39500,1.4790e+02,1.370e+01,-1.370e+01,1.57,4.600e-01,-2.800e-01,522.0,,,17.50,15.01,-7.08,12.40,1,q1_q17_dr25_tce,5995.00,161.00,-179.00,4.337,0.136,-0.187,1.1170,0.3270,-0.2010,284.382480,44.308231,14.046
6043562,K04764.01,,CANDIDATE,CANDIDATE,0.9610,0,0,0,0,31.420211100,4.2580000e-04,-4.2580000e-04,132.7457000,1.180000e-02,-1.180000e-02,0.0750,0.3990,-0.0750,4.02100,0.27100,-0.27100,3.9050e+02,4.190e+01,-4.190e+01,1.45,2.100e-01,-1.200e-01,471.0,,,11.60,5.66,-2.91,10.60,1,q1_q17_dr25_tce,5269.00,158.00,-158.00,4.603,0.032,-0.097,0.7480,0.1120,-0.0600,292.186460,41.328041,15.809
10615440,K04765.01,Kepler-1622 b,CONFIRMED,CANDIDATE,0.9190,0,0,0,0,10.811831700,1.2880000e-04,-1.2880000e-04,137.1342600,8.580000e-03,-8.580000e-03,0.8960,0.0600,-0.6800,2.62700,0.26200,-0.26200,7.6800e+01,9.800e+00,-9.800e+00,1.24,2.100e-01,-1.200e-01,922.0,,,170.74,76.26,-40.62,9.50,1,q1_q17_dr25_tce,6025.00,78.00,-90.00,4.331,0.084,-0.126,1.1960,0.2060,-0.1200,297.328890,47.815472,13.385
4919550,K04766.01,,CANDIDATE,CANDIDATE,1.0000,0,0,0,0,5.566766090,3.0350000e-05,-3.0350000e-05,132.4995600,4.520000e-03,-4.520000e-03,0.3920,0.0660,-0.3920,1.81200,0.14500,-0.14500,1.7380e+02,1.620e+01,-1.620e+01,1.12,6.000e-02,-9.000e-02,859.0,,,128.51,21.75,-27.08,12.00,1,q1_q17_dr25_tce,5032.00,80.00,-80.00,4.479,0.077,-0.033,0.8590,0.0410,-0.0710,290.467560,40.056438,15.223
5802292,K04767.01,,FALSE POSITIVE,FALSE POSITIVE,0.0000,0,0,1,1,1.208528832,5.8760000e-06,-5.8760000e-06,131.9796300,4.690000e-03,-4.690000e-03,0.0390,0.4140,-0.0390,1.33600,0.14400,-0.14400,1.8080e+02,2.210e+01,-2.210e+01,1.25,3.900e-01,-1.300e-01,1725.0,,,2084.15,2042.41,-655.88,10.60,1,q1_q17_dr25_tce,6072.00,211.00,-232.00,4.510,0.052,-0.208,0.9230,0.2900,-0.0970,295.109590,41.075790,15.912
5126932,K07718.01,,FALSE POSITIVE,FALSE POSITIVE,0.1160,1,0,0,0,208.187117850,,,146.5337609,,,0.3210,,,2.54040,,,3.9470e+02,,,1.99,0.000e+00,0.000e+00,307.0,,,2.10,0.00,0.00,4.20,2,q1_q17_dr25_tce,5780.00,,,4.438,,,1.0000,,,298.463810,40.216812,12.793
10034146,K04835.01,,FALSE POSITIVE,FALSE POSITIVE,0.0000,1,0,1,0,0.931985040,1.2300000e-06,-1.2300000e-06,131.6289700,1.100000e-03,-1.100000e-03,1.1900,2.1230,-0.0760,2.04720,0.07340,-0.07340,3.2660e+02,9.000e+00,-9.000e+00,17.72,2.630e+00,-2.390e+00,1647.0,,,1734.47,836.30,-584.97,44.50,2,q1_q17_dr25_tce,5470.00,163.00,-163.00,4.509,0.105,-0.105,0.7770,0.1150,-0.1050,299.525270,46.917549,14.477
4175105,K04836.01,,FALSE POSITIVE,FALSE POSITIVE,0.0000,1,0,1,0,0.608185080,1.1560000e-06,-1.1560000e-06,131.6227500,1.500000e-03,-1.500000e-03,1.8350,4.5210,-0.1500,0.90900,0.11400,-0.11400,1.4470e+02,9.600e+00,-9.600e+00,96.03,2.688e+01,-1.565e+01,2298.0,,,6637.90,5456.06,-2570.58,18.90,1,q1_q17_dr25_tce,5981.00,161.00,-197.00,4.372,0.144,-0.192,1.0430,0.2920,-0.1700,295.585480,39.299259,14.538
5645170,K04837.01,,CANDIDATE,CANDIDATE,0.9890,0,0,0,0,5.386137150,4.8890000e-05,-4.8890000e-05,133.9578200,6.960000e-03,-6.960000e-03,0.1970,0.2510,-0.1970,1.94300,0.20700,-0.20700,1.6930e+02,2.310e+01,-2.310e+01,0.86,1.200e-01,-6.000e-02,846.0,,,121.37,57.73,-26.97,8.90,1,q1_q17_dr25_tce,5516.00,166.00,-166.00,4.669,0.026,-0.097,0.6560,0.0950,-0.0410,298.121670,40.813580,15.347
8216763,K04838.01,,CANDIDATE,CANDIDATE,0.9650,0,0,0,0,13.296504400,4.0730000e-04,-4.0730000e-04,136.5669000,1.190000e-02,-1.190000e-02,0.9020,0.0700,-0.6840,5.68000,1.20000,-1.20000,1.3340e+02,2.890e+01,-2.890e+01,0.88,7.000e-02,-8.000e-02,488.0,,,13.42,4.29,-3.38,9.10,1,q1_q17_dr25_tce,4352.00,116.00,-129.00,4.671,0.032,-0.042,0.6130,0.0550,-0.0500,284.268590,44.197540,15.073
9110610,K04839.01,,CANDIDATE,CANDIDATE,0.7530,0,0,0,0,21.842030400,2.6610000e-04,-2.6610000e-04,150.8273100,9.200000e-03,-9.200000e-03,0.2080,0.2360,-0.2080,3.84300,0.23300,-0.23300,7.9500e+01,9.700e+00,-9.700e+00,2.01,4.400e-01,-1.090e+00,1016.0,,,251.46,169.30,-205.72,9.50,1,q1_q17_dr25_tce,6194.00,191.00,-210.00,3.813,0.528,-0.132,2.2410,0.4870,-1.2170,298.409580,45.461639,13.547
2437897,K04909.01,,FALSE POSITIVE,FALSE POSITIVE,0.0000,0,0,1,0,1.653201440,1.6030000e-05,-1.6030000e-05,132.4098800,7.870000e-03,-7.870000e-03,0.1480,0.3990,-0.1480,1.52500,0.53600,-0.53600,1.3210e+02,3.110e+01,-3.110e+01,0.74,6.000e-02,-7.000e-02,1059.0,,,296.80,87.47,-78.07,6.70,1,q1_q17_dr25_tce,4544.00,123.00,-136.00,4.609,0.056,-0.024,0.6610,0.0520,-0.0580,290.261780,37.787189,15.762
9307966,K04910.01,,FALSE POSITIVE,FALSE POSITIVE,0.0720,0,0,1,0,3.374875410,4.0660000e-05,-4.0660000e-05,132.4897700,9.950000e-03,-9.950000e-03,0.3890,0.0740,-0.3890,3.08500,0.33500,-0.33500,5.3800e+01,7.500e+00,-7.500e+00,0.75,2.400e-01,-8.000e-02,1287.0,,,649.96,617.11,-200.15,8.30,1,q1_q17_dr25_tce,6181.00,171.00,-214.00,4.464,0.052,-0.208,1.0060,0.3240,-0.1080,300.758970,45.717880,13.858
5556726,K03223.01,,FALSE POSITIVE,FALSE POSITIVE,0.0000,0,1,1,1,0.962825082,3.2490000e-06,-3.2490000e-06,132.2137500,3.600000e-03,-3.600000e-03,0.0880,0.3170,-0.0880,2.84640,0.09860,-0.09860,1.1810e+02,3.500e+00,-3.500e+00,5.18,1.060e+00,-1.590e+00,3265.0,,,26811.24,15306.88,-15192.06,40.70,1,q1_q17_dr25_tce,4898.00,97.00,-122.00,3.212,0.228,-0.171,4.9280,1.0110,-1.5160,297.620540,40.763020,12.173
2554853,K04911.01,,FALSE POSITIVE,FALSE POSITIVE,,1,0,0,0,309.494217000,8.2360000e-03,-8.2360000e-03,375.9225000,1.190000e-02,-1.190000e-02,0.0542,0.4156,-0.0542,13.71600,0.49500,-0.49500,2.9200e+02,2.240e+01,-2.240e+01,2.79,1.250e+00,-7.200e-01,399.0,,,6.01,7.87,-3.14,14.50,,,6908.00,173.00,-234.00,4.085,0.219,-0.243,1.6140,0.7210,-0.4190,286.027500,37.894470,12.512
5208962,K04912.01,,CANDIDATE,CANDIDATE,0.9690,0,0,0,0,0.876850385,7.7180000e-06,-7.7180000e-06,131.7703300,8.320000e-03,-8.320000e-03,0.0490,0.4210,-0.0490,1.53400,0.22500,-0.22500,5.9200e+01,8.100e+00,-8.100e+00,1.35,2.300e-01,-3.100e-01,2543.0,,,9858.55,4300.75,-4349.67,9.70,1,q1_q17_dr25_tce,6102.00,79.00,-85.00,4.069,0.174,-0.116,1.7560,0.2950,-0.4060,297.191990,40.387951,14.878
7889486,K03300.01,,FALSE POSITIVE,FALSE POSITIVE,0.0000,1,1,1,1,24.238251900,2.9170000e-04,-2.9170000e-04,136.6211800,8.590000e-03,-8.590000e-03,0.8200,0.0030,-0.5850,2.70300,0.24000,-0.24000,4.6550e+02,4.950e+01,-4.950e+01,2.19,6.600e-01,-1.800e-01,597.0,,,29.92,27.52,-8.00,11.30,2,q1_q17_dr25_tce,5763.00,182.00,-202.00,4.527,0.036,-0.204,0.9040,0.2730,-0.0730,291.282960,43.608238,15.752
7889486,K03300.02,,FALSE POSITIVE,FALSE POSITIVE,0.0000,0,1,1,1,24.241610300,5.5310000e-04,-5.5310000e-04,155.0323000,1.880000e-02,-1.880000e-02,0.0690,0.3920,-0.0680,5.13700,0.97500,-0.97500,3.2340e+02,2.340e+01,-2.340e+01,1.61,4.900e-01,-1.300e-01,596.0,,,29.92,27.52,-8.00,10.80,1,q1_q17_dr25_tce,5763.00,182.00,-202.00,4.527,0.036,-0.204,0.9040,0.2730,-0.0730,291.282960,43.608238,15.752
4742188,K07703.01,,CANDIDATE,CANDIDATE,0.2550,0,0,0,0,413.518560000,1.9040000e-02,-1.9040000e-02,374.3587000,2.870000e-02,-2.870000e-02,0.0190,0.4510,-0.0190,10.39500,1.00000,-1.00000,3.9110e+02,5.930e+01,-5.930e+01,1.96,6.100e-01,-2.200e-01,254.0,,,0.98,0.92,-0.30,7.90,1,q1_q17_dr25_tce,6031.00,180.00,-198.00,4.450,0.070,-0.210,0.9920,0.3110,-0.1110,290.387210,39.829941,15.106
8301878,K03301.01,,CANDIDATE,CANDIDATE,1.0000,0,0,0,0,20.710636800,2.1870000e-04,-2.1870000e-04,140.8998200,8.830000e-03,-8.830000e-03,0.6040,0.3650,-0.3910,2.69300,0.27000,-0.27000,1.4250e+02,1.580e+01,-1.580e+01,1.12,3.000e-01,-1.300e-01,626.0,,,36.18,29.35,-10.81,11.00,1,q1_q17_dr25_tce,5631.00,169.00,-152.00,4.478,0.075,-0.175,0.9010,0.2420,-0.1040,292.629640,44.283119,14.180
8233802,K03302.01,,FALSE POSITIVE,FALSE POSITIVE,0.0010,0,0,1,0,69.378859700,6.6380000e-04,-6.6380000e-04,154.1913700,9.230000e-03,-9.230000e-03,0.5390,0.4330,-0.3130,3.80700,0.23200,-0.23200,5.3040e+02,3.810e+01,-3.810e+01,2.07,6.000e-01,-2.000e-01,421.0,,,7.40,6.25,-2.05,16.80,1,q1_q17_dr25_tce,5806.00,156.00,-174.00,4.529,0.050,-0.200,0.8740,0.2520,-0.0840,291.972530,44.129990,14.854
7510820,K03303.01,Kepler-1461 b,CONFIRMED,CANDIDATE,0.9790,0,0,0,0,29.349385200,1.7550000e-04,-1.7550000e-04,148.4656400,4.610000e-03,-4.610000e-03,0.7500,0.0480,-0.5230,4.31300,0.15600,-0.15600,6.5920e+02,3.660e+01,-3.660e+01,2.02,2.200e-01,-1.600e-01,451.0,,,9.81,3.80,-2.38,20.30,1,q1_q17_dr25_tce,4987.00,151.00,-136.00,4.613,0.032,-0.063,0.7220,0.0790,-0.0580,285.830470,43.198391,15.689
10221505,K04768.01,,CANDIDATE,CANDIDATE,0.9570,0,0,0,0,3.436331330,8.7240000e-06,-8.7240000e-06,132.4269700,1.870000e-03,-1.870000e-03,0.1140,0.3510,-0.1140,0.67500,0.11100,-0.11100,4.7350e+02,4.680e+01,-4.680e+01,1.44,1.200e-01,-1.300e-01,945.0,,,188.22,62.33,-49.49,14.50,1,q1_q17_dr25_tce,5201.00,156.00,-156.00,4.616,0.072,-0.044,0.6510,0.0570,-0.0570,296.789340,47.234531,15.710
6116035,K04769.01,,FALSE POSITIVE,FALSE POSITIVE,,1,0,0,0,449.572740000,1.8500000e-02,-1.8500000e-02,153.3061000,2.060000e-02,-2.060000e-02,0.2059,0.2424,-0.2057,9.32800,0.87600,-0.87600,2.2140e+02,2.570e+01,-2.570e+01,3.08,1.450e+00,-1.410e+00,333.0,,,2.89,4.24,-2.14,14.10,,,5691.00,195.00,-170.00,3.842,0.446,-0.255,2.0790,0.9730,-0.9510,289.439060,41.492977,13.679
8958359,K04770.01,,FALSE POSITIVE,FALSE POSITIVE,,1,0,0,0,245.059374000,5.4360000e-03,-5.4360000e-03,301.6780000,1.320000e-02,-1.320000e-02,0.0927,0.3532,-0.0927,9.54900,0.60100,-0.60100,1.6500e+02,1.360e+01,-1.360e+01,1.63,6.600e-01,-5.000e-01,356.0,,,3.81,4.55,-2.18,15.10,,,6036.00,176.00,-149.00,4.127,0.332,-0.260,1.2650,0.5040,-0.3940,293.818120,45.201530,12.854
11658036,K04771.01,,CANDIDATE,CANDIDATE,0.9190,0,0,0,0,142.703888000,2.2660000e-03,-2.2660000e-03,212.0311000,1.030000e-02,-1.030000e-02,0.0620,0.3760,-0.0620,5.80800,0.33300,-0.33300,2.2550e+02,2.380e+01,-2.380e+01,1.95,7.100e-01,-2.300e-01,440.0,,,8.88,9.15,-2.94,11.00,1,q1_q17_dr25_tce,6701.00,161.00,-241.00,4.326,0.058,-0.217,1.2890,0.4630,-0.1540,289.680730,49.745831,13.964
8397947,K04772.01,,CANDIDATE,CANDIDATE,0.8660,0,0,0,0,3.380805370,3.2320000e-05,-3.2320000e-05,133.9484200,8.940000e-03,-8.940000e-03,0.0670,0.3860,-0.0670,3.27500,0.21000,-0.21000,2.0090e+02,1.910e+01,-1.910e+01,1.69,2.800e-01,-1.800e-01,1362.0,,,814.73,352.58,-197.75,11.60,1,q1_q17_dr25_tce,6072.00,78.00,-91.00,4.343,0.076,-0.114,1.1930,0.1990,-0.1230,301.578550,44.312180,15.514
6665860,K04840.01,,CANDIDATE,CANDIDATE,0.9810,0,0,0,0,10.471619400,1.5340000e-04,-1.5340000e-04,136.2877000,1.180000e-02,-1.180000e-02,0.1840,0.2670,-0.1840,4.51200,0.28300,-0.28300,1.2390e+02,1.240e+01,-1.240e+01,1.74,2.700e-01,-3.600e-01,1035.0,,,271.12,108.71,-110.93,11.70,1,q1_q17_dr25_tce,5812.00,78.00,-78.00,4.083,0.182,-0.084,1.5740,0.2400,-0.3310,282.093140,42.160271,14.486
7983117,K03214.01,Kepler-1988 b,CONFIRMED,CANDIDATE,1.0000,0,0,0,0,11.495002290,8.8210000e-05,-8.8210000e-05,141.2751100,6.350000e-03,-6.350000e-03,0.9110,0.0510,-0.6130,7.60200,0.16500,-0.16500,5.1400e+01,2.400e+00,-2.400e+00,1.53,3.000e-01,-4.900e-01,1105.0,,,351.79,215.60,-207.71,22.90,1,q1_q17_dr25_tce,6033.00,183.00,-183.00,3.985,0.266,-0.114,1.7880,0.3510,-0.5710,298.673770,43.795479,12.014
5480884,K04841.01,,FALSE POSITIVE,FALSE POSITIVE,0.0000,1,0,0,0,0.708726708,2.1750000e-06,-2.1750000e-06,132.0862900,2.680000e-03,-2.680000e-03,0.2800,0.1730,-0.2800,0.75300,0.09050,-0.09050,3.1360e+02,2.550e+01,-2.550e+01,0.92,5.000e-02,-7.000e-02,1302.0,,,684.35,161.71,-173.15,13.40,2,q1_q17_dr25_tce,4607.00,124.00,-152.00,4.733,0.052,-0.024,0.5150,0.0280,-0.0390,299.546720,40.681911,15.986
12506417,K04842.01,,FALSE POSITIVE,FALSE POSITIVE,,1,0,0,0,283.726750000,4.6670000e-02,-4.6670000e-02,392.6710000,9.080000e-02,-9.080000e-02,0.3461,0.1020,-0.3461,15.49000,3.20000,-3.20000,8.4600e+01,1.670e+01,-1.670e+01,1.18,6.900e-01,-1.900e-01,341.0,,,3.20,5.72,-1.20,9.30,,,6496.00,149.00,-207.00,4.301,0.104,-0.330,1.2570,0.7470,-0.1970,289.083190,51.474060,12.768
10187563,K04843.01,,FALSE POSITIVE,FALSE POSITIVE,0.0000,1,0,0,0,373.606830000,1.6880000e-02,-1.6880000e-02,246.5809000,2.530000e-02,-2.530000e-02,0.5880,0.3670,-0.3730,8.75200,0.94800,-0.94800,5.3480e+02,7.160e+01,-7.160e+01,2.50,8.000e-01,-2.700e-01,271.0,,,1.28,1.21,-0.39,9.30,1,q1_q17_dr25_tce,6184.00,172.00,-216.00,4.448,0.052,-0.208,1.0380,0.3320,-0.1110,281.867890,47.256649,15.256
5769810,K04913.01,,CANDIDATE,CANDIDATE,0.7980,0,0,0,0,6.787881130,8.1530000e-05,-8.1530000e-05,136.3345000,9.860000e-03,-9.860000e-03,0.0220,0.4450,-0.0220,2.26000,0.35100,-0.35100,7.3100e+01,1.130e+01,-1.130e+01,2.44,3.900e-01,-9.200e-01,1679.0,,,1875.92,938.81,-1231.23,7.80,2,q1_q17_dr25_tce,6537.00,176.00,-195.00,3.760,0.285,-0.095,2.8290,0.4570,-1.0670,283.678800,41.096882,13.360
12071754,K04914.01,,CANDIDATE,CANDIDATE,1.0000,0,0,0,0,5.474551670,5.6910000e-05,-5.6910000e-05,133.5552900,9.450000e-03,-9.450000e-03,0.9310,0.0230,-0.7260,3.71000,0.28100,-0.28100,7.3200e+01,8.200e+00,-8.200e+00,1.40,2.300e-01,-2.700e-01,1155.0,,,419.95,179.81,-162.64,10.80,1,q1_q17_dr25_tce,5611.00,84.00,-75.00,4.190,0.182,-0.098,1.3120,0.2100,-0.2570,296.400940,50.558338,14.211
10384298,K03224.01,,CANDIDATE,CANDIDATE,1.0000,0,0,0,0,3.438610670,1.8610000e-05,-1.8610000e-05,132.6864100,5.030000e-03,-5.030000e-03,0.6290,0.0070,-0.4970,1.26400,0.17700,-0.17700,4.6800e+01,6.600e+00,-6.600e+00,1.01,2.100e-01,-3.300e-01,1348.0,,,779.48,453.78,-444.15,9.50,1,q1_q17_dr25_tce,5383.00,88.00,-72.00,4.112,0.329,-0.141,1.4010,0.3050,-0.4570,281.327450,47.584869,12.192
3109550,K03225.01,,CANDIDATE,CANDIDATE,0.8670,0,0,0,0,4.875476500,3.9760000e-05,-3.9760000e-05,133.2916700,7.520000e-03,-7.520000e-03,0.0840,0.3670,-0.0840,1.90200,0.25100,-0.25100,3.9600e+01,5.600e+00,-5.600e+00,0.80,1.600e-01,-2.200e-01,1180.0,,,458.62,297.05,-241.06,8.80,1,q1_q17_dr25_tce,5513.00,169.00,-127.00,4.179,0.260,-0.140,1.2860,0.2680,-0.3580,289.671750,38.297871,12.207
5544450,K03226.01,,FALSE POSITIVE,FALSE POSITIVE,0.9960,1,0,0,0,4.293888080,3.1570000e-05,-3.1570000e-05,133.5100200,6.070000e-03,-6.070000e-03,0.2720,0.1890,-0.2720,3.61800,0.17300,-0.17300,1.1060e+02,7.100e+00,-7.100e+00,1.68,3.100e-01,-2.300e-01,1532.0,,,1302.16,611.17,-385.68,17.90,1,q1_q17_dr25_tce,6615.00,65.00,-92.00,4.173,0.108,-0.132,1.5740,0.2970,-0.2160,294.897340,40.798168,12.209
9307105,K03304.01,,FALSE POSITIVE,FALSE POSITIVE,0.0000,0,1,1,0,13.543788400,1.7290000e-05,-1.7290000e-05,135.2762300,1.080000e-03,-1.080000e-03,1.2690,3.0440,-0.1550,5.70760,0.05910,-0.05910,6.6087e+03,7.120e+01,-7.120e+01,32.21,7.100e+00,-2.840e+00,658.0,,,44.22,31.35,-11.87,114.40,1,q1_q17_dr25_tce,5463.00,191.00,-172.00,4.582,0.036,-0.144,0.7940,0.1750,-0.0700,300.491060,45.796909,15.023
6880517,K03305.01,Kepler-1462 b,CONFIRMED,CANDIDATE,0.9700,0,0,0,0,65.649100100,7.1300000e-04,-7.1300000e-04,174.7931900,8.420000e-03,-8.420000e-03,0.0380,0.3930,-0.0380,7.29800,0.20800,-0.20800,9.8390e+02,5.460e+01,-5.460e+01,2.52,5.200e-01,-2.200e-01,390.0,,,5.48,3.64,-1.53,20.50,1,q1_q17_dr25_tce,5436.00,187.00,-187.00,4.573,0.034,-0.136,0.8190,0.1690,-0.0730,296.397520,42.396919,15.858
6615511,K03306.01,Kepler-1463 b,CONFIRMED,CANDIDATE,1.0000,0,0,0,0,25.159338900,4.2360000e-04,-4.2360000e-04,153.0404000,1.130000e-02,-1.130000e-02,0.0350,0.4030,-0.0350,5.19800,0.28200,-0.28200,3.5810e+02,3.190e+01,-3.190e+01,1.76,5.300e-01,-1.700e-01,619.0,,,34.70,31.59,-10.63,13.10,1,q1_q17_dr25_tce,5973.00,187.00,-229.00,4.506,0.050,-0.200,0.9350,0.2800,-0.0930,294.487300,42.006920,15.759
6131130,K03307.01,,CANDIDATE,CANDIDATE,0.9640,0,0,0,0,10.507178100,1.0820000e-04,-1.0820000e-04,139.6643200,7.910000e-03,-7.910000e-03,0.2320,0.2360,-0.2320,2.68000,0.26200,-0.26200,2.7180e+02,3.010e+01,-3.010e+01,1.41,2.400e-01,-1.900e-01,737.0,,,69.76,39.23,-23.38,11.10,1,q1_q17_dr25_tce,5290.00,167.00,-167.00,4.460,0.117,-0.130,0.8650,0.1510,-0.1130,294.136260,41.456692,15.654
3632089,K03308.01,Kepler-1464 b,CONFIRMED,CANDIDATE,1.0000,0,0,0,0,31.778756400,2.1050000e-04,-2.1050000e-04,136.7692900,5.100000e-03,-5.100000e-03,0.2900,0.1360,-0.2900,8.09300,0.16000,-0.16000,2.6200e+02,1.050e+01,-1.050e+01,1.50,4.100e-01,-2.700e-01,564.0,,,23.96,19.12,-9.56,25.90,1,q1_q17_dr25_tce,5638.00,152.00,-152.00,4.391,0.171,-0.209,0.9280,0.2520,-0.1680,287.235690,38.754162,14.159
4742452,K07704.01,,CANDIDATE,CANDIDATE,0.9370,0,0,0,0,5.439803300,1.0460000e-04,-1.0460000e-04,135.1594000,1.690000e-02,-1.690000e-02,0.1360,0.3190,-0.1360,3.25600,0.37100,-0.37100,8.5500e+01,1.230e+01,-1.230e+01,1.00,3.200e-01,-1.200e-01,1112.0,,,361.47,354.86,-122.83,8.40,1,q1_q17_dr25_tce,6108.00,190.00,-253.00,4.430,0.054,-0.216,1.0800,0.3500,-0.1250,290.460880,39.837212,14.829
9959494,K03205.01,,FALSE POSITIVE,FALSE POSITIVE,0.0000,0,1,1,1,1.332568744,6.4860000e-06,-6.4860000e-06,132.0469700,4.470000e-03,-4.470000e-03,0.7510,0.1820,-0.5120,3.75500,0.14200,-0.14200,2.4100e+01,1.000e+00,-1.000e+00,0.58,1.200e-01,-7.000e-02,1941.0,,,3346.25,2014.14,-1041.87,29.10,1,q1_q17_dr25_tce,6620.00,148.00,-214.00,4.411,0.063,-0.147,1.0810,0.2280,-0.1230,295.199920,46.814621,11.834
8397947,K04772.02,Kepler-1705 b,CONFIRMED,CANDIDATE,,0,0,0,0,9.019471400,4.3340000e-04,-4.3340000e-04,139.9234000,3.790000e-02,-3.790000e-02,0.2805,0.1828,-0.2803,5.92000,0.86600,-0.86600,1.9160e+02,3.120e+01,-3.120e+01,1.07,4.700e-01,-8.000e-02,789.0,,,91.74,123.05,-21.87,7.20,,,5775.00,194.00,-172.00,4.590,0.031,-0.278,0.7680,0.3320,-0.0560,301.578550,44.312180,15.514
7906892,K04773.01,,CANDIDATE,CANDIDATE,0.5200,0,0,0,0,8.849394800,1.2240000e-04,-1.2240000e-04,139.7860000,1.060000e-02,-1.060000e-02,0.8190,0.0240,-0.5740,6.92800,0.31600,-0.31600,4.3800e+01,4.000e+00,-4.000e+00,0.82,1.300e-01,-9.000e-02,978.0,,,216.18,98.91,-58.53,12.10,2,q1_q17_dr25_tce,6095.00,122.00,-134.00,4.349,0.099,-0.121,1.1100,0.1780,-0.1190,296.843200,43.697441,13.556
4277304,K04774.01,,CANDIDATE,CANDIDATE,0.9860,0,0,0,0,51.567801000,6.1410000e-04,-6.1410000e-04,168.8730000,1.070000e-02,-1.070000e-02,0.5540,0.3890,-0.3460,5.51400,0.29000,-0.29000,2.1010e+02,1.800e+01,-1.800e+01,1.30,2.400e-01,-1.800e-01,433.0,,,8.30,5.03,-2.94,13.50,1,q1_q17_dr25_tce,5285.00,185.00,-185.00,4.467,0.104,-0.138,0.8760,0.1600,-0.1200,295.122380,39.391033,13.882
8626325,K04775.01,,CANDIDATE,CANDIDATE,0.6250,0,0,0,0,16.449151500,2.7290000e-04,-2.7290000e-04,145.7441000,1.420000e-02,-1.420000e-02,0.8660,0.0500,-0.5860,6.69600,0.44500,-0.44500,7.0900e+01,7.500e+00,-7.500e+00,2.75,5.800e-01,-1.080e+00,1036.0,,,272.90,196.21,-187.63,11.00,1,q1_q17_dr25_tce,5334.00,214.00,-214.00,3.712,0.308,-0.132,2.7890,0.5910,-1.0970,292.403230,44.782009,12.999
3098605,K04844.01,,CANDIDATE,CANDIDATE,0.8620,0,0,0,0,0.428046051,1.0930000e-06,-1.0930000e-06,131.8368200,2.060000e-03,-2.060000e-03,0.0410,0.4240,-0.0410,0.77600,0.13000,-0.13000,1.2600e+02,1.410e+01,-1.410e+01,0.87,1.300e-01,-8.000e-02,2017.0,,,3877.26,1957.59,-994.03,14.10,1,q1_q17_dr25_tce,5285.00,159.00,-143.00,4.566,0.049,-0.091,0.7750,0.1210,-0.0690,286.147770,38.241798,15.247
11456405,K04845.01,,FALSE POSITIVE,FALSE POSITIVE,0.0000,0,0,1,1,0.814278961,5.1700000e-06,-5.1700000e-06,131.6480600,6.000000e-03,-6.000000e-03,0.4510,0.0220,-0.4510,2.08700,0.17100,-0.17100,7.2000e+01,6.700e+00,-6.700e+00,0.76,1.900e-01,-6.000e-02,1762.0,,,2284.94,1762.14,-620.90,13.00,1,q1_q17_dr25_tce,5537.00,175.00,-194.00,4.539,0.042,-0.178,0.8860,0.2220,-0.0740,292.505770,49.331959,15.367
8320630,K04846.01,,CANDIDATE,CANDIDATE,0.0000,0,0,0,0,19.254536000,3.1530000e-04,-3.1530000e-04,148.0172000,1.400000e-02,-1.400000e-02,0.8060,0.1490,-0.5660,4.75400,0.33300,-0.33300,1.8600e+02,2.220e+01,-2.220e+01,1.32,3.500e-01,-1.200e-01,625.0,,,36.02,29.16,-9.91,9.20,2,q1_q17_dr25_tce,5668.00,169.00,-186.00,4.545,0.033,-0.187,0.8680,0.2330,-0.0780,298.282140,44.272060,15.230
4544684,K04847.01,,FALSE POSITIVE,FALSE POSITIVE,0.0000,0,1,1,1,2.189075100,1.6100000e-05,-1.6100000e-05,132.0937800,6.340000e-03,-6.340000e-03,0.0480,0.4060,-0.0480,2.36500,0.16900,-0.16900,9.4800e+01,8.700e+00,-8.700e+00,0.87,2.700e-01,-9.000e-02,1399.0,,,906.20,817.18,-259.31,12.60,1,q1_q17_dr25_tce,6077.00,164.00,-182.00,4.526,0.052,-0.208,0.8910,0.2740,-0.0910,285.925870,39.669209,14.920
9005321,K04848.01,,CANDIDATE,CANDIDATE,,0,0,0,0,384.696100000,1.2260000e-02,-1.2260000e-02,365.0874000,1.420000e-02,-1.420000e-02,0.5221,0.0034,-0.4765,6.16700,0.61100,-0.61100,7.8700e+02,1.110e+02,-1.110e+02,1.78,1.200e-01,-2.000e-01,157.0,,,0.14,0.04,-0.04,8.20,,,4228.00,125.00,-139.00,4.640,0.057,-0.027,0.6230,0.0450,-0.0670,284.767640,45.341228,15.677
8975368,K03227.01,,FALSE POSITIVE,FALSE POSITIVE,0.0000,0,0,1,0,2.426498620,1.7080000e-05,-1.7080000e-05,133.7034700,6.120000e-03,-6.120000e-03,0.6730,0.3130,-0.4590,2.01400,0.25100,-0.25100,2.9200e+01,2.700e+00,-2.700e+00,0.75,1.600e-01,-1.800e-01,1638.0,,,1705.27,1071.86,-852.64,15.20,1,q1_q17_dr25_tce,6033.00,181.00,-181.00,4.176,0.234,-0.126,1.3160,0.2670,-0.3270,298.402980,45.297230,12.222
9291039,K03230.01,,FALSE POSITIVE,FALSE POSITIVE,0.0000,1,0,0,0,8.808541830,6.0620000e-05,-6.0620000e-05,134.0271200,3.610000e-03,-3.610000e-03,0.9930,0.1160,-0.1360,34.75640,0.00000,0.00000,1.7470e+02,7.800e+00,-7.800e+00,2.69,5.500e-01,-4.400e-01,1000.0,,,236.05,143.78,-90.50,137.30,1,q1_q17_dr25_tce,6017.00,163.00,-181.00,4.300,0.135,-0.135,1.2100,0.2450,-0.2000,295.719420,45.747559,12.239
5168498,K07719.01,,FALSE POSITIVE,FALSE POSITIVE,0.0830,1,0,0,0,219.747350000,1.8270000e-02,-1.8270000e-02,239.9455000,6.310000e-02,-6.310000e-02,0.0970,0.3810,-0.0970,22.48000,1.50000,-1.50000,1.9040e+02,1.680e+01,-1.680e+01,3.24,1.930e+00,-2.360e+00,427.0,,,7.82,14.20,-7.30,12.70,1,q1_q17_dr25_tce,5127.00,128.00,-116.00,3.602,1.005,-0.335,2.3800,1.4210,-1.7370,285.286740,40.342339,12.821
10489539,K03231.01,,FALSE POSITIVE,FALSE POSITIVE,0.0000,1,0,1,0,19.763987400,5.9610000e-04,-5.9610000e-04,134.1700000,2.070000e-02,-2.070000e-02,0.4890,0.4690,-0.2810,12.31900,0.71500,-0.71500,5.1300e+01,4.500e+00,-4.500e+00,1.19,3.200e-01,-4.000e-01,900.0,,,155.45,130.03,-96.47,13.50,1,q1_q17_dr25_tce,6195.00,199.00,-243.00,4.072,0.293,-0.158,1.6170,0.4400,-0.5380,298.358580,47.638592,12.250
9569711,K03232.01,Kepler-1912 b,CONFIRMED,CANDIDATE,0.9960,0,0,0,0,6.059198810,3.2120000e-05,-3.2120000e-05,133.6743700,4.230000e-03,-4.230000e-03,0.4380,0.5150,-0.2340,1.36500,0.14100,-0.14100,1.5420e+02,1.720e+01,-1.720e+01,1.21,1.800e-01,-9.000e-02,976.0,,,214.55,86.33,-45.97,11.70,1,q1_q17_dr25_tce,5734.00,104.00,-115.00,4.462,0.051,-0.119,0.9620,0.1370,-0.0740,282.117830,46.223930,12.253
12314973,K00279.03,Kepler-450 d,CONFIRMED,CANDIDATE,0.9840,0,0,0,0,7.514396700,1.9520000e-04,-1.9520000e-04,136.1851000,2.030000e-02,-2.030000e-02,0.3990,0.0670,-0.3990,4.86500,0.57900,-0.57900,3.6300e+01,4.100e+00,-4.100e+00,0.96,6.000e-02,-7.000e-02,1199.0,,,488.52,85.52,-86.28,9.80,3,q1_q17_dr25_tce,6206.00,80.00,-74.00,4.159,0.048,-0.032,1.5730,0.0890,-0.1110,295.486510,51.013500,11.684
3348082,K01196.03,Kepler-274 c,CONFIRMED,CANDIDATE,0.9120,0,0,0,0,33.198176100,3.7580000e-04,-3.7580000e-04,142.0987300,9.390000e-03,-9.390000e-03,0.8260,0.1330,-0.5710,4.70900,0.29500,-0.29500,3.3670e+02,2.970e+01,-2.970e+01,3.21,5.000e-01,-8.100e-01,678.0,,,49.90,20.80,-23.44,11.80,3,q1_q17_dr25_tce,5570.00,83.00,-72.00,4.066,0.210,-0.090,1.5480,0.2410,-0.3910,292.922760,38.477280,15.035
3632089,K03308.02,Kepler-1464 c,CONFIRMED,CANDIDATE,0.9600,0,0,0,0,5.327841570,4.2900000e-05,-4.2900000e-05,133.5500500,6.350000e-03,-6.350000e-03,0.1160,0.3200,-0.1160,4.69600,0.18700,-0.18700,8.7200e+01,6.200e+00,-6.200e+00,0.86,2.400e-01,-1.500e-01,1023.0,,,259.32,207.04,-103.40,15.90,2,q1_q17_dr25_tce,5638.00,152.00,-152.00,4.391,0.171,-0.209,0.9280,0.2520,-0.1680,287.235690,38.754162,14.159
5563300,K03309.01,,CANDIDATE,CANDIDATE,0.9880,0,0,0,0,71.054575550,5.1920000e-05,-5.1920000e-05,134.7345890,5.540000e-04,-5.540000e-04,0.0610,0.2830,-0.0610,1.91620,0.02460,-0.02460,4.8532e+03,6.060e+01,-6.060e+01,5.91,1.220e+00,-8.100e-01,390.0,,,5.45,3.49,-1.86,95.90,1,q1_q17_dr25_tce,5290.00,159.00,-159.00,4.460,0.116,-0.231,0.8650,0.1790,-0.1190,298.968290,40.797352,14.710
12253769,K03310.01,,CANDIDATE,CANDIDATE,0.9040,0,0,0,0,20.551272200,1.5970000e-04,-1.5970000e-04,141.0870000,5.730000e-03,-5.730000e-03,0.9460,0.0050,-0.6760,4.63900,0.13400,-0.13400,1.9120e+02,1.120e+01,-1.120e+01,1.64,1.800e-01,-1.300e-01,607.0,,,32.01,10.60,-6.79,20.00,1,q1_q17_dr25_tce,5401.00,108.00,-97.00,4.464,0.075,-0.082,0.9180,0.1000,-0.0730,288.804570,50.990620,13.550
12735830,K03311.01,Kepler-1465 b,CONFIRMED,CANDIDATE,1.0000,0,0,0,0,31.827649000,1.3550000e-04,-1.3550000e-04,134.5999500,3.530000e-03,-3.530000e-03,0.7850,0.1510,-0.5380,1.63900,0.11500,-0.11500,5.2000e+02,3.900e+01,-3.900e+01,4.98,7.900e-01,-3.150e+00,668.0,,,47.21,19.19,-41.46,16.40,1,q1_q17_dr25_tce,4774.00,57.00,-114.00,3.838,0.765,-0.128,1.9540,0.3090,-1.2380,289.819340,51.904850,14.410
8054719,K04776.01,,CANDIDATE,CANDIDATE,0.9690,0,0,0,0,7.586158700,1.2040000e-04,-1.2040000e-04,132.7988000,1.270000e-02,-1.270000e-02,0.8580,0.0440,-0.5850,4.32000,0.36800,-0.36800,1.1680e+02,1.270e+01,-1.270e+01,1.07,2.400e-01,-1.700e-01,928.0,,,175.29,118.02,-64.30,10.80,1,q1_q17_dr25_tce,5934.00,178.00,-160.00,4.444,0.135,-0.165,0.8710,0.1910,-0.1390,299.349550,43.850300,14.840
6592335,K04777.01,Kepler-1971 b,CONFIRMED,CANDIDATE,,0,0,0,0,0.824000125,2.8110000e-06,-2.8110000e-06,131.8042100,3.200000e-03,-3.200000e-03,0.7697,1.2090,-0.4345,0.85500,0.19700,-0.19700,1.8310e+02,2.300e+01,-2.300e+01,0.42,7.000e-02,-8.000e-02,746.0,,,73.09,34.54,-26.62,12.30,1,q1_q17_dr24_tce,3396.00,50.00,-50.00,4.991,0.060,-0.060,0.2800,0.0500,-0.0500,287.262150,42.032310,15.896
5651829,K04778.01,,FALSE POSITIVE,FALSE POSITIVE,0.9650,0,0,1,0,0.772152075,3.0710000e-06,-3.0710000e-06,132.2074000,3.270000e-03,-3.270000e-03,1.0090,0.0520,-0.7790,1.78000,0.13500,-0.13500,4.3600e+01,3.600e+00,-3.600e+00,4.44,1.450e+00,-2.680e+00,2966.0,,,18277.60,18302.22,-15751.32,13.60,1,q1_q17_dr25_tce,5951.00,197.00,-179.00,3.787,0.667,-0.178,2.0800,0.6770,-1.2580,299.465240,40.891090,13.308
4762283,K07706.01,,CANDIDATE,CANDIDATE,0.8370,0,0,0,0,42.049523793,,,167.3423568,,,0.2300,,,2.13720,,,6.0790e+02,,,1.19,8.000e-02,-1.600e-01,303.0,,,2.00,0.55,-0.68,5.10,1,q1_q17_dr25_tce,4281.00,115.00,-140.00,4.761,0.077,-0.033,0.4800,0.0340,-0.0640,295.792510,39.892570,15.263
9094763,K04779.01,,FALSE POSITIVE,FALSE POSITIVE,0.0000,0,1,1,0,1.084698710,1.0020000e-05,-1.0020000e-05,131.7376000,8.480000e-03,-8.480000e-03,0.6720,0.2880,-0.4500,4.07700,0.20200,-0.20200,1.2400e+02,8.700e+00,-8.700e+00,1.11,3.500e-01,-1.200e-01,1757.0,,,2247.25,2153.81,-684.90,16.90,1,q1_q17_dr25_tce,5942.00,184.00,-205.00,4.506,0.052,-0.208,0.9380,0.2970,-0.0990,293.989320,45.484150,15.824
3849187,K04780.01,,CANDIDATE,CANDIDATE,1.0000,0,0,0,0,6.601800030,8.9710000e-05,-8.9710000e-05,137.4760000,1.070000e-02,-1.070000e-02,0.2040,0.2610,-0.2040,2.62400,0.32200,-0.32200,2.1340e+02,3.150e+01,-3.150e+01,1.25,2.900e-01,-1.000e-01,875.0,,,138.25,98.33,-34.58,8.10,1,q1_q17_dr25_tce,5591.00,150.00,-166.00,4.559,0.032,-0.179,0.8600,0.2070,-0.0690,291.135740,38.905430,15.414
2976017,K04849.01,,CANDIDATE,CANDIDATE,0.9940,0,0,0,0,3.199380750,2.6010000e-05,-2.6010000e-05,133.0111600,6.070000e-03,-6.070000e-03,0.2680,0.1760,-0.2680,1.76100,0.19700,-0.19700,7.6100e+01,9.300e+00,-9.300e+00,0.62,1.000e-01,-4.000e-02,1026.0,,,262.08,137.02,-56.80,9.80,1,q1_q17_dr25_tce,5483.00,163.00,-147.00,4.632,0.032,-0.104,0.7020,0.1150,-0.0460,287.817290,38.194809,14.261
6786224,K04850.01,,CANDIDATE,CANDIDATE,0.9990,0,0,0,0,3.041851570,1.8690000e-05,-1.8690000e-05,132.5042200,4.720000e-03,-4.720000e-03,0.1760,0.2870,-0.1760,1.43400,0.17500,-0.17500,6.9000e+01,7.600e+00,-7.600e+00,0.71,2.100e-01,-7.000e-02,1184.0,,,465.54,401.33,-125.91,11.10,1,q1_q17_dr25_tce,5802.00,156.00,-156.00,4.537,0.048,-0.192,0.8570,0.2520,-0.0840,294.333280,42.264130,14.147
10338279,K03216.01,,FALSE POSITIVE,FALSE POSITIVE,0.0000,0,1,0,0,5.660274452,7.4090000e-06,-7.4090000e-06,134.4672700,1.100000e-03,-1.100000e-03,1.0920,65.0900,-0.0110,0.90770,0.08050,-0.08050,4.1410e+02,2.170e+01,-2.170e+01,11.02,2.480e+00,-1.330e+00,950.0,,,192.77,128.84,-59.36,26.40,1,q1_q17_dr25_tce,5615.00,152.00,-152.00,4.478,0.104,-0.143,0.8420,0.1890,-0.1020,291.370640,47.435509,12.049
4851239,K04851.01,,FALSE POSITIVE,FALSE POSITIVE,0.0000,0,0,1,1,1.235124290,1.1420000e-05,-1.1420000e-05,132.0005900,6.730000e-03,-6.730000e-03,0.5560,0.4040,-0.3460,4.22000,0.23300,-0.23300,1.5200e+01,1.200e+00,-1.200e+00,0.38,5.000e-02,-2.000e-02,1642.0,,,1722.78,573.54,-244.88,15.70,1,q1_q17_dr25_tce,5798.00,69.00,-86.00,4.507,0.018,-0.102,0.9410,0.1200,-0.0430,295.840060,39.931221,11.438
5009688,K07713.01,,FALSE POSITIVE,FALSE POSITIVE,0.1980,1,0,0,0,1.381257093,6.1050000e-06,-6.1050000e-06,131.8407900,3.710000e-03,-3.710000e-03,0.3510,0.1030,-0.3510,1.12500,0.13400,-0.13400,9.2300e+01,1.080e+01,-1.080e+01,1.10,3.300e-01,-1.500e-01,1728.0,,,2110.47,1898.11,-725.87,11.00,1,q1_q17_dr25_tce,5861.00,162.00,-203.00,4.385,0.084,-0.210,1.1310,0.3450,-0.1480,291.386260,40.180260,14.943
11072016,K04852.01,,CANDIDATE,CANDIDATE,0.9190,0,0,0,0,1.898731950,1.1070000e-05,-1.1070000e-05,132.0927800,4.460000e-03,-4.460000e-03,0.1970,0.2570,-0.1970,1.38200,0.15300,-0.15300,7.8000e+01,9.500e+00,-9.500e+00,0.93,2.900e-01,-1.000e-01,1524.0,,,1279.95,1233.60,-405.22,10.20,1,q1_q17_dr25_tce,5942.00,187.00,-229.00,4.439,0.067,-0.216,1.0500,0.3330,-0.1110,284.942260,48.666512,14.457
3245969,K01101.02,,CANDIDATE,CANDIDATE,,0,0,0,0,11.391109630,7.2740000e-05,-7.2740000e-05,137.6966500,5.400000e-03,-5.400000e-03,0.5690,0.3496,-0.3547,2.74900,0.15800,-0.15800,5.9340e+02,5.440e+01,-5.440e+01,1.90,2.100e-01,-1.500e-01,632.0,,,37.65,15.02,-8.96,12.10,1,q1_q16_tce,4999.00,154.00,-139.00,4.587,0.029,-0.073,0.7600,0.0860,-0.0580,294.115660,38.393478,15.681
10057494,K03234.01,Kepler-1443 b,CONFIRMED,CANDIDATE,0.9930,0,0,0,0,2.418101580,1.3720000e-05,-1.3720000e-05,132.3889400,4.600000e-03,-4.600000e-03,0.0160,0.4390,-0.0160,2.14400,0.14500,-0.14500,4.6800e+01,4.100e+00,-4.100e+00,0.85,1.500e-01,-9.000e-02,1602.0,,,1555.96,757.09,-415.64,13.40,1,q1_q17_dr25_tce,6258.00,112.00,-124.00,4.307,0.080,-0.120,1.2390,0.2190,-0.1350,283.435760,47.066860,12.278
7902003,K03236.01,,CANDIDATE,CANDIDATE,0.8770,0,0,0,0,7.130441170,7.4360000e-05,-7.4360000e-05,135.5940000,6.800000e-03,-6.800000e-03,0.0680,0.3700,-0.0680,2.56600,0.22600,-0.22600,3.1900e+01,3.700e+00,-3.700e+00,1.18,2.300e-01,-2.800e-01,1400.0,,,908.79,484.83,-422.55,10.50,1,q1_q17_dr25_tce,6312.00,114.00,-127.00,3.964,0.195,-0.105,2.0740,0.4040,-0.4940,295.439150,43.676311,12.310
6587796,K03237.01,Kepler-1444 b,CONFIRMED,CANDIDATE,0.9990,0,0,0,0,33.420300100,6.6690000e-04,-6.6690000e-04,159.1401000,1.520000e-02,-1.520000e-02,0.7890,0.1820,-0.5530,5.30700,0.55100,-0.55100,4.3660e+02,5.850e+01,-5.850e+01,2.46,3.700e-01,-2.800e-01,581.0,,,27.02,11.45,-7.40,8.90,1,q1_q17_dr25_tce,5731.00,104.00,-115.00,4.372,0.105,-0.105,1.0660,0.1610,-0.1200,285.330630,42.040428,12.325
9489953,K03238.01,,FALSE POSITIVE,FALSE POSITIVE,0.0000,1,0,0,0,58.343736200,5.2010000e-04,-5.2010000e-04,169.9040100,7.740000e-03,-7.740000e-03,1.2460,31.1100,-0.0360,22.48200,0.37900,-0.37900,1.2668e+03,1.970e+01,-1.970e+01,93.55,1.727e+01,-4.033e+01,779.0,,,87.03,50.35,-62.08,75.00,1,q1_q17_dr25_tce,5896.00,176.00,-176.00,3.650,0.360,-0.120,3.0060,0.5550,-1.2960,300.021240,46.090778,12.330
5305240,K03239.01,,FALSE POSITIVE,FALSE POSITIVE,0.0000,0,0,1,0,1.070982122,7.3250000e-06,-7.3250000e-06,131.9835500,5.470000e-03,-5.470000e-03,0.5630,0.4000,-0.3620,1.25500,0.20200,-0.20200,4.3400e+01,6.800e+00,-6.800e+00,0.98,2.300e-01,-3.200e-01,2122.0,,,4811.39,3428.47,-2853.12,9.00,1,q1_q17_dr25_tce,5717.00,156.00,-138.00,4.109,0.350,-0.150,1.4330,0.3440,-0.4730,298.896420,40.477009,12.334
11905409,K03312.01,,CANDIDATE,CANDIDATE,1.0000,0,0,0,0,18.093900400,2.2880000e-04,-2.2880000e-04,139.0170600,9.900000e-03,-9.900000e-03,0.4450,0.0260,-0.4450,3.29400,0.33300,-0.33300,4.6730e+02,4.800e+01,-4.800e+01,1.91,4.800e-01,-1.600e-01,665.0,,,46.21,33.38,-11.92,11.60,1,q1_q17_dr25_tce,5904.00,142.00,-178.00,4.543,0.044,-0.176,0.8670,0.2180,-0.0730,286.502110,50.246189,15.739
9571186,K03313.01,,CANDIDATE,CANDIDATE,1.0000,0,0,0,0,34.952425600,1.2430000e-04,-1.2430000e-04,163.5204800,2.980000e-03,-2.980000e-03,1.2250,70.2400,-3.3210,1.71700,0.16200,-0.16200,6.7700e+02,5.300e+01,-5.300e+01,21.74,1.810e+00,-1.510e+00,429.0,,,8.02,2.67,-1.86,15.80,1,q1_q17_dr25_tce,4921.00,159.00,-145.00,4.591,0.024,-0.064,0.7790,0.0650,-0.0540,283.047640,46.265331,14.767
9838060,K03314.01,,FALSE POSITIVE,FALSE POSITIVE,0.0000,0,1,0,0,23.815783560,4.8520000e-05,-4.8520000e-05,141.8488300,1.970000e-03,-1.970000e-03,0.9580,1.3100,-0.0410,3.75910,0.07170,-0.07170,4.8567e+03,8.500e+01,-8.500e+01,8.40,1.920e+00,-6.900e-01,560.0,,,23.20,16.64,-6.08,71.00,1,q1_q17_dr25_tce,5561.00,182.00,-182.00,4.572,0.038,-0.152,0.8180,0.1870,-0.0670,294.665920,46.665852,16.029
8554701,K03315.01,Kepler-1466 b,CONFIRMED,CANDIDATE,0.9740,0,0,0,0,31.174831100,2.1310000e-04,-2.1310000e-04,159.1004900,5.930000e-03,-5.930000e-03,0.0160,0.4210,-0.0160,3.79000,0.16800,-0.16800,2.0020e+02,1.360e+01,-1.360e+01,1.31,4.000e-01,-1.400e-01,585.0,,,27.62,25.31,-8.00,17.00,1,q1_q17_dr25_tce,6086.00,164.00,-182.00,4.511,0.054,-0.216,0.9210,0.2880,-0.0960,289.831210,44.609859,13.926
5389632,K07726.01,,FALSE POSITIVE,FALSE POSITIVE,0.0050,0,0,1,0,0.474811162,1.8470000e-06,-1.8470000e-06,132.2047700,3.360000e-03,-3.360000e-03,0.4400,0.0310,-0.4400,1.16900,0.10200,-0.10200,2.0520e+02,1.550e+01,-1.550e+01,1.28,3.900e-01,-1.200e-01,2206.0,,,5603.32,5100.27,-1612.42,17.40,1,q1_q17_dr25_tce,5799.00,184.00,-204.00,4.539,0.046,-0.196,0.8780,0.2620,-0.0820,298.483250,40.585949,15.733
9031209,K03316.01,Kepler-1467 b,CONFIRMED,CANDIDATE,0.9960,0,0,0,0,47.056847600,1.8960000e-04,-1.8960000e-04,161.0586400,2.910000e-03,-2.910000e-03,0.0270,0.4060,-0.0270,5.22320,0.09580,-0.09580,1.5312e+03,4.570e+01,-4.570e+01,2.84,4.700e-01,-2.200e-01,411.0,,,6.72,3.55,-1.65,38.00,1,q1_q17_dr25_tce,5288.00,159.00,-159.00,4.613,0.032,-0.097,0.7400,0.1220,-0.0570,295.048550,45.342682,15.549
5951416,K04781.01,,FALSE POSITIVE,FALSE POSITIVE,,1,0,0,0,367.732990000,1.3800000e-02,-1.3800000e-02,302.3576000,2.630000e-02,-2.630000e-02,0.0064,0.4419,-0.0064,10.15800,0.93600,-0.93600,5.0390e+02,5.590e+01,-5.590e+01,2.10,8.400e-01,-2.000e-01,266.0,,,1.19,1.40,-0.34,11.20,,,6225.00,171.00,-197.00,4.481,0.055,-0.290,0.9310,0.3710,-0.0900,288.975740,41.279121,14.892
5612697,K03206.01,,CANDIDATE,CANDIDATE,0.8190,0,0,0,0,15.151640900,1.9790000e-04,-1.9790000e-04,133.9226000,1.210000e-02,-1.210000e-02,0.1730,0.2750,-0.1730,5.10500,0.38500,-0.38500,1.9150e+02,2.000e+01,-2.000e+01,1.38,0.000e+00,0.000e+00,736.0,,,69.25,0.00,0.00,11.40,1,q1_q17_dr25_tce,5780.00,,,4.438,,,1.0000,,,289.574620,40.807594,11.843
8973285,K04782.01,,CANDIDATE,CANDIDATE,,0,0,0,0,7.421344400,1.0550000e-04,-1.0550000e-04,137.4930000,1.180000e-02,-1.180000e-02,0.1732,0.2917,-0.1732,2.36100,0.34800,-0.34800,3.1590e+02,4.450e+01,-4.450e+01,1.73,6.900e-01,-1.600e-01,953.0,,,195.23,228.96,-57.16,8.70,,,6032.00,167.00,-222.00,4.485,0.045,-0.284,0.9730,0.3850,-0.0910,297.948700,45.255039,15.850
4645833,K04783.01,,FALSE POSITIVE,FALSE POSITIVE,0.0000,1,0,1,0,0.743495989,2.2460000e-06,-2.2460000e-06,132.1890400,2.400000e-03,-2.400000e-03,1.1440,0.8610,-0.1360,2.25500,0.13100,-0.13100,1.7280e+02,8.100e+00,-8.100e+00,11.82,1.810e+00,-9.000e-01,1617.0,,,1612.65,799.94,-392.89,26.00,2,q1_q17_dr25_tce,5345.00,160.00,-160.00,4.639,0.036,-0.090,0.6860,0.1050,-0.0520,289.078370,39.708820,15.222
8940918,K04784.01,,FALSE POSITIVE,FALSE POSITIVE,0.0000,0,0,1,0,1.405887031,5.7080000e-06,-5.7080000e-06,132.0114700,3.470000e-03,-3.470000e-03,0.3640,0.0870,-0.3640,1.18400,0.13500,-0.13500,2.1600e+02,1.970e+01,-1.970e+01,0.95,7.000e-02,-8.000e-02,1086.0,,,329.99,95.51,-85.77,13.80,1,q1_q17_dr25_tce,4440.00,133.00,-133.00,4.618,0.049,-0.025,0.6530,0.0460,-0.0560,286.769500,45.234131,15.643
3758922,K04853.01,,CANDIDATE,CANDIDATE,0.6250,0,0,0,0,17.741230300,3.9660000e-04,-3.9660000e-04,144.3554000,1.360000e-02,-1.360000e-02,0.0650,0.3920,-0.0650,4.81600,0.56600,-0.56600,1.4470e+02,1.860e+01,-1.860e+01,1.14,3.500e-01,-1.100e-01,684.0,,,51.69,44.67,-15.09,9.20,1,q1_q17_dr25_tce,5817.00,139.00,-191.00,4.491,0.052,-0.208,0.9560,0.2890,-0.0960,294.478760,38.883659,14.641
8360041,K04854.01,,CANDIDATE,CANDIDATE,0.9840,0,0,0,0,2.635276770,2.0900000e-05,-2.0900000e-05,133.9791900,5.270000e-03,-5.270000e-03,0.6460,0.0150,-0.5000,1.99700,0.20000,-0.20000,7.0400e+01,7.900e+00,-7.900e+00,0.76,5.000e-02,-6.000e-02,1136.0,,,394.32,83.99,-77.27,10.70,1,q1_q17_dr25_tce,5215.00,83.00,-83.00,4.496,0.066,-0.050,0.8640,0.0580,-0.0640,289.808040,44.362518,14.342
9827596,K04855.01,,FALSE POSITIVE,FALSE POSITIVE,0.0000,0,0,1,1,1.457289970,1.6800000e-05,-1.6800000e-05,131.5882000,1.110000e-02,-1.110000e-02,0.7490,0.2060,-0.5060,3.58200,0.30500,-0.30500,7.1300e+01,6.000e+00,-6.000e+00,0.93,1.400e-01,-4.000e-02,1665.0,,,1818.19,757.06,-235.37,15.50,1,q1_q17_dr25_tce,6063.00,78.00,-78.00,4.476,0.021,-0.112,1.0120,0.1620,-0.0430,290.361420,46.661331,14.561
9782748,K04856.01,,CANDIDATE,CANDIDATE,0.9240,0,0,0,0,147.388124000,2.7360000e-03,-2.7360000e-03,174.6537000,1.660000e-02,-1.660000e-02,0.0050,0.4400,-0.0050,8.78100,0.38100,-0.38100,9.0920e+02,6.740e+01,-6.740e+01,3.03,1.000e+00,-3.400e-01,356.0,,,3.78,3.81,-1.22,15.80,1,q1_q17_dr25_tce,6046.00,190.00,-232.00,4.478,0.040,-0.229,1.0070,0.3340,-0.1110,296.521450,46.540539,15.817
2860656,K04857.01,,CANDIDATE,CANDIDATE,0.7980,0,0,0,0,4.114973570,4.4570000e-05,-4.4570000e-05,135.3180000,1.070000e-02,-1.070000e-02,0.3960,0.0560,-0.3960,3.02500,0.19000,-0.19000,1.5410e+02,1.730e+01,-1.730e+01,1.17,3.900e-01,-1.200e-01,1137.0,,,395.27,402.64,-124.37,9.70,1,q1_q17_dr25_tce,6011.00,189.00,-231.00,4.507,0.040,-0.229,0.9270,0.3110,-0.0970,293.175780,38.042019,15.392
6206559,K03240.01,,FALSE POSITIVE,FALSE POSITIVE,0.0000,0,1,1,1,1.245331397,7.2230000e-06,-7.2230000e-06,132.2290200,5.840000e-03,-5.840000e-03,0.6490,0.0350,-0.4970,2.56600,0.12400,-0.12400,3.8100e+01,1.800e+00,-1.800e+00,1.61,3.500e-01,-8.100e-01,2678.0,,,12115.45,8470.68,-9526.39,26.50,1,q1_q17_dr25_tce,6106.00,217.00,-217.00,3.781,0.535,-0.094,2.4770,0.5340,-1.2460,292.345030,41.585289,12.341
5024429,K07714.01,,FALSE POSITIVE,FALSE POSITIVE,0.0000,0,0,1,1,1.525937370,2.0560000e-05,-2.0560000e-05,132.6849000,1.130000e-02,-1.130000e-02,0.6810,0.2590,-0.4670,1.95800,0.25600,-0.25600,1.5910e+02,2.040e+01,-2.040e+01,1.39,4.100e-01,-1.700e-01,1697.0,,,1963.41,1736.69,-695.61,9.60,1,q1_q17_dr25_tce,6184.00,193.00,-257.00,4.448,0.062,-0.200,1.0380,0.3020,-0.1300,295.317540,40.190639,14.943
9532117,K03241.01,,FALSE POSITIVE,FALSE POSITIVE,0.0000,0,1,1,1,8.214299320,5.0460000e-05,-5.0460000e-05,135.0060900,4.660000e-03,-4.660000e-03,0.6670,0.2840,-0.4570,3.09900,0.13900,-0.13900,7.0700e+01,4.300e+00,-4.300e+00,1.66,3.600e-01,-5.200e-01,1312.0,,,701.11,446.57,-408.62,19.70,1,q1_q17_dr25_tce,6277.00,174.00,-174.00,3.951,0.273,-0.117,1.8690,0.3950,-0.5920,294.177920,46.191711,12.344
6928906,K03242.01,,FALSE POSITIVE,FALSE POSITIVE,0.0000,0,1,0,0,1.549454860,1.5030000e-05,-1.5030000e-05,132.4768200,6.880000e-03,-6.880000e-03,0.2280,0.2390,-0.2280,6.69800,0.22900,-0.22900,2.1800e+01,1.300e+00,-1.300e+00,1.34,2.200e-01,-5.300e-01,3006.0,,,19304.93,10095.11,-13430.74,20.90,1,q1_q17_dr25_tce,7382.00,206.00,-353.00,3.838,0.301,-0.129,2.8040,0.4710,-1.0980,284.456090,42.439831,12.374
9821151,K03243.01,,FALSE POSITIVE,FALSE POSITIVE,0.0000,0,1,0,1,8.429439910,5.4360000e-05,-5.4360000e-05,132.2919800,6.280000e-03,-6.280000e-03,0.8200,0.1140,-0.5970,2.44100,0.14500,-0.14500,8.9100e+01,5.600e+00,-5.600e+00,1.19,2.800e-01,-1.400e-01,1029.0,,,265.39,174.19,-83.24,19.70,1,q1_q17_dr25_tce,6353.00,144.00,-176.00,4.375,0.077,-0.143,1.1320,0.2610,-0.1400,286.859830,46.625511,12.385
8073705,K03245.01,Kepler-1445 b,CONFIRMED,CANDIDATE,0.9730,0,0,0,0,10.600520830,8.8670000e-05,-8.8670000e-05,132.9852300,6.010000e-03,-6.010000e-03,0.7290,0.2350,-0.5030,4.50900,0.18700,-0.18700,6.0900e+01,4.100e+00,-4.100e+00,1.09,1.800e-01,-2.100e-01,987.0,,,224.28,102.90,-91.98,17.40,1,q1_q17_dr25_tce,6035.00,120.00,-132.00,4.212,0.168,-0.112,1.3030,0.2100,-0.2570,280.249450,43.915058,12.405
8330548,K01132.02,,FALSE POSITIVE,FALSE POSITIVE,,1,1,0,0,0.957070100,,,131.7767386,,,,,,2.75000,,,,,,,,,,,,,,,,1,q1_q16_tce,,,,,,,,,,301.016720,44.233841,14.446
4271474,K03324.01,Kepler-1469 b,CONFIRMED,CANDIDATE,1.0000,0,0,0,0,21.863463800,3.0240000e-04,-3.0240000e-04,145.2419000,1.140000e-02,-1.140000e-02,0.5020,0.0110,-0.4790,3.54200,0.31300,-0.31300,8.7100e+02,1.050e+02,-1.050e+02,2.37,4.400e-01,-1.900e-01,551.0,,,21.77,12.67,-5.23,9.90,1,q1_q17_dr25_tce,5383.00,160.00,-144.00,4.587,0.030,-0.120,0.7890,0.1470,-0.0630,293.821350,39.391350,15.965
5130983,K03325.01,,FALSE POSITIVE,FALSE POSITIVE,0.0000,0,1,1,0,86.439293100,8.3060000e-04,-8.3060000e-04,144.5829400,7.540000e-03,-7.540000e-03,1.2800,77.7100,-2.4180,6.53400,0.38400,-0.38400,1.1751e+03,6.720e+01,-6.720e+01,35.31,1.144e+01,-3.830e+00,442.0,,,8.99,8.60,-2.79,20.50,1,q1_q17_dr25_tce,6208.00,172.00,-216.00,4.454,0.054,-0.202,1.0240,0.3320,-0.1110,299.263760,40.263741,14.329
11497958,K01422.04,Kepler-296 f,CONFIRMED,CANDIDATE,0.9270,0,0,0,0,63.335471900,9.2700000e-04,-9.2700000e-04,162.6161000,1.110000e-02,-1.110000e-02,0.0290,0.4220,-0.0290,3.65100,0.25100,-0.25100,9.8300e+02,8.380e+01,-8.380e+01,1.18,1.500e-01,-1.800e-01,202.0,,,0.39,0.15,-0.13,13.00,5,q1_q17_dr25_tce,3526.00,71.00,-78.00,4.866,0.066,-0.044,0.3830,0.0480,-0.0580,286.540010,49.437328,15.921
11093538,K03326.01,,FALSE POSITIVE,FALSE POSITIVE,0.0000,0,1,1,0,14.778209110,1.7950000e-05,-1.7950000e-05,144.0972500,1.150000e-03,-1.150000e-03,1.2580,16.1500,-0.2160,5.39500,0.05050,-0.05050,1.0774e+04,1.100e+02,-1.100e+02,44.48,1.387e+01,-4.930e+00,809.0,,,101.07,93.09,-33.78,123.10,1,q1_q17_dr25_tce,6258.00,175.00,-263.00,4.442,0.067,-0.216,1.0460,0.3260,-0.1160,296.117710,48.664108,15.696
11044779,K03327.01,,FALSE POSITIVE,FALSE POSITIVE,0.0000,0,1,0,0,15.608629480,1.9720000e-05,-1.9720000e-05,144.3021100,1.090000e-03,-1.090000e-03,1.1710,13.5900,-0.1470,6.69570,0.06270,-0.06270,3.4356e+04,2.270e+02,-2.270e+02,39.42,9.560e+00,-3.800e+00,648.0,,,41.71,31.51,-11.90,186.00,1,q1_q17_dr25_tce,5569.00,182.00,-182.00,4.566,0.032,-0.168,0.8290,0.2010,-0.0800,297.983000,48.555649,15.466
6438379,K04785.01,,FALSE POSITIVE,FALSE POSITIVE,,1,0,0,0,389.141150000,2.6720000e-02,-2.6720000e-02,309.5721000,2.640000e-02,-2.640000e-02,0.0973,0.3752,-0.0971,7.93000,1.20000,-1.20000,3.4740e+02,5.150e+01,-5.150e+01,1.67,6.900e-01,-1.500e-01,250.0,,,0.92,1.09,-0.24,10.10,,,6043.00,156.00,-176.00,4.505,0.048,-0.291,0.8940,0.3650,-0.0800,290.305050,41.838459,14.534
9145415,K04786.01,,FALSE POSITIVE,FALSE POSITIVE,,1,0,0,0,365.788630000,2.6220000e-02,-2.6220000e-02,187.5436000,3.660000e-02,-3.660000e-02,0.1564,0.3166,-0.1563,12.76000,1.60000,-1.60000,8.8500e+02,1.060e+02,-1.060e+02,2.21,7.100e-01,-1.700e-01,215.0,,,0.50,0.50,-0.12,10.50,,,5407.00,186.00,-153.00,4.585,0.036,-0.175,0.7520,0.2380,-0.0600,287.587890,45.598492,15.964
4545926,K04787.01,,FALSE POSITIVE,FALSE POSITIVE,0.0000,0,0,1,0,2.482661900,2.1560000e-05,-2.1560000e-05,133.7802800,7.970000e-03,-7.970000e-03,0.7310,0.2230,-0.5120,2.11500,0.23000,-0.23000,3.7000e+01,4.500e+00,-4.500e+00,0.80,2.600e-01,-1.100e-01,1619.0,,,1627.36,1475.78,-577.84,10.00,1,q1_q17_dr25_tce,6356.00,153.00,-192.00,4.292,0.128,-0.192,1.2250,0.3880,-0.1790,286.467960,39.652321,13.505
9396760,K04788.01,,FALSE POSITIVE,FALSE POSITIVE,,0,1,0,1,2.178119080,1.9780000e-05,-1.9780000e-05,132.0233400,5.670000e-03,-5.670000e-03,0.3437,0.1211,-0.3436,1.46800,0.28900,-0.28900,7.4000e+01,1.150e+01,-1.150e+01,0.80,3.300e-01,-7.000e-02,1412.0,,,938.51,1104.64,-245.87,9.80,1,q1_q17_dr24_tce,6039.00,152.00,-178.00,4.505,0.042,-0.293,0.9210,0.3720,-0.0810,288.431490,45.918869,14.555
5119619,K04789.01,,FALSE POSITIVE,FALSE POSITIVE,0.0000,0,0,1,0,1.112057870,4.4150000e-06,-4.4150000e-06,132.0156800,3.550000e-03,-3.550000e-03,0.0080,0.4410,-0.0080,1.45900,0.10800,-0.10800,1.1870e+02,8.800e+00,-8.800e+00,1.02,3.200e-01,-1.000e-01,1799.0,,,2484.64,2326.98,-750.52,16.10,1,q1_q17_dr25_tce,6098.00,192.00,-213.00,4.488,0.067,-0.202,0.9320,0.2870,-0.0960,296.783450,40.229111,14.935
9582496,K04858.01,,FALSE POSITIVE,FALSE POSITIVE,,1,0,0,0,224.447413000,6.9920000e-03,-6.9920000e-03,293.1378000,1.390000e-02,-1.390000e-02,0.4162,0.0540,-0.4157,4.98600,0.45100,-0.45100,6.5100e+02,9.330e+01,-9.330e+01,2.05,6.400e-01,-1.500e-01,260.0,,,1.08,1.03,-0.24,7.90,,,5489.00,164.00,-142.00,4.574,0.029,-0.198,0.7980,0.2510,-0.0600,289.458500,46.276379,15.618
7094944,K04859.01,,CANDIDATE,CANDIDATE,0.8200,0,0,0,0,7.501974300,1.1360000e-04,-1.1360000e-04,135.0995000,1.140000e-02,-1.140000e-02,0.4420,0.0360,-0.4420,2.58200,0.42700,-0.42700,2.4800e+02,3.110e+01,-3.110e+01,1.19,8.000e-02,-1.200e-01,709.0,,,59.73,16.39,-16.11,9.10,1,q1_q17_dr25_tce,4807.00,143.00,-129.00,4.546,0.066,-0.039,0.7580,0.0490,-0.0740,283.062230,42.629002,15.562
3343281,K04860.01,,FALSE POSITIVE,FALSE POSITIVE,0.2730,0,0,1,0,21.866092200,2.4760000e-04,-2.4760000e-04,138.5170000,7.890000e-03,-7.890000e-03,0.0570,0.4010,-0.0570,2.03000,0.30900,-0.30900,3.0160e+02,3.800e+01,-3.800e+01,1.88,6.400e-01,-2.500e-01,730.0,,,67.15,66.97,-23.49,9.20,1,q1_q17_dr25_tce,6309.00,175.00,-219.00,4.402,0.072,-0.203,1.0770,0.3640,-0.1450,291.730260,38.411461,15.019
2573108,K03217.01,,FALSE POSITIVE,FALSE POSITIVE,0.0000,1,0,0,0,5.095060000,2.1830000e-04,-2.1830000e-04,132.4511000,2.340000e-02,-2.340000e-02,0.6910,0.2830,-0.4620,5.73000,1.20000,-1.20000,2.3600e+01,4.300e+00,-4.300e+00,2.14,2.300e-01,-8.300e-01,2247.0,,,6030.14,2144.62,-4048.86,7.60,1,q1_q17_dr25_tce,6700.00,180.00,-200.00,3.480,0.352,-0.088,4.1460,0.4320,-1.6210,290.861540,37.885422,12.062
6425597,K04861.01,,CANDIDATE,CANDIDATE,0.9770,0,0,0,0,29.120651900,3.7950000e-04,-3.7950000e-04,138.4718000,1.100000e-02,-1.100000e-02,0.1950,0.2600,-0.1950,2.89000,0.28600,-0.28600,4.1550e+02,5.100e+01,-5.100e+01,1.60,3.800e-01,-1.400e-01,528.0,,,18.43,12.61,-4.99,9.70,1,q1_q17_dr25_tce,5671.00,152.00,-169.00,4.582,0.038,-0.152,0.7880,0.1820,-0.0730,285.099760,41.874378,15.536
9885417,K03246.01,Kepler-1446 b,CONFIRMED,CANDIDATE,1.0000,0,0,0,0,0.689967868,1.2830000e-06,-1.2830000e-06,131.6349800,1.570000e-03,-1.570000e-03,0.1190,0.3400,-0.1190,1.16880,0.05390,-0.05390,1.2290e+02,5.300e+00,-5.300e+00,0.78,6.000e-02,-2.000e-02,1539.0,,,1336.82,328.59,-176.95,28.70,1,q1_q17_dr25_tce,4872.00,97.00,-97.00,4.615,0.012,-0.051,0.7260,0.0530,-0.0220,289.423950,46.726170,12.411
3336476,K03247.01,,FALSE POSITIVE,FALSE POSITIVE,0.0000,0,0,0,1,1.891322920,2.1310000e-05,-2.1310000e-05,132.6489000,1.060000e-02,-1.060000e-02,0.7090,0.0320,-0.5110,5.60700,0.30800,-0.30800,1.6000e+01,1.300e+00,-1.300e+00,0.90,2.200e-01,-1.900e-01,2799.0,,,14532.55,10324.52,-7152.60,14.80,1,q1_q17_dr25_tce,8482.00,233.00,-400.00,4.089,0.131,-0.145,2.1060,0.5030,-0.4530,289.878140,38.427269,12.417
10917433,K03248.01,,CANDIDATE,CANDIDATE,0.9610,0,0,0,0,6.912615360,5.1750000e-05,-5.1750000e-05,132.1563800,7.030000e-03,-7.030000e-03,0.6560,0.2850,-0.4460,2.35900,0.21700,-0.21700,3.4400e+01,3.400e+00,-3.400e+00,0.64,1.000e-01,-7.000e-02,981.0,,,218.66,97.13,-61.34,12.00,1,q1_q17_dr25_tce,5761.00,115.00,-115.00,4.383,0.105,-0.116,1.0440,0.1620,-0.1220,290.465090,48.332249,12.419
5091479,K07715.01,,CANDIDATE,CANDIDATE,0.6220,0,0,0,0,25.861605800,8.5690000e-04,-8.5690000e-04,140.2048000,2.880000e-02,-2.880000e-02,0.8550,0.1220,-0.6060,7.78000,1.00000,-1.00000,1.2300e+02,1.970e+01,-1.970e+01,1.12,3.200e-01,-1.100e-01,613.0,,,33.37,28.82,-9.66,8.50,1,q1_q17_dr25_tce,6067.00,164.00,-201.00,4.524,0.052,-0.208,0.8840,0.2600,-0.0870,289.443240,40.253529,15.183
9083564,K03249.01,,FALSE POSITIVE,FALSE POSITIVE,0.0000,0,1,0,1,0.918420801,3.4420000e-06,-3.4420000e-06,131.5857600,3.400000e-03,-3.400000e-03,0.6560,0.0020,-0.5290,3.53300,0.10100,-0.10100,5.6700e+01,1.800e+00,-1.800e+00,1.14,2.600e-01,-2.600e-01,2374.0,,,7502.50,5318.67,-3684.42,40.30,1,q1_q17_dr25_tce,6210.00,199.00,-243.00,4.166,0.192,-0.128,1.4340,0.3260,-0.3260,289.760500,45.455608,12.434
7335713,K03250.01,,FALSE POSITIVE,FALSE POSITIVE,0.0000,1,0,1,0,0.573709256,9.9600000e-07,-9.9600000e-07,131.9385400,1.540000e-03,-1.540000e-03,0.6900,0.2040,-0.4530,1.49320,0.05490,-0.05490,1.3120e+02,4.400e+00,-4.400e+00,7.05,1.320e+00,-2.440e+00,4415.0,,,90258.45,45910.68,-55772.95,37.50,1,q1_q17_dr25_tce,5261.00,91.00,-143.00,3.130,0.222,-0.148,5.7690,1.0780,-2.0010,280.902440,42.935719,12.436
8331612,K03318.01,Kepler-1915 b,CONFIRMED,CANDIDATE,0.9500,0,0,0,0,13.835395900,2.7480000e-04,-2.7480000e-04,134.3082000,1.620000e-02,-1.620000e-02,0.9400,0.0240,-0.7270,4.96100,0.35600,-0.35600,8.1800e+02,9.040e+01,-9.040e+01,3.78,1.220e+00,-5.200e-01,809.0,,,101.05,101.83,-35.97,10.30,1,q1_q17_dr25_tce,6020.00,211.00,-211.00,4.403,0.087,-0.203,1.0570,0.3410,-0.1460,301.278690,44.250530,15.842
8874090,K01404.02,,CANDIDATE,CANDIDATE,0.9550,0,0,0,0,18.906092100,2.3610000e-04,-2.3610000e-04,140.8293200,9.890000e-03,-9.890000e-03,0.0040,0.4460,-0.0040,4.12500,0.31500,-0.31500,3.7560e+02,3.650e+01,-3.650e+01,0.87,1.600e-01,-2.100e-01,336.0,,,3.03,2.29,-1.67,11.90,2,q1_q17_dr25_tce,3751.00,219.00,-219.00,4.813,0.104,-0.085,0.4500,0.0820,-0.1100,287.054530,45.180370,15.931
8331612,K03318.02,,CANDIDATE,CANDIDATE,0.5560,0,0,0,0,25.697068800,7.0330000e-04,-7.0330000e-04,144.2286000,2.380000e-02,-2.380000e-02,0.9430,0.0260,-0.7240,3.73900,0.47200,-0.47200,8.3500e+02,1.510e+02,-1.510e+02,3.83,1.240e+00,-5.300e-01,658.0,,,44.24,44.57,-15.75,6.40,2,q1_q17_dr25_tce,6020.00,211.00,-211.00,4.403,0.087,-0.203,1.0570,0.3410,-0.1460,301.278690,44.250530,15.842
5185765,K07720.01,,FALSE POSITIVE,FALSE POSITIVE,0.0650,1,0,1,0,46.943491100,4.3390000e-04,-4.3390000e-04,176.3254400,7.460000e-03,-7.460000e-03,0.2130,0.2510,-0.2130,1.36800,0.28800,-0.28800,1.0070e+02,2.110e+01,-2.110e+01,1.57,3.600e-01,-3.900e-01,669.0,,,47.27,31.76,-23.63,6.60,1,q1_q17_dr25_tce,6253.00,169.00,-188.00,4.102,0.228,-0.123,1.5500,0.3500,-0.3850,291.435820,40.358810,13.098
5965819,K03319.01,Kepler-1468 d,CONFIRMED,CANDIDATE,0.9870,0,0,0,0,19.590610300,1.3180000e-04,-1.3180000e-04,144.6596900,5.810000e-03,-5.810000e-03,0.5290,0.0120,-0.4750,6.74500,0.15100,-0.15100,2.9700e+02,1.230e+01,-1.230e+01,2.64,4.400e-01,-5.300e-01,819.0,,,106.48,45.65,-41.91,24.90,2,q1_q17_dr25_tce,5794.00,78.00,-78.00,4.118,0.182,-0.098,1.4960,0.2450,-0.2990,293.519840,41.277409,15.024
5965819,K03319.02,Kepler-1468 b,CONFIRMED,CANDIDATE,0.9940,0,0,0,0,8.239830410,4.0050000e-05,-4.0050000e-05,137.7552800,4.190000e-03,-4.190000e-03,0.0120,0.4250,-0.0120,5.61900,0.11900,-0.11900,2.5100e+02,9.100e+00,-9.100e+00,2.35,3.800e-01,-4.700e-01,1093.0,,,338.17,145.01,-133.09,29.40,1,q1_q17_dr25_tce,5794.00,78.00,-78.00,4.118,0.182,-0.098,1.4960,0.2450,-0.2990,293.519840,41.277409,15.024
8328916,K04790.01,,CANDIDATE,CANDIDATE,,0,0,0,0,6.078550000,1.0720000e-04,-1.0720000e-04,132.5345000,1.710000e-02,-1.710000e-02,0.3408,0.1017,-0.3406,3.40800,0.36100,-0.36100,1.0270e+02,1.220e+01,-1.220e+01,1.14,5.000e-01,-1.600e-01,1115.0,,,365.15,466.94,-128.85,10.40,,,6119.00,164.00,-207.00,4.346,0.111,-0.271,1.1140,0.4810,-0.1540,300.585020,44.213100,14.458
11294883,K04791.01,,FALSE POSITIVE,FALSE POSITIVE,,1,0,0,0,427.653340000,2.4490000e-02,-2.4490000e-02,136.2622000,3.570000e-02,-3.570000e-02,0.4355,0.0476,-0.4018,11.17000,1.40000,-1.40000,1.5710e+02,2.050e+01,-2.050e+01,1.97,1.320e+00,-9.200e-01,284.0,,,1.53,3.29,-1.14,7.20,,,5325.00,166.00,-152.00,4.004,0.513,-0.345,1.5650,1.0490,-0.7280,290.734770,49.086639,13.776
3832474,K00806.05,,FALSE POSITIVE,FALSE POSITIVE,,1,0,0,0,412.041857000,6.7870000e-03,-6.7870000e-03,354.8569000,9.110000e-03,-9.110000e-03,0.1068,0.3519,-0.1067,5.57200,0.44600,-0.44600,1.9590e+03,1.920e+02,-1.920e+02,3.77,4.000e-01,-1.500e-01,217.0,,,0.52,0.17,-0.08,12.30,,,5485.00,99.00,-112.00,4.556,0.014,-0.094,0.8670,0.0920,-0.0340,285.283630,38.947281,15.403
10155029,K03208.01,,CANDIDATE,CANDIDATE,0.3330,0,0,0,0,2.131660527,9.4850000e-06,-9.4850000e-06,133.1343100,3.390000e-03,-3.390000e-03,0.0360,0.4210,-0.0360,1.85850,0.09930,-0.09930,3.2200e+01,2.400e+00,-2.400e+00,0.56,8.000e-02,-5.000e-02,1438.0,,,1010.45,408.09,-247.61,15.70,1,q1_q17_dr25_tce,5849.00,105.00,-117.00,4.426,0.076,-0.114,0.9970,0.1430,-0.0950,296.679840,47.173313,11.893
11618569,K04792.01,,CANDIDATE,CANDIDATE,0.9930,0,0,0,0,5.759021820,4.9780000e-05,-4.9780000e-05,132.1630100,6.600000e-03,-6.600000e-03,0.3290,0.1240,-0.3290,2.68700,0.21600,-0.21600,7.0800e+01,8.300e+00,-8.300e+00,0.91,2.800e-01,-1.200e-01,1112.0,,,362.12,326.50,-121.82,9.90,1,q1_q17_dr25_tce,6247.00,152.00,-217.00,4.433,0.054,-0.216,1.0660,0.3350,-0.1340,295.571590,49.607479,14.199
11973517,K04862.01,,CANDIDATE,CANDIDATE,,0,0,0,0,0.903763067,2.1900000e-06,-2.1900000e-06,131.5192600,1.980000e-03,-1.980000e-03,0.0938,0.4482,-0.0937,0.56200,0.12000,-0.12000,2.6750e+02,2.770e+01,-2.770e+01,1.08,8.000e-02,-1.100e-01,1254.0,,,585.15,171.55,-166.48,12.60,,,4430.00,129.00,-132.00,4.616,0.054,-0.024,0.6510,0.0480,-0.0660,296.597990,50.356651,15.697
5471566,K04863.01,,FALSE POSITIVE,FALSE POSITIVE,0.0000,0,0,1,1,0.962834800,1.6280000e-05,-1.6280000e-05,132.1907000,1.580000e-02,-1.580000e-02,0.3090,0.1470,-0.3090,2.25900,0.49700,-0.49700,9.2800e+01,1.480e+01,-1.480e+01,0.81,2.000e-01,-7.000e-02,1648.0,,,1734.83,1334.82,-462.70,7.60,1,q1_q17_dr25_tce,5559.00,166.00,-182.00,4.554,0.042,-0.168,0.8380,0.2130,-0.0710,297.687590,40.670361,15.466
7345248,K04864.01,,CANDIDATE,CANDIDATE,,0,0,0,0,5.664944480,4.7940000e-05,-4.7940000e-05,136.3383500,6.510000e-03,-6.510000e-03,0.4638,0.4716,-0.2633,4.17300,0.20200,-0.20200,4.6000e+01,4.100e+00,-4.100e+00,0.78,2.600e-01,-1.600e-01,1134.0,,,390.59,375.59,-169.25,11.40,1,q1_q17_dr24_tce,5888.00,158.00,-151.00,4.269,0.201,-0.215,1.1300,0.3710,-0.2340,285.458860,42.931049,13.221
5814013,K04865.01,,FALSE POSITIVE,FALSE POSITIVE,0.0010,0,0,1,0,1.570172490,1.8810000e-05,-1.8810000e-05,132.1034000,1.090000e-02,-1.090000e-02,0.0850,0.3630,-0.0850,2.25700,0.25800,-0.25800,1.5840e+02,1.970e+01,-1.970e+01,0.82,1.200e-01,-6.000e-02,1232.0,,,543.06,273.31,-138.61,10.20,1,q1_q17_dr25_tce,5300.00,187.00,-187.00,4.660,0.030,-0.090,0.6600,0.0950,-0.0480,297.709410,41.028149,15.981
7117355,K04866.01,,FALSE POSITIVE,FALSE POSITIVE,0.0000,1,0,1,1,0.566798364,6.0250000e-06,-6.0250000e-06,131.8189100,8.530000e-03,-8.530000e-03,0.4870,0.0030,-0.4760,3.17200,0.33700,-0.33700,3.8600e+01,3.800e+00,-3.800e+00,0.66,1.900e-01,-1.000e-01,2272.0,,,6280.34,5449.12,-2258.91,14.10,1,q1_q17_dr25_tce,5864.00,164.00,-184.00,4.411,0.087,-0.203,1.0400,0.3050,-0.1530,291.658390,42.632439,14.895
5653072,K03252.01,,FALSE POSITIVE,FALSE POSITIVE,,0,0,1,0,3.224526560,2.8090000e-05,-2.8090000e-05,132.5011800,6.880000e-03,-6.880000e-03,0.0995,0.3179,-0.0995,5.15600,0.22200,-0.22200,5.7500e+01,3.000e+00,-3.000e+00,24.48,1.418e+01,-4.730e+00,4883.0,,,134353.84,245644.86,-56861.09,24.30,1,q1_q17_dr24_tce,3857.00,123.00,-115.00,1.338,0.209,-0.290,34.6740,20.0910,-6.6970,299.691250,40.855957,12.474
2707985,K03253.01,,FALSE POSITIVE,FALSE POSITIVE,0.0000,0,0,1,1,1.891274380,1.1200000e-05,-1.1200000e-05,132.6805900,5.370000e-03,-5.370000e-03,0.5140,0.4210,-0.2970,4.49100,0.13000,-0.13000,3.2300e+01,1.500e+00,-1.500e+00,2.03,3.500e-01,-1.030e+00,3342.0,,,29488.85,15461.26,-23431.13,24.60,1,q1_q17_dr25_tce,7919.00,220.00,-331.00,3.663,0.493,-0.087,3.4600,0.5840,-1.7520,290.253750,37.926910,12.481
9899141,K03254.01,,FALSE POSITIVE,FALSE POSITIVE,0.0000,0,0,1,1,1.332569440,1.2880000e-05,-1.2880000e-05,132.0550200,6.900000e-03,-6.900000e-03,0.4560,0.0060,-0.4560,3.89000,0.25800,-0.25800,2.0600e+01,1.400e+00,-1.400e+00,0.46,8.000e-02,-6.000e-02,1624.0,,,1636.72,898.42,-512.70,18.80,1,q1_q17_dr25_tce,5655.00,137.00,-154.00,4.431,0.088,-0.132,0.9980,0.1860,-0.1240,295.134770,46.769650,12.496
8183288,K03255.01,Kepler-437 b,CONFIRMED,CANDIDATE,0.9550,0,0,0,0,66.650452100,3.9510000e-04,-3.9510000e-04,171.1822900,4.920000e-03,-4.920000e-03,0.4330,0.0360,-0.4330,5.74400,0.15300,-0.15300,5.3690e+02,2.270e+01,-2.270e+01,1.56,7.000e-02,-7.000e-02,308.0,,,2.14,0.38,-0.30,27.10,1,q1_q17_dr25_tce,4550.00,81.00,-81.00,4.627,0.020,-0.030,0.6790,0.0330,-0.0270,297.347380,44.026939,14.352
11305996,K03256.01,,FALSE POSITIVE,FALSE POSITIVE,,0,1,1,0,55.700264200,9.7160000e-04,-9.7160000e-04,152.6957000,1.300000e-02,-1.300000e-02,0.2976,0.1465,-0.2976,4.28500,0.52900,-0.52900,3.3270e+02,3.740e+01,-3.740e+01,1.18,5.000e-02,-1.100e-01,309.0,,,2.14,0.53,-0.57,10.80,1,q1_q17_dr24_tce,4267.00,135.00,-138.00,4.608,0.049,-0.018,0.6700,0.0330,-0.0580,295.957980,49.041012,14.807
5965819,K03319.03,Kepler-1468 c,CONFIRMED,CANDIDATE,0.9860,0,0,0,0,3.545530770,2.1580000e-05,-2.1580000e-05,132.3748600,4.680000e-03,-4.680000e-03,0.1430,0.3210,-0.1430,4.14300,0.13900,-0.13900,1.1920e+02,7.400e+00,-7.400e+00,1.62,2.700e-01,-3.200e-01,1448.0,,,1039.47,445.71,-409.10,18.10,3,q1_q17_dr25_tce,5794.00,78.00,-78.00,4.118,0.182,-0.098,1.4960,0.2450,-0.2990,293.519840,41.277409,15.024
6690171,K03320.01,,CANDIDATE,CANDIDATE,0.0000,0,0,0,0,85.062415700,2.9760000e-05,-2.9760000e-05,149.2207390,3.020000e-04,-3.020000e-04,0.8190,0.0100,-0.0090,4.69640,0.01730,-0.01730,4.1901e+04,1.360e+02,-1.360e+02,21.26,3.570e+00,-1.920e+00,355.0,,,3.74,2.12,-1.05,495.30,1,q1_q17_dr25_tce,5223.00,183.00,-183.00,4.520,0.051,-0.119,0.8750,0.1470,-0.0790,291.426850,42.164082,15.954
6859801,K03321.01,,FALSE POSITIVE,FALSE POSITIVE,0.0000,0,1,1,1,10.882416555,6.3380000e-06,-6.3380000e-06,132.6771640,5.240000e-04,-5.240000e-04,1.1990,1.1460,-0.1410,5.46740,0.02400,-0.02400,1.6630e+04,7.620e+01,-7.620e+01,29.69,2.700e+00,-2.990e+00,632.0,,,37.81,13.94,-11.36,265.20,1,q1_q17_dr25_tce,4946.00,176.00,-176.00,4.570,0.066,-0.044,0.7150,0.0650,-0.0720,290.803010,42.344410,14.874
7767733,K03322.01,,FALSE POSITIVE,FALSE POSITIVE,0.0000,0,1,0,0,25.198304390,2.7160000e-06,-2.7160000e-06,142.2240343,9.640000e-05,-9.640000e-05,1.0690,0.0280,-0.0460,5.19420,0.00394,-0.00394,7.3834e+04,5.230e+01,-5.230e+01,46.14,1.416e+01,-4.700e+00,604.0,,,31.54,29.42,-9.47,1669.40,1,q1_q17_dr25_tce,5955.00,187.00,-208.00,4.534,0.039,-0.221,0.8830,0.2710,-0.0900,296.462100,43.459728,15.940
5193659,K03323.01,,CANDIDATE,CANDIDATE,0.9880,0,0,0,0,14.319641700,1.4400000e-04,-1.4400000e-04,134.1632300,9.310000e-03,-9.310000e-03,0.5330,0.0120,-0.4540,3.78100,0.26200,-0.26200,2.1550e+02,2.060e+01,-2.060e+01,2.06,3.300e-01,-4.400e-01,850.0,,,123.37,51.96,-51.60,12.50,1,q1_q17_dr25_tce,5562.00,83.00,-75.00,4.151,0.195,-0.105,1.3730,0.2160,-0.2970,293.734440,40.307201,15.076
5201593,K07721.01,,FALSE POSITIVE,FALSE POSITIVE,0.0000,1,0,1,1,0.507276750,1.5690000e-06,-1.5690000e-06,131.7768100,2.560000e-03,-2.560000e-03,0.4290,0.2060,-0.4290,2.32000,0.54700,-0.54700,2.1470e+02,1.160e+01,-1.160e+01,1.70,2.000e-01,-8.000e-02,2449.0,,,8524.12,2693.00,-1180.92,33.50,1,q1_q17_dr25_tce,5970.00,77.00,-83.00,4.399,0.030,-0.090,1.1430,0.1350,-0.0520,295.665250,40.363739,13.639
6220312,K04793.01,,CANDIDATE,CANDIDATE,0.7770,0,0,0,0,5.273626800,1.5810000e-04,-1.5810000e-04,135.6461000,2.160000e-02,-2.160000e-02,0.5950,0.0120,-0.4950,5.29100,0.51100,-0.51100,8.6100e+01,1.210e+01,-1.210e+01,0.89,2.700e-01,-1.000e-01,1014.0,,,249.68,230.17,-74.50,8.70,1,q1_q17_dr25_tce,5851.00,157.00,-192.00,4.515,0.039,-0.221,0.9180,0.2890,-0.0960,296.122530,41.561138,15.374
6358937,K04794.01,,CANDIDATE,CANDIDATE,0.7440,0,0,0,0,24.504110300,6.5900000e-04,-6.5900000e-04,140.1805000,1.960000e-02,-1.960000e-02,0.1780,0.2950,-0.1780,6.06500,0.43200,-0.43200,1.1950e+02,1.230e+01,-1.230e+01,1.03,1.900e-01,-1.200e-01,574.0,,,25.59,13.03,-6.77,11.30,1,q1_q17_dr25_tce,5250.00,86.00,-78.00,4.404,0.098,-0.140,0.9620,0.1820,-0.1120,290.094270,41.742779,14.375
9007609,K04795.01,,FALSE POSITIVE,FALSE POSITIVE,0.0000,0,0,1,0,1.316398648,5.6560000e-06,-5.6560000e-06,132.2998000,3.520000e-03,-3.520000e-03,0.3920,0.0680,-0.3920,1.16900,0.14800,-0.14800,1.8250e+02,1.880e+01,-1.880e+01,1.09,1.100e-01,-1.200e-01,1374.0,,,842.93,306.37,-252.57,13.10,1,q1_q17_dr25_tce,5088.00,153.00,-153.00,4.508,0.088,-0.064,0.8060,0.0810,-0.0890,285.884860,45.380138,15.797
11038580,K04796.01,,FALSE POSITIVE,FALSE POSITIVE,,1,0,0,0,419.459600000,1.4150000e-01,-1.4150000e-01,275.4580000,1.020000e-01,-1.020000e-01,0.0167,0.4704,-0.0166,13.53000,3.80000,-3.80000,1.3180e+02,3.390e+01,-3.390e+01,2.10,1.530e+00,-1.110e+00,303.0,,,2.00,5.01,-1.61,8.40,,,5248.00,215.00,-196.00,3.886,0.591,-0.391,1.8690,1.3640,-0.9830,295.772370,48.536560,13.846
7771181,K04797.01,,CANDIDATE,CANDIDATE,0.9440,0,0,0,0,9.972020230,8.6450000e-05,-8.6450000e-05,137.7118100,7.700000e-03,-7.700000e-03,0.4010,0.0680,-0.4010,1.42500,0.32800,-0.32800,3.2970e+02,6.310e+01,-6.310e+01,1.26,1.100e-01,-1.200e-01,627.0,,,36.53,13.12,-10.68,8.60,1,q1_q17_dr25_tce,4810.00,173.00,-173.00,4.584,0.060,-0.035,0.6960,0.0600,-0.0660,297.348420,43.421219,15.693
9509223,K04867.01,,FALSE POSITIVE,FALSE POSITIVE,0.0000,1,0,0,1,14.200500700,2.1080000e-04,-2.1080000e-04,135.7279000,1.100000e-02,-1.100000e-02,1.1060,6.8220,-0.1360,5.23200,0.64400,-0.64400,8.0600e+01,9.400e+00,-9.400e+00,13.28,4.350e+00,-1.450e+00,843.0,,,119.41,114.47,-35.36,10.60,2,q1_q17_dr25_tce,6332.00,169.00,-188.00,4.406,0.070,-0.210,1.0650,0.3490,-0.1160,282.677150,46.152851,13.594
6720773,K04868.01,,FALSE POSITIVE,FALSE POSITIVE,0.0000,0,0,1,0,1.318347743,4.9900000e-06,-4.9900000e-06,132.7886000,3.340000e-03,-3.340000e-03,0.4270,0.0360,-0.4270,0.87100,0.19700,-0.19700,1.1320e+02,1.690e+01,-1.690e+01,1.23,3.700e-01,-2.000e-01,1861.0,,,2827.40,2607.79,-1109.55,10.60,1,q1_q17_dr25_tce,6143.00,193.00,-214.00,4.351,0.108,-0.201,1.1210,0.3400,-0.1830,298.804290,42.164162,14.942
8056651,K04869.01,,FALSE POSITIVE,FALSE POSITIVE,,0,0,1,0,5.583498700,8.6320000e-05,-8.6320000e-05,132.5620000,1.570000e-02,-1.570000e-02,0.7862,0.0558,-0.5465,2.48400,0.29800,-0.29800,8.7400e+01,9.900e+00,-9.900e+00,1.41,8.400e-01,-2.800e-01,1317.0,,,711.41,1289.09,-317.31,11.80,1,q1_q17_dr24_tce,6517.00,170.00,-231.00,4.241,0.139,-0.326,1.3750,0.8150,-0.2750,299.818760,43.825741,13.663
4665991,K04870.01,,FALSE POSITIVE,FALSE POSITIVE,0.0000,0,0,1,1,1.124010840,1.3180000e-05,-1.3180000e-05,131.6495200,8.910000e-03,-8.910000e-03,0.2970,0.1640,-0.2970,3.05200,0.28400,-0.28400,4.3600e+01,5.200e+00,-5.200e+00,0.61,1.700e-01,-6.000e-02,1719.0,,,2058.79,1763.23,-574.65,10.00,1,q1_q17_dr25_tce,5941.00,160.00,-178.00,4.519,0.036,-0.204,0.9110,0.2660,-0.0890,294.764590,39.762718,14.665
10191036,K03218.01,,FALSE POSITIVE,FALSE POSITIVE,0.0000,0,0,1,1,1.213746520,1.2510000e-05,-1.2510000e-05,131.7350000,1.040000e-02,-1.040000e-02,0.5700,0.0190,-0.4710,3.37100,0.22700,-0.22700,2.8900e+01,2.000e+00,-2.000e+00,0.59,1.300e-01,-7.000e-02,1880.0,,,2945.61,1994.43,-910.33,17.40,1,q1_q17_dr25_tce,6238.00,156.00,-188.00,4.407,0.077,-0.154,1.0490,0.2440,-0.1220,283.851470,47.243660,12.107
8280511,K01151.03,Kepler-271 d,CONFIRMED,CANDIDATE,0.9750,0,0,0,0,5.249704320,3.4390000e-05,-3.4390000e-05,135.4691100,5.200000e-03,-5.200000e-03,0.2480,0.1990,-0.2480,2.74600,0.14700,-0.14700,6.1900e+01,5.000e+00,-5.000e+00,0.67,7.000e-02,-6.000e-02,954.0,,,195.30,62.42,-42.28,13.90,3,q1_q17_dr25_tce,5528.00,110.00,-110.00,4.499,0.063,-0.077,0.8530,0.0890,-0.0670,283.002960,44.284229,13.404
10420301,K03257.01,,FALSE POSITIVE,FALSE POSITIVE,0.0000,1,0,1,1,45.433376900,4.4960000e-04,-4.4960000e-04,172.9387700,9.390000e-03,-9.390000e-03,0.9590,0.0060,-0.6720,6.35100,0.52300,-0.52300,9.0580e+02,5.760e+01,-5.760e+01,2.23,2.200e-01,-1.800e-01,315.0,,,2.34,0.81,-0.61,18.10,2,q1_q17_dr25_tce,4371.00,118.00,-144.00,4.712,0.036,-0.049,0.5590,0.0560,-0.0450,297.385130,47.543411,15.773
4366323,K03258.01,,CANDIDATE,CANDIDATE,0.7360,0,0,0,0,40.351170700,4.0210000e-04,-4.0210000e-04,153.4093300,8.250000e-03,-8.250000e-03,0.0790,0.3790,-0.0790,3.97000,0.30100,-0.30100,5.3350e+02,5.500e+01,-5.500e+01,1.88,3.800e-01,-1.700e-01,479.0,,,12.46,7.57,-3.25,11.30,1,q1_q17_dr25_tce,5665.00,152.00,-169.00,4.568,0.036,-0.135,0.8200,0.1660,-0.0710,291.937560,39.419941,15.676
2853029,K03259.01,,CANDIDATE,CANDIDATE,0.9230,0,0,0,0,72.933276200,8.0810000e-04,-8.0810000e-04,198.1146800,9.110000e-03,-9.110000e-03,0.1060,0.3510,-0.1060,3.82900,0.31300,-0.31300,7.7040e+02,7.940e+01,-7.940e+01,2.45,2.200e-01,-1.800e-01,389.0,,,5.44,1.44,-1.03,11.30,1,q1_q17_dr25_tce,5316.00,85.00,-74.00,4.470,0.070,-0.070,0.9020,0.0810,-0.0660,291.564760,38.074589,15.679
12156174,K03260.01,Kepler-1447 b,CONFIRMED,CANDIDATE,0.5020,0,0,0,0,56.674666600,4.1510000e-04,-4.1510000e-04,160.4483600,6.010000e-03,-6.010000e-03,0.6260,0.2990,-0.4080,5.51600,0.17000,-0.17000,8.8310e+02,4.460e+01,-4.460e+01,4.01,6.400e-01,-8.500e-01,522.0,,,17.59,7.49,-7.21,22.70,1,q1_q17_dr25_tce,5541.00,83.00,-72.00,4.189,0.195,-0.105,1.2950,0.2060,-0.2740,289.643430,50.727089,14.682
4634135,K03328.01,,FALSE POSITIVE,FALSE POSITIVE,0.0000,0,1,0,0,63.900594100,1.1140000e-04,-1.1140000e-04,189.4734400,1.510000e-03,-1.510000e-03,1.1940,64.3500,-0.1470,8.27890,0.08920,-0.08920,1.7097e+04,1.890e+02,-1.890e+02,25.91,2.040e+00,-2.040e+00,353.0,,,3.68,1.15,-0.92,110.80,1,q1_q17_dr25_tce,5204.00,157.00,-157.00,4.630,0.066,-0.039,0.6340,0.0500,-0.0500,284.307920,39.700390,15.426
6955671,K03329.01,,CANDIDATE,CANDIDATE,1.0000,0,0,0,0,12.687817600,2.1940000e-04,-2.1940000e-04,136.1525000,1.330000e-02,-1.330000e-02,0.9210,0.0380,-0.6270,4.26200,0.34700,-0.34700,2.9300e+02,2.660e+01,-2.660e+01,2.16,6.900e-01,-2.800e-01,851.0,,,123.89,120.42,-44.46,13.50,1,q1_q17_dr25_tce,6258.00,196.00,-261.00,4.442,0.067,-0.202,1.0460,0.3350,-0.1340,293.942410,42.425900,15.813
5097856,K07716.01,,CANDIDATE,CANDIDATE,0.2300,0,0,0,0,483.364050000,4.9750000e-02,-4.9750000e-02,483.0784000,5.930000e-02,-5.930000e-02,0.6140,0.0490,-0.4680,15.61000,2.00000,-2.00000,2.8540e+02,4.090e+01,-4.090e+01,1.27,2.500e-01,-1.000e-01,202.0,,,0.39,0.24,-0.09,8.30,1,q1_q17_dr25_tce,5700.00,171.00,-153.00,4.626,0.032,-0.128,0.7180,0.1430,-0.0540,291.370670,40.216061,14.861
4736644,K03330.01,Kepler-1470 b,CONFIRMED,CANDIDATE,0.9930,0,0,0,0,16.295125900,1.9170000e-04,-1.9170000e-04,144.8042500,8.800000e-03,-8.800000e-03,0.4940,0.4730,-0.2870,3.67800,0.30900,-0.30900,1.9790e+02,1.820e+01,-1.820e+01,1.15,4.000e-02,-8.000e-02,574.0,,,25.59,3.79,-4.73,13.00,1,q1_q17_dr25_tce,4915.00,78.00,-78.00,4.512,0.067,-0.022,0.8120,0.0310,-0.0550,288.695010,39.883202,15.061
5876805,K03331.01,,FALSE POSITIVE,FALSE POSITIVE,0.0000,0,1,0,0,18.173045009,3.6360000e-06,-3.6360000e-06,355.2309840,1.360000e-04,-1.360000e-04,0.6740,0.0010,-0.0010,10.91130,0.00875,-0.00875,6.9911e+04,5.290e+01,-5.290e+01,24.39,7.200e+00,-2.410e+00,650.0,,,42.19,37.38,-12.56,1820.50,1,q1_q17_dr25_tce,5799.00,172.00,-207.00,4.548,0.037,-0.200,0.8600,0.2540,-0.0850,291.964970,41.122162,15.927
5818068,K03332.01,,FALSE POSITIVE,FALSE POSITIVE,0.0000,0,1,1,0,14.126780650,2.2090000e-05,-2.2090000e-05,137.9037700,1.400000e-03,-1.400000e-03,1.2540,18.7800,-0.1840,5.93030,0.05900,-0.05900,7.6474e+03,7.080e+01,-7.080e+01,31.13,8.220e+00,-2.580e+00,670.0,,,47.56,38.93,-12.57,127.10,1,q1_q17_dr25_tce,5656.00,186.00,-186.00,4.583,0.040,-0.160,0.7840,0.2070,-0.0650,298.569270,41.003510,15.910
10139390,K04798.01,,FALSE POSITIVE,FALSE POSITIVE,,1,0,0,0,358.564620000,3.4220000e-02,-3.4220000e-02,151.8698000,4.940000e-02,-4.940000e-02,0.4108,0.0582,-0.3973,11.64000,1.60000,-1.60000,1.7020e+02,2.630e+01,-2.630e+01,0.99,1.410e+00,-1.100e-01,219.0,,,0.55,3.13,-0.16,9.60,,,5375.00,176.00,-146.00,4.531,0.083,-0.756,0.7520,1.0750,-0.0820,291.175660,47.105610,13.542
8278073,K04799.01,,CANDIDATE,CANDIDATE,0.9940,0,0,0,0,12.072975700,1.9250000e-04,-1.9250000e-04,142.4290000,1.160000e-02,-1.160000e-02,0.3120,0.1350,-0.3120,3.78300,0.41800,-0.41800,9.9500e+01,1.330e+01,-1.330e+01,1.69,2.800e-01,-4.300e-01,969.0,,,208.13,94.93,-97.12,9.70,1,q1_q17_dr25_tce,5436.00,89.00,-65.00,3.993,0.217,-0.093,1.7070,0.2870,-0.4300,281.552670,44.228531,14.216
5273713,K07722.01,,FALSE POSITIVE,FALSE POSITIVE,0.0010,0,0,1,0,1.337561836,9.1510000e-06,-9.1510000e-06,132.1459700,5.380000e-03,-5.380000e-03,0.0550,0.4020,-0.0550,1.57500,0.16400,-0.16400,4.1000e+01,5.100e+00,-5.100e+00,1.11,2.000e-01,-2.500e-01,2322.0,,,6870.94,3163.74,-2936.87,9.50,1,q1_q17_dr25_tce,6406.00,70.00,-83.00,4.056,0.188,-0.101,1.7150,0.3130,-0.3830,291.417140,40.485920,14.217
3526331,K04800.01,,FALSE POSITIVE,FALSE POSITIVE,0.0000,1,0,1,0,2.237556410,4.8780000e-05,-4.8780000e-05,133.0574000,1.170000e-02,-1.170000e-02,0.1820,0.3030,-0.1820,2.08900,0.55700,-0.55700,1.0110e+02,2.410e+01,-2.410e+01,0.93,3.000e-01,-9.000e-02,1397.0,,,897.80,828.32,-268.57,7.30,1,q1_q17_dr25_tce,6026.00,162.00,-198.00,4.505,0.052,-0.208,0.9240,0.2910,-0.0970,285.316280,38.686619,15.578
10810859,K04801.01,,CANDIDATE,CANDIDATE,0.4140,0,0,0,0,82.401274000,1.8570000e-03,-1.8570000e-03,140.6557000,2.900000e-02,-2.900000e-02,0.7030,0.2590,-0.4950,6.48000,0.98400,-0.98400,4.3070e+02,6.140e+01,-6.140e+01,2.21,3.700e-01,-1.200e-01,421.0,,,7.42,3.11,-1.18,10.10,1,q1_q17_dr25_tce,5886.00,70.00,-88.00,4.472,0.030,-0.127,1.0000,0.1640,-0.0550,296.828950,48.173279,15.202
7017274,K03209.01,,CANDIDATE,CANDIDATE,0.9950,0,0,0,0,11.912566750,8.5080000e-05,-8.5080000e-05,143.1598800,5.540000e-03,-5.540000e-03,0.1740,0.2630,-0.1740,6.12600,0.15300,-0.15300,1.2310e+02,4.800e+00,-4.800e+00,2.61,5.600e-01,-8.500e-01,1242.0,,,562.27,308.91,-317.89,27.80,1,q1_q17_dr25_tce,6337.00,76.00,-82.00,3.893,0.253,-0.136,2.3350,0.5030,-0.7550,285.923220,42.549850,11.915
6767227,K04871.01,,CANDIDATE,CANDIDATE,0.8750,0,0,0,0,4.081977130,4.7920000e-05,-4.7920000e-05,132.1095300,9.710000e-03,-9.710000e-03,0.3280,0.1280,-0.3280,2.94300,0.30500,-0.30500,2.6200e+01,3.400e+00,-3.400e+00,0.60,1.300e-01,-8.000e-02,1372.0,,,836.88,498.99,-287.95,9.30,1,q1_q17_dr25_tce,6538.00,147.00,-196.00,4.339,0.092,-0.138,1.1560,0.2410,-0.1610,288.529020,42.276260,13.050
11496490,K04872.01,,FALSE POSITIVE,FALSE POSITIVE,,1,0,1,0,1.035268597,2.0250000e-06,-2.0250000e-06,131.7324900,1.580000e-03,-1.580000e-03,0.3845,0.0727,-0.3844,0.56630,0.07740,-0.07740,1.1220e+02,1.020e+01,-1.020e+01,1.34,8.200e-01,-2.000e-01,2136.0,,,4922.79,9138.73,-1790.11,15.10,,,6332.00,154.00,-209.00,4.311,0.110,-0.329,1.2050,0.7360,-0.1770,285.669370,49.439911,13.866
1430305,K04873.01,,FALSE POSITIVE,FALSE POSITIVE,,1,0,0,0,359.325900000,1.4900000e-02,-1.4900000e-02,431.3267000,2.800000e-02,-2.800000e-02,0.2279,0.2319,-0.2279,9.83600,0.97800,-0.97800,2.4620e+02,2.390e+01,-2.390e+01,3.60,1.140e+00,-1.360e+00,410.0,,,6.69,6.17,-4.49,13.50,,,6570.00,174.00,-253.00,3.902,0.296,-0.181,2.2700,0.7160,-0.8610,290.928800,37.085251,13.274
7117549,K04874.01,,FALSE POSITIVE,FALSE POSITIVE,0.0000,1,0,0,1,0.566805268,8.3170000e-06,-8.3170000e-06,131.8224000,1.310000e-02,-1.310000e-02,0.0690,0.4140,-0.0690,3.72100,0.87400,-0.87400,3.5700e+01,5.500e+00,-5.500e+00,0.65,2.200e-01,-7.000e-02,2492.0,,,9052.02,8439.70,-2762.37,12.50,1,q1_q17_dr25_tce,6403.00,153.00,-211.00,4.418,0.067,-0.216,1.0860,0.3540,-0.1180,291.728060,42.680408,15.061
2986833,K04875.01,,CANDIDATE,CANDIDATE,0.9880,0,0,0,0,0.912179022,5.6380000e-06,-5.6380000e-06,131.8117400,4.820000e-03,-4.820000e-03,0.0380,0.4240,-0.0380,1.33200,0.17100,-0.17100,1.4460e+02,1.890e+01,-1.890e+01,0.65,4.000e-02,-4.000e-02,1025.0,,,260.05,53.17,-51.06,10.30,1,q1_q17_dr25_tce,3880.00,69.00,-92.00,4.722,0.023,-0.035,0.5550,0.0330,-0.0330,290.782140,38.187790,15.783
12055539,K03261.01,Kepler-1448 b,CONFIRMED,CANDIDATE,1.0000,0,0,0,0,12.270570430,6.8630000e-05,-6.8630000e-05,137.5743400,4.890000e-03,-4.890000e-03,0.0260,0.4220,-0.0260,3.00200,0.13000,-0.13000,2.9550e+02,1.820e+01,-1.820e+01,1.67,5.400e-01,-1.500e-01,811.0,,,102.25,99.53,-27.55,18.70,1,q1_q17_dr25_tce,6075.00,180.00,-198.00,4.486,0.054,-0.216,0.9690,0.3150,-0.0840,287.867400,50.595581,14.411
12056139,K03262.01,Kepler-1449 b,CONFIRMED,CANDIDATE,0.9660,0,0,0,0,13.227475300,1.3260000e-04,-1.3260000e-04,137.7176800,7.930000e-03,-7.930000e-03,0.8030,0.0470,-0.5550,6.35600,0.26500,-0.26500,2.2980e+02,1.610e+01,-1.610e+01,1.94,6.300e-01,-2.100e-01,867.0,,,133.34,127.41,-41.85,16.40,1,q1_q17_dr25_tce,6269.00,170.00,-227.00,4.405,0.054,-0.216,1.1550,0.3760,-0.1250,288.231750,50.567879,15.050
11853130,K03263.01,,CANDIDATE,CANDIDATE,0.9680,0,0,0,0,76.879358930,4.8340000e-05,-4.8340000e-05,146.8824510,5.050000e-04,-5.050000e-04,0.8640,0.0760,-0.0450,2.38190,0.04290,-0.04290,2.1272e+04,2.530e+02,-2.530e+02,7.71,8.000e-01,-8.600e-01,202.0,,,0.40,0.12,-0.11,131.00,1,q1_q17_dr25_tce,3638.00,72.00,-79.00,4.828,0.041,-0.054,0.4360,0.0450,-0.0490,285.095860,50.100960,15.949
4774646,K07707.01,,FALSE POSITIVE,FALSE POSITIVE,0.0000,0,1,1,0,0.559517155,1.3770000e-06,-1.3770000e-06,132.0741100,2.470000e-03,-2.470000e-03,0.3280,0.1460,-0.3280,0.59600,0.10800,-0.10800,5.7900e+01,6.000e+00,-6.000e+00,1.04,3.100e-01,-1.800e-01,2762.0,,,13839.66,11945.03,-5621.30,12.70,1,q1_q17_dr25_tce,6462.00,155.00,-214.00,4.266,0.128,-0.192,1.3090,0.3950,-0.2300,298.275210,39.850971,13.741
9345933,K03264.01,,CANDIDATE,CANDIDATE,0.8650,0,0,0,0,13.015182600,1.3950000e-04,-1.3950000e-04,134.7469700,7.490000e-03,-7.490000e-03,0.8520,0.1200,-0.6100,3.61300,0.27400,-0.27400,3.3160e+02,3.240e+01,-3.240e+01,1.36,1.200e-01,-1.200e-01,556.0,,,22.60,7.55,-5.99,11.90,1,q1_q17_dr25_tce,4794.00,144.00,-144.00,4.622,0.059,-0.032,0.6430,0.0570,-0.0570,293.259030,45.837448,15.961
10030778,K03265.01,,FALSE POSITIVE,FALSE POSITIVE,0.0000,0,1,1,0,29.473162790,3.6850000e-05,-3.6850000e-05,154.8925100,1.020000e-03,-1.020000e-03,1.3620,0.1210,-0.2750,6.43270,0.04650,-0.04650,1.2568e+04,8.320e+01,-8.320e+01,48.98,1.518e+01,-4.750e+00,565.0,,,24.07,22.70,-7.04,179.30,1,q1_q17_dr25_tce,5838.00,184.00,-204.00,4.529,0.037,-0.200,0.8970,0.2780,-0.0870,298.506070,46.948029,15.957
7870282,K04732.01,,FALSE POSITIVE,FALSE POSITIVE,0.0000,0,1,1,1,0.580725004,2.5360000e-06,-2.5360000e-06,131.7330300,3.870000e-03,-3.870000e-03,0.1370,0.3280,-0.1370,2.07100,0.11900,-0.11900,1.0520e+02,7.100e+00,-7.100e+00,0.85,1.900e-01,-8.000e-02,1939.0,,,3355.68,2286.97,-891.67,18.00,1,q1_q17_dr25_tce,5471.00,164.00,-147.00,4.530,0.057,-0.143,0.8410,0.1870,-0.0800,282.172030,43.696510,15.236
11153259,K03200.01,,FALSE POSITIVE,FALSE POSITIVE,,1,0,0,0,1.944686590,5.7820000e-05,-5.7820000e-05,133.2347000,1.980000e-02,-1.980000e-02,1.1592,0.1246,-0.1171,18.22000,4.10000,-4.10000,4.5550e+02,3.270e+01,-3.270e+01,69.59,1.193e+01,-2.560e+01,3334.0,,,29219.04,15921.75,-19238.30,17.10,,,7894.00,237.00,-304.00,3.644,0.302,-0.090,3.5210,0.6040,-1.2950,298.343440,48.702381,11.708
9021075,K04733.01,Kepler-1968 b,CONFIRMED,CANDIDATE,0.9410,0,0,0,0,7.281166670,7.7890000e-05,-7.7890000e-05,132.7518000,1.020000e-02,-1.020000e-02,0.1000,0.3580,-0.1000,2.71600,0.24300,-0.24300,3.3380e+02,3.380e+01,-3.380e+01,1.40,1.400e-01,-1.200e-01,744.0,,,72.16,30.08,-19.72,11.50,1,q1_q17_dr25_tce,5008.00,192.00,-174.00,4.572,0.033,-0.066,0.7880,0.0820,-0.0670,291.508120,45.370159,15.993
5783938,K04734.01,,FALSE POSITIVE,FALSE POSITIVE,,1,0,0,0,383.100170000,2.7890000e-02,-2.7890000e-02,286.3372000,3.220000e-02,-3.220000e-02,0.1365,0.3337,-0.1364,8.80000,1.40000,-1.40000,5.7940e+02,9.850e+01,-9.850e+01,2.18,8.500e-01,-1.900e-01,248.0,,,0.90,1.04,-0.23,10.00,,,6011.00,158.00,-182.00,4.522,0.035,-0.287,0.9020,0.3550,-0.0750,289.610750,41.019489,15.339
11338056,K04735.01,,CANDIDATE,CANDIDATE,0.9730,0,0,0,0,2.879983340,2.4270000e-05,-2.4270000e-05,131.4848500,5.680000e-03,-5.680000e-03,0.2200,0.2430,-0.2200,1.65800,0.24300,-0.24300,1.1650e+02,1.460e+01,-1.460e+01,0.85,3.000e-02,-5.000e-02,1024.0,,,260.79,40.02,-46.57,9.90,1,q1_q17_dr25_tce,4951.00,81.00,-81.00,4.523,0.063,-0.027,0.8060,0.0320,-0.0510,284.760930,49.141979,14.712
3445812,K04802.01,,FALSE POSITIVE,FALSE POSITIVE,0.0000,1,0,1,0,0.605556082,2.2730000e-06,-2.2730000e-06,132.0285600,2.780000e-03,-2.780000e-03,0.1760,0.2890,-0.1760,1.23990,0.09790,-0.09790,1.0170e+02,8.000e+00,-8.000e+00,0.86,2.500e-01,-6.000e-02,2120.0,,,4796.94,4049.10,-1224.58,15.30,1,q1_q17_dr25_tce,6123.00,166.00,-203.00,4.556,0.035,-0.196,0.8460,0.2430,-0.0650,291.983700,38.595409,14.990
4473613,K04803.01,Kepler-1623 b,CONFIRMED,CANDIDATE,0.9950,0,0,0,0,4.361258890,3.5400000e-05,-3.5400000e-05,132.5322800,6.830000e-03,-6.830000e-03,0.3740,0.0840,-0.3740,2.17400,0.22200,-0.22200,1.8920e+02,2.120e+01,-2.120e+01,1.20,1.700e-01,-5.000e-02,1000.0,,,236.01,84.75,-33.13,10.70,1,q1_q17_dr25_tce,5520.00,74.00,-82.00,4.544,0.021,-0.119,0.8730,0.1180,-0.0390,294.082700,39.556099,14.951
10676750,K04804.01,,CANDIDATE,CANDIDATE,0.7800,0,0,0,0,21.086785570,8.3900000e-05,-8.3900000e-05,135.5636000,2.780000e-03,-2.780000e-03,0.7020,0.2530,-0.4780,0.97800,0.10800,-0.10800,4.9960e+02,5.890e+01,-5.890e+01,2.08,5.200e-01,-1.700e-01,651.0,,,42.44,31.53,-11.29,11.00,1,q1_q17_dr25_tce,6084.00,165.00,-202.00,4.542,0.044,-0.176,0.8630,0.2170,-0.0720,296.098420,47.992699,15.185
8960918,K04805.01,,FALSE POSITIVE,FALSE POSITIVE,0.0010,0,0,1,0,1.190873620,1.2900000e-05,-1.2900000e-05,131.7183800,7.800000e-03,-7.800000e-03,0.3930,0.0760,-0.3930,1.78500,0.29800,-0.29800,6.7500e+01,1.030e+01,-1.030e+01,0.73,1.000e-01,-8.000e-02,1489.0,,,1165.78,552.50,-353.25,8.00,1,q1_q17_dr25_tce,5158.00,171.00,-155.00,4.464,0.105,-0.105,0.8880,0.1220,-0.1000,294.592830,45.287720,15.280
4647662,K04806.01,,FALSE POSITIVE,FALSE POSITIVE,0.0000,0,0,1,1,1.064846220,1.9620000e-05,-1.9620000e-05,131.5817000,1.400000e-02,-1.400000e-02,0.2420,0.2520,-0.2420,3.28700,0.75400,-0.75400,4.2400e+01,3.400e+00,-3.400e+00,0.72,1.100e-01,-4.000e-02,2034.0,,,4059.63,1624.17,-605.89,12.50,1,q1_q17_dr25_tce,6445.00,77.00,-77.00,4.417,0.030,-0.120,1.0870,0.1690,-0.0600,289.641390,39.788029,14.772
9822284,K04807.01,,FALSE POSITIVE,FALSE POSITIVE,1.0000,0,1,0,0,0.969824139,7.5950000e-06,-7.5950000e-06,132.2842900,6.140000e-03,-6.140000e-03,0.3320,0.2790,-0.3320,0.78300,0.16500,-0.16500,2.3100e+01,4.300e+00,-4.300e+00,0.49,0.000e+00,0.000e+00,1839.0,,,2709.67,0.00,0.00,6.80,1,q1_q17_dr25_tce,5780.00,,,4.438,,,1.0000,,,287.555080,46.682240,11.563
8940700,K04876.01,,FALSE POSITIVE,FALSE POSITIVE,,1,0,0,0,190.605630000,1.1660000e-02,-1.1660000e-02,229.5171000,3.870000e-02,-3.870000e-02,0.0108,0.4619,-0.0108,14.33000,1.50000,-1.50000,1.5360e+02,1.920e+01,-1.920e+01,1.60,7.200e-01,-3.400e-01,386.0,,,5.25,7.18,-2.46,11.60,,,6200.00,195.00,-225.00,4.214,0.199,-0.241,1.2870,0.5750,-0.2760,286.668670,45.208302,13.431
9581589,K04877.01,,CANDIDATE,CANDIDATE,0.9870,0,0,0,0,5.192065710,6.1670000e-05,-6.1670000e-05,134.5614000,1.160000e-02,-1.160000e-02,0.8470,0.1330,-0.5820,3.71600,0.22900,-0.22900,6.6600e+01,7.500e+00,-7.500e+00,0.99,3.100e-01,-1.200e-01,1170.0,,,442.55,396.77,-144.95,10.50,1,q1_q17_dr25_tce,6322.00,156.00,-203.00,4.426,0.065,-0.195,1.0750,0.3350,-0.1340,288.971830,46.265202,14.423
11804437,K04878.01,,CANDIDATE,CANDIDATE,,0,0,0,0,449.014990000,2.0550000e-02,-2.0550000e-02,144.7070000,2.650000e-02,-2.650000e-02,0.2182,0.2153,-0.2181,12.58000,1.00000,-1.00000,9.4200e+01,1.310e+01,-1.310e+01,1.04,3.800e-01,-1.400e-01,258.0,,,1.04,1.10,-0.34,8.50,1,q1_q16_tce,6031.00,143.00,-168.00,4.368,0.106,-0.251,1.0680,0.3890,-0.1450,286.228120,50.013580,12.291
9850966,K04879.01,,FALSE POSITIVE,FALSE POSITIVE,0.0000,0,0,1,1,8.480305000,2.2040000e-04,-2.2040000e-04,135.8796000,2.720000e-02,-2.720000e-02,0.7660,0.1790,-0.5610,6.19000,1.00000,-1.00000,3.0420e+02,3.360e+01,-3.360e+01,1.33,1.500e-01,-1.000e-01,661.0,,,45.21,17.19,-10.81,11.50,1,q1_q17_dr25_tce,4895.00,146.00,-131.00,4.631,0.032,-0.059,0.6960,0.0750,-0.0550,298.751220,46.636261,15.866
8747009,K04880.01,,FALSE POSITIVE,FALSE POSITIVE,,0,0,1,0,410.116760000,2.7640000e-02,-2.7640000e-02,328.2965000,3.030000e-02,-3.030000e-02,0.2430,0.2447,-0.2429,13.97000,1.30000,-1.30000,2.1690e+02,2.680e+01,-2.680e+01,1.41,6.500e-01,-2.300e-01,242.0,,,0.81,1.11,-0.30,11.20,,,5587.00,164.00,-135.00,4.372,0.155,-0.284,0.9650,0.4390,-0.1580,289.239870,44.993580,13.736
8826007,K03266.01,Kepler-1450 b,CONFIRMED,CANDIDATE,0.9900,0,0,0,0,54.509154900,5.6710000e-04,-5.6710000e-04,140.8273900,7.780000e-03,-7.780000e-03,0.9400,0.0080,-0.7030,5.12500,0.17900,-0.17900,6.2220e+02,4.220e+01,-4.220e+01,1.94,1.800e-01,-1.600e-01,308.0,,,2.13,0.69,-0.54,17.00,1,q1_q17_dr25_tce,4406.00,118.00,-131.00,4.670,0.036,-0.040,0.6030,0.0560,-0.0500,294.553830,45.081390,15.498
8280511,K01151.04,,CANDIDATE,CANDIDATE,0.8950,0,0,0,0,17.453294500,1.5110000e-04,-1.5110000e-04,146.6624400,7.300000e-03,-7.300000e-03,0.3570,0.0930,-0.3570,4.02700,0.20700,-0.20700,7.9300e+01,7.000e+00,-7.000e+00,0.76,8.000e-02,-6.000e-02,639.0,,,39.42,12.60,-8.53,12.00,4,q1_q17_dr25_tce,5528.00,110.00,-110.00,4.499,0.063,-0.077,0.8530,0.0890,-0.0670,283.002960,44.284229,13.404
8620402,K03267.01,Kepler-1913 b,CONFIRMED,CANDIDATE,1.0000,0,0,0,0,14.195962100,1.2000000e-04,-1.2000000e-04,137.0122100,6.490000e-03,-6.490000e-03,0.7860,0.1770,-0.5630,3.60500,0.20800,-0.20800,1.9620e+02,1.650e+01,-1.650e+01,1.66,5.400e-01,-1.800e-01,818.0,,,105.70,104.07,-33.36,14.10,1,q1_q17_dr25_tce,6214.00,186.00,-224.00,4.442,0.054,-0.216,1.0760,0.3530,-0.1180,290.216670,44.779678,14.706
8379021,K03268.01,,FALSE POSITIVE,FALSE POSITIVE,1.0000,0,1,0,0,11.524828740,4.4860000e-05,-4.4860000e-05,134.0816300,3.230000e-03,-3.230000e-03,1.2050,72.7000,-8.2110,1.72400,0.18300,-0.18300,5.7760e+02,4.670e+01,-4.670e+01,22.56,5.380e+00,-2.910e+00,756.0,,,77.15,56.23,-24.72,16.20,1,q1_q17_dr25_tce,5592.00,169.00,-152.00,4.472,0.091,-0.169,0.8920,0.2130,-0.1150,296.404480,44.367458,15.595
8104030,K03269.01,,FALSE POSITIVE,FALSE POSITIVE,0.0000,0,1,0,0,46.840085790,3.6570000e-05,-3.6570000e-05,164.1344220,6.490000e-04,-6.490000e-04,4.6520,66.3400,-1.4000,3.81980,0.03020,-0.03020,6.2879e+03,5.020e+01,-5.020e+01,428.62,1.239e+02,-8.247e+01,552.0,,,22.00,19.12,-9.28,147.90,1,q1_q17_dr25_tce,6006.00,179.00,-179.00,4.330,0.190,-0.190,1.0550,0.3050,-0.2030,294.068020,43.936871,15.314
4813793,K07708.01,,CANDIDATE,CANDIDATE,0.8670,0,0,0,0,6.702427860,4.3360000e-05,-4.3360000e-05,133.1773300,5.660000e-03,-5.660000e-03,0.3690,0.0940,-0.3680,1.22100,0.22800,-0.22800,6.5300e+01,8.900e+00,-8.900e+00,1.82,5.800e-01,-3.800e-01,1367.0,,,827.56,780.25,-369.44,8.80,1,q1_q17_dr25_tce,5466.00,163.00,-163.00,3.735,0.175,-0.175,2.2240,0.6990,-0.4660,283.698850,39.936642,12.954
5282477,K04736.01,,FALSE POSITIVE,FALSE POSITIVE,0.0000,1,0,1,1,0.992798625,1.4870000e-06,-1.4870000e-06,131.7088900,1.340000e-03,-1.340000e-03,1.2190,0.5720,-0.1520,3.50650,0.05900,-0.05900,5.8250e+02,8.800e+00,-8.800e+00,29.26,9.330e+00,-4.000e+00,1967.0,,,3519.47,3406.53,-1275.49,79.10,2,q1_q17_dr25_tce,6055.00,190.00,-232.00,4.407,0.072,-0.217,1.0980,0.3500,-0.1500,293.947940,40.455818,15.040
7266212,K04737.01,,CANDIDATE,CANDIDATE,0.9940,0,0,0,0,7.795340330,8.4420000e-05,-8.4420000e-05,138.0321600,7.980000e-03,-7.980000e-03,0.2820,0.1660,-0.2810,3.40600,0.30400,-0.30400,1.0210e+02,1.190e+01,-1.190e+01,1.07,3.500e-01,-1.200e-01,985.0,,,222.52,213.24,-69.03,10.20,1,q1_q17_dr25_tce,6156.00,171.00,-214.00,4.443,0.054,-0.216,1.0500,0.3410,-0.1140,286.217290,42.860920,14.726
6681546,K04738.01,,FALSE POSITIVE,FALSE POSITIVE,,1,0,0,0,186.722430000,3.1360000e-02,-3.1360000e-02,308.6018000,4.920000e-02,-4.920000e-02,0.4736,0.0232,-0.4503,13.35000,1.60000,-1.60000,3.2640e+02,4.200e+01,-4.200e+01,1.84,8.200e-01,-1.700e-01,329.0,,,2.77,3.62,-0.79,11.50,,,6040.00,159.00,-207.00,4.469,0.047,-0.305,0.9990,0.4410,-0.0950,288.748930,42.191738,15.085
6421137,K04739.01,,FALSE POSITIVE,FALSE POSITIVE,,1,0,0,0,118.403900000,1.7250000e-01,-1.7250000e-01,195.1090000,5.200000e-01,-5.200000e-01,0.4062,0.0994,-0.4062,5.59300,0.90400,-0.90400,4.2600e+02,1.310e+02,-1.310e+02,3.46,1.690e+00,-1.030e+00,517.0,,,16.83,24.93,-9.74,4.40,,,6486.00,181.00,-251.00,4.091,0.237,-0.265,1.6400,0.8050,-0.4880,282.874730,41.836727,11.426
9893278,K04740.01,,FALSE POSITIVE,FALSE POSITIVE,,1,0,0,0,182.281992000,5.9280000e-03,-5.9280000e-03,159.6829000,2.350000e-02,-2.350000e-02,0.2425,0.2015,-0.2424,8.82800,0.99200,-0.99200,5.0930e+02,7.120e+01,-7.120e+01,1.67,1.120e+00,-1.700e-01,280.0,,,1.46,3.25,-0.42,8.70,,,5503.00,203.00,-157.00,4.536,0.084,-0.531,0.7420,0.4970,-0.0770,292.853910,46.773750,15.405
9419020,K04808.01,,CANDIDATE,CANDIDATE,0.1700,0,0,0,0,2.401749960,1.3400000e-05,-1.3400000e-05,131.7811000,4.660000e-03,-4.660000e-03,0.4700,0.0020,-0.4700,1.41300,0.17000,-0.17000,2.5440e+02,2.420e+01,-2.420e+01,0.65,8.000e-02,-1.100e-01,621.0,,,35.10,14.12,-12.87,13.20,1,q1_q17_dr25_tce,3606.00,81.00,-90.00,4.855,0.065,-0.052,0.3990,0.0530,-0.0650,297.290500,45.955029,15.737
4548162,K04809.01,,FALSE POSITIVE,FALSE POSITIVE,,1,0,0,0,10.010287600,8.1490000e-04,-8.1490000e-04,131.8186000,5.470000e-02,-5.470000e-02,0.5667,0.0179,-0.5477,5.33000,1.50000,-1.50000,1.2710e+02,4.620e+01,-4.620e+01,0.69,6.000e-02,-9.000e-02,522.0,,,17.56,6.02,-6.13,7.00,,,4214.00,145.00,-168.00,4.650,0.071,-0.030,0.6010,0.0500,-0.0750,287.435420,39.692989,15.761
4270799,K04810.01,,CANDIDATE,CANDIDATE,0.8540,0,0,0,0,115.238544000,2.5220000e-03,-2.5220000e-03,155.5989000,1.790000e-02,-1.790000e-02,0.9650,0.0000,-0.6840,7.65300,0.52700,-0.52700,5.1670e+02,5.680e+01,-5.680e+01,3.17,4.700e-01,-3.500e-01,372.0,,,4.52,1.75,-1.13,10.60,1,q1_q17_dr25_tce,5589.00,75.00,-75.00,4.384,0.099,-0.110,1.0370,0.1520,-0.1140,293.653690,39.316410,15.259
8811490,K04811.01,,CANDIDATE,CANDIDATE,0.9980,0,0,0,0,21.743414100,6.5470000e-04,-6.5470000e-04,148.9350000,1.980000e-02,-1.980000e-02,0.9060,0.0590,-0.6700,8.14300,0.65200,-0.65200,1.5480e+02,1.140e+01,-1.140e+01,2.23,5.500e-01,-8.200e-01,799.0,,,96.15,73.55,-62.16,15.80,1,q1_q17_dr25_tce,5767.00,190.00,-173.00,4.082,0.357,-0.153,1.4970,0.3670,-0.5510,288.857540,45.097691,13.816
7293937,K03211.01,,FALSE POSITIVE,FALSE POSITIVE,0.0000,0,0,1,1,1.366964704,,,132.1959090,,,0.5170,,,2.31810,,,5.9700e+01,,,0.79,0.000e+00,0.000e+00,1640.0,,,1705.64,0.00,0.00,3.30,1,q1_q17_dr25_tce,5780.00,,,4.438,,,1.0000,,,295.252440,42.896114,11.948
8043721,K04812.01,,FALSE POSITIVE,FALSE POSITIVE,0.2160,1,0,0,0,0.779579130,1.0530000e-05,-1.0530000e-05,131.7173000,1.020000e-02,-1.020000e-02,0.1830,0.2880,-0.1830,2.45700,0.35600,-0.35600,7.0400e+01,7.500e+00,-7.500e+00,0.71,2.100e-01,-6.000e-02,1819.0,,,2585.39,2255.97,-716.48,11.10,1,q1_q17_dr25_tce,5699.00,169.00,-186.00,4.553,0.034,-0.195,0.8530,0.2480,-0.0780,296.661770,43.811432,15.703
7985733,K03219.01,,FALSE POSITIVE,FALSE POSITIVE,0.0000,0,1,1,0,0.544561598,1.1860000e-06,-1.1860000e-06,131.9453200,1.770000e-03,-1.770000e-03,0.2140,0.2300,-0.2140,1.60530,0.06910,-0.06910,3.5200e+01,1.400e+00,-1.400e+00,44.90,1.980e+00,-7.930e+00,11804.0,,,4601339.96,879182.92,-1811341.03,31.10,1,q1_q17_dr25_tce,3715.00,83.00,-102.00,0.851,0.030,-0.030,80.5290,3.5580,-14.2320,299.333680,43.717815,12.122
8094120,K04881.01,,CANDIDATE,CANDIDATE,0.9790,0,0,0,0,5.679537700,1.0390000e-04,-1.0390000e-04,132.9500000,1.540000e-02,-1.540000e-02,0.1960,0.2540,-0.1960,3.75700,0.32600,-0.32600,5.2000e+01,4.500e+00,-4.500e+00,1.16,3.300e-01,-3.700e-01,1420.0,,,961.10,818.95,-572.46,12.50,2,q1_q17_dr25_tce,6514.00,181.00,-227.00,4.090,0.258,-0.172,1.5850,0.4570,-0.5030,290.550870,43.994362,12.892
6522824,K04882.01,,FALSE POSITIVE,FALSE POSITIVE,0.0000,0,0,1,1,17.445313300,3.0840000e-04,-3.0840000e-04,135.7562000,1.750000e-02,-1.750000e-02,0.2300,0.2260,-0.2300,5.14000,0.51700,-0.51700,3.2770e+02,3.510e+01,-3.510e+01,5.38,1.100e+00,-6.800e-01,1066.0,,,305.55,155.98,-80.37,12.20,1,q1_q17_dr25_tce,4927.00,49.00,-44.00,3.417,0.121,-0.148,3.0400,0.6230,-0.3830,291.952510,41.959911,15.807
6802536,K04883.01,,FALSE POSITIVE,FALSE POSITIVE,,0,1,0,0,2.978870200,,,133.5035183,,,,,,9.30000,,,,,,,,,,,,,,,,,,,,,,,,,,,298.032530,42.200340,14.201
4750341,K04884.01,,FALSE POSITIVE,FALSE POSITIVE,0.0000,0,0,1,0,1.975154570,3.1300000e-05,-3.1300000e-05,132.6578000,1.250000e-02,-1.250000e-02,0.0270,0.4350,-0.0270,2.63300,0.49400,-0.49400,6.6100e+01,8.400e+00,-8.400e+00,0.92,2.400e-01,-1.800e-01,1504.0,,,1207.00,966.91,-510.55,9.20,1,q1_q17_dr25_tce,5571.00,166.00,-166.00,4.310,0.175,-0.175,1.1450,0.3040,-0.2210,292.869900,39.844429,14.878
9935642,K04885.01,,CANDIDATE,CANDIDATE,1.0000,0,0,0,0,9.339555960,6.3510000e-05,-6.3510000e-05,138.1101600,5.870000e-03,-5.870000e-03,0.9850,0.0200,-0.7050,2.05800,0.22000,-0.22000,2.4510e+02,2.930e+01,-2.930e+01,2.67,7.800e-01,-5.800e-01,882.0,,,143.02,124.84,-64.51,10.10,1,q1_q17_dr25_tce,5516.00,166.00,-150.00,4.308,0.214,-0.195,1.1010,0.3190,-0.2390,283.457640,46.819538,15.030
6612327,K03270.01,,FALSE POSITIVE,FALSE POSITIVE,0.0000,0,1,1,0,21.993112000,1.5340000e-04,-1.5340000e-04,131.6860800,4.850000e-03,-4.850000e-03,1.2490,52.1100,-0.0730,8.61600,0.25600,-0.25600,1.0157e+03,3.180e+01,-3.180e+01,23.21,3.040e+00,-2.050e+00,523.0,,,17.75,7.77,-4.67,37.30,1,q1_q17_dr25_tce,5205.00,154.00,-154.00,4.604,0.036,-0.084,0.7470,0.0980,-0.0660,293.620300,42.081871,15.249
7285757,K03271.01,Kepler-1986 b,CONFIRMED,CANDIDATE,0.9630,0,0,0,0,19.548966600,1.3960000e-04,-1.3960000e-04,149.7888200,4.320000e-03,-4.320000e-03,0.8300,0.0010,-0.5850,1.78000,0.18100,-0.18100,5.2380e+02,4.970e+01,-4.970e+01,1.89,3.500e-01,-1.500e-01,579.0,,,26.62,15.50,-6.65,12.60,1,q1_q17_dr25_tce,5549.00,163.00,-163.00,4.600,0.045,-0.113,0.7320,0.1370,-0.0590,292.958190,42.854889,15.717
7285757,K03271.02,,CANDIDATE,CANDIDATE,1.0000,0,0,0,0,7.418345690,6.4740000e-05,-6.4740000e-05,133.5173800,7.420000e-03,-7.420000e-03,0.0490,0.4130,-0.0490,2.46200,0.21500,-0.21500,2.3400e+02,2.410e+01,-2.410e+01,1.12,2.100e-01,-9.000e-02,800.0,,,96.90,56.43,-24.20,11.20,2,q1_q17_dr25_tce,5549.00,163.00,-163.00,4.600,0.045,-0.113,0.7320,0.1370,-0.0590,292.958190,42.854889,15.717
5211922,K03273.01,,FALSE POSITIVE,FALSE POSITIVE,0.0000,0,0,1,0,27.685335800,7.2430000e-05,-7.2430000e-05,132.7039700,2.370000e-03,-2.370000e-03,0.8970,0.0220,-0.6280,4.66100,0.18900,-0.18900,1.6607e+03,3.840e+01,-3.840e+01,3.11,3.900e-01,-1.900e-01,461.0,,,10.67,4.53,-2.36,49.30,1,q1_q17_dr25_tce,5216.00,156.00,-156.00,4.673,0.030,-0.075,0.6390,0.0800,-0.0400,297.799870,40.349281,15.329
5280587,K03274.01,Kepler-1451 b,CONFIRMED,CANDIDATE,0.9970,0,0,0,0,35.622552800,5.4270000e-04,-5.4270000e-04,141.4514000,1.290000e-02,-1.290000e-02,0.2610,0.2030,-0.2610,4.84500,0.40300,-0.40300,6.5110e+02,7.880e+01,-7.880e+01,2.24,5.900e-01,-2.000e-01,523.0,,,17.67,13.71,-4.66,9.60,1,q1_q17_dr25_tce,5799.00,157.00,-175.00,4.539,0.044,-0.187,0.8780,0.2310,-0.0770,293.446440,40.409889,15.332
8129005,K04741.01,,FALSE POSITIVE,FALSE POSITIVE,0.0000,0,0,1,1,7.140311300,1.8720000e-04,-1.8720000e-04,137.9994000,2.120000e-02,-2.120000e-02,0.7860,0.2030,-0.5570,5.89100,0.49900,-0.49900,1.1210e+02,1.170e+01,-1.170e+01,1.18,3.500e-01,-1.200e-01,1036.0,,,272.78,234.30,-83.46,11.80,1,q1_q17_dr25_tce,6354.00,170.00,-226.00,4.454,0.052,-0.195,1.0160,0.2980,-0.1060,300.783870,43.962059,14.738
4840156,K07709.01,,FALSE POSITIVE,FALSE POSITIVE,0.0000,0,0,1,0,2.694870410,3.8160000e-05,-3.8160000e-05,131.5996400,9.540000e-03,-9.540000e-03,0.5540,0.4180,-0.3540,2.55300,0.33500,-0.33500,6.2100e+01,7.500e+00,-7.500e+00,0.97,2.600e-01,-2.000e-01,1440.0,,,1020.03,826.99,-443.36,10.30,1,q1_q17_dr25_tce,5823.00,158.00,-176.00,4.283,0.180,-0.180,1.1870,0.3270,-0.2380,293.093840,39.974579,14.464
4138008,K04742.01,Kepler-442 b,CONFIRMED,CANDIDATE,0.9930,0,0,0,0,112.303136000,1.7220000e-03,-1.7220000e-03,230.4383000,1.250000e-02,-1.250000e-02,0.2480,0.1910,-0.2480,5.86900,0.36200,-0.36200,5.0210e+02,4.410e+01,-4.410e+01,1.30,7.000e-02,-5.000e-02,241.0,,,0.79,0.15,-0.11,13.10,1,q1_q17_dr25_tce,4401.00,78.00,-78.00,4.677,0.017,-0.027,0.5950,0.0300,-0.0240,285.366580,39.280079,14.976
4262040,K03202.01,,CANDIDATE,CANDIDATE,1.0000,0,0,0,0,92.461135000,1.0570000e-03,-1.0570000e-03,211.1951000,1.210000e-02,-1.210000e-02,0.0830,0.3580,-0.0830,14.34400,0.29300,-0.29300,1.2240e+02,6.400e+00,-6.400e+00,2.86,5.500e-01,-5.500e-01,564.0,,,23.91,11.96,-9.32,20.70,1,q1_q17_dr25_tce,5132.00,69.00,-84.00,3.675,0.120,-0.132,2.6480,0.5100,-0.5100,291.507200,39.323662,11.784
6468904,K04743.01,,FALSE POSITIVE,FALSE POSITIVE,0.9980,0,1,0,0,49.538726400,3.8040000e-04,-3.8040000e-04,132.5007200,6.820000e-03,-6.820000e-03,1.2230,6.7950,-0.0890,2.23800,0.30500,-0.30500,7.4060e+02,8.970e+01,-8.970e+01,20.52,4.610e+00,-1.540e+00,436.0,,,8.52,5.90,-1.99,10.30,1,q1_q17_dr25_tce,5683.00,173.00,-155.00,4.605,0.036,-0.144,0.7470,0.1680,-0.0560,298.684020,41.831490,14.940
5709906,K04744.01,,FALSE POSITIVE,FALSE POSITIVE,0.8230,0,0,1,0,3.391559660,5.7670000e-05,-5.7670000e-05,134.1211000,1.260000e-02,-1.260000e-02,0.1820,0.2790,-0.1820,3.87000,0.38600,-0.38600,2.8400e+01,4.300e+00,-4.300e+00,0.49,1.400e-01,-5.000e-02,1183.0,,,462.47,406.60,-130.31,8.20,1,q1_q17_dr25_tce,5896.00,159.00,-176.00,4.516,0.052,-0.208,0.9140,0.2740,-0.0910,293.174350,40.950809,13.773
4840672,K04813.01,,CANDIDATE,CANDIDATE,0.4130,0,0,0,0,9.229472600,1.3820000e-04,-1.3820000e-04,136.1730000,1.270000e-02,-1.270000e-02,0.0760,0.4540,-0.0760,2.44600,0.86400,-0.86400,1.9930e+02,7.270e+01,-7.270e+01,0.82,8.000e-02,-6.000e-02,601.0,,,30.83,11.79,-7.91,7.50,1,q1_q17_dr25_tce,4781.00,168.00,-168.00,4.679,0.036,-0.045,0.5960,0.0580,-0.0440,293.240390,39.949444,13.780
9777556,K04814.01,,FALSE POSITIVE,FALSE POSITIVE,0.0000,0,0,0,1,1.332548970,2.4310000e-05,-2.4310000e-05,132.0549000,1.290000e-02,-1.290000e-02,0.2410,0.2220,-0.2410,3.08300,0.24500,-0.24500,5.9170e+02,4.480e+01,-4.480e+01,32.84,5.710e+00,-8.550e+00,4664.0,,,111977.04,54742.32,-58772.47,16.20,1,q1_q17_dr25_tce,4894.00,96.00,-169.00,2.445,0.033,-0.033,13.7770,2.3930,-3.5890,294.642850,46.549412,16.072
7287677,K04815.01,,CANDIDATE,CANDIDATE,0.8480,0,0,0,0,18.372183500,2.6600000e-04,-2.6600000e-04,149.4627000,1.430000e-02,-1.430000e-02,0.7800,0.1810,-0.5570,3.73800,0.47500,-0.47500,1.5250e+02,2.050e+01,-2.050e+01,1.12,3.200e-01,-8.000e-02,657.0,,,43.96,35.74,-10.52,9.50,1,q1_q17_dr25_tce,5937.00,159.00,-177.00,4.558,0.034,-0.195,0.8300,0.2300,-0.0610,293.547330,42.828442,14.965
10753922,K04816.01,,FALSE POSITIVE,FALSE POSITIVE,0.0000,0,0,1,0,18.226047200,2.9630000e-04,-2.9630000e-04,133.5798000,1.440000e-02,-1.440000e-02,0.3780,0.0780,-0.3780,3.66400,0.33400,-0.33400,3.6110e+02,4.240e+01,-4.240e+01,1.85,4.800e-01,-2.000e-01,648.0,,,41.67,32.62,-12.55,10.00,1,q1_q17_dr25_tce,5440.00,164.00,-164.00,4.444,0.075,-0.175,0.9800,0.2530,-0.1090,299.131770,48.061710,15.418
5980061,K04817.01,,FALSE POSITIVE,FALSE POSITIVE,0.0000,1,0,1,0,0.630539713,1.2840000e-06,-1.2840000e-06,131.9912400,1.700000e-03,-1.700000e-03,1.2000,1.5360,-0.1550,1.74070,0.09350,-0.09350,2.3960e+02,1.040e+01,-1.040e+01,21.07,4.590e+00,-2.130e+00,1936.0,,,3333.18,2298.08,-947.03,27.70,2,q1_q17_dr25_tce,5458.00,180.00,-164.00,4.482,0.081,-0.150,0.8940,0.1950,-0.0900,297.043880,41.284012,15.476
7692248,K04886.01,,CANDIDATE,CANDIDATE,,0,0,0,0,17.995625290,6.4900000e-05,-6.4900000e-05,145.6009200,3.270000e-03,-3.270000e-03,1.2379,0.4855,-0.2093,0.87100,0.12900,-0.12900,1.0680e+03,1.130e+02,-1.130e+02,28.98,1.224e+01,-2.630e+00,701.0,,,57.21,72.64,-16.30,12.10,1,q1_q17_dr24_tce,5999.00,175.00,-214.00,4.494,0.043,-0.300,0.9590,0.4050,-0.0870,294.950740,43.324341,15.822
4059887,K04887.01,,FALSE POSITIVE,FALSE POSITIVE,0.0000,0,0,1,1,1.018347376,5.3540000e-06,-5.3540000e-06,131.6963300,5.440000e-03,-5.440000e-03,0.6540,0.2650,-0.4190,4.38600,0.14600,-0.14600,4.7800e+01,1.800e+00,-1.800e+00,1.92,3.200e-01,-5.900e-01,2832.0,,,15153.38,6743.86,-8279.22,33.30,1,q1_q17_dr25_tce,5858.00,87.00,-70.00,3.729,0.224,-0.096,2.6380,0.4410,-0.8180,292.265590,39.129841,12.905
8288741,K04888.01,,FALSE POSITIVE,FALSE POSITIVE,,1,0,0,0,0.659299289,1.2000000e-07,-1.2000000e-07,131.7387270,1.540000e-04,-1.540000e-04,1.2873,0.4658,-0.0819,0.69080,0.01550,-0.01550,1.1185e+03,8.500e+00,-8.500e+00,30.54,1.323e+01,-2.760e+00,1979.0,,,3623.47,4664.31,-918.37,108.60,,,5791.00,158.00,-147.00,4.524,0.045,-0.290,0.8520,0.3690,-0.0770,287.367860,44.273220,14.499
6852354,K04889.01,,FALSE POSITIVE,FALSE POSITIVE,,1,0,0,0,101.974351250,,,163.8034772,,,,,,2.34000,,,,,,,,,,,,,,,,,,,,,,,,,,,288.420350,42.309509,15.968
6691169,K04890.01,,CANDIDATE,CANDIDATE,0.9990,0,0,0,0,63.095068000,2.2580000e-03,-2.2580000e-03,158.1168000,2.660000e-02,-2.660000e-02,1.0500,6.9570,-0.2030,9.48500,0.92000,-0.92000,4.9680e+02,5.240e+01,-5.240e+01,11.67,3.530e+00,-1.520e+00,573.0,,,25.40,22.02,-9.17,11.40,1,q1_q17_dr25_tce,6622.00,160.00,-275.00,4.331,0.065,-0.195,1.3250,0.4010,-0.1720,291.721890,42.117298,15.765
5816811,K01042.02,,FALSE POSITIVE,FALSE POSITIVE,,1,1,0,0,4.455409350,,,134.4555812,,,,,,4.14000,,,,,,,,,,,,,,,,,,,,,,,,,,,298.338930,41.073479,14.850
5303346,K03275.01,,FALSE POSITIVE,FALSE POSITIVE,0.0000,0,1,1,0,37.324839520,4.9840000e-05,-4.9840000e-05,143.0389000,1.040000e-03,-1.040000e-03,1.2630,42.0800,-0.0830,6.96760,0.05590,-0.05590,4.9892e+03,3.780e+01,-3.780e+01,30.32,4.680e+00,-2.730e+00,461.0,,,10.67,5.52,-2.84,155.60,1,q1_q17_dr25_tce,5306.00,175.00,-159.00,4.550,0.056,-0.098,0.7900,0.1220,-0.0710,298.540890,40.471642,14.727
3858879,K03276.01,,FALSE POSITIVE,FALSE POSITIVE,0.0000,0,1,1,1,25.951984000,1.1260000e-04,-1.1260000e-04,148.9232300,3.660000e-03,-3.660000e-03,1.2660,5.9080,-0.0250,20.58500,0.19400,-0.19400,2.3402e+03,2.080e+01,-2.080e+01,36.80,9.500e+00,-3.370e+00,626.0,,,36.39,27.81,-10.30,131.40,1,q1_q17_dr25_tce,5889.00,162.00,-203.00,4.460,0.046,-0.184,1.0460,0.2700,-0.0960,293.694150,38.995628,15.112
8280511,K01151.05,,CANDIDATE,CANDIDATE,0.7950,0,0,0,0,21.720336200,3.0870000e-04,-3.0870000e-04,134.7659000,1.290000e-02,-1.290000e-02,0.3110,0.1500,-0.3110,4.25200,0.37000,-0.37000,8.7800e+01,8.100e+00,-8.100e+00,0.80,8.000e-02,-7.000e-02,594.0,,,29.45,9.41,-6.38,12.00,5,q1_q17_dr25_tce,5528.00,110.00,-110.00,4.499,0.063,-0.077,0.8530,0.0890,-0.0670,283.002960,44.284229,13.404
3120904,K03277.01,Kepler-1452 b,CONFIRMED,CANDIDATE,0.9940,0,0,0,0,42.913663500,3.3060000e-04,-3.3060000e-04,139.8884800,6.590000e-03,-6.590000e-03,0.4030,0.0410,-0.4030,5.22700,0.16600,-0.16600,1.6060e+02,1.010e+01,-1.010e+01,3.19,3.800e-01,-8.300e-01,810.0,,,101.56,36.45,-50.40,18.20,1,q1_q17_dr25_tce,6049.00,121.00,-121.00,3.800,0.210,-0.070,2.4830,0.2990,-0.6480,292.422820,38.266331,13.062
3342467,K03278.01,,FALSE POSITIVE,FALSE POSITIVE,0.0000,0,1,0,0,88.180468200,7.0100000e-04,-7.0100000e-04,209.1553300,6.270000e-03,-6.270000e-03,0.0260,0.4230,-0.0260,5.03300,0.18600,-0.18600,1.1386e+03,7.430e+01,-7.430e+01,2.78,5.800e-01,-2.000e-01,359.0,,,3.94,2.44,-0.94,17.50,1,q1_q17_dr25_tce,5497.00,147.00,-164.00,4.570,0.027,-0.153,0.8390,0.1730,-0.0620,291.524870,38.455849,14.710
11757451,K04745.01,Kepler-443 b,CONFIRMED,CANDIDATE,0.8770,0,0,0,0,177.668663000,3.3150000e-03,-3.3150000e-03,264.2428000,1.340000e-02,-1.340000e-02,0.7720,0.1750,-0.5300,9.29800,0.46300,-0.46300,9.0140e+02,8.100e+01,-8.100e+01,2.32,1.300e-01,-9.000e-02,233.0,,,0.70,0.13,-0.10,12.70,1,q1_q17_dr25_tce,4721.00,75.00,-85.00,4.615,0.021,-0.036,0.7010,0.0390,-0.0290,288.610530,49.968632,15.891
2711597,K04746.01,,FALSE POSITIVE,FALSE POSITIVE,0.0000,0,1,0,0,0.980416850,4.9410000e-06,-4.9410000e-06,131.7832100,4.010000e-03,-4.010000e-03,0.4460,0.0320,-0.4460,0.91900,0.26000,-0.26000,1.0570e+02,1.660e+01,-1.660e+01,0.75,7.000e-02,-7.000e-02,1388.0,,,880.50,274.23,-241.01,8.80,1,q1_q17_dr25_tce,4861.00,131.00,-146.00,4.572,0.060,-0.035,0.7220,0.0620,-0.0680,291.124540,37.986511,14.484
8047428,K04747.01,Kepler-1621 b,CONFIRMED,CANDIDATE,0.9800,0,0,0,0,92.263742000,2.6490000e-03,-2.6490000e-03,146.4247000,2.670000e-02,-2.670000e-02,0.2730,0.1770,-0.2720,8.60500,0.72500,-0.72500,2.9690e+02,2.810e+01,-2.810e+01,2.22,4.000e-01,-3.000e-01,469.0,,,11.42,5.33,-3.37,12.20,1,q1_q17_dr25_tce,6084.00,81.00,-90.00,4.287,0.099,-0.121,1.2830,0.2300,-0.1730,297.588500,43.841221,15.015
11513486,K04748.01,Kepler-1969 b,CONFIRMED,CANDIDATE,0.9960,0,0,0,0,6.647544780,4.1410000e-05,-4.1410000e-05,137.1337100,5.170000e-03,-5.170000e-03,0.2350,0.2130,-0.2350,1.96100,0.14300,-0.14300,2.8930e+02,2.810e+01,-2.810e+01,1.72,5.400e-01,-1.800e-01,999.0,,,235.89,226.31,-72.06,12.40,1,q1_q17_dr25_tce,6046.00,190.00,-211.00,4.478,0.054,-0.216,1.0070,0.3180,-0.1060,294.784330,49.492100,15.724
4851283,K07710.01,,FALSE POSITIVE,FALSE POSITIVE,0.0000,0,0,1,1,1.235175880,2.6490000e-05,-2.6490000e-05,131.9561000,2.570000e-02,-2.570000e-02,0.6250,0.3430,-0.3890,5.47600,0.25500,-0.25500,2.3290e+02,1.520e+01,-1.520e+01,1.59,0.000e+00,0.000e+00,1697.0,,,1955.70,0.00,0.00,19.30,1,q1_q17_dr25_tce,5780.00,,,4.438,,,1.0000,,,295.850560,39.947193,11.908
6520519,K04749.01,,CANDIDATE,CANDIDATE,0.8250,0,0,0,0,1.976500730,1.0960000e-05,-1.0960000e-05,132.9562400,4.560000e-03,-4.560000e-03,0.0550,0.3860,-0.0550,1.78800,0.13600,-0.13600,1.1250e+02,1.280e+01,-1.280e+01,0.97,3.100e-01,-1.000e-01,1394.0,,,892.90,819.47,-270.97,10.40,1,q1_q17_dr25_tce,5792.00,161.00,-202.00,4.514,0.050,-0.200,0.9230,0.2870,-0.0960,291.211640,41.985600,15.608
9459162,K04818.01,,CANDIDATE,CANDIDATE,0.9980,0,0,0,0,3.798927740,9.9150000e-05,-9.9150000e-05,133.2890000,2.130000e-02,-2.130000e-02,0.1300,0.3250,-0.1300,4.11200,0.63500,-0.63500,4.7000e+01,7.100e+00,-7.100e+00,1.46,3.200e-01,-3.900e-01,1869.0,,,2888.60,1834.90,-1537.68,8.30,1,q1_q17_dr25_tce,6831.00,163.00,-225.00,3.971,0.228,-0.123,2.1060,0.4630,-0.5660,289.348300,46.054680,13.008
5024138,K04819.01,,FALSE POSITIVE,FALSE POSITIVE,0.0000,1,0,1,0,0.416995408,9.0600000e-07,-9.0600000e-07,132.2194200,1.960000e-03,-1.960000e-03,0.0890,0.3760,-0.0890,0.89280,0.07270,-0.07270,1.1260e+02,7.200e+00,-7.200e+00,0.84,1.200e-01,-9.000e-02,2433.0,,,8299.79,3955.55,-2599.24,19.90,1,q1_q17_dr25_tce,6150.00,215.00,-215.00,4.498,0.132,-0.108,0.7810,0.1050,-0.0860,295.274870,40.195080,14.964
9969287,K04820.01,,CANDIDATE,CANDIDATE,0.9870,0,0,0,0,14.740106100,2.2960000e-04,-2.2960000e-04,133.5305000,1.180000e-02,-1.180000e-02,0.1160,0.3210,-0.1160,5.63700,0.38300,-0.38300,2.3800e+02,2.690e+01,-2.690e+01,1.48,4.100e-01,-1.500e-01,750.0,,,74.65,62.44,-21.67,10.30,1,q1_q17_dr25_tce,5999.00,180.00,-198.00,4.494,0.048,-0.192,0.9590,0.2660,-0.0950,298.380070,46.889400,15.479
9086001,K04821.01,,FALSE POSITIVE,FALSE POSITIVE,,1,0,0,0,256.523870000,1.5840000e-02,-1.5840000e-02,366.9377000,3.530000e-02,-3.530000e-02,0.1065,0.3465,-0.1065,9.07000,1.50000,-1.50000,1.2610e+02,2.200e+01,-2.200e+01,1.33,7.700e-01,-1.800e-01,338.0,,,3.10,5.40,-1.09,7.50,,,6348.00,155.00,-209.00,4.323,0.104,-0.320,1.1800,0.6830,-0.1640,290.770320,45.498051,13.585
4927734,K03212.01,,FALSE POSITIVE,FALSE POSITIVE,0.0000,1,0,0,0,3.000119100,1.6960000e-04,-1.6960000e-04,132.9097000,3.180000e-02,-3.180000e-02,0.6350,0.3470,-0.4230,6.61000,1.30000,-1.30000,7.7000e+00,1.100e+00,-1.100e+00,0.73,1.600e-01,-2.400e-01,2566.0,,,10247.93,6709.71,-6358.59,7.30,1,q1_q17_dr25_tce,8431.00,233.00,-366.00,3.970,0.234,-0.126,2.4850,0.5420,-0.8120,292.917020,40.092430,11.960
11189311,K03220.01,Kepler-1442 b,CONFIRMED,CANDIDATE,0.8990,0,0,0,0,81.416013800,4.8820000e-04,-4.8820000e-04,160.8638700,5.150000e-03,-5.150000e-03,0.9110,0.0450,-0.5310,14.17500,0.76400,-0.76400,7.6230e+02,1.610e+01,-1.610e+01,4.63,8.700e-01,-4.400e-01,522.0,,,17.53,9.01,-4.37,54.30,1,q1_q17_dr25_tce,6352.00,113.00,-139.00,4.267,0.063,-0.117,1.4010,0.2630,-0.1320,291.255620,48.846924,12.146
10747501,K04891.01,,CANDIDATE,CANDIDATE,0.9830,0,0,0,0,4.730901300,4.0790000e-05,-4.0790000e-05,135.1933300,6.720000e-03,-6.720000e-03,0.3620,0.0840,-0.3620,2.88900,0.20200,-0.20200,2.2850e+02,2.260e+01,-2.260e+01,1.39,4.300e-01,-1.400e-01,1065.0,,,303.67,280.41,-89.58,11.60,1,q1_q17_dr25_tce,5941.00,178.00,-196.00,4.519,0.037,-0.213,0.9110,0.2800,-0.0930,297.482970,48.022499,15.680
10586744,K04892.01,,CANDIDATE,CANDIDATE,0.5260,0,0,0,0,21.376181700,4.7240000e-04,-4.7240000e-04,143.6293000,1.770000e-02,-1.770000e-02,0.0170,0.4560,-0.0170,8.54300,0.51800,-0.51800,1.0400e+02,1.040e+01,-1.040e+01,1.08,3.100e-01,-2.400e-01,717.0,,,62.37,53.03,-28.14,12.10,1,q1_q17_dr25_tce,5984.00,161.00,-161.00,4.322,0.195,-0.195,1.0520,0.3050,-0.2290,285.706970,47.869968,14.143
11970050,K04893.01,,CANDIDATE,CANDIDATE,1.0000,0,0,0,0,6.587536990,7.8640000e-05,-7.8640000e-05,138.0427000,8.540000e-03,-8.540000e-03,0.1320,0.3270,-0.1320,2.04300,0.23600,-0.23600,2.3210e+02,3.400e+01,-3.400e+01,1.51,4.100e-01,-1.400e-01,992.0,,,228.36,185.62,-65.12,8.20,1,q1_q17_dr25_tce,6014.00,181.00,-199.00,4.486,0.048,-0.192,0.9930,0.2670,-0.0950,295.081940,50.344601,15.652
10031918,K04894.01,,FALSE POSITIVE,FALSE POSITIVE,0.0000,0,0,0,1,8.590047100,1.0640000e-04,-1.0640000e-04,131.9816000,1.120000e-02,-1.120000e-02,0.0980,0.3720,-0.0980,3.46300,0.62800,-0.62800,1.3700e+02,1.380e+01,-1.380e+01,0.80,8.000e-02,-8.000e-02,677.0,,,49.76,17.64,-13.39,9.60,1,q1_q17_dr25_tce,4914.00,146.00,-131.00,4.575,0.065,-0.040,0.7070,0.0690,-0.0690,298.825870,46.956669,14.832
5276332,K07723.01,,FALSE POSITIVE,FALSE POSITIVE,0.2650,1,0,0,0,357.825440000,2.0360000e-02,-2.0360000e-02,255.2080000,3.770000e-02,-3.770000e-02,0.6360,0.3500,-0.4100,9.12000,1.50000,-1.50000,1.5250e+02,1.560e+01,-1.560e+01,1.70,3.700e-01,-3.100e-01,306.0,,,2.08,1.37,-0.86,11.10,1,q1_q17_dr25_tce,6131.00,167.00,-204.00,4.248,0.145,-0.145,1.3120,0.2880,-0.2360,292.204650,40.485630,12.117
3544640,K03279.01,Kepler-1914 b,CONFIRMED,CANDIDATE,1.0000,0,0,0,0,30.827824500,3.1580000e-04,-3.1580000e-04,143.1448000,7.840000e-03,-7.840000e-03,0.0230,0.4260,-0.0220,4.21400,0.21500,-0.21500,6.4130e+02,5.210e+01,-5.210e+01,2.42,6.800e-01,-2.700e-01,585.0,,,27.66,23.77,-9.06,13.90,1,q1_q17_dr25_tce,5982.00,189.00,-232.00,4.493,0.048,-0.192,0.9600,0.2700,-0.1080,291.431430,38.654388,15.765
10653179,K03280.01,Kepler-1453 b,CONFIRMED,CANDIDATE,1.0000,0,0,0,0,47.160793200,4.3620000e-04,-4.3620000e-04,150.2579700,6.990000e-03,-6.990000e-03,0.0280,0.4260,-0.0280,4.00300,0.23100,-0.23100,7.2320e+02,6.170e+01,-6.170e+01,2.58,6.700e-01,-2.800e-01,503.0,,,15.07,11.47,-4.63,13.60,1,q1_q17_dr25_tce,5936.00,158.00,-193.00,4.501,0.046,-0.184,0.9650,0.2500,-0.1070,286.125550,47.947609,15.570
12066569,K03282.01,Kepler-1455 b,CONFIRMED,CANDIDATE,0.9960,0,0,0,0,49.276844800,3.3570000e-04,-3.3570000e-04,157.0207300,5.150000e-03,-5.150000e-03,0.0220,0.4190,-0.0220,3.78700,0.17100,-0.17100,1.1329e+03,7.300e+01,-7.300e+01,1.75,9.000e-02,-1.300e-01,271.0,,,1.28,0.26,-0.26,17.80,1,q1_q17_dr25_tce,3899.00,78.00,-78.00,4.713,0.039,-0.021,0.5290,0.0280,-0.0380,294.083070,50.502769,15.855
6497146,K03284.01,Kepler-438 b,CONFIRMED,CANDIDATE,1.0000,0,0,0,0,35.233069400,2.7050000e-04,-2.7050000e-04,135.3647700,6.370000e-03,-6.370000e-03,0.1390,0.3230,-0.1390,3.67400,0.21500,-0.21500,3.5280e+02,2.750e+01,-2.750e+01,0.97,6.000e-02,-7.000e-02,288.0,,,1.62,0.37,-0.34,14.50,1,q1_q17_dr25_tce,3749.00,75.00,-84.00,4.743,0.033,-0.033,0.5240,0.0330,-0.0370,281.645810,41.951092,14.467
8625813,K03285.01,,FALSE POSITIVE,FALSE POSITIVE,0.0000,0,0,1,1,45.396537900,4.8010000e-04,-4.8010000e-04,136.9486000,1.030000e-02,-1.030000e-02,0.0850,0.3890,-0.0850,3.82600,0.28500,-0.28500,1.0016e+03,7.630e+01,-7.630e+01,1.97,1.200e-01,-1.900e-01,326.0,,,2.66,0.80,-0.79,15.30,1,q1_q17_dr25_tce,4266.00,149.00,-164.00,4.626,0.049,-0.021,0.6430,0.0410,-0.0610,292.174960,44.783989,15.984
4651399,K07698.01,,FALSE POSITIVE,FALSE POSITIVE,0.1030,1,0,0,0,508.807642000,5.2720000e-03,-5.2720000e-03,368.3486100,6.430000e-03,-6.430000e-03,0.0160,0.4440,-0.0160,4.49500,0.24200,-0.24200,2.1270e+03,1.620e+02,-1.620e+02,39.59,1.003e+01,-1.110e+00,595.0,,,29.54,21.74,-4.11,14.80,1,q1_q17_dr25_tce,4893.00,124.00,-112.00,2.454,0.033,-0.030,8.8110,2.2320,-0.2480,290.700560,39.799679,15.635
5308296,K04750.01,,CANDIDATE,CANDIDATE,0.9770,0,0,0,0,36.721576000,1.3050000e-03,-1.3050000e-03,151.2481000,2.300000e-02,-2.300000e-02,0.0970,0.3550,-0.0970,7.75800,0.57600,-0.57600,5.3820e+02,6.320e+01,-6.320e+01,1.93,5.100e-01,-1.600e-01,498.0,,,14.51,11.83,-3.82,10.20,1,q1_q17_dr25_tce,5662.00,186.00,-186.00,4.560,0.031,-0.178,0.8400,0.2210,-0.0690,299.491880,40.472481,15.919
9953575,K04751.01,,FALSE POSITIVE,FALSE POSITIVE,,1,0,0,0,362.694270000,1.6070000e-02,-1.6070000e-02,154.1124000,3.680000e-02,-3.680000e-02,0.0774,0.4016,-0.0773,9.70000,1.10000,-1.10000,4.3990e+02,5.580e+01,-5.580e+01,3.54,2.600e+00,-2.030e+00,315.0,,,2.32,5.55,-1.95,11.00,,,5288.00,164.00,-154.00,3.898,0.679,-0.385,1.7190,1.2590,-0.9880,292.785920,46.808411,14.730
7887890,K04752.01,,FALSE POSITIVE,FALSE POSITIVE,,1,0,1,0,370.356390000,2.8180000e-02,-2.8180000e-02,425.9854000,4.050000e-02,-4.050000e-02,0.4140,0.0632,-0.4139,12.75000,2.00000,-2.00000,7.3220e+02,8.170e+01,-8.170e+01,2.82,1.230e+00,-2.700e-01,268.0,,,1.21,1.57,-0.36,13.00,,,6117.00,162.00,-234.00,4.457,0.048,-0.295,1.0250,0.4470,-0.0980,290.742710,43.604431,15.189
3122872,K03203.01,,CANDIDATE,CANDIDATE,0.9990,0,0,0,0,96.816470000,8.9370000e-04,-8.9370000e-04,136.5581300,7.270000e-03,-7.270000e-03,0.0340,0.4200,-0.0340,10.22700,0.19000,-0.19000,1.6470e+02,7.300e+00,-7.300e+00,3.19,3.800e-01,-9.100e-01,655.0,,,43.39,15.77,-22.77,25.90,1,q1_q17_dr25_tce,6404.00,129.00,-116.00,3.793,0.218,-0.058,2.4670,0.3010,-0.7030,292.892180,38.270512,11.816
4544628,K04753.01,,FALSE POSITIVE,FALSE POSITIVE,0.0000,0,0,1,0,0.729724346,6.0610000e-06,-6.0610000e-06,132.0427600,8.060000e-03,-8.060000e-03,0.5230,0.4490,-0.3100,2.69900,0.31700,-0.31700,2.3000e+01,2.100e+00,-2.100e+00,0.51,1.700e-01,-6.000e-02,2151.0,,,5081.58,5155.50,-1686.36,14.30,1,q1_q17_dr25_tce,6084.00,210.00,-232.00,4.426,0.072,-0.203,1.0300,0.3360,-0.1200,285.901790,39.654411,12.546
9702945,K04822.01,,CANDIDATE,CANDIDATE,,0,0,0,0,3.514137230,4.4930000e-05,-4.4930000e-05,132.4070700,9.040000e-03,-9.040000e-03,0.9353,0.0170,-0.6499,3.91900,0.28000,-0.28000,3.2700e+01,3.500e+00,-3.500e+00,0.69,3.000e-01,-6.000e-02,1267.0,,,609.04,762.75,-162.93,11.20,1,q1_q17_dr24_tce,6201.00,150.00,-184.00,4.472,0.046,-0.302,0.9890,0.4260,-0.0900,288.507020,46.406712,13.474
11401253,K04823.01,,CANDIDATE,CANDIDATE,0.8780,0,0,0,0,4.965049810,5.2550000e-05,-5.2550000e-05,135.5539900,8.070000e-03,-8.070000e-03,0.6550,0.3130,-0.4390,2.21200,0.24500,-0.24500,5.0700e+01,7.000e+00,-7.000e+00,1.51,7.500e-01,-9.200e-01,1403.0,,,917.99,1633.44,-799.34,8.70,1,q1_q17_dr25_tce,5339.00,291.00,-212.00,3.823,0.707,-0.303,2.0110,1.0040,-1.2270,290.990050,49.233131,12.739
7052511,K04824.01,,FALSE POSITIVE,FALSE POSITIVE,,0,0,1,0,0.821472455,9.8990000e-06,-9.8990000e-06,132.3003000,1.200000e-02,-1.200000e-02,0.2579,0.2240,-0.2578,2.43300,0.36800,-0.36800,1.2710e+02,1.590e+01,-1.590e+01,0.92,9.700e-01,-8.000e-02,1559.0,,,1395.92,5532.26,-370.37,11.30,1,q1_q17_dr24_tce,4889.00,194.00,-148.00,4.503,0.071,-0.632,0.8360,0.8870,-0.0740,296.820280,42.514198,15.758
4764774,K04825.01,,FALSE POSITIVE,FALSE POSITIVE,0.0010,0,0,1,0,1.290195860,1.5510000e-05,-1.5510000e-05,132.1131100,9.110000e-03,-9.110000e-03,0.0440,0.4180,-0.0440,3.74100,0.26500,-0.26500,8.6500e+01,9.100e+00,-9.100e+00,0.78,2.000e-01,-7.000e-02,1530.0,,,1293.44,992.91,-348.79,11.10,1,q1_q17_dr25_tce,5693.00,152.00,-186.00,4.558,0.033,-0.187,0.8420,0.2200,-0.0730,296.281370,39.874969,15.274
10549902,K04826.01,,CANDIDATE,CANDIDATE,0.9710,0,0,0,0,1.141148847,6.4180000e-06,-6.4180000e-06,132.2456100,4.340000e-03,-4.340000e-03,0.0620,0.3990,-0.0620,1.62900,0.15900,-0.15900,7.3100e+01,7.100e+00,-7.100e+00,1.67,2.600e-01,-4.800e-01,2248.0,,,6008.73,2493.24,-3123.63,12.70,1,q1_q17_dr25_tce,5438.00,81.00,-73.00,3.916,0.217,-0.093,1.9890,0.3080,-0.5730,297.213470,47.775429,14.580
12416597,K04895.01,,CANDIDATE,CANDIDATE,0.9210,0,0,0,0,12.460565000,2.1090000e-04,-2.1090000e-04,139.2206000,1.450000e-02,-1.450000e-02,0.0150,0.4500,-0.0150,3.90300,0.39300,-0.39300,1.4390e+02,1.690e+01,-1.690e+01,1.10,1.100e-01,-9.000e-02,726.0,,,65.72,19.76,-13.13,10.20,1,q1_q17_dr25_tce,5435.00,81.00,-81.00,4.453,0.076,-0.085,0.9330,0.1000,-0.0730,295.514950,51.203739,14.732
11135694,K04896.01,,CANDIDATE,CANDIDATE,0.9330,0,0,0,0,19.594577200,5.1400000e-04,-5.1400000e-04,150.1394000,1.870000e-02,-1.870000e-02,0.3890,0.0670,-0.3890,6.77000,0.56500,-0.56500,1.2930e+02,1.710e+01,-1.710e+01,1.18,3.700e-01,-1.600e-01,724.0,,,64.98,61.67,-22.65,8.80,2,q1_q17_dr25_tce,6118.00,191.00,-212.00,4.416,0.087,-0.203,1.0230,0.3200,-0.1370,290.900420,48.746140,15.451
9910828,K04897.01,,FALSE POSITIVE,FALSE POSITIVE,0.0000,0,0,1,1,8.480320790,9.8070000e-05,-9.8070000e-05,135.8521400,9.640000e-03,-9.640000e-03,0.0040,0.4520,-0.0040,5.79100,0.28100,-0.28100,1.7070e+02,1.360e+01,-1.360e+01,0.95,1.100e-01,-1.100e-01,759.0,,,78.45,32.37,-23.19,14.70,1,q1_q17_dr25_tce,5415.00,161.00,-161.00,4.556,0.088,-0.072,0.7280,0.0880,-0.0790,298.796050,46.722858,14.879
10065053,K04898.01,,CANDIDATE,CANDIDATE,,0,0,0,0,409.878440000,2.3300000e-02,-2.3300000e-02,238.9944000,4.140000e-02,-4.140000e-02,0.1770,0.2649,-0.1769,10.58000,1.60000,-1.60000,6.4710e+02,9.050e+01,-9.050e+01,2.72,1.330e+00,-2.500e-01,264.0,,,1.15,1.69,-0.32,8.70,1,q1_q16_tce,6167.00,168.00,-202.00,4.444,0.043,-0.309,1.0640,0.5230,-0.0980,287.348970,47.060982,15.731
11867608,K04899.01,,FALSE POSITIVE,FALSE POSITIVE,,1,0,0,0,227.625800000,2.2550000e-02,-2.2550000e-02,143.8206000,5.180000e-02,-5.180000e-02,0.2351,0.2409,-0.2349,9.47000,2.20000,-2.20000,1.3100e+02,2.360e+01,-2.360e+01,1.79,9.000e-01,-5.300e-01,394.0,,,5.70,8.82,-3.26,8.80,,,6240.00,185.00,-238.00,4.103,0.256,-0.254,1.5490,0.7830,-0.4530,293.719480,50.182030,13.607
8016691,K03286.01,Kepler-1456 b,CONFIRMED,CANDIDATE,0.9450,0,0,0,0,18.137378800,2.3070000e-04,-2.3070000e-04,136.8106000,1.150000e-02,-1.150000e-02,0.9450,0.0160,-0.6740,3.84400,0.24000,-0.24000,3.1080e+02,3.260e+01,-3.260e+01,1.41,1.100e-01,-1.500e-01,433.0,,,8.31,2.80,-2.63,11.30,1,q1_q17_dr25_tce,4257.00,148.00,-163.00,4.648,0.059,-0.023,0.6020,0.0480,-0.0640,286.945310,43.822769,15.464
6584273,K03287.01,Kepler-1457 b,CONFIRMED,CANDIDATE,0.9490,0,0,0,0,51.110479700,4.3440000e-04,-4.3440000e-04,143.7785500,7.240000e-03,-7.240000e-03,0.0290,0.4180,-0.0290,7.71200,0.21000,-0.21000,3.3000e+02,1.750e+01,-1.750e+01,1.60,4.500e-01,-1.400e-01,478.0,,,12.38,9.89,-3.25,21.90,1,q1_q17_dr25_tce,5968.00,143.00,-178.00,4.534,0.046,-0.184,0.8810,0.2460,-0.0770,283.770600,42.027241,14.060
5768816,K03288.01,Kepler-1458 b,CONFIRMED,CANDIDATE,0.8340,0,0,0,0,47.986911900,2.5680000e-04,-2.5680000e-04,160.6540100,4.460000e-03,-4.460000e-03,0.8730,0.0500,-0.5960,5.34200,0.14300,-0.14300,8.5930e+02,3.760e+01,-3.760e+01,3.35,8.800e-01,-4.700e-01,493.0,,,14.01,10.85,-4.76,25.70,1,q1_q17_dr25_tce,5641.00,152.00,-152.00,4.408,0.120,-0.180,0.9810,0.2580,-0.1390,283.211610,41.038059,14.190
3644071,K01192.02,,FALSE POSITIVE,FALSE POSITIVE,0.0000,1,0,0,1,359.047933000,3.8460000e-03,-3.8460000e-03,295.7693400,3.070000e-03,-3.070000e-03,0.0020,0.1770,-0.0020,16.63700,0.11300,-0.11300,5.6227e+03,6.490e+01,-6.490e+01,7.76,2.140e+00,-1.430e+00,260.0,,,1.08,0.89,-0.44,91.10,1,q1_q17_dr25_tce,5609.00,169.00,-152.00,4.346,0.162,-0.198,1.0480,0.2900,-0.1930,291.032170,38.703911,14.215
5360974,K03289.01,,FALSE POSITIVE,FALSE POSITIVE,0.0000,0,1,1,0,29.804269400,1.9780000e-04,-1.9780000e-04,150.6786000,5.860000e-03,-5.860000e-03,1.2370,85.5400,-7.7310,3.10700,0.21900,-0.21900,1.0465e+03,6.970e+01,-6.970e+01,24.73,3.260e+00,-2.930e+00,505.0,,,15.34,7.55,-4.86,17.90,1,q1_q17_dr25_tce,5223.00,203.00,-166.00,4.488,0.100,-0.100,0.8270,0.1090,-0.0980,291.354430,40.588879,15.945
10291589,K04754.01,,CANDIDATE,CANDIDATE,0.9640,0,0,0,0,7.087574620,8.1320000e-05,-8.1320000e-05,138.2761400,9.320000e-03,-9.320000e-03,0.3710,0.0760,-0.3710,3.34200,0.31100,-0.31100,1.8700e+02,1.970e+01,-1.970e+01,1.28,3.900e-01,-1.200e-01,955.0,,,197.02,176.60,-57.22,11.00,1,q1_q17_dr25_tce,6060.00,181.00,-199.00,4.509,0.048,-0.192,0.9250,0.2760,-0.0920,297.905270,47.336830,15.274
10118266,K04755.01,,CANDIDATE,CANDIDATE,0.9990,0,0,0,0,3.743180050,1.6120000e-05,-1.6120000e-05,135.1381600,3.500000e-03,-3.500000e-03,0.9520,0.0270,-0.6420,1.11100,0.12800,-0.12800,2.3750e+02,3.090e+01,-3.090e+01,1.75,1.200e-01,-1.000e-01,999.0,,,235.28,52.59,-39.81,10.50,1,q1_q17_dr25_tce,5207.00,83.00,-83.00,4.516,0.050,-0.055,0.8510,0.0610,-0.0500,280.665190,47.114059,14.924
5695615,K04756.01,,CANDIDATE,CANDIDATE,0.9780,0,0,0,0,5.416930300,1.0990000e-04,-1.0990000e-04,133.7916000,1.550000e-02,-1.550000e-02,1.0550,6.8460,-0.0460,7.51200,0.84500,-0.84500,1.0950e+02,1.180e+01,-1.180e+01,8.17,2.720e+00,-9.100e-01,1173.0,,,447.24,438.83,-142.24,11.30,1,q1_q17_dr25_tce,6355.00,173.00,-230.00,4.410,0.070,-0.210,1.1080,0.3700,-0.1230,288.610570,40.924740,15.411
4670267,K07699.01,,FALSE POSITIVE,FALSE POSITIVE,0.0000,0,1,0,0,1.003049079,1.1700000e-07,-1.1700000e-07,132.3724290,9.770000e-05,-9.770000e-05,0.5680,0.0040,-0.0040,7.96570,0.01190,-0.01190,2.1927e+05,2.510e+02,-2.510e+02,42.50,1.153e+01,-4.580e+00,1714.0,,,2049.63,1678.28,-605.04,1766.70,1,q1_q17_dr25_tce,5775.00,173.00,-173.00,4.518,0.069,-0.173,0.8440,0.2290,-0.0910,295.716800,39.777142,15.097
7435780,K04757.01,,FALSE POSITIVE,FALSE POSITIVE,0.0000,1,0,1,1,0.933157032,5.5680000e-06,-5.5680000e-06,132.3598100,4.250000e-03,-4.250000e-03,1.0460,0.0800,-0.7940,2.61400,0.28200,-0.28200,8.7800e+01,6.700e+00,-6.700e+00,7.29,2.220e+00,-9.600e-01,2202.0,,,5565.35,4835.94,-1883.73,15.20,1,q1_q17_dr25_tce,6499.00,154.00,-212.00,4.378,0.062,-0.188,1.1690,0.3560,-0.1530,288.975890,43.099178,15.013
8938937,K04758.01,,FALSE POSITIVE,FALSE POSITIVE,0.4060,1,0,0,0,37.108345800,8.9950000e-04,-8.9950000e-04,166.2453000,1.810000e-02,-1.810000e-02,0.6120,0.3530,-0.3930,4.11200,0.52400,-0.52400,3.6650e+02,5.420e+01,-5.420e+01,1.71,4.400e-01,-1.400e-01,492.0,,,13.84,10.74,-3.72,7.90,3,q1_q17_dr25_tce,5591.00,169.00,-186.00,4.559,0.032,-0.179,0.8600,0.2200,-0.0730,285.801850,45.216831,15.948
5651846,K04827.01,,CANDIDATE,CANDIDATE,0.9890,0,0,0,0,31.192022600,2.6380000e-04,-2.6380000e-04,153.8329600,6.600000e-03,-6.600000e-03,0.1100,0.3450,-0.1100,2.84900,0.21000,-0.21000,4.4780e+02,4.650e+01,-4.650e+01,1.65,3.500e-01,-1.600e-01,521.0,,,17.43,11.28,-4.83,11.60,1,q1_q17_dr25_tce,5675.00,170.00,-170.00,4.554,0.060,-0.140,0.7770,0.1630,-0.0750,299.468690,40.829990,15.401
10556180,K04828.01,,FALSE POSITIVE,FALSE POSITIVE,,1,0,0,0,1.021047190,1.4740000e-05,-1.4740000e-05,131.5654000,1.130000e-02,-1.130000e-02,1.0867,0.0481,-0.1035,6.39000,1.70000,-1.70000,2.4610e+02,3.640e+01,-3.640e+01,13.68,7.940e+00,-1.720e+00,2129.0,,,4852.49,8836.63,-1672.85,18.50,1,q1_q17_dr24_tce,6444.00,200.00,-243.00,4.376,0.064,-0.328,1.2000,0.6960,-0.1510,298.988920,47.761429,15.367
12401132,K04829.01,,CANDIDATE,CANDIDATE,0.9900,0,0,0,0,7.630545000,1.1410000e-03,-1.1410000e-03,907.0447100,8.680000e-03,-8.680000e-03,0.0210,0.4240,-0.0210,3.63000,0.27000,-0.27000,3.6490e+02,3.610e+01,-3.610e+01,2.26,7.900e-01,-3.100e-01,1087.0,,,330.02,338.45,-120.47,11.30,1,q1_q17_dr25_tce,6407.00,179.00,-246.00,4.358,0.087,-0.203,1.1790,0.4090,-0.1630,287.701970,51.229729,14.120
12401132,K04829.02,,FALSE POSITIVE,FALSE POSITIVE,,1,0,0,0,12.083457000,2.3610000e-03,-2.3610000e-03,134.4750000,1.590000e-01,-1.590000e-01,0.1069,0.3539,-0.1069,3.53600,0.33200,-0.33200,3.1250e+02,4.580e+01,-4.580e+01,2.09,1.320e+00,-2.700e-01,932.0,,,178.53,348.29,-65.31,8.60,,,6422.00,166.00,-277.00,4.364,0.079,-0.352,1.1750,0.7430,-0.1530,287.701970,51.229729,14.120
8308070,K04830.01,,FALSE POSITIVE,FALSE POSITIVE,,1,0,0,0,401.590700000,2.8620000e-02,-2.8620000e-02,172.2086000,4.930000e-02,-4.930000e-02,0.1752,0.2634,-0.1752,14.77000,2.40000,-2.40000,1.1500e+02,1.840e+01,-1.840e+01,1.01,4.000e-01,-9.000e-02,256.0,,,1.02,1.18,-0.27,11.90,,,6170.00,156.00,-179.00,4.482,0.052,-0.290,0.9390,0.3710,-0.0890,294.810120,44.255970,13.376
6424561,K04900.01,,CANDIDATE,CANDIDATE,0.9420,0,0,0,0,6.671672300,5.4740000e-05,-5.4740000e-05,131.9270800,6.820000e-03,-6.820000e-03,0.1670,0.2870,-0.1670,2.69300,0.25500,-0.25500,1.5440e+02,1.780e+01,-1.780e+01,1.27,4.300e-01,-1.400e-01,1024.0,,,259.72,258.68,-84.65,10.30,1,q1_q17_dr25_tce,6086.00,168.00,-232.00,4.435,0.070,-0.210,1.0210,0.3450,-0.1150,284.578060,41.890259,15.134
6956136,K03221.01,,FALSE POSITIVE,FALSE POSITIVE,0.0000,1,0,0,0,53.912783631,,,132.2733337,,,0.9840,,,44.05040,,,2.1670e+02,,,4.25,1.010e+00,-1.870e+00,697.0,,,55.85,40.94,-40.91,56.40,1,q1_q17_dr25_tce,6085.00,192.00,-234.00,3.917,0.420,-0.140,2.0200,0.4790,-0.8900,294.066410,42.486839,12.147
10661917,K04901.01,,FALSE POSITIVE,FALSE POSITIVE,0.0000,0,1,1,1,1.231423950,1.9450000e-05,-1.9450000e-05,131.7651000,1.560000e-02,-1.560000e-02,0.1870,0.3000,-0.1870,2.18600,0.56200,-0.56200,1.9600e+01,1.800e+00,-1.800e+00,0.77,1.600e-01,-2.400e-01,2317.0,,,6786.33,4390.99,-3927.08,10.80,1,q1_q17_dr25_tce,6011.00,180.00,-162.00,3.971,0.287,-0.102,1.7300,0.3630,-0.5440,290.348050,47.965191,12.976
10000162,K04902.01,,CANDIDATE,CANDIDATE,,0,0,0,0,409.386450000,2.9070000e-02,-2.9070000e-02,340.6210000,3.700000e-02,-3.700000e-02,0.0706,0.3801,-0.0705,13.78000,1.70000,-1.70000,5.3150e+02,8.370e+01,-8.370e+01,1.78,5.700e-01,-1.600e-01,197.0,,,0.35,0.35,-0.09,10.30,1,q1_q16_tce,4955.00,171.00,-136.00,4.517,0.065,-0.680,0.7990,0.2550,-0.0710,286.335450,46.917831,15.149
7799701,K04903.01,,FALSE POSITIVE,FALSE POSITIVE,0.0000,0,1,1,0,386.828262000,3.5530000e-03,-3.5530000e-03,177.5682900,7.870000e-03,-7.870000e-03,0.9530,0.0460,-0.6320,5.04500,0.52000,-0.52000,1.0249e+03,6.890e+01,-6.890e+01,6.54,1.920e+00,-1.720e+00,340.0,,,3.15,2.73,-1.69,19.70,1,q1_q17_dr25_tce,6384.00,179.00,-247.00,4.107,0.246,-0.164,1.6150,0.4730,-0.4260,281.285460,43.515480,13.637
6233483,K03291.01,,FALSE POSITIVE,FALSE POSITIVE,0.0000,0,1,1,1,15.873380300,2.4360000e-05,-2.4360000e-05,135.6277900,1.370000e-03,-1.370000e-03,0.9190,0.0030,-0.0040,7.46720,0.07560,-0.07560,4.0941e+03,4.220e+01,-4.220e+01,8.15,2.320e+00,-1.900e+00,830.0,,,111.99,96.21,-53.69,136.50,1,q1_q17_dr25_tce,6161.00,184.00,-184.00,4.276,0.282,-0.212,1.0540,0.3010,-0.2460,299.050020,41.537449,13.910
5392871,K03292.01,,FALSE POSITIVE,FALSE POSITIVE,0.0000,0,1,1,1,42.399175200,2.3530000e-04,-2.3530000e-04,151.9610500,4.700000e-03,-4.700000e-03,0.9650,0.0050,-0.0080,7.25100,0.33200,-0.33200,4.8400e+02,1.740e+01,-1.740e+01,3.23,1.050e+00,-5.300e-01,580.0,,,26.75,26.52,-10.50,36.90,1,q1_q17_dr25_tce,6133.00,193.00,-214.00,4.370,0.105,-0.210,1.1210,0.3660,-0.1830,299.064540,40.515579,13.383
3858851,K03293.01,,FALSE POSITIVE,FALSE POSITIVE,0.0000,0,1,1,1,25.951988230,9.9750000e-05,-9.9750000e-05,154.8810200,3.520000e-03,-3.520000e-03,1.2690,1.1080,-0.1990,14.60200,0.14900,-0.14900,5.1033e+03,4.860e+01,-4.860e+01,39.94,1.096e+01,-4.710e+00,680.0,,,50.51,40.97,-16.86,125.00,1,q1_q17_dr25_tce,6363.00,176.00,-242.00,4.444,0.062,-0.188,1.0350,0.2840,-0.1220,293.683620,38.994869,15.766
3858917,K03294.01,,FALSE POSITIVE,FALSE POSITIVE,0.0000,0,1,1,1,25.952240100,1.6310000e-04,-1.6310000e-04,148.9163400,5.500000e-03,-5.500000e-03,1.3750,12.1100,-0.1190,20.81300,0.26900,-0.26900,2.8969e+03,3.860e+01,-3.860e+01,42.91,1.177e+01,-3.940e+00,572.0,,,25.35,20.49,-6.85,90.50,1,q1_q17_dr25_tce,5659.00,154.00,-171.00,4.528,0.036,-0.192,0.9040,0.2480,-0.0830,293.702480,38.975449,14.691
4466356,K03295.01,,FALSE POSITIVE,FALSE POSITIVE,0.0000,0,1,1,0,14.128098960,6.4060000e-05,-6.4060000e-05,137.1198900,3.720000e-03,-3.720000e-03,0.0460,0.4320,-0.0460,2.32600,0.11800,-0.11800,2.6310e+02,1.540e+01,-1.540e+01,1.60,2.500e-01,-9.000e-02,781.0,,,87.80,35.43,-14.09,20.30,1,q1_q17_dr25_tce,6072.00,78.00,-91.00,4.470,0.030,-0.120,0.9880,0.1530,-0.0550,292.182370,39.560211,14.284
7949593,K04759.01,,CANDIDATE,CANDIDATE,0.9290,0,0,0,0,17.766293800,2.6300000e-04,-2.6300000e-04,146.6886000,1.190000e-02,-1.190000e-02,0.9090,0.0620,-0.6110,3.07900,0.35800,-0.35800,1.8110e+02,2.150e+01,-2.150e+01,1.54,2.300e-01,-8.000e-02,670.0,,,47.74,18.88,-7.13,10.10,1,q1_q17_dr25_tce,5724.00,77.00,-85.00,4.495,0.030,-0.120,0.9460,0.1420,-0.0470,287.773010,43.733910,14.971
9474232,K04760.01,,FALSE POSITIVE,FALSE POSITIVE,0.0000,0,0,1,1,13.691783300,1.4930000e-04,-1.4930000e-04,133.7889800,7.380000e-03,-7.380000e-03,0.1420,0.3170,-0.1420,4.19800,0.24000,-0.24000,1.4540e+02,1.200e+01,-1.200e+01,1.12,3.000e-01,-1.500e-01,770.0,,,83.37,63.81,-28.73,14.20,1,q1_q17_dr25_tce,5906.00,159.00,-177.00,4.433,0.120,-0.180,0.9310,0.2420,-0.1300,295.376040,46.047588,14.565
3859151,K04761.01,,FALSE POSITIVE,FALSE POSITIVE,0.0000,0,1,1,1,25.956330000,2.2570000e-03,-2.2570000e-03,154.7054000,7.230000e-02,-7.230000e-02,1.0880,6.8350,-0.0600,26.34000,5.30000,-5.30000,1.5820e+02,1.700e+01,-1.700e+01,9.75,2.710e+00,-8.500e-01,618.0,,,34.42,28.10,-9.34,11.90,1,q1_q17_dr25_tce,6139.00,165.00,-202.00,4.530,0.046,-0.196,0.8810,0.2450,-0.0770,293.761510,38.999210,14.876
7098255,K04762.01,,CANDIDATE,CANDIDATE,0.9760,0,0,0,0,11.567225890,9.7330000e-05,-9.7330000e-05,132.2538500,7.160000e-03,-7.160000e-03,0.2420,0.2080,-0.2420,2.50700,0.21500,-0.21500,3.7370e+02,3.820e+01,-3.820e+01,1.29,8.000e-02,-1.200e-01,568.0,,,24.64,6.63,-6.66,11.50,1,q1_q17_dr25_tce,4597.00,137.00,-137.00,4.590,0.056,-0.024,0.6910,0.0430,-0.0640,284.610080,42.687431,15.674
11456279,K03204.01,,FALSE POSITIVE,FALSE POSITIVE,,1,0,0,0,0.572937573,2.7180000e-06,-2.7180000e-06,131.6943200,2.990000e-03,-2.990000e-03,0.7866,0.0652,-0.5445,2.57600,0.10800,-0.10800,8.0800e+01,3.600e+00,-3.600e+00,1.57,1.250e+00,-2.000e-01,3271.0,,,27058.33,71823.64,-9954.19,32.00,,,7338.00,226.00,-336.00,4.225,0.060,-0.445,1.5930,1.2730,-0.2020,292.441350,49.316414,11.825
4670361,K07700.01,,CANDIDATE,CANDIDATE,0.3810,0,0,0,0,631.568890000,1.3340000e-02,-1.3340000e-02,145.0148000,1.650000e-02,-1.650000e-02,0.6360,9.1920,-0.0710,14.37000,1.50000,-1.50000,7.8900e+02,5.680e+01,-5.680e+01,3.13,9.800e-01,-3.300e-01,237.0,,,0.75,0.69,-0.22,20.70,1,q1_q17_dr25_tce,6382.00,170.00,-189.00,4.432,0.065,-0.208,1.0590,0.3330,-0.1110,295.736970,39.740452,14.000
5398002,K03213.01,,FALSE POSITIVE,FALSE POSITIVE,0.0000,0,1,0,0,14.158498230,8.8830000e-05,-8.8830000e-05,134.0065000,5.060000e-03,-5.060000e-03,1.2040,1.1590,-0.9250,46.35600,0.49800,-0.49800,3.4730e+02,2.600e+00,-2.600e+00,90.09,2.438e+01,-4.531e+01,1910.0,,,3145.00,2513.35,-2503.94,225.10,1,q1_q17_dr25_tce,8753.00,240.00,-411.00,3.668,0.496,-0.124,3.7460,1.0140,-1.8840,300.015010,40.527020,11.980
6680911,K04831.01,,FALSE POSITIVE,FALSE POSITIVE,,1,0,0,0,207.471349000,4.6200000e-03,-4.6200000e-03,254.0825000,1.690000e-02,-1.690000e-02,0.3093,0.1494,-0.3091,7.46900,0.85500,-0.85500,2.2920e+02,2.690e+01,-2.690e+01,1.57,5.500e-01,-2.500e-01,316.0,,,2.37,2.45,-0.84,8.00,,,5731.00,155.00,-144.00,4.359,0.137,-0.233,1.0330,0.3650,-0.1600,288.526980,42.178909,13.749
10356124,K04832.01,,FALSE POSITIVE,FALSE POSITIVE,0.0000,1,0,0,0,12.374824700,3.7230000e-04,-3.7230000e-04,138.0615000,2.270000e-02,-2.270000e-02,1.1850,1.0550,-0.7990,90.01000,3.10000,-3.10000,3.9090e+02,7.200e+00,-7.200e+00,81.01,2.386e+01,-4.091e+01,1253.0,,,583.24,517.01,-456.73,85.70,1,q1_q17_dr25_tce,5165.00,155.00,-155.00,3.491,0.602,-0.215,3.5980,1.0600,-1.8170,297.639470,47.445869,13.455
10584140,K04833.01,,CANDIDATE,CANDIDATE,1.0000,0,0,0,0,4.317242470,7.4090000e-05,-7.4090000e-05,133.4243000,1.340000e-02,-1.340000e-02,0.2520,0.2070,-0.2520,4.12600,0.40600,-0.40600,5.9000e+01,6.200e+00,-6.200e+00,1.01,2.900e-01,-2.900e-01,1332.0,,,743.60,641.87,-412.12,11.30,1,q1_q17_dr25_tce,5992.00,188.00,-209.00,4.195,0.258,-0.172,1.3100,0.3710,-0.3710,284.316930,47.887112,13.600
8233326,K04834.01,,CANDIDATE,CANDIDATE,0.8640,0,0,0,0,3.740991440,7.2230000e-05,-7.2230000e-05,132.2112000,1.670000e-02,-1.670000e-02,0.2220,0.2340,-0.2220,5.42800,0.50600,-0.50600,3.4300e+01,3.400e+00,-3.400e+00,1.85,3.300e-01,-6.600e-01,1733.0,,,2129.07,1171.02,-1365.70,12.30,1,q1_q17_dr25_tce,5110.00,142.00,-177.00,3.611,0.247,-0.152,3.2310,0.5770,-1.1550,291.794650,44.193531,13.096
4940203,K07711.01,,CANDIDATE,CANDIDATE,0.9870,0,0,0,0,302.779824000,9.5940000e-03,-9.5940000e-03,355.5989000,2.680000e-02,-2.680000e-02,0.0010,0.4400,-0.0010,16.84700,0.72100,-0.72100,2.7090e+02,2.520e+01,-2.520e+01,1.31,3.400e-01,-1.200e-01,246.0,,,0.87,0.66,-0.22,12.30,1,q1_q17_dr25_tce,5734.00,154.00,-154.00,4.572,0.042,-0.168,0.7970,0.2070,-0.0690,295.984040,40.043621,14.160
6286161,K03501.01,,FALSE POSITIVE,FALSE POSITIVE,0.0000,1,0,0,0,14.541781166,9.0000000e-06,-9.0000000e-06,144.2694010,6.250000e-04,-6.250000e-04,22.2800,60.6100,-18.3300,9.11510,0.01230,-0.01230,1.4364e+05,2.060e+02,-2.060e+02,2722.92,8.183e+02,-5.455e+02,834.0,,,114.56,104.66,-51.00,768.90,2,q1_q17_dr25_tce,5997.00,188.00,-209.00,4.304,0.162,-0.180,1.1480,0.3450,-0.2300,292.170990,41.621288,16.709
5385471,K03502.01,,FALSE POSITIVE,FALSE POSITIVE,0.0000,1,0,1,1,12.426117700,1.0770000e-04,-1.0770000e-04,141.5115600,7.880000e-03,-7.880000e-03,0.9450,0.0200,-0.0290,28.53570,0.00000,0.00000,1.2304e+03,1.530e+01,-1.530e+01,3.80,9.200e-01,-3.300e-01,724.0,,,64.95,47.44,-17.39,89.90,1,q1_q17_dr25_tce,5713.00,169.00,-186.00,4.554,0.040,-0.160,0.8510,0.2050,-0.0730,297.594940,40.594139,15.990
6368175,K03503.01,Kepler-1703 b,CONFIRMED,CANDIDATE,0.8460,0,0,0,0,21.187618500,7.1370000e-04,-7.1370000e-04,148.8101000,2.010000e-02,-2.010000e-02,0.7770,0.2120,-0.5550,3.69000,1.00000,-1.00000,7.1700e+01,9.700e+00,-9.700e+00,0.79,2.200e-01,-6.000e-02,676.0,,,49.23,40.45,-12.06,8.50,1,q1_q17_dr25_tce,6355.00,158.00,-206.00,4.547,0.036,-0.204,0.8490,0.2420,-0.0610,293.150850,41.729252,13.827
5471158,K03504.01,,FALSE POSITIVE,FALSE POSITIVE,0.0000,1,0,1,1,12.425604040,,,141.5345371,,,0.9600,,,23.94020,,,4.5890e+02,,,2.52,7.400e-01,-2.500e-01,733.0,,,68.44,63.39,-20.91,40.80,1,q1_q17_dr25_tce,5713.00,200.00,-220.00,4.541,0.036,-0.204,0.8930,0.2640,-0.0880,297.579800,40.603001,15.717
4847843,K03505.01,,FALSE POSITIVE,FALSE POSITIVE,0.0000,0,1,1,1,30.960468800,4.9060000e-04,-4.9060000e-04,156.1377000,1.320000e-02,-1.320000e-02,1.2080,39.1900,-1.3030,14.99200,0.73600,-0.73600,4.6090e+02,2.050e+01,-2.050e+01,89.18,5.148e+01,-7.078e+01,1064.0,,,303.13,504.06,-293.06,27.10,1,q1_q17_dr25_tce,5367.00,92.00,-322.00,3.216,1.472,-0.368,3.5580,2.0540,-2.8240,295.079650,39.962528,13.405
5120225,K07717.01,,FALSE POSITIVE,FALSE POSITIVE,0.0000,0,1,0,0,1.041619932,6.3100000e-07,-6.3100000e-07,131.8367170,5.280000e-04,-5.280000e-04,1.2370,0.1110,-0.0970,8.12180,0.04360,-0.04360,1.8405e+03,6.600e+00,-6.600e+00,30.94,8.680e+00,-5.770e+00,1858.0,,,2828.16,2453.63,-1192.75,374.10,1,q1_q17_dr25_tce,5838.00,193.00,-193.00,4.374,0.175,-0.193,0.9910,0.2780,-0.1850,296.913600,40.258263,13.606
9656543,K03588.01,,FALSE POSITIVE,FALSE POSITIVE,0.0000,0,1,0,0,2.544594443,5.2600000e-07,-5.2600000e-07,135.0402360,1.760000e-04,-1.760000e-04,0.5580,0.0210,-0.0200,3.21373,0.00717,-0.00717,3.4878e+05,6.780e+02,-6.780e+02,109.72,2.532e+01,-4.699e+01,1608.0,,,1582.68,1150.13,-1124.91,608.90,1,q1_q17_dr25_tce,5503.00,183.00,-166.00,4.033,0.428,-0.143,1.6160,0.3730,-0.6920,294.768620,46.374210,16.319
10751515,K03589.01,,FALSE POSITIVE,FALSE POSITIVE,0.0000,0,1,0,0,56.406510430,2.2780000e-05,-2.2780000e-05,138.3098250,3.380000e-04,-3.380000e-04,0.6250,0.0020,-0.0020,18.43320,0.01770,-0.01770,1.0229e+05,9.900e+01,-9.900e+01,21.93,2.140e+00,-1.960e+00,358.0,,,3.87,1.47,-1.09,1597.30,1,q1_q17_dr25_tce,5011.00,174.00,-174.00,4.617,0.066,-0.044,0.6470,0.0630,-0.0580,298.522060,48.032921,15.681
3348093,K03590.01,,FALSE POSITIVE,FALSE POSITIVE,0.0000,0,1,0,0,7.964400574,2.4510000e-06,-2.4510000e-06,131.5636440,3.530000e-04,-3.530000e-04,1.1210,0.0960,-0.0870,4.47610,0.01550,-0.01550,1.9090e+05,3.080e+02,-3.080e+02,61.54,2.930e+00,-5.340e+00,633.0,,,38.09,9.84,-10.52,879.20,1,q1_q17_dr25_tce,4478.00,156.00,-156.00,4.578,0.060,-0.020,0.7150,0.0340,-0.0620,292.925320,38.480991,16.200
6182846,K03591.01,,FALSE POSITIVE,FALSE POSITIVE,0.0000,0,1,1,1,6.399101307,5.3960000e-06,-5.3960000e-06,134.7022640,6.890000e-04,-6.890000e-04,1.0390,0.1890,-0.1220,4.74390,0.03910,-0.03910,8.3326e+04,6.610e+02,-6.610e+02,51.77,1.786e+01,-5.610e+00,1042.0,,,279.38,285.34,-84.02,154.40,1,q1_q17_dr25_tce,6233.00,175.00,-197.00,4.472,0.056,-0.224,0.9880,0.3410,-0.1070,283.073300,41.538670,14.798
4939346,K01873.02,Kepler-328 b,CONFIRMED,CANDIDATE,0.9890,0,0,0,0,34.916839900,7.4570000e-04,-7.4570000e-04,157.6693000,2.330000e-02,-2.330000e-02,0.0260,0.4370,-0.0260,7.34300,0.45100,-0.45100,5.0000e+02,3.520e+01,-3.520e+01,2.39,7.200e-01,-2.900e-01,602.0,,,31.13,28.66,-11.33,15.40,2,q1_q17_dr25_tce,6194.00,196.00,-295.00,4.445,0.052,-0.195,1.0690,0.3230,-0.1290,295.809300,40.008511,15.674
6442602,K07778.01,,FALSE POSITIVE,FALSE POSITIVE,0.1130,1,0,0,0,0.566782280,3.0290000e-05,-3.0290000e-05,131.8571000,5.570000e-02,-5.570000e-02,0.1530,0.3630,-0.1530,4.72500,0.55900,-0.55900,1.4680e+02,1.680e+01,-1.680e+01,0.88,6.000e-02,-8.000e-02,1661.0,,,1814.33,592.67,-518.34,15.10,1,q1_q17_dr25_tce,4796.00,172.00,-172.00,4.560,0.060,-0.035,0.7490,0.0550,-0.0680,291.721980,41.842468,15.530
9851126,K03592.01,,FALSE POSITIVE,FALSE POSITIVE,0.0000,0,1,1,1,8.480303653,1.3440000e-06,-1.3440000e-06,135.8545940,1.280000e-04,-1.280000e-04,0.1950,0.0110,-0.0180,7.48907,0.00988,-0.00988,8.1428e+04,7.130e+01,-7.130e+01,22.25,4.330e+00,-2.000e+00,762.0,,,79.65,50.42,-22.33,301.40,1,q1_q17_dr25_tce,5385.00,185.00,-185.00,4.565,0.048,-0.112,0.7870,0.1530,-0.0710,298.795320,46.670448,13.183
6268648,K01613.02,,CANDIDATE,CANDIDATE,1.0000,0,0,0,0,94.094392000,3.0530000e-03,-3.0530000e-03,196.7503000,3.330000e-02,-3.330000e-02,0.3200,0.1190,-0.3200,10.83300,0.60600,-0.60600,4.6600e+01,4.600e+00,-4.600e+00,0.90,4.000e-02,-3.000e-02,486.0,,,13.14,1.86,-1.72,10.60,2,q1_q17_dr25_tce,6099.00,79.00,-85.00,4.193,0.016,-0.018,1.3080,0.0540,-0.0540,285.476590,41.632717,11.049
11455428,K03365.01,Kepler-1480 b,CONFIRMED,CANDIDATE,0.9010,0,0,0,0,22.127088500,2.5660000e-04,-2.5660000e-04,144.9303900,8.910000e-03,-8.910000e-03,0.9560,0.0160,-0.6670,4.47200,0.26800,-0.26800,4.1820e+02,3.860e+01,-3.860e+01,3.94,1.190e+00,-1.460e+00,721.0,,,63.98,59.70,-41.56,12.60,1,q1_q17_dr25_tce,5312.00,175.00,-159.00,4.103,0.406,-0.174,1.4450,0.4380,-0.5360,291.999760,49.301811,14.523
10484409,K03366.01,,FALSE POSITIVE,FALSE POSITIVE,0.0010,0,0,1,0,10.678478700,1.1310000e-04,-1.1310000e-04,140.1590000,6.840000e-03,-6.840000e-03,0.2710,0.1760,-0.2710,2.30700,0.31900,-0.31900,2.0100e+02,2.950e+01,-2.950e+01,1.12,2.500e-01,-1.000e-01,712.0,,,60.70,40.93,-15.42,9.40,1,q1_q17_dr25_tce,5459.00,164.00,-147.00,4.583,0.034,-0.144,0.7970,0.1750,-0.0700,296.902500,47.628281,15.246
10935993,K03367.01,,CANDIDATE,CANDIDATE,0.9990,0,0,0,0,25.373654300,2.6140000e-04,-2.6140000e-04,151.8667000,7.750000e-03,-7.750000e-03,0.2650,0.2070,-0.2650,2.61900,0.26400,-0.26400,3.7290e+02,4.070e+01,-4.070e+01,1.88,6.000e-01,-2.000e-01,653.0,,,42.92,39.82,-13.31,10.60,1,q1_q17_dr25_tce,6195.00,169.00,-225.00,4.470,0.067,-0.216,0.9660,0.3050,-0.1020,298.191620,48.396259,15.056
5257082,K03368.01,,CANDIDATE,CANDIDATE,0.9550,0,0,0,0,10.085353110,6.2240000e-05,-6.2240000e-05,140.9714300,4.960000e-03,-4.960000e-03,0.5320,0.0520,-0.4320,1.75000,0.14900,-0.14900,2.2250e+02,2.470e+01,-2.470e+01,1.45,4.600e-01,-1.500e-01,843.0,,,119.67,109.08,-35.60,10.70,1,q1_q17_dr25_tce,5947.00,160.00,-196.00,4.487,0.054,-0.202,0.9450,0.2940,-0.0980,285.412660,40.425770,14.889
5796185,K03369.01,,FALSE POSITIVE,FALSE POSITIVE,0.0000,0,1,0,0,42.559265547,4.6260000e-06,-4.6260000e-06,161.5703900,9.760000e-05,-9.760000e-05,0.7750,0.0210,-0.0230,3.36626,0.00445,-0.00445,2.0799e+05,2.610e+02,-2.610e+02,51.86,1.484e+01,-4.930e+00,487.0,,,13.28,11.39,-3.75,950.00,1,q1_q17_dr25_tce,5764.00,170.00,-187.00,4.548,0.036,-0.192,0.8630,0.2470,-0.0820,293.456090,41.045849,15.831
8628665,K03434.01,,CANDIDATE,CANDIDATE,1.0000,0,0,0,0,10.285637300,1.1320000e-04,-1.1320000e-04,141.2076400,8.700000e-03,-8.700000e-03,0.3780,0.0820,-0.3780,3.04300,0.29800,-0.29800,1.3490e+02,1.630e+01,-1.630e+01,1.24,2.000e-01,-1.100e-01,864.0,,,131.91,54.59,-27.31,10.40,1,q1_q17_dr25_tce,5841.00,79.00,-79.00,4.409,0.054,-0.126,1.0600,0.1670,-0.0900,293.345210,44.700642,14.951
3945802,K03435.01,,FALSE POSITIVE,FALSE POSITIVE,0.0180,0,0,1,0,24.215799600,3.2630000e-04,-3.2630000e-04,133.4661000,1.180000e-02,-1.180000e-02,0.2070,0.2610,-0.2070,4.35900,0.32900,-0.32900,3.2220e+02,2.830e+01,-2.830e+01,1.58,3.900e-01,-2.100e-01,596.0,,,29.84,23.11,-10.28,13.60,1,q1_q17_dr25_tce,5659.00,186.00,-186.00,4.473,0.094,-0.175,0.8850,0.2200,-0.1190,289.006320,39.093342,15.259
6265665,K03436.01,Kepler-1499 b,CONFIRMED,CANDIDATE,0.9690,0,0,0,0,44.201840200,3.4810000e-04,-3.4810000e-04,163.2147100,6.390000e-03,-6.390000e-03,0.3480,0.1210,-0.3480,4.94900,0.19200,-0.19200,2.3560e+02,1.480e+01,-1.480e+01,1.14,1.200e-01,-1.200e-01,409.0,,,6.59,2.47,-1.86,18.60,1,q1_q17_dr25_tce,5002.00,151.00,-136.00,4.543,0.077,-0.063,0.7530,0.0790,-0.0790,283.986330,41.650410,13.509
5881307,K07746.01,,CANDIDATE,CANDIDATE,0.7080,0,0,0,0,393.956080000,1.9940000e-02,-1.9940000e-02,388.3294000,2.430000e-02,-2.430000e-02,0.6140,0.3600,-0.3910,13.89000,1.10000,-1.10000,4.8220e+02,5.350e+01,-5.350e+01,2.27,6.900e-01,-2.400e-01,263.0,,,1.14,1.05,-0.37,10.30,1,q1_q17_dr25_tce,6217.00,197.00,-241.00,4.472,0.062,-0.200,0.9890,0.2990,-0.1070,293.380490,41.151901,15.622
4645174,K03437.01,Kepler-1500 b,CONFIRMED,CANDIDATE,0.9950,0,0,0,0,15.033062300,1.8830000e-04,-1.8830000e-04,131.8949300,9.270000e-03,-9.270000e-03,0.8960,0.0590,-0.6060,6.32600,0.29500,-0.29500,1.3220e+02,1.020e+01,-1.020e+01,2.18,3.300e-01,-4.800e-01,928.0,,,175.74,67.18,-75.09,14.90,1,q1_q17_dr25_tce,5849.00,70.00,-79.00,4.076,0.182,-0.098,1.6010,0.2370,-0.3560,288.883330,39.744560,14.606
4645174,K03437.02,,CANDIDATE,CANDIDATE,0.9970,0,0,0,0,34.749603800,5.6270000e-04,-5.6270000e-04,158.6841200,9.520000e-03,-9.520000e-03,0.9840,0.0240,-0.7090,4.54800,0.23100,-0.23100,2.2710e+02,2.070e+01,-2.070e+01,3.51,5.300e-01,-7.800e-01,702.0,,,57.44,21.95,-24.54,11.40,2,q1_q17_dr25_tce,5849.00,70.00,-79.00,4.076,0.182,-0.098,1.6010,0.2370,-0.3560,288.883330,39.744560,14.606
8719419,K03506.01,,FALSE POSITIVE,FALSE POSITIVE,0.0000,0,1,0,0,12.625309180,3.7810000e-05,-3.7810000e-05,140.0602000,2.430000e-03,-2.430000e-03,1.1510,66.6100,-0.3690,3.16300,0.11900,-0.11900,3.9413e+04,1.433e+03,-1.433e+03,87.20,2.194e+01,-3.017e+01,1214.0,,,514.08,384.00,-328.43,32.50,1,q1_q17_dr25_tce,6878.00,190.00,-285.00,4.012,0.293,-0.158,1.8440,0.4640,-0.6380,301.146030,44.869659,12.933
9028474,K03510.01,,FALSE POSITIVE,FALSE POSITIVE,0.0000,0,1,0,0,124.935767380,8.3410000e-05,-8.3410000e-05,177.6865170,5.590000e-04,-5.590000e-04,0.5420,0.0300,-0.0200,7.56080,0.03440,-0.03440,2.4090e+05,1.247e+03,-1.247e+03,49.34,9.960e+00,-5.350e+00,362.0,,,4.06,2.35,-1.17,332.80,1,q1_q17_dr25_tce,5887.00,132.00,-162.00,4.477,0.060,-0.140,0.9410,0.1900,-0.1020,294.159520,45.375919,12.338
4349442,K01803.02,,FALSE POSITIVE,FALSE POSITIVE,0.0000,0,0,0,1,12.720298433,,,140.3669017,,,0.8050,,,2.45990,,,2.8360e+02,,,1.37,8.000e-02,-6.000e-02,589.0,,,28.37,6.26,-4.32,12.70,2,q1_q17_dr25_tce,4914.00,98.00,-98.00,4.610,0.018,-0.046,0.7240,0.0450,-0.0300,286.635530,39.488621,13.260
6124137,K07764.01,,CANDIDATE,CANDIDATE,0.9910,0,0,0,0,227.834570000,1.4020000e-02,-1.4020000e-02,238.7643000,4.540000e-02,-4.540000e-02,0.5600,0.4040,-0.3470,21.59000,1.90000,-1.90000,1.5530e+02,1.560e+01,-1.560e+01,2.83,4.500e-01,-8.300e-01,449.0,,,9.59,3.97,-5.06,13.10,1,q1_q17_dr25_tce,6004.00,80.00,-80.00,3.814,0.224,-0.096,2.1930,0.3470,-0.6440,292.010500,41.467098,13.845
3644542,K03511.01,,FALSE POSITIVE,FALSE POSITIVE,0.0000,0,1,0,0,119.679803160,2.2840000e-05,-2.2840000e-05,176.1063250,1.370000e-04,-1.370000e-04,0.5270,0.0020,-0.0030,32.19280,0.00942,-0.00942,2.9905e+05,1.080e+02,-1.080e+02,193.91,5.887e+01,-8.828e+01,847.0,,,121.45,108.76,-91.46,5357.70,1,q1_q17_dr25_tce,8275.00,229.00,-372.00,3.726,0.392,-0.140,3.2510,0.9870,-1.4800,291.170590,38.765209,8.351
6182849,K03512.01,,FALSE POSITIVE,FALSE POSITIVE,0.0000,0,1,0,0,6.399107136,2.1400000e-07,-2.1400000e-07,134.7016363,2.740000e-05,-2.740000e-05,0.2450,0.0020,-0.0020,5.21981,0.00196,-0.00196,3.7677e+05,1.330e+02,-1.330e+02,59.15,1.543e+01,-7.720e+00,1031.0,,,266.90,204.73,-88.01,4322.40,1,q1_q17_dr25_tce,6133.00,164.00,-182.00,4.435,0.116,-0.174,0.9350,0.2440,-0.1220,283.074040,41.540878,13.718
9851142,K03513.01,,FALSE POSITIVE,FALSE POSITIVE,0.0000,0,1,0,1,8.480304281,3.3200000e-07,-3.3200000e-07,135.8545340,3.120000e-05,-3.120000e-05,0.2350,0.0030,-0.0030,7.46159,0.00234,-0.00234,8.3115e+04,1.890e+01,-1.890e+01,65.00,1.103e+01,-1.656e+01,1504.0,,,1210.22,566.98,-600.16,5219.50,1,q1_q17_dr25_tce,7059.00,126.00,-169.00,3.946,0.195,-0.105,2.2100,0.3750,-0.5630,298.800200,46.665539,7.631
3442054,K03593.01,,FALSE POSITIVE,FALSE POSITIVE,0.0000,0,1,0,0,117.681377800,1.7350000e-05,-1.7350000e-05,147.2069610,1.160000e-04,-1.160000e-04,0.4330,0.0030,-0.0030,12.75910,0.00856,-0.00856,4.5362e+04,2.250e+01,-2.250e+01,45.43,9.570e+00,-1.554e+01,575.0,,,25.76,15.95,-15.69,2426.90,1,q1_q17_dr25_tce,6429.00,162.00,-162.00,3.899,0.280,-0.100,2.0790,0.4380,-0.7110,291.018800,38.569859,12.112
4079530,K03594.01,,FALSE POSITIVE,FALSE POSITIVE,0.0000,0,1,0,0,17.727226480,1.1080000e-05,-1.1080000e-05,144.0704020,7.070000e-04,-7.070000e-04,0.3810,0.0100,-0.0130,4.13760,0.01180,-0.01180,1.4714e+05,2.010e+02,-2.010e+02,35.18,1.084e+01,-3.620e+00,692.0,,,54.32,50.97,-16.95,922.10,1,q1_q17_dr25_tce,6021.00,190.00,-232.00,4.520,0.052,-0.208,0.8950,0.2760,-0.0920,296.734500,39.186111,15.556
6445531,K07779.01,,FALSE POSITIVE,FALSE POSITIVE,0.0000,0,0,1,1,1.710249310,1.6400000e-05,-1.6400000e-05,131.6423000,1.050000e-02,-1.050000e-02,0.5080,0.4550,-0.3010,2.83300,0.78000,-0.78000,9.8600e+01,3.190e+01,-3.190e+01,1.20,3.500e-01,-1.500e-01,1766.0,,,2298.20,2001.71,-798.07,9.40,1,q1_q17_dr25_tce,6418.00,179.00,-246.00,4.395,0.062,-0.188,1.1710,0.3450,-0.1480,292.706600,41.894218,15.761
10677186,K03595.01,,FALSE POSITIVE,FALSE POSITIVE,0.0000,0,1,0,0,100.401327340,2.5140000e-05,-2.5140000e-05,216.0831940,1.990000e-04,-1.990000e-04,0.4360,0.0050,-0.0060,9.74360,0.01250,-0.01250,5.3782e+04,4.970e+01,-4.970e+01,26.00,7.610e+00,-4.680e+00,420.0,,,7.37,6.56,-3.07,1331.00,1,q1_q17_dr25_tce,5903.00,184.00,-205.00,4.353,0.128,-0.192,1.1000,0.3220,-0.1980,296.222930,47.923920,15.017
9025914,K03596.01,,FALSE POSITIVE,FALSE POSITIVE,0.0000,0,1,0,0,11.320287875,2.2970000e-06,-2.2970000e-06,131.8030420,2.250000e-04,-2.250000e-04,0.5260,0.0040,-0.0040,4.82219,0.00501,-0.00501,2.4341e+05,3.170e+02,-3.170e+02,59.23,1.609e+01,-1.314e+01,928.0,,,175.69,145.91,-84.77,1539.90,1,q1_q17_dr25_tce,6153.00,194.00,-237.00,4.302,0.180,-0.180,1.1270,0.3060,-0.2500,293.263280,45.349419,16.756
9366988,K03597.01,,FALSE POSITIVE,FALSE POSITIVE,0.0030,0,1,1,0,1.219034103,5.1000000e-07,-5.1000000e-07,132.1006940,4.350000e-04,-4.350000e-04,0.4550,0.0210,-0.0370,2.44940,0.02090,-0.02090,9.5697e+04,4.260e+02,-4.260e+02,40.46,1.101e+01,-1.102e+01,1977.0,,,3621.09,3056.32,-1945.05,319.10,1,q1_q17_dr25_tce,5914.00,196.00,-196.00,4.217,0.246,-0.164,1.2710,0.3460,-0.3460,299.971560,45.811932,14.371
11657614,K03370.01,,CANDIDATE,CANDIDATE,0.9030,0,0,0,0,24.352541000,1.4060000e-03,-1.4060000e-03,147.1949000,4.310000e-02,-4.310000e-02,0.5050,0.5270,-0.2930,2.78200,0.81400,-0.81400,3.4910e+02,8.580e+01,-8.580e+01,1.52,5.000e-02,-1.100e-01,498.0,,,14.52,2.04,-2.73,5.80,2,q1_q17_dr25_tce,4891.00,78.00,-78.00,4.516,0.068,-0.020,0.8050,0.0280,-0.0560,289.438960,49.731220,14.779
11657614,K03370.02,Kepler-1481 b,CONFIRMED,CANDIDATE,0.9960,0,0,0,0,5.942286030,7.9140000e-05,-7.9140000e-05,133.8040000,1.050000e-02,-1.050000e-02,0.0970,0.3670,-0.0970,2.16900,0.34000,-0.34000,2.5000e+02,4.060e+01,-4.060e+01,1.23,4.000e-02,-8.000e-02,797.0,,,95.34,13.42,-17.94,7.50,1,q1_q17_dr25_tce,4891.00,78.00,-78.00,4.516,0.068,-0.020,0.8050,0.0280,-0.0560,289.438960,49.731220,14.779
5687986,K07735.01,,CANDIDATE,CANDIDATE,0.3180,0,0,0,0,382.303060000,3.0960000e-02,-3.0960000e-02,356.7308000,3.240000e-02,-3.240000e-02,0.5970,0.0000,-0.4870,8.83000,5.50000,-5.50000,2.2560e+02,2.090e+01,-2.090e+01,4.05,6.900e-01,-1.490e+00,400.0,,,6.04,3.25,-3.90,9.60,1,q1_q17_dr25_tce,5993.00,178.00,-178.00,3.733,0.323,-0.108,2.5900,0.4390,-0.9510,285.369930,40.907429,13.104
11125797,K03371.01,,CANDIDATE,CANDIDATE,0.9980,0,0,0,0,58.126377500,5.8450000e-04,-5.8450000e-04,163.1168700,7.960000e-03,-7.960000e-03,0.0160,0.4660,-0.0160,4.01800,0.22000,-0.22000,2.7150e+02,2.120e+01,-2.120e+01,1.32,1.700e-01,-4.000e-02,404.0,,,6.28,2.06,-0.75,13.80,1,q1_q17_dr25_tce,5413.00,73.00,-81.00,4.579,0.011,-0.105,0.8200,0.1000,-0.0270,285.313810,48.725250,13.747
9785921,K03372.01,Kepler-1997 b,CONFIRMED,CANDIDATE,0.9940,0,0,0,0,26.757586600,2.9420000e-04,-2.9420000e-04,137.2871700,9.030000e-03,-9.030000e-03,0.4070,0.0580,-0.4070,5.85800,0.27800,-0.27800,4.5530e+02,2.980e+01,-2.980e+01,2.28,7.200e-01,-2.800e-01,660.0,,,44.86,42.94,-15.99,17.70,1,q1_q17_dr25_tce,6215.00,194.00,-259.00,4.440,0.065,-0.208,1.0520,0.3320,-0.1330,297.480900,46.589142,15.420
3102000,K03373.01,,FALSE POSITIVE,FALSE POSITIVE,0.0000,0,1,0,0,57.059999200,1.7010000e-05,-1.7010000e-05,164.2570600,2.510000e-04,-2.510000e-04,0.1940,0.0260,-0.0390,7.46300,0.01800,-0.01800,6.6168e+04,1.060e+02,-1.060e+02,22.31,5.610e+00,-2.100e+00,455.0,,,10.11,7.52,-2.76,751.50,1,q1_q17_dr25_tce,5931.00,161.00,-178.00,4.545,0.040,-0.160,0.8630,0.2170,-0.0810,287.349460,38.286041,15.936
6599975,K03438.01,Kepler-1501 b,CONFIRMED,CANDIDATE,0.9740,0,0,0,0,14.556561800,1.2220000e-04,-1.2220000e-04,141.0367100,6.580000e-03,-6.580000e-03,0.0310,0.4330,-0.0310,4.55400,0.17500,-0.17500,1.0380e+02,6.900e+00,-6.900e+00,1.08,1.400e-01,-6.000e-02,787.0,,,90.40,30.15,-13.85,17.10,1,q1_q17_dr25_tce,6065.00,66.00,-96.00,4.452,0.024,-0.102,1.0610,0.1380,-0.0530,289.918520,42.001431,13.710
8266276,K01731.02,,FALSE POSITIVE,FALSE POSITIVE,0.0220,0,0,1,0,0.837898153,5.3560000e-06,-5.3560000e-06,131.9818700,6.580000e-03,-6.580000e-03,0.0710,0.3890,-0.0710,2.10400,0.20300,-0.20300,2.6890e+02,2.370e+01,-2.370e+01,1.26,6.000e-02,-1.300e-01,1478.0,,,1128.57,316.83,-327.36,13.90,2,q1_q17_dr25_tce,4748.00,172.00,-153.00,4.526,0.071,-0.038,0.7970,0.0430,-0.0800,301.469300,44.159649,15.720
5887316,K07747.01,,FALSE POSITIVE,FALSE POSITIVE,0.3620,0,0,1,0,0.603086711,1.3900000e-07,-1.3900000e-07,131.6640750,1.820000e-04,-1.820000e-04,1.2510,2.6020,-0.1170,1.08690,0.01370,-0.01370,1.2428e+03,9.900e+00,-9.900e+00,36.00,4.800e+00,-2.220e+00,2459.0,,,8675.90,2956.27,-1452.52,170.00,1,q1_q17_dr25_tce,6353.00,69.00,-88.00,4.397,0.032,-0.097,1.1340,0.1510,-0.0700,295.045590,41.104210,13.989
4282191,K03439.01,Kepler-1502 b,CONFIRMED,CANDIDATE,0.9980,0,0,0,0,41.708406300,3.1580000e-04,-3.1580000e-04,153.5379300,5.880000e-03,-5.880000e-03,0.6710,0.0520,-0.4930,8.56700,0.18900,-0.18900,3.3000e+02,1.530e+01,-1.530e+01,2.19,6.300e-01,-2.700e-01,608.0,,,32.24,26.38,-10.54,24.30,1,q1_q17_dr25_tce,6434.00,144.00,-208.00,4.394,0.060,-0.180,1.1380,0.3300,-0.1410,296.107910,39.319908,14.155
3559860,K03440.01,Kepler-1980 b,CONFIRMED,CANDIDATE,0.1790,0,0,0,0,33.025717900,6.1810000e-04,-6.1810000e-04,161.0100000,1.230000e-02,-1.230000e-02,0.0440,0.4130,-0.0440,6.03200,0.45000,-0.45000,5.0710e+02,4.720e+01,-4.720e+01,2.21,3.600e-01,-1.200e-01,564.0,,,23.95,10.11,-3.79,12.20,1,q1_q17_dr25_tce,5819.00,69.00,-87.00,4.468,0.032,-0.128,0.9900,0.1630,-0.0540,295.167210,38.637081,15.606
10651945,K03441.01,,FALSE POSITIVE,FALSE POSITIVE,0.0000,0,1,0,0,25.366990665,2.0310000e-06,-2.0310000e-06,138.8144224,6.630000e-05,-6.630000e-05,0.8600,0.0090,-0.0090,5.95560,0.00431,-0.00431,1.5058e+05,8.020e+01,-8.020e+01,56.02,1.909e+01,-6.350e+00,665.0,,,46.09,46.00,-14.76,2206.50,1,q1_q17_dr25_tce,6208.00,166.00,-222.00,4.454,0.058,-0.232,1.0240,0.3490,-0.1160,285.438050,47.903450,15.538
7117003,K03514.01,,FALSE POSITIVE,FALSE POSITIVE,0.0000,1,0,0,0,428.321739280,9.4670000e-05,-9.4670000e-05,276.5303520,1.870000e-04,-1.870000e-04,0.5310,0.0050,-0.0040,40.59920,0.01130,-0.01130,3.1700e+05,1.330e+02,-1.330e+02,49.76,1.117e+01,-5.560e+00,220.0,,,0.56,0.38,-0.17,4594.80,1,q1_q17_dr25_tce,5662.00,169.00,-152.00,4.532,0.063,-0.147,0.8060,0.1810,-0.0900,291.543910,42.638988,14.173
3240159,K03515.01,,FALSE POSITIVE,FALSE POSITIVE,0.0000,0,1,0,0,82.137609997,2.9970000e-06,-2.9970000e-06,196.1225133,2.920000e-05,-2.920000e-05,1.2210,0.0150,-0.0150,6.11904,0.00272,-0.00272,2.1077e+05,8.200e+01,-8.200e+01,197.85,4.317e+01,-7.011e+01,640.0,,,39.55,25.32,-24.67,3583.10,1,q1_q17_dr25_tce,6395.00,162.00,-162.00,3.904,0.307,-0.102,2.0120,0.4390,-0.7130,292.713170,38.369659,12.261
6147851,K07766.01,,FALSE POSITIVE,FALSE POSITIVE,0.0010,0,0,1,0,3.060260140,4.0470000e-05,-4.0470000e-05,132.7620000,1.010000e-02,-1.010000e-02,0.6750,0.0270,-0.5040,2.54500,0.41800,-0.41800,5.9900e+01,9.200e+00,-9.200e+00,0.83,2.400e-01,-1.000e-01,1284.0,,,642.06,542.52,-205.54,10.10,1,q1_q17_dr25_tce,5878.00,158.00,-176.00,4.426,0.087,-0.203,1.0100,0.2910,-0.1250,298.139650,41.417229,14.255
9658118,K03516.01,,FALSE POSITIVE,FALSE POSITIVE,0.0000,0,1,0,0,24.061274400,4.6040000e-05,-4.6040000e-05,138.3874700,1.760000e-03,-1.760000e-03,0.4610,0.0070,-0.0060,19.94380,0.02360,-0.02360,4.4015e+05,4.670e+02,-4.670e+02,83.77,2.429e+01,-1.310e+01,749.0,,,74.37,63.84,-29.18,1161.10,1,q1_q17_dr25_tce,6461.00,181.00,-250.00,4.338,0.108,-0.186,1.1380,0.3300,-0.1780,295.366030,46.377232,14.158
7132542,K03517.01,,FALSE POSITIVE,FALSE POSITIVE,0.0000,0,1,0,0,66.360999160,2.0800000e-05,-2.0800000e-05,168.3796420,2.550000e-04,-2.550000e-04,0.4860,0.0050,-0.0050,20.06140,0.01450,-0.01450,4.1674e+05,2.710e+02,-2.710e+02,61.42,1.426e+01,-8.820e+00,420.0,,,7.33,5.21,-2.58,1866.70,1,q1_q17_dr25_tce,5583.00,169.00,-169.00,4.463,0.121,-0.162,0.8570,0.1990,-0.1230,295.885220,42.621880,15.327
8589754,K03518.01,,FALSE POSITIVE,FALSE POSITIVE,0.0000,0,1,0,0,8.939461148,1.0890000e-06,-1.0890000e-06,133.0139440,1.290000e-04,-1.290000e-04,0.5580,0.0050,-0.0050,6.19136,0.00340,-0.00340,3.5783e+05,1.780e+02,-1.780e+02,153.32,3.176e+01,-6.877e+01,1407.0,,,926.24,581.32,-682.11,2427.50,1,q1_q17_dr25_tce,6461.00,181.00,-227.00,3.846,0.456,-0.114,2.2250,0.4610,-0.9980,300.790010,44.653400,14.002
3757590,K03520.01,,FALSE POSITIVE,FALSE POSITIVE,0.6950,0,1,0,0,135.586076790,2.5420000e-06,-2.5420000e-06,177.9285627,1.610000e-05,-1.610000e-05,0.5490,0.0020,-0.0020,5.54241,0.00099,-0.00099,3.6313e+05,5.930e+01,-5.930e+01,89.83,1.532e+01,-6.150e+00,429.0,,,7.99,3.43,-1.43,6788.80,1,q1_q17_dr25_tce,6401.00,69.00,-88.00,4.324,0.040,-0.112,1.3010,0.2220,-0.0890,294.143710,38.877392,13.674
2437149,K03598.01,,FALSE POSITIVE,FALSE POSITIVE,0.0000,0,1,0,0,18.798621950,1.5370000e-05,-1.5370000e-05,138.0282680,5.980000e-04,-5.980000e-04,0.5240,0.0180,-0.0170,7.47820,0.01790,-0.01790,3.8020e+05,8.600e+02,-8.600e+02,55.07,1.066e+01,-4.560e+00,575.0,,,25.91,16.39,-6.99,551.30,1,q1_q17_dr25_tce,5334.00,185.00,-185.00,4.585,0.030,-0.128,0.7960,0.1540,-0.0660,290.205750,37.769138,17.628
9715925,K03599.01,,FALSE POSITIVE,FALSE POSITIVE,0.0000,0,1,0,0,6.308285380,1.2950000e-06,-1.2950000e-06,134.3799450,1.860000e-04,-1.860000e-04,0.6900,0.0150,-0.0130,2.48633,0.00712,-0.00712,1.1353e+05,3.560e+02,-3.560e+02,29.34,3.230e+00,-3.240e+00,803.0,,,98.21,42.48,-30.71,559.20,1,q1_q17_dr25_tce,5069.00,194.00,-176.00,4.524,0.080,-0.064,0.7800,0.0860,-0.0860,294.164460,46.423988,16.515
9529733,K03600.01,,FALSE POSITIVE,FALSE POSITIVE,0.0000,0,1,0,0,4.809126670,1.6310000e-05,-1.6310000e-05,134.0793900,2.790000e-03,-2.790000e-03,0.4710,0.0030,-0.0050,7.93310,0.01240,-0.01240,1.3409e+05,1.680e+02,-1.680e+02,44.30,1.447e+01,-5.170e+00,1270.0,,,615.74,593.32,-204.35,1033.20,1,q1_q17_dr25_tce,6462.00,179.00,-246.00,4.371,0.070,-0.210,1.1660,0.3810,-0.1360,293.208800,46.173061,14.038
9613070,K03601.01,,FALSE POSITIVE,FALSE POSITIVE,0.0000,0,1,0,0,2.332115050,3.1880000e-06,-3.1880000e-06,132.1968300,1.130000e-03,-1.130000e-03,1.7470,0.3030,-0.1570,2.96723,0.00921,-0.00921,1.0595e+05,1.420e+02,-1.420e+02,140.22,3.973e+01,-2.448e+01,1594.0,,,1530.05,1284.72,-639.83,997.80,1,q1_q17_dr25_tce,6384.00,179.00,-247.00,4.348,0.124,-0.186,1.0940,0.3100,-0.1910,300.156490,46.203320,14.087
9967771,K01875.02,Kepler-990 c,CONFIRMED,CANDIDATE,1.0000,0,0,0,0,0.538354070,6.7500000e-07,-6.7500000e-07,131.6499900,1.010000e-03,-1.010000e-03,0.3340,0.1160,-0.3340,1.50450,0.03260,-0.03260,1.9020e+02,4.800e+00,-4.800e+00,1.67,2.400e-01,-3.300e-01,2386.0,,,7609.22,2977.95,-2913.75,46.60,1,q1_q17_dr25_tce,5539.00,83.00,-74.00,4.244,0.174,-0.101,1.2070,0.1750,-0.2330,297.938200,46.881401,14.498
10845188,K03602.01,,FALSE POSITIVE,FALSE POSITIVE,0.0000,0,1,0,0,249.362118320,8.7060000e-05,-8.7060000e-05,279.6582960,2.110000e-04,-2.110000e-04,1.1700,0.1180,-0.0660,8.35590,0.01190,-0.01190,3.5830e+04,4.920e+01,-4.920e+01,48.69,1.342e+01,-8.930e+00,308.0,,,2.14,1.73,-0.86,846.10,1,q1_q17_dr25_tce,5940.00,159.00,-159.00,4.352,0.162,-0.180,1.0200,0.2810,-0.1870,283.552520,48.222939,13.867
6543893,K01627.03,,CANDIDATE,CANDIDATE,0.9860,0,0,0,0,3.806758780,4.8890000e-05,-4.8890000e-05,133.7492000,9.240000e-03,-9.240000e-03,0.2600,0.1950,-0.2600,2.09200,0.21800,-0.21800,2.3190e+02,2.580e+01,-2.580e+01,2.75,4.500e-01,-6.200e-01,1574.0,,,1449.04,623.13,-626.79,10.40,3,q1_q17_dr25_tce,6068.00,82.00,-82.00,4.040,0.182,-0.112,1.7970,0.2950,-0.4060,297.583130,41.952431,15.767
5709103,K07736.01,,FALSE POSITIVE,FALSE POSITIVE,0.0000,0,1,1,0,0.664727127,6.6780000e-06,-6.6780000e-06,131.6351600,8.060000e-03,-8.060000e-03,0.3820,0.1160,-0.3820,1.56100,0.39700,-0.39700,1.6200e+01,3.300e+00,-3.300e+00,0.46,7.000e-02,-5.000e-02,2343.0,,,7149.67,3165.89,-1852.86,7.60,1,q1_q17_dr25_tce,6143.00,83.00,-92.00,4.344,0.110,-0.121,1.1160,0.1890,-0.1260,292.932950,40.986401,12.879
6705026,K03374.01,Kepler-1483 b,CONFIRMED,CANDIDATE,0.9690,0,0,0,0,9.508487100,1.1560000e-04,-1.1560000e-04,140.5602000,1.010000e-02,-1.010000e-02,0.1430,0.3120,-0.1430,4.37200,0.24600,-0.24600,9.7900e+01,8.400e+00,-8.400e+00,1.65,3.300e-01,-3.300e-01,1131.0,,,386.61,199.91,-151.96,13.30,1,q1_q17_dr25_tce,6144.00,80.00,-80.00,4.106,0.159,-0.130,1.6680,0.3340,-0.3340,295.409790,42.150829,14.440
6705026,K03374.02,,CANDIDATE,CANDIDATE,0.9490,0,0,0,0,34.108656200,7.0450000e-04,-7.0450000e-04,158.4310000,1.550000e-02,-1.550000e-02,0.3180,0.1340,-0.3180,6.40500,0.45500,-0.45500,1.3380e+02,1.200e+01,-1.200e+01,1.95,3.800e-01,-3.900e-01,739.0,,,70.40,36.40,-27.67,11.70,2,q1_q17_dr25_tce,6144.00,80.00,-80.00,4.106,0.159,-0.130,1.6680,0.3340,-0.3340,295.409790,42.150829,14.440
6779726,K03375.01,Kepler-1918 b,CONFIRMED,CANDIDATE,0.9990,0,0,0,0,47.056332700,7.0670000e-04,-7.0670000e-04,173.9653000,1.240000e-02,-1.240000e-02,0.3610,0.0880,-0.3610,4.80700,0.35100,-0.35100,7.6200e+02,7.560e+01,-7.560e+01,2.57,7.500e-01,-3.200e-01,497.0,,,14.43,12.76,-4.84,12.10,1,q1_q17_dr25_tce,5889.00,186.00,-206.00,4.492,0.065,-0.208,0.9240,0.2680,-0.1150,292.530550,42.214649,15.695
3098843,K03376.02,,FALSE POSITIVE,FALSE POSITIVE,,0,0,1,0,179.850223310,,,225.3762426,,,,,,2.95000,,,,,,,,,,,,,,,,,,,,,,,,,,,286.232640,38.202888,14.372
5553959,K03377.01,,CANDIDATE,CANDIDATE,1.0000,0,0,0,0,10.010031200,4.7240000e-05,-4.7240000e-05,131.6143400,3.830000e-03,-3.830000e-03,0.0700,0.3740,-0.0700,1.35000,0.12100,-0.12100,3.7580e+02,3.730e+01,-3.730e+01,0.99,7.000e-02,-1.100e-01,506.0,,,15.56,4.29,-4.69,12.40,1,q1_q17_dr25_tce,4338.00,117.00,-143.00,4.731,0.065,-0.035,0.5080,0.0360,-0.0540,297.050660,40.717419,15.318
7288306,K03443.01,Kepler-1503 b,CONFIRMED,CANDIDATE,0.9850,0,0,0,0,96.169569000,1.0860000e-03,-1.0860000e-03,170.2581000,9.540000e-03,-9.540000e-03,0.0490,0.4110,-0.0490,7.49600,0.27500,-0.27500,8.9450e+02,5.200e+01,-5.200e+01,2.07,3.300e-01,-1.400e-01,321.0,,,2.52,1.30,-0.58,20.00,1,q1_q17_dr25_tce,5340.00,160.00,-160.00,4.633,0.036,-0.090,0.7020,0.1120,-0.0480,293.727170,42.806759,15.796
5887393,K07748.01,,FALSE POSITIVE,FALSE POSITIVE,0.0480,0,0,1,0,1.550903740,1.1880000e-05,-1.1880000e-05,131.6196600,6.190000e-03,-6.190000e-03,0.8170,0.1500,-0.5750,3.02800,0.19300,-0.19300,1.1300e+01,1.200e+00,-1.200e+00,1.11,1.500e-01,-5.000e-01,3190.0,,,24453.38,11051.11,-18327.66,11.80,1,q1_q17_dr25_tce,7612.00,211.00,-343.00,3.787,0.391,-0.092,2.9680,0.4180,-1.3390,295.062840,41.124611,11.626
5384713,K03444.01,,CANDIDATE,CANDIDATE,1.0000,0,0,0,0,12.671436920,9.1490000e-05,-9.1490000e-05,137.5070700,5.980000e-03,-5.980000e-03,0.0470,0.4190,-0.0470,2.49800,0.17800,-0.17800,2.1580e+02,1.780e+01,-1.780e+01,0.76,4.000e-02,-6.000e-02,404.0,,,6.31,1.31,-1.30,13.70,3,q1_q17_dr25_tce,3705.00,74.00,-74.00,4.721,0.039,-0.021,0.5290,0.0300,-0.0380,297.429200,40.561909,13.693
5384713,K03444.02,,CANDIDATE,CANDIDATE,0.0000,0,0,0,0,60.326688240,5.6210000e-05,-5.6210000e-05,145.0574720,7.470000e-04,-7.470000e-04,0.9740,24.4000,-0.0530,1.68640,0.04230,-0.04230,3.1467e+03,6.750e+01,-6.750e+01,4.98,2.800e-01,-3.600e-01,240.0,,,0.79,0.16,-0.16,57.00,1,q1_q17_dr25_tce,3705.00,74.00,-74.00,4.721,0.039,-0.021,0.5290,0.0300,-0.0380,297.429200,40.561909,13.693
5384713,K03444.03,,CANDIDATE,CANDIDATE,0.9770,0,0,0,0,2.635954350,1.7570000e-05,-1.7570000e-05,132.3198400,6.240000e-03,-6.240000e-03,0.0050,0.4500,-0.0050,1.30900,0.19300,-0.19300,9.3700e+01,1.300e+01,-1.300e+01,0.50,3.000e-02,-4.000e-02,682.0,,,51.07,10.65,-10.49,9.20,2,q1_q17_dr25_tce,3705.00,74.00,-74.00,4.721,0.039,-0.021,0.5290,0.0300,-0.0380,297.429200,40.561909,13.693
11860395,K03445.01,Kepler-1504 b,CONFIRMED,CANDIDATE,0.8610,0,0,0,0,82.303914000,1.4400000e-03,-1.4400000e-03,159.0461000,1.620000e-02,-1.620000e-02,0.8590,0.0850,-0.6060,15.40400,0.46600,-0.46600,7.3700e+02,3.720e+01,-3.720e+01,4.47,6.500e-01,-9.800e-01,485.0,,,13.05,5.13,-5.51,22.30,1,q1_q17_dr25_tce,5602.00,84.00,-75.00,4.130,0.195,-0.090,1.4250,0.2080,-0.3120,289.712010,50.128208,15.654
5456023,K03521.01,,FALSE POSITIVE,FALSE POSITIVE,0.0000,0,1,0,0,131.978277360,6.9900000e-06,-6.9900000e-06,179.5881190,4.040000e-05,-4.040000e-05,0.5800,0.0140,-0.0140,7.14981,0.00378,-0.00378,3.4594e+05,1.100e+02,-1.100e+02,147.83,7.988e+01,-9.763e+01,457.0,,,10.32,16.70,-9.26,3766.30,1,q1_q17_dr25_tce,4916.00,122.00,-146.00,3.717,0.900,-0.300,2.1820,1.1790,-1.4410,294.036220,40.659191,14.313
6187888,K07768.01,,FALSE POSITIVE,FALSE POSITIVE,0.0000,0,0,1,1,0.789171236,7.8570000e-06,-7.8570000e-06,132.1233300,7.610000e-03,-7.610000e-03,0.4170,0.0530,-0.4170,1.73400,0.26600,-0.26600,7.3400e+01,1.050e+01,-1.050e+01,0.69,4.000e-02,-7.000e-02,1527.0,,,1291.41,320.38,-369.95,9.00,1,q1_q17_dr25_tce,4776.00,129.00,-143.00,4.516,0.078,-0.045,0.8110,0.0480,-0.0830,285.516880,41.534321,15.352
9529744,K01806.02,Kepler-320 c,CONFIRMED,CANDIDATE,0.9710,0,0,0,0,17.934660600,1.4630000e-04,-1.4630000e-04,138.2167900,5.830000e-03,-5.830000e-03,0.9760,0.0480,-0.7140,6.25000,0.16700,-0.16700,1.4270e+02,7.400e+00,-7.400e+00,2.80,6.500e-01,-7.900e-01,1002.0,,,238.78,164.48,-128.98,18.80,2,q1_q17_dr25_tce,6426.00,175.00,-175.00,4.013,0.259,-0.130,1.7750,0.4110,-0.5030,293.213560,46.175129,13.474
12021387,K03522.01,,FALSE POSITIVE,FALSE POSITIVE,0.9900,0,1,0,0,241.070745820,1.5600000e-05,-1.5600000e-05,223.9933126,4.860000e-05,-4.860000e-05,0.4180,0.0010,-0.0010,9.88863,0.00332,-0.00332,7.0292e+04,2.010e+01,-2.010e+01,76.53,1.185e+01,-3.558e+01,699.0,,,56.58,35.12,-45.95,4257.40,1,q1_q17_dr25_tce,9414.00,470.00,-941.00,3.883,0.360,-0.096,2.7770,0.4300,-1.2910,295.910830,50.409760,10.656
8044608,K03523.01,,FALSE POSITIVE,FALSE POSITIVE,0.0000,0,1,0,0,106.175938130,4.7370000e-06,-4.7370000e-06,234.6409876,3.250000e-05,-3.250000e-05,0.7180,0.0030,-0.0030,10.41680,0.00250,-0.00250,1.6474e+05,3.850e+01,-3.850e+01,54.91,1.593e+01,-1.444e+01,441.0,,,8.94,7.60,-4.64,7056.80,1,q1_q17_dr25_tce,6038.00,163.00,-181.00,4.254,0.258,-0.172,1.1410,0.3310,-0.3000,296.904050,43.823891,13.742
8760135,K03524.01,,FALSE POSITIVE,FALSE POSITIVE,0.0000,0,1,0,0,184.646720800,1.0010000e-04,-1.0010000e-04,151.9845800,4.450000e-04,-4.450000e-04,0.4920,0.0090,-0.0070,18.98690,0.02280,-0.02280,4.1027e+05,4.490e+02,-4.490e+02,72.80,2.056e+01,-8.830e+00,320.0,,,2.49,2.07,-0.81,1113.20,1,q1_q17_dr25_tce,5713.00,154.00,-188.00,4.414,0.098,-0.196,1.0230,0.2890,-0.1240,294.371280,44.924759,15.603
4073707,K03525.01,,FALSE POSITIVE,FALSE POSITIVE,0.0000,1,0,0,0,6.282033445,1.3560000e-06,-1.3560000e-06,131.5907930,1.960000e-04,-1.960000e-04,1.7770,0.1160,-0.1010,8.37770,0.01800,-0.01800,1.8179e+05,1.990e+02,-1.990e+02,144.85,4.393e+01,-1.885e+01,1029.0,,,264.78,243.93,-93.44,1178.00,1,q1_q17_dr25_tce,6074.00,190.00,-233.00,4.450,0.084,-0.196,0.9760,0.2960,-0.1270,295.612610,39.195709,14.118
5730394,K03603.01,,FALSE POSITIVE,FALSE POSITIVE,0.0000,0,1,0,0,5.519188936,8.4800000e-07,-8.4800000e-07,134.4700230,1.600000e-04,-1.600000e-04,0.4590,0.0020,-0.0020,7.13510,0.00485,-0.00485,2.1707e+05,1.430e+02,-1.430e+02,43.06,1.081e+01,-6.620e+00,932.0,,,178.70,146.27,-66.07,2270.60,1,q1_q17_dr25_tce,5324.00,204.00,-167.00,4.439,0.124,-0.201,0.8970,0.2250,-0.1380,298.061890,40.957291,16.117
6451368,K07780.01,,CANDIDATE,CANDIDATE,0.9930,0,0,0,0,5.336057400,1.4230000e-04,-1.4230000e-04,132.6050000,2.030000e-02,-2.030000e-02,0.0060,0.4620,-0.0060,3.87700,0.73700,-0.73700,5.4700e+01,9.900e+00,-9.900e+00,1.52,3.100e-01,-4.700e-01,1667.0,,,1823.90,1091.05,-1051.66,7.00,1,q1_q17_dr25_tce,6742.00,163.00,-204.00,3.925,0.273,-0.117,2.0320,0.4170,-0.6260,294.484040,41.869171,12.691
6956216,K03604.01,,FALSE POSITIVE,FALSE POSITIVE,0.0000,0,1,0,0,4.818863794,9.0900000e-07,-9.0900000e-07,131.6776550,2.120000e-04,-2.120000e-04,0.4860,0.0030,-0.0030,6.26250,0.00543,-0.00543,6.5936e+04,3.990e+01,-3.990e+01,51.32,1.397e+01,-2.271e+01,1595.0,,,1529.01,1242.58,-1118.36,2048.70,1,q1_q17_dr25_tce,6313.00,181.00,-227.00,3.936,0.413,-0.138,1.9350,0.5270,-0.8560,294.087770,42.489666,14.550
6137704,K03605.01,,FALSE POSITIVE,FALSE POSITIVE,0.0000,0,1,0,0,178.268020350,3.6370000e-05,-3.6370000e-05,255.3513510,1.690000e-04,-1.690000e-04,1.1350,0.0500,-0.0450,5.86461,0.00714,-0.00714,4.5754e+04,5.430e+01,-5.430e+01,34.07,3.570e+00,-3.580e+00,256.0,,,1.02,0.38,-0.29,961.40,1,q1_q17_dr25_tce,5126.00,154.00,-138.00,4.578,0.078,-0.045,0.6960,0.0730,-0.0730,295.838350,41.427319,14.160
10275074,K03606.01,,FALSE POSITIVE,FALSE POSITIVE,0.0000,0,1,0,0,2.181555909,2.9010000e-06,-2.9010000e-06,133.4867500,1.090000e-03,-1.090000e-03,1.2610,0.0790,-0.1070,4.41739,0.00717,-0.00717,8.5407e+04,7.340e+01,-7.340e+01,91.30,3.085e+01,-1.319e+01,1730.0,,,2119.28,2061.43,-794.79,1548.20,1,q1_q17_dr25_tce,6584.00,162.00,-255.00,4.331,0.087,-0.203,1.2460,0.4210,-0.1800,292.267700,47.394798,14.182
9110346,K03607.01,,FALSE POSITIVE,FALSE POSITIVE,0.0000,0,1,0,0,0.895276162,9.4000000e-08,-9.4000000e-08,131.6225645,8.870000e-05,-8.870000e-05,0.6180,0.0540,-0.0280,3.05180,0.00475,-0.00475,3.1908e+05,4.080e+02,-4.080e+02,172.25,8.147e+01,-1.222e+02,2731.0,,,13121.22,19727.29,-12141.68,932.10,1,q1_q17_dr25_tce,5242.00,191.00,-159.00,3.631,0.923,-0.308,2.5500,1.2060,-1.8090,298.341920,45.407669,16.397
10259301,K03608.01,,FALSE POSITIVE,FALSE POSITIVE,0.0000,0,1,0,0,244.832749730,3.4570000e-05,-3.4570000e-05,285.7025679,9.550000e-05,-9.550000e-05,1.0470,0.2100,-0.0980,4.37001,0.00703,-0.00703,4.0206e+04,6.610e+01,-6.610e+01,38.30,1.138e+01,-4.860e+00,307.0,,,2.09,1.82,-0.68,733.50,1,q1_q17_dr25_tce,6105.00,164.00,-182.00,4.443,0.067,-0.202,0.9930,0.2950,-0.1260,284.815250,47.392632,13.556
2995392,K03379.01,Kepler-1484 b,CONFIRMED,CANDIDATE,0.9900,0,0,0,0,30.454441800,4.4500000e-04,-4.4500000e-04,140.7686300,8.810000e-03,-8.810000e-03,0.9290,0.0220,-0.6650,6.89600,0.19200,-0.19200,4.7210e+02,2.990e+01,-2.990e+01,2.60,8.200e-01,-2.900e-01,624.0,,,35.92,33.67,-11.41,17.30,1,q1_q17_dr25_tce,6283.00,176.00,-220.00,4.472,0.054,-0.216,0.9840,0.3120,-0.1110,292.684270,38.126282,15.268
3120308,K03380.01,,FALSE POSITIVE,FALSE POSITIVE,0.0000,0,0,1,1,10.265589240,6.4150000e-05,-6.4150000e-05,136.4964500,4.940000e-03,-4.940000e-03,0.6630,0.0470,-0.4860,3.87900,0.16400,-0.16400,2.5460e+02,1.520e+01,-1.520e+01,1.65,4.800e-01,-1.700e-01,828.0,,,111.18,94.91,-32.22,18.80,1,q1_q17_dr25_tce,5774.00,156.00,-174.00,4.458,0.067,-0.202,0.9800,0.2850,-0.1020,292.287780,38.274250,14.658
9991621,K03382.01,,FALSE POSITIVE,FALSE POSITIVE,0.0000,0,0,1,0,18.925733300,2.1920000e-04,-2.1920000e-04,145.5267000,1.070000e-02,-1.070000e-02,1.1550,70.0500,-2.4580,6.14900,0.58000,-0.58000,1.8850e+02,1.440e+01,-1.440e+01,16.74,4.080e+00,-2.730e+00,639.0,,,39.47,29.22,-14.65,16.20,1,q1_q17_dr25_tce,5455.00,162.00,-146.00,4.421,0.153,-0.204,0.9090,0.2220,-0.1480,281.180240,46.929901,13.857
8078502,K03383.01,Kepler-1919 b,CONFIRMED,CANDIDATE,0.9160,0,0,0,0,37.886297700,4.6500000e-04,-4.6500000e-04,133.0314100,9.640000e-03,-9.640000e-03,0.0260,0.4200,-0.0260,5.21800,0.27300,-0.27300,6.7220e+02,5.180e+01,-5.180e+01,2.09,4.800e-01,-2.000e-01,479.0,,,12.46,8.72,-3.49,14.40,1,q1_q17_dr25_tce,5513.00,166.00,-166.00,4.551,0.048,-0.143,0.8180,0.1870,-0.0800,283.131900,43.955971,15.848
8644365,K03384.01,,CANDIDATE,CANDIDATE,1.0000,0,0,0,0,10.548413290,5.4670000e-05,-5.4670000e-05,139.0640200,4.110000e-03,-4.110000e-03,1.0170,0.0470,-0.7860,1.87200,0.14300,-0.14300,1.0290e+02,1.040e+01,-1.040e+01,3.89,6.500e-01,-3.400e-01,899.0,,,154.84,72.78,-37.23,11.70,2,q1_q17_dr25_tce,6047.00,120.00,-133.00,4.387,0.066,-0.123,1.0920,0.1810,-0.0970,298.095430,44.737061,13.204
5888187,K07749.01,,CANDIDATE,CANDIDATE,0.6560,0,0,0,0,133.634820700,9.3090000e-04,-9.3090000e-04,236.3516300,5.190000e-03,-5.190000e-03,0.4380,0.5350,-0.2320,1.58400,0.20000,-0.20000,4.2090e+02,4.900e+01,-4.900e+01,1.89,1.200e-01,-1.900e-01,317.0,,,2.38,0.48,-0.57,10.80,1,q1_q17_dr25_tce,5202.00,83.00,-73.00,4.434,0.104,-0.048,0.9180,0.0580,-0.0940,295.273010,41.168282,13.623
2852528,K03446.01,,FALSE POSITIVE,FALSE POSITIVE,0.0000,0,1,1,1,11.961543300,1.8180000e-04,-1.8180000e-04,131.8950000,1.300000e-02,-1.300000e-02,0.5760,0.3840,-0.3580,3.12900,0.26100,-0.26100,4.2450e+02,4.130e+01,-4.130e+01,2.24,6.400e-01,-2.300e-01,847.0,,,121.71,106.72,-39.27,12.40,1,q1_q17_dr25_tce,6142.00,193.00,-258.00,4.456,0.050,-0.200,1.0460,0.3010,-0.1080,291.461490,38.001808,15.709
3348216,K03448.01,,CANDIDATE,CANDIDATE,0.9820,0,0,0,0,32.510844000,2.4980000e-04,-2.4980000e-04,136.6249100,6.360000e-03,-6.360000e-03,0.4210,0.0360,-0.4210,3.25400,0.20000,-0.20000,3.6190e+02,3.280e+01,-3.280e+01,2.62,4.400e-01,-3.900e-01,680.0,,,50.56,22.15,-16.23,12.60,1,q1_q17_dr25_tce,6074.00,81.00,-90.00,4.244,0.125,-0.125,1.3580,0.2280,-0.2050,292.960080,38.431431,14.863
7032421,K01747.02,,FALSE POSITIVE,FALSE POSITIVE,,1,0,0,1,0.566833990,,,131.7800607,,,,,,0.75000,,,,,,,,,,,,,,,,2,q1_q17_dr24_tce,,,,,,,,,,291.418330,42.579819,14.792
10798838,K03449.01,,FALSE POSITIVE,FALSE POSITIVE,0.0000,0,1,0,0,62.127677128,9.9760000e-06,-9.9760000e-06,172.0663000,1.230000e-04,-1.230000e-04,1.1580,0.0570,-0.0560,5.25005,0.00654,-0.00654,3.7430e+04,4.480e+01,-4.480e+01,38.61,6.700e+00,-5.020e+00,402.0,,,6.15,3.38,-1.98,990.30,1,q1_q17_dr25_tce,5344.00,160.00,-144.00,4.494,0.117,-0.143,0.8070,0.1400,-0.1050,292.520290,48.123531,14.822
8560940,K03450.01,,FALSE POSITIVE,FALSE POSITIVE,0.0000,0,1,1,1,31.973064900,7.2770000e-04,-7.2770000e-04,133.8409000,1.720000e-02,-1.720000e-02,0.7160,0.2100,-0.4840,8.87200,0.93800,-0.93800,1.5860e+02,1.340e+01,-1.340e+01,1.09,2.900e-01,-9.000e-02,530.0,,,18.59,14.28,-4.69,15.60,1,q1_q17_dr25_tce,5811.00,158.00,-158.00,4.571,0.044,-0.176,0.8110,0.2110,-0.0700,292.173680,44.662861,14.545
10793576,K03451.01,,CANDIDATE,CANDIDATE,1.0000,0,0,0,0,10.907529770,9.9610000e-05,-9.9610000e-05,136.6079700,9.520000e-03,-9.520000e-03,0.1470,0.3020,-0.1470,2.76400,0.18500,-0.18500,1.8600e+02,1.840e+01,-1.840e+01,1.58,5.200e-01,-2.300e-01,955.0,,,196.51,192.83,-72.83,11.80,1,q1_q17_dr25_tce,6414.00,179.00,-246.00,4.377,0.072,-0.203,1.1470,0.3810,-0.1630,290.344420,48.147308,14.056
10292238,K03526.01,,FALSE POSITIVE,FALSE POSITIVE,0.0000,0,1,0,0,143.118869400,4.1330000e-05,-4.1330000e-05,266.3592240,2.080000e-04,-2.080000e-04,0.7030,0.0150,-0.0150,16.81090,0.01240,-0.01240,2.5571e+05,1.800e+02,-1.800e+02,53.30,1.283e+01,-4.580e+00,321.0,,,2.50,1.77,-0.65,1638.00,1,q1_q17_dr25_tce,5713.00,152.00,-169.00,4.554,0.042,-0.168,0.8510,0.2050,-0.0730,298.077390,47.346581,14.996
8733497,K03527.01,,FALSE POSITIVE,FALSE POSITIVE,0.0000,0,1,0,0,76.819854650,3.8650000e-06,-3.8650000e-06,188.1256603,4.010000e-05,-4.010000e-05,0.7280,0.0220,-0.0230,5.16249,0.00245,-0.00245,2.2916e+05,1.220e+02,-1.220e+02,46.61,1.096e+01,-3.680e+00,379.0,,,4.88,3.39,-1.17,2314.50,1,q1_q17_dr25_tce,5654.00,152.00,-152.00,4.590,0.036,-0.153,0.7740,0.1820,-0.0610,282.000890,44.960770,14.063
4255422,K03528.01,,FALSE POSITIVE,FALSE POSITIVE,0.0000,0,1,0,0,165.405749950,1.1400000e-05,-1.1400000e-05,141.5762383,5.460000e-05,-5.460000e-05,1.0910,0.0220,-0.0220,13.63630,0.00322,-0.00322,6.6402e+04,1.550e+01,-1.550e+01,112.86,3.589e+01,-6.663e+01,514.0,,,16.56,16.21,-14.10,4958.60,1,q1_q17_dr25_tce,6061.00,200.00,-182.00,3.759,0.660,-0.176,2.1850,0.6950,-1.2900,289.697050,39.371639,12.724
9837544,K03529.01,,FALSE POSITIVE,FALSE POSITIVE,0.0000,0,1,0,0,71.661915163,8.2940000e-06,-8.2940000e-06,172.9074598,9.870000e-05,-9.870000e-05,0.6120,0.0290,-0.0200,6.33708,0.00471,-0.00471,3.2361e+05,2.160e+02,-2.160e+02,55.04,5.880e+00,-6.480e+00,365.0,,,4.18,1.70,-1.36,1804.10,1,q1_q17_dr25_tce,5075.00,179.00,-179.00,4.497,0.095,-0.095,0.8240,0.0880,-0.0970,294.486390,46.676151,15.167
7877824,K03530.01,,FALSE POSITIVE,FALSE POSITIVE,0.0000,1,0,0,0,9.449426850,1.6140000e-06,-1.6140000e-06,136.0264980,1.500000e-04,-1.500000e-04,0.3950,0.0070,-0.0070,6.40303,0.00673,-0.00673,4.8900e+05,4.750e+02,-4.750e+02,68.38,1.874e+01,-6.270e+00,813.0,,,103.29,83.80,-29.32,1246.30,1,q1_q17_dr25_tce,5754.00,160.00,-200.00,4.534,0.033,-0.187,0.9050,0.2480,-0.0830,286.288450,43.614342,15.650
6469946,K07781.01,,FALSE POSITIVE,FALSE POSITIVE,0.0000,0,0,1,0,0.715802309,2.7300000e-07,-2.7300000e-07,131.6903480,3.260000e-04,-3.260000e-04,1.2510,2.0460,-0.0890,1.55860,0.01900,-0.01900,2.2086e+03,2.060e+01,-2.060e+01,25.52,3.780e+00,-2.020e+00,1656.0,,,1787.96,897.17,-446.94,137.70,1,q1_q17_dr25_tce,5239.00,174.00,-158.00,4.600,0.032,-0.091,0.7570,0.1120,-0.0600,298.906800,41.835629,15.579
6947164,K03531.01,,FALSE POSITIVE,FALSE POSITIVE,0.0000,0,1,0,0,70.582847170,5.3080000e-06,-5.3080000e-06,190.4997847,5.850000e-05,-5.850000e-05,0.8820,0.0170,-0.0180,8.81169,0.00311,-0.00311,1.5093e+05,7.870e+01,-7.870e+01,50.88,1.525e+01,-5.070e+00,435.0,,,8.45,7.42,-2.38,2424.00,1,q1_q17_dr25_tce,5973.00,161.00,-178.00,4.516,0.052,-0.208,0.9040,0.2710,-0.0900,291.356960,42.493641,14.624
6233903,K03609.01,,FALSE POSITIVE,FALSE POSITIVE,0.0000,0,1,0,0,2.995357359,6.3400000e-07,-6.3400000e-07,132.7969810,2.200000e-04,-2.200000e-04,0.8430,0.0120,-0.0120,6.57901,0.00542,-0.00542,1.7240e+05,1.400e+02,-1.400e+02,112.12,2.843e+01,-5.277e+01,1791.0,,,2437.81,1980.75,-1833.63,1467.60,1,q1_q17_dr25_tce,5949.00,216.00,-180.00,3.892,0.520,-0.130,1.9400,0.4920,-0.9130,299.131010,41.589901,16.455
7212066,K03610.01,,FALSE POSITIVE,FALSE POSITIVE,0.0000,0,1,0,0,3.840485025,1.5350000e-06,-1.5350000e-06,134.4463860,3.560000e-04,-3.560000e-04,1.1890,0.2440,-0.1380,2.85920,0.01470,-0.01470,3.1353e+04,1.440e+02,-1.440e+02,39.38,1.039e+01,-4.160e+00,1077.0,,,318.66,261.11,-95.96,259.40,1,q1_q17_dr25_tce,5731.00,190.00,-190.00,4.532,0.066,-0.165,0.8230,0.2170,-0.0870,295.211670,42.786289,15.260
7212066,K03610.02,,FALSE POSITIVE,FALSE POSITIVE,,1,1,0,0,1.920271880,,,132.5246606,,,,,,2.65000,,,,,,,,,,,,,,,,,,,,,,,,,,,295.211670,42.786289,15.260
7047922,K01899.02,,CANDIDATE,CANDIDATE,0.9860,0,0,0,0,10.522637400,1.8330000e-04,-1.8330000e-04,140.0656000,1.490000e-02,-1.490000e-02,0.8060,0.1510,-0.5870,3.86400,0.41600,-0.41600,6.8900e+01,9.500e+00,-9.500e+00,1.08,3.600e-01,-2.400e-01,976.0,,,213.96,239.81,-123.08,8.90,2,q1_q17_dr25_tce,6327.00,291.00,-542.00,4.327,0.158,-0.193,1.1750,0.3890,-0.2590,295.754120,42.537479,14.563
6675060,K03611.01,,FALSE POSITIVE,FALSE POSITIVE,0.0000,0,1,0,0,10.443341795,3.1260000e-06,-3.1260000e-06,133.6290300,3.330000e-04,-3.330000e-04,0.7070,0.0180,-0.0180,3.94077,0.00853,-0.00853,1.4529e+05,3.050e+02,-3.050e+02,44.35,1.302e+01,-6.000e+00,892.0,,,149.21,133.20,-53.78,842.10,1,q1_q17_dr25_tce,6137.00,192.00,-235.00,4.421,0.087,-0.203,1.0050,0.2950,-0.1360,286.244900,42.146431,16.510
5716508,K07737.01,,FALSE POSITIVE,FALSE POSITIVE,0.0030,1,0,0,0,4.753078770,4.0180000e-04,-4.0180000e-04,134.5462132,5.380000e-02,-5.380000e-02,0.0190,0.4760,-0.0190,2.35000,2.20000,-2.20000,9.3300e+02,2.080e+02,-2.080e+02,505.94,7.295e+01,-2.918e+02,7040.0,,,580415.20,281907.59,-489177.37,6.40,7,q1_q17_dr25_tce,3486.00,112.00,-112.00,0.500,0.338,-0.338,180.0130,25.9560,-103.8250,295.030520,40.958149,13.524
10518735,K03612.01,,FALSE POSITIVE,FALSE POSITIVE,0.0000,0,1,0,0,19.515013291,5.3770000e-06,-5.3770000e-06,136.2159420,3.070000e-04,-3.070000e-04,0.6920,0.0290,-0.0310,4.59379,0.00625,-0.00625,2.5644e+05,3.080e+02,-3.080e+02,53.03,9.970e+00,-4.610e+00,588.0,,,28.31,17.47,-7.81,1018.80,1,q1_q17_dr25_tce,5349.00,185.00,-185.00,4.531,0.045,-0.135,0.8510,0.1600,-0.0740,283.915650,47.784569,16.739
6975129,K01628.02,Kepler-312 b,CONFIRMED,CANDIDATE,1.0000,0,0,0,0,1.772451066,6.5970000e-06,-6.5970000e-06,132.0866800,3.140000e-03,-3.140000e-03,0.0060,0.4440,-0.0060,2.45920,0.09760,-0.09760,7.9200e+01,4.100e+00,-4.100e+00,1.02,1.800e-01,-6.000e-02,1685.0,,,1904.34,895.31,-358.03,22.40,2,q1_q17_dr25_tce,6243.00,99.00,-136.00,4.406,0.026,-0.136,1.1490,0.2010,-0.0670,298.395750,42.459751,12.949
8644365,K03384.02,Kepler-1485 b,CONFIRMED,CANDIDATE,0.9820,0,0,0,0,19.915886300,1.2050000e-04,-1.2050000e-04,139.3682800,4.760000e-03,-4.760000e-03,0.7480,0.0060,-0.5440,6.19100,0.13800,-0.13800,1.4320e+02,5.400e+00,-5.400e+00,1.41,2.400e-01,-1.200e-01,728.0,,,66.31,31.17,-15.95,28.30,1,q1_q17_dr25_tce,6047.00,120.00,-133.00,4.387,0.066,-0.123,1.0920,0.1810,-0.0970,298.095430,44.737061,13.204
9489947,K03385.01,,FALSE POSITIVE,FALSE POSITIVE,0.0000,0,1,0,0,54.061328105,7.0990000e-06,-7.0990000e-06,181.7881270,1.120000e-04,-1.120000e-04,1.3360,0.1360,-0.1180,4.48223,0.00968,-0.00968,7.9684e+04,1.030e+02,-1.030e+02,88.28,2.461e+01,-1.842e+01,514.0,,,16.51,13.86,-7.35,1012.20,1,q1_q17_dr25_tce,5786.00,173.00,-173.00,4.318,0.175,-0.193,1.1120,0.3100,-0.2320,300.018130,46.026272,15.231
6960487,K03386.01,,FALSE POSITIVE,FALSE POSITIVE,0.0000,0,1,0,0,34.525990182,3.9980000e-06,-3.9980000e-06,150.1022070,1.040000e-04,-1.040000e-04,1.0870,0.0690,-0.0610,4.47294,0.00471,-0.00471,6.7161e+04,8.300e+01,-8.300e+01,54.35,1.730e+01,-7.410e+00,607.0,,,32.12,30.97,-11.90,1008.10,1,q1_q17_dr25_tce,6123.00,190.00,-254.00,4.396,0.105,-0.195,1.0490,0.3340,-0.1430,295.203860,42.430450,15.142
5894182,K07750.01,,CANDIDATE,CANDIDATE,0.3220,0,0,0,0,494.485085000,4.8860000e-03,-4.8860000e-03,527.7094100,5.450000e-03,-5.450000e-03,0.0170,0.4150,-0.0160,3.90500,0.23800,-0.23800,3.8530e+02,3.220e+01,-3.220e+01,5.03,9.500e-01,-1.760e+00,379.0,,,4.88,2.79,-3.06,13.90,1,q1_q17_dr25_tce,6303.00,172.00,-191.00,3.774,0.293,-0.098,2.5530,0.4810,-0.8940,296.675380,41.164768,12.088
6309264,K03387.01,,FALSE POSITIVE,FALSE POSITIVE,0.0000,0,0,1,0,14.282141700,1.5940000e-04,-1.5940000e-04,136.3294600,8.560000e-03,-8.560000e-03,0.0120,0.4570,-0.0120,2.06800,0.25500,-0.25500,2.2490e+02,3.060e+01,-3.060e+01,1.08,1.500e-01,-1.000e-01,625.0,,,36.03,16.92,-9.49,8.70,1,q1_q17_dr25_tce,5374.00,160.00,-160.00,4.588,0.052,-0.084,0.7260,0.1040,-0.0640,298.189700,41.679192,15.130
7021177,K03452.01,,FALSE POSITIVE,FALSE POSITIVE,0.0000,0,1,0,0,18.645328820,1.5560000e-06,-1.5560000e-06,147.2075120,6.960000e-05,-6.960000e-05,0.4540,0.0070,-0.0080,3.63893,0.00397,-0.00397,4.3382e+05,4.140e+02,-4.140e+02,61.81,1.836e+01,-5.780e+00,656.0,,,43.71,37.98,-11.85,1256.80,1,q1_q17_dr25_tce,5931.00,158.00,-175.00,4.554,0.038,-0.200,0.8450,0.2510,-0.0790,287.637050,42.530819,15.511
7122259,K03454.01,,FALSE POSITIVE,FALSE POSITIVE,0.0000,0,1,0,0,20.882125422,1.6200000e-06,-1.6200000e-06,146.5689626,6.840000e-05,-6.840000e-05,0.7430,0.0070,-0.0070,8.03365,0.00280,-0.00280,2.3345e+05,7.650e+01,-7.650e+01,66.27,2.158e+01,-7.170e+00,737.0,,,69.67,68.69,-22.23,3506.50,1,q1_q17_dr25_tce,6335.00,197.00,-241.00,4.427,0.065,-0.208,1.0720,0.3490,-0.1160,293.145780,42.624161,15.600
6947668,K03455.01,,CANDIDATE,CANDIDATE,1.0000,0,0,0,0,14.054571800,1.6070000e-04,-1.6070000e-04,133.0972000,1.070000e-02,-1.070000e-02,0.1210,0.3270,-0.1210,4.06600,0.22900,-0.22900,2.7430e+02,2.760e+01,-2.760e+01,1.45,4.300e-01,-1.300e-01,711.0,,,60.49,52.81,-17.23,11.60,1,q1_q17_dr25_tce,5783.00,161.00,-202.00,4.539,0.036,-0.204,0.8800,0.2600,-0.0810,291.507080,42.429878,15.802
6364582,K03456.01,Kepler-1505 b,CONFIRMED,CANDIDATE,1.0000,0,0,0,0,30.860978300,2.0370000e-04,-2.0370000e-04,138.3141600,5.610000e-03,-5.610000e-03,0.8520,0.0350,-0.5820,4.21600,0.16200,-0.16200,1.2890e+02,8.100e+00,-8.100e+00,1.08,1.400e-01,-5.000e-02,525.0,,,17.96,6.49,-3.13,17.80,1,q1_q17_dr25_tce,5627.00,101.00,-112.00,4.552,0.026,-0.104,0.8330,0.1050,-0.0450,292.002040,41.786961,12.988
6190535,K07769.01,,FALSE POSITIVE,FALSE POSITIVE,0.0770,1,0,0,0,3.652810043,,,134.7903032,,,0.0860,,,1.51320,,,1.1940e+02,,,0.89,1.200e-01,-1.100e-01,1015.0,,,250.33,120.00,-83.48,6.00,1,q1_q17_dr25_tce,5213.00,184.00,-184.00,4.489,0.100,-0.100,0.8310,0.1120,-0.1020,286.736050,41.590279,15.602
9834257,K03457.01,,FALSE POSITIVE,FALSE POSITIVE,0.0000,0,1,1,1,15.651348720,1.9350000e-05,-1.9350000e-05,132.8119100,1.020000e-03,-1.020000e-03,1.2670,34.1100,-0.0890,4.15530,0.05700,-0.05700,3.1040e+03,4.860e+01,-4.860e+01,118.33,1.587e+01,-4.763e+01,1396.0,,,898.69,387.97,-611.37,81.60,1,q1_q17_dr25_tce,6552.00,178.00,-178.00,3.586,0.330,-0.110,3.2890,0.4410,-1.3240,293.233180,46.600151,12.429
10290666,K00332.02,,CANDIDATE,CANDIDATE,0.9850,0,0,0,0,6.866742260,9.9960000e-05,-9.9960000e-05,135.3543000,1.200000e-02,-1.200000e-02,0.4050,0.0500,-0.4050,4.21600,0.34900,-0.34900,4.7200e+01,4.400e+00,-4.400e+00,0.79,1.200e-01,-6.000e-02,1018.0,,,254.10,109.33,-51.32,12.30,2,q1_q17_dr25_tce,5914.00,106.00,-130.00,4.396,0.040,-0.112,1.1350,0.1750,-0.0750,297.650940,47.396290,13.046
9529744,K01806.03,Kepler-320 b,CONFIRMED,CANDIDATE,1.0000,0,0,0,0,8.371595540,7.4930000e-05,-7.4930000e-05,137.6807500,8.640000e-03,-8.640000e-03,0.9830,0.0180,-0.7800,5.25200,0.22500,-0.22500,9.8000e+01,6.200e+00,-6.200e+00,2.39,5.500e-01,-6.800e-01,1292.0,,,659.25,454.10,-356.10,16.60,3,q1_q17_dr25_tce,6426.00,175.00,-175.00,4.013,0.259,-0.130,1.7750,0.4110,-0.5030,293.213560,46.175129,13.474
10748621,K03532.01,,FALSE POSITIVE,FALSE POSITIVE,0.0000,0,1,0,0,286.175587500,2.5490000e-04,-2.5490000e-04,314.1015830,4.750000e-04,-4.750000e-04,0.5980,0.0180,-0.0210,16.10250,0.03080,-0.03080,3.2854e+05,5.540e+02,-5.540e+02,63.23,1.918e+01,-7.690e+00,276.0,,,1.38,1.22,-0.45,765.30,1,q1_q17_dr25_tce,5904.00,159.00,-195.00,4.471,0.067,-0.202,0.9460,0.2870,-0.1150,297.772770,48.098110,15.138
4824268,K03533.01,,FALSE POSITIVE,FALSE POSITIVE,0.0000,0,1,0,0,152.151447950,5.6860000e-05,-5.6860000e-05,215.0159030,2.670000e-04,-2.670000e-04,0.8570,0.1220,-0.0250,26.86120,0.02350,-0.02350,1.5182e+05,8.960e+01,-8.960e+01,53.89,1.744e+01,-5.830e+00,362.0,,,4.04,3.88,-1.25,2163.40,1,q1_q17_dr25_tce,6217.00,175.00,-219.00,4.472,0.054,-0.216,0.9890,0.3200,-0.1070,288.282840,39.992222,14.610
6527016,K07783.01,,FALSE POSITIVE,FALSE POSITIVE,0.0000,0,0,1,0,0.542636318,1.5690000e-06,-1.5690000e-06,131.9558100,2.650000e-03,-2.650000e-03,0.0560,0.4080,-0.0560,1.25360,0.08770,-0.08770,7.4600e+01,5.600e+00,-5.600e+00,1.39,7.400e-01,-7.400e-01,2659.0,,,11844.28,19392.48,-9536.55,17.30,1,q1_q17_dr25_tce,5277.00,158.00,-158.00,3.960,0.585,-0.270,1.6330,0.8670,-0.8670,293.272130,41.951420,14.458
6431670,K03534.01,,FALSE POSITIVE,FALSE POSITIVE,0.0000,0,1,0,0,29.911334059,5.4350000e-06,-5.4350000e-06,153.5954910,1.330000e-04,-1.330000e-04,0.5590,0.0100,-0.0110,7.26916,0.00710,-0.00710,3.5438e+05,3.170e+02,-3.170e+02,47.83,7.540e+00,-3.470e+00,471.0,,,11.68,6.35,-3.00,1349.80,1,q1_q17_dr25_tce,5303.00,191.00,-191.00,4.632,0.032,-0.097,0.7040,0.1110,-0.0510,287.884830,41.879349,16.128
7376500,K03535.01,,FALSE POSITIVE,FALSE POSITIVE,0.0000,0,1,0,0,5.877122485,1.1810000e-06,-1.1810000e-06,136.4208300,2.090000e-04,-2.090000e-04,0.5470,0.0210,-0.0180,4.71655,0.00569,-0.00569,3.6290e+05,3.930e+02,-3.930e+02,125.68,7.972e+01,-7.171e+01,1402.0,,,913.57,1923.43,-767.41,1210.80,1,q1_q17_dr25_tce,5702.00,219.00,-199.00,3.807,0.805,-0.345,1.8210,1.1550,-1.0390,295.688140,42.970581,15.177
9636559,K03618.01,,FALSE POSITIVE,FALSE POSITIVE,0.0000,0,1,0,0,10.636305846,2.4420000e-06,-2.4420000e-06,139.7831590,2.620000e-04,-2.620000e-04,0.3980,0.0030,-0.0040,5.17212,0.00584,-0.00584,2.1606e+05,2.180e+02,-2.180e+02,64.91,1.723e+01,-1.409e+01,1110.0,,,358.62,290.90,-170.52,1419.00,1,q1_q17_dr25_tce,6781.00,212.00,-259.00,4.221,0.175,-0.175,1.3450,0.3570,-0.2920,285.334440,46.309879,17.035
8095110,K03619.01,,FALSE POSITIVE,FALSE POSITIVE,0.0000,0,1,1,1,2.103238900,6.2200000e-07,-6.2200000e-07,132.8681770,2.510000e-04,-2.510000e-04,1.2090,0.0340,-0.0300,6.47740,0.01260,-0.01260,2.4852e+04,4.880e+01,-4.880e+01,36.63,7.500e+00,-3.220e+00,1238.0,,,555.00,341.42,-141.14,625.10,1,q1_q17_dr25_tce,5546.00,150.00,-150.00,4.587,0.034,-0.136,0.7860,0.1610,-0.0690,290.912540,43.929890,13.171
11499263,K03620.01,,FALSE POSITIVE,FALSE POSITIVE,0.0000,0,1,0,0,46.698200933,5.8160000e-06,-5.8160000e-06,167.6984656,9.770000e-05,-9.770000e-05,1.1310,0.0830,-0.0760,3.57049,0.00524,-0.00524,5.4592e+04,7.330e+01,-7.330e+01,38.79,5.740e+00,-4.310e+00,468.0,,,11.31,5.62,-3.38,879.00,1,q1_q17_dr25_tce,5772.00,187.00,-170.00,4.518,0.115,-0.104,0.7560,0.1120,-0.0840,287.405150,49.456291,15.267
10328393,K01905.02,Kepler-332 c,CONFIRMED,CANDIDATE,1.0000,0,0,0,0,15.995603730,9.6260000e-05,-9.6260000e-05,144.2399000,5.030000e-03,-5.030000e-03,0.0880,0.3700,-0.0880,3.47100,0.13500,-0.13500,2.2170e+02,1.220e+01,-1.220e+01,1.04,7.000e-02,-4.000e-02,550.0,,,21.54,4.94,-3.25,20.00,2,q1_q17_dr25_tce,4955.00,100.00,-100.00,4.610,0.018,-0.046,0.7210,0.0470,-0.0290,286.662960,47.413700,14.017
9775253,K03621.01,,FALSE POSITIVE,FALSE POSITIVE,0.0000,0,1,0,0,4.394517980,2.0850000e-05,-2.0850000e-05,133.6209400,3.890000e-03,-3.890000e-03,1.5660,1.1190,-0.5960,2.95270,0.03520,-0.03520,2.2362e+05,1.255e+03,-1.255e+03,65.76,7.620e+00,-1.416e+01,554.0,,,22.27,9.05,-10.68,249.50,1,q1_q17_dr25_tce,3695.00,114.00,-152.00,4.773,0.105,-0.053,0.4830,0.0560,-0.1040,293.797390,46.561790,16.705
3858988,K03388.01,,FALSE POSITIVE,FALSE POSITIVE,0.0000,0,1,1,1,25.951879500,2.4170000e-04,-2.4170000e-04,148.9254900,7.830000e-03,-7.830000e-03,1.2590,14.1800,-0.5730,21.56900,0.42800,-0.42800,1.3123e+03,2.440e+01,-2.440e+01,35.10,1.009e+01,-6.740e+00,645.0,,,41.00,34.64,-17.31,63.70,1,q1_q17_dr25_tce,5753.00,156.00,-173.00,4.335,0.175,-0.193,1.0780,0.3100,-0.2070,293.723110,38.969830,14.997
3848966,K03389.01,,CANDIDATE,CANDIDATE,0.9930,0,0,0,0,29.768183100,7.5970000e-04,-7.5970000e-04,155.5003000,2.190000e-02,-2.190000e-02,0.7390,0.2350,-0.5150,9.42500,0.70000,-0.70000,1.5990e+02,1.440e+01,-1.440e+01,3.98,7.300e-01,-1.340e+00,917.0,,,167.51,79.44,-98.40,13.20,1,q1_q17_dr25_tce,5640.00,76.00,-84.00,3.679,0.245,-0.105,2.9160,0.5310,-0.9860,291.069370,38.914909,14.564
10798605,K03390.01,,FALSE POSITIVE,FALSE POSITIVE,0.0000,0,1,0,0,56.048096688,6.3930000e-06,-6.3930000e-06,159.1678042,9.350000e-05,-9.350000e-05,1.1610,0.0550,-0.0680,4.04427,0.00486,-0.00486,5.3726e+04,6.170e+01,-6.170e+01,42.62,6.290e+00,-5.130e+00,400.0,,,6.06,2.92,-1.91,1003.70,1,q1_q17_dr25_tce,5222.00,156.00,-156.00,4.518,0.096,-0.132,0.7800,0.1150,-0.0940,292.424440,48.159592,14.967
5895083,K07751.01,,FALSE POSITIVE,FALSE POSITIVE,0.0000,0,0,1,0,2.251612150,1.8880000e-05,-1.8880000e-05,131.5465300,6.550000e-03,-6.550000e-03,0.6470,0.3230,-0.4440,2.10000,0.21800,-0.21800,2.3900e+01,3.400e+00,-3.400e+00,1.14,4.000e-01,-3.000e-01,2934.0,,,17529.42,18990.44,-9474.68,9.20,1,q1_q17_dr25_tce,9464.00,301.00,-414.00,4.116,0.157,-0.192,2.1840,0.7770,-0.5650,296.885620,41.199780,13.085
9452897,K03391.01,,CANDIDATE,CANDIDATE,0.9930,0,0,0,0,36.766236400,4.3270000e-04,-4.3270000e-04,157.1433200,9.990000e-03,-9.990000e-03,0.1640,0.2870,-0.1640,3.30500,0.32900,-0.32900,5.7950e+02,5.550e+01,-5.550e+01,1.28,1.000e-01,-1.300e-01,336.0,,,3.02,0.90,-0.88,12.60,1,q1_q17_dr25_tce,4342.00,117.00,-143.00,4.699,0.063,-0.031,0.5400,0.0440,-0.0540,285.843870,46.015911,15.903
9714123,K03392.01,,FALSE POSITIVE,FALSE POSITIVE,0.0000,0,1,0,0,50.355458980,5.1660000e-06,-5.1660000e-06,136.9113798,8.520000e-05,-8.520000e-05,0.1590,0.0130,-0.0170,5.51863,0.00623,-0.00623,1.0714e+05,1.170e+02,-1.170e+02,31.66,9.740e+00,-3.250e+00,492.0,,,13.81,12.74,-4.19,1219.40,1,q1_q17_dr25_tce,5936.00,176.00,-211.00,4.501,0.040,-0.216,0.9650,0.2970,-0.0990,293.443660,46.471512,15.724
6118370,K03458.01,Kepler-1506 b,CONFIRMED,CANDIDATE,0.9250,0,0,0,0,14.032877500,2.9070000e-04,-2.9070000e-04,138.0603000,1.850000e-02,-1.850000e-02,0.0440,0.4030,-0.0440,6.68400,0.41800,-0.41800,2.1090e+02,2.060e+01,-2.060e+01,1.45,4.600e-01,-1.500e-01,783.0,,,88.83,85.66,-28.08,11.80,1,q1_q17_dr25_tce,6063.00,190.00,-232.00,4.470,0.052,-0.208,1.0010,0.3180,-0.1060,290.149900,41.464600,15.652
2717158,K03459.01,Kepler-1922 b,CONFIRMED,CANDIDATE,1.0000,0,0,0,0,13.222614900,1.6850000e-04,-1.6850000e-04,144.2950000,1.010000e-02,-1.010000e-02,0.9430,0.0190,-0.6380,4.33700,0.20100,-0.20100,2.6170e+02,2.310e+01,-2.310e+01,1.75,4.600e-01,-1.600e-01,740.0,,,71.11,56.08,-18.89,12.60,1,q1_q17_dr25_tce,5931.00,161.00,-178.00,4.545,0.044,-0.187,0.8630,0.2310,-0.0770,292.330350,37.997059,15.208
6209677,K01750.02,,CANDIDATE,CANDIDATE,0.9990,0,0,0,0,2.537421640,1.2710000e-05,-1.2710000e-05,132.3462300,4.500000e-03,-4.500000e-03,0.2850,0.1700,-0.2850,1.56300,0.13300,-0.13300,1.0450e+02,9.700e+00,-9.700e+00,0.93,1.000e-01,-6.000e-02,1220.0,,,525.68,162.93,-96.27,12.80,2,q1_q17_dr25_tce,5447.00,81.00,-81.00,4.481,0.053,-0.098,0.9170,0.1020,-0.0630,293.300230,41.523338,14.800
6198256,K07770.01,,FALSE POSITIVE,FALSE POSITIVE,0.3180,1,0,0,0,3.548286910,4.0620000e-05,-4.0620000e-05,131.8356300,9.100000e-03,-9.100000e-03,0.0360,0.4280,-0.0360,3.28100,0.25100,-0.25100,7.0900e+01,8.300e+00,-8.300e+00,1.69,4.900e-01,-5.500e-01,1795.0,,,2458.09,2112.79,-1494.02,9.90,1,q1_q17_dr25_tce,6573.00,184.00,-253.00,4.010,0.270,-0.180,1.9870,0.5770,-0.6410,289.711460,41.529713,13.790
9664276,K03460.01,,CANDIDATE,CANDIDATE,0.9920,0,0,0,0,62.596544000,1.0640000e-03,-1.0640000e-03,185.9931000,1.180000e-02,-1.180000e-02,0.2460,0.2090,-0.2460,11.47700,0.48700,-0.48700,2.2310e+02,1.630e+01,-1.630e+01,2.25,3.900e-01,-4.800e-01,559.0,,,23.01,10.42,-9.48,15.50,1,q1_q17_dr25_tce,5934.00,80.00,-80.00,4.173,0.162,-0.122,1.5090,0.2620,-0.3200,297.379120,46.367069,14.451
2437112,K03461.01,,FALSE POSITIVE,FALSE POSITIVE,0.0000,0,1,1,1,18.798520000,2.5700000e-04,-2.5700000e-04,138.0208200,9.750000e-03,-9.750000e-03,0.9360,0.0150,-0.6600,4.79500,0.31000,-0.31000,4.8740e+02,4.730e+01,-4.730e+01,2.04,1.800e-01,-1.700e-01,509.0,,,15.82,5.24,-4.15,11.20,1,q1_q17_dr25_tce,4808.00,146.00,-146.00,4.589,0.045,-0.041,0.7150,0.0620,-0.0620,290.203610,37.774342,16.153
7987086,K03536.01,,FALSE POSITIVE,FALSE POSITIVE,0.0000,0,1,0,0,156.516573980,2.8100000e-05,-2.8100000e-05,278.1373780,1.300000e-04,-1.300000e-04,0.9950,0.0500,-0.0530,12.22590,0.00874,-0.00874,1.1334e+05,6.840e+01,-6.840e+01,61.44,1.763e+01,-1.031e+01,367.0,,,4.31,3.77,-1.72,2016.10,1,q1_q17_dr25_tce,6002.00,189.00,-210.00,4.354,0.132,-0.198,1.0840,0.3110,-0.1820,299.664150,43.762989,13.375
7374746,K03537.01,,FALSE POSITIVE,FALSE POSITIVE,0.0000,0,1,0,0,1.366946478,2.0400000e-07,-2.0400000e-07,132.2045820,1.350000e-04,-1.350000e-04,0.8690,0.0270,-0.0210,3.37701,0.00580,-0.00580,1.5864e+05,2.350e+02,-2.350e+02,43.45,6.030e+00,-4.820e+00,1403.0,,,910.99,442.20,-285.46,796.50,1,q1_q17_dr25_tce,5353.00,185.00,-185.00,4.527,0.104,-0.095,0.7570,0.1050,-0.0840,295.252870,42.900028,15.002
8668810,K03538.01,,FALSE POSITIVE,FALSE POSITIVE,0.0000,1,0,0,0,313.092750660,6.6710000e-05,-6.6710000e-05,424.7153810,1.060000e-04,-1.060000e-04,0.3950,0.0080,-0.0070,14.34470,0.00750,-0.00750,4.4561e+05,3.780e+02,-3.780e+02,47.52,4.590e+00,-4.590e+00,207.0,,,0.44,0.15,-0.12,1952.30,1,q1_q17_dr25_tce,5067.00,151.00,-151.00,4.596,0.072,-0.042,0.6730,0.0650,-0.0650,281.717900,44.873989,15.638
6519865,K07782.01,,FALSE POSITIVE,FALSE POSITIVE,0.0000,1,0,1,0,0.566813677,4.4720000e-06,-4.4720000e-06,131.7889500,6.580000e-03,-6.580000e-03,0.4490,0.0210,-0.4460,2.45800,0.21600,-0.21600,6.1200e+01,6.900e+00,-6.900e+00,0.77,2.500e-01,-8.000e-02,2269.0,,,6276.41,5823.79,-1966.20,11.50,1,q1_q17_dr25_tce,6106.00,169.00,-232.00,4.487,0.054,-0.216,0.9660,0.3040,-0.1010,291.011380,41.906979,15.644
8868907,K03539.01,,FALSE POSITIVE,FALSE POSITIVE,0.0000,0,1,0,0,157.322639430,8.8540000e-05,-8.8540000e-05,222.9003630,3.680000e-04,-3.680000e-04,0.8880,0.0600,-0.0480,21.92320,0.02310,-0.02310,1.5393e+05,1.380e+02,-1.380e+02,56.66,1.787e+01,-5.960e+00,351.0,,,3.61,3.36,-1.07,1386.80,1,q1_q17_dr25_tce,6109.00,171.00,-192.00,4.472,0.054,-0.216,0.9890,0.3120,-0.1040,284.513670,45.120300,15.291
3865298,K03540.01,,FALSE POSITIVE,FALSE POSITIVE,,0,1,0,0,9.530402160,2.2890000e-05,-2.2890000e-05,138.2329170,8.480000e-04,-8.480000e-04,0.6046,0.0160,-0.0169,5.95809,0.00644,-0.00644,3.2154e+05,3.290e+02,-3.290e+02,60.49,2.507e+01,-7.630e+00,805.0,,,99.43,129.72,-32.10,185.60,2,q1_q17_dr24_tce,5501.00,198.00,-163.00,4.438,0.103,-0.266,0.9120,0.3780,-0.1150,295.231960,38.925919,14.689
10091110,K03627.01,,FALSE POSITIVE,FALSE POSITIVE,0.0020,0,1,0,0,4.218512654,7.7900000e-07,-7.7900000e-07,133.5067680,1.620000e-04,-1.620000e-04,0.7670,0.0020,-0.0040,3.62939,0.00964,-0.00964,2.3417e+04,4.370e+01,-4.370e+01,16.67,5.400e+00,-1.800e+00,1189.0,,,472.03,465.88,-151.42,699.90,1,q1_q17_dr25_tce,6185.00,197.00,-240.00,4.472,0.054,-0.216,0.9910,0.3210,-0.1070,297.466310,47.023232,15.232
10091110,K03627.02,,FALSE POSITIVE,FALSE POSITIVE,0.0000,0,1,0,0,8.529991199,3.0730000e-06,-3.0730000e-06,137.6547690,3.210000e-04,-3.210000e-04,1.2250,0.3770,-0.1440,3.99540,0.01350,-0.01350,2.0084e+04,6.050e+01,-6.050e+01,44.86,1.454e+01,-4.840e+00,940.0,,,184.92,182.51,-59.32,389.80,2,q1_q17_dr25_tce,6185.00,197.00,-240.00,4.472,0.054,-0.216,0.9910,0.3210,-0.1070,297.466310,47.023232,15.232
3542574,K03628.01,,FALSE POSITIVE,FALSE POSITIVE,0.0000,0,1,0,1,3.471400450,,,133.7507440,,,,,,1.55000,,,,,,,,,,,,493.28,0.00,0.00,,1,q1_q17_dr25_tce,,,,,,,,,,290.859310,38.636593,19.033
3544694,K03629.01,,FALSE POSITIVE,FALSE POSITIVE,0.0000,0,1,0,0,1.922862476,1.0060000e-06,-1.0060000e-06,132.7357020,5.980000e-04,-5.980000e-04,1.0010,0.0360,-0.0400,3.45940,0.01170,-0.01170,1.0127e+05,3.540e+02,-3.540e+02,70.65,2.142e+01,-1.426e+01,1827.0,,,2631.95,2364.39,-1180.51,362.10,1,q1_q17_dr25_tce,6408.00,181.00,-227.00,4.246,0.153,-0.187,1.3030,0.3950,-0.2630,291.446260,38.639778,15.925
11521793,K00352.02,Kepler-143 b,CONFIRMED,CANDIDATE,0.9980,0,0,0,0,16.007472370,5.2600000e-05,-5.2600000e-05,142.6378700,2.630000e-03,-2.630000e-03,0.9750,0.0060,-0.7700,1.26700,0.10500,-0.10500,2.7760e+02,2.670e+01,-2.670e+01,2.99,4.800e-01,-5.900e-01,838.0,,,116.46,51.84,-47.04,14.70,2,q1_q17_dr25_tce,5857.00,105.00,-117.00,4.204,0.176,-0.108,1.3050,0.2090,-0.2560,298.067690,49.412601,13.770
9085563,K03393.01,Kepler-1486 b,CONFIRMED,CANDIDATE,0.9660,0,0,0,0,54.649367900,9.7100000e-04,-9.7100000e-04,176.0447000,1.640000e-02,-1.640000e-02,0.0180,0.4300,-0.0180,7.96200,0.33000,-0.33000,4.3250e+02,3.280e+01,-3.280e+01,2.64,4.400e-01,-4.500e-01,538.0,,,19.86,8.73,-6.83,15.10,1,q1_q17_dr25_tce,5751.00,78.00,-78.00,4.234,0.149,-0.108,1.2820,0.2150,-0.2150,290.590390,45.439709,15.335
11337372,K01650.02,Kepler-920 c,CONFIRMED,CANDIDATE,1.0000,0,0,0,0,100.827672500,7.9910000e-04,-7.9910000e-04,216.3875700,7.200000e-03,-7.200000e-03,0.6760,0.2330,-0.4510,8.39000,0.18000,-0.18000,1.7788e+03,4.980e+01,-4.980e+01,4.35,4.300e-01,-5.700e-01,364.0,,,4.16,1.18,-1.19,36.70,2,q1_q17_dr25_tce,5301.00,85.00,-74.00,4.391,0.130,-0.070,0.9770,0.0960,-0.1280,284.296940,49.158680,15.280
7748487,K03394.01,,CANDIDATE,CANDIDATE,0.9970,0,0,0,0,15.576406100,1.8150000e-04,-1.8150000e-04,135.9482000,1.090000e-02,-1.090000e-02,0.5650,0.3960,-0.3430,5.38200,0.27800,-0.27800,2.5710e+02,2.100e+01,-2.100e+01,1.79,5.500e-01,-1.900e-01,793.0,,,93.42,87.34,-28.68,14.10,1,q1_q17_dr25_tce,6214.00,186.00,-224.00,4.442,0.052,-0.208,1.0760,0.3350,-0.1120,290.236020,43.470650,15.491
3219037,K03395.01,,CANDIDATE,CANDIDATE,1.0000,0,0,0,0,10.005069740,9.3090000e-05,-9.3090000e-05,136.8302900,8.530000e-03,-8.530000e-03,0.1480,0.3050,-0.1480,3.48100,0.24400,-0.24400,1.4330e+02,1.410e+01,-1.410e+01,1.11,3.000e-01,-1.500e-01,849.0,,,122.48,99.12,-41.68,11.40,1,q1_q17_dr25_tce,5912.00,158.00,-175.00,4.453,0.098,-0.182,0.9240,0.2550,-0.1270,286.540410,38.332600,14.634
5952448,K07753.01,,FALSE POSITIVE,FALSE POSITIVE,0.0000,0,1,1,1,0.905675699,9.0070000e-06,-9.0070000e-06,132.2006600,8.460000e-03,-8.460000e-03,0.0080,0.4500,-0.0080,1.70100,0.26400,-0.26400,7.3200e+01,1.100e+01,-1.100e+01,0.77,2.300e-01,-8.000e-02,1780.0,,,2374.98,2162.04,-696.89,10.20,1,q1_q17_dr25_tce,5730.00,173.00,-190.00,4.518,0.048,-0.204,0.9030,0.2730,-0.0910,289.297000,41.285488,15.384
5710069,K03396.01,,CANDIDATE,CANDIDATE,0.9510,0,0,0,0,36.258074900,5.0050000e-04,-5.0050000e-04,146.8338000,1.210000e-02,-1.210000e-02,0.7860,0.1890,-0.5310,5.91700,0.37700,-0.37700,3.8030e+02,3.510e+01,-3.510e+01,1.82,4.300e-01,-1.500e-01,516.0,,,16.70,11.45,-4.28,12.50,1,q1_q17_dr25_tce,5818.00,145.00,-174.00,4.554,0.040,-0.160,0.8480,0.2000,-0.0710,293.224400,40.931931,15.553
9967009,K03462.01,,CANDIDATE,CANDIDATE,0.8420,0,0,0,0,12.432699700,3.1340000e-04,-3.1340000e-04,142.1049000,1.940000e-02,-1.940000e-02,0.2120,0.2520,-0.2120,7.81000,0.54900,-0.54900,2.4030e+02,2.320e+01,-2.320e+01,1.88,3.200e-01,-3.900e-01,839.0,,,117.17,53.30,-47.29,11.50,1,q1_q17_dr25_tce,5480.00,82.00,-65.00,4.220,0.192,-0.112,1.2290,0.2100,-0.2570,297.701970,46.823318,15.916
9967009,K03462.02,,CANDIDATE,CANDIDATE,0.9000,0,0,0,0,30.990299700,8.9330000e-04,-8.9330000e-04,141.4410000,2.300000e-02,-2.300000e-02,0.3970,0.0590,-0.3970,9.45400,0.83600,-0.83600,3.2150e+02,3.340e+01,-3.340e+01,2.21,3.700e-01,-4.700e-01,619.0,,,34.68,15.77,-14.00,10.70,2,q1_q17_dr25_tce,5480.00,82.00,-65.00,4.220,0.192,-0.112,1.2290,0.2100,-0.2570,297.701970,46.823318,15.916
11874338,K03464.01,,FALSE POSITIVE,FALSE POSITIVE,0.0000,0,1,0,0,15.975041700,4.6420000e-05,-4.6420000e-05,135.7153300,2.430000e-03,-2.430000e-03,1.2110,72.7700,-2.2200,3.54900,0.13200,-0.13200,6.4350e+02,2.090e+01,-2.090e+01,90.37,2.944e+01,-5.470e+01,1143.0,,,403.20,404.27,-348.31,37.50,1,q1_q17_dr25_tce,5220.00,173.00,-173.00,3.520,0.888,-0.222,3.4560,1.1260,-2.0920,296.672000,50.150108,13.933
9763612,K03465.01,Kepler-1507 b,CONFIRMED,CANDIDATE,0.0000,0,0,0,0,16.050546400,1.3870000e-04,-1.3870000e-04,141.7340800,5.820000e-03,-5.820000e-03,0.1350,0.3210,-0.1350,3.17100,0.19400,-0.19400,9.4400e+01,7.500e+00,-7.500e+00,0.81,7.000e-02,-3.000e-02,630.0,,,37.12,8.33,-4.97,14.60,1,q1_q17_dr25_tce,5428.00,73.00,-81.00,4.563,0.014,-0.068,0.8530,0.0660,-0.0350,288.561520,46.536049,13.136
6199716,K07771.01,,FALSE POSITIVE,FALSE POSITIVE,0.0000,0,0,1,1,0.805267592,4.4530000e-06,-4.4530000e-06,132.0912800,5.400000e-03,-5.400000e-03,0.0820,0.4110,-0.0820,0.88700,0.29000,-0.29000,1.4660e+02,2.290e+01,-2.290e+01,1.35,4.100e-01,-1.700e-01,2165.0,,,5216.79,4688.98,-1822.99,9.80,1,q1_q17_dr25_tce,6268.00,174.00,-261.00,4.429,0.052,-0.195,1.1000,0.3350,-0.1340,290.130070,41.599800,15.881
9468384,K03466.01,,FALSE POSITIVE,FALSE POSITIVE,0.0000,0,1,0,0,11.082622625,2.1350000e-06,-2.1350000e-06,746.1967676,9.320000e-05,-9.320000e-05,0.2070,0.0060,-0.0060,6.62584,0.00616,-0.00616,2.6872e+05,2.080e+02,-2.080e+02,48.38,1.516e+01,-5.040e+00,793.0,,,93.67,86.76,-28.47,1725.60,1,q1_q17_dr25_tce,5831.00,163.00,-204.00,4.503,0.052,-0.208,0.9220,0.2890,-0.0960,293.252810,46.051628,16.411
8868364,K03541.01,,FALSE POSITIVE,FALSE POSITIVE,0.4500,0,1,0,0,421.428481940,2.8790000e-05,-2.8790000e-05,262.2889053,5.400000e-05,-5.400000e-05,0.3560,0.0020,-0.0030,8.60447,0.00444,-0.00444,9.6654e+04,3.800e+01,-3.800e+01,54.16,1.522e+01,-1.858e+01,335.0,,,2.97,2.55,-1.88,3162.00,1,q1_q17_dr25_tce,6235.00,199.00,-243.00,4.034,0.336,-0.144,1.7080,0.4800,-0.5860,284.257200,45.118668,13.769
10092312,K01823.02,,FALSE POSITIVE,FALSE POSITIVE,0.0000,0,1,1,1,1.096587245,1.4230000e-06,-1.4230000e-06,132.5142100,1.110000e-03,-1.110000e-03,2.6230,1.4410,-0.0400,3.02870,0.05890,-0.05890,5.4120e+02,1.020e+01,-1.020e+01,168.68,4.888e+01,-1.630e+01,1726.0,,,2096.50,1741.24,-610.22,67.10,2,q1_q17_dr25_tce,5869.00,142.00,-203.00,4.513,0.036,-0.204,0.9420,0.2730,-0.0910,297.787750,47.098331,13.954
3964545,K03542.01,,FALSE POSITIVE,FALSE POSITIVE,0.0000,0,1,0,0,3.012476415,1.4200000e-07,-1.4200000e-07,132.2466206,4.180000e-05,-4.180000e-05,0.7080,0.2470,-0.0410,3.31903,0.00589,-0.00589,1.9840e+05,1.430e+02,-1.430e+02,58.77,1.724e+01,-1.150e+01,1388.0,,,879.89,786.52,-386.88,2060.30,1,q1_q17_dr25_tce,6015.00,190.00,-212.00,4.329,0.162,-0.180,1.0880,0.3190,-0.2130,294.140010,39.089870,14.776
9656397,K03543.01,,FALSE POSITIVE,FALSE POSITIVE,0.0000,0,1,0,0,204.741047580,6.0670000e-05,-6.0670000e-05,202.8713140,2.210000e-04,-2.210000e-04,0.5960,0.0050,-0.0090,20.53570,0.01320,-0.01320,3.3380e+05,1.930e+02,-1.930e+02,97.39,2.969e+01,-1.981e+01,404.0,,,6.30,5.49,-2.80,2000.20,1,q1_q17_dr25_tce,6517.00,155.00,-214.00,4.211,0.153,-0.187,1.4400,0.4390,-0.2930,294.709260,46.384720,13.841
5444491,K07727.01,,FALSE POSITIVE,FALSE POSITIVE,0.0000,0,0,1,1,0.759740194,8.5190000e-06,-8.5190000e-06,131.8200100,8.250000e-03,-8.250000e-03,0.4970,0.4880,-0.2920,3.25200,0.30500,-0.30500,4.2500e+01,4.100e+00,-4.100e+00,0.67,1.600e-01,-7.000e-02,2059.0,,,4245.86,2989.16,-1270.80,13.70,1,q1_q17_dr25_tce,6046.00,169.00,-211.00,4.478,0.042,-0.168,1.0070,0.2370,-0.1020,290.552550,40.688759,14.920
3735629,K03544.01,,FALSE POSITIVE,FALSE POSITIVE,0.0000,0,1,0,0,4.664186517,1.6750000e-06,-1.6750000e-06,133.6706680,3.800000e-04,-3.800000e-04,0.2900,0.0130,-0.0150,4.06390,0.01020,-0.01020,5.5538e+05,1.618e+03,-1.618e+03,278.81,9.457e+01,-1.756e+02,1683.0,,,1896.44,2053.88,-1670.82,445.70,1,q1_q17_dr25_tce,5062.00,193.00,-176.00,3.515,0.904,-0.226,3.5790,1.2140,-2.2540,287.987950,38.891750,16.144
8244173,K03545.01,,FALSE POSITIVE,FALSE POSITIVE,0.0000,0,1,0,0,1.092066399,9.1000000e-08,-9.1000000e-08,132.1028432,7.530000e-05,-7.530000e-05,0.4880,0.0120,-0.0130,2.97608,0.00365,-0.00365,4.0189e+05,4.030e+02,-4.030e+02,40.74,3.320e+00,-3.320e+00,1164.0,,,432.44,148.35,-116.29,1160.60,1,q1_q17_dr25_tce,4556.00,160.00,-160.00,4.670,0.054,-0.032,0.5760,0.0470,-0.0470,295.506100,44.110538,15.896
6546508,K03613.01,,FALSE POSITIVE,FALSE POSITIVE,0.0000,0,1,0,0,3.053578643,4.3800000e-07,-4.3800000e-07,133.8788430,1.300000e-04,-1.300000e-04,1.1100,0.0250,-0.0270,3.22884,0.00541,-0.00541,5.2880e+04,9.670e+01,-9.670e+01,35.35,6.080e+00,-2.830e+00,1035.0,,,271.46,161.69,-71.76,661.40,1,q1_q17_dr25_tce,5414.00,206.00,-187.00,4.625,0.035,-0.105,0.7140,0.1230,-0.0570,298.131410,41.950989,15.740
9886224,K03614.01,,FALSE POSITIVE,FALSE POSITIVE,0.0120,0,1,0,0,2.992662857,1.6570000e-06,-1.6570000e-06,131.8932190,6.260000e-04,-6.260000e-04,0.0010,0.1470,-0.0010,2.52580,0.01260,-0.01260,1.1370e+05,4.610e+02,-4.610e+02,60.35,3.623e+01,-3.624e+01,1476.0,,,1123.54,2224.56,-965.69,296.80,1,q1_q17_dr25_tce,4927.00,190.00,-155.00,3.883,0.728,-0.312,1.8370,1.1030,-1.1030,289.856900,46.789928,16.328
3735634,K03615.01,,FALSE POSITIVE,FALSE POSITIVE,0.0000,0,1,1,1,4.664188563,1.4620000e-06,-1.4620000e-06,133.6702440,2.590000e-04,-2.590000e-04,1.2540,0.0860,-0.0690,3.77300,0.01430,-0.01430,1.1360e+04,5.260e+01,-5.260e+01,52.09,1.564e+01,-1.565e+01,1221.0,,,525.46,475.36,-295.14,272.60,1,q1_q17_dr25_tce,5699.00,172.00,-155.00,4.192,0.306,-0.204,1.2150,0.3650,-0.3650,287.989590,38.890381,13.915
5730380,K07738.01,,FALSE POSITIVE,FALSE POSITIVE,0.0000,0,1,1,0,0.954873008,,,131.8519830,,,0.5780,,,1.06130,,,3.3000e+01,,,0.81,1.700e-01,-2.400e-01,2325.0,,,6913.47,4122.85,-3851.30,1.50,1,q1_q17_dr25_tce,6092.00,164.00,-164.00,4.114,0.280,-0.120,1.3630,0.2700,-0.4050,298.058320,40.943069,11.800
6058875,K03616.01,,FALSE POSITIVE,FALSE POSITIVE,0.0000,0,1,0,0,0.564934120,3.6000000e-08,-3.6000000e-08,131.7871403,5.670000e-05,-5.670000e-05,0.6910,0.0130,-0.0130,2.57621,0.00307,-0.00307,2.5264e+05,2.260e+02,-2.260e+02,33.40,2.130e+00,-2.120e+00,1458.0,,,1071.88,320.68,-270.27,1361.50,1,q1_q17_dr25_tce,4748.00,167.00,-185.00,4.729,0.039,-0.032,0.5340,0.0340,-0.0340,296.370360,41.390469,15.839
10735564,K03617.01,,FALSE POSITIVE,FALSE POSITIVE,0.0000,0,1,0,0,1.674984844,3.4900000e-07,-3.4900000e-07,131.7930340,1.970000e-04,-1.970000e-04,0.7310,0.0110,-0.0180,4.92134,0.00828,-0.00828,2.3458e+05,3.220e+02,-3.220e+02,150.48,2.751e+01,-4.715e+01,3055.0,,,20561.29,11083.15,-12489.94,858.80,1,q1_q17_dr25_tce,8285.00,200.00,-371.00,3.971,0.221,-0.136,2.4510,0.4480,-0.7680,293.574370,48.007439,14.567
6200810,K03397.01,,CANDIDATE,CANDIDATE,0.9690,0,0,0,0,35.875448200,3.9460000e-04,-3.9460000e-04,147.5086000,1.010000e-02,-1.010000e-02,0.0260,0.4240,-0.0260,3.97200,0.27800,-0.27800,3.6670e+02,3.370e+01,-3.370e+01,2.35,7.400e-01,-3.000e-01,668.0,,,47.15,42.33,-16.26,12.60,1,q1_q17_dr25_tce,6559.00,158.00,-248.00,4.357,0.065,-0.182,1.2180,0.3820,-0.1530,290.449280,41.535789,15.353
3561464,K03398.01,Kepler-1487 b,CONFIRMED,CANDIDATE,0.0020,0,0,0,0,7.319452940,6.1600000e-05,-6.1600000e-05,137.2206500,7.390000e-03,-7.390000e-03,0.1120,0.3420,-0.1120,4.88100,0.22800,-0.22800,1.6680e+02,1.110e+01,-1.110e+01,5.05,8.700e-01,-1.760e+00,1682.0,,,1891.07,874.75,-1129.21,16.30,2,q1_q17_dr25_tce,5745.00,86.00,-77.00,3.499,0.259,-0.129,3.9550,0.6880,-1.3760,295.498110,38.644501,13.489
3561464,K03398.02,Kepler-1487 c,CONFIRMED,CANDIDATE,0.9960,0,0,0,0,35.800711200,3.7130000e-04,-3.7130000e-04,144.9216900,9.350000e-03,-9.350000e-03,0.0430,0.4020,-0.0430,8.21900,0.20800,-0.20800,4.1740e+02,1.750e+01,-1.750e+01,7.97,1.390e+00,-2.770e+00,991.0,,,227.68,105.32,-135.95,25.00,1,q1_q17_dr25_tce,5745.00,86.00,-77.00,3.499,0.259,-0.129,3.9550,0.6880,-1.3760,295.498110,38.644501,13.489
5962509,K07754.01,,FALSE POSITIVE,FALSE POSITIVE,0.0000,0,0,1,1,0.790049989,8.3450000e-06,-8.3450000e-06,132.1114800,8.860000e-03,-8.860000e-03,0.1850,0.2870,-0.1850,2.79400,0.30800,-0.30800,7.0800e+01,7.000e+00,-7.000e+00,0.67,1.300e-01,-6.000e-02,1724.0,,,2082.67,1190.00,-580.89,12.30,1,q1_q17_dr25_tce,5427.00,162.00,-162.00,4.530,0.063,-0.117,0.8080,0.1470,-0.0790,292.538090,41.206612,15.530
3561464,K03398.03,,CANDIDATE,CANDIDATE,0.9940,0,0,0,0,4.327105790,6.0450000e-05,-6.0450000e-05,131.5891000,1.250000e-02,-1.250000e-02,0.0250,0.4260,-0.0250,3.87200,0.31400,-0.31400,8.4100e+01,1.000e+01,-1.000e+01,3.58,6.200e-01,-1.250e+00,2004.0,,,3805.87,1760.47,-2272.59,9.50,3,q1_q17_dr25_tce,5745.00,86.00,-77.00,3.499,0.259,-0.129,3.9550,0.6880,-1.3760,295.498110,38.644501,13.489
6359802,K03399.01,,FALSE POSITIVE,FALSE POSITIVE,0.0000,0,1,1,1,14.154026150,8.0780000e-05,-8.0780000e-05,144.1768500,5.070000e-03,-5.070000e-03,1.1990,69.5000,-1.4320,4.11500,0.20300,-0.20300,2.1653e+04,1.020e+03,-1.020e+03,29.61,1.880e+00,-2.600e+00,495.0,,,14.25,4.26,-3.97,23.90,1,q1_q17_dr25_tce,4352.00,153.00,-153.00,4.610,0.052,-0.021,0.6610,0.0420,-0.0580,290.354430,41.769180,15.056
7121885,K03467.01,,FALSE POSITIVE,FALSE POSITIVE,0.0000,0,1,0,0,33.937542130,1.1200000e-05,-1.1200000e-05,147.1824010,3.040000e-04,-3.040000e-04,1.9790,0.5110,-0.2200,11.16770,0.02300,-0.02300,3.2990e+04,3.870e+01,-3.870e+01,138.25,4.747e+01,-1.906e+01,618.0,,,34.42,35.81,-12.84,1112.00,1,q1_q17_dr25_tce,6220.00,194.00,-259.00,4.414,0.072,-0.217,1.0660,0.3660,-0.1470,293.030670,42.635220,15.191
5213404,K03468.01,Kepler-1508 b,CONFIRMED,CANDIDATE,0.9990,0,0,0,0,20.705715300,7.5980000e-04,-7.5980000e-04,139.9803000,2.220000e-02,-2.220000e-02,0.9220,0.0460,-0.6510,9.67800,0.57700,-0.57700,1.1590e+02,9.900e+00,-9.900e+00,3.22,5.600e-01,-1.040e+00,967.0,,,206.73,95.46,-116.73,13.50,1,q1_q17_dr25_tce,5668.00,85.00,-76.00,3.792,0.255,-0.102,2.4370,0.4230,-0.7850,298.118870,40.375050,14.276
4844470,K03469.01,,CANDIDATE,CANDIDATE,0.9550,0,0,0,0,60.532988000,4.5570000e-04,-4.5570000e-04,134.5746100,5.540000e-03,-5.540000e-03,0.6180,0.3030,-0.4020,7.08600,0.17900,-0.17900,4.6750e+02,2.230e+01,-2.230e+01,1.91,5.300e-01,-1.700e-01,420.0,,,7.36,6.01,-1.85,23.80,1,q1_q17_dr25_tce,5631.00,152.00,-152.00,4.557,0.035,-0.184,0.8470,0.2350,-0.0730,294.250370,39.943939,14.196
6205566,K07772.01,,FALSE POSITIVE,FALSE POSITIVE,0.0000,1,0,1,1,3.722867900,1.3630000e-04,-1.3630000e-04,134.6350000,3.410000e-02,-3.410000e-02,0.8000,0.1810,-0.5730,9.55700,0.89300,-0.89300,5.2100e+01,6.200e+00,-6.200e+00,0.74,2.100e-01,-7.000e-02,1182.0,,,461.27,384.21,-130.76,9.80,1,q1_q17_dr25_tce,6046.00,163.00,-199.00,4.509,0.048,-0.192,0.9270,0.2630,-0.0880,292.017210,41.562809,15.202
11551692,K01781.03,Kepler-411 d,CONFIRMED,CANDIDATE,0.9670,0,0,0,0,58.019858300,1.4320000e-04,-1.4320000e-04,151.8500700,1.880000e-03,-1.880000e-03,0.9510,0.0140,-0.0110,5.34800,0.18200,-0.18200,1.2866e+03,3.480e+01,-3.480e+01,3.46,2.900e-01,-1.000e-01,354.0,,,3.70,0.99,-0.49,66.00,3,q1_q17_dr25_tce,4920.00,98.00,-98.00,4.620,0.010,-0.059,0.7200,0.0590,-0.0220,287.605590,49.523258,12.231
9995771,K03470.01,,CANDIDATE,CANDIDATE,0.7330,0,0,0,0,15.061783500,2.6450000e-04,-2.6450000e-04,140.1111000,1.600000e-02,-1.600000e-02,0.1140,0.3350,-0.1140,6.31000,0.29900,-0.29900,1.9660e+02,1.790e+01,-1.790e+01,1.61,2.700e-01,-2.100e-01,794.0,,,94.08,41.79,-26.28,12.10,2,q1_q17_dr25_tce,5806.00,78.00,-78.00,4.321,0.115,-0.115,1.1580,0.1970,-0.1480,283.797820,46.931000,15.386
7287391,K03546.01,,FALSE POSITIVE,FALSE POSITIVE,0.0000,0,1,0,0,4.286103033,1.0110000e-06,-1.0110000e-06,134.5907770,2.110000e-04,-2.110000e-04,0.5440,0.0110,-0.0150,2.64220,0.01310,-0.01310,1.7336e+05,7.860e+02,-7.860e+02,25.80,2.100e+00,-2.920e+00,686.0,,,52.42,17.82,-17.17,397.10,1,q1_q17_dr25_tce,4206.00,146.00,-161.00,4.663,0.054,-0.027,0.5910,0.0480,-0.0670,293.463560,42.884060,15.295
6756202,K03547.01,,FALSE POSITIVE,FALSE POSITIVE,0.0000,0,1,0,0,290.777871900,5.2910000e-05,-5.2910000e-05,393.5113870,1.200000e-04,-1.200000e-04,0.7610,0.0310,-0.0410,12.05250,0.01070,-0.01070,2.2577e+05,1.500e+02,-1.500e+02,45.27,6.050e+00,-4.070e+00,222.0,,,0.58,0.25,-0.15,1836.80,1,q1_q17_dr25_tce,5207.00,154.00,-138.00,4.585,0.048,-0.072,0.7340,0.0980,-0.0660,283.898620,42.299992,14.282
10215869,K03548.01,,FALSE POSITIVE,FALSE POSITIVE,0.0000,0,1,0,0,5.017239915,1.4880000e-06,-1.4880000e-06,134.4901360,1.950000e-04,-1.950000e-04,0.1910,0.0160,-0.0180,4.36126,0.00841,-0.00841,1.4464e+05,1.870e+02,-1.870e+02,41.75,1.312e+01,-4.680e+00,1229.0,,,538.77,499.44,-175.56,970.90,1,q1_q17_dr25_tce,6519.00,181.00,-250.00,4.410,0.070,-0.210,1.0790,0.3390,-0.1210,294.923710,47.249989,14.115
5456319,K07728.01,,FALSE POSITIVE,FALSE POSITIVE,0.0000,0,0,1,0,0.937923475,9.4730000e-06,-9.4730000e-06,132.3450100,7.870000e-03,-7.870000e-03,0.5150,0.0390,-0.4540,3.16400,0.21800,-0.21800,4.0400e+01,4.300e+00,-4.300e+00,0.52,1.000e-01,-4.000e-02,1588.0,,,1503.05,859.60,-370.86,12.00,1,q1_q17_dr25_tce,5398.00,160.00,-160.00,4.580,0.030,-0.127,0.8050,0.1470,-0.0630,294.116490,40.681061,14.403
2307206,K03549.01,,FALSE POSITIVE,FALSE POSITIVE,0.0000,0,1,0,0,204.032934200,1.6020000e-04,-1.6020000e-04,253.5366260,3.950000e-04,-3.950000e-04,0.4900,0.0140,-0.0140,17.56230,0.02310,-0.02310,4.1137e+05,5.040e+02,-5.040e+02,57.35,1.253e+01,-4.980e+00,272.0,,,1.29,0.87,-0.34,884.90,1,q1_q17_dr25_tce,5553.00,166.00,-166.00,4.577,0.036,-0.144,0.8060,0.1760,-0.0700,292.376160,37.657459,15.734
7025540,K03550.01,,FALSE POSITIVE,FALSE POSITIVE,0.0000,0,1,0,0,2.148219541,3.1700000e-07,-3.1700000e-07,132.7667300,1.320000e-04,-1.320000e-04,0.4240,0.0190,-0.0210,2.94091,0.00660,-0.00660,4.5784e+05,8.450e+02,-8.450e+02,49.60,3.910e+00,-4.800e+00,1009.0,,,244.99,83.23,-72.22,619.80,1,q1_q17_dr25_tce,4694.00,168.00,-168.00,4.600,0.059,-0.032,0.6720,0.0530,-0.0650,289.252810,42.562611,15.783
7620844,K03551.01,,FALSE POSITIVE,FALSE POSITIVE,0.0000,0,1,0,0,58.621578824,7.6430000e-06,-7.6430000e-06,178.5674958,9.960000e-05,-9.960000e-05,0.8960,0.0380,-0.0360,8.52961,0.00582,-0.00582,1.4295e+05,8.960e+01,-8.960e+01,40.43,4.960e+00,-4.520e+00,385.0,,,5.19,2.17,-1.57,1887.70,1,q1_q17_dr25_tce,5232.00,157.00,-157.00,4.554,0.090,-0.067,0.7250,0.0890,-0.0810,295.610380,43.260422,15.161
6677267,K03622.01,,FALSE POSITIVE,FALSE POSITIVE,0.0000,0,1,1,0,3.125821128,7.1900000e-07,-7.1900000e-07,134.4796840,1.940000e-04,-1.940000e-04,1.2690,0.2600,-0.1970,2.21630,0.01010,-0.01010,5.0254e+03,2.550e+01,-2.550e+01,110.58,1.698e+01,-3.966e+01,2087.0,,,4481.76,2158.45,-2831.13,245.20,1,q1_q17_dr25_tce,6137.00,167.00,-167.00,3.705,0.300,-0.080,2.8520,0.4380,-1.0230,287.151670,42.110378,12.770
7732791,K03623.01,,FALSE POSITIVE,FALSE POSITIVE,0.0000,0,1,0,0,1.032068851,6.2400000e-07,-6.2400000e-07,131.8383000,5.350000e-04,-5.350000e-04,1.0140,10.7900,-0.1920,2.13440,0.02990,-0.02990,1.2199e+05,1.055e+03,-1.055e+03,44.35,1.560e+00,-3.680e+00,1221.0,,,523.01,107.99,-138.52,140.00,1,q1_q17_dr25_tce,4387.00,132.00,-145.00,4.587,0.049,-0.017,0.7110,0.0250,-0.0590,282.553380,43.417358,16.177
5736801,K07739.01,,FALSE POSITIVE,FALSE POSITIVE,0.0000,1,0,1,0,6.675187100,1.9220000e-04,-1.9220000e-04,137.4528000,2.600000e-02,-2.600000e-02,0.2510,0.2940,-0.2510,2.37200,0.80500,-0.80500,1.7830e+02,6.000e+01,-6.000e+01,1.09,3.000e-01,-1.000e-01,890.0,,,148.28,122.30,-41.20,7.00,1,q1_q17_dr25_tce,5774.00,172.00,-189.00,4.567,0.046,-0.184,0.8180,0.2240,-0.0750,299.339940,40.925362,15.554
8177798,K03624.01,,FALSE POSITIVE,FALSE POSITIVE,0.0000,0,1,0,0,1.450205839,3.8200000e-07,-3.8200000e-07,131.9855230,2.240000e-04,-2.240000e-04,1.2360,0.1120,-0.1040,3.63730,0.01150,-0.01150,2.5884e+04,7.420e+01,-7.420e+01,92.78,2.563e+01,-2.098e+01,2675.0,,,12063.44,9872.65,-5972.11,419.00,1,q1_q17_dr25_tce,7564.00,211.00,-316.00,4.093,0.144,-0.176,1.8930,0.5230,-0.4280,295.816860,44.005680,13.910
10489521,K03625.01,,FALSE POSITIVE,FALSE POSITIVE,0.0000,0,1,0,0,3.224486463,4.5600000e-07,-4.5600000e-07,131.8559250,1.590000e-04,-1.590000e-04,0.4210,0.0090,-0.0090,4.61686,0.00343,-0.00343,4.0373e+05,3.890e+02,-3.890e+02,79.08,2.400e+01,-1.295e+01,1456.0,,,1060.42,948.08,-425.05,1905.10,1,q1_q17_dr25_tce,6389.00,176.00,-242.00,4.331,0.108,-0.201,1.1600,0.3520,-0.1900,298.353270,47.668880,16.169
12643582,K03626.01,,FALSE POSITIVE,FALSE POSITIVE,0.0000,0,1,0,0,44.145797770,1.7750000e-05,-1.7750000e-05,167.3920370,4.360000e-04,-4.360000e-04,0.8640,0.1030,-0.1820,4.08800,0.01330,-0.01330,2.2423e+05,5.440e+02,-5.440e+02,62.24,1.771e+01,-7.570e+00,504.0,,,15.25,13.05,-4.96,434.90,1,q1_q17_dr25_tce,5876.00,175.00,-193.00,4.492,0.065,-0.195,0.8960,0.2550,-0.1090,288.318760,51.725361,16.442
9328641,K03400.01,,FALSE POSITIVE,FALSE POSITIVE,0.0000,1,0,0,0,33.323957600,1.5130000e-04,-1.5130000e-04,132.5898900,3.910000e-03,-3.910000e-03,0.4700,0.0620,-0.2270,37.21700,0.23300,-0.23300,2.0121e+03,1.400e+01,-1.400e+01,2.55,1.200e-01,-1.100e-01,416.0,,,7.06,1.84,-1.44,173.70,1,q1_q17_dr25_tce,5192.00,180.00,-180.00,4.707,0.046,-0.025,0.5550,0.0270,-0.0240,284.851620,45.863510,15.213
9966219,K03401.01,,CANDIDATE,CANDIDATE,0.9960,0,0,0,0,17.955967300,2.5470000e-04,-2.5470000e-04,139.0347000,1.070000e-02,-1.070000e-02,0.9790,0.0160,-0.7420,6.23700,0.31600,-0.31600,1.3700e+02,1.360e+01,-1.360e+01,1.96,2.800e-01,-3.300e-01,750.0,,,74.61,29.15,-25.22,11.90,1,q1_q17_dr25_tce,5641.00,76.00,-76.00,4.258,0.162,-0.108,1.1950,0.1770,-0.1960,297.478390,46.815750,14.388
5991070,K07756.01,,FALSE POSITIVE,FALSE POSITIVE,0.4240,1,0,0,0,0.941029540,1.5830000e-05,-1.5830000e-05,131.9021000,1.440000e-02,-1.440000e-02,0.1190,0.3440,-0.1190,4.41500,0.47000,-0.47000,3.4500e+01,3.300e+00,-3.300e+00,1.41,2.400e-01,-5.800e-01,2761.0,,,13794.93,7662.97,-9444.62,13.30,1,q1_q17_dr25_tce,5766.00,173.00,-144.00,3.783,0.330,-0.110,2.4090,0.4230,-0.9860,299.372680,41.236671,13.134
5531953,K01681.02,Kepler-1984 b,CONFIRMED,CANDIDATE,0.3290,0,0,0,0,1.992812339,7.8320000e-06,-7.8320000e-06,131.7056500,3.070000e-03,-3.070000e-03,1.1270,15.7600,-0.1040,2.06600,0.17700,-0.17700,3.1480e+02,2.280e+01,-2.280e+01,6.81,7.500e-01,-9.000e-01,675.0,,,48.82,16.18,-15.53,16.80,2,q1_q17_dr25_tce,3638.00,72.00,-87.00,4.844,0.049,-0.055,0.4200,0.0460,-0.0560,291.285000,40.730049,15.855
3757778,K03402.01,,FALSE POSITIVE,FALSE POSITIVE,0.0000,0,1,0,0,36.514374043,4.5030000e-06,-4.5030000e-06,163.7944630,1.070000e-04,-1.070000e-04,0.1330,0.0120,-0.0200,6.48255,0.00701,-0.00701,1.1162e+05,7.980e+01,-7.980e+01,33.27,1.015e+01,-3.390e+00,546.0,,,21.08,19.00,-6.33,1701.10,1,q1_q17_dr25_tce,5811.00,162.00,-203.00,4.465,0.054,-0.216,1.0000,0.3050,-0.1020,294.196290,38.837120,15.423
11754430,K03403.01,Kepler-1488 b,CONFIRMED,CANDIDATE,0.8490,0,0,0,0,39.818832000,3.1000000e-04,-3.1000000e-04,166.6507200,6.560000e-03,-6.560000e-03,0.6000,0.3250,-0.3980,10.75700,0.19100,-0.19100,1.9910e+02,7.100e+00,-7.100e+00,2.23,3.600e-01,-4.900e-01,650.0,,,42.32,19.32,-18.20,29.40,1,q1_q17_dr25_tce,5710.00,114.00,-91.00,4.073,0.201,-0.093,1.5240,0.2440,-0.3360,286.646420,49.937778,13.102
9995771,K03470.02,Kepler-1509 b,CONFIRMED,CANDIDATE,1.0000,0,0,0,0,25.433786400,3.2150000e-04,-3.2150000e-04,143.1302000,1.150000e-02,-1.150000e-02,0.2320,0.2050,-0.2320,6.51400,0.23500,-0.23500,3.0200e+02,2.240e+01,-2.240e+01,2.00,3.400e-01,-2.500e-01,667.0,,,46.80,20.79,-13.07,14.30,1,q1_q17_dr25_tce,5806.00,78.00,-78.00,4.321,0.115,-0.115,1.1580,0.1970,-0.1480,283.797820,46.931000,15.386
11875511,K03471.01,,FALSE POSITIVE,FALSE POSITIVE,0.0000,0,1,0,0,67.451045000,8.5680000e-05,-8.5680000e-05,151.9675600,1.040000e-03,-1.040000e-03,1.0100,0.2560,-0.0660,8.93870,0.07100,-0.07100,7.0628e+03,4.460e+01,-4.460e+01,36.70,2.077e+01,-2.538e+01,562.0,,,23.61,40.97,-21.58,205.40,1,q1_q17_dr25_tce,4847.00,134.00,-122.00,3.726,0.840,-0.360,2.1910,1.2400,-1.5150,297.169770,50.147369,13.342
6231721,K07773.01,,CANDIDATE,CANDIDATE,0.9500,0,0,0,0,2.693399740,2.9510000e-05,-2.9510000e-05,131.9006000,1.040000e-02,-1.040000e-02,0.2790,0.1860,-0.2790,1.93600,0.25700,-0.25700,1.4750e+02,2.200e+01,-2.200e+01,1.04,1.900e-01,-1.100e-01,1151.0,,,415.96,248.77,-117.07,8.70,1,q1_q17_dr25_tce,5355.00,175.00,-159.00,4.511,0.057,-0.133,0.8630,0.1600,-0.0860,298.686070,41.521069,15.673
9536108,K03472.01,,CANDIDATE,CANDIDATE,0.9720,0,0,0,0,10.430031180,7.8210000e-05,-7.8210000e-05,133.2962000,5.690000e-03,-5.690000e-03,0.2830,0.1780,-0.2830,2.02900,0.19600,-0.19600,1.2000e+02,1.430e+01,-1.430e+01,1.14,3.600e-01,-1.200e-01,906.0,,,159.58,145.16,-47.42,10.60,1,q1_q17_dr25_tce,6277.00,169.00,-206.00,4.449,0.052,-0.208,1.0310,0.3200,-0.1070,295.638550,46.132549,14.412
8905246,K03473.01,,CANDIDATE,CANDIDATE,1.0000,0,0,0,0,27.637147080,6.7610000e-05,-6.7610000e-05,143.9334200,1.930000e-03,-1.930000e-03,0.6690,0.0010,-0.5190,1.72770,0.07160,-0.07160,7.3550e+02,3.250e+01,-3.250e+01,6.96,2.440e+00,-4.530e+00,816.0,,,104.60,112.69,-93.30,27.40,1,q1_q17_dr25_tce,5214.00,173.00,-157.00,3.766,0.750,-0.250,2.4270,0.8500,-1.5790,298.075900,45.189030,13.851
5213230,K03474.01,Kepler-1923 b,CONFIRMED,CANDIDATE,0.9780,0,0,0,0,52.609510300,7.3210000e-04,-7.3210000e-04,158.6253000,1.080000e-02,-1.080000e-02,0.1020,0.3470,-0.1020,8.20200,0.35800,-0.35800,2.0370e+02,1.520e+01,-1.520e+01,1.83,3.000e-01,-3.200e-01,553.0,,,22.13,9.28,-7.90,15.30,1,q1_q17_dr25_tce,5881.00,79.00,-79.00,4.259,0.137,-0.112,1.2940,0.2070,-0.2280,298.083400,40.346210,14.192
3326377,K01830.02,Kepler-967 c,CONFIRMED,CANDIDATE,1.0000,0,0,0,0,198.710625100,7.1170000e-04,-7.1170000e-04,156.5181900,3.030000e-03,-3.030000e-03,0.0260,0.3870,-0.0260,8.63800,0.11500,-0.11500,2.0948e+03,3.570e+01,-3.570e+01,3.56,2.400e-01,-1.900e-01,258.0,,,1.05,0.25,-0.18,62.10,2,q1_q17_dr25_tce,5180.00,103.00,-103.00,4.548,0.036,-0.054,0.8000,0.0540,-0.0430,286.558070,38.405369,14.443
6233466,K03552.01,,FALSE POSITIVE,FALSE POSITIVE,0.0000,0,1,0,0,15.873380595,6.2700000e-06,-6.2700000e-06,143.8599410,4.210000e-04,-4.210000e-04,3.4540,0.5580,-0.3390,8.04290,0.02200,-0.02200,2.0836e+05,2.820e+02,-2.820e+02,630.53,1.687e+02,-3.134e+02,962.0,,,202.23,167.87,-156.96,978.20,1,q1_q17_dr25_tce,5622.00,186.00,-169.00,3.907,0.568,-0.177,1.8950,0.5070,-0.9420,299.047270,41.538078,14.679
5460434,K07729.01,,CANDIDATE,CANDIDATE,0.0000,0,0,0,0,50.563697000,1.0690000e-03,-1.0690000e-03,145.8658000,1.680000e-02,-1.680000e-02,0.7790,0.2060,-0.5740,5.38100,0.83000,-0.83000,5.0500e+01,1.500e+01,-1.500e+01,1.57,3.200e-01,-2.900e-01,761.0,,,79.36,41.15,-29.12,6.80,5,q1_q17_dr25_tce,6759.00,81.00,-81.00,4.018,0.148,-0.121,2.0220,0.4110,-0.3740,295.195010,40.670841,10.948
11249624,K03553.01,,FALSE POSITIVE,FALSE POSITIVE,0.0000,0,1,0,0,65.583665567,5.6740000e-06,-5.6740000e-06,182.6493381,7.040000e-05,-7.040000e-05,0.7200,0.0230,-0.0220,5.01216,0.00389,-0.00389,2.4240e+05,1.730e+02,-1.730e+02,41.22,5.440e+00,-2.540e+00,371.0,,,4.50,2.07,-0.99,1649.50,1,q1_q17_dr25_tce,5516.00,183.00,-166.00,4.650,0.036,-0.084,0.6660,0.0880,-0.0410,294.438630,48.985241,15.743
6426592,K03554.01,,FALSE POSITIVE,FALSE POSITIVE,0.5220,0,1,0,0,394.678162670,4.7390000e-05,-4.7390000e-05,346.1399939,8.610000e-05,-8.610000e-05,0.7080,0.0160,-0.0190,6.05443,0.00461,-0.00461,2.5338e+05,1.840e+02,-1.840e+02,52.16,1.250e+01,-6.230e+00,235.0,,,0.72,0.51,-0.22,1500.70,1,q1_q17_dr25_tce,5780.00,157.00,-157.00,4.505,0.084,-0.156,0.8300,0.1990,-0.0990,285.601620,41.817532,15.207
8491745,K03555.01,,FALSE POSITIVE,FALSE POSITIVE,0.0000,0,1,0,0,111.319805220,2.0650000e-05,-2.0650000e-05,226.6487050,1.440000e-04,-1.440000e-04,0.2340,0.0040,-0.0060,23.00780,0.01150,-0.01150,6.2705e+04,2.130e+01,-2.130e+01,63.68,2.163e+01,-9.250e+00,539.0,,,20.01,19.60,-6.39,3433.70,1,q1_q17_dr25_tce,5022.00,125.00,-88.00,3.562,0.132,-0.181,2.5800,0.8760,-0.3750,290.511630,44.556019,12.439
3970117,K03556.01,,FALSE POSITIVE,FALSE POSITIVE,0.0000,0,1,0,0,110.295126840,2.5170000e-05,-2.5170000e-05,235.7509480,1.640000e-04,-1.640000e-04,0.2480,0.0040,-0.0040,16.53390,0.01190,-0.01190,1.7634e+05,1.080e+02,-1.080e+02,37.88,1.054e+01,-4.520e+00,362.0,,,4.06,3.32,-1.27,2084.30,1,q1_q17_dr25_tce,5753.00,155.00,-172.00,4.503,0.062,-0.188,0.8950,0.2490,-0.1070,295.462010,39.084389,15.258
11147814,K03334.01,,FALSE POSITIVE,FALSE POSITIVE,0.0000,0,1,0,0,95.178317934,3.9800000e-06,-3.9800000e-06,224.5967850,3.200000e-05,-3.200000e-05,0.7610,0.0100,-0.0120,3.60125,0.00286,-0.00286,1.2858e+05,8.530e+01,-8.530e+01,28.75,2.290e+00,-2.550e+00,272.0,,,1.29,0.40,-0.33,2279.10,1,q1_q17_dr25_tce,4523.00,136.00,-123.00,4.615,0.052,-0.024,0.6530,0.0520,-0.0580,296.338620,48.757580,14.401
10922659,K03335.01,Kepler-1916 b,CONFIRMED,CANDIDATE,0.9700,0,0,0,0,31.254323800,3.5670000e-04,-3.5670000e-04,155.0470000,1.020000e-02,-1.020000e-02,0.0190,0.4200,-0.0190,5.66200,0.22300,-0.22300,4.3800e+02,3.430e+01,-3.430e+01,2.29,7.600e-01,-2.600e-01,635.0,,,38.54,37.99,-12.89,14.70,1,q1_q17_dr25_tce,6246.00,173.00,-260.00,4.433,0.054,-0.216,1.0920,0.3650,-0.1220,293.070620,48.387741,15.820
8892720,K03336.01,,FALSE POSITIVE,FALSE POSITIVE,0.0000,0,1,0,0,61.491147900,1.4370000e-05,-1.4370000e-05,163.6336630,2.100000e-04,-2.100000e-04,0.6810,0.0020,-0.0020,9.74500,0.01030,-0.01030,5.8703e+04,5.700e+01,-5.700e+01,22.76,6.780e+00,-2.260e+00,438.0,,,8.70,7.68,-2.58,1421.70,1,q1_q17_dr25_tce,5830.00,164.00,-205.00,4.540,0.037,-0.200,0.8760,0.2610,-0.0870,294.356630,45.195011,15.523
6021275,K00284.04,Kepler-132 e,CONFIRMED,CANDIDATE,0.8440,0,0,0,0,110.286703100,7.4280000e-04,-7.4280000e-04,239.2212800,4.070000e-03,-4.070000e-03,0.6750,0.2690,-0.4720,4.42700,0.14700,-0.14700,1.4530e+02,9.000e+00,-9.000e+00,1.41,2.000e-01,-2.300e-01,414.0,,,6.96,2.79,-2.40,16.40,4,q1_q17_dr25_tce,5931.00,107.00,-118.00,4.322,0.137,-0.112,1.1010,0.1570,-0.1730,283.235810,41.343040,11.818
7869917,K01525.02,Kepler-880 c,CONFIRMED,CANDIDATE,0.9810,0,0,0,0,11.806173700,1.5180000e-04,-1.5180000e-04,138.2641000,1.070000e-02,-1.070000e-02,0.9050,0.0590,-0.7110,4.47200,0.26100,-0.26100,8.8100e+01,9.400e+00,-9.400e+00,2.87,5.800e-01,-9.400e-01,1407.0,,,926.72,558.94,-554.52,10.10,2,q1_q17_dr25_tce,6900.00,184.00,-204.00,3.843,0.259,-0.111,2.5990,0.5230,-0.8500,281.971250,43.672771,12.082
11754430,K03403.02,Kepler-1488 c,CONFIRMED,CANDIDATE,1.0000,0,0,0,0,6.158286660,8.7700000e-05,-8.7700000e-05,135.4969000,1.440000e-02,-1.440000e-02,0.5950,0.0420,-0.4640,6.32900,0.34100,-0.34100,5.7700e+01,4.100e+00,-4.100e+00,1.20,1.900e-01,-2.600e-01,1212.0,,,510.35,233.02,-219.53,16.40,2,q1_q17_dr25_tce,5710.00,114.00,-91.00,4.073,0.201,-0.093,1.5240,0.2440,-0.3360,286.646420,49.937778,13.102
6032920,K07757.01,,FALSE POSITIVE,FALSE POSITIVE,0.4690,1,0,0,0,10.828825742,,,134.9251984,,,0.1370,,,0.72750,,,9.2100e+01,,,0.76,2.000e-01,-7.000e-02,758.0,,,78.30,58.93,-19.95,4.80,1,q1_q17_dr25_tce,5862.00,141.00,-159.00,4.584,0.033,-0.176,0.7850,0.2060,-0.0690,288.656950,41.399529,13.492
8409295,K03404.01,Kepler-1489 b,CONFIRMED,CANDIDATE,0.9930,0,0,0,0,82.292865000,1.2250000e-03,-1.2250000e-03,212.0314000,1.240000e-02,-1.240000e-02,0.1950,0.2670,-0.1950,7.04800,0.37400,-0.37400,3.7110e+02,3.230e+01,-3.230e+01,1.82,2.500e-01,-1.200e-01,400.0,,,6.07,2.22,-1.12,13.00,1,q1_q17_dr25_tce,5626.00,76.00,-84.00,4.467,0.051,-0.119,0.9570,0.1320,-0.0660,281.295810,44.465401,14.828
7131760,K03407.01,Kepler-1490 b,CONFIRMED,CANDIDATE,0.9430,0,0,0,0,92.436978000,1.0350000e-03,-1.0350000e-03,163.5794000,1.080000e-02,-1.080000e-02,0.9430,0.0250,-0.6590,6.43200,0.30200,-0.30200,9.5520e+02,6.040e+01,-6.040e+01,2.89,5.900e-01,-2.500e-01,348.0,,,3.46,2.16,-0.90,17.80,1,q1_q17_dr25_tce,5595.00,167.00,-167.00,4.606,0.034,-0.127,0.7410,0.1490,-0.0640,295.693570,42.609509,15.449
11922778,K03408.01,,CANDIDATE,CANDIDATE,0.8640,0,0,0,0,65.427645000,1.0870000e-03,-1.0870000e-03,176.2733000,1.400000e-02,-1.400000e-02,0.0040,0.4380,-0.0040,9.40400,0.32600,-0.32600,3.1900e+02,2.350e+01,-2.350e+01,1.65,5.200e-01,-1.700e-01,453.0,,,9.94,9.19,-2.97,15.60,1,q1_q17_dr25_tce,6014.00,162.00,-198.00,4.504,0.052,-0.221,0.9260,0.2920,-0.0970,296.006900,50.281811,14.821
9468382,K03409.01,,FALSE POSITIVE,FALSE POSITIVE,0.0000,0,1,1,1,11.082605530,3.7800000e-05,-3.7800000e-05,136.6562000,3.050000e-03,-3.050000e-03,0.9660,0.0080,-0.0060,6.23000,0.20400,-0.20400,6.0120e+02,1.920e+01,-1.920e+01,7.34,4.320e+00,-5.270e+00,1108.0,,,355.64,639.52,-330.57,51.30,1,q1_q17_dr25_tce,5125.00,136.00,-151.00,3.674,0.975,-0.325,2.1960,1.2900,-1.5770,293.252590,46.049030,13.566
6145201,K03475.01,,FALSE POSITIVE,FALSE POSITIVE,,0,1,1,0,22.783277600,2.4540000e-04,-2.4540000e-04,145.5334400,8.890000e-03,-8.890000e-03,0.6260,0.3217,-0.3979,4.19400,0.32400,-0.32400,1.2020e+02,8.400e+00,-8.400e+00,1.33,8.900e-01,-1.400e-01,759.0,,,78.41,163.55,-22.93,18.20,1,q1_q17_dr24_tce,6517.00,173.00,-198.00,4.382,0.059,-0.372,1.1590,0.7730,-0.1220,297.495150,41.414700,12.972
5986209,K03476.01,,FALSE POSITIVE,FALSE POSITIVE,0.0000,0,1,0,0,23.737952838,5.4300000e-06,-5.4300000e-06,147.0066780,2.010000e-04,-2.010000e-04,1.0040,0.0620,-0.0470,8.50818,0.00904,-0.00904,9.5884e+04,9.360e+01,-9.360e+01,53.27,1.503e+01,-9.210e+00,620.0,,,34.94,30.43,-14.04,1221.20,1,q1_q17_dr25_tce,5559.00,183.00,-183.00,4.394,0.139,-0.186,1.0000,0.2820,-0.1730,298.371770,41.291759,15.147
9226339,K03477.01,,FALSE POSITIVE,FALSE POSITIVE,0.0000,0,0,1,0,21.461845300,2.9620000e-04,-2.9620000e-04,132.2156000,1.050000e-02,-1.050000e-02,1.1390,74.8900,-1.9530,5.67500,0.55100,-0.55100,1.2220e+02,1.130e+01,-1.130e+01,19.89,3.180e+00,-2.870e+00,722.0,,,64.17,28.59,-20.85,13.40,1,q1_q17_dr25_tce,5806.00,105.00,-117.00,4.283,0.132,-0.108,1.2130,0.1940,-0.1750,294.916990,45.680679,13.798
6525209,K03479.01,,FALSE POSITIVE,FALSE POSITIVE,0.0000,0,1,0,0,75.131948830,1.2710000e-05,-1.2710000e-05,184.4294620,1.340000e-04,-1.340000e-04,0.4870,0.0010,-0.0010,20.87290,0.00883,-0.00883,1.2237e+05,4.190e+01,-4.190e+01,26.21,3.740e+00,-2.300e+00,359.0,,,3.94,1.84,-1.00,3625.50,1,q1_q17_dr25_tce,5365.00,160.00,-144.00,4.586,0.052,-0.078,0.7290,0.1040,-0.0640,292.721370,41.904919,14.658
2975770,K01788.02,,CANDIDATE,CANDIDATE,0.0000,0,0,0,0,369.069345000,5.9280000e-03,-5.9280000e-03,298.3962000,1.100000e-02,-1.100000e-02,0.9290,0.0160,-0.6600,5.83200,0.32400,-0.32400,9.4590e+02,8.860e+01,-8.860e+01,3.07,1.100e-01,-1.900e-01,197.0,,,0.35,0.05,-0.06,11.70,2,q1_q17_dr25_tce,4855.00,77.00,-87.00,4.542,0.056,-0.020,0.7780,0.0290,-0.0470,287.737550,38.114559,14.521
5534965,K03557.01,,FALSE POSITIVE,FALSE POSITIVE,0.0000,0,1,0,0,243.821221310,2.7610000e-05,-2.7610000e-05,159.4958018,8.230000e-05,-8.230000e-05,1.0290,0.0920,-0.0390,10.93120,0.00548,-0.00548,5.6799e+04,2.640e+01,-2.640e+01,56.63,1.007e+01,-9.030e+00,365.0,,,4.18,1.90,-1.36,2804.30,1,q1_q17_dr25_tce,6370.00,76.00,-76.00,4.228,0.143,-0.117,1.3160,0.2340,-0.2100,292.260440,40.703678,13.297
5512513,K07730.01,,FALSE POSITIVE,FALSE POSITIVE,0.0900,0,1,0,0,0.774598560,,,132.3192077,,,,,,2.71000,,,,,,,,,,,,,,,,1,q1_q17_dr25_tce,,,,,,,,,,283.698910,40.768040,14.737
9965206,K03558.01,,FALSE POSITIVE,FALSE POSITIVE,0.0000,0,1,0,0,16.227548674,1.4850000e-06,-1.4850000e-06,136.6397289,7.910000e-05,-7.910000e-05,0.7950,0.0220,-0.0180,5.08666,0.00364,-0.00364,1.9269e+05,1.240e+02,-1.240e+02,46.52,8.130e+00,-3.100e+00,599.0,,,30.52,17.45,-7.57,1870.00,1,q1_q17_dr25_tce,5297.00,175.00,-191.00,4.587,0.030,-0.120,0.7950,0.1390,-0.0530,297.190370,46.826481,15.901
4247023,K03559.01,,FALSE POSITIVE,FALSE POSITIVE,,0,1,0,0,47.189437000,1.1690000e-04,-1.1690000e-04,148.0448650,3.210000e-04,-3.210000e-04,0.5357,0.0139,-0.0156,11.55500,0.01420,-0.01420,3.7087e+05,4.370e+02,-4.370e+02,66.71,2.930e+01,-1.002e+01,484.0,,,13.01,17.82,-4.60,804.00,1,q1_q16_tce,5458.00,187.00,-149.00,4.381,0.143,-0.280,0.9720,0.4270,-0.1460,286.848510,39.304939,15.624
4848423,K03560.01,,FALSE POSITIVE,FALSE POSITIVE,0.0000,0,1,0,0,1.501760172,1.2000000e-07,-1.2000000e-07,131.5669078,8.070000e-05,-8.070000e-05,0.5180,0.0030,-0.0040,5.85519,0.00330,-0.00330,3.8790e+05,1.820e+02,-1.820e+02,90.92,1.530e+01,-7.050e+00,1905.0,,,3110.42,1322.69,-607.76,2624.00,1,q1_q17_dr25_tce,6327.00,69.00,-88.00,4.315,0.051,-0.119,1.2900,0.2170,-0.1000,295.217470,39.910042,11.825
11403216,K03561.01,,FALSE POSITIVE,FALSE POSITIVE,0.0000,0,1,0,0,4.053254470,1.2550000e-06,-1.2550000e-06,134.7445520,2.780000e-04,-2.780000e-04,15.3290,20.7500,-3.8970,4.01160,0.01090,-0.01090,1.1092e+05,2.880e+02,-2.880e+02,1668.79,5.702e+02,-1.895e+02,1191.0,,,475.36,493.54,-156.16,446.10,1,q1_q17_dr25_tce,6022.00,190.00,-232.00,4.453,0.056,-0.224,1.0390,0.3550,-0.1180,292.026890,49.207180,15.537
11853878,K01833.02,Kepler-968 d,CONFIRMED,CANDIDATE,1.0000,0,0,0,0,7.684333460,1.4130000e-05,-1.4130000e-05,133.3600700,1.500000e-03,-1.500000e-03,0.9510,0.0290,-0.6760,1.43460,0.07090,-0.07090,1.1750e+03,4.960e+01,-4.960e+01,2.58,2.300e-01,-2.200e-01,583.0,,,27.35,8.49,-7.33,28.50,2,q1_q17_dr25_tce,4402.00,118.00,-144.00,4.682,0.045,-0.036,0.5720,0.0490,-0.0490,285.602540,50.112041,14.265
5774375,K07740.01,,FALSE POSITIVE,FALSE POSITIVE,0.0000,0,1,0,0,1.549979213,4.2200000e-07,-4.2200000e-07,132.6750270,2.220000e-04,-2.220000e-04,0.4860,0.0170,-0.0160,7.59450,0.01830,-0.01830,3.7055e+05,6.950e+02,-6.950e+02,136.64,7.304e+01,-8.923e+01,2141.0,,,4986.15,8378.43,-4454.73,672.70,1,q1_q17_dr25_tce,5408.00,178.00,-162.00,3.777,0.777,-0.333,2.0580,1.1000,-1.3440,285.925900,41.090820,13.939
7692093,K03337.01,,CANDIDATE,CANDIDATE,0.9710,0,0,0,0,11.166228850,9.6570000e-05,-9.6570000e-05,134.9695100,6.550000e-03,-6.550000e-03,0.1760,0.2720,-0.1760,3.38900,0.19200,-0.19200,3.5390e+02,2.830e+01,-2.830e+01,1.56,3.700e-01,-1.300e-01,725.0,,,65.16,47.65,-16.33,13.60,1,q1_q17_dr25_tce,5552.00,166.00,-166.00,4.562,0.038,-0.162,0.8360,0.2010,-0.0670,294.905940,43.381889,15.927
8263752,K03338.01,,FALSE POSITIVE,FALSE POSITIVE,0.0000,1,1,1,1,10.993819630,1.3270000e-05,-1.3270000e-05,133.2532080,9.700000e-04,-9.700000e-04,1.2740,36.4800,-0.0630,3.78890,0.04480,-0.04480,1.6858e+03,1.960e+01,-1.960e+01,40.17,1.302e+01,-5.210e+00,978.0,,,216.57,198.61,-72.92,102.90,2,q1_q17_dr25_tce,6553.00,148.00,-214.00,4.366,0.070,-0.210,1.1570,0.3750,-0.1500,300.783940,44.192558,13.427
8263752,K03338.02,,FALSE POSITIVE,FALSE POSITIVE,0.0000,0,1,1,1,10.993808700,1.3950000e-05,-1.3950000e-05,138.8062400,1.010000e-03,-1.010000e-03,0.9240,0.0040,-0.0040,5.04030,0.06080,-0.06080,1.4569e+03,1.720e+01,-1.720e+01,5.33,1.720e+00,-6.900e-01,978.0,,,216.57,198.61,-72.92,100.40,1,q1_q17_dr25_tce,6553.00,148.00,-214.00,4.366,0.070,-0.210,1.1570,0.3750,-0.1500,300.783940,44.192558,13.427
7772914,K03339.01,,CANDIDATE,CANDIDATE,0.9990,0,0,0,0,23.133449400,1.0800000e-04,-1.0800000e-04,154.4529600,3.940000e-03,-3.940000e-03,0.9540,0.0060,-0.6620,3.60200,0.11400,-0.11400,4.5630e+02,2.360e+01,-2.360e+01,2.55,7.900e-01,-4.700e-01,638.0,,,39.20,36.70,-15.98,21.60,1,q1_q17_dr25_tce,5712.00,170.00,-170.00,4.382,0.189,-0.231,0.9320,0.2910,-0.1700,297.751920,43.447578,14.656
3529290,K03340.01,,CANDIDATE,CANDIDATE,0.9740,0,0,0,0,8.953965600,1.9070000e-04,-1.9070000e-04,132.8453000,1.670000e-02,-1.670000e-02,0.6560,0.3100,-0.4340,4.89800,0.35100,-0.35100,7.0400e+01,6.500e+00,-6.500e+00,0.84,2.300e-01,-1.100e-01,923.0,,,171.51,136.28,-55.15,12.20,2,q1_q17_dr25_tce,6168.00,166.00,-185.00,4.452,0.081,-0.189,0.9470,0.2560,-0.1180,286.510190,38.618309,13.776
3529290,K03340.02,,CANDIDATE,CANDIDATE,0.9990,0,0,0,0,13.728137300,1.4630000e-04,-1.4630000e-04,143.5521800,7.010000e-03,-7.010000e-03,0.7480,0.0250,-0.5320,5.30400,0.23100,-0.23100,1.0660e+02,7.500e+00,-7.500e+00,1.06,2.800e-01,-1.300e-01,800.0,,,97.06,77.13,-31.21,15.40,1,q1_q17_dr25_tce,6168.00,166.00,-185.00,4.452,0.081,-0.189,0.9470,0.2560,-0.1180,286.510190,38.618309,13.776
9285265,K03410.01,Kepler-1491 b,CONFIRMED,CANDIDATE,0.9890,0,0,0,0,16.586032900,1.9240000e-04,-1.9240000e-04,133.2813600,8.840000e-03,-8.840000e-03,0.1670,0.2900,-0.1670,7.04300,0.26700,-0.26700,2.3130e+02,1.760e+01,-1.760e+01,2.09,3.300e-01,-4.500e-01,821.0,,,107.25,45.28,-44.63,14.60,1,q1_q17_dr25_tce,5626.00,77.00,-77.00,4.149,0.188,-0.101,1.3890,0.2230,-0.2980,293.629760,45.740650,15.589
6025124,K03411.01,,CANDIDATE,CANDIDATE,0.0000,0,0,0,0,26.837718080,1.4030000e-05,-1.4030000e-05,158.1253310,4.360000e-04,-4.360000e-04,0.9170,0.1880,-0.0510,1.61620,0.03800,-0.03800,8.5120e+03,1.180e+02,-1.180e+02,12.68,4.240e+00,-1.410e+00,658.0,,,44.22,44.81,-14.78,101.40,1,q1_q17_dr25_tce,6194.00,194.00,-259.00,4.445,0.058,-0.232,1.0690,0.3570,-0.1190,285.147800,41.388908,14.426
5780930,K03412.01,Kepler-1492 b,CONFIRMED,CANDIDATE,1.0000,0,0,0,0,16.752507700,9.8200000e-05,-9.8200000e-05,131.5983400,4.950000e-03,-4.950000e-03,0.7630,0.1570,-0.5130,3.17400,0.14900,-0.14900,3.3830e+02,2.180e+01,-2.180e+01,3.65,2.080e+00,-2.290e+00,801.0,,,97.43,169.91,-85.31,18.20,1,q1_q17_dr25_tce,4807.00,129.00,-129.00,3.906,0.700,-0.300,1.8020,1.0290,-1.1310,288.597110,41.036430,14.534
5531953,K01681.03,,CANDIDATE,CANDIDATE,0.9440,0,0,0,0,3.531058350,1.8770000e-05,-1.8770000e-05,134.3171000,3.760000e-03,-3.760000e-03,1.2130,59.4100,-2.7970,1.77800,0.22500,-0.22500,3.1080e+02,3.310e+01,-3.310e+01,10.61,1.160e+00,-1.420e+00,558.0,,,22.83,7.57,-7.26,11.70,4,q1_q17_dr25_tce,3638.00,72.00,-87.00,4.844,0.049,-0.055,0.4200,0.0460,-0.0560,291.285000,40.730049,15.855
4164393,K03413.01,,FALSE POSITIVE,FALSE POSITIVE,0.0000,0,1,0,0,49.612757516,4.2940000e-06,-4.2940000e-06,165.9984372,7.240000e-05,-7.240000e-05,0.9290,0.0300,-0.0310,7.07603,0.00405,-0.00405,1.3046e+05,7.480e+01,-7.480e+01,57.08,1.932e+01,-6.420e+00,536.0,,,19.46,19.49,-6.17,2070.30,1,q1_q17_dr25_tce,6241.00,175.00,-219.00,4.450,0.056,-0.224,1.0310,0.3490,-0.1160,293.217290,39.207809,15.217
6277410,K07774.01,,CANDIDATE,CANDIDATE,0.8510,0,0,0,0,6.325895740,6.0330000e-05,-6.0330000e-05,133.2708100,6.880000e-03,-6.880000e-03,0.1810,0.2790,-0.1810,1.38300,0.26700,-0.26700,1.9250e+02,2.750e+01,-2.750e+01,1.14,3.100e-01,-1.000e-01,901.0,,,156.27,126.86,-39.45,8.80,1,q1_q17_dr25_tce,5749.00,155.00,-155.00,4.568,0.033,-0.187,0.8180,0.2260,-0.0710,289.335510,41.683449,15.421
9843517,K03480.01,,CANDIDATE,CANDIDATE,0.9960,0,0,0,0,11.937835400,1.7430000e-04,-1.7430000e-04,133.2612000,1.290000e-02,-1.290000e-02,0.0360,0.4160,-0.0360,4.65200,0.36000,-0.36000,2.4600e+02,2.920e+01,-2.920e+01,1.15,2.000e-01,-9.000e-02,671.0,,,47.91,26.75,-11.63,9.60,1,q1_q17_dr25_tce,5469.00,162.00,-162.00,4.611,0.037,-0.112,0.7380,0.1310,-0.0560,296.652560,46.618809,15.954
8812045,K03481.01,,CANDIDATE,CANDIDATE,0.9990,0,0,0,0,32.715906000,1.1980000e-03,-1.1980000e-03,135.9204000,2.770000e-02,-2.770000e-02,0.2500,0.2180,-0.2500,10.79000,1.30000,-1.30000,1.3570e+02,1.220e+01,-1.220e+01,3.68,7.300e-01,-1.340e+00,902.0,,,156.74,81.53,-96.95,13.10,1,q1_q17_dr25_tce,5527.00,83.00,-75.00,3.627,0.262,-0.087,3.1920,0.6280,-1.1660,289.098450,45.023090,14.462
7288444,K03482.01,Kepler-1924 b,CONFIRMED,CANDIDATE,0.7190,0,0,0,0,15.331771900,2.0390000e-04,-2.0390000e-04,142.5217000,1.220000e-02,-1.220000e-02,0.8020,0.1400,-0.5490,5.46700,0.30700,-0.30700,1.7920e+02,1.560e+01,-1.560e+01,1.91,3.200e-01,-3.500e-01,821.0,,,107.44,47.95,-39.66,13.30,1,q1_q17_dr25_tce,5726.00,86.00,-78.00,4.228,0.162,-0.108,1.2850,0.2150,-0.2360,293.767400,42.829208,15.098
3101923,K03483.01,,CANDIDATE,CANDIDATE,0.7710,0,0,0,0,82.331756000,1.9830000e-03,-1.9830000e-03,133.0814000,1.840000e-02,-1.840000e-02,0.0270,0.4250,-0.0270,8.66400,0.65500,-0.65500,2.8320e+02,2.810e+01,-2.810e+01,2.08,3.400e-01,-2.800e-01,474.0,,,11.96,5.14,-3.47,11.90,1,q1_q17_dr25_tce,5997.00,81.00,-81.00,4.304,0.099,-0.121,1.2420,0.2040,-0.1670,287.322690,38.279709,14.872
10881457,K03484.01,Kepler-1510 b,CONFIRMED,CANDIDATE,0.9660,0,0,0,0,84.704139000,1.8580000e-03,-1.8580000e-03,152.1832000,1.920000e-02,-1.920000e-02,0.0100,0.4280,-0.0100,10.39300,0.36800,-0.36800,6.5570e+02,4.500e+01,-4.500e+01,4.17,7.300e-01,-8.900e-01,537.0,,,19.59,8.87,-8.12,17.00,1,q1_q17_dr25_tce,6085.00,79.00,-85.00,4.115,0.174,-0.116,1.6340,0.2850,-0.3480,298.959140,48.257820,15.169
5513861,K07731.01,,FALSE POSITIVE,FALSE POSITIVE,0.0000,0,1,0,0,0.755105584,4.6000000e-08,-4.6000000e-08,131.8133513,4.970000e-05,-4.970000e-05,0.7320,0.0340,-0.0310,5.02374,0.00564,-0.00564,2.5003e+05,1.530e+02,-1.530e+02,76.26,1.096e+01,-5.450e+00,2412.0,,,7996.10,3145.64,-1735.23,2158.50,1,q1_q17_dr25_tce,6592.00,105.00,-157.00,4.369,0.032,-0.097,1.1900,0.1710,-0.0850,284.352170,40.714710,11.638
9948002,K03562.01,,FALSE POSITIVE,FALSE POSITIVE,0.0000,0,1,0,0,101.263362820,1.4530000e-05,-1.4530000e-05,214.1251280,1.130000e-04,-1.130000e-04,0.9440,0.0160,-0.0130,17.89510,0.00922,-0.00922,7.2792e+04,2.980e+01,-2.980e+01,44.00,1.509e+01,-5.010e+00,435.0,,,8.47,8.51,-2.64,3573.10,1,q1_q17_dr25_tce,6309.00,169.00,-206.00,4.413,0.070,-0.210,1.0620,0.3640,-0.1210,290.425290,46.889938,14.319
5264304,K03563.01,,FALSE POSITIVE,FALSE POSITIVE,0.0000,0,1,0,0,120.581671780,2.5500000e-05,-2.5500000e-05,248.2387720,1.750000e-04,-1.750000e-04,0.8450,0.0640,-0.0680,8.29040,0.01280,-0.01280,1.9290e+05,2.020e+02,-2.020e+02,41.71,6.500e+00,-3.040e+00,291.0,,,1.70,0.92,-0.43,1184.80,1,q1_q17_dr25_tce,5294.00,190.00,-190.00,4.651,0.030,-0.090,0.6730,0.1050,-0.0490,288.450810,40.432449,15.777
10960995,K03564.01,,FALSE POSITIVE,FALSE POSITIVE,0.0000,0,1,0,0,1.558544209,3.9900000e-07,-3.9900000e-07,131.5676650,2.270000e-04,-2.270000e-04,0.5070,0.0130,-0.0100,3.37270,0.01300,-0.01300,2.2559e+05,9.890e+02,-9.890e+02,35.12,3.420e+00,-3.430e+00,1182.0,,,460.09,178.14,-136.36,421.60,1,q1_q17_dr25_tce,4868.00,175.00,-175.00,4.582,0.060,-0.040,0.7080,0.0690,-0.0690,283.317870,48.404598,14.498
9592575,K03565.01,,FALSE POSITIVE,FALSE POSITIVE,0.0000,0,1,1,0,2.637574080,3.6300000e-07,-3.6300000e-07,131.5755610,1.250000e-04,-1.250000e-04,1.1070,0.0470,-0.0670,5.96260,0.01100,-0.01100,1.6966e+05,1.670e+02,-1.670e+02,76.02,2.106e+01,-7.020e+00,1242.0,,,563.22,471.84,-158.07,1471.60,1,q1_q17_dr25_tce,5639.00,171.00,-188.00,4.509,0.036,-0.192,0.9530,0.2640,-0.0880,293.669340,46.297459,15.902
7898576,K03566.01,,FALSE POSITIVE,FALSE POSITIVE,0.0000,1,0,0,0,8.646361880,1.3720000e-05,-1.3720000e-05,135.4622300,1.300000e-03,-1.300000e-03,0.2940,0.0030,-0.0030,8.73607,0.00583,-0.00583,2.1807e+05,1.190e+02,-1.190e+02,54.24,1.847e+01,-7.410e+00,1033.0,,,268.95,270.87,-95.17,2441.70,1,q1_q17_dr25_tce,6444.00,181.00,-226.00,4.382,0.070,-0.210,1.1340,0.3860,-0.1550,294.388580,43.690540,14.097
5806800,K07741.01,,FALSE POSITIVE,FALSE POSITIVE,0.0000,0,0,1,0,125.288206000,1.9390000e-03,-1.9390000e-03,252.0979000,1.110000e-02,-1.110000e-02,0.0660,0.3900,-0.0660,3.69500,0.34800,-0.34800,2.4160e+02,2.970e+01,-2.970e+01,1.50,2.400e-01,-8.000e-02,363.0,,,4.10,1.66,-0.66,9.40,1,q1_q17_dr25_tce,5881.00,70.00,-88.00,4.480,0.030,-0.128,0.9730,0.1530,-0.0550,296.177610,41.014118,14.179
11671429,K03567.01,,FALSE POSITIVE,FALSE POSITIVE,0.0000,0,1,0,0,112.463588930,7.5570000e-05,-7.5570000e-05,197.5577020,5.230000e-04,-5.230000e-04,0.5230,0.0030,-0.0040,31.82730,0.03440,-0.03440,2.4241e+05,3.920e+02,-3.920e+02,129.04,2.080e+01,-2.861e+01,692.0,,,54.20,21.84,-22.77,1374.00,1,q1_q17_dr25_tce,7426.00,74.00,-81.00,3.903,0.182,-0.098,2.4630,0.3970,-0.5460,296.453370,49.786549,10.967
5621333,K03341.01,,CANDIDATE,CANDIDATE,0.9850,0,0,0,0,27.096514600,4.8760000e-04,-4.8760000e-04,139.3521000,1.150000e-02,-1.150000e-02,0.7690,0.1840,-0.5540,8.42000,0.40100,-0.40100,2.0840e+02,1.350e+01,-1.350e+01,2.13,3.500e-01,-4.200e-01,700.0,,,56.79,24.11,-22.22,16.40,1,q1_q17_dr25_tce,5775.00,78.00,-78.00,4.193,0.162,-0.108,1.3520,0.2190,-0.2680,292.229770,40.808949,14.886
5621333,K03341.02,,CANDIDATE,CANDIDATE,0.9370,0,0,0,0,11.547498300,1.6400000e-04,-1.6400000e-04,139.9777000,1.290000e-02,-1.290000e-02,0.4950,0.4620,-0.2850,6.68400,0.36500,-0.36500,1.1550e+02,1.070e+01,-1.070e+01,1.48,2.400e-01,-2.900e-01,930.0,,,176.97,75.14,-69.23,12.30,2,q1_q17_dr25_tce,5775.00,78.00,-78.00,4.193,0.162,-0.108,1.3520,0.2190,-0.2680,292.229770,40.808949,14.886
5392897,K03342.01,,FALSE POSITIVE,FALSE POSITIVE,0.0000,0,1,0,0,42.399304290,1.2090000e-05,-1.2090000e-05,354.4614530,1.880000e-04,-1.880000e-04,0.3360,0.0030,-0.0020,18.36090,0.01280,-0.01280,2.0599e+05,1.230e+02,-1.230e+02,44.70,1.431e+01,-4.460e+00,542.0,,,20.46,19.83,-6.25,2261.90,1,q1_q17_dr25_tce,6153.00,191.00,-233.00,4.487,0.052,-0.208,0.9620,0.3080,-0.0960,299.069430,40.515659,15.747
3236705,K03343.01,,CANDIDATE,CANDIDATE,0.8640,0,0,0,0,83.266410300,6.7490000e-04,-6.7490000e-04,194.2392500,6.410000e-03,-6.410000e-03,0.0290,0.4110,-0.0290,2.81300,0.18700,-0.18700,6.2000e+02,6.630e+01,-6.630e+01,2.89,4.300e-01,-4.700e-01,439.0,,,8.78,3.51,-2.97,10.90,1,q1_q17_dr25_tce,5538.00,83.00,-74.00,4.266,0.168,-0.112,1.1800,0.1750,-0.1940,291.855220,38.393131,14.970
5282049,K01545.02,,FALSE POSITIVE,FALSE POSITIVE,0.0000,1,1,0,0,5.910399050,,,132.7277844,,,,,,3.85000,,,,,,,,,,,,,,,,2,q1_q17_dr25_tce,,,,,,,,,,293.836880,40.410450,15.169
11810124,K03344.01,Kepler-1471 c,CONFIRMED,CANDIDATE,0.9990,0,0,0,0,11.604488100,1.1300000e-04,-1.1300000e-04,139.0560300,6.730000e-03,-6.730000e-03,0.1180,0.3340,-0.1180,3.40900,0.20900,-0.20900,2.6760e+02,2.030e+01,-2.030e+01,1.88,2.800e-01,-3.400e-01,841.0,,,118.50,47.61,-43.33,14.50,2,q1_q17_dr25_tce,5533.00,83.00,-74.00,4.275,0.168,-0.112,1.1660,0.1740,-0.2120,289.664890,50.020039,15.254
6023859,K03414.01,,FALSE POSITIVE,FALSE POSITIVE,0.0000,0,1,0,0,27.009807384,2.7520000e-06,-2.7520000e-06,141.2897316,9.310000e-05,-9.310000e-05,0.9490,0.1830,-0.0820,1.96698,0.00514,-0.00514,6.7898e+04,1.470e+02,-1.470e+02,22.32,1.840e+00,-2.260e+00,330.0,,,2.82,0.89,-0.85,541.30,1,q1_q17_dr25_tce,3900.00,117.00,-140.00,4.727,0.050,-0.041,0.5340,0.0440,-0.0540,284.496280,41.325890,15.483
3433668,K03415.01,Kepler-1493 b,CONFIRMED,CANDIDATE,1.0000,0,0,0,0,15.021978400,4.1540000e-04,-4.1540000e-04,143.6989000,2.250000e-02,-2.250000e-02,0.9600,0.0220,-0.6490,5.06800,0.89100,-0.89100,9.6900e+01,1.620e+01,-1.620e+01,1.77,2.900e-01,-3.800e-01,874.0,,,137.91,61.37,-59.23,7.40,1,q1_q17_dr25_tce,5831.00,105.00,-117.00,4.162,0.182,-0.098,1.3820,0.2210,-0.2950,288.549130,38.565231,13.109
2849140,K03416.01,,CANDIDATE,CANDIDATE,0.8930,0,0,0,0,11.823722800,2.3900000e-04,-2.3900000e-04,139.4199000,1.560000e-02,-1.560000e-02,0.6980,0.2710,-0.4910,8.51800,0.48900,-0.48900,2.1270e+02,1.710e+01,-1.710e+01,1.25,2.500e-01,-1.100e-01,703.0,,,57.62,35.26,-15.09,14.20,1,q1_q17_dr25_tce,5559.00,149.00,-166.00,4.578,0.032,-0.128,0.8030,0.1640,-0.0700,290.733280,38.007210,15.353
7503885,K03417.01,Kepler-1494 b,CONFIRMED,CANDIDATE,1.0000,0,0,0,0,91.078624000,1.4060000e-03,-1.4060000e-03,213.7723000,1.330000e-02,-1.330000e-02,0.9010,0.0450,-0.6320,10.30400,0.28800,-0.28800,7.3860e+02,3.870e+01,-3.870e+01,3.26,1.030e+00,-4.400e-01,415.0,,,7.02,6.73,-2.47,20.80,1,q1_q17_dr25_tce,5915.00,184.00,-205.00,4.437,0.072,-0.203,1.0080,0.3190,-0.1370,282.657410,43.162521,15.214
3629330,K03418.01,Kepler-1495 b,CONFIRMED,CANDIDATE,0.6700,0,0,0,0,85.272459000,2.5750000e-03,-2.5750000e-03,182.3725000,2.470000e-02,-2.470000e-02,0.9650,0.0100,-0.6650,13.31000,1.20000,-1.20000,7.6780e+02,4.870e+01,-4.870e+01,3.85,1.070e+00,-7.100e-01,443.0,,,9.10,7.60,-3.75,18.90,1,q1_q17_dr25_tce,5922.00,178.00,-178.00,4.349,0.158,-0.193,1.0570,0.2930,-0.1950,286.130770,38.779629,15.417
5471289,K03485.01,,FALSE POSITIVE,FALSE POSITIVE,0.0000,1,0,1,1,12.425926750,,,141.5292956,,,0.9730,,,29.17010,,,4.1030e+02,,,2.66,8.200e-01,-2.700e-01,790.0,,,92.32,85.51,-28.54,63.70,1,q1_q17_dr25_tce,5952.00,184.00,-226.00,4.489,0.052,-0.208,0.9710,0.2970,-0.0990,297.611180,40.650799,14.936
8121328,K03486.01,,CANDIDATE,CANDIDATE,1.0000,0,0,0,0,19.068951300,3.4390000e-04,-3.4390000e-04,145.7515000,1.590000e-02,-1.590000e-02,0.9800,0.0490,-0.7820,12.46200,0.91300,-0.91300,1.6930e+02,9.600e+00,-9.600e+00,1.63,4.500e-01,-2.400e-01,627.0,,,36.63,30.27,-13.06,19.10,1,q1_q17_dr25_tce,5418.00,159.00,-159.00,4.436,0.133,-0.247,0.8890,0.2450,-0.1320,298.820620,43.909859,14.371
9783760,K03487.01,,FALSE POSITIVE,FALSE POSITIVE,0.0000,0,1,0,0,89.739813700,2.2760000e-05,-2.2760000e-05,205.2646500,1.140000e-04,-1.140000e-04,1.0260,0.1220,-0.0650,3.26371,0.00669,-0.00669,8.1096e+04,2.370e+02,-2.370e+02,38.01,8.290e+00,-3.110e+00,363.0,,,4.10,2.68,-1.00,296.00,1,q1_q17_dr25_tce,5777.00,157.00,-157.00,4.608,0.036,-0.144,0.7470,0.1630,-0.0610,296.862460,46.545490,14.294
9528430,K03489.01,,FALSE POSITIVE,FALSE POSITIVE,0.0000,0,1,0,0,90.082555620,1.3450000e-05,-1.3450000e-05,173.9875610,1.090000e-04,-1.090000e-04,0.0990,0.0090,-0.0170,19.73010,0.00869,-0.00869,4.3252e+04,1.450e+01,-1.450e+01,49.20,9.200e+00,-1.707e+01,666.0,,,46.58,26.41,-28.78,3571.60,1,q1_q17_dr25_tce,6523.00,176.00,-176.00,3.835,0.292,-0.097,2.3430,0.4380,-0.8130,292.663570,46.114941,12.963
5529552,K07732.01,,FALSE POSITIVE,FALSE POSITIVE,0.0000,1,0,0,1,0.759768478,7.7100000e-06,-7.7100000e-06,131.7857300,7.290000e-03,-7.290000e-03,0.5830,0.0070,-0.5000,2.82400,0.27300,-0.27300,5.7400e+01,5.500e+00,-5.500e+00,0.64,1.400e-01,-5.000e-02,1737.0,,,2149.06,1418.90,-528.76,12.90,1,q1_q17_dr25_tce,5481.00,164.00,-164.00,4.574,0.027,-0.144,0.8150,0.1750,-0.0630,290.488710,40.725182,15.318
8882847,K03490.01,,FALSE POSITIVE,FALSE POSITIVE,0.0000,0,0,1,0,42.201158700,6.2620000e-04,-6.2620000e-04,172.4344000,1.260000e-02,-1.260000e-02,1.2250,70.9800,-5.8990,8.47900,0.66300,-0.66300,1.7810e+02,1.390e+01,-1.390e+01,37.39,1.076e+01,-1.076e+01,671.0,,,47.85,42.07,-27.14,15.90,1,q1_q17_dr25_tce,6200.00,197.00,-241.00,4.135,0.280,-0.172,1.4490,0.4170,-0.4170,290.803440,45.169785,13.294
9773869,K03568.01,,FALSE POSITIVE,FALSE POSITIVE,0.0000,0,1,0,0,15.651290280,1.5090000e-05,-1.5090000e-05,132.8154300,1.000000e-03,-1.000000e-03,0.5070,0.0270,-0.0300,6.76310,0.02580,-0.02580,3.9864e+05,1.438e+03,-1.438e+03,78.30,2.662e+01,-8.870e+00,792.0,,,93.10,95.75,-31.25,359.70,1,q1_q17_dr25_tce,6137.00,190.00,-253.00,4.418,0.056,-0.224,1.1030,0.3750,-0.1250,293.233830,46.598251,16.666
6707942,K03569.01,,FALSE POSITIVE,FALSE POSITIVE,0.0000,0,1,0,0,9.014220178,6.7100000e-07,-6.7100000e-07,131.5499020,6.670000e-05,-6.670000e-05,0.8020,0.0020,-0.0020,2.76441,0.00472,-0.00472,3.4086e+04,5.560e+01,-5.560e+01,15.49,1.310e+00,-1.460e+00,661.0,,,45.03,16.06,-13.17,1109.20,1,q1_q17_dr25_tce,4842.00,175.00,-175.00,4.573,0.055,-0.040,0.7300,0.0620,-0.0690,296.057590,42.110931,13.570
5023948,K03570.01,,FALSE POSITIVE,FALSE POSITIVE,0.0000,0,1,0,0,1.824653341,1.7600000e-07,-1.7600000e-07,132.8831770,9.660000e-05,-9.660000e-05,0.8450,0.0060,-0.0070,4.25512,0.00310,-0.00310,1.7674e+05,1.160e+02,-1.160e+02,55.44,1.173e+01,-9.600e+00,1680.0,,,1880.22,1228.72,-757.40,1833.70,1,q1_q17_dr25_tce,6413.00,194.00,-213.00,4.372,0.198,-0.162,0.9410,0.1990,-0.1630,295.240970,40.157600,15.048
5113053,K03571.01,,FALSE POSITIVE,FALSE POSITIVE,0.0000,0,1,0,0,3.185090259,5.5100000e-07,-5.5100000e-07,133.2940140,1.290000e-04,-1.290000e-04,0.4650,0.0050,-0.0050,4.80188,0.00335,-0.00335,4.2328e+05,2.630e+02,-2.630e+02,92.50,2.510e+01,-1.822e+01,1564.0,,,1414.18,1136.19,-622.94,1909.20,1,q1_q17_dr25_tce,6516.00,181.00,-227.00,4.249,0.175,-0.175,1.2790,0.3470,-0.2520,295.391360,40.216770,15.519
5817957,K07742.01,,FALSE POSITIVE,FALSE POSITIVE,0.0000,0,1,0,1,372.768880000,1.1850000e-02,-1.1850000e-02,377.6144000,2.720000e-02,-2.720000e-02,0.9090,0.0280,-0.6200,23.27000,1.20000,-1.20000,1.1572e+03,6.030e+01,-6.030e+01,3.66,1.010e+00,-3.700e-01,242.0,,,0.81,0.67,-0.23,22.80,1,q1_q17_dr25_tce,5800.00,155.00,-190.00,4.514,0.050,-0.200,0.8940,0.2490,-0.0890,298.550570,41.040771,15.422
11853878,K01833.03,Kepler-968 c,CONFIRMED,CANDIDATE,0.9990,0,0,0,0,5.709407950,1.8320000e-05,-1.8320000e-05,137.1220800,2.560000e-03,-2.560000e-03,0.7510,0.1850,-0.5420,1.62200,0.08440,-0.08440,5.8670e+02,3.400e+01,-3.400e+01,1.51,1.300e-01,-1.300e-01,644.0,,,40.66,12.62,-10.90,20.20,3,q1_q17_dr25_tce,4402.00,118.00,-144.00,4.682,0.045,-0.036,0.5720,0.0490,-0.0490,285.602540,50.112041,14.265
4743508,K03572.01,,FALSE POSITIVE,FALSE POSITIVE,0.6920,0,1,0,0,2.086076372,1.0720000e-06,-1.0720000e-06,133.4161410,4.390000e-04,-4.390000e-04,13.3760,26.0700,-1.4910,2.40320,0.01890,-0.01890,5.8858e+04,4.310e+02,-4.310e+02,1543.74,4.015e+02,-4.014e+02,1645.0,,,1728.20,1392.12,-909.68,159.30,1,q1_q17_dr25_tce,6124.00,200.00,-218.00,4.265,0.231,-0.189,1.1190,0.2910,-0.2910,290.813930,39.819061,14.554
11810124,K03344.02,Kepler-1471 b,CONFIRMED,CANDIDATE,0.9720,0,0,0,0,3.638989530,2.1320000e-05,-2.1320000e-05,131.7856200,4.950000e-03,-4.950000e-03,0.3200,0.1410,-0.3200,2.25200,0.13300,-0.13300,2.0960e+02,1.480e+01,-1.480e+01,1.68,2.500e-01,-3.000e-01,1238.0,,,555.71,223.28,-203.21,16.00,1,q1_q17_dr25_tce,5533.00,83.00,-74.00,4.275,0.168,-0.112,1.1660,0.1740,-0.2120,289.664890,50.020039,15.254
11303322,K03345.01,Kepler-1472 b,CONFIRMED,CANDIDATE,1.0000,0,0,0,0,38.130332400,5.8450000e-04,-5.8450000e-04,159.3878000,1.910000e-02,-1.910000e-02,0.5620,0.3900,-0.3500,6.53000,1.10000,-1.10000,1.8040e+02,2.820e+01,-2.820e+01,1.54,4.700e-01,-1.900e-01,613.0,,,33.43,29.33,-10.82,11.60,1,q1_q17_dr25_tce,6370.00,160.00,-208.00,4.410,0.062,-0.188,1.1060,0.3360,-0.1340,294.852630,49.057468,14.633
11241912,K03346.01,Kepler-1473 b,CONFIRMED,CANDIDATE,0.9990,0,0,0,0,14.427350880,9.1010000e-05,-9.1010000e-05,138.8402400,5.690000e-03,-5.690000e-03,0.9770,0.0300,-0.6950,4.85700,0.16000,-0.16000,1.1700e+02,6.400e+00,-6.400e+00,1.53,2.500e-01,-1.300e-01,783.0,,,88.90,40.49,-21.30,21.50,1,q1_q17_dr25_tce,5929.00,106.00,-130.00,4.403,0.076,-0.123,1.0400,0.1710,-0.0920,290.636570,48.996078,13.359
6043538,K07759.01,,CANDIDATE,CANDIDATE,0.9960,0,0,0,0,6.225337400,7.6110000e-05,-7.6110000e-05,133.0882000,1.050000e-02,-1.050000e-02,0.6920,0.2640,-0.4790,4.38800,0.30400,-0.30400,1.0860e+02,1.090e+01,-1.090e+01,1.92,2.800e-01,-4.300e-01,1378.0,,,851.73,333.76,-363.24,11.80,1,q1_q17_dr25_tce,6263.00,82.00,-75.00,4.024,0.196,-0.084,1.7260,0.2580,-0.3870,292.180570,41.315540,14.918
8824737,K03347.01,Kepler-1917 b,CONFIRMED,CANDIDATE,0.9600,0,0,0,0,12.902358740,8.4030000e-05,-8.4030000e-05,139.1510500,5.300000e-03,-5.300000e-03,0.3820,0.0700,-0.3820,2.44600,0.15500,-0.15500,3.5440e+02,2.670e+01,-2.670e+01,1.49,3.400e-01,-1.300e-01,675.0,,,48.99,33.53,-12.99,15.70,1,q1_q17_dr25_tce,5530.00,166.00,-166.00,4.586,0.036,-0.144,0.7880,0.1760,-0.0700,294.103910,45.001419,15.487
9349757,K03348.01,Kepler-1474 b,CONFIRMED,CANDIDATE,0.9400,0,0,0,0,36.433786700,3.7770000e-04,-3.7770000e-04,132.9057300,7.620000e-03,-7.620000e-03,0.2500,0.1970,-0.2500,4.38800,0.19200,-0.19200,4.0680e+02,2.720e+01,-2.720e+01,2.20,3.300e-01,-3.100e-01,561.0,,,23.35,9.57,-6.96,16.20,1,q1_q17_dr25_tce,5566.00,83.00,-75.00,4.329,0.132,-0.108,1.0990,0.1680,-0.1530,294.694060,45.866840,15.246
11519134,K03419.01,,FALSE POSITIVE,FALSE POSITIVE,0.0000,0,1,0,0,58.585035700,9.5610000e-06,-9.5610000e-06,140.7996760,1.290000e-04,-1.290000e-04,1.3090,0.2960,-0.1920,3.59390,0.01420,-0.01420,7.5468e+04,1.510e+02,-1.510e+02,149.98,3.250e+01,-4.881e+01,707.0,,,59.16,38.36,-35.06,656.50,1,q1_q17_dr25_tce,6379.00,174.00,-174.00,3.925,0.273,-0.117,1.9940,0.4320,-0.6490,297.039640,49.469139,13.061
7289338,K03420.02,,CANDIDATE,CANDIDATE,0.9690,0,0,0,0,12.501490500,1.5350000e-04,-1.5350000e-04,142.5593400,9.630000e-03,-9.630000e-03,0.4300,0.0150,-0.4300,3.88200,0.29800,-0.29800,2.2010e+02,2.230e+01,-2.230e+01,2.24,3.600e-01,-4.400e-01,952.0,,,194.30,82.18,-75.61,10.80,1,q1_q17_dr25_tce,5821.00,78.00,-78.00,4.127,0.182,-0.098,1.4920,0.2410,-0.2940,294.015290,42.824371,15.589
5004909,K03421.01,,CANDIDATE,CANDIDATE,0.1350,0,0,0,0,40.651102100,7.6210000e-04,-7.6210000e-04,164.5528000,1.810000e-02,-1.810000e-02,0.6820,0.2710,-0.4420,11.28200,0.54500,-0.54500,1.3640e+02,9.300e+00,-9.300e+00,1.70,3.100e-01,-2.100e-01,651.0,,,42.54,19.52,-11.49,17.30,1,q1_q17_dr25_tce,6297.00,69.00,-88.00,4.260,0.095,-0.116,1.3690,0.2490,-0.1660,289.919710,40.168530,13.935
6278670,K07775.01,,CANDIDATE,CANDIDATE,0.5710,0,0,0,0,89.945828000,1.7160000e-03,-1.7160000e-03,133.5634000,1.690000e-02,-1.690000e-02,0.1710,0.2900,-0.1710,2.28600,0.53900,-0.53900,3.3560e+02,7.120e+01,-7.120e+01,3.46,2.210e+00,-2.210e+00,509.0,,,15.86,32.13,-14.02,6.60,2,q1_q17_dr25_tce,5115.00,153.00,-138.00,3.819,0.791,-0.339,1.9240,1.2310,-1.2310,289.727910,41.612289,13.640
5898983,K03422.01,,CANDIDATE,CANDIDATE,0.3650,0,0,0,0,40.145475700,8.9740000e-04,-8.9740000e-04,133.7186000,3.070000e-02,-3.070000e-02,0.4910,0.4510,-0.2860,5.20000,3.90000,-3.90000,3.1080e+02,6.710e+01,-6.710e+01,13.01,1.980e+00,-5.940e+00,1640.0,,,1708.38,1122.50,-1423.71,5.20,1,q1_q17_dr25_tce,7852.00,447.00,-1044.00,3.159,0.368,-0.092,7.1620,1.0910,-3.2730,297.714870,41.104279,13.201
7703955,K01707.02,Kepler-315 c,CONFIRMED,CANDIDATE,0.9950,0,0,0,0,265.478470000,5.2020000e-03,-5.2020000e-03,151.0673000,1.000000e-02,-1.000000e-02,0.9560,0.0570,-0.6740,10.28000,1.20000,-1.20000,1.0407e+03,6.660e+01,-6.660e+01,4.20,5.700e-01,-5.700e-01,291.0,,,1.70,0.65,-0.52,18.10,2,q1_q17_dr25_tce,5792.00,104.00,-104.00,4.375,0.126,-0.103,1.0050,0.1360,-0.1360,298.023100,43.363522,15.321
8552719,K01792.02,,FALSE POSITIVE,FALSE POSITIVE,0.0000,1,0,0,0,1.546222068,8.5530000e-06,-8.5530000e-06,132.4595100,4.790000e-03,-4.790000e-03,0.5030,0.0210,-0.4790,7.99800,0.14200,-0.14200,4.9400e+01,1.200e+00,-1.200e+00,0.77,1.200e-01,-8.000e-02,1578.0,,,1465.41,655.32,-367.45,56.60,3,q1_q17_dr25_tce,5611.00,100.00,-112.00,4.388,0.080,-0.120,1.0730,0.1730,-0.1060,288.971650,44.624531,12.160
12164634,K03491.01,,FALSE POSITIVE,FALSE POSITIVE,0.0000,0,1,0,0,89.331382800,1.8760000e-04,-1.8760000e-04,204.1850300,1.660000e-03,-1.660000e-03,0.8990,0.0040,-0.0050,11.91900,0.10600,-0.10600,2.1776e+03,1.550e+01,-1.550e+01,8.02,2.710e+00,-1.450e+00,558.0,,,22.89,22.75,-9.93,169.50,1,q1_q17_dr25_tce,6860.00,189.00,-283.00,4.233,0.108,-0.201,1.4670,0.4950,-0.2660,294.322570,50.741692,13.680
5193077,K03492.01,,FALSE POSITIVE,FALSE POSITIVE,0.0000,0,1,1,0,22.294148500,3.4170000e-04,-3.4170000e-04,146.4526000,1.180000e-02,-1.180000e-02,0.7090,0.2430,-0.4880,3.18800,0.70400,-0.70400,1.0090e+02,1.490e+01,-1.490e+01,1.50,3.100e-01,-3.200e-01,760.0,,,78.93,49.44,-35.23,13.60,1,q1_q17_dr25_tce,5915.00,160.00,-178.00,4.223,0.165,-0.135,1.3920,0.2910,-0.2910,293.572110,40.357800,13.030
5617259,K07733.01,,CANDIDATE,CANDIDATE,0.1390,0,0,0,0,1.048130894,,,132.3528023,,,0.2160,,,5.67070,,,1.9180e+02,,,4.52,4.200e-01,-2.350e+00,3871.0,,,52952.95,18406.17,-42641.33,5.20,1,q1_q17_dr25_tce,7673.00,239.00,-319.00,3.679,0.493,-0.058,3.2140,0.2950,-1.6700,290.960940,40.896198,11.860
8880123,K03493.01,Kepler-1925 b,CONFIRMED,CANDIDATE,0.9980,0,0,0,0,46.716233600,8.3670000e-04,-8.3670000e-04,145.5064000,1.530000e-02,-1.530000e-02,0.2660,0.2050,-0.2660,7.25900,0.41700,-0.41700,3.4550e+02,2.640e+01,-2.640e+01,2.03,3.300e-01,-1.800e-01,531.0,,,18.74,8.08,-4.01,15.40,1,q1_q17_dr25_tce,5856.00,79.00,-79.00,4.386,0.066,-0.123,1.0920,0.1800,-0.0970,289.828800,45.102760,15.223
9474756,K03495.01,,CANDIDATE,CANDIDATE,0.9240,0,0,0,0,17.606270100,3.9760000e-04,-3.9760000e-04,147.1894000,1.670000e-02,-1.670000e-02,0.9230,0.0310,-0.6300,6.13400,0.61200,-0.61200,1.4620e+02,1.540e+01,-1.540e+01,1.72,2.700e-01,-2.200e-01,753.0,,,75.96,31.78,-21.53,10.40,1,q1_q17_dr25_tce,5808.00,78.00,-78.00,4.326,0.110,-0.110,1.1590,0.1850,-0.1510,295.553740,46.029110,15.135
10068919,K03573.01,,FALSE POSITIVE,FALSE POSITIVE,0.0000,0,1,0,0,43.562258580,2.7310000e-05,-2.7310000e-05,153.2707530,5.150000e-04,-5.150000e-04,1.2950,36.4200,-0.1160,3.68730,0.03050,-0.03050,5.1325e+04,3.680e+02,-3.680e+02,80.02,2.527e+01,-1.264e+01,624.0,,,35.83,32.71,-13.36,163.60,1,q1_q17_dr25_tce,6411.00,162.00,-194.00,4.307,0.108,-0.201,1.2160,0.3840,-0.1920,289.264160,47.005989,13.676
7353970,K03574.01,,FALSE POSITIVE,FALSE POSITIVE,0.0000,0,1,1,0,198.443477000,1.1540000e-04,-1.1540000e-04,155.6155570,4.840000e-04,-4.840000e-04,1.1490,0.0510,-0.0430,9.97760,0.02680,-0.02680,3.9943e+04,1.030e+02,-1.030e+02,41.72,4.230e+00,-2.790e+00,279.0,,,1.44,0.44,-0.29,464.20,1,q1_q17_dr25_tce,5420.00,107.00,-107.00,4.502,0.056,-0.077,0.8680,0.0880,-0.0580,289.024930,42.935928,13.760
12316447,K03575.01,,FALSE POSITIVE,FALSE POSITIVE,0.0000,0,1,0,0,17.907664726,3.6190000e-06,-3.6190000e-06,139.7437610,2.290000e-04,-2.290000e-04,2.7900,0.1460,-0.1540,5.58652,0.00892,-0.00892,2.6541e+05,2.110e+02,-2.110e+02,282.86,9.266e+01,-3.097e+01,746.0,,,73.31,72.83,-23.57,1731.40,1,q1_q17_dr25_tce,6173.00,193.00,-236.00,4.447,0.054,-0.216,1.0410,0.3410,-0.1140,296.115420,51.007111,16.107
5823557,K07743.01,,FALSE POSITIVE,FALSE POSITIVE,0.0000,0,0,0,1,2.404412200,3.6650000e-05,-3.6650000e-05,133.2244000,1.670000e-02,-1.670000e-02,0.5590,0.0040,-0.4820,4.57500,0.59100,-0.59100,4.2700e+01,5.200e+00,-5.200e+00,0.85,2.600e-01,-1.600e-01,1662.0,,,1805.11,1615.47,-764.68,10.80,1,q1_q17_dr25_tce,6398.00,175.00,-214.00,4.276,0.132,-0.198,1.2490,0.3800,-0.2340,299.630280,41.035690,13.894
10491554,K03576.01,,FALSE POSITIVE,FALSE POSITIVE,0.0000,0,1,0,0,22.771964840,2.3260000e-05,-2.3260000e-05,140.4865000,1.040000e-03,-1.040000e-03,0.6030,0.0450,-0.0430,8.34760,0.02880,-0.02880,3.2545e+05,1.057e+03,-1.057e+03,104.17,2.891e+01,-3.853e+01,835.0,,,114.90,100.17,-75.33,305.20,1,q1_q17_dr25_tce,6049.00,211.00,-211.00,4.067,0.350,-0.150,1.5570,0.4320,-0.5760,298.913330,47.657871,15.018
9785454,K03577.01,,FALSE POSITIVE,FALSE POSITIVE,0.0000,0,1,0,0,184.520153920,4.7810000e-05,-4.7810000e-05,237.6987210,1.980000e-04,-1.980000e-04,0.8860,0.0080,-0.0080,15.35640,0.01720,-0.01720,4.9269e+04,4.390e+01,-4.390e+01,23.38,4.210e+00,-3.170e+00,275.0,,,1.36,0.77,-0.45,1759.10,1,q1_q17_dr25_tce,5341.00,160.00,-144.00,4.514,0.096,-0.132,0.7760,0.1400,-0.1050,297.341640,46.543362,14.070
8636333,K03349.01,Kepler-1475 b,CONFIRMED,CANDIDATE,0.9670,0,0,0,0,82.175197000,1.1260000e-03,-1.1260000e-03,197.2018700,8.820000e-03,-8.820000e-03,0.0150,0.4400,-0.0150,8.66400,0.32300,-0.32300,5.4640e+02,3.050e+01,-3.050e+01,2.24,6.800e-01,-2.300e-01,441.0,,,8.92,8.18,-2.63,20.80,1,q1_q17_dr25_tce,6247.00,188.00,-206.00,4.489,0.050,-0.200,0.9540,0.2910,-0.0970,295.948270,44.753120,15.292
7136958,K03350.01,,FALSE POSITIVE,FALSE POSITIVE,0.0000,0,1,0,0,29.015852933,5.7020000e-06,-5.7020000e-06,138.4024770,1.810000e-04,-1.810000e-04,12.2230,21.3700,-1.7430,7.19844,0.00823,-0.00823,7.1432e+04,6.550e+01,-6.550e+01,1183.06,3.281e+02,-2.012e+02,592.0,,,29.11,24.94,-11.57,1268.80,1,q1_q17_dr25_tce,5783.00,190.00,-190.00,4.415,0.139,-0.186,0.9410,0.2610,-0.1600,296.939760,42.691921,15.546
1995732,K03351.01,,FALSE POSITIVE,FALSE POSITIVE,0.0000,0,1,0,0,77.362414760,2.2160000e-05,-2.2160000e-05,139.0956260,2.410000e-04,-2.410000e-04,0.9950,0.0300,-0.0350,12.13170,0.01180,-0.01180,9.6586e+04,9.070e+01,-9.070e+01,41.66,7.540e+00,-3.480e+00,362.0,,,4.08,2.31,-1.05,1246.30,1,q1_q17_dr25_tce,5359.00,159.00,-159.00,4.570,0.037,-0.112,0.7900,0.1430,-0.0660,286.216000,37.425240,15.673
6069674,K07761.01,,FALSE POSITIVE,FALSE POSITIVE,0.2530,1,0,0,0,495.710950000,1.5920000e-02,-1.5920000e-02,450.0348000,1.640000e-02,-1.640000e-02,0.7180,0.2440,-0.4960,4.51400,0.81700,-0.81700,4.4310e+02,6.730e+01,-6.730e+01,4.41,1.080e+00,-2.010e+00,330.0,,,2.80,2.15,-2.07,8.50,1,q1_q17_dr25_tce,6054.00,201.00,-201.00,3.911,0.472,-0.118,1.9530,0.4790,-0.8900,298.884520,41.300442,13.867
8081239,K03352.01,Kepler-1476 b,CONFIRMED,CANDIDATE,0.9980,0,0,0,0,10.358570390,6.2580000e-05,-6.2580000e-05,138.3079400,4.480000e-03,-4.480000e-03,0.0740,0.3730,-0.0740,2.57700,0.12300,-0.12300,2.7370e+02,2.120e+01,-2.120e+01,1.68,5.000e-01,-2.200e-01,860.0,,,129.28,113.22,-42.29,15.10,1,q1_q17_dr25_tce,5893.00,158.00,-176.00,4.423,0.084,-0.196,1.0200,0.3050,-0.1310,284.532100,43.989960,15.408
5308663,K01562.02,,CANDIDATE,CANDIDATE,0.7760,0,0,0,0,20.067924700,2.7640000e-04,-2.7640000e-04,150.7703000,1.150000e-02,-1.150000e-02,0.8490,0.1040,-0.6280,5.23600,0.22800,-0.22800,4.8220e+02,3.530e+01,-3.530e+01,2.25,6.600e-01,-2.100e-01,662.0,,,45.49,40.49,-13.81,13.80,2,q1_q17_dr25_tce,5997.00,189.00,-231.00,4.522,0.050,-0.200,0.9040,0.2640,-0.0880,299.556000,40.456551,15.590
3745559,K03423.01,Kepler-1920 b,CONFIRMED,CANDIDATE,1.0000,0,0,0,0,30.254118600,2.0800000e-04,-2.0800000e-04,136.6387300,5.850000e-03,-5.850000e-03,0.1220,0.3310,-0.1220,2.13400,0.17700,-0.17700,5.7630e+02,5.640e+01,-5.640e+01,2.80,9.600e-01,-3.200e-01,660.0,,,44.87,45.39,-14.13,12.30,1,q1_q17_dr25_tce,6277.00,170.00,-208.00,4.402,0.056,-0.224,1.1610,0.4000,-0.1330,291.062040,38.863312,14.296
8356054,K03424.01,,FALSE POSITIVE,FALSE POSITIVE,0.0000,0,1,0,0,17.081202417,2.5870000e-06,-2.5870000e-06,134.2964310,1.310000e-04,-1.310000e-04,0.9150,0.0310,-0.0290,7.20617,0.00594,-0.00594,1.3414e+05,1.050e+02,-1.050e+02,39.24,7.150e+00,-3.050e+00,585.0,,,27.61,16.63,-7.23,1524.80,1,q1_q17_dr25_tce,5431.00,189.00,-189.00,4.623,0.035,-0.105,0.7080,0.1290,-0.0550,287.972600,44.333611,15.863
9117416,K03425.01,Kepler-1921 b,CONFIRMED,CANDIDATE,0.9950,0,0,0,0,20.034708000,1.8190000e-04,-1.8190000e-04,145.4541000,7.310000e-03,-7.310000e-03,0.1930,0.2700,-0.1930,6.49000,0.20900,-0.20900,1.2440e+02,5.800e+00,-5.800e+00,2.24,5.200e-01,-9.000e-01,967.0,,,207.16,150.16,-142.72,22.90,1,q1_q17_dr25_tce,6120.00,195.00,-217.00,3.934,0.398,-0.133,2.0000,0.4670,-0.8010,300.316190,45.495380,13.266
6356400,K07776.01,,CANDIDATE,CANDIDATE,0.7400,0,0,0,0,541.924520000,1.9340000e-02,-1.9340000e-02,326.8745000,2.400000e-02,-2.400000e-02,0.9500,0.0260,-0.6540,21.40000,1.70000,-1.70000,1.5042e+03,9.710e+01,-9.710e+01,3.15,2.300e-01,-2.900e-01,144.0,,,0.10,0.03,-0.02,18.10,1,q1_q17_dr25_tce,4378.00,131.00,-131.00,4.640,0.052,-0.024,0.6140,0.0450,-0.0560,289.287720,41.799938,15.671
9117416,K03425.02,Kepler-1921 c,CONFIRMED,CANDIDATE,0.9530,0,0,0,0,3.157220860,1.9470000e-05,-1.9470000e-05,131.6991500,4.800000e-03,-4.800000e-03,0.0010,0.4550,-0.0010,3.76200,0.14300,-0.14300,4.9700e+01,3.200e+00,-3.200e+00,1.41,3.300e-01,-5.700e-01,1791.0,,,2436.47,1766.22,-1678.55,17.40,2,q1_q17_dr25_tce,6120.00,195.00,-217.00,3.934,0.398,-0.133,2.0000,0.4670,-0.8010,300.316190,45.495380,13.266
5900235,K03426.01,,CANDIDATE,CANDIDATE,0.3930,0,0,0,0,58.770104500,9.3150000e-04,-9.3150000e-04,174.7750000,1.190000e-02,-1.190000e-02,0.5510,0.0340,-0.4600,6.99500,0.41400,-0.41400,2.2440e+02,1.980e+01,-1.980e+01,1.57,4.500e-01,-2.400e-01,508.0,,,15.78,13.68,-5.93,13.20,1,q1_q17_dr25_tce,6158.00,184.00,-203.00,4.397,0.108,-0.186,1.0130,0.2920,-0.1570,298.000890,41.196991,14.324
9474756,K03495.02,,CANDIDATE,CANDIDATE,0.9050,0,0,0,0,6.685438000,1.8280000e-04,-1.8280000e-04,132.3184000,1.420000e-02,-1.420000e-02,0.8530,0.0210,-0.6020,5.09000,0.80100,-0.80100,8.9200e+01,1.310e+01,-1.310e+01,1.25,2.000e-01,-1.600e-01,1040.0,,,276.02,115.49,-78.23,9.70,2,q1_q17_dr25_tce,5808.00,78.00,-78.00,4.326,0.110,-0.110,1.1590,0.1850,-0.1510,295.553740,46.029110,15.135
7517261,K03496.01,Kepler-1511 b,CONFIRMED,CANDIDATE,0.9970,0,0,0,0,23.238558700,4.4830000e-04,-4.4830000e-04,143.5274000,1.780000e-02,-1.780000e-02,0.3550,0.1080,-0.3550,8.43200,0.37400,-0.37400,1.6120e+02,1.120e+01,-1.120e+01,2.18,6.400e-01,-5.700e-01,903.0,,,157.09,135.63,-84.07,15.50,1,q1_q17_dr25_tce,6602.00,181.00,-250.00,4.108,0.220,-0.180,1.6850,0.4940,-0.4440,288.421200,43.179794,13.932
7517261,K03496.02,,CANDIDATE,CANDIDATE,0.9940,0,0,0,0,8.543377400,1.9840000e-04,-1.9840000e-04,137.9895000,1.920000e-02,-1.920000e-02,0.7480,0.2260,-0.5050,6.14900,0.47800,-0.47800,7.5100e+01,8.300e+00,-8.300e+00,1.58,4.600e-01,-4.200e-01,1260.0,,,595.97,514.55,-318.95,10.30,2,q1_q17_dr25_tce,6602.00,181.00,-250.00,4.108,0.220,-0.180,1.6850,0.4940,-0.4440,288.421200,43.179794,13.932
5653795,K07734.01,,FALSE POSITIVE,FALSE POSITIVE,0.2300,1,0,0,0,118.314913000,3.3620000e-03,-3.3620000e-03,215.6117000,1.770000e-02,-1.770000e-02,0.5220,0.4650,-0.3200,4.79000,1.40000,-1.40000,2.1630e+02,4.600e+01,-4.600e+01,7.23,1.050e+00,-3.160e+00,786.0,,,90.09,46.16,-65.44,7.00,2,q1_q17_dr25_tce,6190.00,223.00,-223.00,3.340,0.391,-0.069,4.7630,0.6940,-2.0820,299.836300,40.886730,13.172
8424002,K03497.01,Kepler-1512 b,CONFIRMED,CANDIDATE,1.0000,0,0,0,0,20.359718990,5.4790000e-05,-5.4790000e-05,134.2912300,2.180000e-03,-2.180000e-03,0.9250,0.0050,-0.6930,2.15210,0.06210,-0.06210,3.4570e+02,1.520e+01,-1.520e+01,0.80,1.200e-01,-1.600e-01,276.0,,,1.38,0.58,-0.58,26.80,1,q1_q17_dr25_tce,3419.00,67.00,-76.00,4.904,0.084,-0.052,0.3440,0.0510,-0.0700,289.274510,44.470322,13.393
8635938,K03498.01,,FALSE POSITIVE,FALSE POSITIVE,0.0000,0,1,0,1,43.798566000,3.4700000e-04,-3.4700000e-04,172.5850500,7.470000e-03,-7.470000e-03,1.1820,72.6400,-1.5900,6.40100,0.31000,-0.31000,2.9040e+02,1.350e+01,-1.350e+01,48.52,8.080e+00,-1.750e+01,721.0,,,63.80,35.13,-40.43,26.10,1,q1_q17_dr25_tce,5611.00,186.00,-152.00,3.842,0.344,-0.108,2.2270,0.3710,-0.8030,295.823760,44.795910,12.963
10464666,K03578.01,,FALSE POSITIVE,FALSE POSITIVE,0.0000,0,1,0,0,131.736304850,1.5210000e-05,-1.5210000e-05,194.5833896,9.170000e-05,-9.170000e-05,0.8710,0.0150,-0.0130,5.28476,0.00877,-0.00877,5.8381e+04,7.170e+01,-7.170e+01,54.38,3.321e+01,-2.717e+01,413.0,,,6.89,13.48,-5.34,1241.00,1,q1_q17_dr25_tce,5102.00,169.00,-138.00,3.962,0.591,-0.318,1.6690,1.0190,-0.8340,289.530090,47.626221,13.395
5024292,K03579.01,,FALSE POSITIVE,FALSE POSITIVE,0.0000,0,1,0,0,4.301031137,1.1470000e-06,-1.1470000e-06,134.4490700,2.000000e-04,-2.000000e-04,0.7900,0.0100,-0.0110,5.65214,0.00482,-0.00482,2.0415e+05,1.590e+02,-1.590e+02,93.01,3.185e+01,-1.712e+01,1454.0,,,1056.61,1067.40,-454.35,1526.20,1,q1_q17_dr25_tce,6386.00,177.00,-243.00,4.208,0.115,-0.214,1.5480,0.5300,-0.2850,295.300230,40.183350,14.573
4659255,K03580.01,,FALSE POSITIVE,FALSE POSITIVE,0.0000,0,1,0,0,198.013791810,3.7480000e-05,-3.7480000e-05,234.1516820,1.340000e-04,-1.340000e-04,0.8800,0.0940,-0.0460,9.72673,0.00974,-0.00974,1.4250e+05,1.200e+02,-1.200e+02,38.49,4.240e+00,-4.240e+00,260.0,,,1.09,0.42,-0.34,1411.30,1,q1_q17_dr25_tce,5359.00,159.00,-175.00,4.566,0.090,-0.060,0.7080,0.0780,-0.0780,293.048370,39.725349,15.546
8263746,K03581.01,,FALSE POSITIVE,FALSE POSITIVE,0.0000,0,1,0,0,10.993826800,5.8030000e-06,-5.8030000e-06,138.8052260,5.360000e-04,-5.360000e-04,0.4710,0.0200,-0.0180,5.07460,0.01420,-0.01420,4.1921e+05,1.191e+03,-1.191e+03,52.69,4.390e+00,-5.320e+00,627.0,,,36.46,12.85,-11.01,469.50,1,q1_q17_dr25_tce,4856.00,175.00,-175.00,4.554,0.072,-0.048,0.7430,0.0620,-0.0750,300.781920,44.194050,16.751
5877292,K07744.01,,CANDIDATE,CANDIDATE,0.5920,0,0,0,0,11.720169300,2.2920000e-04,-2.2920000e-04,136.1871000,1.770000e-02,-1.770000e-02,0.2920,0.1750,-0.2920,2.39900,0.30700,-0.30700,1.5440e+02,2.780e+01,-2.780e+01,1.34,4.600e-01,-1.500e-01,870.0,,,135.43,140.92,-45.89,7.50,1,q1_q17_dr25_tce,6193.00,194.00,-259.00,4.434,0.056,-0.224,1.0670,0.3660,-0.1220,292.130490,41.165749,15.171
10657406,K01837.02,Kepler-969 c,CONFIRMED,CANDIDATE,1.0000,0,0,0,0,1.682934607,4.9070000e-06,-4.9070000e-06,131.9680700,2.380000e-03,-2.380000e-03,0.6810,0.2800,-0.4790,1.88460,0.07830,-0.07830,1.4270e+02,6.800e+00,-6.800e+00,1.06,9.000e-02,-4.000e-02,1270.0,,,615.67,172.90,-86.81,24.50,2,q1_q17_dr25_tce,5201.00,93.00,-114.00,4.573,0.010,-0.090,0.8340,0.0770,-0.0260,288.372500,47.933559,13.733
3428468,K03582.01,,FALSE POSITIVE,FALSE POSITIVE,0.0000,0,1,0,0,114.908624190,2.0060000e-05,-2.0060000e-05,199.4507460,1.400000e-04,-1.400000e-04,0.7800,0.0250,-0.0260,7.66397,0.00819,-0.00819,1.9611e+05,2.010e+02,-2.010e+02,42.78,1.220e+00,-3.420e+00,259.0,,,1.06,0.20,-0.26,1179.70,1,q1_q17_dr25_tce,4412.00,132.00,-132.00,4.565,0.060,-0.016,0.7370,0.0210,-0.0590,286.723360,38.595661,15.927
7091432,K03353.01,Kepler-1477 b,CONFIRMED,CANDIDATE,1.0000,0,0,0,0,11.555324450,7.6100000e-05,-7.6100000e-05,134.1297700,5.440000e-03,-5.440000e-03,0.9600,0.0330,-0.7000,3.49900,0.12100,-0.12100,2.5000e+02,1.780e+01,-1.780e+01,1.70,2.100e-01,-1.800e-01,674.0,,,48.88,20.15,-14.53,16.10,1,q1_q17_dr25_tce,5149.00,153.00,-153.00,4.506,0.093,-0.085,0.8030,0.0970,-0.0880,281.298550,42.685749,14.598
9845909,K03354.01,,CANDIDATE,CANDIDATE,0.9370,0,0,0,0,11.570600500,1.1750000e-04,-1.1750000e-04,136.2857700,8.510000e-03,-8.510000e-03,0.4160,0.0270,-0.4160,3.07300,0.23700,-0.23700,2.1190e+02,2.580e+01,-2.580e+01,1.33,3.500e-01,-1.600e-01,771.0,,,83.39,68.30,-26.51,9.60,1,q1_q17_dr25_tce,5718.00,172.00,-189.00,4.479,0.078,-0.182,0.9000,0.2440,-0.1050,297.377470,46.661652,15.089
9221528,K03355.01,,CANDIDATE,CANDIDATE,0.9990,0,0,0,0,16.295322800,2.7400000e-04,-2.7400000e-04,144.7982000,1.380000e-02,-1.380000e-02,0.5870,0.3600,-0.3650,4.88200,0.35500,-0.35500,2.2910e+02,2.060e+01,-2.060e+01,1.60,5.100e-01,-2.200e-01,773.0,,,84.23,82.59,-30.87,12.90,1,q1_q17_dr25_tce,6187.00,197.00,-241.00,4.432,0.072,-0.203,1.0130,0.3260,-0.1400,293.134090,45.626869,15.110
6106046,K07762.01,,CANDIDATE,CANDIDATE,0.9770,0,0,0,0,8.507351200,9.7720000e-05,-9.7720000e-05,135.8115000,1.160000e-02,-1.160000e-02,0.2230,0.2370,-0.2230,2.26600,0.26000,-0.26000,2.0950e+02,2.860e+01,-2.860e+01,1.38,4.300e-01,-1.400e-01,891.0,,,148.86,140.34,-45.00,8.90,1,q1_q17_dr25_tce,5914.00,184.00,-205.00,4.483,0.054,-0.216,0.9550,0.2970,-0.0990,285.237150,41.497532,15.330
6368230,K03356.01,Kepler-1478 b,CONFIRMED,CANDIDATE,0.9960,0,0,0,0,26.084121200,5.0570000e-04,-5.0570000e-04,149.4437000,1.560000e-02,-1.560000e-02,0.0920,0.3730,-0.0920,6.14100,0.35200,-0.35200,2.5970e+02,2.180e+01,-2.180e+01,1.35,4.100e-01,-1.000e-01,598.0,,,30.24,27.59,-7.61,13.80,1,q1_q17_dr25_tce,6083.00,181.00,-199.00,4.563,0.036,-0.204,0.8350,0.2540,-0.0630,293.165100,41.746231,15.440
7115291,K03357.01,,FALSE POSITIVE,FALSE POSITIVE,0.0000,0,1,0,0,52.802767576,7.1220000e-06,-7.1220000e-06,167.2702940,1.050000e-04,-1.050000e-04,1.4730,0.1660,-0.1290,5.61840,0.01040,-0.01040,5.2110e+04,5.480e+01,-5.480e+01,75.82,2.213e+01,-8.830e+00,472.0,,,11.73,10.03,-3.62,1238.80,1,q1_q17_dr25_tce,5835.00,157.00,-174.00,4.492,0.065,-0.195,0.9010,0.2630,-0.1050,291.000950,42.622231,15.193
9907505,K03427.01,,FALSE POSITIVE,FALSE POSITIVE,0.0000,0,1,0,0,39.206808648,3.1500000e-06,-3.1500000e-06,142.4611109,6.600000e-05,-6.600000e-05,0.8100,0.0150,-0.0140,6.24701,0.00363,-0.00363,1.8698e+05,2.070e+02,-2.070e+02,50.20,1.597e+01,-4.030e+00,516.0,,,16.82,16.08,-4.23,1274.30,1,q1_q17_dr25_tce,5945.00,179.00,-179.00,4.545,0.039,-0.208,0.8610,0.2740,-0.0690,297.817930,46.764210,15.545
9027909,K03428.01,Kepler-1496 b,CONFIRMED,CANDIDATE,0.9880,0,0,0,0,64.658916600,8.9750000e-04,-8.9750000e-04,170.1797200,9.830000e-03,-9.830000e-03,0.0830,0.3760,-0.0830,7.71000,0.29100,-0.29100,2.3540e+02,1.960e+01,-1.960e+01,2.12,3.500e-01,-4.200e-01,535.0,,,19.39,8.13,-7.70,13.90,1,q1_q17_dr25_tce,5821.00,69.00,-87.00,4.172,0.162,-0.108,1.3950,0.2280,-0.2790,293.973940,45.350700,14.694
9230021,K03429.01,,CANDIDATE,CANDIDATE,0.8920,0,0,0,0,15.828383300,4.5570000e-04,-4.5570000e-04,144.3927000,2.570000e-02,-2.570000e-02,0.6230,0.0000,-0.4980,3.64300,0.52700,-0.52700,2.2750e+02,3.300e+01,-3.300e+01,1.80,2.800e-01,-2.800e-01,758.0,,,78.20,32.54,-25.35,9.80,2,q1_q17_dr25_tce,5596.00,83.00,-75.00,4.298,0.143,-0.104,1.1450,0.1780,-0.1780,296.196140,45.634331,15.364
6369845,K07777.01,,FALSE POSITIVE,FALSE POSITIVE,0.0000,0,0,1,0,27.676034200,5.3410000e-04,-5.3410000e-04,144.9833000,1.690000e-02,-1.690000e-02,0.0710,0.3950,-0.0710,4.23400,0.38500,-0.38500,2.6680e+02,2.240e+01,-2.240e+01,5.15,2.170e+00,-1.770e+00,951.0,,,193.23,236.62,-117.93,14.40,1,q1_q17_dr25_tce,5123.00,128.00,-128.00,3.442,0.325,-0.266,3.2240,1.3530,-1.1070,293.647580,41.730679,13.330
9230021,K03429.02,Kepler-1497 b,CONFIRMED,CANDIDATE,0.9930,0,0,0,0,8.741923610,8.7140000e-05,-8.7140000e-05,135.4272700,8.700000e-03,-8.700000e-03,0.0250,0.4160,-0.0250,4.23500,0.18400,-0.18400,2.9570e+02,1.710e+01,-1.710e+01,1.94,3.000e-01,-3.000e-01,924.0,,,172.38,71.72,-55.89,18.50,1,q1_q17_dr25_tce,5596.00,83.00,-75.00,4.298,0.143,-0.104,1.1450,0.1780,-0.1780,296.196140,45.634331,15.364
9230021,K03429.03,,FALSE POSITIVE,FALSE POSITIVE,,1,0,0,0,26.936878000,1.1090000e-03,-1.1090000e-03,157.7573000,3.350000e-02,-3.350000e-02,0.2807,0.1762,-0.2806,4.96900,0.57000,-0.57000,2.4690e+02,3.350e+01,-3.350e+01,1.57,6.400e-01,-1.700e-01,617.0,,,34.24,42.37,-10.62,8.80,,,5878.00,181.00,-202.00,4.442,0.066,-0.281,0.9980,0.4070,-0.1090,296.196140,45.634331,15.364
3662838,K00302.02,,FALSE POSITIVE,FALSE POSITIVE,,1,1,0,0,53.344180380,,,170.0739545,,,,,,3.62000,,,,,,,,,,,,,,,,,,,,,,,,,,,295.608800,38.735741,12.059
5471688,K03499.01,,FALSE POSITIVE,FALSE POSITIVE,0.0000,1,0,1,1,12.428130800,3.7900000e-04,-3.7900000e-04,141.4385000,4.820000e-02,-4.820000e-02,0.3300,0.1240,-0.3300,6.79000,1.00000,-1.00000,1.3140e+02,1.060e+01,-1.060e+01,0.85,1.700e-01,-6.000e-02,715.0,,,61.78,40.49,-14.92,9.40,1,q1_q17_dr25_tce,5940.00,196.00,-196.00,4.621,0.036,-0.144,0.7290,0.1500,-0.0500,297.725040,40.644310,15.056
8552719,K01792.03,Kepler-953 c,CONFIRMED,CANDIDATE,0.9910,0,0,0,0,9.109693340,2.7000000e-05,-2.7000000e-05,133.0656600,2.490000e-03,-2.490000e-03,0.7610,0.0100,-0.5420,5.31810,0.06770,-0.06770,1.2640e+02,2.700e+00,-2.700e+00,1.32,2.100e-01,-1.300e-01,873.0,,,137.45,61.47,-34.46,47.80,2,q1_q17_dr25_tce,5611.00,100.00,-112.00,4.388,0.080,-0.120,1.0730,0.1730,-0.1060,288.971650,44.624531,12.160
5471688,K03499.02,,FALSE POSITIVE,FALSE POSITIVE,,0,0,1,1,0.962832640,7.4650000e-06,-7.4650000e-06,132.2008700,7.350000e-03,-7.350000e-03,0.4963,0.4444,-0.2744,2.94700,0.17500,-0.17500,9.6300e+01,7.200e+00,-7.200e+00,0.74,2.800e-01,-4.000e-02,1686.0,,,1908.55,2218.42,-415.85,16.40,3,q1_q17_dr24_tce,5955.00,206.00,-183.00,4.617,0.026,-0.238,0.7330,0.2740,-0.0430,297.725040,40.644310,15.056
6058816,K03500.01,Kepler-1927 b,CONFIRMED,CANDIDATE,0.9300,0,0,0,0,73.750276500,5.2250000e-04,-5.2250000e-04,188.5222100,5.530000e-03,-5.530000e-03,0.1270,0.3170,-0.1270,13.30900,0.16700,-0.16700,2.3310e+02,7.000e+00,-7.000e+00,3.78,5.300e-01,-1.310e+00,677.0,,,49.76,18.22,-29.61,33.90,1,q1_q17_dr25_tce,6056.00,81.00,-81.00,3.797,0.285,-0.095,2.4810,0.3430,-0.8590,296.354610,41.335560,13.214
6058816,K03500.02,,CANDIDATE,CANDIDATE,0.9790,0,0,0,0,4.748266900,6.0060000e-05,-6.0060000e-05,135.8003000,1.080000e-02,-1.080000e-02,0.6730,0.2920,-0.4490,4.94700,0.29900,-0.29900,3.5600e+01,3.400e+00,-3.400e+00,1.57,2.100e-01,-5.500e-01,1690.0,,,1927.62,706.15,-1146.93,12.10,2,q1_q17_dr25_tce,6056.00,81.00,-81.00,3.797,0.285,-0.095,2.4810,0.3430,-0.8590,296.354610,41.335560,13.214
5130740,K03583.01,,FALSE POSITIVE,FALSE POSITIVE,0.0000,0,1,0,0,210.306443610,3.5620000e-05,-3.5620000e-05,285.1273940,1.170000e-04,-1.170000e-04,1.1550,0.1250,-0.0760,6.68665,0.00818,-0.00818,4.6455e+04,4.940e+01,-4.940e+01,101.13,2.632e+01,-2.633e+01,525.0,,,17.94,13.87,-9.78,1081.70,1,q1_q17_dr25_tce,7591.00,211.00,-343.00,4.050,0.187,-0.153,2.0170,0.5250,-0.5250,299.219450,40.212311,12.504
9892471,K03584.01,,FALSE POSITIVE,FALSE POSITIVE,0.0000,0,1,0,0,8.268081087,6.3400000e-07,-6.3400000e-07,135.0563298,6.400000e-05,-6.400000e-05,1.0990,0.4740,-0.0420,3.47103,0.00784,-0.00784,7.1479e+04,7.300e+01,-7.300e+01,50.31,1.489e+01,-4.970e+00,863.0,,,130.83,113.80,-37.92,1320.50,1,q1_q17_dr25_tce,5749.00,156.00,-190.00,4.502,0.050,-0.200,0.9220,0.2730,-0.0910,292.531250,46.728699,15.768
2019076,K03585.01,,FALSE POSITIVE,FALSE POSITIVE,0.0000,0,1,0,0,3.564614021,4.5100000e-07,-4.5100000e-07,131.8623500,1.090000e-04,-1.090000e-04,0.9890,0.0340,-0.0050,3.44204,0.00504,-0.00504,9.4342e+04,1.530e+02,-1.530e+02,46.00,1.191e+01,-6.390e+00,1187.0,,,470.37,368.88,-165.61,728.80,1,q1_q17_dr25_tce,5891.00,177.00,-195.00,4.450,0.112,-0.168,0.8920,0.2310,-0.1240,292.462490,37.442619,15.671
5879448,K07745.01,,FALSE POSITIVE,FALSE POSITIVE,0.0000,0,1,0,0,533.477070000,3.2640000e-02,-3.2640000e-02,245.3651000,4.510000e-02,-4.510000e-02,0.4180,0.0410,-0.4180,23.71000,1.30000,-1.30000,2.1060e+02,1.630e+01,-1.630e+01,2.60,5.600e-01,-8.900e-01,315.0,,,2.33,1.58,-1.43,15.30,1,q1_q17_dr25_tce,6077.00,201.00,-164.00,3.931,0.323,-0.129,1.7590,0.3730,-0.6050,292.828090,41.139351,13.294
7376490,K03586.01,,FALSE POSITIVE,FALSE POSITIVE,0.0000,0,1,1,1,5.877122413,1.7790000e-06,-1.7790000e-06,136.4207180,2.510000e-04,-2.510000e-04,1.2380,0.0820,-0.0620,3.73690,0.01260,-0.01260,1.5647e+04,6.620e+01,-6.620e+01,45.95,1.362e+01,-1.017e+01,1061.0,,,300.43,260.76,-137.11,287.60,1,q1_q17_dr25_tce,5778.00,155.00,-155.00,4.325,0.214,-0.195,1.0430,0.3090,-0.2310,295.686070,42.970619,13.147
11968513,K03587.01,,FALSE POSITIVE,FALSE POSITIVE,0.0000,1,0,0,0,1.036592635,1.9000000e-07,-1.9000000e-07,132.0891460,1.640000e-04,-1.640000e-04,0.8980,0.1270,-0.0930,2.40749,0.00794,-0.00794,1.2450e+05,3.200e+02,-3.200e+02,463.05,7.962e+01,-1.194e+02,4194.0,,,73013.77,32116.38,-35125.08,444.70,1,q1_q17_dr25_tce,4884.00,58.00,-72.00,2.737,0.162,-0.108,8.7470,1.5040,-2.2560,294.361600,50.305260,14.441
4263529,K03358.01,,CANDIDATE,CANDIDATE,1.0000,0,0,0,0,10.104043510,1.0430000e-05,-1.0430000e-05,132.8928410,8.670000e-04,-8.670000e-04,0.9510,0.0230,-0.6760,1.00220,0.05590,-0.05590,1.3224e+03,5.480e+01,-5.480e+01,4.05,9.100e-01,-3.900e-01,752.0,,,75.32,50.39,-20.17,39.50,1,q1_q17_dr25_tce,5530.00,149.00,-149.00,4.541,0.050,-0.150,0.8310,0.1870,-0.0800,291.889070,39.361771,14.031
7866921,K03360.01,,FALSE POSITIVE,FALSE POSITIVE,0.0000,0,1,0,0,91.499997800,5.5370000e-05,-5.5370000e-05,182.7690450,4.990000e-04,-4.990000e-04,0.7360,0.0020,-0.0030,19.58180,0.02970,-0.02970,6.5496e+04,1.310e+02,-1.310e+02,21.86,3.170e+00,-1.950e+00,335.0,,,2.98,1.42,-0.76,1018.40,1,q1_q17_dr25_tce,5263.00,158.00,-142.00,4.572,0.045,-0.091,0.7740,0.1120,-0.0690,279.856080,43.667900,14.801
6619815,K03361.01,Kepler-1696 b,CONFIRMED,CANDIDATE,0.4840,0,0,0,0,65.940786900,8.7030000e-04,-8.7030000e-04,231.9715500,8.520000e-03,-8.520000e-03,0.3320,0.1590,-0.3320,7.77600,0.27600,-0.27600,5.8040e+02,3.450e+01,-3.450e+01,2.33,6.400e-01,-2.800e-01,454.0,,,10.04,8.25,-3.28,19.80,1,q1_q17_dr25_tce,5982.00,168.00,-210.00,4.493,0.050,-0.200,0.9600,0.2660,-0.1140,295.576080,42.023361,15.502
6113752,K07763.01,,FALSE POSITIVE,FALSE POSITIVE,0.1980,1,0,0,0,406.457370000,1.5640000e-02,-1.5640000e-02,230.8834000,3.470000e-02,-3.470000e-02,0.4280,0.0340,-0.4280,9.55400,0.55100,-0.55100,2.8420e+02,2.590e+01,-2.590e+01,1.96,6.600e-01,-2.600e-01,278.0,,,1.42,1.36,-0.49,12.70,1,q1_q17_dr25_tce,6217.00,149.00,-204.00,4.364,0.090,-0.210,1.1410,0.3840,-0.1530,288.622890,41.445480,13.079
3098197,K03362.01,,FALSE POSITIVE,FALSE POSITIVE,0.0000,0,1,1,1,30.476398590,5.9700000e-05,-5.9700000e-05,156.2400700,1.610000e-03,-1.610000e-03,0.9200,0.0710,-0.0420,17.97280,0.08790,-0.08790,1.3057e+05,6.840e+02,-6.840e+02,43.01,9.950e+00,-3.330e+00,542.0,,,20.39,13.98,-4.83,236.20,1,q1_q17_dr25_tce,5913.00,159.00,-159.00,4.585,0.040,-0.160,0.7870,0.1820,-0.0610,286.004610,38.284710,14.840
11651712,K03363.01,Kepler-1479 b,CONFIRMED,CANDIDATE,0.9970,0,0,0,0,14.532605460,4.3810000e-05,-4.3810000e-05,140.4685000,2.380000e-03,-2.380000e-03,0.1120,0.3350,-0.1120,2.42120,0.07100,-0.07100,3.2890e+02,1.330e+01,-1.330e+01,1.69,5.100e-01,-1.700e-01,746.0,,,73.37,64.34,-20.69,29.00,1,q1_q17_dr25_tce,6003.00,161.00,-179.00,4.507,0.052,-0.208,0.9320,0.2790,-0.0930,285.711910,49.706661,13.785
9896558,K01718.02,Kepler-937 c,CONFIRMED,CANDIDATE,0.9920,0,0,0,0,153.348739000,4.9140000e-03,-4.9140000e-03,190.5347000,1.590000e-02,-1.590000e-02,0.2610,0.1960,-0.2610,12.20500,0.62100,-0.62100,3.8800e+02,3.510e+01,-3.510e+01,2.14,6.400e-01,-3.400e-01,377.0,,,4.78,4.32,-1.84,12.70,2,q1_q17_dr25_tce,6127.00,192.00,-213.00,4.356,0.128,-0.192,1.0800,0.3200,-0.1720,294.168820,46.714611,15.224
7697103,K03430.01,,CANDIDATE,CANDIDATE,0.7290,0,0,0,0,13.924800500,1.8010000e-04,-1.8010000e-04,142.0473200,9.800000e-03,-9.800000e-03,0.0210,0.4260,-0.0210,5.01600,0.28100,-0.28100,1.9520e+02,2.020e+01,-2.020e+01,0.90,1.100e-01,-6.000e-02,588.0,,,28.27,11.93,-6.36,11.20,1,q1_q17_dr25_tce,5271.00,141.00,-157.00,4.669,0.028,-0.083,0.6480,0.0850,-0.0420,296.382690,43.386589,15.712
9267996,K03431.01,,CANDIDATE,CANDIDATE,0.0000,0,0,0,0,19.600140500,2.3760000e-04,-2.3760000e-04,138.5631000,1.170000e-02,-1.170000e-02,0.9710,0.0270,-0.6850,8.61300,0.31800,-0.31800,2.8200e+02,1.500e+01,-1.500e+01,2.08,5.900e-01,-2.000e-01,676.0,,,49.23,41.04,-13.46,19.70,1,q1_q17_dr25_tce,6003.00,161.00,-179.00,4.507,0.048,-0.192,0.9320,0.2650,-0.0880,285.222560,45.708740,13.874
7045605,K07808.01,,FALSE POSITIVE,FALSE POSITIVE,0.1690,1,0,0,0,361.526458000,8.1570000e-03,-8.1570000e-03,339.3304000,1.340000e-02,-1.340000e-02,0.9710,0.0100,-0.6740,6.94700,0.63300,-0.63300,5.2510e+02,4.650e+01,-4.650e+01,5.70,1.710e+00,-1.400e+00,410.0,,,6.67,6.11,-3.49,14.00,2,q1_q17_dr25_tce,7196.00,230.00,-316.00,4.064,0.170,-0.170,1.9230,0.5760,-0.4710,295.230290,42.516079,13.151
8738775,K03432.01,Kepler-1498 b,CONFIRMED,CANDIDATE,0.9960,0,0,0,0,48.050687800,9.9680000e-04,-9.9680000e-04,140.5140000,1.700000e-02,-1.700000e-02,0.1860,0.2670,-0.1860,7.99900,0.45000,-0.45000,2.7450e+02,2.140e+01,-2.140e+01,2.36,4.200e-01,-7.800e-01,564.0,,,23.90,11.75,-13.74,15.10,1,q1_q17_dr25_tce,5332.00,95.00,-63.00,4.083,0.338,-0.113,1.4530,0.2600,-0.4830,284.778110,44.916779,15.033
7093401,K03433.01,,CANDIDATE,CANDIDATE,0.9990,0,0,0,0,34.084293510,5.8230000e-05,-5.8230000e-05,152.0676600,1.510000e-03,-1.510000e-03,1.2800,32.0100,-1.0950,1.35210,0.07770,-0.07770,3.7460e+03,1.570e+02,-1.570e+02,36.05,1.079e+01,-4.960e+00,506.0,,,15.46,14.28,-5.29,28.70,1,q1_q17_dr25_tce,5252.00,174.00,-158.00,4.428,0.143,-0.287,0.9220,0.2760,-0.1270,282.346130,42.608910,15.417
7877818,K03816.01,,FALSE POSITIVE,FALSE POSITIVE,0.0000,1,0,1,1,9.449426280,2.0840000e-05,-2.0840000e-05,132.4517400,1.770000e-03,-1.770000e-03,1.2170,10.0700,-0.1560,6.30640,0.09100,-0.09100,1.2119e+03,1.720e+01,-1.720e+01,75.22,2.779e+01,-5.159e+01,1192.0,,,476.13,540.49,-433.99,81.10,2,q1_q17_dr25_tce,5092.00,168.00,-137.00,3.689,0.848,-0.283,2.6640,0.9840,-1.8270,286.286290,43.615978,13.819
5636642,K03817.01,,FALSE POSITIVE,FALSE POSITIVE,0.0000,0,1,0,0,0.933489066,2.5100000e-07,-2.5100000e-07,132.1018340,3.020000e-04,-3.020000e-04,1.2430,0.4380,-0.1610,1.41864,0.00660,-0.00660,1.4259e+04,4.730e+01,-4.730e+01,48.01,1.334e+01,-1.089e+01,1979.0,,,3648.49,3051.69,-1740.55,374.50,1,q1_q17_dr25_tce,5758.00,172.00,-189.00,4.307,0.200,-0.200,1.0840,0.3010,-0.2460,296.330840,40.896259,16.428
6515722,K03818.01,,FALSE POSITIVE,FALSE POSITIVE,0.0000,1,0,0,0,1.908525084,8.0620000e-06,-8.0620000e-06,131.7757100,3.470000e-03,-3.470000e-03,0.0150,0.4410,-0.0150,4.16900,0.10200,-0.10200,2.1890e+02,9.300e+00,-9.300e+00,3.74,1.220e+00,-1.220e+00,3191.0,,,24558.81,24367.12,-15389.65,26.90,3,q1_q17_dr25_tce,9174.00,286.00,-430.00,4.013,0.215,-0.176,2.4710,0.8090,-0.8090,289.739170,41.965271,11.721
6679504,K07788.01,,FALSE POSITIVE,FALSE POSITIVE,0.0200,1,0,0,0,0.798467681,2.2470000e-06,-2.2470000e-06,132.0462700,1.720000e-03,-1.720000e-03,0.3310,1.6030,-0.3310,0.86000,0.17900,-0.17900,1.2070e+02,1.680e+01,-1.680e+01,0.82,1.200e-01,-8.000e-02,1718.0,,,2064.49,998.62,-594.81,9.40,1,q1_q17_dr25_tce,5575.00,183.00,-166.00,4.557,0.081,-0.090,0.7330,0.1040,-0.0760,288.009830,42.149960,15.890
5560831,K03819.01,,FALSE POSITIVE,FALSE POSITIVE,0.0000,1,0,0,0,0.867721348,3.5700000e-07,-3.5700000e-07,132.1616460,4.340000e-04,-4.340000e-04,0.9870,0.0150,-0.0150,4.87830,0.02250,-0.02250,9.7653e+04,2.200e+02,-2.200e+02,67.00,2.017e+01,-2.016e+01,2089.0,,,4487.70,4271.74,-2547.21,587.90,1,q1_q17_dr25_tce,5510.00,200.00,-166.00,4.186,0.294,-0.196,1.2760,0.3840,-0.3840,298.494570,40.731586,16.090
5305404,K03820.01,,FALSE POSITIVE,FALSE POSITIVE,0.0000,1,0,1,1,161.252567000,1.3330000e-03,-1.3330000e-03,189.1023800,6.210000e-03,-6.210000e-03,0.8690,0.0100,-0.0150,23.62600,0.35700,-0.35700,2.9115e+03,3.620e+01,-3.620e+01,5.04,1.380e+00,-3.600e-01,318.0,,,2.41,1.94,-0.58,94.70,1,q1_q17_dr25_tce,5985.00,161.00,-179.00,4.574,0.033,-0.187,0.8110,0.2220,-0.0590,298.931430,40.404911,14.720
3728432,K03893.01,Kepler-1526 b,CONFIRMED,CANDIDATE,1.0000,0,0,0,0,3.908634570,7.2480000e-06,-7.2480000e-06,133.9297100,1.470000e-03,-1.470000e-03,0.1110,0.3350,-0.1110,1.77040,0.05080,-0.05080,8.6720e+02,2.770e+01,-2.770e+01,1.86,1.300e-01,-1.800e-01,787.0,,,91.01,24.90,-25.15,36.60,1,q1_q17_dr25_tce,4518.00,121.00,-134.00,4.613,0.052,-0.024,0.6530,0.0460,-0.0630,285.119690,38.866421,15.646
6696580,K02092.03,Kepler-359 d,CONFIRMED,CANDIDATE,0.7830,0,0,0,0,77.086191000,1.3520000e-03,-1.3520000e-03,202.7483000,1.570000e-02,-1.570000e-02,1.2270,69.9000,-2.4090,4.77000,0.47300,-0.47300,9.4280e+02,8.690e+01,-8.690e+01,29.77,8.880e+00,-3.800e+00,464.0,,,11.00,9.99,-3.95,12.90,3,q1_q17_dr25_tce,6228.00,196.00,-261.00,4.441,0.065,-0.195,1.0490,0.3130,-0.1340,293.293640,42.196350,15.886
5473535,K03894.01,,FALSE POSITIVE,FALSE POSITIVE,0.0000,0,1,1,0,1.673662758,3.7960000e-06,-3.7960000e-06,131.6716600,1.900000e-03,-1.900000e-03,1.1860,6.5000,-0.1390,2.31350,0.09840,-0.09840,3.1640e+02,1.140e+01,-1.140e+01,23.42,7.390e+00,-2.470e+00,1729.0,,,2106.67,1901.35,-641.32,33.40,1,q1_q17_dr25_tce,6444.00,155.00,-222.00,4.433,0.065,-0.195,1.0530,0.3320,-0.1110,298.145020,40.698090,14.576
12106934,K03895.01,,FALSE POSITIVE,FALSE POSITIVE,0.0000,0,1,1,0,5.937177240,3.6070000e-05,-3.6070000e-05,135.9568200,6.720000e-03,-6.720000e-03,6.2820,2.8240,-4.2450,5.35500,0.10600,-0.10600,2.5450e+04,5.040e+02,-5.040e+02,594.32,0.000e+00,0.000e+00,1005.0,,,241.60,0.00,0.00,56.30,1,q1_q17_dr25_tce,5780.00,,,4.438,,,1.0000,,,289.172670,50.630558,18.358
6222898,K03896.01,,FALSE POSITIVE,FALSE POSITIVE,0.0000,0,1,1,0,3.890430620,5.6620000e-05,-5.6620000e-05,132.7665000,1.340000e-02,-1.340000e-02,0.0250,0.4420,-0.0250,6.59600,0.43000,-0.43000,1.9540e+02,1.610e+01,-1.610e+01,1.24,3.200e-01,-1.700e-01,1106.0,,,354.22,276.36,-121.36,14.40,1,q1_q17_dr25_tce,5646.00,169.00,-169.00,4.449,0.112,-0.168,0.8960,0.2310,-0.1240,296.716890,41.504978,15.204
3955866,K03897.01,,FALSE POSITIVE,FALSE POSITIVE,,0,0,1,0,16.828254200,2.8710000e-04,-2.8710000e-04,296.2330000,1.100000e-02,-1.100000e-02,0.7071,0.0434,-0.4711,39.09800,0.46200,-0.46200,6.5530e+02,1.260e+01,-1.260e+01,2.66,7.600e-01,-2.200e-01,668.0,,,46.95,38.99,-12.28,78.30,,,5575.00,141.00,-180.00,4.496,0.039,-0.229,0.9720,0.2790,-0.0800,291.929630,39.067108,14.889
11200767,K03667.01,,FALSE POSITIVE,FALSE POSITIVE,0.0000,0,1,1,1,2.489549075,1.0450000e-06,-1.0450000e-06,132.0450370,3.530000e-04,-3.530000e-04,1.3300,0.3550,-0.2740,2.43450,0.02040,-0.02040,2.8297e+03,2.270e+01,-2.270e+01,59.57,1.589e+01,-1.767e+01,1708.0,,,2007.56,1580.52,-1140.13,160.60,1,q1_q17_dr25_tce,6184.00,169.00,-206.00,4.138,0.293,-0.158,1.4060,0.3750,-0.4170,296.474700,48.853710,13.368
9892816,K01955.03,Kepler-342 e,CONFIRMED,CANDIDATE,1.0000,0,0,0,0,1.644221032,5.9490000e-06,-5.9490000e-06,131.7524100,2.900000e-03,-2.900000e-03,0.9420,0.0140,-0.6480,2.91220,0.07780,-0.07780,4.7800e+01,2.200e+00,-2.200e+00,1.18,1.900e-01,-1.600e-01,1897.0,,,3071.95,1416.69,-959.78,24.10,3,q1_q17_dr25_tce,6297.00,113.00,-126.00,4.260,0.090,-0.110,1.3690,0.2280,-0.1870,292.678070,46.726711,13.147
8589731,K03668.01,,FALSE POSITIVE,FALSE POSITIVE,0.0000,0,1,1,1,4.469731089,2.3240000e-06,-2.3240000e-06,133.0116830,4.170000e-04,-4.170000e-04,1.2680,0.0900,-0.0790,5.25700,0.02180,-0.02180,3.1596e+03,1.350e+01,-1.350e+01,84.63,2.008e+01,-4.684e+01,1614.0,,,1604.34,1160.40,-1317.77,286.70,1,q1_q17_dr25_tce,5758.00,173.00,-156.00,3.808,0.568,-0.142,2.3180,0.5500,-1.2830,300.782560,44.655010,13.246
4356766,K03669.01,,FALSE POSITIVE,FALSE POSITIVE,0.0070,0,1,0,0,1.731803197,1.5220000e-06,-1.5220000e-06,132.8875740,8.050000e-04,-8.050000e-04,0.6300,0.0110,-0.0160,5.68030,0.04420,-0.04420,4.4612e+04,2.520e+02,-2.520e+02,22.87,6.420e+00,-2.760e+00,1526.0,,,1285.11,1099.33,-422.08,221.10,1,q1_q17_dr25_tce,5761.00,180.00,-200.00,4.426,0.084,-0.196,1.0290,0.2890,-0.1240,289.254270,39.409729,15.449
2167890,K03670.01,,FALSE POSITIVE,FALSE POSITIVE,0.0000,0,1,1,0,2.648300470,2.6820000e-06,-2.6820000e-06,133.0348790,9.320000e-04,-9.320000e-04,0.8730,0.2320,-0.0830,2.63950,0.08340,-0.08340,1.2668e+04,2.700e+02,-2.700e+02,126.54,2.078e+01,-3.861e+01,3042.0,,,20225.84,8341.11,-11135.88,79.80,1,q1_q17_dr25_tce,4839.00,50.00,-86.00,2.761,0.188,-0.101,9.2780,1.5240,-2.8310,293.093630,37.514511,12.858
5384079,K02011.02,Kepler-348 c,CONFIRMED,CANDIDATE,0.9470,0,0,0,0,17.265365900,1.9650000e-04,-1.9650000e-04,135.3549000,8.430000e-03,-8.430000e-03,0.0070,0.4520,-0.0070,5.02000,0.23400,-0.23400,6.7900e+01,5.500e+00,-5.500e+00,1.16,2.200e-01,-1.500e-01,888.0,,,146.92,76.70,-44.43,13.90,2,q1_q17_dr25_tce,6388.00,115.00,-140.00,4.244,0.088,-0.121,1.4020,0.2670,-0.1780,297.255040,40.548370,12.556
4935914,K03743.01,,FALSE POSITIVE,FALSE POSITIVE,0.0000,0,1,0,0,3.486318703,7.4200000e-06,-7.4200000e-06,134.8732900,1.380000e-03,-1.380000e-03,1.1380,20.4800,-0.0170,2.79040,0.02730,-0.02730,6.0135e+04,3.950e+02,-3.950e+02,54.53,0.000e+00,0.000e+00,1201.0,,,491.10,0.00,0.00,190.70,1,q1_q17_dr25_tce,5780.00,,,4.438,,,1.0000,,,295.051910,40.012619,17.914
11303811,K03744.01,,FALSE POSITIVE,FALSE POSITIVE,0.0000,1,0,0,0,1.705780649,3.6640000e-06,-3.6640000e-06,133.1566200,1.850000e-03,-1.850000e-03,1.2310,33.5200,-3.4490,1.62710,0.08570,-0.08570,1.5498e+04,6.240e+02,-6.240e+02,25.95,1.930e+00,-1.750e+00,1101.0,,,348.32,118.54,-85.34,31.80,1,q1_q17_dr25_tce,4970.00,189.00,-172.00,4.665,0.054,-0.036,0.5910,0.0440,-0.0400,295.061520,49.046558,15.770
2437783,K03745.01,,FALSE POSITIVE,FALSE POSITIVE,0.0000,0,1,1,0,7.453066830,3.9240000e-05,-3.9240000e-05,131.7643400,3.170000e-03,-3.170000e-03,10.3370,65.9100,-5.7300,4.76170,0.05360,-0.05360,4.6552e+04,6.360e+02,-6.360e+02,1044.28,0.000e+00,0.000e+00,932.0,,,178.53,0.00,0.00,84.30,1,q1_q17_dr25_tce,5780.00,,,4.438,,,1.0000,,,290.251980,37.763203,17.300
12062660,K03746.01,,FALSE POSITIVE,FALSE POSITIVE,0.0000,0,1,0,0,2.929299629,2.9990000e-06,-2.9990000e-06,133.7172100,1.120000e-03,-1.120000e-03,1.0250,0.0990,-0.0780,7.10200,0.02270,-0.02270,8.3918e+04,2.500e+02,-2.500e+02,51.67,0.000e+00,0.000e+00,1272.0,,,618.11,0.00,0.00,374.60,1,q1_q17_dr25_tce,5780.00,,,4.438,,,1.0000,,,292.070890,50.546799,17.382
9777087,K03747.01,,FALSE POSITIVE,FALSE POSITIVE,0.0000,1,0,1,1,5.508113520,3.4010000e-05,-3.4010000e-05,134.3260300,1.450000e-03,-1.450000e-03,1.2150,29.7900,-0.3370,2.95160,0.03770,-0.03770,4.0380e+04,4.670e+02,-4.670e+02,34.03,4.090e+00,-1.850e+00,778.0,,,86.57,38.13,-19.48,100.50,1,q1_q17_dr25_tce,5188.00,182.00,-182.00,4.687,0.025,-0.075,0.6240,0.0750,-0.0340,294.470000,46.589581,17.065
5956776,K03821.01,,FALSE POSITIVE,FALSE POSITIVE,0.0000,1,0,0,0,0.569115097,1.7100000e-07,-1.7100000e-07,132.0208410,3.150000e-04,-3.150000e-04,0.4440,0.2690,-0.3980,3.50280,0.01540,-0.01540,5.8560e+05,2.542e+03,-2.542e+03,156.15,4.762e+01,-3.462e+01,3357.0,,,29827.37,27646.81,-14817.70,229.60,1,q1_q17_dr25_tce,7174.00,225.00,-325.00,4.130,0.170,-0.187,1.7050,0.5200,-0.3780,290.648280,41.234070,16.747
8883727,K03822.01,,FALSE POSITIVE,FALSE POSITIVE,0.0000,0,1,1,0,2.529073751,2.1540000e-06,-2.1540000e-06,133.3909890,7.130000e-04,-7.130000e-04,1.2630,13.3400,-0.1360,1.88270,0.03520,-0.03520,1.5729e+03,2.570e+01,-2.570e+01,25.80,4.950e+00,-2.290e+00,1137.0,,,395.83,236.20,-100.90,73.40,1,q1_q17_dr25_tce,5465.00,162.00,-146.00,4.598,0.032,-0.128,0.7660,0.1470,-0.0680,291.137480,45.110920,15.573
4820550,K03823.01,,CANDIDATE,CANDIDATE,1.0000,0,0,0,0,202.116817300,5.4420000e-04,-5.4420000e-04,292.0506400,1.850000e-03,-1.850000e-03,0.9060,0.0100,-0.0280,4.68300,0.15400,-0.15400,2.7012e+03,5.820e+01,-5.820e+01,5.80,7.200e-01,-3.400e-01,286.0,,,1.59,0.53,-0.26,56.30,1,q1_q17_dr25_tce,5536.00,74.00,-83.00,4.498,0.038,-0.113,0.9170,0.1150,-0.0530,286.771450,39.983822,13.922
6516874,K03824.01,,FALSE POSITIVE,FALSE POSITIVE,0.0000,1,0,0,0,0.916326699,3.8100000e-07,-3.8100000e-07,131.8090500,3.730000e-04,-3.730000e-04,0.9880,0.0700,-0.0470,3.14270,0.01970,-0.01970,9.6384e+04,4.610e+02,-4.610e+02,50.70,1.565e+01,-5.220e+00,1917.0,,,3196.67,2995.06,-996.66,251.60,1,q1_q17_dr25_tce,6046.00,189.00,-232.00,4.486,0.052,-0.208,0.9720,0.3000,-0.1000,290.096950,41.970680,15.896
11709124,K00435.03,Kepler-154 b,CONFIRMED,CANDIDATE,0.8840,0,0,0,0,33.040550900,1.2200000e-04,-1.2200000e-04,161.2214600,3.040000e-03,-3.040000e-03,0.4310,0.0080,-0.4310,3.36130,0.08850,-0.08850,5.7740e+02,2.200e+01,-2.200e+01,2.36,3.200e-01,-2.300e-01,561.0,,,23.40,9.14,-5.68,27.50,5,q1_q17_dr25_tce,5688.00,113.00,-101.00,4.415,0.100,-0.100,0.9710,0.1300,-0.0950,289.780520,49.896530,14.534
9161118,K03898.01,,FALSE POSITIVE,FALSE POSITIVE,0.0000,0,1,1,0,1.306723495,1.0430000e-06,-1.0430000e-06,132.5357600,7.540000e-04,-7.540000e-04,1.2290,0.1110,-0.0720,6.60600,0.03490,-0.03490,1.2457e+04,5.070e+01,-5.070e+01,27.42,2.210e+00,-2.460e+00,1170.0,,,443.02,150.79,-124.81,311.70,1,q1_q17_dr25_tce,4651.00,163.00,-163.00,4.612,0.052,-0.032,0.6570,0.0530,-0.0590,294.320370,45.501282,15.984
3556229,K03899.01,,FALSE POSITIVE,FALSE POSITIVE,0.0000,0,1,0,0,0.796720200,2.9900000e-07,-2.9900000e-07,132.2882910,4.410000e-04,-4.410000e-04,0.8390,0.0210,-0.0180,4.25304,0.00976,-0.00976,1.6772e+05,2.600e+02,-2.600e+02,56.89,0.000e+00,0.000e+00,1964.0,,,3497.40,0.00,0.00,716.60,1,q1_q17_dr25_tce,5780.00,,,4.438,,,1.0000,,,294.351960,38.604702,17.656
11911580,K03900.01,,FALSE POSITIVE,FALSE POSITIVE,0.0000,0,1,1,1,359.102042000,8.1570000e-03,-8.1570000e-03,393.8542000,1.300000e-02,-1.300000e-02,1.2010,70.3400,-0.2230,16.94900,0.82200,-0.82200,1.1029e+03,5.030e+01,-5.030e+01,28.76,9.080e+00,-3.040e+00,290.0,,,1.67,1.50,-0.49,26.50,1,q1_q17_dr25_tce,6355.00,153.00,-192.00,4.410,0.054,-0.202,1.1080,0.3500,-0.1170,290.154570,50.259689,13.906
9480535,K03901.01,Kepler-1527 b,CONFIRMED,CANDIDATE,0.9980,0,0,0,0,160.130899000,1.7200000e-03,-1.7200000e-03,203.4742400,6.370000e-03,-6.370000e-03,0.7910,0.0180,-0.5650,13.77500,0.31500,-0.31500,1.1830e+03,4.160e+01,-4.160e+01,6.67,1.190e+00,-1.470e+00,450.0,,,9.68,4.51,-4.10,32.40,1,q1_q17_dr25_tce,6092.00,79.00,-85.00,4.056,0.182,-0.112,1.7590,0.3160,-0.3860,297.414430,46.060822,15.130
10583225,K03902.01,,FALSE POSITIVE,FALSE POSITIVE,0.0000,0,1,1,1,2.696345750,1.0990000e-05,-1.0990000e-05,132.9969000,3.420000e-03,-3.420000e-03,0.5400,0.0070,-0.4860,3.78500,0.11500,-0.11500,1.8520e+02,6.200e+00,-6.200e+00,1.46,4.500e-01,-2.600e-01,1287.0,,,650.06,596.25,-256.52,35.40,1,q1_q17_dr25_tce,5418.00,164.00,-147.00,4.335,0.205,-0.225,1.0510,0.3200,-0.1870,283.789580,47.806431,14.544
5215251,K03903.01,,FALSE POSITIVE,FALSE POSITIVE,0.0000,0,1,1,0,2.553924603,7.8090000e-06,-7.8090000e-06,131.9476900,2.870000e-03,-2.870000e-03,1.2580,0.4010,-0.1370,9.83500,0.13300,-0.13300,1.6801e+03,1.980e+01,-1.980e+01,32.67,8.780e+00,-3.740e+00,1352.0,,,789.69,646.83,-259.60,100.50,1,q1_q17_dr25_tce,5993.00,186.00,-228.00,4.489,0.048,-0.192,0.9860,0.2650,-0.1130,298.458370,40.391930,15.755
10383696,K03671.01,,FALSE POSITIVE,FALSE POSITIVE,0.0000,0,1,0,0,8.487871809,3.9260000e-06,-3.9260000e-06,134.4952780,5.170000e-04,-5.170000e-04,0.9410,0.0370,-0.0320,4.19829,0.00965,-0.00965,1.1881e+05,3.130e+02,-3.130e+02,46.24,1.282e+01,-3.410e+00,798.0,,,96.00,82.28,-23.96,483.90,1,q1_q17_dr25_tce,5553.00,183.00,-183.00,4.558,0.032,-0.189,0.8550,0.2370,-0.0630,280.885800,47.565632,16.947
9777090,K03672.01,,FALSE POSITIVE,FALSE POSITIVE,0.0000,0,1,0,0,5.508173210,3.4310000e-05,-3.4310000e-05,134.3236700,2.800000e-03,-2.800000e-03,0.7390,0.0480,-0.0500,3.68450,0.01820,-0.01820,2.2685e+05,1.041e+03,-1.041e+03,39.18,4.990e+00,-2.860e+00,768.0,,,82.55,38.31,-21.30,268.70,1,q1_q17_dr25_tce,5051.00,182.00,-182.00,4.663,0.030,-0.070,0.6440,0.0820,-0.0470,294.471560,46.589230,17.779
11455484,K03673.01,,FALSE POSITIVE,FALSE POSITIVE,0.0000,0,1,0,0,6.142812722,5.7870000e-06,-5.7870000e-06,135.1608500,1.050000e-03,-1.050000e-03,0.4770,0.0090,-0.0150,6.07510,0.02540,-0.02540,9.6593e+04,3.280e+02,-3.280e+02,31.90,0.000e+00,0.000e+00,994.0,,,230.71,0.00,0.00,316.10,1,q1_q17_dr25_tce,5780.00,,,4.438,,,1.0000,,,292.028930,49.387688,16.152
2446623,K03674.01,,FALSE POSITIVE,FALSE POSITIVE,0.0000,0,1,0,0,175.065860910,6.7920000e-05,-6.7920000e-05,179.0437870,3.250000e-04,-3.250000e-04,1.1490,0.1330,-0.0970,4.51810,0.01660,-0.01660,4.5134e+04,1.610e+02,-1.610e+02,40.63,1.171e+01,-2.930e+00,312.0,,,2.24,1.94,-0.55,320.60,1,q1_q17_dr25_tce,6021.00,179.00,-197.00,4.570,0.036,-0.204,0.8190,0.2360,-0.0590,292.165280,37.794048,15.620
9596089,K03675.01,,FALSE POSITIVE,FALSE POSITIVE,0.0000,0,1,0,0,20.839214800,1.3020000e-04,-1.3020000e-04,133.4978100,5.130000e-03,-5.130000e-03,0.8940,0.9520,-0.2850,2.33210,0.03430,-0.03430,1.7751e+05,1.232e+03,-1.232e+03,51.90,9.210e+00,-6.710e+00,584.0,,,27.45,16.77,-9.39,197.60,1,q1_q17_dr25_tce,5378.00,206.00,-187.00,4.488,0.120,-0.132,0.8120,0.1440,-0.1050,294.962250,46.225609,16.583
5738506,K03676.01,,FALSE POSITIVE,FALSE POSITIVE,0.0000,1,0,0,0,9.501580450,1.0190000e-05,-1.0190000e-05,131.9749200,1.180000e-03,-1.180000e-03,0.4440,0.0320,-0.0280,5.07010,0.02500,-0.02500,4.4340e+05,2.047e+03,-2.047e+03,73.07,0.000e+00,0.000e+00,860.0,,,128.99,0.00,0.00,314.90,2,q1_q17_dr25_tce,5780.00,,,4.438,,,1.0000,,,299.681240,40.967922,18.347
9777087,K03747.02,,FALSE POSITIVE,FALSE POSITIVE,,0,0,0,1,19.226055000,1.6700000e-03,-1.6700000e-03,132.6309000,1.920000e-02,-1.920000e-02,0.2579,0.1980,-0.2579,2.94900,0.31000,-0.31000,3.2660e+03,3.840e+02,-3.840e+02,3.52,5.100e-01,-2.000e-01,513.0,,,16.32,8.37,-3.62,10.10,3,q1_q17_dr24_tce,5193.00,189.00,-172.00,4.689,0.025,-0.093,0.6210,0.0900,-0.0350,294.470000,46.589581,17.065
4247807,K03748.01,,FALSE POSITIVE,FALSE POSITIVE,0.0000,0,1,1,1,2.050435466,1.2980000e-06,-1.2980000e-06,133.2887760,5.600000e-04,-5.600000e-04,1.2750,0.1960,-0.1090,8.01220,0.02270,-0.02270,7.7653e+03,2.070e+01,-2.070e+01,34.84,6.500e+00,-4.350e+00,1278.0,,,629.98,400.07,-211.12,445.80,1,q1_q17_dr25_tce,5440.00,207.00,-189.00,4.496,0.092,-0.127,0.8250,0.1540,-0.1030,287.168490,39.379581,14.808
11547869,K03749.01,,CANDIDATE,CANDIDATE,0.0000,0,0,0,0,10.727255360,4.8880000e-05,-4.8880000e-05,132.9023900,3.300000e-03,-3.300000e-03,1.0560,17.1100,-0.0420,1.75410,0.02130,-0.02130,5.6197e+04,4.320e+02,-4.320e+02,12.85,3.010e+00,-2.690e+00,307.0,,,2.10,1.36,-0.90,160.50,1,q1_q17_dr25_tce,3324.00,66.00,-73.00,5.006,0.075,-0.083,0.2680,0.0630,-0.0560,285.007720,49.503979,16.415
7700590,K03750.01,,FALSE POSITIVE,FALSE POSITIVE,0.0000,0,1,1,1,1.507101452,1.0850000e-06,-1.0850000e-06,132.0924560,6.830000e-04,-6.830000e-04,1.2460,0.1270,-0.0960,5.20050,0.02630,-0.02630,1.5847e+04,7.050e+01,-7.050e+01,39.32,9.920e+00,-6.110e+00,1573.0,,,1453.29,1143.25,-547.01,273.50,1,q1_q17_dr25_tce,5884.00,195.00,-195.00,4.453,0.130,-0.174,0.8760,0.2210,-0.1360,297.262330,43.304340,14.848
9053086,K03751.01,,FALSE POSITIVE,FALSE POSITIVE,0.0000,0,1,0,0,1.274841686,8.4600000e-07,-8.4600000e-07,131.6233180,7.420000e-04,-7.420000e-04,1.1280,0.0420,-0.0350,3.59030,0.02000,-0.02000,5.0253e+04,1.870e+02,-1.870e+02,63.68,1.968e+01,-1.312e+01,2025.0,,,3957.46,3727.26,-1828.29,353.00,1,q1_q17_dr25_tce,6211.00,197.00,-241.00,4.247,0.185,-0.185,1.2810,0.3960,-0.2640,300.721650,45.306702,14.034
3128552,K02055.02,Kepler-1073 c,CONFIRMED,CANDIDATE,0.9860,0,0,0,0,4.025824340,1.2710000e-05,-1.2710000e-05,135.4250800,2.830000e-03,-2.830000e-03,0.0170,0.4290,-0.0170,2.80590,0.08260,-0.08260,2.6530e+02,1.180e+01,-1.180e+01,1.79,2.700e-01,-3.000e-01,1169.0,,,440.08,178.90,-150.56,23.90,2,q1_q17_dr25_tce,5509.00,82.00,-74.00,4.308,0.156,-0.104,1.1160,0.1690,-0.1860,294.152710,38.233040,14.523
5467113,K03825.01,,FALSE POSITIVE,FALSE POSITIVE,0.0000,0,1,0,0,2.845746618,2.0540000e-06,-2.0540000e-06,134.2769870,7.620000e-04,-7.620000e-04,0.1260,0.0170,-0.0210,13.07190,0.02830,-0.02830,5.5774e+05,1.254e+03,-1.254e+03,135.99,3.468e+01,-6.440e+01,1667.0,,,1822.75,1446.27,-1375.42,829.10,1,q1_q17_dr25_tce,5641.00,186.00,-169.00,3.948,0.495,-0.165,1.7760,0.4530,-0.8410,296.675320,40.650009,15.833
8240123,K03826.01,,FALSE POSITIVE,FALSE POSITIVE,0.0000,0,1,1,1,2.301207050,1.1860000e-05,-1.1860000e-05,132.1874800,5.040000e-03,-5.040000e-03,1.2620,0.1180,-0.0840,25.08000,1.00000,-1.00000,1.6881e+03,1.940e+01,-1.940e+01,28.64,8.350e+00,-2.630e+00,1254.0,,,583.42,525.00,-162.57,132.50,1,q1_q17_dr25_tce,5641.00,186.00,-186.00,4.554,0.035,-0.196,0.8500,0.2480,-0.0780,294.227840,44.134739,15.818
5114623,K03827.01,,FALSE POSITIVE,FALSE POSITIVE,,0,1,0,0,337.377514000,3.7790000e-03,-3.7790000e-03,336.5360400,5.290000e-03,-5.290000e-03,1.2450,0.5484,-0.0504,12.13600,0.29300,-0.29300,6.1100e+03,1.430e+02,-1.430e+02,37.23,1.593e+01,-3.760e+00,271.0,,,1.28,1.65,-0.38,60.00,,,6029.00,171.00,-216.00,4.452,0.056,-0.293,0.9980,0.4270,-0.1010,295.732850,40.260780,15.360
5114623,K03827.02,,FALSE POSITIVE,FALSE POSITIVE,,1,1,0,0,389.280750440,,,310.5901867,,,,,,12.52000,,,,,,,,,,,,,,,,,,,,,,,,,,,295.732850,40.260780,15.360
10031907,K03828.01,,FALSE POSITIVE,FALSE POSITIVE,0.0000,0,1,1,1,8.589657250,2.1850000e-05,-2.1850000e-05,132.0185200,2.070000e-03,-2.070000e-03,1.2490,4.1970,-0.1080,8.97930,0.09870,-0.09870,1.1615e+03,1.250e+01,-1.250e+01,27.86,8.250e+00,-2.180e+00,828.0,,,111.01,96.43,-27.56,107.80,1,q1_q17_dr25_tce,5697.00,154.00,-171.00,4.539,0.037,-0.200,0.8920,0.2640,-0.0700,298.822630,46.939129,14.649
6525946,K02093.02,,CANDIDATE,CANDIDATE,0.9800,0,0,0,0,2.508116000,1.4540000e-05,-1.4540000e-05,133.9849700,5.240000e-03,-5.240000e-03,0.4720,0.0350,-0.4300,2.50400,0.11000,-0.11000,1.8810e+02,1.110e+01,-1.110e+01,12.28,4.640e+00,-1.550e+00,3662.0,,,42618.46,43373.68,-11231.94,18.30,2,q1_q17_dr25_tce,5096.00,77.00,-46.00,2.435,0.117,-0.143,8.7690,3.3190,-1.1060,292.954160,41.934799,15.357
5480736,K03904.01,,FALSE POSITIVE,FALSE POSITIVE,0.0000,0,1,1,0,8.567512640,7.4130000e-05,-7.4130000e-05,136.0610400,7.720000e-03,-7.720000e-03,1.1820,34.2400,-0.9010,5.44900,0.36600,-0.36600,3.4790e+02,2.320e+01,-2.320e+01,23.05,8.010e+00,-2.670e+00,972.0,,,210.83,221.93,-69.74,17.90,1,q1_q17_dr25_tce,6212.00,194.00,-237.00,4.420,0.070,-0.210,1.0540,0.3660,-0.1220,299.522370,40.611252,14.943
8487748,K03905.01,,FALSE POSITIVE,FALSE POSITIVE,0.0000,0,1,0,1,1.061934313,1.5110000e-06,-1.5110000e-06,131.7259600,1.190000e-03,-1.190000e-03,1.2180,0.9260,-0.0640,3.19400,0.06010,-0.06010,6.0700e+02,1.040e+01,-1.040e+01,15.14,1.180e+00,-1.580e+00,1104.0,,,352.77,102.98,-105.26,70.00,1,q1_q17_dr25_tce,4304.00,116.00,-142.00,4.675,0.065,-0.025,0.5660,0.0440,-0.0590,288.909120,44.591831,15.454
9892856,K03906.01,,FALSE POSITIVE,FALSE POSITIVE,0.0000,0,1,1,0,2.406574511,3.8090000e-06,-3.8090000e-06,133.7366700,1.400000e-03,-1.400000e-03,1.1870,2.5860,-0.0990,3.43820,0.06780,-0.06780,7.3800e+02,1.370e+01,-1.370e+01,26.22,8.290e+00,-2.960e+00,1481.0,,,1140.20,1060.55,-381.38,63.90,1,q1_q17_dr25_tce,6167.00,169.00,-253.00,4.428,0.052,-0.208,1.1070,0.3500,-0.1250,292.693420,46.793892,15.420
7137213,K03907.01,,FALSE POSITIVE,FALSE POSITIVE,1.0000,0,1,0,0,28.643388390,6.2140000e-05,-6.2140000e-05,141.2293300,1.790000e-03,-1.790000e-03,0.9680,0.0120,-0.6720,1.22460,0.08120,-0.08120,6.2430e+02,3.730e+01,-3.730e+01,5.82,1.150e+00,-1.740e+00,871.0,,,136.32,78.88,-76.84,23.10,1,q1_q17_dr25_tce,6507.00,155.00,-194.00,4.002,0.253,-0.117,1.7670,0.3510,-0.5270,296.997800,42.653320,12.642
6795089,K07792.01,,FALSE POSITIVE,FALSE POSITIVE,0.1330,1,0,0,0,96.231257000,1.1590000e-03,-1.1590000e-03,217.0003300,7.500000e-03,-7.500000e-03,0.4420,0.0180,-0.4420,2.48800,0.39900,-0.39900,9.3800e+02,1.410e+02,-1.410e+02,29.26,2.370e+00,-5.530e+00,965.0,,,204.80,54.23,-83.00,8.80,1,q1_q17_dr25_tce,4895.00,98.00,-122.00,2.674,0.030,-0.030,9.5290,0.7710,-1.8000,296.444310,42.287350,13.648
3340313,K03677.01,,FALSE POSITIVE,FALSE POSITIVE,0.0000,0,1,0,0,30.552870100,1.8280000e-05,-1.8280000e-05,143.3483990,6.720000e-04,-6.720000e-04,1.1340,0.1040,-0.2150,5.33670,0.01400,-0.01400,6.3521e+04,1.480e+02,-1.480e+02,63.57,2.079e+01,-7.420e+00,685.0,,,51.90,50.09,-17.25,510.80,1,q1_q17_dr25_tce,6441.00,179.00,-246.00,4.367,0.072,-0.203,1.1650,0.3810,-0.1360,290.963960,38.469501,16.245
9892816,K01955.04,Kepler-342 c,CONFIRMED,CANDIDATE,0.9930,0,0,0,0,26.234744700,1.2300000e-04,-1.2300000e-04,141.9937900,4.030000e-03,-4.030000e-03,0.9850,0.0320,-0.6930,3.53600,0.25400,-0.25400,1.9650e+02,7.800e+00,-7.800e+00,2.76,4.500e-01,-3.800e-01,754.0,,,76.31,35.19,-23.84,22.00,4,q1_q17_dr25_tce,6297.00,113.00,-126.00,4.260,0.090,-0.110,1.3690,0.2280,-0.1870,292.678070,46.726711,13.147
4150804,K03678.01,Kepler-1513 b,CONFIRMED,CANDIDATE,1.0000,0,0,0,0,160.884519660,8.7940000e-05,-8.7940000e-05,277.5043420,4.040000e-04,-4.040000e-04,0.2840,0.0610,-0.1030,10.87710,0.03690,-0.03690,7.5904e+03,1.760e+01,-1.760e+01,9.09,3.040e+00,-2.020e+00,346.0,,,3.39,3.48,-1.60,526.10,1,q1_q17_dr25_tce,5650.00,186.00,-186.00,4.313,0.225,-0.225,1.0440,0.3490,-0.2320,289.791600,39.285328,12.888
5021174,K03679.01,,FALSE POSITIVE,FALSE POSITIVE,0.0000,0,1,0,0,4.045063460,1.5490000e-06,-1.5490000e-06,132.2322260,4.460000e-04,-4.460000e-04,0.5290,0.0240,-0.0320,3.22222,0.00777,-0.00777,3.6018e+05,9.500e+02,-9.500e+02,67.94,0.000e+00,0.000e+00,1143.0,,,402.77,0.00,0.00,483.90,1,q1_q17_dr25_tce,5780.00,,,4.438,,,1.0000,,,294.587980,40.167068,17.705
9025971,K03680.01,Kepler-1657 b,CONFIRMED,CANDIDATE,0.9990,0,0,0,0,141.241540500,9.4850000e-05,-9.4850000e-05,256.2053470,5.850000e-04,-5.850000e-04,0.1200,0.0680,-0.1200,6.76450,0.02160,-0.02160,1.2990e+04,3.940e+01,-3.940e+01,11.49,1.660e+00,-1.210e+00,352.0,,,3.62,1.48,-0.95,380.90,1,q1_q17_dr25_tce,5705.00,104.00,-115.00,4.397,0.095,-0.105,1.0170,0.1470,-0.1070,293.281560,45.309669,14.524
2581316,K03681.01,Kepler-1514 b,CONFIRMED,CANDIDATE,0.8600,0,0,0,0,217.831842930,8.5070000e-05,-8.5070000e-05,238.8200350,3.040000e-04,-3.040000e-04,0.0040,0.0790,-0.0040,21.30600,0.01320,-0.01320,9.1487e+03,7.800e+00,-7.800e+00,11.17,2.030e+00,-8.100e-01,343.0,,,3.29,1.60,-0.70,1244.40,1,q1_q17_dr25_tce,6259.00,99.00,-136.00,4.385,0.034,-0.128,1.1670,0.2120,-0.0850,292.627470,37.860142,11.690
9973109,K02018.02,,CANDIDATE,CANDIDATE,0.9950,0,0,0,0,16.098829400,2.6940000e-04,-2.6940000e-04,131.8764000,1.330000e-02,-1.330000e-02,0.0170,0.4230,-0.0170,5.68600,0.42400,-0.42400,1.6020e+02,1.630e+01,-1.630e+01,1.14,3.300e-01,-2.000e-01,705.0,,,58.53,50.63,-23.39,10.90,2,q1_q17_dr25_tce,5657.00,169.00,-169.00,4.401,0.167,-0.204,0.9110,0.2620,-0.1610,299.526000,46.899261,14.550
6314185,K03752.01,,FALSE POSITIVE,FALSE POSITIVE,0.0000,0,1,0,1,1.433262145,1.6250000e-06,-1.6250000e-06,132.8223230,9.500000e-04,-9.500000e-04,0.9330,0.0020,-0.0020,5.63160,0.05520,-0.05520,1.8495e+03,1.530e+01,-1.530e+01,5.67,1.540e+00,-1.270e+00,1769.0,,,2319.46,1906.69,-1094.34,159.30,1,q1_q17_dr25_tce,5977.00,179.00,-197.00,4.318,0.190,-0.190,1.0680,0.2910,-0.2380,299.242190,41.623230,14.888
8620561,K03753.01,,FALSE POSITIVE,FALSE POSITIVE,0.0000,0,1,0,0,0.782046543,1.5600000e-07,-1.5600000e-07,131.6742440,2.080000e-04,-2.080000e-04,0.6330,0.0690,-0.1840,1.98740,0.01070,-0.01070,3.4046e+05,1.180e+03,-1.180e+03,43.07,3.350e+00,-3.350e+00,1372.0,,,836.18,264.25,-221.22,534.00,1,q1_q17_dr25_tce,4768.00,151.00,-170.00,4.661,0.056,-0.032,0.5910,0.0460,-0.0460,290.267210,44.711441,16.784
8937019,K03754.01,,FALSE POSITIVE,FALSE POSITIVE,0.0000,0,1,0,0,5.663604992,2.8380000e-06,-2.8380000e-06,133.8921820,5.600000e-04,-5.600000e-04,0.7850,0.3030,-0.0920,1.42830,0.01400,-0.01400,1.6338e+05,1.286e+03,-1.286e+03,54.55,0.000e+00,0.000e+00,1021.0,,,257.36,0.00,0.00,169.40,1,q1_q17_dr25_tce,5780.00,,,4.438,,,1.0000,,,284.790470,45.230106,17.930
9896435,K03755.01,,FALSE POSITIVE,FALSE POSITIVE,0.0000,0,1,0,0,18.076610347,9.2580000e-06,-9.2580000e-06,146.2567040,6.000000e-04,-6.000000e-04,1.0740,0.3860,-0.0850,3.13960,0.01380,-0.01380,6.5280e+04,2.100e+02,-2.100e+02,39.16,2.880e+00,-3.790e+00,533.0,,,19.14,6.22,-5.64,380.60,1,q1_q17_dr25_tce,4848.00,173.00,-173.00,4.550,0.065,-0.040,0.7640,0.0560,-0.0740,294.125760,46.797779,16.636
10352938,K03756.01,,FALSE POSITIVE,FALSE POSITIVE,0.0000,0,1,0,0,6.471732810,2.5880000e-05,-2.5880000e-05,136.3553700,4.480000e-03,-4.480000e-03,0.2670,0.0720,-0.2670,7.19640,0.07700,-0.07700,6.4727e+03,8.000e+01,-8.000e+01,13.68,4.100e+00,-4.090e+00,1338.0,,,757.69,670.48,-439.52,94.50,1,q1_q17_dr25_tce,6318.00,177.00,-243.00,4.079,0.258,-0.172,1.6850,0.5040,-0.5040,296.696990,47.407627,14.350
10676927,K03830.01,,FALSE POSITIVE,FALSE POSITIVE,0.0000,0,1,0,0,1.031100362,1.0760000e-06,-1.0760000e-06,131.8747300,1.180000e-03,-1.180000e-03,0.2930,0.0530,-0.1560,2.97590,0.03990,-0.03990,1.2916e+05,9.600e+02,-9.600e+02,27.35,5.710e+00,-2.440e+00,1584.0,,,1491.65,979.99,-421.24,178.50,1,q1_q17_dr25_tce,5666.00,181.00,-202.00,4.601,0.036,-0.135,0.7520,0.1570,-0.0670,296.149570,47.937832,17.022
5649836,K03831.01,,FALSE POSITIVE,FALSE POSITIVE,0.0000,0,1,0,0,0.597933142,6.3000000e-08,-6.3000000e-08,131.9566900,1.110000e-04,-1.110000e-04,0.6340,0.0080,-0.0090,3.47133,0.00407,-0.00407,2.8438e+05,2.340e+02,-2.340e+02,63.46,0.000e+00,0.000e+00,2161.0,,,5169.99,0.00,0.00,1490.30,1,q1_q17_dr25_tce,5780.00,,,4.438,,,1.0000,,,299.079190,40.828976,16.377
7620660,K03832.01,,FALSE POSITIVE,FALSE POSITIVE,0.0000,0,1,1,0,5.366527240,3.3670000e-05,-3.3670000e-05,134.8639800,5.510000e-03,-5.510000e-03,0.9850,5.9450,-0.0350,8.36700,0.18800,-0.18800,3.1225e+03,6.970e+01,-6.970e+01,7.97,2.360e+00,-7.900e-01,982.0,,,219.72,194.93,-65.46,50.70,1,q1_q17_dr25_tce,5858.00,174.00,-209.00,4.553,0.036,-0.192,0.8490,0.2510,-0.0840,295.560240,43.203178,15.480
3836399,K03834.01,,FALSE POSITIVE,FALSE POSITIVE,0.0000,0,1,1,1,1.540392098,2.0540000e-06,-2.0540000e-06,131.9989000,1.290000e-03,-1.290000e-03,1.1840,1.5890,-0.0440,3.72710,0.06230,-0.06230,1.0220e+03,1.430e+01,-1.430e+01,17.63,1.510e+00,-1.680e+00,1210.0,,,506.98,164.83,-134.57,87.20,1,q1_q17_dr25_tce,4911.00,146.00,-131.00,4.564,0.066,-0.039,0.7240,0.0620,-0.0690,286.935880,38.924469,14.449
2581554,K03835.01,Kepler-1521 b,CONFIRMED,CANDIDATE,0.9950,0,0,0,0,47.148432400,8.1720000e-05,-8.1720000e-05,175.2689000,1.380000e-03,-1.380000e-03,0.6680,0.2280,-0.4490,3.13470,0.06030,-0.06030,1.1138e+03,2.390e+01,-2.390e+01,2.58,1.400e-01,-1.300e-01,391.0,,,5.50,1.11,-0.95,54.50,1,q1_q17_dr25_tce,4975.00,100.00,-100.00,4.579,0.038,-0.031,0.7340,0.0390,-0.0390,292.690280,37.834980,12.860
3128552,K02055.03,Kepler-1073 d,CONFIRMED,CANDIDATE,1.0000,0,0,0,0,2.504752820,1.1440000e-05,-1.1440000e-05,133.6364500,3.730000e-03,-3.730000e-03,0.1300,0.3200,-0.1300,2.37600,0.11100,-0.11100,1.8110e+02,1.060e+01,-1.060e+01,1.48,2.200e-01,-2.500e-01,1369.0,,,828.59,336.84,-283.48,18.90,3,q1_q17_dr25_tce,5509.00,82.00,-74.00,4.308,0.156,-0.104,1.1160,0.1690,-0.1860,294.152710,38.233040,14.523
10363115,K03908.01,Kepler-1929 b,CONFIRMED,CANDIDATE,0.6180,0,0,0,0,59.362794600,3.4990000e-04,-3.4990000e-04,184.1471100,4.770000e-03,-4.770000e-03,0.0010,0.3760,0.0000,13.97200,0.13800,-0.13800,2.3360e+02,5.200e+00,-5.200e+00,2.23,3.500e-01,-4.900e-01,566.0,,,24.33,10.99,-10.50,51.50,1,q1_q17_dr25_tce,5786.00,115.00,-104.00,4.106,0.188,-0.101,1.4710,0.2330,-0.3210,299.583370,47.448078,12.070
5966810,K03909.01,,CANDIDATE,CANDIDATE,0.9700,0,0,0,0,247.891041000,2.5470000e-03,-2.5470000e-03,133.9283800,7.890000e-03,-7.890000e-03,0.0020,0.4190,-0.0020,18.36300,0.26600,-0.26600,9.5660e+02,3.120e+01,-3.120e+01,4.74,8.700e-01,-8.700e-01,367.0,,,4.27,2.03,-1.57,34.60,1,q1_q17_dr25_tce,6121.00,82.00,-82.00,4.163,0.154,-0.126,1.5360,0.2810,-0.2810,293.818300,41.211460,14.948
10491062,K03910.01,,FALSE POSITIVE,FALSE POSITIVE,0.0000,0,0,1,1,2.199076661,7.3030000e-06,-7.3030000e-06,133.0614700,3.170000e-03,-3.170000e-03,1.2200,1.3030,-0.1740,6.11000,0.13500,-0.13500,7.7740e+02,1.630e+01,-1.630e+01,21.72,3.930e+00,-1.810e+00,1179.0,,,457.33,273.92,-123.94,56.20,1,q1_q17_dr25_tce,5310.00,185.00,-185.00,4.565,0.045,-0.105,0.7910,0.1430,-0.0660,298.784150,47.655548,15.339
9761615,K03911.01,Kepler-1528 b,CONFIRMED,CANDIDATE,1.0000,0,0,0,0,1.791109970,5.4780000e-06,-5.4780000e-06,131.9563600,2.430000e-03,-2.430000e-03,0.0280,0.4040,-0.0280,2.09170,0.07340,-0.07340,1.6750e+02,8.000e+00,-8.000e+00,1.29,4.100e-01,-1.400e-01,1549.0,,,1356.76,1266.27,-408.61,24.30,1,q1_q17_dr25_tce,6040.00,163.00,-199.00,4.469,0.054,-0.216,0.9990,0.3180,-0.1060,287.402950,46.573978,14.496
4058881,K03912.01,,FALSE POSITIVE,FALSE POSITIVE,0.0010,0,0,1,0,7.772411440,5.8860000e-05,-5.8860000e-05,132.5812200,6.880000e-03,-6.880000e-03,0.3170,0.1350,-0.3170,5.27200,0.18200,-0.18200,2.8690e+02,1.650e+01,-1.650e+01,1.69,4.900e-01,-1.600e-01,938.0,,,183.58,159.32,-52.36,18.90,1,q1_q17_dr25_tce,6014.00,181.00,-199.00,4.486,0.050,-0.200,0.9930,0.2860,-0.0950,292.020420,39.161560,15.327
6863158,K07793.01,,CANDIDATE,CANDIDATE,0.6020,0,0,0,0,1.994693540,4.9910000e-05,-4.9910000e-05,131.5639000,1.850000e-02,-1.850000e-02,0.6430,0.3300,-0.4220,5.29700,0.55200,-0.55200,7.5100e+01,1.020e+01,-1.020e+01,0.46,2.000e-02,-3.000e-02,758.0,,,78.20,14.19,-14.82,8.90,1,q1_q17_dr25_tce,3799.00,68.00,-68.00,4.738,0.036,-0.021,0.5100,0.0250,-0.0340,291.852050,42.343361,15.846
2581316,K03681.02,Kepler-1514 c,CONFIRMED,CANDIDATE,0.9940,0,0,0,0,10.514211620,5.5360000e-05,-5.5360000e-05,134.5673800,4.650000e-03,-4.650000e-03,0.8770,0.0480,-0.6180,3.87700,0.11800,-0.11800,8.5400e+01,4.500e+00,-4.500e+00,1.25,2.300e-01,-9.000e-02,943.0,,,187.06,91.05,-39.79,21.60,2,q1_q17_dr25_tce,6259.00,99.00,-136.00,4.385,0.034,-0.128,1.1670,0.2120,-0.0850,292.627470,37.860142,11.690
8621353,K03682.01,,FALSE POSITIVE,FALSE POSITIVE,0.0000,0,1,0,0,11.344347453,8.9680000e-06,-8.9680000e-06,138.8119960,8.610000e-04,-8.610000e-04,0.6920,0.0280,-0.0270,5.97380,0.01650,-0.01650,2.5824e+05,7.440e+02,-7.440e+02,62.52,0.000e+00,0.000e+00,810.0,,,101.92,0.00,0.00,437.20,1,q1_q17_dr25_tce,5780.00,,,4.438,,,1.0000,,,290.534760,44.774345,17.953
10795103,K03683.01,Kepler-1515 b,CONFIRMED,CANDIDATE,1.0000,0,0,0,0,214.312043900,1.4270000e-04,-1.4270000e-04,336.3301580,4.270000e-04,-4.270000e-04,0.0160,0.1460,-0.0150,16.29380,0.02510,-0.02510,4.5234e+03,9.600e+00,-9.600e+00,9.17,1.640e+00,-9.300e-01,380.0,,,4.93,2.42,-1.29,562.80,1,q1_q17_dr25_tce,6471.00,116.00,-141.00,4.287,0.063,-0.117,1.3570,0.2420,-0.1380,290.973940,48.178162,12.040
9394601,K03684.01,,FALSE POSITIVE,FALSE POSITIVE,0.0270,0,1,0,0,0.876826336,7.3000000e-08,-7.3000000e-08,132.0647202,7.450000e-05,-7.450000e-05,0.4810,0.0040,-0.0030,3.60970,0.00625,-0.00625,1.3837e+05,1.440e+02,-1.440e+02,37.24,1.172e+01,-3.910e+00,2042.0,,,4095.00,3718.03,-1190.40,1338.10,1,q1_q17_dr25_tce,6344.00,158.00,-190.00,4.481,0.054,-0.216,0.9620,0.3030,-0.1010,287.153140,45.983829,12.290
8494410,K03685.01,,FALSE POSITIVE,FALSE POSITIVE,0.0000,0,1,0,0,208.869097240,6.8640000e-05,-6.8640000e-05,273.6924190,2.330000e-04,-2.330000e-04,1.0560,0.3220,-0.0870,4.57070,0.01530,-0.01530,2.1307e+04,6.010e+01,-6.010e+01,29.95,8.250e+00,-4.430e+00,316.0,,,2.34,1.90,-0.83,413.80,1,q1_q17_dr25_tce,5914.00,160.00,-178.00,4.421,0.101,-0.188,0.9870,0.2720,-0.1460,291.494600,44.523499,14.461
8494410,K03685.02,Kepler-1516 b,CONFIRMED,CANDIDATE,1.0000,0,0,0,0,7.259322600,2.6560000e-05,-2.6560000e-05,131.7108200,2.910000e-03,-2.910000e-03,0.3660,0.0710,-0.3660,6.13940,0.09520,-0.09520,2.4750e+02,9.500e+00,-9.500e+00,1.57,4.300e-01,-2.300e-01,967.0,,,206.88,167.67,-73.96,40.10,2,q1_q17_dr25_tce,5914.00,160.00,-178.00,4.421,0.101,-0.188,0.9870,0.2720,-0.1460,291.494600,44.523499,14.461
6863161,K03757.01,,FALSE POSITIVE,FALSE POSITIVE,0.0000,1,0,0,0,1.986637940,1.2530000e-05,-1.2530000e-05,133.3115230,8.330000e-04,-8.330000e-04,1.1050,0.1040,-0.0870,4.75850,0.03900,-0.03900,6.3156e+04,4.070e+02,-4.070e+02,134.50,4.135e+01,-5.053e+01,3234.0,,,25932.61,24171.72,-17588.61,193.00,1,q1_q17_dr25_tce,9191.00,286.00,-430.00,3.973,0.237,-0.172,2.6190,0.8050,-0.9840,291.853330,42.306690,14.726
7840035,K03758.01,,FALSE POSITIVE,FALSE POSITIVE,0.0000,0,1,0,0,13.542088670,3.1600000e-05,-3.1600000e-05,144.0020600,2.580000e-03,-2.580000e-03,0.9850,57.9900,-0.0030,4.94060,0.04930,-0.04930,2.8869e+04,2.560e+02,-2.560e+02,26.65,6.630e+00,-4.430e+00,727.0,,,66.01,52.75,-25.89,137.60,1,q1_q17_dr25_tce,5496.00,199.00,-182.00,4.405,0.158,-0.193,0.9270,0.2310,-0.1540,297.277890,43.569550,16.900
8543279,K03759.01,,FALSE POSITIVE,FALSE POSITIVE,0.0000,0,1,1,1,7.549303633,3.5440000e-06,-3.5440000e-06,135.0108020,4.250000e-04,-4.250000e-04,1.2530,30.4600,-0.0830,2.36650,0.01910,-0.01910,1.0223e+04,7.020e+01,-7.020e+01,34.45,6.680e+00,-2.870e+00,794.0,,,93.96,58.40,-25.71,177.00,1,q1_q17_dr25_tce,5402.00,177.00,-193.00,4.581,0.032,-0.128,0.8150,0.1580,-0.0680,283.950780,44.669022,15.992
8047283,K03760.01,,FALSE POSITIVE,FALSE POSITIVE,0.0000,0,1,1,0,0.775445390,2.7400000e-07,-2.7400000e-07,132.0729380,3.270000e-04,-3.270000e-04,1.2720,1.8400,-0.1260,1.87640,0.01460,-0.01460,6.7914e+03,4.120e+01,-4.120e+01,35.53,1.125e+01,-3.740e+00,1883.0,,,2974.07,2868.98,-910.38,205.10,1,q1_q17_dr25_tce,5861.00,186.00,-206.00,4.546,0.037,-0.213,0.8650,0.2740,-0.0910,297.556210,43.854988,15.640
8308347,K03761.01,,CANDIDATE,CANDIDATE,0.0000,0,0,0,0,164.950399000,2.9410000e-03,-2.9410000e-03,280.9154000,1.390000e-02,-1.390000e-02,0.7240,0.0240,-0.0560,30.86000,0.77500,-0.77500,2.4493e+04,5.840e+02,-5.840e+02,11.23,1.190e+00,-1.080e+00,252.0,,,0.95,0.40,-0.27,65.70,2,q1_q17_dr25_tce,5001.00,191.00,-174.00,4.603,0.066,-0.048,0.6640,0.0700,-0.0640,294.897490,44.215790,15.473
7090867,K07810.01,,FALSE POSITIVE,FALSE POSITIVE,0.0000,1,0,0,0,308.255238000,9.2720000e-03,-9.2720000e-03,282.4555000,1.610000e-02,-1.610000e-02,0.0180,0.4310,-0.0170,11.95900,0.52800,-0.52800,6.3710e+02,5.300e+01,-5.300e+01,18.98,1.270e+00,-4.070e+00,576.0,,,26.05,5.69,-11.64,13.80,1,q1_q17_dr25_tce,4852.00,83.00,-131.00,2.896,0.030,-0.030,7.7970,0.5230,-1.6720,280.991760,42.610538,13.444
7612691,K03836.01,,FALSE POSITIVE,FALSE POSITIVE,0.0000,1,0,1,0,3.467248090,1.3390000e-05,-1.3390000e-05,133.9026900,3.500000e-03,-3.500000e-03,0.9530,0.0020,-0.0030,11.01000,0.15800,-0.15800,1.3173e+03,1.890e+01,-1.890e+01,2.52,1.200e-01,-1.400e-01,841.0,,,118.15,31.72,-25.48,107.00,1,q1_q17_dr25_tce,4969.00,178.00,-158.00,4.713,0.045,-0.024,0.5430,0.0270,-0.0300,293.409390,43.225201,15.889
9761573,K03837.01,,FALSE POSITIVE,FALSE POSITIVE,0.0000,0,1,0,0,7.441344500,1.6330000e-04,-1.6330000e-04,137.3429000,1.790000e-02,-1.790000e-02,1.2860,47.3600,-0.5180,2.87540,0.05500,-0.05500,2.2340e+03,4.000e+01,-4.000e+01,43.50,1.250e+01,-6.730e+00,1136.0,,,393.59,334.88,-153.26,66.40,1,q1_q17_dr25_tce,6540.00,183.00,-252.00,4.321,0.105,-0.195,1.1830,0.3400,-0.1830,287.371700,46.564838,14.114
8042789,K03838.01,,FALSE POSITIVE,FALSE POSITIVE,0.0000,0,1,1,0,4.618309224,7.5980000e-06,-7.5980000e-06,135.8502300,1.420000e-03,-1.420000e-03,1.2470,10.3600,-0.1260,3.67520,0.06720,-0.06720,1.1910e+03,2.060e+01,-2.060e+01,25.43,5.080e+00,-2.190e+00,947.0,,,190.56,118.38,-49.64,68.50,1,q1_q17_dr25_tce,5452.00,164.00,-164.00,4.572,0.034,-0.136,0.8150,0.1630,-0.0700,296.398350,43.803532,15.757
10095484,K03839.01,,FALSE POSITIVE,FALSE POSITIVE,0.0000,0,1,1,1,0.677761275,5.6800000e-07,-5.6800000e-07,131.6259460,7.210000e-04,-7.210000e-04,1.2050,0.2900,-0.0970,3.70850,0.04710,-0.04710,8.7790e+02,8.900e+00,-8.900e+00,22.15,6.050e+00,-2.030e+00,1906.0,,,3136.01,2511.60,-812.63,120.80,1,q1_q17_dr25_tce,5699.00,152.00,-152.00,4.553,0.033,-0.187,0.8530,0.2330,-0.0780,298.710720,47.037449,14.382
5467102,K03840.01,,FALSE POSITIVE,FALSE POSITIVE,0.0000,0,1,1,1,2.845739012,2.2450000e-06,-2.2450000e-06,134.2797380,6.970000e-04,-6.970000e-04,1.2130,0.0660,-0.0610,11.93270,0.03140,-0.03140,2.4392e+04,5.900e+01,-5.900e+01,44.70,1.397e+01,-4.660e+00,1294.0,,,663.42,630.85,-201.93,488.60,1,q1_q17_dr25_tce,5982.00,189.00,-210.00,4.493,0.054,-0.216,0.9600,0.3000,-0.1000,296.672940,40.650982,15.362
6780367,K07789.01,,FALSE POSITIVE,FALSE POSITIVE,0.3580,1,0,0,0,175.358905000,4.8320000e-03,-4.8320000e-03,212.2454000,2.090000e-02,-2.090000e-02,0.0340,0.4250,-0.0340,5.34000,0.65000,-0.65000,2.1500e+02,2.790e+01,-2.790e+01,2.90,1.860e+00,-1.870e+00,420.0,,,7.36,14.75,-6.52,9.10,1,q1_q17_dr25_tce,5109.00,136.00,-136.00,3.757,0.907,-0.302,2.0200,1.3010,-1.3010,292.722380,42.242031,13.385
10281221,K03913.01,,CANDIDATE,CANDIDATE,1.0000,0,0,0,0,0.582895412,2.6000000e-07,-2.6000000e-07,131.6210830,3.750000e-04,-3.750000e-04,1.0110,0.1910,-0.0390,1.05280,0.02610,-0.02610,5.8750e+02,9.100e+00,-9.100e+00,5.87,1.740e+00,-7.400e-01,2347.0,,,7152.60,6218.02,-2442.00,87.00,1,q1_q17_dr25_tce,6263.00,169.00,-225.00,4.460,0.065,-0.208,1.0090,0.2990,-0.1280,294.612520,47.343262,14.972
6525946,K02093.03,,CANDIDATE,CANDIDATE,0.9940,0,0,0,0,0.496069986,1.6370000e-06,-1.6370000e-06,132.2813800,3.070000e-03,-3.070000e-03,0.2690,0.1920,-0.2690,1.55680,0.07730,-0.07730,1.2880e+02,7.100e+00,-7.100e+00,10.00,3.790e+00,-1.260e+00,6285.0,,,369989.68,376546.06,-97509.48,22.10,3,q1_q17_dr25_tce,5096.00,77.00,-46.00,2.435,0.117,-0.143,8.7690,3.3190,-1.1060,292.954160,41.934799,15.357
5471496,K03914.01,,FALSE POSITIVE,FALSE POSITIVE,0.0000,1,0,1,1,12.426180050,9.6090000e-05,-9.6090000e-05,141.5048600,7.190000e-03,-7.190000e-03,0.9350,0.0110,-0.0180,28.19490,0.00000,0.00000,1.5228e+03,1.620e+01,-1.620e+01,3.48,2.700e-01,-2.600e-01,551.0,,,21.80,6.29,-5.33,113.10,1,q1_q17_dr25_tce,4624.00,125.00,-139.00,4.619,0.035,-0.035,0.6840,0.0520,-0.0520,297.666750,40.654160,15.889
4544620,K03915.01,,FALSE POSITIVE,FALSE POSITIVE,0.0000,0,1,1,1,2.189090653,4.3730000e-06,-4.3730000e-06,132.0853500,1.810000e-03,-1.810000e-03,1.2380,1.4920,-0.0580,5.20940,0.08600,-0.08600,1.0271e+03,1.580e+01,-1.580e+01,23.25,3.960e+00,-1.970e+00,1185.0,,,466.32,250.44,-119.84,78.30,1,q1_q17_dr25_tce,5401.00,159.00,-159.00,4.593,0.037,-0.112,0.7770,0.1320,-0.0660,285.898160,39.672218,15.875
5784777,K03916.01,Kepler-1529 b,CONFIRMED,CANDIDATE,1.0000,0,0,0,0,5.339056060,1.2090000e-05,-1.2090000e-05,132.1419300,1.820000e-03,-1.820000e-03,0.0200,0.4350,-0.0200,1.64150,0.06310,-0.06310,7.5550e+02,3.170e+01,-3.170e+01,1.90,1.900e-01,-2.000e-01,817.0,,,105.25,38.60,-29.19,28.90,1,q1_q17_dr25_tce,5057.00,151.00,-136.00,4.573,0.072,-0.048,0.7040,0.0720,-0.0720,289.870700,41.040730,15.362
6863187,K07794.01,,FALSE POSITIVE,FALSE POSITIVE,0.0000,1,0,0,1,1.994923320,5.1130000e-05,-5.1130000e-05,133.4406000,2.520000e-02,-2.520000e-02,0.7720,0.2080,-0.5330,5.89800,0.78700,-0.78700,7.7700e+01,8.800e+00,-8.800e+00,0.94,2.600e-01,-9.000e-02,1451.0,,,1044.18,888.94,-307.93,11.10,1,q1_q17_dr25_tce,5957.00,182.00,-223.00,4.498,0.046,-0.184,0.9710,0.2730,-0.0910,291.859740,42.348701,15.634
6949061,K01960.02,Kepler-343 c,CONFIRMED,CANDIDATE,0.9920,0,0,0,0,23.221811500,1.0720000e-04,-1.0720000e-04,151.0690400,3.960000e-03,-3.960000e-03,0.9130,0.0150,-0.6280,2.74400,0.12700,-0.12700,2.1040e+02,1.370e+01,-1.370e+01,2.42,3.900e-01,-4.400e-01,746.0,,,73.08,32.71,-27.68,16.90,2,q1_q17_dr25_tce,5808.00,105.00,-117.00,4.185,0.176,-0.108,1.3740,0.2210,-0.2460,291.960690,42.433010,14.128
9719636,K03686.01,,FALSE POSITIVE,FALSE POSITIVE,0.0150,0,1,0,0,3.351573993,3.3600000e-06,-3.3600000e-06,134.2806200,1.120000e-03,-1.120000e-03,0.0110,0.1780,-0.0110,2.87580,0.02000,-0.02000,5.4546e+04,3.370e+02,-3.370e+02,24.15,7.530e+00,-3.760e+00,1282.0,,,638.30,605.42,-244.02,192.40,1,q1_q17_dr25_tce,5984.00,189.00,-210.00,4.408,0.090,-0.195,1.0330,0.3220,-0.1610,295.526210,46.457142,17.279
2452440,K03687.01,,FALSE POSITIVE,FALSE POSITIVE,0.0000,0,1,0,0,8.097050622,5.7170000e-06,-5.7170000e-06,138.4235290,8.150000e-04,-8.150000e-04,0.5920,0.0060,-0.0080,5.67360,0.01900,-0.01900,6.5620e+04,1.870e+02,-1.870e+02,24.01,5.860e+00,-3.890e+00,891.0,,,149.48,114.24,-57.88,404.90,1,q1_q17_dr25_tce,5753.00,192.00,-192.00,4.423,0.153,-0.187,0.8940,0.2180,-0.1450,293.446870,37.721210,16.474
5020034,K03688.01,,FALSE POSITIVE,FALSE POSITIVE,0.0000,0,1,0,0,2.119107262,2.5720000e-06,-2.5720000e-06,132.5890300,1.230000e-03,-1.230000e-03,0.9330,0.0390,-0.0230,7.53840,0.03650,-0.03650,1.2465e+05,4.340e+02,-4.340e+02,77.23,2.138e+01,-2.139e+01,1851.0,,,2775.75,2273.32,-1533.89,347.30,1,q1_q17_dr25_tce,6381.00,177.00,-244.00,4.155,0.246,-0.164,1.4230,0.3940,-0.3940,294.303890,40.192558,15.812
7017372,K03689.01,,CANDIDATE,CANDIDATE,1.0000,0,0,0,0,5.240883670,2.2760000e-05,-2.2760000e-05,136.0287700,3.540000e-03,-3.540000e-03,0.6500,0.0210,-0.0410,3.36560,0.02900,-0.02900,8.5312e+03,2.770e+01,-2.770e+01,12.74,3.850e+00,-2.570e+00,1320.0,,,716.85,641.99,-326.64,385.70,1,q1_q17_dr25_tce,6452.00,181.00,-250.00,4.241,0.170,-0.187,1.3050,0.3950,-0.2630,285.971800,42.545712,14.014
6974867,K07800.01,,FALSE POSITIVE,FALSE POSITIVE,0.0000,1,0,1,0,0.887691177,3.4470000e-06,-3.4470000e-06,132.3671100,3.230000e-03,-3.230000e-03,0.4190,0.0490,-0.4190,1.64400,0.14000,-0.14000,3.7300e+01,2.400e+00,-2.400e+00,1.53,3.200e-01,-6.300e-01,2709.0,,,12704.16,8298.21,-8742.69,20.80,1,q1_q17_dr25_tce,5500.00,181.00,-148.00,3.775,0.323,-0.108,2.4910,0.5110,-1.0220,298.337220,42.432911,12.386
7102316,K02028.03,Kepler-351 d,CONFIRMED,CANDIDATE,0.9850,0,0,0,0,142.545000000,2.7460000e-03,-2.7460000e-03,202.8800000,1.200000e-02,-1.200000e-02,0.0150,0.4510,-0.0150,8.75000,0.42600,-0.42600,9.0540e+02,6.810e+01,-6.810e+01,2.52,6.900e-01,-2.300e-01,318.0,,,2.42,2.01,-0.65,13.70,3,q1_q17_dr25_tce,5642.00,169.00,-169.00,4.542,0.044,-0.176,0.8460,0.2330,-0.0780,286.452700,42.657879,15.990
11518142,K03762.01,Kepler-1519 b,CONFIRMED,CANDIDATE,0.9990,0,0,0,0,240.799047200,6.3330000e-04,-6.3330000e-04,334.1403700,1.910000e-03,-1.910000e-03,0.6470,0.0400,-0.0690,16.66600,0.18500,-0.18500,5.0229e+03,3.550e+01,-3.550e+01,10.31,1.730e+00,-2.110e+00,342.0,,,3.22,1.41,-1.30,170.10,1,q1_q17_dr25_tce,5758.00,78.00,-86.00,4.168,0.182,-0.098,1.3850,0.2320,-0.2830,296.667910,49.461861,14.822
3114667,K03763.01,,FALSE POSITIVE,FALSE POSITIVE,0.0000,0,1,0,0,0.888584158,1.8100000e-07,-1.8100000e-07,132.1000980,2.330000e-04,-2.330000e-04,0.4530,0.0220,-0.0180,2.25012,0.00504,-0.00504,4.1271e+05,7.340e+02,-7.340e+02,43.70,3.540e+00,-4.330e+00,1211.0,,,507.14,173.53,-155.47,691.20,1,q1_q17_dr25_tce,4324.00,152.00,-167.00,4.639,0.056,-0.024,0.6160,0.0500,-0.0610,290.997250,38.282616,17.375
12109845,K03765.01,,FALSE POSITIVE,FALSE POSITIVE,0.0000,0,1,0,0,0.865959015,1.5300000e-07,-1.5300000e-07,132.0536940,1.550000e-04,-1.550000e-04,3.0680,1.4820,-0.3530,1.90580,0.01110,-0.01110,2.9127e+05,6.560e+02,-6.560e+02,144.50,9.240e+00,-1.233e+01,1162.0,,,434.65,123.00,-129.02,620.80,1,q1_q17_dr25_tce,4561.00,145.00,-194.00,4.788,0.048,-0.028,0.4690,0.0300,-0.0400,290.919160,50.696388,16.440
3954227,K03766.01,,FALSE POSITIVE,FALSE POSITIVE,,1,0,0,0,0.594276199,1.5200000e-07,-1.5200000e-07,131.8352380,2.240000e-04,-2.240000e-04,4.0380,3.7920,-0.4730,2.01880,0.01610,-0.01610,2.2074e+05,1.077e+03,-1.077e+03,266.99,3.163e+01,-2.601e+01,1564.0,,,1414.70,648.46,-407.97,285.20,1,q1_q17_dr24_tce,4756.00,186.00,-158.00,4.603,0.058,-0.046,0.6670,0.0790,-0.0650,291.492860,39.050152,15.985
8651551,K03841.01,,FALSE POSITIVE,FALSE POSITIVE,0.0000,0,1,1,0,1.527491117,1.2780000e-06,-1.2780000e-06,132.2598060,7.680000e-04,-7.680000e-04,1.1640,0.0450,-0.0340,7.91360,0.05860,-0.05860,3.3546e+04,1.370e+02,-1.370e+02,27.85,2.290e+00,-3.050e+00,988.0,,,224.31,77.08,-72.12,298.60,1,q1_q17_dr25_tce,4273.00,149.00,-164.00,4.652,0.059,-0.027,0.5950,0.0490,-0.0650,300.005830,44.718781,15.935
7115550,K07811.01,,FALSE POSITIVE,FALSE POSITIVE,0.0000,0,1,0,1,0.566814046,5.2930000e-06,-5.2930000e-06,131.7937900,9.590000e-03,-9.590000e-03,0.6330,0.3050,-0.3950,4.04900,0.21200,-0.21200,4.2100e+01,2.700e+00,-2.700e+00,0.56,1.400e-01,-6.000e-02,2039.0,,,4073.90,2980.79,-1157.08,23.80,1,q1_q17_dr25_tce,5724.00,154.00,-154.00,4.530,0.055,-0.165,0.8270,0.2050,-0.0880,291.088870,42.613899,14.225
9532637,K03842.01,,FALSE POSITIVE,FALSE POSITIVE,0.0000,1,0,0,0,0.614963830,7.7000000e-08,-7.7000000e-08,132.0224020,1.140000e-04,-1.140000e-04,0.5060,0.0210,-0.0180,1.93053,0.00408,-0.00408,3.5805e+05,5.520e+02,-5.520e+02,44.79,3.240e+00,-3.920e+00,1460.0,,,1074.84,342.64,-298.12,806.50,3,q1_q17_dr25_tce,4509.00,157.00,-157.00,4.612,0.052,-0.028,0.6630,0.0480,-0.0580,294.359650,46.125389,17.453
5305451,K03843.01,,FALSE POSITIVE,FALSE POSITIVE,0.0000,1,0,1,1,161.253747000,3.4830000e-03,-3.4830000e-03,189.0939000,1.760000e-02,-1.760000e-02,0.9120,0.0080,-0.0160,25.32200,0.75500,-0.75500,2.5984e+03,5.870e+01,-5.870e+01,4.98,1.250e+00,-4.100e-01,295.0,,,1.80,1.40,-0.48,54.70,1,q1_q17_dr25_tce,5570.00,182.00,-182.00,4.573,0.040,-0.160,0.8030,0.2010,-0.0670,298.940030,40.419441,15.397
7174349,K03844.01,,FALSE POSITIVE,FALSE POSITIVE,0.0000,0,1,0,0,2.974163938,3.6120000e-06,-3.6120000e-06,132.4931200,1.380000e-03,-1.380000e-03,0.7360,26.8500,-0.0410,1.74230,0.03470,-0.03470,9.0282e+04,1.220e+03,-1.220e+03,34.74,0.000e+00,0.000e+00,1266.0,,,605.99,0.00,0.00,88.60,1,q1_q17_dr25_tce,5780.00,,,4.438,,,1.0000,,,281.437010,42.727314,19.294
11824218,K03845.01,,FALSE POSITIVE,FALSE POSITIVE,0.0000,0,1,1,1,15.841316930,2.3800000e-05,-2.3800000e-05,145.4595000,1.230000e-03,-1.230000e-03,1.2470,69.8800,-1.9440,1.81560,0.06890,-0.06890,2.6177e+03,8.470e+01,-8.470e+01,670.04,3.134e+01,-2.819e+02,2252.0,,,6085.07,1166.90,-4411.12,38.20,1,q1_q17_dr25_tce,4993.00,106.00,-242.00,2.399,0.039,-0.025,19.6950,0.9210,-8.2860,296.615910,50.021709,13.724
3128552,K02055.04,,CANDIDATE,CANDIDATE,,0,0,0,0,6.130742430,6.9710000e-05,-6.9710000e-05,131.8578200,8.820000e-03,-8.820000e-03,0.9407,0.0036,-0.6599,2.84000,0.21700,-0.21700,1.4610e+02,1.590e+01,-1.590e+01,1.26,5.200e-01,-1.000e-01,916.0,,,166.78,201.11,-40.26,9.90,,,5741.00,155.00,-150.00,4.556,0.032,-0.281,0.8330,0.3400,-0.0680,294.152710,38.233040,14.523
10788461,K03925.01,Kepler-1530 d,CONFIRMED,CANDIDATE,1.0000,0,0,0,0,9.207563400,3.5680000e-04,-3.5680000e-04,135.8010000,3.170000e-02,-3.170000e-02,0.8980,0.0140,-0.6410,3.36500,0.11200,-0.11200,1.2431e+03,3.110e+01,-3.110e+01,5.50,1.450e+00,-1.440e+00,972.0,,,211.08,167.28,-110.52,43.40,1,q1_q17_dr25_tce,5678.00,171.00,-188.00,4.215,0.246,-0.164,1.3030,0.3410,-0.3410,288.162510,48.165150,14.026
10788461,K03925.02,Kepler-1530 b,CONFIRMED,CANDIDATE,1.0000,0,0,0,0,2.590395800,1.6530000e-04,-1.6530000e-04,132.3011000,5.240000e-02,-5.240000e-02,0.7250,0.2130,-0.4950,2.08800,0.10500,-0.10500,3.3090e+02,2.060e+01,-2.060e+01,2.55,6.700e-01,-6.600e-01,1484.0,,,1147.44,909.35,-600.80,18.30,2,q1_q17_dr25_tce,5678.00,171.00,-188.00,4.215,0.246,-0.164,1.3030,0.3410,-0.3410,288.162510,48.165150,14.026
10788461,K03925.03,Kepler-1530 c,CONFIRMED,CANDIDATE,0.9990,0,0,0,0,5.323533500,5.8150000e-04,-5.8150000e-04,133.0952000,8.990000e-02,-8.990000e-02,0.8040,0.0310,-0.5610,2.71400,0.17600,-0.17600,3.4240e+02,2.630e+01,-2.630e+01,2.69,7.000e-01,-7.100e-01,1167.0,,,438.71,347.68,-229.71,14.60,3,q1_q17_dr25_tce,5678.00,171.00,-188.00,4.215,0.246,-0.164,1.3030,0.3410,-0.3410,288.162510,48.165150,14.026
11667548,K03926.01,,FALSE POSITIVE,FALSE POSITIVE,0.0000,0,0,1,0,0.831741499,5.7600000e-07,-5.7600000e-07,132.0747410,5.960000e-04,-5.960000e-04,1.2980,0.7650,-0.1660,2.29700,0.03010,-0.03010,1.2311e+03,1.360e+01,-1.360e+01,41.62,1.372e+01,-4.570e+00,2198.0,,,5501.14,5359.44,-1771.08,110.90,1,q1_q17_dr25_tce,6343.00,177.00,-243.00,4.408,0.054,-0.216,1.1400,0.3760,-0.1250,294.756320,49.792091,15.610
8868649,K03927.01,,FALSE POSITIVE,FALSE POSITIVE,0.0000,1,0,1,1,4.447371120,3.3580000e-05,-3.3580000e-05,133.8404800,6.440000e-03,-6.440000e-03,0.9780,0.2930,-0.0270,19.45000,2.30000,-2.30000,2.2440e+02,3.000e+00,-3.000e+00,2.06,5.500e-01,-3.600e-01,1068.0,,,307.65,246.41,-120.48,93.00,1,q1_q17_dr25_tce,5472.00,164.00,-147.00,4.382,0.153,-0.187,0.9810,0.2600,-0.1730,284.396550,45.136040,14.016
9715939,K03690.01,,FALSE POSITIVE,FALSE POSITIVE,0.0000,0,1,0,0,12.893018017,5.2680000e-06,-5.2680000e-06,141.6111990,4.330000e-04,-4.330000e-04,1.2410,0.3170,-0.1730,3.30029,0.00976,-0.00976,1.6033e+04,4.260e+01,-4.260e+01,62.52,1.785e+01,-1.461e+01,1004.0,,,240.50,203.95,-118.29,453.00,1,q1_q17_dr25_tce,6387.00,181.00,-227.00,4.178,0.214,-0.175,1.4080,0.4020,-0.3290,294.169890,46.425289,15.517
6887030,K07795.01,,CANDIDATE,CANDIDATE,1.0000,0,0,0,0,5.440857620,4.8800000e-05,-4.8800000e-05,134.2940800,6.780000e-03,-6.780000e-03,0.7350,0.2440,-0.4940,2.11900,0.23400,-0.23400,1.3750e+02,1.740e+01,-1.740e+01,0.97,1.900e-01,-9.000e-02,892.0,,,149.44,93.51,-37.70,9.30,1,q1_q17_dr25_tce,5519.00,165.00,-149.00,4.590,0.043,-0.128,0.7620,0.1540,-0.0660,297.872800,42.303291,14.810
4751083,K03691.01,,FALSE POSITIVE,FALSE POSITIVE,0.0000,0,1,0,0,4.532416322,5.7610000e-06,-5.7610000e-06,135.6589000,1.480000e-03,-1.480000e-03,1.1830,0.3900,-0.1680,3.28640,0.02460,-0.02460,3.4953e+04,2.350e+02,-2.350e+02,62.25,2.061e+01,-1.108e+01,1328.0,,,735.27,719.81,-310.71,175.60,1,q1_q17_dr25_tce,6306.00,177.00,-243.00,4.283,0.132,-0.198,1.2810,0.4240,-0.2280,293.086490,39.801788,16.028
4751083,K03691.02,,FALSE POSITIVE,FALSE POSITIVE,,1,1,0,0,2.266319370,,,133.3865546,,,,,,3.16000,,,,,,,,,,,,,,,,,,,,,,,,,,,293.086490,39.801788,16.028
5903301,K03692.01,,FALSE POSITIVE,FALSE POSITIVE,0.8130,0,1,0,0,1.160153553,1.5700000e-07,-1.5700000e-07,132.1453310,1.170000e-04,-1.170000e-04,1.2580,0.0980,-0.0910,2.16452,0.00573,-0.00573,1.2302e+04,2.700e+01,-2.700e+01,60.47,1.698e+01,-1.698e+01,2183.0,,,5363.78,4607.26,-2995.93,552.80,1,q1_q17_dr25_tce,6200.00,197.00,-241.00,4.161,0.264,-0.176,1.3820,0.3880,-0.3880,298.658330,41.138882,15.149
7695087,K03693.01,,FALSE POSITIVE,FALSE POSITIVE,0.0000,0,1,1,1,4.032760214,1.9240000e-06,-1.9240000e-06,133.3018910,4.280000e-04,-4.280000e-04,1.2240,0.2200,-0.1410,2.71940,0.01860,-0.01860,1.0803e+04,9.310e+01,-9.310e+01,378.61,1.296e+02,-2.407e+02,2582.0,,,10499.43,10016.94,-9306.82,150.90,1,q1_q17_dr25_tce,4969.00,102.00,-190.00,2.899,0.553,-0.237,9.4330,3.2280,-5.9960,295.805820,43.304451,14.734
6200709,K03694.01,,FALSE POSITIVE,FALSE POSITIVE,0.0240,0,1,0,0,3.723552982,5.9730000e-06,-5.9730000e-06,134.9461300,1.820000e-03,-1.820000e-03,0.6290,0.0280,-0.0380,3.56320,0.05490,-0.05490,4.0143e+04,3.730e+02,-3.730e+02,18.83,5.480e+00,-2.200e+00,1176.0,,,452.71,402.04,-146.68,145.70,1,q1_q17_dr25_tce,6063.00,192.00,-213.00,4.510,0.052,-0.208,0.8900,0.2590,-0.1040,290.416690,41.525780,16.720
8323764,K03767.01,,CANDIDATE,CANDIDATE,0.0000,0,0,0,0,6.714247798,8.3950000e-06,-8.3950000e-06,134.3170300,1.370000e-03,-1.370000e-03,0.5570,0.0350,-0.0940,3.33040,0.05600,-0.05600,3.2213e+04,2.350e+02,-2.350e+02,14.78,1.770e+00,-1.780e+00,809.0,,,100.94,44.19,-33.07,145.90,1,q1_q17_dr25_tce,5159.00,179.00,-179.00,4.508,0.102,-0.085,0.8000,0.0960,-0.0960,299.080570,44.295010,17.376
7013923,K07801.01,,FALSE POSITIVE,FALSE POSITIVE,0.0000,0,0,1,1,2.213960790,2.3230000e-05,-2.3230000e-05,132.5689000,1.070000e-02,-1.070000e-02,0.1430,0.3180,-0.1430,3.45200,0.62700,-0.62700,1.1940e+02,1.930e+01,-1.930e+01,0.87,6.000e-02,-9.000e-02,1123.0,,,375.04,109.89,-110.31,9.60,1,q1_q17_dr25_tce,4922.00,148.00,-148.00,4.505,0.084,-0.058,0.8230,0.0590,-0.0880,284.314540,42.589321,15.844
5360082,K03768.01,,FALSE POSITIVE,FALSE POSITIVE,0.0000,0,1,0,0,11.355012090,2.1560000e-05,-2.1560000e-05,133.2047800,1.580000e-03,-1.580000e-03,0.4730,0.0410,-0.0580,14.55700,0.13200,-0.13200,1.9675e+04,1.030e+02,-1.030e+02,8.00,6.400e-01,-6.300e-01,534.0,,,19.29,5.99,-4.98,221.40,1,q1_q17_dr25_tce,4594.00,137.00,-151.00,4.679,0.056,-0.028,0.5670,0.0450,-0.0450,291.083340,40.566639,14.772
6543683,K03769.01,,FALSE POSITIVE,FALSE POSITIVE,0.0000,0,1,1,1,1.195515251,5.7300000e-07,-5.7300000e-07,132.3038510,4.100000e-04,-4.100000e-04,1.2810,0.0830,-0.0730,5.08340,0.02490,-0.02490,8.0544e+03,3.260e+01,-3.260e+01,49.33,1.413e+01,-1.158e+01,1959.0,,,3469.70,2997.82,-1671.32,309.10,1,q1_q17_dr25_tce,6040.00,182.00,-182.00,4.271,0.220,-0.180,1.1550,0.3310,-0.2710,297.543370,41.947979,13.998
5008245,K03770.01,,CANDIDATE,CANDIDATE,1.0000,0,0,0,0,2.607208330,1.8190000e-05,-1.8190000e-05,131.8484400,5.750000e-03,-5.750000e-03,0.6440,0.1510,-0.0150,2.64520,0.06080,-0.06080,3.1497e+03,2.120e+01,-2.120e+01,7.31,2.470e+00,-1.060e+00,1561.0,,,1403.43,1397.75,-525.02,185.30,1,q1_q17_dr25_tce,6366.00,177.00,-243.00,4.352,0.073,-0.218,1.2360,0.4170,-0.1790,290.936710,40.124920,14.103
10555365,K03771.01,,FALSE POSITIVE,FALSE POSITIVE,1.0000,0,1,0,0,5.801847530,1.0590000e-05,-1.0590000e-05,131.7734700,2.090000e-03,-2.090000e-03,0.4780,0.1100,-0.0510,3.95510,0.07070,-0.07070,2.2143e+04,1.910e+02,-1.910e+02,14.00,3.830e+00,-2.060e+00,989.0,,,225.81,190.80,-82.19,118.10,1,q1_q17_dr25_tce,5687.00,186.00,-186.00,4.426,0.124,-0.186,0.9210,0.2520,-0.1360,298.771090,47.785412,16.605
5481426,K03772.01,,FALSE POSITIVE,FALSE POSITIVE,0.0000,0,1,0,0,2.384049830,2.4540000e-06,-2.4540000e-06,133.4392700,1.160000e-03,-1.160000e-03,0.6110,0.0680,-0.0590,3.28490,0.02270,-0.02270,3.1273e+05,2.035e+03,-2.035e+03,66.14,0.000e+00,0.000e+00,1363.0,,,815.42,0.00,0.00,195.30,1,q1_q17_dr25_tce,5780.00,,,4.438,,,1.0000,,,299.644870,40.690601,19.319
7983756,K03846.01,,FALSE POSITIVE,FALSE POSITIVE,0.0000,0,1,1,0,5.240782590,1.4240000e-05,-1.4240000e-05,136.5491300,2.340000e-03,-2.340000e-03,1.2230,5.2470,-0.0890,5.23800,0.10800,-0.10800,5.9260e+02,1.190e+01,-1.190e+01,24.73,7.440e+00,-2.480e+00,1080.0,,,322.16,285.13,-94.41,58.10,1,q1_q17_dr25_tce,6192.00,169.00,-206.00,4.503,0.052,-0.208,0.9170,0.2760,-0.0920,298.844150,43.725361,14.483
7289165,K03847.01,,FALSE POSITIVE,FALSE POSITIVE,0.0000,0,1,1,1,5.266414160,1.4180000e-05,-1.4180000e-05,131.6999800,2.300000e-03,-2.300000e-03,0.7740,0.1510,-0.5370,2.44040,0.07840,-0.07840,2.2380e+02,7.200e+00,-7.200e+00,2.62,5.500e-01,-6.700e-01,1421.0,,,964.18,588.44,-486.62,37.80,1,q1_q17_dr25_tce,6338.00,155.00,-174.00,4.087,0.228,-0.123,1.6020,0.3350,-0.4100,293.967250,42.833279,12.859
12784167,K03848.01,Kepler-1522 b,CONFIRMED,CANDIDATE,1.0000,0,0,0,0,1.847892736,2.4570000e-06,-2.4570000e-06,132.1991500,1.060000e-03,-1.060000e-03,0.0360,0.3860,-0.0360,1.89040,0.03590,-0.03590,3.2330e+02,7.300e+00,-7.300e+00,1.51,3.500e-01,-1.500e-01,1374.0,,,843.80,574.04,-224.12,53.30,1,q1_q17_dr25_tce,5763.00,138.00,-155.00,4.557,0.042,-0.168,0.8420,0.1990,-0.0800,289.843230,52.070160,14.216
8949316,K03849.01,,FALSE POSITIVE,FALSE POSITIVE,0.9550,0,1,0,0,0.604358764,1.4940000e-06,-1.4940000e-06,131.6857700,1.340000e-03,-1.340000e-03,1.1970,5.6800,-0.1530,1.04230,0.01160,-0.01160,3.8731e+04,2.120e+02,-2.120e+02,23.28,1.690e+00,-2.080e+00,997.0,,,235.63,50.97,-52.27,236.80,1,q1_q17_dr25_tce,3569.00,50.00,-57.00,4.820,0.042,-0.028,0.4270,0.0310,-0.0380,290.518950,45.235371,16.182
8912730,K03850.01,,FALSE POSITIVE,FALSE POSITIVE,0.0000,1,0,0,0,11.377528100,1.1110000e-04,-1.1110000e-04,132.5848000,8.330000e-03,-8.330000e-03,1.4150,9.6370,-0.1920,12.91800,0.34000,-0.34000,1.6513e+03,4.930e+01,-4.930e+01,82.26,2.617e+01,-1.744e+01,1177.0,,,453.61,426.29,-218.30,38.20,1,q1_q17_dr25_tce,6943.00,194.00,-305.00,4.162,0.128,-0.192,1.6600,0.5280,-0.3520,300.194090,45.145741,13.930
9784230,K03851.01,,FALSE POSITIVE,FALSE POSITIVE,0.0000,1,0,0,0,0.798196800,2.3900000e-07,-2.3900000e-07,131.5703340,3.370000e-04,-3.370000e-04,0.6700,0.0420,-0.0410,2.22035,0.00748,-0.00748,2.5762e+05,6.840e+02,-6.840e+02,62.38,0.000e+00,0.000e+00,1963.0,,,3497.40,0.00,0.00,453.90,2,q1_q17_dr25_tce,5780.00,,,4.438,,,1.0000,,,296.990540,46.598999,17.579
11466960,K03917.01,,FALSE POSITIVE,FALSE POSITIVE,0.0000,0,0,1,0,0.695954898,6.1600000e-06,-6.1600000e-06,131.8990500,7.470000e-03,-7.470000e-03,0.1030,0.3500,-0.1030,1.46900,0.27900,-0.27900,3.1810e+02,4.760e+01,-4.760e+01,2.58,8.200e-01,-4.500e-01,2740.0,,,13264.33,12169.09,-5378.02,8.50,1,q1_q17_dr25_tce,6737.00,165.00,-236.00,4.243,0.105,-0.195,1.4250,0.4550,-0.2450,297.139890,49.381618,13.496
3124420,K03918.01,,FALSE POSITIVE,FALSE POSITIVE,0.0000,0,1,0,0,0.948951607,6.2400000e-07,-6.2400000e-07,132.4685160,7.620000e-04,-7.620000e-04,0.9590,0.0940,-0.1090,4.38090,0.04060,-0.04060,4.5846e+05,1.667e+03,-1.667e+03,115.31,0.000e+00,0.000e+00,1853.0,,,2796.38,0.00,0.00,437.10,1,q1_q17_dr25_tce,5780.00,,,4.438,,,1.0000,,,293.245360,38.272182,18.241
4649440,K03919.01,,FALSE POSITIVE,FALSE POSITIVE,0.0000,0,1,0,0,19.370707810,3.5920000e-05,-3.5920000e-05,147.6680300,1.550000e-03,-1.550000e-03,1.2000,72.7100,-0.1900,2.24660,0.08130,-0.08130,6.5320e+02,2.090e+01,-2.090e+01,108.54,1.733e+01,-4.041e+01,1180.0,,,458.92,220.77,-306.57,38.40,1,q1_q17_dr25_tce,5321.00,130.00,-223.00,3.416,0.253,-0.136,4.3350,0.6920,-1.6140,290.137700,39.765202,12.956
2437488,K03920.01,,FALSE POSITIVE,FALSE POSITIVE,0.0000,0,1,1,1,14.469939420,8.9730000e-05,-8.9730000e-05,141.8110500,5.820000e-03,-5.820000e-03,1.0270,43.2900,-0.0440,7.45500,0.20500,-0.20500,1.2353e+03,3.480e+01,-3.480e+01,85.84,9.850e+00,-1.353e+01,1713.0,,,2033.61,724.84,-728.20,41.90,1,q1_q17_dr25_tce,4735.00,105.00,-117.00,2.715,0.030,-0.030,9.0430,1.0370,-1.4260,290.229160,37.761410,14.962
10083623,K03921.01,,FALSE POSITIVE,FALSE POSITIVE,0.0000,0,1,0,0,1.278555003,7.7200000e-07,-7.7200000e-07,131.5290710,5.450000e-04,-5.450000e-04,0.9790,0.0810,-0.0550,1.42470,0.03970,-0.03970,1.4780e+03,2.140e+01,-2.140e+01,5.19,1.360e+00,-4.900e-01,1515.0,,,1241.92,1011.74,-351.19,93.80,1,q1_q17_dr25_tce,5636.00,186.00,-186.00,4.557,0.044,-0.176,0.8270,0.2170,-0.0780,295.082370,47.086250,15.643
11253711,K01972.02,Kepler-1031 b,CONFIRMED,CANDIDATE,1.0000,0,0,0,0,1.226223959,4.4340000e-06,-4.4340000e-06,132.6827000,3.030000e-03,-3.030000e-03,0.0050,0.4460,-0.0050,2.16890,0.08740,-0.08740,5.6100e+01,3.600e+00,-3.600e+00,1.00,1.700e-01,-2.200e-01,2024.0,,,3973.86,1715.86,-1666.20,18.90,2,q1_q17_dr25_tce,5855.00,79.00,-70.00,4.148,0.195,-0.105,1.3400,0.2210,-0.2940,296.089750,48.955372,13.800
8043052,K03695.01,,FALSE POSITIVE,FALSE POSITIVE,0.0000,0,1,0,0,2.244600029,3.3830000e-06,-3.3830000e-06,133.4652900,1.220000e-03,-1.220000e-03,1.1850,42.8300,-0.7900,1.92040,0.06470,-0.06470,8.6110e+03,2.440e+02,-2.440e+02,27.47,3.730e+00,-3.360e+00,1190.0,,,475.37,215.14,-147.09,42.60,1,q1_q17_dr25_tce,5256.00,158.00,-142.00,4.502,0.105,-0.105,0.8020,0.1090,-0.0980,296.468200,43.801460,14.731
5435816,K03696.01,,FALSE POSITIVE,FALSE POSITIVE,0.0000,0,1,0,0,181.852177300,1.0490000e-04,-1.0490000e-04,251.8777950,4.200000e-04,-4.200000e-04,1.1890,0.5860,-0.1730,5.77250,0.02780,-0.02780,2.7559e+04,1.140e+02,-1.140e+02,46.38,1.526e+01,-5.090e+00,333.0,,,2.91,2.91,-0.91,293.80,1,q1_q17_dr25_tce,6063.00,190.00,-211.00,4.476,0.054,-0.216,1.0120,0.3330,-0.1110,287.623810,40.605469,15.684
8559589,K03697.01,,FALSE POSITIVE,FALSE POSITIVE,0.0000,0,1,0,0,223.112747500,2.9030000e-04,-2.9030000e-04,140.9471350,8.920000e-04,-8.920000e-04,1.2660,0.1700,-0.0940,8.96830,0.05090,-0.05090,1.1539e+04,6.140e+01,-6.140e+01,46.33,1.382e+01,-6.360e+00,332.0,,,2.87,2.52,-1.00,224.50,1,q1_q17_dr25_tce,6211.00,169.00,-206.00,4.389,0.105,-0.195,1.0560,0.3150,-0.1450,291.634670,44.647598,14.380
4372765,K03698.01,,FALSE POSITIVE,FALSE POSITIVE,0.0000,0,1,0,0,15.640641610,2.6500000e-05,-2.6500000e-05,140.0850200,1.960000e-03,-1.960000e-03,0.5220,0.1310,-0.0450,6.45240,0.03650,-0.03650,2.7331e+05,2.745e+03,-2.745e+03,77.18,2.567e+01,-1.185e+01,921.0,,,169.73,166.39,-65.61,206.30,1,q1_q17_dr25_tce,6517.00,180.00,-248.00,4.279,0.090,-0.210,1.3740,0.4570,-0.2110,293.610350,39.415089,18.231
9489524,K02029.03,Kepler-352 d,CONFIRMED,CANDIDATE,0.9990,0,0,0,0,6.887311300,8.9430000e-05,-8.9430000e-05,132.0711000,1.090000e-02,-1.090000e-02,0.4890,0.0030,-0.4600,2.21400,0.28200,-0.28200,8.5300e+01,1.210e+01,-1.210e+01,0.72,5.000e-02,-4.000e-02,788.0,,,90.91,21.91,-15.66,8.10,3,q1_q17_dr25_tce,5208.00,103.00,-103.00,4.563,0.036,-0.052,0.7720,0.0550,-0.0410,299.896510,46.051971,12.957
10268903,K03773.01,,FALSE POSITIVE,FALSE POSITIVE,0.0000,0,1,1,0,1.103978000,,,131.5734180,,,,,,0.74000,,,,,,,,,,,,105.80,61.60,-57.37,,1,q1_q17_dr25_tce,,,,,,,,,,289.713040,47.343498,17.362
7017437,K07802.01,,FALSE POSITIVE,FALSE POSITIVE,0.1130,1,0,0,0,43.849647400,5.2950000e-04,-5.2950000e-04,157.7544000,1.020000e-02,-1.020000e-02,0.0200,0.4380,-0.0200,2.21700,0.33000,-0.33000,4.5230e+02,6.740e+01,-6.740e+01,21.42,2.010e+00,-4.680e+00,1286.0,,,645.68,188.94,-288.59,8.30,1,q1_q17_dr25_tce,4893.00,96.00,-120.00,2.644,0.030,-0.030,10.3630,0.9700,-2.2640,285.995330,42.534199,13.457
7220320,K03775.01,,FALSE POSITIVE,FALSE POSITIVE,0.0000,0,1,0,0,0.752158047,2.3100000e-07,-2.3100000e-07,131.7930350,3.420000e-04,-3.420000e-04,1.1570,0.0690,-0.0480,2.42733,0.00600,-0.00600,3.7879e+04,5.940e+01,-5.940e+01,106.66,2.382e+01,-5.561e+01,2869.0,,,15978.36,10969.14,-12742.43,510.00,1,q1_q17_dr25_tce,5770.00,175.00,-175.00,3.844,0.528,-0.132,2.2210,0.4960,-1.1580,297.108150,42.752918,14.082
9291378,K03776.01,,FALSE POSITIVE,FALSE POSITIVE,0.0000,0,1,1,1,3.796488133,7.9080000e-06,-7.9080000e-06,135.1507900,1.910000e-03,-1.910000e-03,1.3060,0.3800,-0.2010,11.06590,0.07040,-0.07040,3.0076e+03,1.820e+01,-1.820e+01,40.83,1.299e+01,-4.330e+00,1233.0,,,547.94,529.85,-178.96,193.40,1,q1_q17_dr25_tce,6137.00,193.00,-257.00,4.460,0.054,-0.216,1.0180,0.3240,-0.1080,295.830080,45.789822,15.534
4075067,K03777.01,,CANDIDATE,CANDIDATE,0.0000,0,0,0,0,17.747605900,3.7510000e-04,-3.7510000e-04,139.3464000,1.600000e-02,-1.600000e-02,1.2500,6.7920,-0.0610,5.06600,0.91600,-0.91600,8.7700e+02,1.460e+02,-1.460e+02,146.63,1.423e+01,-8.539e+01,1998.0,,,3768.37,1378.80,-3229.10,7.60,1,q1_q17_dr25_tce,8992.00,289.00,-434.00,3.535,0.560,-0.029,4.8320,0.4690,-2.8140,295.869450,39.158810,11.500
4949524,K03852.01,,FALSE POSITIVE,FALSE POSITIVE,0.0000,0,0,1,0,1.233076007,2.4890000e-06,-2.4890000e-06,132.4979500,1.270000e-03,-1.270000e-03,1.3120,0.0040,-0.2120,12.50600,0.83000,-0.83000,1.3924e+03,5.520e+01,-5.520e+01,31.39,6.760e+00,-2.690e+00,1513.0,,,1237.97,793.30,-320.37,129.30,1,q1_q17_dr25_tce,5602.00,149.00,-166.00,4.571,0.036,-0.135,0.8170,0.1760,-0.0700,298.001130,40.047878,15.402
2697935,K03853.01,,FALSE POSITIVE,FALSE POSITIVE,0.0000,0,1,0,0,21.513523400,2.7140000e-04,-2.7140000e-04,132.3356000,1.220000e-02,-1.220000e-02,2.4410,0.8210,-0.3020,77.98300,0.89900,-0.89900,1.5838e+03,1.230e+01,-1.230e+01,534.47,1.071e+02,-1.310e+02,1006.0,,,242.54,143.48,-119.00,171.50,1,q1_q17_dr25_tce,5088.00,128.00,-141.00,3.508,0.187,-0.153,3.3180,0.6650,-0.8130,287.467860,37.966640,10.630
6531143,K07784.01,,FALSE POSITIVE,FALSE POSITIVE,0.0020,1,0,0,0,19.444457300,7.3550000e-04,-7.3550000e-04,147.9093000,3.000000e-02,-3.000000e-02,0.6340,0.0340,-0.4840,5.50900,0.65400,-0.65400,1.8230e+02,3.210e+01,-3.210e+01,1.53,4.700e-01,-2.000e-01,749.0,,,74.47,66.87,-26.96,7.10,1,q1_q17_dr25_tce,6278.00,174.00,-261.00,4.425,0.067,-0.202,1.0810,0.3290,-0.1410,294.504000,41.968159,15.835
3550434,K03854.01,,FALSE POSITIVE,FALSE POSITIVE,0.0000,0,1,0,0,1.191048900,1.1880000e-06,-1.1880000e-06,132.0764080,8.190000e-04,-8.190000e-04,1.2570,16.4700,-0.2720,1.37380,0.04760,-0.04760,1.3911e+03,3.680e+01,-3.680e+01,22.76,2.400e+00,-2.200e+00,1348.0,,,781.99,294.43,-210.35,46.10,1,q1_q17_dr25_tce,5089.00,154.00,-138.00,4.580,0.078,-0.045,0.6930,0.0730,-0.0670,292.922000,38.670292,15.637
2558370,K03855.01,,FALSE POSITIVE,FALSE POSITIVE,0.0000,0,1,0,0,0.546248198,2.5000000e-07,-2.5000000e-07,131.5853110,5.150000e-04,-5.150000e-04,0.9460,1.2270,-0.1190,2.10810,0.02320,-0.02320,1.1453e+05,5.510e+02,-5.510e+02,54.23,0.000e+00,0.000e+00,2227.0,,,5820.72,0.00,0.00,263.10,1,q1_q17_dr25_tce,5780.00,,,4.438,,,1.0000,,,287.135960,37.838306,18.550
12301181,K02059.02,,CANDIDATE,CANDIDATE,0.6910,0,0,0,0,2.185658860,1.7140000e-05,-1.7140000e-05,132.4541800,6.260000e-03,-6.260000e-03,0.3940,0.0640,-0.3940,1.96600,0.21800,-0.21800,3.5600e+01,3.900e+00,-3.900e+00,0.44,3.000e-02,-2.000e-02,1087.0,,,329.49,75.57,-49.54,11.10,2,q1_q17_dr25_tce,4997.00,100.00,-100.00,4.598,0.018,-0.053,0.7460,0.0490,-0.0300,287.590090,51.060570,12.906
5397166,K03856.01,,FALSE POSITIVE,FALSE POSITIVE,0.9980,0,1,1,0,1.811966339,5.6590000e-06,-5.6590000e-06,132.2782800,2.650000e-03,-2.650000e-03,1.2400,3.4660,-0.1640,3.79200,0.12700,-0.12700,4.0810e+02,1.310e+01,-1.310e+01,95.19,1.919e+01,-6.144e+01,2573.0,,,10360.38,6865.82,-9235.31,36.30,1,q1_q17_dr25_tce,5904.00,212.00,-212.00,3.602,0.671,-0.158,3.3480,0.6750,-2.1610,299.859650,40.563950,13.493
7024530,K03922.01,,FALSE POSITIVE,FALSE POSITIVE,0.0000,0,1,0,0,66.153978300,4.4830000e-04,-4.4830000e-04,156.9715300,7.170000e-03,-7.170000e-03,0.8730,0.0130,-0.0220,5.89600,0.16300,-0.16300,6.9510e+03,1.570e+02,-1.570e+02,9.69,3.240e+00,-1.070e+00,468.0,,,11.30,11.43,-3.66,57.70,1,q1_q17_dr25_tce,6077.00,190.00,-232.00,4.471,0.054,-0.216,0.9990,0.3330,-0.1110,288.929230,42.529202,15.520
5015459,K03923.01,,FALSE POSITIVE,FALSE POSITIVE,0.0000,0,1,0,0,158.322637900,3.0020000e-04,-3.0020000e-04,251.7503200,1.440000e-03,-1.440000e-03,1.3230,27.1100,-1.7380,2.18810,0.08470,-0.08470,4.8630e+03,1.700e+02,-1.700e+02,25.41,2.000e+00,-2.490e+00,211.0,,,0.47,0.13,-0.14,34.50,1,q1_q17_dr25_tce,4340.00,118.00,-144.00,4.670,0.059,-0.027,0.5720,0.0450,-0.0560,293.075380,40.122139,15.557
11709124,K00435.04,Kepler-154 e,CONFIRMED,CANDIDATE,1.0000,0,0,0,0,3.932766270,1.1800000e-05,-1.1800000e-05,134.6496400,2.640000e-03,-2.640000e-03,0.3700,0.0800,-0.3700,2.94030,0.08470,-0.08470,2.3490e+02,8.400e+00,-8.400e+00,1.50,2.000e-01,-1.500e-01,1140.0,,,399.84,156.32,-96.92,30.70,4,q1_q17_dr25_tce,5688.00,113.00,-101.00,4.415,0.100,-0.100,0.9710,0.1300,-0.0950,289.780520,49.896530,14.534
8505920,K02094.02,Kepler-1090 b,CONFIRMED,CANDIDATE,0.9980,0,0,0,0,198.680859000,2.4240000e-03,-2.4240000e-03,270.6653500,8.210000e-03,-8.210000e-03,0.7460,0.0440,-0.5190,8.28200,0.25800,-0.25800,6.4540e+02,4.070e+01,-4.070e+01,2.79,4.500e-01,-3.600e-01,297.0,,,1.83,0.78,-0.53,16.60,2,q1_q17_dr25_tce,5330.00,79.00,-79.00,4.366,0.137,-0.125,1.0130,0.1620,-0.1330,295.662870,44.525841,15.001
1433980,K03924.01,,FALSE POSITIVE,FALSE POSITIVE,0.0000,0,1,0,0,1.592634161,7.0100000e-07,-7.0100000e-07,132.3287690,5.000000e-04,-5.000000e-04,0.8770,0.0120,-0.0110,8.94880,0.01260,-0.01260,1.5516e+05,1.580e+02,-1.580e+02,100.20,2.704e+01,-3.304e+01,2255.0,,,6128.09,4886.70,-3736.14,1207.60,1,q1_q17_dr25_tce,6574.00,181.00,-227.00,4.061,0.264,-0.176,1.7680,0.4770,-0.5830,291.766330,37.097191,14.915
2438490,K03699.01,,FALSE POSITIVE,FALSE POSITIVE,0.0090,0,1,0,0,3.315777950,1.2920000e-05,-1.2920000e-05,131.5388300,2.490000e-03,-2.490000e-03,0.6330,0.0210,-0.0250,4.23490,0.05880,-0.05880,9.4567e+04,1.158e+03,-1.158e+03,27.77,6.510e+00,-3.270e+00,1104.0,,,349.78,256.93,-111.66,124.60,1,q1_q17_dr25_tce,5528.00,182.00,-182.00,4.516,0.063,-0.147,0.8490,0.1990,-0.1000,290.325960,37.761520,17.772
3838496,K03700.01,,FALSE POSITIVE,FALSE POSITIVE,0.0000,0,1,0,0,2.990252395,2.3320000e-06,-2.3320000e-06,133.1106290,8.770000e-04,-8.770000e-04,1.1170,0.1030,-0.1230,7.84620,0.03380,-0.03380,2.1644e+05,5.230e+02,-5.230e+02,89.85,0.000e+00,0.000e+00,1264.0,,,603.02,0.00,0.00,541.70,1,q1_q17_dr25_tce,5780.00,,,4.438,,,1.0000,,,287.752380,38.929794,17.900
6470521,K03701.01,,FALSE POSITIVE,FALSE POSITIVE,0.0000,0,1,1,1,2.080433780,1.5210000e-06,-1.5210000e-06,131.8270410,6.200000e-04,-6.200000e-04,5.1060,1.3100,-0.0130,7.70800,0.03070,-0.03070,6.8612e+03,2.840e+01,-2.840e+01,510.48,1.774e+02,-5.931e+01,1629.0,,,1661.27,1696.75,-526.99,289.10,1,q1_q17_dr25_tce,6377.00,173.00,-211.00,4.399,0.072,-0.217,1.1190,0.3890,-0.1300,299.024320,41.823719,13.858
2449090,K03702.01,,FALSE POSITIVE,FALSE POSITIVE,0.0000,0,1,0,0,4.944046127,2.7120000e-06,-2.7120000e-06,134.1920120,6.090000e-04,-6.090000e-04,0.9640,0.0520,-0.0410,4.50334,0.00952,-0.00952,1.1250e+05,2.280e+02,-2.280e+02,54.29,0.000e+00,0.000e+00,1069.0,,,308.53,0.00,0.00,537.20,1,q1_q17_dr25_tce,5780.00,,,4.438,,,1.0000,,,292.696290,37.707237,16.237
5652260,K03703.01,,FALSE POSITIVE,FALSE POSITIVE,0.0000,0,1,0,0,4.464565251,3.1680000e-06,-3.1680000e-06,132.3115020,8.010000e-04,-8.010000e-04,1.0460,0.0720,-0.0460,4.02210,0.01430,-0.01430,7.4112e+04,3.010e+02,-3.010e+02,43.21,1.221e+01,-4.050e+00,1024.0,,,259.97,220.25,-72.82,286.40,1,q1_q17_dr25_tce,5743.00,169.00,-186.00,4.553,0.035,-0.196,0.8530,0.2410,-0.0800,299.546940,40.861271,17.296
2569494,K03704.01,,FALSE POSITIVE,FALSE POSITIVE,0.0000,0,1,0,0,1.523298835,5.0790000e-06,-5.0790000e-06,132.3276200,2.200000e-03,-2.200000e-03,0.4100,0.0320,-0.0350,5.90830,0.08400,-0.08400,1.9507e+05,1.573e+03,-1.573e+03,38.95,6.610e+00,-4.820e+00,1404.0,,,919.42,543.35,-306.55,174.40,1,q1_q17_dr25_tce,5311.00,204.00,-185.00,4.469,0.104,-0.127,0.8660,0.1470,-0.1070,290.178830,37.848949,17.380
12405950,K03778.01,,FALSE POSITIVE,FALSE POSITIVE,0.0000,0,1,0,0,3.539631353,1.1900000e-06,-1.1900000e-06,132.7749970,2.870000e-04,-2.870000e-04,1.0910,0.1570,-0.0950,1.53720,0.01380,-0.01380,1.2297e+03,7.300e+00,-7.300e+00,39.34,6.080e+00,-1.417e+01,2214.0,,,5689.30,2860.44,-3689.15,163.50,1,q1_q17_dr25_tce,7021.00,214.00,-262.00,3.759,0.304,-0.076,2.6290,0.4060,-0.9470,290.430080,51.271549,12.305
5206233,K03779.01,,FALSE POSITIVE,FALSE POSITIVE,0.0000,0,1,1,0,6.195861785,6.9050000e-06,-6.9050000e-06,134.2342200,1.040000e-03,-1.040000e-03,3.3800,5.5090,-0.0220,2.60780,0.03810,-0.03810,3.5098e+03,4.950e+01,-4.950e+01,215.89,5.497e+01,-1.832e+01,883.0,,,143.74,114.06,-38.56,83.50,1,q1_q17_dr25_tce,5608.00,186.00,-186.00,4.573,0.031,-0.168,0.8130,0.2070,-0.0690,296.636960,40.366982,15.431
7031066,K07803.01,,FALSE POSITIVE,FALSE POSITIVE,0.0000,1,0,1,1,0.566805514,4.7460000e-06,-4.7460000e-06,131.8162000,1.000000e-02,-1.000000e-02,0.0270,0.4410,-0.0270,4.36700,0.37100,-0.37100,8.5300e+01,6.200e+00,-6.200e+00,0.82,3.200e-01,-1.100e-01,1920.0,,,3193.90,3854.73,-1057.20,25.10,1,q1_q17_dr25_tce,5115.00,168.00,-153.00,4.439,0.132,-0.397,0.9170,0.3600,-0.1200,290.962890,42.570709,14.943
6775985,K03780.01,,FALSE POSITIVE,FALSE POSITIVE,0.0000,0,1,0,0,27.961084000,3.9780000e-04,-3.9780000e-04,133.1759000,1.180000e-02,-1.180000e-02,1.0200,61.5400,-0.0400,3.87410,0.04310,-0.04310,6.2682e+03,7.010e+01,-7.010e+01,21.50,6.360e+00,-4.230e+00,796.0,,,94.86,83.05,-43.32,106.00,1,q1_q17_dr25_tce,6770.00,189.00,-284.00,4.249,0.128,-0.192,1.3610,0.4030,-0.2680,291.386750,42.260509,14.069
11357192,K03782.01,,FALSE POSITIVE,FALSE POSITIVE,0.0000,0,1,0,0,186.516811600,1.5850000e-04,-1.5850000e-04,169.6468700,7.210000e-04,-7.210000e-04,0.9720,0.1520,-0.0590,3.19680,0.04540,-0.04540,5.7524e+03,5.830e+01,-5.830e+01,37.50,1.174e+01,-2.738e+01,452.0,,,9.83,9.23,-9.20,126.90,1,q1_q17_dr25_tce,5018.00,150.00,-150.00,3.639,0.904,-0.226,2.9900,0.9360,-2.1830,295.087250,49.169899,13.529
9533489,K03783.01,,FALSE POSITIVE,FALSE POSITIVE,0.5210,0,1,0,0,197.145532700,3.0180000e-04,-3.0180000e-04,300.1769780,8.810000e-04,-8.810000e-04,1.2510,17.9500,-0.2270,2.11450,0.05400,-0.05400,5.6640e+03,1.210e+02,-1.210e+02,72.16,2.212e+01,-1.477e+01,498.0,,,14.53,13.13,-6.96,56.80,1,q1_q17_dr25_tce,7214.00,200.00,-342.00,4.093,0.112,-0.192,1.9350,0.5930,-0.3960,294.673770,46.122673,12.962
11825057,K03857.01,,FALSE POSITIVE,FALSE POSITIVE,0.0000,1,0,0,0,0.532087933,6.6000000e-08,-6.6000000e-08,131.9724090,1.310000e-04,-1.310000e-04,0.2790,0.0080,-0.0090,3.45028,0.00615,-0.00615,5.1037e+05,7.630e+02,-7.630e+02,74.83,0.000e+00,0.000e+00,2247.0,,,6002.61,0.00,0.00,1069.50,1,q1_q17_dr25_tce,5780.00,,,4.438,,,1.0000,,,296.969570,50.067093,18.852
12306699,K03858.01,,FALSE POSITIVE,FALSE POSITIVE,0.0000,0,1,1,0,3.204222652,6.3290000e-06,-6.3290000e-06,133.8222300,1.680000e-03,-1.680000e-03,1.2580,12.6500,-0.0290,2.79520,0.08030,-0.08030,8.9840e+02,2.380e+01,-2.380e+01,23.55,3.050e+00,-1.880e+00,979.0,,,217.46,94.54,-52.26,45.50,1,q1_q17_dr25_tce,5139.00,153.00,-138.00,4.609,0.033,-0.077,0.7410,0.0960,-0.0590,291.042140,51.026321,15.341
9692336,K03859.01,,FALSE POSITIVE,FALSE POSITIVE,0.0000,1,0,0,0,0.687898282,1.0300000e-07,-1.0300000e-07,131.5959790,1.680000e-04,-1.680000e-04,0.3370,0.0040,-0.0040,3.96401,0.00562,-0.00562,2.9350e+05,2.980e+02,-2.980e+02,55.58,0.000e+00,0.000e+00,2062.0,,,4267.13,0.00,0.00,1571.60,1,q1_q17_dr25_tce,5780.00,,,4.438,,,1.0000,,,282.174100,46.456760,17.490
9641008,K03860.01,,FALSE POSITIVE,FALSE POSITIVE,0.0000,0,1,1,1,2.178154774,2.7070000e-06,-2.7070000e-06,132.0243300,1.080000e-03,-1.080000e-03,1.2230,2.7120,-0.0160,3.53020,0.05180,-0.05180,6.6260e+02,8.900e+00,-8.900e+00,19.46,3.200e+00,-1.370e+00,1180.0,,,457.16,239.17,-102.44,89.20,1,q1_q17_dr25_tce,5515.00,163.00,-147.00,4.624,0.035,-0.105,0.7120,0.1170,-0.0500,288.009980,46.306061,14.489
8588377,K03861.01,,FALSE POSITIVE,FALSE POSITIVE,0.0000,0,1,1,0,0.994661720,2.5350000e-06,-2.5350000e-06,131.6328400,2.280000e-03,-2.280000e-03,1.2440,18.9600,-2.2270,1.57600,0.11800,-0.11800,1.3705e+03,8.180e+01,-8.180e+01,31.84,9.070e+00,-6.610e+00,1898.0,,,3078.85,2645.15,-1368.19,21.50,1,q1_q17_dr25_tce,5750.00,173.00,-173.00,4.332,0.205,-0.205,1.0210,0.2910,-0.2120,300.439000,44.663319,14.997
3644601,K03862.01,,FALSE POSITIVE,FALSE POSITIVE,0.0000,1,0,1,1,359.006880000,1.7700000e-02,-1.7700000e-02,295.8649000,2.640000e-02,-2.640000e-02,1.2630,71.8400,-2.6860,32.16000,1.30000,-1.30000,2.0158e+03,7.690e+01,-7.690e+01,28.57,7.680e+00,-2.570e+00,237.0,,,0.74,0.59,-0.20,35.30,1,q1_q17_dr25_tce,5715.00,155.00,-172.00,4.537,0.055,-0.176,0.8340,0.2240,-0.0750,291.188660,38.751259,15.164
4242692,K03928.01,Kepler-1531 b,CONFIRMED,CANDIDATE,0.9970,0,0,0,0,1.138548215,2.7010000e-06,-2.7010000e-06,132.4620500,1.770000e-03,-1.770000e-03,0.5450,0.0040,-0.4740,2.14820,0.06160,-0.06160,6.6200e+01,2.500e+00,-2.500e+00,1.45,2.900e-01,-4.500e-01,2537.0,,,9805.45,6021.02,-5589.86,31.50,1,q1_q17_dr25_tce,6520.00,175.00,-175.00,4.010,0.273,-0.117,1.7130,0.3510,-0.5270,285.146580,39.370789,13.194
8781480,K03929.01,,FALSE POSITIVE,FALSE POSITIVE,0.0000,0,1,1,0,121.059803700,7.7600000e-04,-7.7600000e-04,159.3454000,4.910000e-03,-4.910000e-03,1.2000,71.0700,-2.9930,3.11200,0.24300,-0.24300,1.5630e+03,1.130e+02,-1.130e+02,1680.99,8.362e+01,-3.344e+02,1792.0,,,2437.81,496.61,-1038.03,16.60,1,q1_q17_dr25_tce,3942.00,88.00,-108.00,1.101,0.030,-0.030,60.6880,3.0190,-12.0740,300.468200,44.981426,13.353
6783732,K07790.01,,FALSE POSITIVE,FALSE POSITIVE,0.0000,0,0,1,0,0.721335207,3.4300000e-06,-3.4300000e-06,131.5750500,3.820000e-03,-3.820000e-03,0.1030,0.3470,-0.1030,1.50900,0.13300,-0.13300,3.1800e+01,3.300e+00,-3.300e+00,0.54,1.600e-01,-5.000e-02,2162.0,,,5166.26,4541.99,-1510.77,12.00,1,q1_q17_dr25_tce,6328.00,158.00,-206.00,4.489,0.052,-0.208,0.9480,0.2890,-0.0960,293.668030,42.223511,13.982
11607176,K03930.01,,FALSE POSITIVE,FALSE POSITIVE,0.0000,1,0,1,0,3.282742720,1.3130000e-05,-1.3130000e-05,132.6446400,3.410000e-03,-3.410000e-03,0.9670,0.0020,-0.0030,8.90000,0.17800,-0.17800,2.9280e+02,5.300e+00,-5.300e+00,1.85,4.600e-01,-1.900e-01,1136.0,,,392.70,285.91,-111.45,68.20,1,q1_q17_dr25_tce,5741.00,155.00,-155.00,4.533,0.066,-0.165,0.8200,0.2020,-0.0870,289.862640,49.637299,14.518
10661718,K03931.01,,FALSE POSITIVE,FALSE POSITIVE,0.0000,0,1,1,1,1.231361934,2.1900000e-06,-2.1900000e-06,131.8078300,1.610000e-03,-1.610000e-03,0.9720,0.0050,-0.0030,5.43300,0.12800,-0.12800,4.7100e+02,9.600e+00,-9.600e+00,2.93,8.100e-01,-5.000e-01,1839.0,,,2707.51,2262.19,-1078.63,94.70,1,q1_q17_dr25_tce,6095.00,184.00,-202.00,4.378,0.132,-0.182,1.0160,0.2810,-0.1730,290.273280,47.986469,15.277
6105462,K02098.02,Kepler-1093 c,CONFIRMED,CANDIDATE,0.9770,0,0,0,0,89.722412500,7.8620000e-04,-7.8620000e-04,163.1581500,7.060000e-03,-7.060000e-03,0.7420,0.0040,-0.5320,10.96300,0.21200,-0.21200,2.6370e+02,1.080e+01,-1.080e+01,2.21,5.900e-01,-4.800e-01,508.0,,,15.69,12.38,-7.36,25.60,2,q1_q17_dr25_tce,6429.00,181.00,-227.00,4.241,0.180,-0.180,1.2620,0.3350,-0.2740,284.978000,41.420158,13.838
8257205,K01986.02,Kepler-1038 c,CONFIRMED,CANDIDATE,0.9890,0,0,0,0,7.127664170,3.9860000e-05,-3.9860000e-05,136.0058600,4.900000e-03,-4.900000e-03,0.1250,0.3310,-0.1250,2.49100,0.13800,-0.13800,2.2920e+02,1.660e+01,-1.660e+01,1.21,8.000e-02,-6.000e-02,784.0,,,89.24,18.97,-13.31,16.00,2,q1_q17_dr25_tce,5159.00,82.00,-82.00,4.548,0.032,-0.063,0.8210,0.0550,-0.0390,298.972170,44.132381,14.839
6470516,K03705.01,,FALSE POSITIVE,FALSE POSITIVE,0.0000,0,1,0,0,2.080431782,3.9800000e-07,-3.9800000e-07,131.8279950,2.020000e-04,-2.020000e-04,0.7710,0.0120,-0.0110,7.49970,0.01040,-0.01040,8.9420e+05,7.560e+02,-7.560e+02,345.70,7.110e+01,-8.696e+01,2719.0,,,12956.98,8071.50,-6841.87,1585.20,1,q1_q17_dr25_tce,8344.00,233.00,-350.00,4.040,0.192,-0.128,2.1150,0.4350,-0.5320,299.023530,41.821980,16.448
6891124,K07796.01,,CANDIDATE,CANDIDATE,0.9740,0,0,0,0,3.523646890,4.3540000e-05,-4.3540000e-05,134.1864000,1.030000e-02,-1.030000e-02,0.0040,0.4570,-0.0040,3.43900,0.31000,-0.31000,7.4200e+01,1.030e+01,-1.030e+01,0.94,3.100e-01,-1.100e-01,1330.0,,,739.80,726.26,-231.84,8.50,1,q1_q17_dr25_tce,6269.00,174.00,-218.00,4.412,0.070,-0.210,1.0850,0.3610,-0.1200,298.728210,42.372631,14.460
7770471,K03706.01,,FALSE POSITIVE,FALSE POSITIVE,0.0000,1,0,0,0,1.157804607,1.5400000e-07,-1.5400000e-07,132.4483270,1.470000e-04,-1.470000e-04,0.2600,0.0050,-0.0030,4.66082,0.00363,-0.00363,6.0571e+05,3.690e+02,-3.690e+02,118.11,3.639e+01,-2.429e+01,2255.0,,,6116.99,5562.93,-2816.53,1837.90,1,q1_q17_dr25_tce,6510.00,181.00,-250.00,4.219,0.153,-0.187,1.4250,0.4390,-0.2930,297.180480,43.477112,14.620
5130380,K03707.01,,FALSE POSITIVE,FALSE POSITIVE,0.0000,0,1,0,0,19.979098000,2.7580000e-05,-2.7580000e-05,137.1465900,1.530000e-03,-1.530000e-03,0.5760,0.0070,-0.0120,10.56380,0.03870,-0.03870,3.8418e+04,1.040e+02,-1.040e+02,22.98,6.300e+00,-5.170e+00,739.0,,,70.59,58.51,-33.52,449.10,1,q1_q17_dr25_tce,5907.00,178.00,-196.00,4.296,0.209,-0.190,1.1260,0.3090,-0.2530,299.155030,40.288132,16.299
6314173,K03708.01,,FALSE POSITIVE,FALSE POSITIVE,0.0000,0,1,0,0,1.433262401,6.3200000e-07,-6.3200000e-07,132.8226350,4.610000e-04,-4.610000e-04,0.3820,0.0220,-0.0190,6.22050,0.01500,-0.01500,4.2856e+05,1.342e+03,-1.342e+03,136.47,3.260e+01,-4.480e+01,2691.0,,,12427.14,9162.75,-7703.34,599.80,1,q1_q17_dr25_tce,7311.00,230.00,-307.00,4.013,0.273,-0.147,1.9590,0.4680,-0.6430,299.240630,41.621681,17.719
5688997,K03784.01,,FALSE POSITIVE,FALSE POSITIVE,0.0000,0,1,0,0,23.870694100,3.3860000e-04,-3.3860000e-04,136.9568000,1.170000e-02,-1.170000e-02,1.2930,68.9600,-0.0340,3.48120,0.03700,-0.03700,6.3863e+03,6.680e+01,-6.680e+01,49.60,1.429e+01,-9.530e+00,711.0,,,60.38,52.99,-26.70,114.80,1,q1_q17_dr25_tce,6022.00,189.00,-232.00,4.308,0.158,-0.193,1.1660,0.3360,-0.2240,285.841800,40.925449,14.219
9489524,K02029.04,,CANDIDATE,CANDIDATE,0.8630,0,0,0,0,4.788500840,6.0310000e-05,-6.0310000e-05,135.4574000,1.130000e-02,-1.130000e-02,0.3430,0.1260,-0.3430,2.09900,0.30200,-0.30200,6.6500e+01,1.070e+01,-1.070e+01,0.63,4.000e-02,-4.000e-02,889.0,,,147.95,35.67,-25.49,7.20,4,q1_q17_dr25_tce,5208.00,103.00,-103.00,4.563,0.036,-0.052,0.7720,0.0550,-0.0410,299.896510,46.051971,12.957
7031340,K07804.01,,FALSE POSITIVE,FALSE POSITIVE,0.0000,1,0,1,1,0.566769068,6.3340000e-06,-6.3340000e-06,131.8681000,1.000000e-02,-1.000000e-02,0.7730,0.2020,-0.5270,3.01100,0.36900,-0.36900,4.0000e+01,4.300e+00,-4.300e+00,1.06,4.300e-01,-5.100e-01,2661.0,,,11897.94,14254.39,-9120.08,14.90,1,q1_q17_dr25_tce,5496.00,164.00,-164.00,3.998,0.553,-0.237,1.5330,0.6100,-0.7460,291.057100,42.583359,14.447
4073730,K03785.01,,FALSE POSITIVE,FALSE POSITIVE,0.0000,1,0,0,0,6.282042600,1.3900000e-05,-1.3900000e-05,131.5890500,1.840000e-03,-1.840000e-03,0.9890,0.2090,-0.0270,7.94100,0.12800,-0.12800,1.4130e+03,1.780e+01,-1.780e+01,23.76,2.440e+00,-9.760e+00,2021.0,,,3938.81,1351.13,-2717.01,103.30,1,q1_q17_dr25_tce,6635.00,167.00,-183.00,3.511,0.368,-0.092,3.7980,0.3900,-1.5610,295.615940,39.196709,11.059
2854948,K03786.01,,FALSE POSITIVE,FALSE POSITIVE,0.0000,0,1,0,0,0.974303090,3.4400000e-07,-3.4400000e-07,132.3902050,3.130000e-04,-3.130000e-04,1.1690,0.2550,-0.1360,2.10880,0.01490,-0.01490,3.4976e+04,1.920e+02,-1.920e+02,37.62,9.340e+00,-3.110e+00,1643.0,,,1728.18,1339.90,-457.87,224.00,2,q1_q17_dr25_tce,5688.00,189.00,-189.00,4.583,0.040,-0.160,0.7860,0.1950,-0.0650,291.984160,38.088371,15.783
7813039,K03787.01,,CANDIDATE,CANDIDATE,0.0000,0,0,0,0,141.734030590,5.0110000e-05,-5.0110000e-05,167.3459820,2.900000e-04,-2.900000e-04,0.9120,0.0520,-0.0210,1.58510,0.03210,-0.03210,7.7364e+03,7.660e+01,-7.660e+01,10.30,1.380e+00,-7.400e-01,329.0,,,2.77,1.09,-0.55,157.40,1,q1_q17_dr25_tce,5606.00,112.00,-101.00,4.478,0.056,-0.112,0.9180,0.1230,-0.0660,288.439120,43.505249,13.891
3644601,K03862.02,,FALSE POSITIVE,FALSE POSITIVE,0.0000,1,0,1,1,119.686505000,3.6360000e-03,-3.6360000e-03,176.0608000,2.440000e-02,-2.440000e-02,1.2210,68.3700,-0.2130,29.33000,1.40000,-1.40000,8.4270e+02,3.510e+01,-3.510e+01,23.00,6.180e+00,-2.070e+00,341.0,,,3.21,2.55,-0.85,27.10,3,q1_q17_dr25_tce,5715.00,155.00,-172.00,4.537,0.055,-0.176,0.8340,0.2240,-0.0750,291.188660,38.751259,15.164
8459354,K03863.01,,FALSE POSITIVE,FALSE POSITIVE,0.0000,1,0,0,0,53.556625000,1.2330000e-03,-1.2330000e-03,184.4892000,2.210000e-02,-2.210000e-02,0.8790,0.0210,-0.5500,16.18000,1.20000,-1.20000,3.9630e+03,2.340e+02,-2.340e+02,26.31,4.430e+00,-1.328e+01,1076.0,,,317.03,165.76,-251.41,22.10,1,q1_q17_dr25_tce,7643.00,212.00,-318.00,3.639,0.467,-0.082,3.6180,0.6090,-1.8260,300.406770,44.414188,11.142
6531617,K07785.01,,CANDIDATE,CANDIDATE,0.3230,0,0,0,0,433.220461000,5.0760000e-03,-5.0760000e-03,271.0427700,9.770000e-03,-9.770000e-03,0.1780,0.2810,-0.1780,2.72500,0.49000,-0.49000,7.2510e+02,9.410e+01,-9.410e+01,2.07,3.300e-01,-2.500e-01,203.0,,,0.40,0.20,-0.13,9.50,1,q1_q17_dr25_tce,5232.00,156.00,-156.00,4.519,0.096,-0.168,0.7770,0.1260,-0.0940,294.627140,41.933182,14.546
4164922,K03864.01,Kepler-1698 b,CONFIRMED,CANDIDATE,1.0000,0,0,0,0,1.210693626,1.5920000e-06,-1.5920000e-06,132.3930600,1.070000e-03,-1.070000e-03,0.5970,0.3270,-0.3740,1.43400,0.03880,-0.03880,1.5910e+02,4.700e+00,-4.700e+00,0.99,5.000e-02,-6.000e-02,1351.0,,,784.51,154.33,-140.73,41.60,1,q1_q17_dr25_tce,5014.00,100.00,-100.00,4.559,0.044,-0.032,0.7560,0.0390,-0.0430,293.344970,39.257809,12.914
12061969,K02061.02,Kepler-2001 b,CONFIRMED,CANDIDATE,0.9980,0,0,0,0,1.090011003,5.8220000e-06,-5.8220000e-06,131.5806600,3.730000e-03,-3.730000e-03,0.5310,0.0010,-0.4790,1.50000,0.16000,-0.16000,1.7480e+02,1.830e+01,-1.830e+01,1.04,1.300e-01,-8.000e-02,1402.0,,,911.28,396.55,-206.34,12.60,2,q1_q17_dr25_tce,5081.00,166.00,-136.00,4.596,0.028,-0.083,0.7700,0.0950,-0.0550,291.659520,50.583881,15.753
4164922,K03864.02,,CANDIDATE,CANDIDATE,0.9990,0,0,0,0,18.257272200,1.0810000e-04,-1.0810000e-04,134.4452700,4.710000e-03,-4.710000e-03,0.4120,0.0520,-0.4120,3.43400,0.14200,-0.14200,1.5750e+02,9.600e+00,-9.600e+00,0.94,5.000e-02,-5.000e-02,547.0,,,21.16,4.16,-3.79,17.30,2,q1_q17_dr25_tce,5014.00,100.00,-100.00,4.559,0.044,-0.032,0.7560,0.0390,-0.0430,293.344970,39.257809,12.914
10328393,K01905.03,Kepler-332 d,CONFIRMED,CANDIDATE,0.9980,0,0,0,0,34.211502200,3.0040000e-04,-3.0040000e-04,154.5750800,7.850000e-03,-7.850000e-03,0.0340,0.4350,-0.0340,4.94700,0.19900,-0.19900,2.7380e+02,1.430e+01,-1.430e+01,1.15,8.000e-02,-4.000e-02,427.0,,,7.82,1.79,-1.18,20.70,3,q1_q17_dr25_tce,4955.00,100.00,-100.00,4.610,0.018,-0.046,0.7210,0.0470,-0.0290,286.662960,47.413700,14.017
10259029,K03630.01,,FALSE POSITIVE,FALSE POSITIVE,0.0000,0,1,0,0,7.061149921,2.1770000e-06,-2.1770000e-06,134.5585280,3.500000e-04,-3.500000e-04,0.9120,0.0620,-0.0530,3.33515,0.00602,-0.00602,1.3126e+05,2.450e+02,-2.450e+02,43.71,1.052e+01,-4.490e+00,842.0,,,118.87,89.69,-35.30,631.50,1,q1_q17_dr25_tce,5585.00,186.00,-186.00,4.564,0.050,-0.150,0.7980,0.1920,-0.0820,284.674840,47.340809,17.115
8299947,K03631.01,,FALSE POSITIVE,FALSE POSITIVE,0.0000,0,1,0,0,2.682767439,1.2030000e-06,-1.2030000e-06,131.5706480,5.130000e-04,-5.130000e-04,0.5090,0.0150,-0.0140,4.58143,0.00961,-0.00961,3.9441e+05,8.480e+02,-8.480e+02,70.67,0.000e+00,0.000e+00,1310.0,,,695.41,0.00,0.00,508.40,1,q1_q17_dr25_tce,5780.00,,,4.438,,,1.0000,,,291.886570,44.224564,17.743
3335813,K03632.01,,FALSE POSITIVE,FALSE POSITIVE,0.0000,0,1,1,1,3.711012492,1.3010000e-06,-1.3010000e-06,132.4884550,2.890000e-04,-2.890000e-04,1.2720,0.1350,-0.1640,3.33940,0.01490,-0.01490,7.5598e+03,3.540e+01,-3.540e+01,46.24,1.515e+01,-6.500e+00,1310.0,,,695.05,667.18,-245.95,257.40,1,q1_q17_dr25_tce,6141.00,165.00,-202.00,4.365,0.105,-0.210,1.1170,0.3660,-0.1570,289.697570,38.408852,13.789
11858741,K03633.01,,FALSE POSITIVE,FALSE POSITIVE,0.0000,0,1,1,0,1.780982447,1.0530000e-06,-1.0530000e-06,131.5201340,6.940000e-04,-6.940000e-04,0.0020,0.0690,-0.0020,3.42970,0.01140,-0.01140,3.5770e+05,1.380e+03,-1.380e+03,60.45,0.000e+00,0.000e+00,1502.0,,,1204.30,0.00,0.00,324.00,1,q1_q17_dr25_tce,5780.00,,,4.438,,,1.0000,,,288.760280,50.176834,16.485
6363494,K03634.01,,FALSE POSITIVE,FALSE POSITIVE,0.0000,0,1,0,0,1.815632406,1.0500000e-06,-1.0500000e-06,131.9113803,7.780000e-05,-7.780000e-05,1.0400,0.1070,-0.0590,3.35773,0.00347,-0.00347,6.1574e+04,5.260e+01,-5.260e+01,108.78,3.708e+01,-3.709e+01,3429.0,,,32652.55,33054.24,-20746.31,1413.90,1,q1_q17_dr25_tce,9954.00,284.00,-426.00,4.070,0.210,-0.210,2.4080,0.8210,-0.8210,291.634950,41.765690,14.420
2576107,K03709.01,,FALSE POSITIVE,FALSE POSITIVE,0.0000,0,1,0,0,205.583330900,1.7500000e-04,-1.7500000e-04,234.7462560,6.290000e-04,-6.290000e-04,1.2150,42.2400,-0.1280,6.03530,0.04540,-0.04540,2.4872e+04,1.360e+02,-1.360e+02,42.69,1.362e+01,-4.250e+00,323.0,,,2.58,2.43,-0.79,216.10,1,q1_q17_dr25_tce,6328.00,177.00,-244.00,4.516,0.039,-0.221,0.9150,0.2920,-0.0910,291.523130,37.887642,15.247
9532421,K03710.01,,FALSE POSITIVE,FALSE POSITIVE,0.0000,0,1,0,0,4.309067482,7.9010000e-06,-7.9010000e-06,134.7144500,1.380000e-03,-1.380000e-03,1.9930,49.4500,-1.5200,2.21000,0.03610,-0.03610,2.3647e+04,3.460e+02,-3.460e+02,101.41,9.890e+00,-9.900e+00,882.0,,,142.60,54.16,-41.69,82.00,1,q1_q17_dr25_tce,4897.00,169.00,-169.00,4.526,0.080,-0.096,0.7890,0.0770,-0.0770,294.291930,46.161968,16.770
6936966,K07797.01,,FALSE POSITIVE,FALSE POSITIVE,0.0000,0,0,1,1,36.472152300,8.6800000e-04,-8.6800000e-04,159.7848000,1.540000e-02,-1.540000e-02,0.7380,0.2290,-0.5430,2.67300,0.61800,-0.61800,5.2600e+01,9.500e+00,-9.500e+00,0.70,1.500e-01,-6.000e-02,527.0,,,18.29,11.02,-4.75,7.70,1,q1_q17_dr25_tce,5853.00,131.00,-160.00,4.529,0.038,-0.152,0.8950,0.1890,-0.0810,287.945040,42.413551,11.894
5653849,K03711.01,,FALSE POSITIVE,FALSE POSITIVE,0.0000,0,1,1,0,111.039620500,3.7370000e-04,-3.7370000e-04,161.9350600,2.700000e-03,-2.700000e-03,0.8510,0.0040,-0.0050,25.75100,0.17700,-0.17700,9.3562e+03,5.670e+01,-5.670e+01,8.60,1.370e+00,-1.110e+00,335.0,,,2.97,1.51,-0.98,201.90,1,q1_q17_dr25_tce,5470.00,163.00,-163.00,4.509,0.115,-0.115,0.7770,0.1230,-0.1010,299.845980,40.845310,14.587
2437060,K03712.01,,FALSE POSITIVE,FALSE POSITIVE,0.0010,0,1,0,0,3.187087241,8.2960000e-06,-8.2960000e-06,132.8582000,1.380000e-03,-1.380000e-03,0.6650,0.0640,-0.0330,7.28970,0.06560,-0.06560,1.2909e+05,1.153e+03,-1.153e+03,928.96,1.417e+02,-5.316e+02,4037.0,,,62743.06,29183.95,-52468.51,197.00,1,q1_q17_dr25_tce,4599.00,114.00,-126.00,2.137,0.450,-0.180,23.6730,3.6120,-13.5460,290.199520,37.776989,16.988
8127648,K03713.01,,FALSE POSITIVE,FALSE POSITIVE,0.0000,0,1,0,0,1.023470248,5.6300000e-07,-5.6300000e-07,131.7032740,6.080000e-04,-6.080000e-04,1.4090,4.3490,-0.1370,2.38040,0.02030,-0.02030,1.2953e+05,6.120e+02,-6.120e+02,100.39,0.000e+00,0.000e+00,1807.0,,,2522.39,0.00,0.00,262.20,1,q1_q17_dr25_tce,5780.00,,,4.438,,,1.0000,,,300.458830,43.936024,17.506
11564013,K03714.01,,FALSE POSITIVE,FALSE POSITIVE,0.0000,0,1,0,0,0.875267982,1.2470000e-06,-1.2470000e-06,132.0322400,1.300000e-03,-1.300000e-03,1.2580,18.2400,-0.2920,1.60380,0.05520,-0.05520,1.1701e+04,3.270e+02,-3.270e+02,39.19,9.650e+00,-7.020e+00,1910.0,,,3157.34,2424.83,-1273.76,44.90,1,q1_q17_dr25_tce,5821.00,192.00,-174.00,4.402,0.167,-0.185,0.8980,0.2210,-0.1610,294.319120,49.532131,15.207
9405541,K03788.01,,FALSE POSITIVE,FALSE POSITIVE,0.0000,0,1,0,0,5.552606950,1.1970000e-05,-1.1970000e-05,132.0842800,1.760000e-03,-1.760000e-03,1.1740,14.1900,-0.0600,4.11780,0.08300,-0.08300,7.2760e+02,1.410e+01,-1.410e+01,2674.69,7.567e+02,-5.045e+02,6436.0,,,404932.04,329288.29,-161122.47,60.70,1,q1_q17_dr25_tce,3306.00,81.00,-73.00,0.273,0.208,-0.112,116.9650,33.0910,-22.0610,292.439300,45.952358,9.687
8906045,K03789.01,,FALSE POSITIVE,FALSE POSITIVE,0.0000,1,0,0,1,2.347479696,4.8200000e-06,-4.8200000e-06,133.6720500,1.660000e-03,-1.660000e-03,1.0510,0.0420,-0.0370,26.25000,2.30000,-2.30000,8.1996e+04,4.780e+02,-4.780e+02,60.50,1.749e+01,-1.164e+01,1502.0,,,1207.51,1024.68,-510.01,261.10,1,q1_q17_dr25_tce,5891.00,159.00,-176.00,4.305,0.175,-0.175,1.1380,0.3290,-0.2190,298.283230,45.130939,14.177
7031638,K07805.01,,FALSE POSITIVE,FALSE POSITIVE,0.0000,0,1,0,1,1.133530950,1.4950000e-05,-1.4950000e-05,132.4414000,1.340000e-02,-1.340000e-02,0.1170,0.3600,-0.1170,3.17000,0.27600,-0.27600,1.8500e+01,1.900e+00,-1.900e+00,0.49,1.000e-01,-6.000e-02,2006.0,,,3840.87,2511.45,-1238.56,11.10,1,q1_q17_dr25_tce,6318.00,156.00,-203.00,4.360,0.081,-0.150,1.1210,0.2520,-0.1360,291.158050,42.576279,13.145
7296094,K03790.01,,FALSE POSITIVE,FALSE POSITIVE,0.0050,0,1,1,1,0.890745373,4.4700000e-07,-4.4700000e-07,131.8844010,5.600000e-04,-5.600000e-04,0.5990,0.0200,-0.0250,1.92150,0.02060,-0.02060,1.2003e+05,8.910e+02,-8.910e+02,36.92,0.000e+00,0.000e+00,1892.0,,,3015.62,0.00,0.00,239.60,1,q1_q17_dr25_tce,5780.00,,,4.438,,,1.0000,,,295.788120,42.846355,18.590
5437945,K03791.01,Kepler-460 b,CONFIRMED,CANDIDATE,0.0000,0,0,0,0,440.784375500,9.2080000e-04,-9.2080000e-04,139.3535000,1.670000e-03,-1.670000e-03,0.4240,0.0390,-0.2750,21.69300,0.13000,-0.13000,2.5790e+03,1.610e+01,-1.610e+01,7.23,2.000e+00,-2.000e+00,308.0,,,2.14,1.74,-1.16,181.00,1,q1_q17_dr25_tce,6340.00,171.00,-209.00,4.163,0.246,-0.164,1.3930,0.3850,-0.3850,288.474850,40.651360,13.771
12009347,K03792.01,,FALSE POSITIVE,FALSE POSITIVE,0.0000,0,1,0,0,2.723858181,5.6200000e-06,-5.6200000e-06,133.5763200,1.790000e-03,-1.790000e-03,0.9130,0.0210,-0.6730,1.43130,0.07820,-0.07820,5.4970e+03,2.930e+02,-2.930e+02,7.13,2.000e-01,-5.800e-01,900.0,,,154.53,29.43,-38.81,23.80,1,q1_q17_dr25_tce,4416.00,132.00,-132.00,4.570,0.056,-0.016,0.7330,0.0210,-0.0590,289.348630,50.482861,15.561
4037163,K03793.01,,FALSE POSITIVE,FALSE POSITIVE,0.0000,1,0,0,0,0.635441862,2.5900000e-07,-2.5900000e-07,131.9666070,4.620000e-04,-4.620000e-04,0.8720,0.0730,-0.0620,1.98270,0.01010,-0.01010,1.4761e+05,5.840e+02,-5.840e+02,56.30,0.000e+00,0.000e+00,2118.0,,,4750.98,0.00,0.00,317.10,2,q1_q17_dr25_tce,5780.00,,,4.438,,,1.0000,,,285.080140,39.183899,16.675
5535890,K03865.01,,FALSE POSITIVE,FALSE POSITIVE,0.0000,0,1,1,0,3.255189932,8.6220000e-06,-8.6220000e-06,134.6015000,2.330000e-03,-2.330000e-03,0.4470,0.0200,-0.4470,2.71170,0.08080,-0.08080,1.1920e+02,3.700e+00,-3.700e+00,1.39,2.100e-01,-2.500e-01,1390.0,,,880.52,349.66,-324.28,38.30,1,q1_q17_dr25_tce,5807.00,79.00,-79.00,4.230,0.176,-0.108,1.2560,0.1890,-0.2300,292.527340,40.745201,13.088
5215980,K03866.01,,FALSE POSITIVE,FALSE POSITIVE,0.0000,0,1,1,1,2.531140101,5.5240000e-06,-5.5240000e-06,132.4947100,1.980000e-03,-1.980000e-03,1.2490,0.0620,-0.0550,20.39900,0.22200,-0.22200,1.1786e+04,5.320e+01,-5.320e+01,32.12,5.650e+00,-2.440e+00,1100.0,,,346.06,202.59,-89.57,304.20,1,q1_q17_dr25_tce,5325.00,185.00,-185.00,4.607,0.035,-0.112,0.7500,0.1320,-0.0570,298.579380,40.365108,15.209
9353742,K03867.01,Kepler-1523 b,CONFIRMED,CANDIDATE,1.0000,0,0,0,0,0.938750221,1.1550000e-06,-1.1550000e-06,131.6825600,1.020000e-03,-1.020000e-03,0.0130,0.4370,-0.0130,1.35680,0.03180,-0.03180,2.8070e+02,6.900e+00,-6.900e+00,1.46,1.900e-01,-6.000e-02,1676.0,,,1874.28,634.47,-272.72,47.40,1,q1_q17_dr25_tce,5497.00,74.00,-82.00,4.527,0.026,-0.111,0.8860,0.1120,-0.0420,296.054050,45.827049,14.860
9178185,K03868.01,,FALSE POSITIVE,FALSE POSITIVE,0.0000,0,1,1,0,2.992704682,4.0570000e-06,-4.0570000e-06,133.2951800,1.090000e-03,-1.090000e-03,0.6470,0.2750,-0.4370,1.25850,0.03940,-0.03940,3.6110e+02,1.140e+01,-1.140e+01,7.86,1.800e+00,-5.390e+00,2328.0,,,6932.19,5069.34,-6339.46,39.90,1,q1_q17_dr25_tce,5908.00,206.00,-206.00,3.497,0.756,-0.133,3.9150,0.8950,-2.6860,299.553380,45.522049,13.957
6290382,K03869.01,,FALSE POSITIVE,FALSE POSITIVE,0.0000,0,1,0,0,6.128107220,3.1270000e-05,-3.1270000e-05,137.0345600,4.100000e-03,-4.100000e-03,1.1590,69.8400,-0.1680,2.82400,0.20600,-0.20600,2.3360e+03,1.610e+02,-1.610e+02,39.52,1.316e+01,-8.080e+00,1513.0,,,1237.90,1251.70,-587.89,17.50,1,q1_q17_dr25_tce,7245.00,228.00,-330.00,4.158,0.132,-0.198,1.6670,0.5550,-0.3410,293.519200,41.671791,13.186
3327992,K03635.01,,FALSE POSITIVE,FALSE POSITIVE,0.0000,0,1,1,1,2.115511511,3.3910000e-06,-3.3910000e-06,131.9913700,1.400000e-03,-1.400000e-03,1.2780,4.5230,-0.3490,8.51160,0.05900,-0.05900,2.5805e+04,1.840e+02,-1.840e+02,36.16,1.750e+00,-3.230e+00,897.0,,,152.34,39.71,-44.32,153.30,1,q1_q17_dr25_tce,4188.00,146.00,-161.00,4.615,0.053,-0.018,0.6610,0.0320,-0.0590,287.179350,38.433701,15.582
5649206,K03636.01,,FALSE POSITIVE,FALSE POSITIVE,0.0000,0,1,0,0,2.446736567,6.8500000e-07,-6.8500000e-07,133.9685340,3.080000e-04,-3.080000e-04,0.4770,0.0090,-0.0090,5.02010,0.00611,-0.00611,4.1586e+05,4.800e+02,-4.800e+02,71.52,0.000e+00,0.000e+00,1351.0,,,788.17,0.00,0.00,1037.30,1,q1_q17_dr25_tce,5780.00,,,4.438,,,1.0000,,,298.958470,40.863552,17.991
5193384,K03637.01,,FALSE POSITIVE,FALSE POSITIVE,0.0000,0,1,0,0,21.377953600,3.1580000e-04,-3.1580000e-04,157.8164000,1.640000e-02,-1.640000e-02,0.0000,0.0560,0.0000,24.87200,0.24100,-0.24100,2.5524e+05,3.067e+03,-3.067e+03,173.18,4.518e+01,-2.436e+01,1062.0,,,300.32,203.38,-87.62,101.90,1,q1_q17_dr25_tce,4905.00,66.00,-51.00,3.300,0.135,-0.165,3.4840,0.9090,-0.4900,293.659880,40.361942,19.065
5181804,K03638.01,,FALSE POSITIVE,FALSE POSITIVE,0.0000,0,1,0,0,4.350460215,2.9790000e-06,-2.9790000e-06,132.2723900,7.770000e-04,-7.770000e-04,4.2030,44.2600,-0.0860,2.52760,0.01250,-0.01250,5.0424e+04,2.410e+02,-2.410e+02,533.08,1.528e+02,-1.250e+02,1472.0,,,1107.34,940.90,-552.87,247.20,1,q1_q17_dr25_tce,6585.00,185.00,-254.00,4.208,0.175,-0.175,1.4160,0.4060,-0.3320,290.228360,40.355389,15.929
10491544,K03639.01,,FALSE POSITIVE,FALSE POSITIVE,0.0000,0,1,1,1,22.771945120,3.1660000e-05,-3.1660000e-05,133.8426100,1.040000e-03,-1.040000e-03,1.2630,0.0910,-0.1820,10.19950,0.05950,-0.05950,3.0246e+04,1.680e+02,-1.680e+02,251.93,1.472e+02,-6.793e+01,1254.0,,,584.54,1068.82,-297.05,208.60,1,q1_q17_dr25_tce,5073.00,154.00,-102.00,3.020,0.352,-0.288,4.6100,2.6930,-1.2430,298.911650,47.658298,13.436
9101496,K01915.02,Kepler-335 c,CONFIRMED,CANDIDATE,0.8080,0,0,0,0,67.844689000,1.0050000e-03,-1.0050000e-03,149.5007000,1.250000e-02,-1.250000e-02,0.3680,0.0870,-0.3680,11.75700,0.40100,-0.40100,2.1120e+02,1.210e+01,-1.210e+01,2.65,4.100e-01,-6.700e-01,592.0,,,29.08,12.90,-14.07,18.90,2,q1_q17_dr25_tce,5878.00,117.00,-117.00,4.005,0.196,-0.084,1.8120,0.2810,-0.4570,296.064330,45.428619,13.996
11450414,K01992.02,Kepler-347 c,CONFIRMED,CANDIDATE,1.0000,0,0,0,0,27.321424200,2.6650000e-04,-2.6650000e-04,154.2983300,8.570000e-03,-8.570000e-03,0.9830,0.0440,-0.6940,4.83600,0.27500,-0.27500,2.7960e+02,1.770e+01,-1.770e+01,3.61,5.200e-01,-8.500e-01,705.0,,,58.35,22.39,-26.06,14.90,2,q1_q17_dr25_tce,5592.00,75.00,-75.00,4.115,0.195,-0.090,1.4510,0.2110,-0.3420,289.199580,49.305721,14.513
4937143,K03715.01,,FALSE POSITIVE,FALSE POSITIVE,0.0000,0,1,0,0,9.848839680,3.7320000e-05,-3.7320000e-05,135.9930000,2.420000e-03,-2.420000e-03,1.2500,5.1960,-0.1130,5.74250,0.03770,-0.03770,2.2012e+04,1.140e+02,-1.140e+02,63.42,1.893e+01,-1.021e+01,1134.0,,,390.19,343.59,-161.73,236.60,2,q1_q17_dr25_tce,6938.00,192.00,-312.00,4.281,0.105,-0.195,1.3100,0.3910,-0.2110,295.338840,40.037289,16.350
8719324,K03716.01,,FALSE POSITIVE,FALSE POSITIVE,0.0000,1,0,0,0,10.233359690,,,139.7882155,,,,,,7.55000,,,,,,,,,,,,,,,,2,q1_q17_dr25_tce,,,,,,,,,,301.114290,44.825802,11.614
11241814,K03717.01,,FALSE POSITIVE,FALSE POSITIVE,0.0000,0,1,0,0,227.662522200,1.8120000e-04,-1.8120000e-04,232.2419950,5.260000e-04,-5.260000e-04,1.2500,1.4270,-0.1170,5.50720,0.03320,-0.03320,1.3895e+04,7.320e+01,-7.320e+01,44.24,1.341e+01,-5.750e+00,319.0,,,2.46,2.24,-0.83,227.50,1,q1_q17_dr25_tce,6124.00,183.00,-201.00,4.414,0.105,-0.195,1.0070,0.3050,-0.1310,290.582890,48.960411,14.984
5036537,K03718.01,,FALSE POSITIVE,FALSE POSITIVE,0.0000,0,1,1,1,1.061008730,5.4800000e-07,-5.4800000e-07,132.5212760,4.820000e-04,-4.820000e-04,0.8820,0.0060,-0.0070,2.67150,0.03140,-0.03140,6.3671e+03,5.280e+01,-5.280e+01,9.14,2.290e+00,-1.410e+00,1568.0,,,1434.99,1166.96,-541.96,174.90,1,q1_q17_dr25_tce,5080.00,192.00,-174.00,4.417,0.148,-0.259,0.9470,0.2370,-0.1460,297.877930,40.104710,15.564
9837083,K03719.01,,FALSE POSITIVE,FALSE POSITIVE,0.0000,0,1,0,0,0.623393802,4.1000000e-08,-4.1000000e-08,131.5991280,6.160000e-05,-6.160000e-05,1.1370,0.0820,-0.0420,1.40392,0.00278,-0.00278,3.0192e+04,4.360e+01,-4.360e+01,28.21,2.040e+00,-2.690e+00,1379.0,,,849.08,273.04,-248.05,867.80,1,q1_q17_dr25_tce,4330.00,154.00,-154.00,4.628,0.053,-0.025,0.6390,0.0460,-0.0610,294.319430,46.619598,16.180
12557548,K03794.01,Kepler-1520 b,CONFIRMED,CANDIDATE,0.7610,0,0,0,0,0.653553610,1.6500000e-07,-1.6500000e-07,132.0589570,2.060000e-04,-2.060000e-04,1.2260,1.0480,-0.0800,1.63000,0.01240,-0.01240,4.5959e+03,2.670e+01,-2.670e+01,22.95,1.880e+00,-1.880e+00,1437.0,,,1004.07,317.94,-254.34,217.40,1,q1_q17_dr25_tce,4550.00,136.00,-136.00,4.622,0.042,-0.032,0.6600,0.0540,-0.0540,290.966220,51.504719,15.692
3657758,K02034.02,Kepler-1065 c,CONFIRMED,CANDIDATE,1.0000,0,0,0,0,2.370293200,3.0660000e-05,-3.0660000e-05,133.6801000,1.180000e-02,-1.180000e-02,0.0030,0.4570,-0.0030,1.66600,0.29200,-0.29200,2.2480e+02,4.030e+01,-4.030e+01,1.29,3.700e-01,-1.200e-01,1256.0,,,588.10,501.38,-166.12,7.00,2,q1_q17_dr25_tce,5668.00,169.00,-186.00,4.545,0.036,-0.192,0.8680,0.2460,-0.0820,294.511260,38.790501,15.540
7031726,K07806.01,,FALSE POSITIVE,FALSE POSITIVE,0.0000,0,1,0,1,0.566793534,2.0520000e-06,-2.0520000e-06,131.8368000,3.140000e-03,-3.140000e-03,0.0600,0.2910,-0.0600,4.71400,0.12400,-0.12400,9.2400e+01,3.300e+00,-3.300e+00,122.64,1.006e+01,-3.019e+01,14667.0,,,10947554.55,3617132.59,-5362422.45,40.40,1,q1_q17_dr25_tce,3420.00,111.00,-91.00,0.269,0.255,-0.085,138.0560,11.3280,-33.9830,291.186860,42.591022,11.476
3338660,K03795.01,,FALSE POSITIVE,FALSE POSITIVE,0.0000,0,1,0,0,1.873380717,5.2100000e-07,-5.2100000e-07,131.7956340,2.920000e-04,-2.920000e-04,0.2700,0.0030,-0.0070,10.10830,0.01130,-0.01130,5.3872e+05,7.500e+02,-7.500e+02,89.79,2.499e+01,-2.047e+01,1669.0,,,1830.27,1556.55,-884.55,1513.70,1,q1_q17_dr25_tce,5992.00,189.00,-210.00,4.283,0.190,-0.190,1.1710,0.3260,-0.2670,290.474210,38.427368,14.807
3338674,K03796.01,,FALSE POSITIVE,FALSE POSITIVE,0.0000,0,1,1,1,1.873378940,2.1210000e-06,-2.1210000e-06,131.7963930,9.530000e-04,-9.530000e-04,0.8830,0.0020,-0.0030,9.13280,0.06630,-0.06630,5.4440e+03,3.040e+01,-3.040e+01,51.11,1.565e+01,-6.710e+00,2925.0,,,17342.01,14244.33,-4797.71,223.10,1,q1_q17_dr25_tce,4740.00,78.00,-50.00,2.900,0.140,-0.140,5.7210,1.7520,-0.7510,290.477140,38.426910,12.708
5546277,K03797.01,,FALSE POSITIVE,FALSE POSITIVE,0.0000,0,1,1,0,7.500239550,2.0300000e-05,-2.0300000e-05,137.3884800,2.120000e-03,-2.120000e-03,1.1940,37.4100,-0.1910,2.91600,0.11900,-0.11900,2.7320e+02,1.120e+01,-1.120e+01,21.06,6.370e+00,-1.990e+00,901.0,,,155.60,134.58,-42.65,29.00,1,q1_q17_dr25_tce,5849.00,140.00,-175.00,4.517,0.037,-0.200,0.9190,0.2780,-0.0870,295.369140,40.787121,13.610
8258160,K03870.01,,FALSE POSITIVE,FALSE POSITIVE,0.0000,0,1,0,0,23.627034800,2.2640000e-04,-2.2640000e-04,150.0362000,1.090000e-02,-1.090000e-02,1.0960,38.2100,-0.1060,11.48100,0.16000,-0.16000,8.4330e+03,1.170e+02,-1.170e+02,21.71,3.500e+00,-2.560e+00,560.0,,,23.17,12.65,-7.53,78.40,1,q1_q17_dr25_tce,5305.00,185.00,-185.00,4.477,0.099,-0.121,0.8570,0.1380,-0.1010,299.218810,44.181862,16.375
9752982,K03871.01,,FALSE POSITIVE,FALSE POSITIVE,0.0000,1,0,0,0,0.716709897,4.4800000e-07,-4.4800000e-07,132.0508460,5.200000e-04,-5.200000e-04,1.1820,10.3200,-0.1230,0.74660,0.04650,-0.04650,9.3250e+02,2.410e+01,-2.410e+01,66.73,3.609e+01,-5.415e+01,3124.0,,,22605.13,35600.12,-21944.34,47.60,1,q1_q17_dr25_tce,5173.00,106.00,-247.00,3.471,1.240,-0.310,2.7420,1.4830,-2.2250,282.198430,46.520290,12.224
4666008,K03872.01,,FALSE POSITIVE,FALSE POSITIVE,0.0000,0,1,1,1,2.248063246,4.2170000e-06,-4.2170000e-06,132.7544100,1.770000e-03,-1.770000e-03,1.2250,0.9640,-0.1610,5.12970,0.07090,-0.07090,6.3170e+02,8.400e+00,-8.400e+00,30.38,1.035e+01,-3.440e+00,1566.0,,,1421.38,1383.44,-441.85,87.90,1,q1_q17_dr25_tce,6325.00,149.00,-205.00,4.409,0.056,-0.210,1.1120,0.3790,-0.1260,294.770630,39.751202,14.434
8430105,K03873.01,,FALSE POSITIVE,FALSE POSITIVE,0.0000,1,0,0,0,63.327863600,1.1750000e-04,-1.1750000e-04,165.2265600,1.510000e-03,-1.510000e-03,0.0030,0.0470,-0.0030,47.07440,0.04660,-0.04660,1.1515e+04,2.080e+01,-2.080e+01,54.17,1.591e+01,-8.560e+00,896.0,,,152.49,118.38,-48.91,619.60,3,q1_q17_dr25_tce,4919.00,74.00,-52.00,2.979,0.140,-0.140,5.1980,1.5260,-0.8220,291.558620,44.488190,10.420
9517393,K02076.02,Kepler-1085 b,CONFIRMED,CANDIDATE,1.0000,0,0,0,0,219.321556200,8.5170000e-04,-8.5170000e-04,320.7286200,2.180000e-03,-2.180000e-03,0.2440,0.0780,-0.2440,12.41240,0.09640,-0.09640,3.6287e+03,4.120e+01,-4.120e+01,6.11,1.520e+00,-6.500e-01,313.0,,,2.27,1.71,-0.67,93.80,1,q1_q17_dr25_tce,6063.00,181.00,-181.00,4.476,0.055,-0.165,1.0120,0.2520,-0.1080,287.477630,46.141178,15.273
8052474,K03640.01,,FALSE POSITIVE,FALSE POSITIVE,0.0000,0,1,0,0,245.438202100,1.2530000e-04,-1.2530000e-04,361.3028350,3.850000e-04,-3.850000e-04,1.0010,0.0220,-0.0200,14.50200,0.03700,-0.03700,1.1312e+04,1.980e+01,-1.980e+01,19.17,5.210e+00,-3.470e+00,289.0,,,1.66,1.39,-0.69,844.70,1,q1_q17_dr25_tce,5637.00,186.00,-186.00,4.383,0.153,-0.187,0.9900,0.2690,-0.1790,298.783600,43.854832,12.777
3534118,K03641.01,,FALSE POSITIVE,FALSE POSITIVE,0.0000,0,1,0,0,178.412989900,3.0960000e-05,-3.0960000e-05,218.2252350,1.270000e-04,-1.270000e-04,0.9360,0.0930,-0.0460,2.92980,0.01240,-0.01240,3.7510e+04,1.000e+02,-1.000e+02,33.24,5.850e+00,-3.590e+00,361.0,,,4.00,2.00,-1.09,535.10,1,q1_q17_dr25_tce,6078.00,122.00,-134.00,4.346,0.084,-0.126,1.1480,0.2020,-0.1240,288.327850,38.627621,13.944
3534118,K03641.02,,FALSE POSITIVE,FALSE POSITIVE,0.0000,1,1,0,0,178.449730040,,,217.6718259,,,,,,12.86000,,,,,,,,,,,,,,,,2,q1_q17_dr25_tce,,,,,,,,,,288.327850,38.627621,13.944
2441161,K03642.01,,FALSE POSITIVE,FALSE POSITIVE,0.0000,0,1,0,0,2.192004364,1.4630000e-06,-1.4630000e-06,132.2181140,7.610000e-04,-7.610000e-04,1.0030,0.1700,-0.1270,3.07500,0.01490,-0.01490,9.9583e+04,4.180e+02,-4.180e+02,37.56,5.910e+00,-2.510e+00,1118.0,,,369.54,198.02,-90.41,298.70,1,q1_q17_dr25_tce,5306.00,185.00,-185.00,4.642,0.030,-0.096,0.6870,0.1080,-0.0460,290.938450,37.701172,16.654
3231120,K03643.01,,FALSE POSITIVE,FALSE POSITIVE,0.0000,0,1,0,0,3.900109346,2.0630000e-06,-2.0630000e-06,133.3805440,6.020000e-04,-6.020000e-04,0.7330,0.0540,-0.0330,3.90370,0.01670,-0.01670,1.2619e+05,4.510e+02,-4.510e+02,40.37,1.146e+01,-5.290e+00,1160.0,,,427.83,364.88,-145.15,448.00,1,q1_q17_dr25_tce,5791.00,172.00,-190.00,4.424,0.105,-0.180,0.9690,0.2750,-0.1270,290.344450,38.377071,16.597
12216706,K03644.01,,FALSE POSITIVE,FALSE POSITIVE,0.0000,0,1,0,0,1.471060209,1.2950000e-06,-1.2950000e-06,132.2752200,2.200000e-04,-2.200000e-04,0.8950,0.0220,-0.0290,4.37080,0.01110,-0.01110,1.4844e+05,3.100e+02,-3.100e+02,165.15,3.336e+01,-7.778e+01,3693.0,,,43941.18,26833.88,-33639.77,563.00,1,q1_q17_dr25_tce,8749.00,241.00,-379.00,3.806,0.425,-0.100,2.9110,0.5880,-1.3710,295.743770,50.830921,15.009
12216706,K03644.02,,FALSE POSITIVE,FALSE POSITIVE,,1,1,0,0,0.735537630,,,131.5246162,,,,,,2.00000,,,,,,,,,,,,,,,,,,,,,,,,,,,295.743770,50.830921,15.009
10735331,K03720.01,,FALSE POSITIVE,FALSE POSITIVE,0.0000,0,1,0,0,213.399040600,1.0870000e-04,-1.0870000e-04,274.2096850,3.830000e-04,-3.830000e-04,0.9810,0.0460,-0.0300,6.50430,0.03400,-0.03400,1.3930e+04,5.270e+01,-5.270e+01,35.20,7.380e+00,-9.020e+00,468.0,,,11.32,7.18,-5.97,370.90,1,q1_q17_dr25_tce,6960.00,194.00,-267.00,4.069,0.176,-0.144,1.8300,0.3840,-0.4690,293.490660,48.095371,13.381
7763269,K03721.01,,FALSE POSITIVE,FALSE POSITIVE,0.0000,0,1,0,0,6.408029790,7.8090000e-05,-7.8090000e-05,134.0732000,1.000000e-02,-1.000000e-02,1.2870,51.8700,-0.2540,2.92880,0.03400,-0.03400,7.7841e+03,8.580e+01,-8.580e+01,51.44,1.555e+01,-1.034e+01,1157.0,,,424.01,390.02,-192.66,108.20,1,q1_q17_dr25_tce,6261.00,197.00,-241.00,4.293,0.153,-0.187,1.1940,0.3610,-0.2400,295.154910,43.444321,14.078
8365739,K03722.01,,CANDIDATE,CANDIDATE,0.2070,0,0,0,0,2.389201050,,,132.0599100,,,,,,3.15000,,,,,,,,,,,,752.42,920.63,-258.45,,1,q1_q17_dr25_tce,,,,,,,,,,291.887540,44.345619,15.366
5471606,K03723.01,,FALSE POSITIVE,FALSE POSITIVE,0.0000,1,0,0,1,0.962835804,6.7700000e-07,-6.7700000e-07,132.1984750,6.030000e-04,-6.030000e-04,0.8360,0.0040,-0.0050,4.98440,0.04550,-0.04550,1.4328e+04,9.480e+01,-9.480e+01,458.02,1.792e+02,-1.195e+02,7100.0,,,602806.92,743581.97,-307798.22,209.20,1,q1_q17_dr25_tce,3982.00,145.00,-108.00,1.464,0.286,-0.234,32.2440,12.6180,-8.4120,297.699740,40.641468,10.820
11200405,K03724.01,,FALSE POSITIVE,FALSE POSITIVE,0.0220,0,1,0,0,4.639602084,7.0600000e-06,-7.0600000e-06,135.0990900,1.700000e-03,-1.700000e-03,0.6340,0.0320,-0.0550,3.46360,0.05790,-0.05790,2.5079e+04,2.160e+02,-2.160e+02,19.96,5.560e+00,-5.570e+00,1285.0,,,643.95,554.90,-351.05,131.00,1,q1_q17_dr25_tce,6078.00,200.00,-200.00,4.223,0.270,-0.180,1.1940,0.3330,-0.3330,296.354130,48.863621,16.803
5475736,K03798.01,,FALSE POSITIVE,FALSE POSITIVE,0.0000,0,1,1,1,2.991885335,4.2300000e-06,-4.2300000e-06,134.1758100,1.220000e-03,-1.220000e-03,0.9500,0.0020,-0.0020,7.43190,0.07690,-0.07690,1.3569e+03,1.240e+01,-1.240e+01,3.94,8.500e-01,-5.800e-01,1209.0,,,505.77,338.60,-174.64,160.20,1,q1_q17_dr25_tce,5750.00,172.00,-155.00,4.464,0.140,-0.154,0.8390,0.1830,-0.1220,298.578190,40.675480,14.011
9049673,K03799.01,,FALSE POSITIVE,FALSE POSITIVE,0.0000,0,1,1,0,1.327471395,1.0140000e-06,-1.0140000e-06,131.5837340,6.510000e-04,-6.510000e-04,0.8970,0.0040,-0.0050,5.23340,0.04690,-0.04690,5.6738e+03,4.280e+01,-4.280e+01,7.08,9.400e-01,-8.600e-01,1395.0,,,892.40,440.54,-286.29,218.70,1,q1_q17_dr25_tce,5232.00,203.00,-166.00,4.519,0.090,-0.081,0.7770,0.1030,-0.0940,299.816710,45.332821,15.818
7031898,K07807.01,,FALSE POSITIVE,FALSE POSITIVE,0.0000,0,0,1,1,0.566792595,9.9000000e-06,-9.9000000e-06,131.8170000,1.460000e-02,-1.460000e-02,0.0680,0.4180,-0.0680,2.63700,0.51300,-0.51300,1.9900e+01,2.700e+00,-2.700e+00,0.50,1.000e-01,-8.000e-02,2548.0,,,10020.28,6008.08,-3812.10,9.40,1,q1_q17_dr25_tce,6277.00,170.00,-189.00,4.322,0.135,-0.135,1.1210,0.2230,-0.1830,291.246640,42.562382,12.982
9593759,K03800.01,,FALSE POSITIVE,FALSE POSITIVE,0.0000,0,1,0,0,1.247156944,2.4080000e-06,-2.4080000e-06,132.3658400,1.840000e-03,-1.840000e-03,25.2240,10.3300,-0.0130,2.67790,0.03690,-0.03690,1.3476e+05,1.743e+03,-1.743e+03,26042.90,9.456e+03,-1.156e+04,4120.0,,,68223.38,74432.78,-49313.25,92.40,1,q1_q17_dr25_tce,4770.00,143.00,-129.00,2.605,0.442,-0.238,9.6700,3.5110,-4.2920,294.107330,46.209469,17.474
8827930,K03801.01,,CANDIDATE,CANDIDATE,0.9900,0,0,0,0,288.312866600,5.0730000e-04,-5.0730000e-04,374.7995800,1.250000e-03,-1.250000e-03,0.5250,0.0620,-0.3580,5.41900,0.10900,-0.10900,1.1181e+04,1.310e+02,-1.310e+02,13.21,2.070e+00,-2.300e+00,300.0,,,1.93,0.79,-0.68,96.80,1,q1_q17_dr25_tce,5672.00,76.00,-76.00,4.252,0.162,-0.108,1.2200,0.1910,-0.2120,295.206940,45.098190,15.999
5020044,K03802.01,,FALSE POSITIVE,FALSE POSITIVE,0.0000,0,1,1,1,2.119100054,2.7960000e-06,-2.7960000e-06,132.5911800,1.130000e-03,-1.130000e-03,1.2470,0.1980,-0.0880,8.21630,0.08290,-0.08290,1.6511e+03,1.130e+01,-1.130e+01,34.34,1.067e+01,-4.270e+00,1571.0,,,1435.29,1309.88,-469.33,195.70,1,q1_q17_dr25_tce,6292.00,171.00,-202.00,4.426,0.052,-0.208,1.0780,0.3350,-0.1340,294.305850,40.193779,13.835
11560037,K03874.01,,FALSE POSITIVE,FALSE POSITIVE,0.0000,0,1,0,0,1.466535757,7.1600000e-07,-7.1600000e-07,131.9926580,3.940000e-04,-3.940000e-04,0.8240,0.0470,-0.5750,0.82220,0.03480,-0.03480,1.3464e+03,2.940e+01,-2.940e+01,4.28,1.240e+00,-7.700e-01,1671.0,,,1849.31,1575.29,-744.53,86.10,1,q1_q17_dr25_tce,5888.00,159.00,-177.00,4.387,0.128,-0.192,1.0200,0.2960,-0.1820,292.357480,49.514511,15.446
11911561,K03875.01,,FALSE POSITIVE,FALSE POSITIVE,1.0000,0,1,0,0,8.870415578,9.0220000e-06,-9.0220000e-06,137.4810930,8.690000e-04,-8.690000e-04,1.2060,70.6100,-0.0330,1.28640,0.05140,-0.05140,8.7310e+02,2.580e+01,-2.580e+01,39.46,1.110e+01,-1.668e+01,1151.0,,,414.26,360.89,-292.07,43.80,1,q1_q17_dr25_tce,6022.00,200.00,-181.00,4.027,0.434,-0.186,1.5140,0.4260,-0.6400,290.149140,50.239178,13.579
6547322,K07786.01,,FALSE POSITIVE,FALSE POSITIVE,0.0000,0,0,1,0,1.491317590,2.4160000e-05,-2.4160000e-05,132.1676000,1.490000e-02,-1.490000e-02,0.4670,0.5220,-0.2550,4.72100,0.43500,-0.43500,2.5800e+01,3.000e+00,-3.000e+00,1.26,2.800e-01,-7.000e-01,2475.0,,,8873.77,6129.60,-7341.02,10.30,1,q1_q17_dr25_tce,6014.00,192.00,-213.00,3.782,0.578,-0.136,2.4290,0.5370,-1.3440,298.307860,41.965389,13.953
3440118,K03876.01,Kepler-1928 b,CONFIRMED,CANDIDATE,1.0000,0,0,0,0,19.577832790,3.6960000e-05,-3.6960000e-05,131.7142100,1.530000e-03,-1.530000e-03,0.6940,0.0070,-0.5090,1.98570,0.04800,-0.04800,4.3260e+02,1.350e+01,-1.350e+01,1.96,2.700e-01,-9.000e-02,621.0,,,35.14,13.80,-5.49,37.20,1,q1_q17_dr25_tce,5620.00,100.00,-111.00,4.533,0.023,-0.113,0.8840,0.1230,-0.0390,290.440670,38.523560,12.624
9159265,K03877.01,,FALSE POSITIVE,FALSE POSITIVE,0.0000,0,1,1,1,3.044766070,1.3830000e-05,-1.3830000e-05,132.4370800,3.880000e-03,-3.880000e-03,1.1590,0.6530,-0.0670,9.56800,0.18800,-0.18800,2.7260e+02,4.900e+00,-4.900e+00,15.70,3.970e+00,-1.320e+00,1126.0,,,379.01,283.05,-94.21,67.00,1,q1_q17_dr25_tce,5627.00,152.00,-152.00,4.568,0.040,-0.160,0.8180,0.2070,-0.0690,293.682250,45.511398,14.506
4472818,K03878.01,Kepler-1524 b,CONFIRMED,CANDIDATE,0.9820,0,0,0,0,70.967208700,1.8470000e-04,-1.8470000e-04,182.6699100,2.020000e-03,-2.020000e-03,0.5450,0.0350,-0.4190,6.96230,0.07040,-0.07040,7.8470e+02,1.230e+01,-1.230e+01,2.84,4.200e-01,-1.500e-01,438.0,,,8.66,3.43,-1.31,69.30,1,q1_q17_dr25_tce,5818.00,78.00,-78.00,4.464,0.040,-0.120,0.9860,0.1480,-0.0530,293.885410,39.519810,12.720
5816806,K03645.01,,FALSE POSITIVE,FALSE POSITIVE,0.0000,0,1,0,0,4.455433460,1.8960000e-06,-1.8960000e-06,134.4539210,4.470000e-04,-4.470000e-04,0.4690,0.0060,-0.0070,5.11600,0.01300,-0.01300,2.4568e+05,6.980e+02,-6.980e+02,51.69,0.000e+00,0.000e+00,1106.0,,,354.27,0.00,0.00,508.60,1,q1_q17_dr25_tce,5780.00,,,4.438,,,1.0000,,,298.337980,41.075291,17.046
6531496,K03646.01,,FALSE POSITIVE,FALSE POSITIVE,0.0000,0,1,1,0,14.323889947,5.4150000e-06,-5.4150000e-06,135.2259640,4.210000e-04,-4.210000e-04,1.0730,0.0290,-0.0270,4.83729,0.00711,-0.00711,6.9072e+04,9.640e+01,-9.640e+01,45.93,1.335e+01,-4.460e+00,720.0,,,63.62,54.63,-18.63,834.30,1,q1_q17_dr25_tce,5853.00,163.00,-204.00,4.529,0.048,-0.204,0.8950,0.2600,-0.0870,294.590520,41.946510,16.095
9661869,K03647.01,,FALSE POSITIVE,FALSE POSITIVE,0.0000,0,1,0,0,20.427232317,8.2290000e-06,-8.2290000e-06,135.8628070,4.440000e-04,-4.440000e-04,5.4990,29.5600,-0.8440,3.46429,0.00881,-0.00881,1.2181e+05,2.730e+02,-2.730e+02,601.32,1.904e+02,-8.797e+01,749.0,,,74.27,71.37,-27.97,526.60,1,q1_q17_dr25_tce,6167.00,193.00,-236.00,4.354,0.108,-0.201,1.1210,0.3550,-0.1640,296.657070,46.380520,16.677
6790592,K07791.01,,CANDIDATE,CANDIDATE,0.8050,0,0,0,0,106.187320000,3.1740000e-02,-3.1740000e-02,180.7960000,1.720000e-01,-1.720000e-01,0.0270,0.4290,-0.0270,10.29000,2.60000,-2.60000,2.6610e+02,3.270e+01,-3.270e+01,231.85,1.394e+01,-4.179e+01,2660.0,,,11829.18,3460.56,-4608.56,8.60,1,q1_q17_dr25_tce,3287.00,117.00,-78.00,0.114,0.208,-0.052,152.9690,9.1920,-27.5760,295.439730,42.209061,10.028
9411166,K01922.03,Kepler-1016 c,CONFIRMED,CANDIDATE,1.0000,0,0,0,0,105.655265100,6.2450000e-04,-6.2450000e-04,230.0986500,4.890000e-03,-4.890000e-03,0.3710,0.0590,-0.3710,9.39000,0.13700,-0.13700,1.3669e+03,3.350e+01,-3.350e+01,4.22,6.600e-01,-5.500e-01,407.0,,,6.51,2.71,-1.83,42.30,2,q1_q17_dr25_tce,5741.00,77.00,-77.00,4.331,0.115,-0.115,1.1360,0.1800,-0.1470,294.613650,45.984619,15.356
3097352,K03648.01,,FALSE POSITIVE,FALSE POSITIVE,0.0000,0,1,0,0,4.029803201,2.9070000e-06,-2.9070000e-06,134.4224330,8.140000e-04,-8.140000e-04,0.1700,0.0380,-0.0660,4.43010,0.02030,-0.02030,1.9107e+05,6.500e+02,-6.500e+02,47.58,1.483e+01,-6.360e+00,1233.0,,,545.64,516.63,-195.58,352.30,1,q1_q17_dr25_tce,6024.00,189.00,-232.00,4.385,0.108,-0.201,1.0780,0.3360,-0.1440,285.687040,38.261150,16.936
6066379,K03649.01,,FALSE POSITIVE,FALSE POSITIVE,0.0000,0,1,1,0,1.303858554,3.8800000e-07,-3.8800000e-07,131.6068720,3.360000e-04,-3.360000e-04,0.9280,0.0270,-0.0220,4.36797,0.00679,-0.00679,1.2664e+05,1.680e+02,-1.680e+02,73.29,2.095e+01,-1.714e+01,2080.0,,,4438.11,3865.57,-2210.09,904.00,1,q1_q17_dr25_tce,6282.00,197.00,-241.00,4.207,0.195,-0.175,1.3430,0.3840,-0.3140,298.132480,41.334270,15.475
6508221,K00416.03,,CANDIDATE,CANDIDATE,0.9810,0,0,0,0,9.747658780,9.8820000e-05,-9.8820000e-05,139.1642400,7.960000e-03,-7.960000e-03,0.6580,0.2950,-0.4340,2.62000,0.31200,-0.31200,1.0200e+02,1.150e+01,-1.150e+01,0.78,6.000e-02,-3.000e-02,679.0,,,50.30,12.33,-7.67,11.60,3,q1_q17_dr25_tce,5176.00,102.00,-102.00,4.612,0.016,-0.060,0.7380,0.0540,-0.0310,286.865480,41.989079,14.290
12154526,K02004.02,Kepler-1047 c,CONFIRMED,CANDIDATE,1.0000,0,0,0,0,3.188990150,1.9700000e-05,-1.9700000e-05,133.5262400,5.220000e-03,-5.220000e-03,0.5260,0.4290,-0.3110,2.72200,0.15100,-0.15100,6.6200e+01,4.100e+00,-4.100e+00,0.98,1.500e-01,-1.300e-01,1309.0,,,693.65,307.57,-205.70,18.40,2,q1_q17_dr25_tce,5700.00,114.00,-114.00,4.327,0.103,-0.115,1.1760,0.1820,-0.1490,288.646270,50.788979,13.351
6952971,K07798.01,,CANDIDATE,CANDIDATE,0.4750,0,0,0,0,309.891030000,1.6300000e-02,-1.6300000e-02,259.0588000,4.030000e-02,-4.030000e-02,0.5690,0.0010,-0.4820,16.40000,1.50000,-1.50000,3.2130e+02,3.690e+01,-3.690e+01,2.15,7.300e-01,-2.400e-01,314.0,,,2.30,2.21,-0.72,10.70,1,q1_q17_dr25_tce,6450.00,153.00,-211.00,4.386,0.065,-0.208,1.1550,0.3890,-0.1300,293.172120,42.483238,14.706
3459199,K03725.01,,FALSE POSITIVE,FALSE POSITIVE,0.0000,0,1,0,0,1.570518376,1.8510000e-06,-1.8510000e-06,132.3405230,9.790000e-04,-9.790000e-04,1.2950,2.6160,-0.0080,3.20350,0.05360,-0.05360,2.2132e+03,3.420e+01,-3.420e+01,450.76,5.632e+01,-1.803e+02,4106.0,,,67267.85,24114.36,-45097.68,76.70,1,q1_q17_dr25_tce,5314.00,95.00,-116.00,2.782,0.304,-0.076,11.8200,1.4770,-4.7280,295.202880,38.519550,10.055
6973796,K03726.01,,FALSE POSITIVE,FALSE POSITIVE,0.0000,0,1,0,0,115.994336400,1.1420000e-04,-1.1420000e-04,139.5716800,8.190000e-04,-8.190000e-04,0.0280,0.2830,-0.0280,2.41360,0.03890,-0.03890,3.7571e+04,4.580e+02,-4.580e+02,13.66,5.700e-01,-1.250e+00,265.0,,,1.16,0.29,-0.33,102.40,1,q1_q17_dr25_tce,4530.00,159.00,-159.00,4.566,0.060,-0.020,0.7350,0.0310,-0.0670,298.123960,42.403172,15.852
12023089,K03727.01,,FALSE POSITIVE,FALSE POSITIVE,,0,1,0,0,0.623441636,5.0000000e-08,-5.0000000e-08,131.6792187,7.240000e-05,-7.240000e-05,1.2127,0.1008,-0.0702,1.46001,0.00370,-0.00370,1.9340e+04,4.410e+01,-4.410e+01,29.19,4.240e+00,-2.370e+00,1711.0,,,2025.22,1058.20,-527.99,164.70,1,q1_q17_dr24_tce,5319.00,202.00,-174.00,4.612,0.062,-0.088,0.6540,0.0950,-0.0530,296.591490,50.490028,15.626
6286155,K03803.01,,FALSE POSITIVE,FALSE POSITIVE,0.0000,0,1,1,1,14.541747100,3.8290000e-05,-3.8290000e-05,137.5873400,1.980000e-03,-1.980000e-03,1.2140,30.2800,-0.1760,5.60670,0.09530,-0.09530,1.0886e+03,1.790e+01,-1.790e+01,163.25,1.315e+01,-2.630e+01,1494.0,,,1176.23,286.55,-406.10,71.20,1,q1_q17_dr25_tce,5032.00,80.00,-90.00,3.042,0.030,-0.030,5.9220,0.4770,-0.9540,292.169070,41.619759,13.763
7831363,K03804.01,,FALSE POSITIVE,FALSE POSITIVE,0.0000,0,1,0,0,2.817533810,7.7210000e-05,-7.7210000e-05,132.8937000,2.240000e-02,-2.240000e-02,1.3730,39.0300,-1.2380,2.15510,0.07430,-0.07430,3.8360e+03,1.180e+02,-1.180e+02,52.91,1.451e+01,-9.680e+00,1494.0,,,1180.61,990.68,-507.62,39.30,1,q1_q17_dr25_tce,6313.00,200.00,-244.00,4.325,0.153,-0.187,1.0980,0.3010,-0.2010,294.774930,43.592918,14.248
8804845,K02039.02,Kepler-1067 b,CONFIRMED,CANDIDATE,0.9940,0,0,0,0,0.762132307,3.7990000e-06,-3.7990000e-06,131.6154200,3.750000e-03,-3.750000e-03,0.3990,0.0520,-0.3990,1.22000,0.15500,-0.15500,6.3700e+01,8.000e+00,-8.000e+00,0.75,1.100e-01,-4.000e-02,1872.0,,,2913.14,1051.78,-477.21,11.50,2,q1_q17_dr25_tce,5594.00,75.00,-83.00,4.489,0.038,-0.113,0.9340,0.1270,-0.0540,285.387420,45.049049,14.305
4663185,K03805.01,,FALSE POSITIVE,FALSE POSITIVE,0.0000,0,0,1,0,56.699310700,1.1860000e-04,-1.1860000e-04,146.1473000,1.760000e-03,-1.760000e-03,1.2640,66.2100,-0.0050,7.07060,0.09780,-0.09780,5.8247e+03,9.180e+01,-9.180e+01,539.16,1.118e+02,-1.678e+02,1261.0,,,598.36,316.06,-337.24,76.30,1,q1_q17_dr25_tce,4727.00,56.00,-98.00,2.497,0.156,-0.096,13.5470,2.8100,-4.2150,294.079380,39.729641,11.356
5305471,K03806.01,,FALSE POSITIVE,FALSE POSITIVE,0.0000,1,0,1,1,161.252247000,1.6290000e-03,-1.6290000e-03,189.1094800,7.640000e-03,-7.640000e-03,0.8920,0.0070,-0.0170,23.46700,0.44600,-0.44600,2.1859e+03,3.110e+01,-3.110e+01,4.49,8.200e-01,-5.500e-01,303.0,,,2.00,1.14,-0.64,84.10,1,q1_q17_dr25_tce,5555.00,166.00,-166.00,4.502,0.104,-0.127,0.8110,0.1480,-0.0990,298.943660,40.405190,14.178
5560830,K03879.01,,FALSE POSITIVE,FALSE POSITIVE,0.0000,1,0,1,1,0.867719291,9.7800000e-07,-9.7800000e-07,132.1655970,9.810000e-04,-9.810000e-04,1.2700,0.1500,-0.1000,6.32300,0.14200,-0.14200,2.6518e+03,2.300e+01,-2.300e+01,37.79,1.167e+01,-5.010e+00,2106.0,,,4662.20,4226.73,-1634.94,157.10,1,q1_q17_dr25_tce,6220.00,169.00,-225.00,4.398,0.090,-0.195,1.0560,0.3260,-0.1400,298.494510,40.733608,14.445
4147444,K03880.01,,CANDIDATE,CANDIDATE,0.0000,0,0,0,0,1.803697292,4.0020000e-06,-4.0020000e-06,131.5136500,1.850000e-03,-1.850000e-03,0.4050,0.0670,-0.4050,1.59220,0.05010,-0.05010,6.9700e+01,3.300e+00,-3.300e+00,1.00,3.000e-01,-1.700e-01,1783.0,,,2385.75,2161.97,-943.67,25.80,1,q1_q17_dr25_tce,6438.00,181.00,-227.00,4.330,0.108,-0.201,1.1660,0.3570,-0.1920,288.867370,39.264961,10.762
8211824,K03881.01,,FALSE POSITIVE,FALSE POSITIVE,,0,1,0,0,0.841121870,5.5400000e-07,-5.5400000e-07,132.1649390,7.060000e-04,-7.060000e-04,1.0871,1.2430,-0.3132,2.04310,0.03910,-0.03910,7.5070e+04,9.990e+02,-9.990e+02,39.34,6.010e+00,-3.730e+00,1514.0,,,1240.91,644.57,-335.20,89.70,,,5048.00,172.00,-144.00,4.571,0.063,-0.083,0.7070,0.1080,-0.0670,281.744600,44.169640,16.055
5980800,K03882.01,,FALSE POSITIVE,FALSE POSITIVE,,0,1,0,0,0.828326025,1.5200000e-07,-1.5200000e-07,132.1758060,1.650000e-04,-1.650000e-04,1.3292,0.2668,-0.2371,1.42721,0.00831,-0.00831,1.0718e+04,4.440e+01,-4.440e+01,49.67,2.407e+01,-7.570e+00,1845.0,,,2739.59,4244.63,-995.63,164.50,,,5400.00,200.00,-161.00,4.382,0.142,-0.308,0.9780,0.4740,-0.1490,297.203520,41.228909,15.044
9592850,K03883.01,,FALSE POSITIVE,FALSE POSITIVE,0.0000,0,1,0,0,1.219324537,1.4140000e-06,-1.4140000e-06,131.9467300,1.210000e-03,-1.210000e-03,0.4890,0.0340,-0.0320,4.75010,0.02690,-0.02690,3.7906e+05,1.684e+03,-1.684e+03,60.62,1.467e+01,-7.900e+00,1569.0,,,1432.21,1102.78,-479.51,241.00,1,q1_q17_dr25_tce,5455.00,191.00,-172.00,4.458,0.104,-0.156,0.8970,0.2170,-0.1170,293.767820,46.237591,16.400
6227560,K03650.01,,FALSE POSITIVE,FALSE POSITIVE,0.0000,0,1,0,0,2.401751509,2.2510000e-06,-2.2510000e-06,133.7119190,8.290000e-04,-8.290000e-04,5.2500,36.6200,-0.0780,2.08350,0.03460,-0.03460,2.5044e+04,3.600e+02,-3.600e+02,268.75,2.075e+01,-2.075e+01,888.0,,,146.91,49.01,-38.60,83.10,1,q1_q17_dr25_tce,4577.00,162.00,-162.00,4.688,0.052,-0.032,0.5570,0.0430,-0.0430,297.758450,41.513641,15.927
5866104,K03651.01,,FALSE POSITIVE,FALSE POSITIVE,0.0000,0,1,0,0,36.977095370,4.2600000e-05,-4.2600000e-05,133.6264000,1.270000e-03,-1.270000e-03,0.7500,0.0670,-0.0510,5.20630,0.02310,-0.02310,2.1714e+05,1.317e+03,-1.317e+03,59.66,0.000e+00,0.000e+00,546.0,,,21.08,0.00,0.00,204.90,1,q1_q17_dr25_tce,5780.00,,,4.438,,,1.0000,,,288.444850,41.172604,17.066
8256044,K03652.01,,FALSE POSITIVE,FALSE POSITIVE,0.0000,0,1,0,0,16.371883638,5.1750000e-06,-5.1750000e-06,140.0200730,3.520000e-04,-3.520000e-04,1.0660,0.1100,-0.0790,3.44467,0.00654,-0.00654,6.5927e+04,1.270e+02,-1.270e+02,70.73,1.899e+01,-2.534e+01,840.0,,,117.90,98.11,-74.91,639.80,1,q1_q17_dr25_tce,5642.00,186.00,-169.00,4.114,0.357,-0.153,1.4150,0.3800,-0.5070,298.675570,44.175732,15.879
8780968,K03653.01,,FALSE POSITIVE,FALSE POSITIVE,0.0000,0,1,0,0,2.617284592,1.0180000e-06,-1.0180000e-06,132.3906830,4.030000e-04,-4.030000e-04,0.7430,0.0120,-0.0130,9.55450,0.01020,-0.01020,2.3145e+05,2.320e+02,-2.320e+02,162.67,6.221e+01,-1.155e+02,2013.0,,,3885.11,4792.20,-3602.81,1215.20,1,q1_q17_dr25_tce,5510.00,219.00,-197.00,3.641,0.904,-0.226,2.6490,1.0130,-1.8810,300.335570,44.986271,16.304
6960446,K03654.01,,FALSE POSITIVE,FALSE POSITIVE,0.0000,0,1,0,0,10.148735210,1.2710000e-05,-1.2710000e-05,136.0250100,1.370000e-03,-1.370000e-03,0.9650,0.2610,-0.1290,5.60300,0.03110,-0.03110,1.1612e+05,5.300e+02,-5.300e+02,71.11,2.047e+01,-1.487e+01,1045.0,,,281.19,238.91,-130.56,250.90,1,q1_q17_dr25_tce,6366.00,176.00,-242.00,4.239,0.180,-0.180,1.2960,0.3730,-0.2710,295.195830,42.418911,16.798
8264097,K03655.01,,FALSE POSITIVE,FALSE POSITIVE,0.0000,0,1,0,0,2.897436854,1.0920000e-06,-1.0920000e-06,132.0385020,4.170000e-04,-4.170000e-04,0.6420,0.0200,-0.0200,3.28330,0.00956,-0.00956,2.8981e+05,1.236e+03,-1.236e+03,64.69,0.000e+00,0.000e+00,1277.0,,,627.44,0.00,0.00,274.20,1,q1_q17_dr25_tce,5780.00,,,4.438,,,1.0000,,,300.872310,44.144318,17.687
7515679,K03728.01,Kepler-1517 b,CONFIRMED,CANDIDATE,0.0000,0,0,0,0,5.546083089,8.2580000e-06,-8.2580000e-06,133.5034800,1.230000e-03,-1.230000e-03,0.9020,0.0130,-0.6290,2.71700,0.11000,-0.11000,2.2110e+03,4.550e+01,-4.550e+01,22.27,2.200e+00,-1.250e+01,2336.0,,,7027.09,2437.78,-5901.49,56.40,1,q1_q17_dr25_tce,7358.00,203.00,-330.00,3.538,0.580,-0.061,4.0370,0.4000,-2.2660,287.807220,43.188782,12.252
9674592,K03729.01,,FALSE POSITIVE,FALSE POSITIVE,0.0000,1,0,1,0,6.873663980,1.0680000e-05,-1.0680000e-05,136.1396600,1.340000e-03,-1.340000e-03,0.9580,1.3670,-0.0430,7.08450,0.06200,-0.06200,9.7669e+03,7.740e+01,-7.740e+01,12.01,2.870e+00,-1.030e+00,859.0,,,128.52,95.83,-34.52,143.20,2,q1_q17_dr25_tce,5662.00,186.00,-186.00,4.575,0.040,-0.160,0.8050,0.1920,-0.0690,300.412930,46.380669,15.933
9674592,K03729.02,,FALSE POSITIVE,FALSE POSITIVE,0.0000,1,0,1,0,6.873664120,,,132.4575658,,,,,,4.85000,,,,,,,,,,,,,,,,1,q1_q17_dr25_tce,,,,,,,,,,300.412930,46.380669,15.933
10879213,K03730.01,,FALSE POSITIVE,FALSE POSITIVE,0.0000,0,1,0,0,0.668483494,2.8800000e-07,-2.8800000e-07,132.1565580,4.970000e-04,-4.970000e-04,0.7730,0.1100,-0.0810,2.41290,0.02320,-0.02320,7.2277e+05,3.395e+03,-3.395e+03,138.76,0.000e+00,0.000e+00,2082.0,,,4439.53,0.00,0.00,334.30,1,q1_q17_dr25_tce,5780.00,,,4.438,,,1.0000,,,298.259920,48.218964,18.792
5650314,K03731.01,,FALSE POSITIVE,FALSE POSITIVE,0.0860,0,0,1,0,1.070272827,4.9400000e-07,-4.9400000e-07,131.8358910,4.130000e-04,-4.130000e-04,1.2690,0.2670,-0.1750,4.28440,0.01960,-0.01960,9.8865e+03,4.050e+01,-4.050e+01,28.73,3.170e+00,-1.930e+00,1224.0,,,528.52,219.10,-129.89,284.00,1,q1_q17_dr25_tce,4628.00,162.00,-162.00,4.651,0.024,-0.056,0.6530,0.0720,-0.0440,299.170620,40.871059,15.926
6962901,K07799.01,,FALSE POSITIVE,FALSE POSITIVE,0.0000,0,1,1,0,0.977170246,1.5300000e-06,-1.5300000e-06,132.2378300,1.140000e-03,-1.140000e-03,0.6460,0.1020,-0.2420,3.48420,0.05720,-0.05720,1.5110e+02,2.000e+00,-2.000e+00,5.08,1.200e+00,-2.400e+00,3226.0,,,25506.22,18365.12,-19376.75,94.50,1,q1_q17_dr25_tce,5596.00,168.00,-201.00,3.480,0.336,-0.120,3.9380,0.9300,-1.8610,295.747590,42.401630,12.439
8302302,K03732.01,,FALSE POSITIVE,FALSE POSITIVE,0.0000,0,1,0,0,1.135930136,3.2300000e-07,-3.2300000e-07,132.3965560,2.640000e-04,-2.640000e-04,1.2820,0.1200,-0.0840,4.50360,0.01090,-0.01090,2.7247e+04,5.810e+01,-5.810e+01,52.05,1.582e+01,-5.290e+00,1836.0,,,2683.57,2486.11,-834.54,551.70,1,q1_q17_dr25_tce,6247.00,198.00,-242.00,4.489,0.052,-0.208,0.9540,0.2900,-0.0970,292.805790,44.236050,15.524
10581918,K03807.01,,FALSE POSITIVE,FALSE POSITIVE,0.0000,1,0,0,0,1.801863222,7.9500000e-07,-7.9500000e-07,132.4844900,3.740000e-04,-3.740000e-04,0.6810,0.0170,-0.0170,7.24920,0.02590,-0.02590,2.6258e+05,7.030e+02,-7.030e+02,145.36,2.952e+01,-5.479e+01,2721.0,,,12930.10,8251.00,-8701.88,463.40,2,q1_q17_dr25_tce,7479.00,235.00,-314.00,3.919,0.308,-0.132,2.3240,0.4720,-0.8760,283.043700,47.804630,12.796
3851949,K03808.01,,FALSE POSITIVE,FALSE POSITIVE,0.0060,0,1,0,0,54.771459680,6.8950000e-05,-6.8950000e-05,143.7431900,1.010000e-03,-1.010000e-03,0.6370,0.0070,-0.0090,37.18710,0.07870,-0.07870,7.2248e+03,1.120e+01,-1.120e+01,34.32,1.038e+01,-1.926e+01,777.0,,,86.12,81.37,-71.73,751.10,1,q1_q17_dr25_tce,5145.00,179.00,-179.00,3.466,0.623,-0.208,3.8660,1.1690,-2.1700,291.903350,38.925861,13.939
9097892,K03809.01,,FALSE POSITIVE,FALSE POSITIVE,0.0000,0,1,1,0,1.674690886,8.9000000e-07,-8.9000000e-07,132.1721070,4.550000e-04,-4.550000e-04,1.2120,1.4400,-0.1330,2.01790,0.02360,-0.02360,5.2740e+02,5.300e+00,-5.300e+00,29.78,9.060e+00,-4.170e+00,1813.0,,,2558.96,2219.69,-899.75,118.60,1,q1_q17_dr25_tce,6397.00,151.00,-207.00,4.331,0.105,-0.195,1.1570,0.3520,-0.1620,294.957240,45.405151,13.593
5769943,K03810.01,,CANDIDATE,CANDIDATE,0.0000,0,0,0,0,1.013774136,4.3500000e-06,-4.3500000e-06,131.9588800,1.950000e-03,-1.950000e-03,1.1610,10.5400,-0.0210,1.27740,0.01470,-0.01470,3.3878e+04,2.620e+02,-2.620e+02,18.59,1.340e+00,-1.480e+00,827.0,,,110.51,22.15,-22.05,166.80,1,q1_q17_dr25_tce,3644.00,40.00,-51.00,4.871,0.033,-0.033,0.3890,0.0280,-0.0310,283.750400,41.086010,16.758
4638237,K03811.01,,CANDIDATE,CANDIDATE,0.9960,0,0,0,0,290.140171700,2.6160000e-04,-2.6160000e-04,307.2506180,6.500000e-04,-6.500000e-04,0.9350,5.6810,-0.0290,2.15830,0.04720,-0.04720,4.8360e+03,8.720e+01,-8.720e+01,11.58,1.840e+00,-2.250e+00,304.0,,,2.02,0.85,-0.77,69.10,1,q1_q17_dr25_tce,5631.00,84.00,-67.00,4.212,0.188,-0.101,1.2630,0.2000,-0.2450,286.153110,39.714901,13.906
9351316,K02078.02,Kepler-1086 c,CONFIRMED,CANDIDATE,1.0000,0,0,0,0,161.515617000,1.2580000e-03,-1.2580000e-03,176.4997800,6.360000e-03,-6.360000e-03,0.0010,0.5110,-0.0010,6.54800,0.28800,-0.28800,2.2153e+03,9.710e+01,-9.710e+01,2.88,1.200e-01,-1.300e-01,211.0,,,0.47,0.08,-0.07,25.20,2,q1_q17_dr25_tce,4243.00,84.00,-84.00,4.637,0.027,-0.020,0.6410,0.0250,-0.0300,295.251160,45.842972,15.561
4579313,K03884.01,,FALSE POSITIVE,FALSE POSITIVE,0.0000,0,1,1,1,2.112405306,3.9890000e-06,-3.9890000e-06,132.9751500,1.520000e-03,-1.520000e-03,1.2070,5.8120,-0.0380,2.58450,0.07950,-0.07950,4.8900e+02,1.410e+01,-1.410e+01,19.01,3.980e+00,-1.410e+00,1225.0,,,533.20,345.29,-124.03,42.20,1,q1_q17_dr25_tce,5562.00,169.00,-152.00,4.601,0.034,-0.136,0.7560,0.1580,-0.0560,296.058840,39.613579,14.811
11614528,K03885.01,,FALSE POSITIVE,FALSE POSITIVE,0.0000,0,0,1,0,1.870990236,3.5760000e-06,-3.5760000e-06,132.6894900,1.770000e-03,-1.770000e-03,1.1930,11.5600,-0.0400,1.84320,0.07210,-0.07210,6.4260e+02,2.110e+01,-2.110e+01,26.10,8.340e+00,-2.980e+00,1668.0,,,1824.38,1723.64,-601.05,37.40,1,q1_q17_dr25_tce,6384.00,179.00,-246.00,4.419,0.067,-0.202,1.0860,0.3470,-0.1240,293.842350,49.662060,15.546
8848288,K03886.01,,FALSE POSITIVE,FALSE POSITIVE,0.0000,0,1,0,0,5.566486910,1.7520000e-05,-1.7520000e-05,133.0330500,2.590000e-03,-2.590000e-03,0.9350,0.0040,-0.0130,10.93100,0.29700,-0.29700,6.9490e+02,8.000e+00,-8.000e+00,43.67,7.250e+00,-1.088e+01,2618.0,,,11089.75,4895.01,-5481.83,103.60,1,q1_q17_dr25_tce,4694.00,69.00,-126.00,2.564,0.027,-0.027,12.7010,2.1090,-3.1640,301.047300,45.087631,9.837
6590307,K07787.01,,FALSE POSITIVE,FALSE POSITIVE,0.0000,0,0,1,0,1.332538340,2.8250000e-05,-2.8250000e-05,132.0660000,1.380000e-02,-1.380000e-02,0.1640,0.2960,-0.1640,3.73700,0.50800,-0.50800,6.2400e+01,8.000e+00,-8.000e+00,0.64,1.500e-01,-6.000e-02,1453.0,,,1051.03,738.65,-283.59,9.70,1,q1_q17_dr25_tce,5520.00,166.00,-166.00,4.572,0.038,-0.161,0.8180,0.1880,-0.0750,286.431340,42.098339,15.627
5308419,K03887.01,,FALSE POSITIVE,FALSE POSITIVE,0.0000,0,1,1,1,1.241483276,2.8090000e-06,-2.8090000e-06,132.1002800,2.010000e-03,-2.010000e-03,1.2270,3.0200,-0.1500,2.19500,0.10400,-0.10400,1.4100e+02,5.400e+00,-5.400e+00,27.25,8.590e+00,-3.680e+00,1847.0,,,2761.35,2567.19,-939.96,32.00,1,q1_q17_dr25_tce,6140.00,170.00,-191.00,4.394,0.101,-0.203,1.0530,0.3320,-0.1420,299.510830,40.474548,13.482
6312521,K03656.01,,FALSE POSITIVE,FALSE POSITIVE,0.0000,0,1,0,0,3.015519430,1.2670000e-06,-1.2670000e-06,132.9436370,4.360000e-04,-4.360000e-04,0.8510,0.0860,-0.0690,3.17130,0.01140,-0.01140,1.5958e+05,5.170e+02,-5.170e+02,155.81,5.644e+01,-1.048e+02,1837.0,,,2692.16,3147.75,-2442.77,367.30,1,q1_q17_dr25_tce,5299.00,211.00,-190.00,3.672,0.818,-0.273,2.7610,1.0000,-1.8570,298.882350,41.663330,17.357
4579321,K03657.01,,FALSE POSITIVE,FALSE POSITIVE,0.0000,0,1,0,0,2.112395777,1.0510000e-06,-1.0510000e-06,134.0344480,5.310000e-04,-5.310000e-04,1.2850,0.5510,-0.3030,2.77140,0.03320,-0.03320,2.6260e+05,1.426e+03,-1.426e+03,115.26,0.000e+00,0.000e+00,1419.0,,,957.45,0.00,0.00,243.20,1,q1_q17_dr25_tce,5780.00,,,4.438,,,1.0000,,,296.060360,39.615211,17.388
5202905,K01932.02,Kepler-340 b,CONFIRMED,CANDIDATE,0.6360,0,0,0,0,14.844483600,2.1210000e-04,-2.1210000e-04,143.5760000,1.150000e-02,-1.150000e-02,0.1490,0.3160,-0.1490,6.09100,0.35600,-0.35600,1.7790e+02,1.920e+01,-1.920e+01,2.49,4.400e-01,-5.400e-01,1092.0,,,336.06,159.30,-148.42,10.50,2,q1_q17_dr25_tce,6642.00,105.00,-157.00,4.057,0.174,-0.116,1.8460,0.3260,-0.3990,295.933470,40.300571,12.345
1575690,K03658.01,,FALSE POSITIVE,FALSE POSITIVE,0.0000,0,1,0,0,2.252417903,1.2610000e-06,-1.2610000e-06,132.4363390,5.100000e-04,-5.100000e-04,1.1980,24.6400,-0.0270,1.97670,0.02240,-0.02240,3.2296e+04,3.060e+02,-3.060e+02,27.09,1.300e+00,-1.940e+00,782.0,,,88.43,15.77,-18.10,129.50,1,q1_q17_dr25_tce,3979.00,71.00,-79.00,4.699,0.042,-0.018,0.5440,0.0260,-0.0390,291.881900,37.189110,15.625
4386047,K03659.01,,FALSE POSITIVE,FALSE POSITIVE,0.0000,0,1,0,0,2.900613144,1.1450000e-06,-1.1450000e-06,133.4228710,4.650000e-04,-4.650000e-04,0.3340,0.0100,-0.0180,3.73570,0.01160,-0.01160,1.6548e+05,3.720e+02,-3.720e+02,38.63,1.150e+01,-4.940e+00,1289.0,,,650.90,589.45,-221.47,617.70,1,q1_q17_dr25_tce,5977.00,188.00,-209.00,4.472,0.081,-0.189,0.9310,0.2770,-0.1190,296.430330,39.443489,16.943
5103998,K03660.01,,FALSE POSITIVE,FALSE POSITIVE,0.0000,0,1,0,0,174.769712200,1.1510000e-04,-1.1510000e-04,172.4723220,5.430000e-04,-5.430000e-04,1.0360,4.3460,-0.3390,2.35690,0.03170,-0.03170,6.8139e+04,8.320e+02,-8.320e+02,38.79,9.360e+00,-3.130e+00,294.0,,,1.77,1.26,-0.44,100.40,1,q1_q17_dr25_tce,5704.00,152.00,-169.00,4.575,0.040,-0.160,0.8040,0.1940,-0.0650,293.157650,40.262711,15.549
9655858,K03733.01,,FALSE POSITIVE,FALSE POSITIVE,0.0000,0,1,0,0,31.432846490,4.5710000e-05,-4.5710000e-05,138.1125900,1.410000e-03,-1.410000e-03,0.8150,0.5960,-0.1940,5.35410,0.06020,-0.06020,1.7887e+05,1.480e+03,-1.480e+03,57.21,0.000e+00,0.000e+00,577.0,,,26.19,0.00,0.00,154.00,1,q1_q17_dr25_tce,5780.00,,,4.438,,,1.0000,,,294.488070,46.334099,17.481
12154526,K02004.03,,CANDIDATE,CANDIDATE,0.8730,0,0,0,0,1.721100570,1.6010000e-05,-1.6010000e-05,132.7606800,8.310000e-03,-8.310000e-03,0.7670,0.0330,-0.5440,1.92200,0.25800,-0.25800,2.9700e+01,4.200e+00,-4.200e+00,0.70,1.100e-01,-9.000e-02,1607.0,,,1575.20,698.44,-467.13,9.30,3,q1_q17_dr25_tce,5700.00,114.00,-114.00,4.327,0.103,-0.115,1.1760,0.1820,-0.1490,288.646270,50.788979,13.351
10275880,K03734.01,,FALSE POSITIVE,FALSE POSITIVE,0.0000,0,1,1,1,9.726754470,1.3920000e-05,-1.3920000e-05,139.4763500,1.200000e-03,-1.200000e-03,4.6760,1.5380,-0.5420,19.62140,0.05440,-0.05440,6.6416e+03,2.110e+01,-2.110e+01,995.22,1.886e+02,-3.501e+02,1363.0,,,815.99,455.09,-509.16,366.40,1,q1_q17_dr25_tce,6327.00,154.00,-173.00,3.840,0.285,-0.095,2.4330,0.4610,-0.8560,292.588750,47.393799,13.211
2166200,K03735.01,,FALSE POSITIVE,FALSE POSITIVE,0.0000,0,1,0,0,8.096939227,6.5690000e-06,-6.5690000e-06,132.6464660,9.110000e-04,-9.110000e-04,0.7860,0.3020,-0.1750,2.88330,0.01700,-0.01700,1.4289e+05,1.170e+03,-1.170e+03,68.48,1.941e+01,-1.589e+01,1194.0,,,481.48,402.75,-234.75,177.90,1,q1_q17_dr25_tce,6572.00,181.00,-227.00,4.208,0.175,-0.175,1.4180,0.4020,-0.3290,292.733700,37.559311,17.637
3547315,K03736.01,,FALSE POSITIVE,FALSE POSITIVE,0.0000,0,1,0,0,0.642348650,2.1900000e-07,-2.1900000e-07,131.9110780,3.650000e-04,-3.650000e-04,0.9660,0.9110,-0.1090,2.11840,0.01440,-0.01440,3.9597e+04,1.640e+02,-1.640e+02,25.76,5.120e+00,-2.770e+00,1829.0,,,2653.37,1715.61,-818.36,231.70,1,q1_q17_dr25_tce,5441.00,189.00,-189.00,4.553,0.059,-0.119,0.7910,0.1570,-0.0850,292.137330,38.602348,16.639
6933781,K03737.01,,FALSE POSITIVE,FALSE POSITIVE,0.0000,0,1,0,0,130.419418700,1.7510000e-04,-1.7510000e-04,229.7584240,9.750000e-04,-9.750000e-04,1.2580,60.1200,-0.1180,4.16500,0.05200,-0.05200,2.2909e+03,3.090e+01,-3.090e+01,57.51,1.257e+01,-1.884e+01,473.0,,,11.79,7.72,-6.92,90.40,1,q1_q17_dr25_tce,5770.00,159.00,-130.00,3.946,0.315,-0.135,1.6850,0.3680,-0.5520,286.697330,42.451160,11.241
6148271,K03812.01,,FALSE POSITIVE,FALSE POSITIVE,0.0000,0,0,1,0,1.785265270,4.1980000e-05,-4.1980000e-05,133.1265000,1.920000e-02,-1.920000e-02,1.2620,0.3550,-0.2020,6.22330,0.06910,-0.06910,1.7331e+03,1.690e+01,-1.690e+01,41.19,1.436e+01,-5.740e+00,1815.0,,,2563.99,2633.55,-935.82,123.10,1,q1_q17_dr25_tce,6505.00,179.00,-246.00,4.342,0.087,-0.203,1.2280,0.4280,-0.1710,298.229640,41.459839,14.026
5386904,K03813.01,,FALSE POSITIVE,FALSE POSITIVE,1.0000,0,0,1,0,4.859144100,1.1550000e-04,-1.1550000e-04,132.6666000,1.950000e-02,-1.950000e-02,0.9320,0.0050,-0.0090,3.85880,0.08670,-0.08670,2.1836e+03,3.810e+01,-3.810e+01,6.90,2.230e+00,-9.600e-01,1303.0,,,681.41,636.46,-251.08,81.60,1,q1_q17_dr25_tce,6586.00,164.00,-258.00,4.361,0.070,-0.210,1.2070,0.3910,-0.1680,297.949220,40.530708,14.113
2997178,K03814.01,,FALSE POSITIVE,FALSE POSITIVE,0.0000,0,0,1,0,5.950778130,1.2600000e-05,-1.2600000e-05,135.0646900,1.740000e-03,-1.740000e-03,0.8810,0.0210,-0.6140,5.60000,0.12600,-0.12600,7.6180e+02,1.230e+01,-1.230e+01,32.26,1.113e+01,-2.226e+01,2366.0,,,7394.55,7123.11,-6794.35,71.90,1,q1_q17_dr25_tce,5122.00,106.00,-212.00,2.886,0.585,-0.195,9.8280,3.3900,-6.7810,293.074800,38.169720,12.861
8956206,K02048.02,,FALSE POSITIVE,FALSE POSITIVE,,0,0,1,0,99.673478000,3.4630000e-04,-3.4630000e-04,219.3348300,2.300000e-03,-2.300000e-03,11.6846,1.5160,-10.4500,0.96800,0.17900,-0.17900,2.4960e+03,2.640e+02,-2.640e+02,576.14,3.044e+01,-3.162e+01,262.0,,,1.11,0.27,-0.23,12.60,2,q1_q17_dr24_tce,4932.00,145.00,-148.00,4.777,0.040,-0.027,0.4920,0.0260,-0.0270,293.058010,45.248821,15.801
6507433,K03815.01,,CANDIDATE,CANDIDATE,1.0000,0,0,0,0,4.742552100,2.5740000e-05,-2.5740000e-05,133.1375500,4.720000e-03,-4.720000e-03,0.8510,0.0910,-0.6160,1.11000,0.14900,-0.14900,3.5830e+03,4.880e+02,-4.880e+02,7.27,2.470e+00,-8.200e-01,1159.0,,,426.49,438.63,-143.72,10.90,1,q1_q17_dr25_tce,6161.00,193.00,-258.00,4.454,0.054,-0.229,1.0530,0.3570,-0.1190,286.508760,41.922741,15.432
8260198,K03888.01,,FALSE POSITIVE,FALSE POSITIVE,0.0000,0,1,1,0,0.955297055,8.1300000e-07,-8.1300000e-07,132.1793520,6.830000e-04,-6.830000e-04,1.1930,2.5390,-0.0390,1.74050,0.03760,-0.03760,8.4610e+02,1.550e+01,-1.550e+01,18.16,2.080e+00,-2.080e+00,1550.0,,,1367.42,543.24,-417.66,67.30,1,q1_q17_dr25_tce,5319.00,159.00,-159.00,4.548,0.096,-0.064,0.7340,0.0840,-0.0840,299.782070,44.199810,15.450
10733174,K03889.01,,FALSE POSITIVE,FALSE POSITIVE,0.0000,0,1,1,0,280.476576000,7.4790000e-03,-7.4790000e-03,299.3871000,1.910000e-02,-1.910000e-02,0.9740,6.6650,-0.0180,32.24000,1.00000,-1.00000,6.5120e+02,2.210e+01,-2.210e+01,3.16,9.200e-01,-3.100e-01,268.0,,,1.22,1.03,-0.33,38.70,1,q1_q17_dr25_tce,5869.00,147.00,-161.00,4.528,0.037,-0.213,0.8920,0.2610,-0.0870,292.619540,48.081478,13.608
8564976,K03890.01,,FALSE POSITIVE,FALSE POSITIVE,1.0000,0,1,0,0,152.825598900,7.1330000e-04,-7.1330000e-04,197.4133900,4.100000e-03,-4.100000e-03,0.4090,0.0410,-0.3650,22.68800,0.19500,-0.19500,2.1735e+03,2.450e+01,-2.450e+01,34.85,1.920e+00,-7.720e+00,734.0,,,68.47,13.17,-31.27,98.90,1,q1_q17_dr25_tce,4991.00,86.00,-135.00,2.933,0.030,-0.030,7.5060,0.4150,-1.6610,293.772130,44.638470,13.226
8765560,K03891.01,,CANDIDATE,CANDIDATE,1.0000,0,0,0,0,47.109630600,1.9400000e-04,-1.9400000e-04,144.1317200,3.430000e-03,-3.430000e-03,1.2300,6.9230,-0.6050,5.74100,0.17200,-0.17200,7.5220e+02,2.220e+01,-2.220e+01,78.98,3.094e+01,-5.745e+01,751.0,,,75.40,89.11,-70.44,35.10,1,q1_q17_dr25_tce,5258.00,159.00,-159.00,3.597,0.968,-0.242,2.7800,1.0890,-2.0220,296.156010,44.920090,13.731
11760860,K03892.01,Kepler-1525 b,CONFIRMED,CANDIDATE,1.0000,0,0,0,0,2.416601490,5.2300000e-06,-5.2300000e-06,131.5371300,1.780000e-03,-1.780000e-03,0.0350,0.4060,-0.0350,1.96990,0.05540,-0.05540,8.3600e+01,2.900e+00,-2.900e+00,0.92,1.500e-01,-6.000e-02,1343.0,,,770.05,333.38,-155.62,33.70,1,q1_q17_dr25_tce,5705.00,103.00,-125.00,4.444,0.040,-0.128,1.0260,0.1590,-0.0680,290.559510,49.943008,12.737
7910148,K03661.01,,FALSE POSITIVE,FALSE POSITIVE,0.0000,0,1,1,0,4.252082243,1.1580000e-06,-1.1580000e-06,134.2999470,2.230000e-04,-2.230000e-04,1.2680,0.1510,-0.0970,2.75430,0.01230,-0.01230,8.2905e+03,4.060e+01,-4.060e+01,33.14,5.970e+00,-4.340e+00,1064.0,,,303.48,177.62,-103.01,254.80,1,q1_q17_dr25_tce,5802.00,191.00,-191.00,4.492,0.130,-0.130,0.7940,0.1430,-0.1040,297.644410,43.632172,15.286
12459731,K03662.01,,FALSE POSITIVE,FALSE POSITIVE,0.0000,0,1,0,0,14.180228311,7.6880000e-06,-7.6880000e-06,143.1276230,5.970000e-04,-5.970000e-04,0.7950,0.0720,-0.0580,4.53440,0.01130,-0.01130,1.7274e+05,4.100e+02,-4.100e+02,62.41,1.929e+01,-1.039e+01,873.0,,,137.11,128.71,-55.62,472.30,1,q1_q17_dr25_tce,6289.00,197.00,-241.00,4.330,0.124,-0.186,1.1420,0.3530,-0.1900,291.050170,51.321751,17.427
12735740,K03663.01,Kepler-86 b,CONFIRMED,CANDIDATE,0.9630,0,0,0,0,282.525355800,1.2190000e-04,-1.2190000e-04,363.0719250,2.890000e-04,-2.890000e-04,0.2480,0.0500,-0.0750,10.79650,0.02920,-0.02920,9.7464e+03,1.670e+01,-1.670e+01,8.98,1.310e+00,-4.700e-01,264.0,,,1.15,0.47,-0.20,696.00,1,q1_q17_dr25_tce,5725.00,102.00,-113.00,4.506,0.038,-0.113,0.9130,0.1330,-0.0480,289.763610,51.962601,12.620
4678875,K03664.01,,FALSE POSITIVE,FALSE POSITIVE,0.0000,0,1,0,0,1.878876730,9.9000000e-08,-9.9000000e-08,133.0741983,4.350000e-05,-4.350000e-05,0.4410,0.0030,-0.0040,6.60887,0.00488,-0.00488,8.2439e+05,3.630e+02,-3.630e+02,148.25,4.394e+01,-2.364e+01,1846.0,,,2750.37,2329.71,-1029.17,3176.90,1,q1_q17_dr25_tce,6569.00,157.00,-196.00,4.281,0.128,-0.176,1.2350,0.3660,-0.1970,297.420350,39.775108,13.244
7812175,K03665.01,,FALSE POSITIVE,FALSE POSITIVE,0.0000,0,1,0,0,17.793911590,1.4060000e-05,-1.4060000e-05,134.0356280,8.860000e-04,-8.860000e-04,0.6920,0.0130,-0.0110,4.31940,0.02190,-0.02190,9.3395e+04,7.440e+02,-7.440e+02,33.30,0.000e+00,0.000e+00,697.0,,,55.88,0.00,0.00,247.00,1,q1_q17_dr25_tce,5780.00,,,4.438,,,1.0000,,,288.024260,43.545841,16.328
7708193,K03666.01,,FALSE POSITIVE,FALSE POSITIVE,0.0000,0,1,1,0,7.942583252,3.9630000e-06,-3.9630000e-06,134.8170620,5.630000e-04,-5.630000e-04,1.5220,0.2420,-0.1550,7.06120,0.02230,-0.02230,8.8327e+04,1.460e+02,-1.460e+02,219.02,9.252e+01,-1.387e+02,1285.0,,,644.35,890.73,-569.09,855.40,1,q1_q17_dr25_tce,5516.00,230.00,-192.00,3.765,0.772,-0.257,2.1780,0.9200,-1.3790,298.997310,43.398861,15.994
5478083,K03738.01,,FALSE POSITIVE,FALSE POSITIVE,0.0000,0,0,1,0,15.852310850,1.6100000e-05,-1.6100000e-05,142.5245100,1.140000e-03,-1.140000e-03,6.2860,25.8500,-0.3590,4.87070,0.02480,-0.02480,4.3786e+05,1.732e+03,-1.732e+03,679.44,0.000e+00,0.000e+00,725.0,,,65.17,0.00,0.00,252.40,1,q1_q17_dr25_tce,5780.00,,,4.438,,,1.0000,,,299.012270,40.660034,17.518
10857342,K03739.01,,FALSE POSITIVE,FALSE POSITIVE,0.0000,0,1,0,0,2.415925551,1.4260000e-06,-1.4260000e-06,133.6100040,1.450000e-04,-1.450000e-04,0.5110,0.0110,-0.0140,9.77690,0.01500,-0.01500,5.6097e+05,4.880e+02,-4.880e+02,300.82,8.048e+01,-1.611e+02,3329.0,,,29070.10,22991.70,-23811.01,1598.30,1,q1_q17_dr25_tce,8796.00,242.00,-380.00,3.711,0.519,-0.122,3.2780,0.8770,-1.7550,290.011510,48.244202,14.467
5215700,K03740.01,,FALSE POSITIVE,FALSE POSITIVE,0.0000,0,1,0,0,0.656201038,4.4000000e-08,-4.4000000e-08,132.0994299,5.960000e-05,-5.960000e-05,1.4390,0.0520,-0.0500,4.17901,0.00762,-0.00762,1.7486e+05,1.310e+02,-1.310e+02,112.77,3.589e+01,-1.197e+01,2157.0,,,5094.25,4930.11,-1615.38,2065.80,1,q1_q17_dr25_tce,6025.00,190.00,-232.00,4.472,0.052,-0.208,0.9990,0.3180,-0.1060,298.530400,40.398460,15.168
8780959,K03741.01,,FALSE POSITIVE,FALSE POSITIVE,0.0000,0,1,1,1,2.617280959,2.7780000e-06,-2.7780000e-06,132.3919630,8.710000e-04,-8.710000e-04,3.6510,0.7030,-0.0630,9.66100,0.04320,-0.04320,3.0899e+03,1.390e+01,-1.390e+01,395.94,1.125e+02,-9.214e+01,1689.0,,,1918.98,1560.99,-932.24,262.40,1,q1_q17_dr25_tce,6432.00,155.00,-214.00,4.207,0.190,-0.171,1.3450,0.3820,-0.3130,300.332370,44.986141,13.306
8780959,K03741.02,,CANDIDATE,CANDIDATE,0.0000,0,0,0,0,18.577903000,3.2330000e-03,-3.2330000e-03,142.1710000,1.360000e-01,-1.360000e-01,0.1050,0.3520,-0.1050,20.11000,4.10000,-4.10000,9.9800e+01,1.710e+01,-1.710e+01,1.36,3.800e-01,-3.200e-01,879.0,,,140.97,114.68,-68.48,6.60,4,q1_q17_dr25_tce,6432.00,155.00,-214.00,4.207,0.190,-0.171,1.3450,0.3820,-0.3130,300.332370,44.986141,13.306
5565486,K03742.01,,FALSE POSITIVE,FALSE POSITIVE,0.0000,0,1,0,0,1.412524016,1.8300000e-07,-1.8300000e-07,131.7044290,1.170000e-04,-1.170000e-04,0.8460,0.0460,-0.0370,5.74859,0.00587,-0.00587,1.7578e+05,1.490e+02,-1.490e+02,68.92,2.019e+01,-8.630e+00,1978.0,,,3627.17,3136.17,-1284.87,1475.40,1,q1_q17_dr25_tce,6690.00,185.00,-278.00,4.375,0.062,-0.175,1.1740,0.3440,-0.1470,299.378080,40.757359,14.964
8453214,K01776.01,,FALSE POSITIVE,FALSE POSITIVE,0.0000,0,1,1,1,5.776767320,1.5830000e-05,-1.5830000e-05,131.5416000,2.560000e-03,-2.560000e-03,1.2730,9.9410,-0.2120,6.82200,0.10500,-0.10500,5.7948e+03,8.690e+01,-8.690e+01,26.20,1.870e+00,-2.560e+00,670.0,,,47.55,15.07,-14.48,74.10,1,q1_q17_dr25_tce,4401.00,154.00,-170.00,4.621,0.053,-0.025,0.6450,0.0460,-0.0630,298.803620,44.417400,15.466
8552719,K01792.01,Kepler-953 b,CONFIRMED,CANDIDATE,0.9270,0,0,0,0,88.406787180,8.0350000e-05,-8.0350000e-05,176.2746190,7.090000e-04,-7.090000e-04,0.5350,0.0560,-0.1980,12.30790,0.07820,-0.07820,1.7244e+03,5.500e+00,-5.500e+00,4.55,7.300e-01,-4.500e-01,410.0,,,6.65,2.97,-1.67,328.00,1,q1_q17_dr25_tce,5611.00,100.00,-112.00,4.388,0.080,-0.120,1.0730,0.1730,-0.1060,288.971650,44.624531,12.160
8556077,K02027.01,,FALSE POSITIVE,FALSE POSITIVE,0.0000,0,0,1,0,3.635723653,6.9840000e-06,-6.9840000e-06,134.6084000,1.610000e-03,-1.610000e-03,0.6770,0.2290,-0.4470,2.18620,0.05050,-0.05050,8.0000e+01,2.200e+00,-2.200e+00,1.23,2.100e-01,-1.700e-01,1478.0,,,1126.72,482.11,-326.51,43.10,1,q1_q17_dr25_tce,6422.00,77.00,-77.00,4.249,0.126,-0.115,1.2950,0.2160,-0.1770,290.338130,44.603870,11.826
7757698,K07848.01,,FALSE POSITIVE,FALSE POSITIVE,0.2070,1,0,0,0,369.181947000,6.7110000e-03,-6.7110000e-03,399.5169000,1.540000e-02,-1.540000e-02,0.0210,0.4280,-0.0210,3.23900,0.35200,-0.35200,9.1300e+02,1.120e+02,-1.120e+02,2.60,7.700e-01,-2.400e-01,245.0,,,0.85,0.73,-0.23,9.90,1,q1_q17_dr25_tce,5959.00,160.00,-178.00,4.546,0.036,-0.204,0.8590,0.2520,-0.0790,293.437990,43.476501,14.433
8625821,K01859.01,,FALSE POSITIVE,FALSE POSITIVE,0.0000,0,1,1,0,45.396838500,1.6290000e-04,-1.6290000e-04,136.9388500,3.020000e-03,-3.020000e-03,1.2350,67.6400,-0.2050,4.47700,0.16100,-0.16100,1.3552e+03,4.220e+01,-4.220e+01,21.23,3.710e+00,-1.320e+00,437.0,,,8.62,4.75,-1.83,38.90,1,q1_q17_dr25_tce,5649.00,169.00,-152.00,4.633,0.030,-0.112,0.7050,0.1230,-0.0440,292.177060,44.786598,15.024
8652999,K01953.01,,FALSE POSITIVE,FALSE POSITIVE,0.0000,0,0,1,0,15.160166000,1.1220000e-04,-1.1220000e-04,136.5598200,5.960000e-03,-5.960000e-03,0.2280,0.2370,-0.2280,5.85600,0.16600,-0.16600,3.0790e+02,1.380e+01,-1.380e+01,2.09,6.300e-01,-4.200e-01,821.0,,,107.59,94.29,-47.23,26.10,1,q1_q17_dr25_tce,5940.00,158.00,-193.00,4.300,0.158,-0.193,1.1910,0.3570,-0.2380,300.391970,44.780041,13.590
12164770,K02088.01,,FALSE POSITIVE,FALSE POSITIVE,0.0000,0,0,1,1,2.630094380,1.2490000e-05,-1.2490000e-05,132.2251700,4.370000e-03,-4.370000e-03,1.1950,0.4460,-0.1050,11.22600,0.23000,-0.23000,3.8890e+02,6.800e+00,-6.800e+00,25.55,8.260e+00,-2.770e+00,1480.0,,,1135.97,1053.25,-346.37,69.40,1,q1_q17_dr25_tce,6338.00,153.00,-210.00,4.418,0.067,-0.216,1.0910,0.3530,-0.1180,294.395570,50.719589,14.651
9541322,K02089.01,,FALSE POSITIVE,FALSE POSITIVE,0.0000,0,0,1,0,9.405270280,2.8000000e-05,-2.8000000e-05,134.5518100,2.770000e-03,-2.770000e-03,1.2120,72.8000,-2.4420,2.07600,0.13900,-0.13900,4.7090e+02,2.790e+01,-2.790e+01,25.39,8.130e+00,-2.700e+00,938.0,,,182.72,171.30,-54.95,20.70,1,q1_q17_dr25_tce,6347.00,170.00,-207.00,4.464,0.054,-0.216,0.9960,0.3190,-0.1060,297.335820,46.150990,14.685
10470616,K02112.01,,FALSE POSITIVE,FALSE POSITIVE,0.0000,0,0,1,0,4.157137660,3.5440000e-05,-3.5440000e-05,132.2168900,6.870000e-03,-6.870000e-03,0.1210,0.3380,-0.1210,1.80800,0.21100,-0.21100,7.7000e+01,1.030e+01,-1.030e+01,1.17,4.100e-01,-1.700e-01,1401.0,,,908.82,931.37,-343.82,9.20,1,q1_q17_dr25_tce,6470.00,177.00,-243.00,4.301,0.090,-0.210,1.3240,0.4610,-0.1970,291.966890,47.698456,12.280
10362031,K02118.01,,FALSE POSITIVE,FALSE POSITIVE,0.0150,0,0,1,0,3.213690400,1.4730000e-05,-1.4730000e-05,132.9825200,3.000000e-03,-3.000000e-03,0.5700,0.0590,-0.4470,2.20500,0.12300,-0.12300,5.5800e+01,3.500e+00,-3.500e+00,1.22,3.600e-01,-3.200e-01,1591.0,,,1515.70,1334.19,-816.37,19.20,1,q1_q17_dr25_tce,6184.00,190.00,-253.00,4.151,0.220,-0.180,1.5790,0.4590,-0.4130,299.264310,47.491791,12.618
6373680,K02127.01,,FALSE POSITIVE,FALSE POSITIVE,0.0000,0,0,1,0,2.870660260,1.5030000e-05,-1.5030000e-05,133.6639300,4.400000e-03,-4.400000e-03,0.2860,0.1640,-0.2860,1.54100,0.12800,-0.12800,4.5080e+02,4.130e+01,-4.130e+01,1.72,4.400e-01,-1.500e-01,1196.0,,,484.17,368.99,-126.55,13.20,1,q1_q17_dr25_tce,5910.00,159.00,-177.00,4.578,0.044,-0.187,0.7960,0.2060,-0.0690,294.744480,41.749962,15.413
10963242,K01312.02,,FALSE POSITIVE,FALSE POSITIVE,,0,0,0,0,31.246110880,,,138.4604477,,,,,,4.76000,,,,,,,,,,,,,,,,,,,,,,,,,,,284.910490,48.431641,14.706
9150827,K01408.02,,FALSE POSITIVE,FALSE POSITIVE,,0,0,0,0,82.372084580,,,208.4205685,,,,,,6.35000,,,,,,,,,,,,,,,,,,,,,,,,,,,290.294560,45.564610,14.688
9957351,K03964.01,,FALSE POSITIVE,FALSE POSITIVE,0.0000,1,0,0,0,0.991105114,7.0600000e-07,-7.0600000e-07,131.8933830,7.510000e-04,-7.510000e-04,0.6230,0.0700,-0.0620,2.21370,0.01370,-0.01370,2.8639e+05,1.535e+03,-1.535e+03,36.87,2.930e+00,-2.620e+00,1257.0,,,589.31,201.47,-149.77,273.80,1,q1_q17_dr25_tce,4769.00,171.00,-171.00,4.673,0.052,-0.032,0.5780,0.0460,-0.0410,294.354100,46.840851,16.948
5385575,K03965.01,,FALSE POSITIVE,FALSE POSITIVE,0.0000,1,0,1,1,12.425580393,,,141.5382062,,,1.2220,,,57.20120,,,1.1310e+03,,,21.34,8.900e-01,-1.520e+00,563.0,,,23.83,5.28,-5.64,58.80,1,q1_q17_dr25_tce,4594.00,138.00,-138.00,4.580,0.042,-0.028,0.7430,0.0310,-0.0530,297.619020,40.568062,14.652
3732035,K03966.01,Kepler-1535 b,CONFIRMED,CANDIDATE,0.9940,0,0,0,0,138.944022000,1.3110000e-03,-1.3110000e-03,153.9064500,6.630000e-03,-6.630000e-03,0.1950,0.2450,-0.1950,10.61100,0.19200,-0.19200,5.3020e+02,2.170e+01,-2.170e+01,2.57,4.100e-01,-2.800e-01,384.0,,,5.13,2.29,-1.40,28.00,1,q1_q17_dr25_tce,6014.00,108.00,-133.00,4.362,0.084,-0.116,1.1150,0.1800,-0.1200,286.613710,38.891972,14.208
5385697,K03967.01,,FALSE POSITIVE,FALSE POSITIVE,0.0000,1,0,1,1,12.426045400,1.7670000e-04,-1.7670000e-04,141.5025000,1.330000e-02,-1.330000e-02,0.9670,0.0330,-0.0490,27.76910,0.00000,0.00000,5.8210e+02,8.800e+00,-8.800e+00,2.64,6.700e-01,-2.200e-01,706.0,,,58.88,45.20,-15.17,55.70,1,q1_q17_dr25_tce,5645.00,169.00,-169.00,4.569,0.042,-0.168,0.8170,0.2070,-0.0690,297.647370,40.536461,15.604
5385697,K03967.02,,FALSE POSITIVE,FALSE POSITIVE,0.0000,1,0,1,1,12.426000200,2.1070000e-04,-2.1070000e-04,133.9385000,1.450000e-02,-1.450000e-02,0.9710,0.0520,-0.0900,30.19660,0.00000,0.00000,4.6860e+02,7.400e+00,-7.400e+00,2.39,6.100e-01,-2.000e-01,706.0,,,58.88,45.20,-15.17,47.80,2,q1_q17_dr25_tce,5645.00,169.00,-169.00,4.569,0.042,-0.168,0.8170,0.2070,-0.0690,297.647370,40.536461,15.604
8823833,K03968.01,,FALSE POSITIVE,FALSE POSITIVE,0.0000,0,1,0,1,1.506501360,4.6790000e-06,-4.6790000e-06,132.9895200,2.850000e-03,-2.850000e-03,0.5560,0.0400,-0.4550,3.11260,0.08430,-0.08430,6.6900e+01,1.900e+00,-1.900e+00,0.80,1.700e-01,-1.400e-01,1562.0,,,1403.44,909.44,-553.82,41.90,1,q1_q17_dr25_tce,5607.00,151.00,-151.00,4.381,0.176,-0.144,0.9480,0.2060,-0.1690,293.774900,45.087639,12.903
5008501,K01666.01,,CANDIDATE,CANDIDATE,0.0450,0,0,0,0,0.968026356,1.0110000e-06,-1.0110000e-06,131.7561620,8.640000e-04,-8.640000e-04,0.0550,0.4000,-0.0550,0.71430,0.03650,-0.03650,2.1270e+02,8.900e+00,-8.900e+00,1.78,5.100e-01,-1.800e-01,2167.0,,,5205.91,4263.06,-1489.04,32.60,1,q1_q17_dr25_tce,6469.00,154.00,-193.00,4.385,0.060,-0.180,1.1930,0.3420,-0.1220,291.019710,40.177589,14.479
5015913,K01667.01,,FALSE POSITIVE,FALSE POSITIVE,0.0000,0,1,0,0,1.179969562,2.5700000e-07,-2.5700000e-07,133.3819420,1.770000e-04,-1.770000e-04,1.2440,0.4220,-0.1040,1.97450,0.01070,-0.01070,1.1093e+03,4.900e+00,-4.900e+00,120.02,2.878e+01,-4.316e+01,2960.0,,,18136.88,11462.94,-11137.21,277.90,1,q1_q17_dr25_tce,5500.00,83.00,-83.00,3.491,0.254,-0.117,3.8990,0.9350,-1.4020,293.202090,40.170921,12.989
5103942,K01668.01,,FALSE POSITIVE,FALSE POSITIVE,0.0000,0,1,0,0,10.101767390,2.3870000e-05,-2.3870000e-05,131.8066700,1.860000e-03,-1.860000e-03,1.2510,69.6000,-1.5380,2.12670,0.09810,-0.09810,6.0170e+02,2.530e+01,-2.530e+01,26.09,7.880e+00,-2.470e+00,829.0,,,111.86,99.21,-31.74,28.80,1,q1_q17_dr25_tce,6058.00,164.00,-201.00,4.540,0.037,-0.212,0.8670,0.2620,-0.0820,293.141600,40.262299,14.694
5184709,K01670.01,,CANDIDATE,CANDIDATE,0.3840,0,0,0,0,10.579100090,3.3620000e-05,-3.3620000e-05,141.0725100,2.750000e-03,-2.750000e-03,0.4040,0.0520,-0.4040,1.45530,0.09360,-0.09360,3.2930e+02,2.250e+01,-2.250e+01,2.03,6.100e-01,-2.600e-01,929.0,,,175.79,155.88,-63.12,17.90,1,q1_q17_dr25_tce,6323.00,174.00,-261.00,4.418,0.062,-0.188,1.0930,0.3290,-0.1410,291.120060,40.333988,14.572
5195172,K01671.01,Kepler-1763 b,CONFIRMED,CANDIDATE,0.9790,0,0,0,0,1.480283464,6.1720000e-06,-6.1720000e-06,134.3725400,3.250000e-03,-3.250000e-03,0.0580,0.3920,-0.0580,2.48600,0.10800,-0.10800,6.0500e+01,3.300e+00,-3.300e+00,0.97,1.600e-01,-1.700e-01,1822.0,,,2597.27,1166.42,-977.20,21.30,1,q1_q17_dr25_tce,5897.00,105.00,-117.00,4.250,0.156,-0.104,1.2590,0.2040,-0.2240,294.113070,40.362968,13.522
8678664,K01782.01,,FALSE POSITIVE,FALSE POSITIVE,0.0000,0,1,0,0,15.420409367,4.3680000e-06,-4.3680000e-06,133.5166090,2.330000e-04,-2.330000e-04,0.9550,0.1740,-0.0440,2.37070,0.01760,-0.01760,1.4759e+04,7.190e+01,-7.190e+01,16.62,3.740e+00,-1.600e+00,661.0,,,45.03,31.02,-12.49,268.50,1,q1_q17_dr25_tce,5468.00,164.00,-164.00,4.505,0.053,-0.158,0.8800,0.1980,-0.0850,287.210600,44.849129,15.596
8832512,K01821.01,Kepler-963 b,CONFIRMED,CANDIDATE,1.0000,0,0,0,0,9.976820720,3.4320000e-05,-3.4320000e-05,131.7682500,3.010000e-03,-3.010000e-03,0.0220,0.4290,-0.0220,3.48730,0.09310,-0.09310,9.6680e+02,3.510e+01,-3.510e+01,2.85,7.300e-01,-4.600e-01,802.0,,,97.85,76.43,-36.54,31.30,1,q1_q17_dr25_tce,5500.00,166.00,-166.00,4.416,0.124,-0.171,0.9280,0.2390,-0.1470,296.752960,45.041100,14.943
8892721,K01844.01,,FALSE POSITIVE,FALSE POSITIVE,0.0000,0,0,1,1,61.491341500,2.8580000e-04,-2.8580000e-04,163.6319400,4.150000e-03,-4.150000e-03,0.9200,0.0100,-0.0090,9.62700,0.21300,-0.21300,3.6924e+03,8.620e+01,-8.620e+01,4.57,3.900e-01,-3.600e-01,323.0,,,2.58,0.93,-0.68,70.50,1,q1_q17_dr25_tce,4796.00,172.00,-172.00,4.656,0.054,-0.036,0.5980,0.0520,-0.0470,294.356660,45.192959,15.943
7778664,K07849.01,,CANDIDATE,CANDIDATE,0.9210,0,0,0,0,5.026381500,1.5050000e-04,-1.5050000e-04,135.5595000,2.290000e-02,-2.290000e-02,0.1850,0.2790,-0.1850,4.38400,0.68200,-0.68200,7.7200e+01,1.110e+01,-1.110e+01,0.84,2.300e-01,-1.200e-01,1065.0,,,305.12,241.26,-107.21,8.50,1,q1_q17_dr25_tce,5783.00,155.00,-172.00,4.418,0.120,-0.180,0.9620,0.2590,-0.1390,299.146640,43.459831,14.877
9042357,K01993.01,,FALSE POSITIVE,FALSE POSITIVE,0.0000,0,1,1,0,16.003516790,6.6900000e-05,-6.6900000e-05,146.3881200,3.330000e-03,-3.330000e-03,1.2090,72.3300,-0.4580,4.00100,0.16600,-0.16600,6.6830e+02,2.670e+01,-2.670e+01,18.01,2.090e+00,-1.710e+00,586.0,,,27.83,11.18,-7.63,29.90,1,q1_q17_dr25_tce,5283.00,157.00,-157.00,4.594,0.065,-0.058,0.6950,0.0810,-0.0660,297.918640,45.347061,14.733
9115681,K01865.01,,FALSE POSITIVE,FALSE POSITIVE,0.0000,0,0,1,0,1.863908860,1.3310000e-05,-1.3310000e-05,132.1974100,5.920000e-03,-5.920000e-03,1.2000,2.2390,-0.1880,4.41400,0.32500,-0.32500,1.7610e+02,1.130e+01,-1.130e+01,77.99,9.830e+00,-2.948e+01,2902.0,,,16718.87,6840.23,-11056.90,18.30,1,q1_q17_dr25_tce,6689.00,179.00,-219.00,3.594,0.336,-0.084,3.3810,0.4260,-1.2780,299.872380,45.499592,13.027
10481045,K02320.01,,FALSE POSITIVE,FALSE POSITIVE,0.0000,0,0,1,1,2.037439420,1.7320000e-05,-1.7320000e-05,131.5589300,5.400000e-03,-5.400000e-03,0.1020,0.3640,-0.1020,3.10300,0.24500,-0.24500,1.1250e+02,8.800e+00,-8.800e+00,0.82,2.000e-01,-7.000e-02,1299.0,,,673.94,481.19,-183.31,16.00,1,q1_q17_dr25_tce,5751.00,173.00,-173.00,4.577,0.050,-0.150,0.7740,0.1810,-0.0720,295.841000,47.681889,15.047
8107034,K02322.01,,FALSE POSITIVE,FALSE POSITIVE,,0,0,0,0,332.749840000,4.4130000e-02,-4.4130000e-02,386.9102000,4.830000e-02,-4.830000e-02,0.1296,0.3117,-0.1296,14.77000,2.60000,-2.60000,5.1810e+02,7.880e+01,-7.880e+01,2.55,1.300e+00,-2.900e-01,302.0,,,1.97,3.06,-0.64,8.70,,,6372.00,177.00,-244.00,4.375,0.079,-0.300,1.1120,0.5690,-0.1260,295.039030,43.954540,15.487
3962751,K02326.01,,FALSE POSITIVE,FALSE POSITIVE,,0,0,0,0,45.603047850,,,171.3200100,,,,,,8.35000,,,,,,,,,,,,,,,,,,,,,,,,,,,293.697420,39.036388,15.206
8582291,K02330.01,,FALSE POSITIVE,FALSE POSITIVE,0.0010,0,0,1,0,2.468101500,1.4080000e-05,-1.4080000e-05,132.0769200,4.900000e-03,-4.900000e-03,0.6890,0.2410,-0.4610,2.83000,0.18300,-0.18300,1.7280e+02,9.700e+00,-9.700e+00,1.22,2.700e-01,-1.500e-01,1244.0,,,564.74,389.07,-178.09,22.10,1,q1_q17_dr25_tce,5516.00,166.00,-166.00,4.466,0.100,-0.150,0.8720,0.1960,-0.1050,298.849790,44.615009,14.874
5110683,K02334.01,,FALSE POSITIVE,FALSE POSITIVE,,0,0,0,0,12.534499090,,,134.9507800,,,,,,6.02000,,,,,,,,,,,,,,,,,,,,,,,,,,,294.907650,40.278831,15.725
7967861,K02349.01,,FALSE POSITIVE,FALSE POSITIVE,,0,0,0,0,215.152180000,3.0820000e-02,-3.0820000e-02,171.9130000,5.020000e-02,-5.020000e-02,0.2999,0.1486,-0.2998,19.97000,2.40000,-2.40000,2.6420e+02,3.490e+01,-3.490e+01,1.36,5.200e-01,-1.100e-01,287.0,,,1.61,1.84,-0.38,6.70,,,5914.00,161.00,-162.00,4.563,0.030,-0.276,0.8280,0.3200,-0.0630,294.532140,43.754410,15.075
8179325,K02359.01,,FALSE POSITIVE,FALSE POSITIVE,0.0000,0,0,1,0,3.172757110,2.3650000e-05,-2.3650000e-05,133.9894400,6.760000e-03,-6.760000e-03,0.0300,0.4260,-0.0300,5.40400,0.19300,-0.19300,3.1320e+02,1.230e+01,-1.230e+01,1.27,1.700e-01,-1.000e-01,966.0,,,206.07,98.17,-52.11,30.10,1,q1_q17_dr25_tce,5058.00,184.00,-163.00,4.610,0.027,-0.082,0.7390,0.0970,-0.0570,296.286960,44.022671,15.936
5211199,K02158.02,,CANDIDATE,CANDIDATE,1.0000,0,0,0,0,6.682312490,5.9060000e-05,-5.9060000e-05,132.1885300,6.380000e-03,-6.380000e-03,0.8920,0.0050,-0.6220,3.25100,0.17400,-0.17400,4.8700e+01,4.400e+00,-4.400e+00,2.09,3.900e-01,-7.200e-01,1350.0,,,784.74,392.49,-468.44,12.30,2,q1_q17_dr25_tce,5343.00,85.00,-74.00,3.764,0.238,-0.102,2.5060,0.4680,-0.8700,297.651430,40.352551,13.052
5475494,K03969.01,,FALSE POSITIVE,FALSE POSITIVE,0.0000,0,1,1,0,0.736194480,1.2820000e-06,-1.2820000e-06,132.0834100,1.450000e-03,-1.450000e-03,0.6890,0.0640,-0.4980,1.11480,0.05890,-0.05890,2.4730e+02,1.240e+01,-1.240e+01,1.84,5.000e-01,-2.200e-01,2268.0,,,6218.56,4985.68,-1977.91,27.20,1,q1_q17_dr25_tce,6355.00,172.00,-211.00,4.418,0.060,-0.180,1.0900,0.2970,-0.1270,298.526030,40.612091,15.145
9412445,K03970.01,,FALSE POSITIVE,FALSE POSITIVE,0.0000,0,0,1,1,10.186707590,9.7600000e-05,-9.7600000e-05,132.5184300,9.220000e-03,-9.220000e-03,0.6770,0.3230,-0.4130,7.49800,0.52300,-0.52300,2.6120e+02,1.210e+01,-1.210e+01,0.95,3.000e-02,-5.000e-02,477.0,,,12.29,1.56,-1.73,35.50,1,q1_q17_dr25_tce,3995.00,53.00,-59.00,4.694,0.026,-0.014,0.5550,0.0190,-0.0250,295.115020,45.966480,14.651
7866914,K03971.01,,FALSE POSITIVE,FALSE POSITIVE,,0,1,1,1,365.994154000,5.0710000e-03,-5.0710000e-03,217.6814300,9.910000e-03,-9.910000e-03,0.8353,0.0650,-0.5800,13.07100,0.36100,-0.36100,6.9850e+02,3.330e+01,-3.330e+01,2.87,1.120e+00,-2.800e-01,263.0,,,1.14,1.28,-0.32,23.80,1,q1_q16_tce,6074.00,150.00,-176.00,4.466,0.055,-0.281,0.9650,0.3770,-0.0960,279.852720,43.664459,14.050
6057684,K03972.01,,FALSE POSITIVE,FALSE POSITIVE,0.0000,0,1,1,0,0.540289560,1.0290000e-06,-1.0290000e-06,131.8513300,1.610000e-03,-1.610000e-03,1.1810,0.1800,-0.0930,3.61900,0.13800,-0.13800,2.9350e+02,6.600e+00,-6.600e+00,21.45,7.190e+00,-1.920e+00,2279.0,,,6356.72,6311.03,-1791.64,58.40,1,q1_q17_dr25_tce,5997.00,169.00,-211.00,4.483,0.056,-0.224,0.9930,0.3330,-0.0890,296.087800,41.316841,14.568
5271608,K01673.01,,FALSE POSITIVE,FALSE POSITIVE,0.0090,0,0,1,0,2.490474680,1.1630000e-05,-1.1630000e-05,133.4422500,4.280000e-03,-4.280000e-03,0.5220,0.0290,-0.4430,2.20030,0.09340,-0.09340,2.2220e+02,1.270e+01,-1.270e+01,1.53,4.800e-01,-2.000e-01,1413.0,,,940.43,885.12,-336.16,20.70,1,q1_q17_dr25_tce,6067.00,190.00,-232.00,4.433,0.087,-0.203,0.9970,0.3090,-0.1330,290.733670,40.431160,15.429
5357470,K01674.01,,FALSE POSITIVE,FALSE POSITIVE,0.0000,0,1,0,0,2.172579630,7.9690000e-06,-7.9690000e-06,133.0042900,1.130000e-03,-1.130000e-03,1.1070,18.0100,-0.1020,1.57940,0.08780,-0.08780,3.3550e+02,1.560e+01,-1.560e+01,13.55,3.580e+00,-2.910e+00,1518.0,,,1254.52,998.46,-570.02,27.10,1,q1_q17_dr25_tce,6038.00,180.00,-180.00,4.340,0.225,-0.184,0.9710,0.2560,-0.2090,290.244200,40.559269,14.845
5443775,K01676.01,,FALSE POSITIVE,FALSE POSITIVE,0.0000,0,0,1,0,3.307669761,3.9020000e-06,-3.9020000e-06,131.5674300,9.920000e-04,-9.920000e-04,0.6020,0.1160,-0.4180,1.67200,0.03410,-0.03410,2.4310e+02,4.500e+00,-4.500e+00,3.87,4.600e-01,-1.050e+00,1840.0,,,2710.89,854.92,-1351.49,66.70,1,q1_q17_dr25_tce,5959.00,80.00,-80.00,3.829,0.210,-0.070,2.3820,0.2780,-0.6490,290.336120,40.653061,12.936
5527172,K01678.01,,FALSE POSITIVE,FALSE POSITIVE,0.0840,0,1,0,0,3.183961388,1.0690000e-06,-1.0690000e-06,132.8653550,2.940000e-04,-2.940000e-04,0.6770,0.0090,-0.0100,3.78750,0.02190,-0.02190,3.9268e+04,1.520e+02,-1.520e+02,37.22,6.160e+00,-9.240e+00,1615.0,,,1608.01,695.76,-747.37,339.20,1,q1_q17_dr25_tce,5716.00,77.00,-77.00,3.963,0.217,-0.093,1.7600,0.2910,-0.4370,289.818050,40.723919,12.678
7386391,K07837.01,,FALSE POSITIVE,FALSE POSITIVE,0.0900,0,0,1,0,48.507991000,1.1390000e-03,-1.1390000e-03,148.3182000,2.000000e-02,-2.000000e-02,0.9440,0.0230,-0.6990,8.98400,0.74400,-0.74400,2.8890e+02,3.030e+01,-3.030e+01,2.06,6.700e-01,-2.300e-01,511.0,,,16.08,15.92,-5.16,11.40,1,q1_q17_dr25_tce,6031.00,189.00,-232.00,4.476,0.056,-0.224,0.9660,0.3150,-0.1050,297.923220,42.938789,15.365
5529643,K01679.01,,FALSE POSITIVE,FALSE POSITIVE,0.0000,0,1,1,1,0.759766456,1.6200000e-06,-1.6200000e-06,131.7904000,1.890000e-03,-1.890000e-03,1.2380,0.2500,-0.0990,5.32300,0.12200,-0.12200,4.8050e+02,8.700e+00,-8.700e+00,29.02,8.540e+00,-3.680e+00,2128.0,,,4850.10,4340.10,-1685.16,73.00,1,q1_q17_dr25_tce,6174.00,193.00,-236.00,4.455,0.052,-0.195,1.0260,0.3020,-0.1300,290.511050,40.708569,15.932
9366989,K01785.01,,FALSE POSITIVE,FALSE POSITIVE,0.0000,0,1,1,1,1.219034472,7.7700000e-07,-7.7700000e-07,132.1002350,5.570000e-04,-5.570000e-04,0.0750,0.3710,-0.0750,2.15100,0.04450,-0.04450,6.9238e+03,7.580e+01,-7.580e+01,9.82,2.870e+00,-1.550e+00,1845.0,,,2734.97,2358.69,-1051.01,99.20,1,q1_q17_dr25_tce,5833.00,162.00,-203.00,4.333,0.124,-0.201,1.1920,0.3480,-0.1880,299.971830,45.809738,14.914
9468717,K01954.01,,FALSE POSITIVE,FALSE POSITIVE,0.0000,0,1,0,0,7.373392450,1.8620000e-05,-1.8620000e-05,134.0101000,2.080000e-03,-2.080000e-03,1.1040,6.2340,-0.1030,2.88300,0.10200,-0.10200,1.2500e+02,4.000e+00,-4.000e+00,13.73,2.730e+00,-1.820e+00,1098.0,,,344.18,196.61,-115.18,36.60,1,q1_q17_dr25_tce,6484.00,147.00,-196.00,4.360,0.104,-0.138,1.0930,0.2170,-0.1450,293.381840,46.098701,12.197
9528420,K01742.01,,FALSE POSITIVE,FALSE POSITIVE,0.2340,0,1,0,0,4.708470970,1.3100000e-06,-1.3100000e-06,134.1530650,2.310000e-04,-2.310000e-04,0.4180,0.0310,-0.0010,6.05030,0.01790,-0.01790,3.2622e+04,6.470e+01,-6.470e+01,19.58,6.010e+00,-2.580e+00,1202.0,,,493.00,444.95,-168.38,607.20,1,q1_q17_dr25_tce,6214.00,169.00,-206.00,4.391,0.087,-0.203,1.0610,0.3260,-0.1400,292.659880,46.159538,14.417
9529744,K01806.01,,FALSE POSITIVE,FALSE POSITIVE,0.0000,1,0,1,1,2.404556949,3.7340000e-06,-3.7340000e-06,131.6761600,1.440000e-03,-1.440000e-03,0.9700,0.0010,-0.0010,7.49180,0.07420,-0.07420,4.0870e+02,3.700e+00,-3.700e+00,4.69,1.080e+00,-1.330e+00,1958.0,,,3474.41,2393.20,-1876.71,147.10,1,q1_q17_dr25_tce,6426.00,175.00,-175.00,4.013,0.259,-0.130,1.7750,0.4110,-0.5030,293.213560,46.175129,13.474
7834712,K07850.01,,CANDIDATE,CANDIDATE,0.9660,0,0,0,0,66.119119000,1.0400000e-03,-1.0400000e-03,145.2356000,1.440000e-02,-1.440000e-02,0.2560,0.2030,-0.2560,3.08600,0.31800,-0.31800,8.6200e+02,1.010e+02,-1.010e+02,3.00,8.500e-01,-3.400e-01,452.0,,,9.89,8.46,-3.14,9.80,1,q1_q17_dr25_tce,5828.00,182.00,-203.00,4.462,0.050,-0.200,1.0280,0.2890,-0.1160,295.797880,43.570389,15.978
9574614,K01745.01,,CANDIDATE,CANDIDATE,0.0000,0,0,0,0,0.982090079,1.5700000e-07,-1.5700000e-07,131.7014520,1.300000e-04,-1.300000e-04,1.2780,1.5730,-0.1200,1.44892,0.00574,-0.00574,5.3967e+03,8.800e+00,-8.800e+00,29.95,4.760e+00,-2.790e+00,1568.0,,,1426.18,728.36,-386.59,304.10,1,q1_q17_dr25_tce,5472.00,163.00,-163.00,4.573,0.060,-0.097,0.7420,0.1180,-0.0690,284.967100,46.276260,15.933
9674608,K01795.01,,FALSE POSITIVE,FALSE POSITIVE,0.0000,0,1,0,0,2.972047661,6.7450000e-06,-6.7450000e-06,133.2498700,1.810000e-03,-1.810000e-03,1.2070,43.4100,-2.3220,1.19800,0.11900,-0.11900,5.9450e+03,4.200e+02,-4.200e+02,24.74,1.190e+00,-2.150e+00,881.0,,,142.01,33.36,-38.44,20.00,1,q1_q17_dr25_tce,4491.00,134.00,-147.00,4.580,0.060,-0.020,0.7110,0.0340,-0.0620,300.417270,46.335991,15.772
8495415,K02362.01,,FALSE POSITIVE,FALSE POSITIVE,0.0030,0,0,1,0,2.237180102,7.7740000e-06,-7.7740000e-06,133.6818500,3.130000e-03,-3.130000e-03,0.3740,0.0950,-0.3740,1.47340,0.07730,-0.07730,4.9380e+02,2.540e+01,-2.540e+01,1.75,2.000e-01,-1.600e-01,1134.0,,,390.02,166.25,-107.82,23.30,1,q1_q17_dr25_tce,5080.00,184.00,-163.00,4.538,0.065,-0.065,0.7930,0.0890,-0.0730,291.881260,44.555729,15.938
10341905,K02391.01,,FALSE POSITIVE,FALSE POSITIVE,0.0000,0,0,1,1,0.933742320,3.5450000e-06,-3.5450000e-06,131.5247700,3.560000e-03,-3.560000e-03,1.1880,0.1040,-0.1800,6.55200,0.21800,-0.21800,3.5140e+02,8.800e+00,-8.800e+00,18.29,3.990e+00,-1.590e+00,1638.0,,,1706.25,1109.50,-446.15,49.10,1,q1_q17_dr25_tce,5553.00,149.00,-166.00,4.577,0.034,-0.136,0.8060,0.1760,-0.0700,292.774840,47.451099,15.239
10336927,K02394.01,,FALSE POSITIVE,FALSE POSITIVE,,0,0,0,0,134.763089970,,,131.9446300,,,,,,8.77000,,,,,,,,,,,,,,,,,,,,,,,,,,,290.827330,47.446861,14.922
12115188,K02396.01,,FALSE POSITIVE,FALSE POSITIVE,0.0000,0,1,0,0,0.495434094,4.4100000e-07,-4.4100000e-07,133.4587160,7.620000e-04,-7.620000e-04,0.0090,0.4200,-0.0090,1.24960,0.02790,-0.02790,2.8790e+02,6.300e+00,-6.300e+00,1.57,3.900e-01,-1.700e-01,2151.0,,,5088.43,3876.23,-1460.79,57.20,1,q1_q17_dr25_tce,5529.00,166.00,-150.00,4.471,0.062,-0.175,0.9360,0.2350,-0.1010,293.972780,50.645142,14.672
9850957,K02446.01,,FALSE POSITIVE,FALSE POSITIVE,0.0000,0,0,1,1,8.480313020,7.1490000e-05,-7.1490000e-05,135.8674500,7.790000e-03,-7.790000e-03,0.7650,0.0580,-0.5360,5.98800,0.22400,-0.22400,1.0700e+02,6.000e+00,-6.000e+00,2.74,4.500e-01,-9.800e-01,1510.0,,,1229.56,612.65,-774.00,20.20,1,q1_q17_dr25_tce,6541.00,166.00,-182.00,3.778,0.315,-0.084,2.4300,0.3990,-0.8650,298.748570,46.680470,13.124
12470954,K00439.02,,FALSE POSITIVE,FALSE POSITIVE,,0,0,0,0,5.405343830,,,131.8513595,,,,,,2.32000,,,,,,,,,,,,,,,,,,,,,,,,,,,296.406860,51.358150,14.313
8189801,K02480.01,,CANDIDATE,CANDIDATE,1.0000,0,0,0,0,0.666826540,6.8200000e-07,-6.8200000e-07,133.0412020,8.410000e-04,-8.410000e-04,0.8560,0.0060,-0.5970,0.78470,0.04020,-0.04020,5.1160e+02,2.190e+01,-2.190e+01,1.49,1.200e-01,-1.600e-01,1183.0,,,461.55,123.96,-120.75,33.40,1,q1_q17_dr25_tce,3993.00,79.00,-89.00,4.696,0.052,-0.028,0.5540,0.0460,-0.0560,298.926390,44.002190,15.745
11568224,K03973.01,,FALSE POSITIVE,FALSE POSITIVE,0.0000,1,0,0,0,0.882131829,,,131.9007160,,,0.9680,,,6.81060,,,3.6209e+03,,,8.13,2.250e+00,-9.000e-01,1963.0,,,3510.31,2943.65,-1084.52,70.60,1,q1_q17_dr25_tce,6168.00,186.00,-204.00,4.482,0.078,-0.195,0.9110,0.2530,-0.1010,296.111820,49.561951,15.039
7938883,K03974.01,,FALSE POSITIVE,FALSE POSITIVE,0.0000,1,0,0,0,0.489682339,1.9220000e-06,-1.9220000e-06,131.5738141,1.070000e-03,-1.070000e-03,0.4410,0.0410,-0.0160,1.74950,0.00403,-0.00403,4.3167e+05,4.780e+02,-4.780e+02,37.47,4.030e+00,-5.590e+00,1251.0,,,580.40,235.42,-220.41,628.20,1,q1_q17_dr25_tce,3898.00,135.00,-148.00,4.735,0.072,-0.054,0.5300,0.0570,-0.0790,282.193080,43.733219,16.946
9280239,K03975.01,Kepler-1536 b,CONFIRMED,CANDIDATE,0.9900,0,0,0,0,364.751562000,5.1170000e-03,-5.1170000e-03,135.4751400,9.150000e-03,-9.150000e-03,0.8750,0.0140,-0.6140,13.05700,0.55700,-0.55700,1.4815e+03,6.830e+01,-6.830e+01,2.89,2.000e-01,-2.900e-01,166.0,,,0.18,0.06,-0.05,25.50,1,q1_q17_dr25_tce,4386.00,137.00,-168.00,4.629,0.056,-0.024,0.6300,0.0450,-0.0620,291.585170,45.715790,15.188
4544571,K03976.01,,FALSE POSITIVE,FALSE POSITIVE,0.0000,0,1,1,1,2.189098506,2.0110000e-06,-2.0110000e-06,132.0809370,8.550000e-04,-8.550000e-04,1.2580,0.4600,-0.0850,5.14980,0.03640,-0.03640,2.5337e+03,1.580e+01,-1.580e+01,29.70,8.500e+00,-2.840e+00,1288.0,,,651.22,574.61,-184.82,194.90,1,q1_q17_dr25_tce,5681.00,186.00,-186.00,4.551,0.034,-0.195,0.8590,0.2460,-0.0820,285.876710,39.685951,15.753
3245661,K03977.01,,FALSE POSITIVE,FALSE POSITIVE,0.0000,0,1,1,0,0.708805500,4.1900000e-07,-4.1900000e-07,132.1682390,5.050000e-04,-5.050000e-04,1.2380,0.2290,-0.1380,3.67890,0.03060,-0.03060,1.7575e+04,1.070e+02,-1.070e+02,41.08,1.217e+01,-4.070e+00,2035.0,,,4055.22,3660.38,-1201.95,195.60,1,q1_q17_dr25_tce,5989.00,189.00,-210.00,4.500,0.052,-0.208,0.9080,0.2690,-0.0900,294.048280,38.364109,15.036
5618071,K01682.01,,FALSE POSITIVE,FALSE POSITIVE,,0,0,0,0,88.821421000,2.4830000e-03,-2.4830000e-03,160.4918000,1.970000e-02,-1.970000e-02,1.6227,0.3625,-0.4132,9.35000,1.20000,-1.20000,3.9370e+02,5.420e+01,-5.420e+01,234.99,1.221e+02,-6.159e+01,634.0,,,38.13,59.07,-19.75,7.80,,,5081.00,127.00,-152.00,3.484,0.215,-0.321,3.3650,1.7490,-0.8820,291.218110,40.839329,13.747
6312534,K01689.01,,FALSE POSITIVE,FALSE POSITIVE,0.0000,0,1,1,1,1.507761203,8.7800000e-07,-8.7800000e-07,132.9427170,4.900000e-04,-4.900000e-04,1.2920,2.1160,-0.1300,3.09600,0.02560,-0.02560,2.7737e+03,2.160e+01,-2.160e+01,31.77,3.070e+00,-2.760e+00,1301.0,,,675.11,248.37,-176.26,153.10,1,q1_q17_dr25_tce,5069.00,166.00,-151.00,4.530,0.058,-0.065,0.8180,0.0790,-0.0710,298.883970,41.662079,15.583
6470917,K01690.01,,FALSE POSITIVE,FALSE POSITIVE,0.0060,0,0,1,0,1.506019633,8.8220000e-06,-8.8220000e-06,133.0280900,4.780000e-03,-4.780000e-03,0.5280,0.4260,-0.3170,2.40800,0.15400,-0.15400,1.3690e+02,8.700e+00,-8.700e+00,1.08,2.600e-01,-1.400e-01,1628.0,,,1660.03,1217.85,-546.35,18.80,1,q1_q17_dr25_tce,6065.00,182.00,-182.00,4.454,0.098,-0.168,0.8960,0.2160,-0.1160,299.102480,41.887459,15.005
7431709,K07838.01,,FALSE POSITIVE,FALSE POSITIVE,0.0000,0,1,1,1,0.572513875,7.2710000e-06,-7.2710000e-06,131.7760000,1.200000e-02,-1.200000e-02,0.0400,0.4200,-0.0390,2.35300,0.38000,-0.38000,4.9300e+01,6.000e+00,-6.000e+00,0.52,7.000e-02,-5.000e-02,1779.0,,,2365.45,1014.43,-641.40,10.20,1,q1_q17_dr25_tce,5171.00,153.00,-153.00,4.576,0.042,-0.072,0.7600,0.0970,-0.0710,287.394170,43.080681,15.078
6611330,K01691.01,,FALSE POSITIVE,FALSE POSITIVE,0.0000,0,1,1,0,35.145781220,3.3710000e-05,-3.3710000e-05,136.4935690,8.650000e-04,-8.650000e-04,1.2760,53.0900,-0.1130,2.25300,0.03520,-0.03520,6.7894e+03,9.570e+01,-9.570e+01,32.50,5.930e+00,-3.200e+00,480.0,,,12.60,7.81,-3.68,86.80,1,q1_q17_dr25_tce,5437.00,204.00,-185.00,4.554,0.059,-0.110,0.7830,0.1430,-0.0770,293.338070,42.016312,15.838
6699368,K01694.01,,FALSE POSITIVE,FALSE POSITIVE,0.8740,0,0,1,0,3.690317047,3.9910000e-06,-3.9910000e-06,131.5420940,8.820000e-04,-8.820000e-04,1.1510,43.0600,-0.0870,1.37840,0.05190,-0.05190,4.6550e+02,1.360e+01,-1.360e+01,20.23,6.410e+00,-2.740e+00,1280.0,,,634.09,601.51,-219.34,43.00,1,q1_q17_dr25_tce,6120.00,181.00,-200.00,4.395,0.090,-0.210,1.0540,0.3340,-0.1430,294.014920,42.139191,14.336
9886255,K01846.01,Kepler-976 b,CONFIRMED,CANDIDATE,1.0000,0,0,0,0,105.956681500,3.9110000e-04,-3.9110000e-04,182.0512700,3.080000e-03,-3.080000e-03,0.3220,0.0830,-0.3220,6.99880,0.09900,-0.09900,2.2864e+03,4.960e+01,-4.960e+01,3.79,5.800e-01,-3.100e-01,324.0,,,2.59,1.29,-0.66,51.80,1,q1_q17_dr25_tce,5327.00,159.00,-159.00,4.581,0.035,-0.105,0.8000,0.1220,-0.0660,289.869630,46.729710,15.795
9973855,K01966.01,,FALSE POSITIVE,FALSE POSITIVE,0.0020,0,0,1,0,2.956005630,7.3150000e-06,-7.3150000e-06,134.0632200,1.860000e-03,-1.860000e-03,0.4080,0.0540,-0.4080,2.67170,0.06640,-0.06640,7.6100e+01,2.500e+00,-2.500e+00,0.81,2.100e-01,-1.000e-01,1211.0,,,509.55,406.36,-159.16,35.50,1,q1_q17_dr25_tce,5668.00,169.00,-186.00,4.472,0.078,-0.182,0.9160,0.2420,-0.1040,299.779720,46.890469,12.580
10019399,K01796.01,,FALSE POSITIVE,FALSE POSITIVE,0.0000,0,1,0,0,11.805707539,6.2670000e-06,-6.2670000e-06,133.0508110,4.410000e-04,-4.410000e-04,1.0150,0.5040,-0.0510,2.04940,0.02590,-0.02590,2.0521e+03,2.030e+01,-2.030e+01,18.48,4.960e+00,-9.200e+00,1153.0,,,417.85,356.04,-325.82,124.90,1,q1_q17_dr25_tce,6065.00,218.00,-200.00,3.888,0.560,-0.140,1.8910,0.5070,-0.9420,294.916110,46.944977,12.829
7841368,K07851.01,,FALSE POSITIVE,FALSE POSITIVE,0.0000,0,0,1,0,25.371055500,5.7060000e-04,-5.7060000e-04,141.8015000,1.700000e-02,-1.700000e-02,0.7420,0.0050,-0.5510,3.73900,0.43500,-0.43500,7.8600e+01,1.170e+01,-1.170e+01,1.43,4.100e-01,-4.100e-01,779.0,,,87.17,75.23,-48.36,8.30,1,q1_q17_dr25_tce,6029.00,181.00,-199.00,4.127,0.280,-0.151,1.4940,0.4280,-0.4280,297.589420,43.516178,13.780
10028352,K01957.01,,CANDIDATE,CANDIDATE,1.0000,0,0,0,0,1.386802290,8.7600000e-07,-8.7600000e-07,132.5320380,5.020000e-04,-5.020000e-04,1.1150,1.2780,-0.0890,1.70650,0.02950,-0.02950,2.4230e+02,3.500e+00,-3.500e+00,29.33,7.000e+00,-5.250e+00,2530.0,,,9703.01,5721.83,-3507.57,84.40,1,q1_q17_dr25_tce,6823.00,61.00,-91.00,4.040,0.121,-0.148,2.0370,0.4860,-0.3650,297.792240,46.935829,12.655
10031707,K01827.01,,FALSE POSITIVE,FALSE POSITIVE,0.0000,0,1,1,1,8.589668930,5.4920000e-05,-5.4920000e-05,132.0193600,5.140000e-03,-5.140000e-03,0.0120,0.2660,-0.0120,6.96200,0.14900,-0.14900,4.2960e+02,1.030e+01,-1.030e+01,155.18,5.200e+00,-2.776e+01,4900.0,,,136317.25,23445.90,-53793.94,47.50,1,q1_q17_dr25_tce,3837.00,90.00,-102.00,0.829,0.030,-0.030,80.3070,2.6930,-14.3640,298.772950,46.921246,13.866
10092312,K01823.01,,FALSE POSITIVE,FALSE POSITIVE,0.0000,0,1,0,0,4.468456599,5.5700000e-06,-5.5700000e-06,138.7415840,9.830000e-04,-9.830000e-04,1.2070,64.5300,-0.0010,1.41950,0.05800,-0.05800,9.0670e+02,2.920e+01,-2.920e+01,24.81,7.200e+00,-2.390e+00,1081.0,,,321.94,267.38,-93.71,39.10,1,q1_q17_dr25_tce,5869.00,142.00,-203.00,4.513,0.036,-0.204,0.9420,0.2730,-0.0910,297.787750,47.098331,13.954
10407054,K02500.01,,FALSE POSITIVE,FALSE POSITIVE,0.0000,0,0,1,1,0.933754669,3.7700000e-06,-3.7700000e-06,132.4430600,4.340000e-03,-4.340000e-03,0.7280,0.3080,-0.7280,4.04800,0.97200,-0.97200,8.9300e+01,7.400e+00,-7.400e+00,1.48,4.100e-01,-4.100e-01,2475.0,,,8881.31,7271.40,-4906.52,43.20,1,q1_q17_dr25_tce,6443.00,181.00,-250.00,4.146,0.246,-0.164,1.4570,0.4020,-0.4020,292.778990,47.552216,13.343
10880007,K02502.01,,FALSE POSITIVE,FALSE POSITIVE,,0,0,0,0,86.798766490,,,199.8950600,,,,,,2.99000,,,,,,,,,,,,,,,,,,,,,,,,,,,298.509890,48.240139,15.092
8418129,K02515.01,,FALSE POSITIVE,FALSE POSITIVE,,0,0,0,0,164.575067470,,,222.0364800,,,,,,9.57000,,,,,,,,,,,,,,,,,,,,,,,,,,,286.287200,44.493710,13.215
6525185,K02568.01,,FALSE POSITIVE,FALSE POSITIVE,0.0000,0,0,1,1,1.710308030,1.1860000e-05,-1.1860000e-05,131.6107000,4.840000e-03,-4.840000e-03,0.2820,0.1830,-0.2820,2.71800,0.16600,-0.16600,2.1600e+02,1.230e+01,-1.230e+01,1.32,3.900e-01,-1.200e-01,1449.0,,,1039.18,905.51,-298.20,21.00,1,q1_q17_dr25_tce,5790.00,175.00,-192.00,4.528,0.038,-0.200,0.9000,0.2600,-0.0870,292.715480,41.943562,15.862
10812504,K02570.01,,FALSE POSITIVE,FALSE POSITIVE,0.0000,0,0,1,0,79.920131900,5.4120000e-04,-5.4120000e-04,197.2172100,5.550000e-03,-5.550000e-03,0.6230,0.0460,-0.4790,4.48200,0.16700,-0.16700,1.3268e+03,6.400e+01,-6.400e+01,1.81,1.500e-01,-1.900e-01,217.0,,,0.53,0.14,-0.15,21.90,1,q1_q17_dr25_tce,3812.00,76.00,-91.00,4.767,0.060,-0.035,0.4760,0.0410,-0.0500,297.292690,48.114380,15.577
8107115,K02575.01,,FALSE POSITIVE,FALSE POSITIVE,,0,0,0,0,199.311300000,1.0250000e-02,-1.0250000e-02,172.4242000,2.860000e-02,-2.860000e-02,0.6890,0.0222,-0.5332,6.43000,1.10000,-1.10000,3.8360e+02,7.730e+01,-7.730e+01,1.64,7.200e-01,-1.200e-01,278.0,,,1.42,1.88,-0.33,6.50,,,5662.00,169.00,-149.00,4.577,0.031,-0.283,0.7890,0.3450,-0.0590,295.066770,43.982090,15.370
10663411,K02584.01,,FALSE POSITIVE,FALSE POSITIVE,,0,0,0,0,157.821310000,1.6530000e-02,-1.6530000e-02,137.7418000,4.300000e-02,-4.300000e-02,0.1495,0.3117,-0.1495,12.42000,1.90000,-1.90000,1.9230e+02,3.240e+01,-3.240e+01,1.59,8.400e-01,-2.200e-01,377.0,,,4.75,7.49,-1.66,6.90,,,6082.00,157.00,-201.00,4.342,0.106,-0.302,1.1470,0.6020,-0.1580,290.987670,47.976639,14.856
10090219,K03978.01,,FALSE POSITIVE,FALSE POSITIVE,0.0000,0,1,1,1,2.286125730,1.8870000e-05,-1.8870000e-05,133.5304900,6.650000e-03,-6.650000e-03,1.1880,0.4650,-0.1870,12.40800,0.61600,-0.61600,3.0160e+02,8.600e+00,-8.600e+00,22.63,6.310e+00,-2.250e+00,1433.0,,,993.96,855.22,-297.77,45.30,1,q1_q17_dr25_tce,6063.00,199.00,-217.00,4.476,0.048,-0.204,1.0120,0.2820,-0.1010,297.211940,47.027802,15.116
9205938,K02162.02,Kepler-1126 c,CONFIRMED,CANDIDATE,0.9200,0,0,0,0,199.668760000,3.9610000e-03,-3.9610000e-03,131.6090000,1.710000e-02,-1.710000e-02,0.0460,0.4200,-0.0460,8.99600,0.48300,-0.48300,2.5190e+02,1.970e+01,-1.970e+01,1.45,1.800e-01,-1.800e-01,305.0,,,2.06,0.76,-0.59,13.90,2,q1_q17_dr25_tce,5678.00,113.00,-102.00,4.409,0.132,-0.088,0.9210,0.1150,-0.1150,285.691990,45.689388,14.033
9899217,K03979.01,,FALSE POSITIVE,FALSE POSITIVE,0.0000,0,1,1,1,1.332549710,1.0080000e-05,-1.0080000e-05,132.0541500,7.090000e-03,-7.090000e-03,0.7410,0.2130,-0.4550,4.69000,0.18000,-0.18000,1.5830e+02,5.500e+00,-5.500e+00,1.36,3.900e-01,-2.000e-01,1782.0,,,2377.19,2029.18,-888.94,35.30,1,q1_q17_dr25_tce,6150.00,193.00,-215.00,4.410,0.101,-0.188,1.0040,0.2810,-0.1510,295.161990,46.762730,15.271
6750902,K03980.01,,FALSE POSITIVE,FALSE POSITIVE,1.0000,0,1,0,0,0.469334634,3.9400000e-07,-3.9400000e-07,131.7364560,7.320000e-04,-7.320000e-04,0.9500,0.0470,-0.6920,0.88640,0.02740,-0.02740,3.4040e+02,1.050e+01,-1.050e+01,2.40,6.800e-01,-3.600e-01,2432.0,,,8264.27,6839.91,-2935.10,49.10,1,q1_q17_dr25_tce,5888.00,159.00,-159.00,4.394,0.124,-0.186,1.0080,0.2840,-0.1530,281.243070,42.254929,14.670
5895588,K03981.01,,FALSE POSITIVE,FALSE POSITIVE,0.1320,0,0,1,0,0.849277809,5.2910000e-06,-5.2910000e-06,132.1764900,5.760000e-03,-5.760000e-03,1.1870,1.9980,-0.2240,3.13700,0.28300,-0.28300,6.9080e+02,5.040e+01,-5.040e+01,20.11,5.710e+00,-1.910e+00,1781.0,,,2366.84,2022.13,-672.26,17.10,1,q1_q17_dr25_tce,5743.00,172.00,-190.00,4.553,0.036,-0.192,0.8530,0.2420,-0.0810,296.994050,41.129471,15.845
6803855,K01695.01,Kepler-930 b,CONFIRMED,CANDIDATE,0.9900,0,0,0,0,71.452316700,6.3860000e-04,-6.3860000e-04,148.8081400,6.460000e-03,-6.460000e-03,0.0170,0.4270,-0.0170,6.27600,0.21900,-0.21900,2.1690e+02,1.530e+01,-1.530e+01,2.19,6.400e-01,-6.300e-01,561.0,,,23.44,20.48,-13.23,16.60,1,q1_q17_dr25_tce,6148.00,184.00,-220.00,4.132,0.280,-0.172,1.4880,0.4320,-0.4320,298.314450,42.247440,13.781
6891366,K01696.01,,FALSE POSITIVE,FALSE POSITIVE,0.0000,0,1,1,1,1.752564549,7.5040000e-06,-7.5040000e-06,132.7188900,3.940000e-03,-3.940000e-03,0.7410,0.4820,-0.7400,3.50300,0.82200,-0.82200,1.1660e+02,7.300e+00,-7.300e+00,1.38,4.500e-01,-2.000e-01,1741.0,,,2174.09,2115.71,-792.24,38.00,1,q1_q17_dr25_tce,6221.00,167.00,-223.00,4.333,0.112,-0.208,1.1800,0.3920,-0.1680,298.775090,42.393230,13.608
7448023,K07839.01,,FALSE POSITIVE,FALSE POSITIVE,0.0000,0,0,1,1,0.566816802,4.5450000e-06,-4.5450000e-06,131.7798300,4.640000e-03,-4.640000e-03,0.4140,0.0560,-0.4140,1.98100,0.16400,-0.16400,9.4000e+01,8.900e+00,-8.900e+00,0.68,4.000e-02,-6.000e-02,1585.0,,,1483.43,410.00,-397.17,12.90,1,q1_q17_dr25_tce,4665.00,139.00,-139.00,4.584,0.054,-0.027,0.7040,0.0460,-0.0640,292.756530,43.036888,15.678
6891637,K01697.01,,FALSE POSITIVE,FALSE POSITIVE,0.0000,0,0,1,1,1.752553762,8.7460000e-06,-8.7460000e-06,132.7273500,4.420000e-03,-4.420000e-03,0.3460,0.0820,-0.3450,3.87700,0.12400,-0.12400,4.1470e+02,1.500e+01,-1.500e+01,1.06,9.000e-02,-9.000e-02,933.0,,,178.74,54.37,-46.00,32.50,1,q1_q17_dr25_tce,4408.00,130.00,-130.00,4.713,0.056,-0.032,0.5290,0.0410,-0.0450,298.822200,42.394642,15.828
6975615,K01698.01,,FALSE POSITIVE,FALSE POSITIVE,0.0000,0,0,1,0,2.065351521,8.9850000e-06,-8.9850000e-06,133.1560100,3.150000e-03,-3.150000e-03,0.6300,0.0420,-0.4690,2.66100,0.10900,-0.10900,1.7320e+02,8.100e+00,-8.100e+00,1.03,1.400e-01,-1.200e-01,1196.0,,,485.51,213.29,-150.76,25.30,1,q1_q17_dr25_tce,5266.00,158.00,-158.00,4.536,0.099,-0.090,0.7490,0.0980,-0.0880,298.498080,42.466412,14.788
7137725,K01699.01,,FALSE POSITIVE,FALSE POSITIVE,0.0000,0,0,0,1,2.253551793,8.2010000e-06,-8.2010000e-06,132.4798000,3.510000e-03,-3.510000e-03,0.7610,0.0070,-0.5010,3.66000,0.10200,-0.10200,1.1960e+02,3.400e+00,-3.400e+00,1.70,3.400e-01,-3.200e-01,1812.0,,,2547.01,1518.55,-1064.39,42.10,1,q1_q17_dr25_tce,6526.00,155.00,-214.00,4.217,0.140,-0.140,1.4260,0.2930,-0.2630,297.121730,42.673321,13.121
10153855,K01981.01,Kepler-1037 b,CONFIRMED,CANDIDATE,1.0000,0,0,0,0,1.063788610,2.2630000e-06,-2.2630000e-06,131.5246500,1.690000e-03,-1.690000e-03,0.4660,0.0050,-0.4590,1.07200,0.06600,-0.06600,2.5150e+02,1.550e+01,-1.550e+01,1.61,4.100e-01,-2.500e-01,1650.0,,,1761.19,1338.64,-644.50,21.50,1,q1_q17_dr25_tce,5265.00,158.00,-158.00,4.400,0.135,-0.180,1.0020,0.2510,-0.1540,296.341030,47.170860,14.229
10230571,K01926.01,,FALSE POSITIVE,FALSE POSITIVE,,0,0,0,0,123.114947730,,,172.2630100,,,,,,17.24000,,,,,,,,,,,,,,,,,,,,,,,,,,,299.252900,47.278999,9.473
10294613,K01896.01,,FALSE POSITIVE,FALSE POSITIVE,0.0000,0,1,1,1,1.854493861,2.2920000e-06,-2.2920000e-06,132.4905600,1.000000e-03,-1.000000e-03,1.2790,1.2310,-0.1170,4.23670,0.05560,-0.05560,1.2873e+03,1.450e+01,-1.450e+01,29.39,6.030e+00,-2.160e+00,1291.0,,,657.94,418.52,-151.92,108.20,1,q1_q17_dr25_tce,5431.00,164.00,-147.00,4.563,0.027,-0.144,0.8430,0.1730,-0.0620,298.738070,47.381741,14.898
7879648,K07852.01,,FALSE POSITIVE,FALSE POSITIVE,0.0000,0,1,1,0,1.020713389,4.4670000e-06,-4.4670000e-06,132.2030900,3.010000e-03,-3.010000e-03,0.4250,0.0290,-0.4250,0.87300,0.15600,-0.15600,1.0230e+02,1.350e+01,-1.350e+01,0.90,2.600e-01,-8.000e-02,1724.0,,,2079.36,1761.10,-558.15,11.30,1,q1_q17_dr25_tce,5815.00,157.00,-157.00,4.520,0.060,-0.192,0.8700,0.2510,-0.0840,287.241490,43.679661,15.186
10491044,K01763.01,,FALSE POSITIVE,FALSE POSITIVE,0.0000,0,0,1,1,2.199063800,1.8620000e-05,-1.8620000e-05,133.0694800,5.960000e-03,-5.960000e-03,0.4890,0.3930,-0.4890,3.19700,0.71600,-0.71600,3.4480e+02,2.720e+01,-2.720e+01,1.33,1.300e-01,-1.400e-01,1087.0,,,330.97,121.59,-94.78,19.30,1,q1_q17_dr25_tce,5003.00,151.00,-151.00,4.572,0.071,-0.052,0.7070,0.0720,-0.0720,298.779880,47.660950,15.957
10614012,K01807.01,,FALSE POSITIVE,FALSE POSITIVE,1.0000,0,1,0,0,132.133101100,3.3690000e-04,-3.3690000e-04,149.1728800,1.840000e-03,-1.840000e-03,0.6060,0.0210,-0.0350,26.71500,0.17700,-0.17700,7.9562e+03,3.280e+01,-3.280e+01,75.08,1.013e+01,-2.363e+01,809.0,,,101.41,34.67,-57.86,284.30,1,q1_q17_dr25_tce,5067.00,52.00,-112.00,2.877,0.168,-0.112,8.1210,1.0960,-2.5560,296.928740,47.882950,9.715
10616415,K01999.01,,FALSE POSITIVE,FALSE POSITIVE,0.0000,0,1,0,0,1.120646438,1.3820000e-06,-1.3820000e-06,131.5919700,1.000000e-03,-1.000000e-03,1.1820,4.9890,-0.0130,1.76640,0.05640,-0.05640,3.2250e+02,8.700e+00,-8.700e+00,89.35,2.939e+01,-4.408e+01,2783.0,,,14127.22,13929.17,-10952.97,45.70,1,q1_q17_dr25_tce,4972.00,148.00,-163.00,3.449,0.483,-0.241,4.0340,1.3270,-1.9900,297.613980,47.811401,13.695
6525193,K02653.01,,FALSE POSITIVE,FALSE POSITIVE,0.0000,0,0,1,1,1.710279417,7.1110000e-06,-7.1110000e-06,131.6173900,3.780000e-03,-3.780000e-03,0.4730,0.0660,-0.4160,2.25200,0.11100,-0.11100,2.2880e+02,1.360e+01,-1.360e+01,1.57,3.700e-01,-1.700e-01,1524.0,,,1272.50,910.30,-415.67,19.90,1,q1_q17_dr25_tce,5834.00,182.00,-243.00,4.472,0.046,-0.173,1.0230,0.2370,-0.1090,292.717290,41.901218,15.795
6866251,K02661.01,,FALSE POSITIVE,FALSE POSITIVE,,0,0,0,0,65.238281000,1.1890000e-03,-1.1890000e-03,158.9557000,1.400000e-02,-1.400000e-02,0.1471,0.3348,-0.1471,5.75600,0.47500,-0.47500,1.9720e+02,2.000e+01,-2.000e+01,5.18,2.140e+00,-2.210e+00,734.0,,,68.49,85.10,-49.20,10.30,,,5254.00,153.00,-201.00,3.506,0.349,-0.259,3.7610,1.5570,-1.6030,292.747070,42.379929,11.479
7117710,K07817.01,,FALSE POSITIVE,FALSE POSITIVE,0.0000,1,0,1,1,0.566796410,4.7080000e-06,-4.7080000e-06,131.8085000,1.050000e-02,-1.050000e-02,0.3220,0.1600,-0.3220,2.32400,0.38300,-0.38300,2.6700e+01,2.500e+00,-2.500e+00,0.46,5.000e-02,-2.000e-02,1940.0,,,3349.38,1052.11,-398.96,14.10,1,q1_q17_dr25_tce,5403.00,73.00,-81.00,4.540,0.012,-0.108,0.8880,0.1030,-0.0290,291.771360,42.671249,13.686
7762723,K02663.01,Kepler-1867 b,CONFIRMED,CANDIDATE,1.0000,0,0,0,0,9.887366420,8.5000000e-05,-8.5000000e-05,139.5278100,6.950000e-03,-6.950000e-03,0.3830,0.0690,-0.3830,4.23000,0.20400,-0.20400,6.8000e+01,5.400e+00,-5.400e+00,0.68,1.700e-01,-6.000e-02,768.0,,,82.32,60.72,-20.62,14.60,1,q1_q17_dr25_tce,5693.00,136.00,-153.00,4.570,0.032,-0.179,0.8160,0.2100,-0.0700,294.997250,43.435921,13.461
4178606,K02728.01,Kepler-1326 b,CONFIRMED,CANDIDATE,0.9990,0,0,0,0,42.352003900,3.3180000e-04,-3.3180000e-04,131.6124600,5.820000e-03,-5.820000e-03,0.6590,0.2760,-0.4410,7.77300,0.16900,-0.16900,5.1260e+02,1.930e+01,-1.930e+01,6.30,1.130e+00,-2.090e+00,938.0,,,182.91,99.70,-111.57,30.50,1,q1_q17_dr25_tce,6864.00,184.00,-225.00,3.783,0.285,-0.095,2.6320,0.4710,-0.8750,296.222140,39.268959,12.852
5980208,K02742.01,Kepler-1331 b,CONFIRMED,CANDIDATE,1.0000,0,0,0,0,0.789160884,1.3020000e-06,-1.3020000e-06,131.5054500,1.380000e-03,-1.380000e-03,0.3760,0.0830,-0.3760,0.92680,0.05290,-0.05290,2.1510e+02,1.140e+01,-1.140e+01,0.91,6.000e-02,-9.000e-02,1244.0,,,564.46,144.06,-166.66,23.60,1,q1_q17_dr25_tce,4258.00,114.00,-139.00,4.635,0.053,-0.021,0.6220,0.0390,-0.0640,297.073790,41.224480,15.031
5303557,K03982.01,,FALSE POSITIVE,FALSE POSITIVE,0.0000,0,0,1,0,2.399081606,7.4530000e-06,-7.4530000e-06,133.0642500,3.520000e-03,-3.520000e-03,1.2760,6.8200,-0.0760,4.38400,0.05890,-0.05890,6.0716e+03,7.950e+01,-7.950e+01,40.60,0.000e+00,0.000e+00,1360.0,,,810.78,0.00,0.00,89.90,1,q1_q17_dr25_tce,5780.00,,,4.438,,,1.0000,,,298.576970,40.490395,16.494
10227863,K03983.01,,FALSE POSITIVE,FALSE POSITIVE,0.0000,1,0,1,1,5.140726210,9.6970000e-05,-9.6970000e-05,135.0222000,1.380000e-02,-1.380000e-02,1.1590,0.2230,-0.0770,27.24000,1.00000,-1.00000,1.4560e+02,4.000e+00,-4.000e+00,19.28,5.320e+00,-2.870e+00,1076.0,,,317.19,250.94,-111.31,44.50,1,q1_q17_dr25_tce,5751.00,138.00,-156.00,4.389,0.108,-0.186,1.0350,0.2860,-0.1540,298.552580,47.247318,13.753
7281668,K07829.01,,FALSE POSITIVE,FALSE POSITIVE,0.0000,0,0,1,1,0.566798545,6.0750000e-06,-6.0750000e-06,131.8431000,1.040000e-02,-1.040000e-02,0.3310,0.1490,-0.3310,5.22400,0.34900,-0.34900,3.6900e+01,3.400e+00,-3.400e+00,0.53,7.000e-02,-2.000e-02,2004.0,,,3787.58,1383.56,-478.61,23.30,1,q1_q17_dr25_tce,5629.00,75.00,-84.00,4.553,0.013,-0.117,0.8700,0.1200,-0.0320,291.671230,42.812359,13.519
8036287,K03984.01,Kepler-1537 b,CONFIRMED,CANDIDATE,1.0000,0,0,0,0,1.444452340,3.1150000e-06,-3.1150000e-06,132.8068500,1.770000e-03,-1.770000e-03,0.1620,0.2950,-0.1620,0.97530,0.06310,-0.06310,2.0070e+02,1.220e+01,-1.220e+01,2.03,6.700e-01,-8.200e-01,1800.0,,,2479.44,2455.50,-1698.92,20.90,1,q1_q17_dr25_tce,5305.00,159.00,-159.00,4.088,0.409,-0.189,1.4490,0.4780,-0.5850,294.385380,43.825470,14.536
9602562,K03985.01,,FALSE POSITIVE,FALSE POSITIVE,0.0000,0,0,1,1,3.556536370,5.3650000e-05,-5.3650000e-05,133.5172000,1.220000e-02,-1.220000e-02,0.7120,0.6440,-0.6410,8.70000,1.20000,-1.20000,2.0250e+02,1.420e+01,-1.420e+01,1.70,5.300e-01,-2.200e-01,1272.0,,,619.57,579.88,-209.62,23.10,1,q1_q17_dr25_tce,5950.00,166.00,-208.00,4.395,0.087,-0.203,1.1140,0.3530,-0.1410,297.132200,46.256489,14.377
10668665,K03986.01,,FALSE POSITIVE,FALSE POSITIVE,0.0000,0,1,1,0,9.608536010,6.2690000e-05,-6.2690000e-05,137.7449900,6.660000e-03,-6.660000e-03,1.2290,74.0100,-1.1290,3.67200,0.26700,-0.26700,5.8440e+02,3.720e+01,-3.720e+01,31.99,9.560e+00,-4.090e+00,984.0,,,221.77,194.86,-79.03,19.30,1,q1_q17_dr25_tce,6377.00,174.00,-261.00,4.398,0.062,-0.200,1.1580,0.3460,-0.1480,293.095890,47.996578,15.974
10407020,K03987.01,,FALSE POSITIVE,FALSE POSITIVE,0.0000,0,0,1,1,0.933747751,2.7820000e-06,-2.7820000e-06,131.5221800,2.500000e-03,-2.500000e-03,0.7410,0.0660,-0.4020,3.92360,0.08280,-0.08280,7.6600e+01,1.900e+00,-1.900e+00,2.07,4.200e-01,-6.400e-01,3112.0,,,22250.69,13710.09,-13212.02,49.50,1,q1_q17_dr25_tce,6985.00,190.00,-285.00,3.936,0.241,-0.111,2.1870,0.4480,-0.6720,292.765350,47.512272,13.369
7380829,K01703.01,,FALSE POSITIVE,FALSE POSITIVE,0.0000,1,0,1,0,3.174635770,1.3030000e-05,-1.3030000e-05,132.2429300,3.360000e-03,-3.360000e-03,1.0590,0.3950,-0.0480,10.98800,0.15700,-0.15700,4.0590e+02,5.800e+00,-5.800e+00,9.32,2.690e+00,-1.450e+00,1296.0,,,667.65,572.34,-249.14,83.10,1,q1_q17_dr25_tce,5999.00,169.00,-190.00,4.417,0.101,-0.188,0.9960,0.2880,-0.1550,296.749910,42.952358,14.934
7470491,K07840.01,,FALSE POSITIVE,FALSE POSITIVE,0.0000,0,0,1,0,0.902222843,,,131.7156501,,,0.5080,,,2.05160,,,2.9700e+01,,,48.23,1.013e+01,-1.013e+01,10340.0,,,2710661.90,1584689.83,-1212729.69,5.10,1,q1_q17_dr25_tce,3705.00,74.00,-111.00,0.798,0.033,-0.030,89.8060,18.8590,-18.8590,298.146030,43.075199,13.547
7768952,K01709.01,,FALSE POSITIVE,FALSE POSITIVE,0.0000,0,1,1,0,22.468530900,1.0620000e-04,-1.0620000e-04,148.4968000,3.800000e-03,-3.800000e-03,1.0320,67.6900,-0.0500,3.03400,0.17800,-0.17800,2.4230e+02,1.380e+01,-1.380e+01,20.05,6.040e+00,-1.409e+01,1040.0,,,276.85,260.16,-255.61,21.30,1,q1_q17_dr25_tce,5461.00,189.00,-189.00,3.566,0.848,-0.212,3.3010,0.9940,-2.3200,296.809510,43.450851,13.301
8162790,K01712.01,,FALSE POSITIVE,FALSE POSITIVE,0.0000,0,0,0,1,10.161048340,2.8960000e-05,-2.8960000e-05,141.5159300,2.620000e-03,-2.620000e-03,0.0310,0.3930,-0.0310,3.04480,0.06440,-0.06440,9.0890e+02,2.750e+01,-2.750e+01,2.72,7.100e-01,-3.200e-01,800.0,,,96.98,77.92,-31.22,36.80,1,q1_q17_dr25_tce,5636.00,186.00,-186.00,4.462,0.094,-0.175,0.9130,0.2360,-0.1090,290.735780,44.090488,15.047
9655129,K01714.01,,FALSE POSITIVE,FALSE POSITIVE,0.5540,0,1,0,0,2.743978797,9.4840000e-06,-9.4840000e-06,133.7641200,2.950000e-03,-2.950000e-03,1.1380,10.1200,-0.1910,6.44200,0.20500,-0.20500,3.9994e+04,9.140e+02,-9.140e+02,38.11,5.700e+00,-5.170e+00,1136.0,,,392.49,190.67,-129.55,56.50,1,q1_q17_dr25_tce,5334.00,159.00,-143.00,4.492,0.110,-0.099,0.8100,0.1210,-0.1100,294.248110,46.374008,13.805
9899483,K01719.01,,FALSE POSITIVE,FALSE POSITIVE,0.0000,0,1,1,1,1.332561398,3.0920000e-06,-3.0920000e-06,132.0511000,2.200000e-03,-2.200000e-03,0.7830,0.4170,-0.2840,4.10300,0.72200,-0.72200,1.5060e+02,8.400e+00,-8.400e+00,2.16,3.900e-01,-4.400e-01,2276.0,,,6330.12,2922.62,-2477.98,77.10,1,q1_q17_dr25_tce,6468.00,71.00,-77.00,4.107,0.168,-0.112,1.6020,0.2930,-0.3220,295.253880,46.761360,13.616
10917681,K01963.01,,CANDIDATE,CANDIDATE,1.0000,0,0,0,0,12.896235540,3.6340000e-05,-3.6340000e-05,136.8269700,2.330000e-03,-2.330000e-03,0.9730,0.2780,-0.3660,2.62500,0.41600,-0.41600,4.2660e+02,2.380e+01,-2.380e+01,2.55,8.000e-01,-2.700e-01,783.0,,,89.02,82.57,-26.24,32.90,1,q1_q17_dr25_tce,6072.00,169.00,-190.00,4.510,0.040,-0.216,0.9230,0.2900,-0.0970,290.607450,48.357182,14.107
7882360,K07853.01,,FALSE POSITIVE,FALSE POSITIVE,0.0000,0,0,1,0,364.143970000,1.8740000e-02,-1.8740000e-02,376.4124000,3.320000e-02,-3.320000e-02,0.4750,0.0150,-0.4540,15.37000,1.70000,-1.70000,5.1350e+02,8.920e+01,-8.920e+01,2.20,7.400e-01,-2.400e-01,259.0,,,1.06,1.08,-0.35,9.30,1,q1_q17_dr25_tce,6039.00,189.00,-231.00,4.493,0.054,-0.216,0.9510,0.3200,-0.1070,288.598020,43.681469,15.508
10965740,K01887.01,,FALSE POSITIVE,FALSE POSITIVE,0.0000,0,1,1,0,21.787690870,8.8400000e-05,-8.8400000e-05,136.6964500,3.210000e-03,-3.210000e-03,1.1920,70.9500,-0.3260,4.49800,0.14900,-0.14900,5.0770e+02,1.600e+01,-1.600e+01,71.95,2.008e+01,-4.685e+01,1042.0,,,278.24,234.48,-247.91,38.10,1,q1_q17_dr25_tce,5627.00,170.00,-153.00,3.633,0.773,-0.182,3.0500,0.8510,-1.9860,286.466160,48.495918,12.967
11187436,K01804.01,Kepler-957 b,CONFIRMED,CANDIDATE,1.0000,0,0,0,0,5.907414760,3.9390000e-05,-3.9390000e-05,133.9351100,5.480000e-03,-5.480000e-03,0.1770,0.3670,-0.1770,1.01600,0.28100,-0.28100,5.5690e+03,1.136e+03,-1.136e+03,5.10,4.500e-01,-5.100e-01,769.0,,,82.73,27.88,-23.22,7.20,1,q1_q17_dr25_tce,4963.00,149.00,-149.00,4.585,0.066,-0.039,0.6900,0.0620,-0.0680,290.156340,48.818989,15.625
11285136,K01774.01,,FALSE POSITIVE,FALSE POSITIVE,0.4480,0,1,0,0,2.368173896,3.5070000e-06,-3.5070000e-06,133.8101500,1.250000e-03,-1.250000e-03,0.7630,0.0070,-0.5420,2.34600,0.10900,-0.10900,1.0143e+04,2.260e+02,-2.260e+02,10.92,3.100e+00,-1.660e+00,1428.0,,,983.51,818.46,-357.80,52.90,1,q1_q17_dr25_tce,5944.00,160.00,-178.00,4.393,0.128,-0.192,0.9910,0.2810,-0.1510,284.861450,49.026989,15.533
11298815,K02015.01,,FALSE POSITIVE,FALSE POSITIVE,0.0000,0,0,1,0,5.738659330,1.9260000e-05,-1.9260000e-05,136.9183500,3.000000e-03,-3.000000e-03,0.9660,7.7680,-0.0110,4.05100,0.12800,-0.12800,6.8860e+02,2.010e+01,-2.010e+01,1.84,1.100e-01,-9.000e-02,535.0,,,19.33,3.84,-3.08,40.10,1,q1_q17_dr25_tce,3841.00,61.00,-69.00,4.756,0.021,-0.033,0.5090,0.0310,-0.0250,292.805300,49.040459,15.510
11342573,K01771.01,,FALSE POSITIVE,FALSE POSITIVE,0.0000,0,1,0,0,91.056419080,2.4480000e-05,-2.4480000e-05,204.8363210,2.100000e-04,-2.100000e-04,1.1120,0.1280,-0.1010,6.72820,0.01280,-0.01280,5.7608e+04,9.890e+01,-9.890e+01,53.10,1.727e+01,-5.730e+00,431.0,,,8.13,7.80,-2.60,701.10,1,q1_q17_dr25_tce,6142.00,172.00,-236.00,4.456,0.054,-0.216,1.0460,0.3400,-0.1130,287.663640,49.141499,15.959
7134626,K07818.01,,CANDIDATE,CANDIDATE,0.9990,0,0,0,0,2.524439980,2.0920000e-05,-2.0920000e-05,133.7701200,7.160000e-03,-7.160000e-03,0.2320,0.2210,-0.2320,2.36900,0.19800,-0.19800,4.5800e+01,5.000e+00,-5.000e+00,1.53,2.800e-01,-5.300e-01,2145.0,,,4998.98,2807.79,-3063.75,10.60,1,q1_q17_dr25_tce,6461.00,176.00,-176.00,3.846,0.300,-0.100,2.2250,0.4100,-0.7620,296.401490,42.651058,13.063
9823519,K02793.01,Kepler-1350 b,CONFIRMED,CANDIDATE,1.0000,0,0,0,0,4.496860660,1.2890000e-05,-1.2890000e-05,134.2064200,3.240000e-03,-3.240000e-03,0.0180,0.4320,-0.0180,1.73060,0.04950,-0.04950,1.9325e+03,5.820e+01,-5.820e+01,1.93,1.900e-01,-2.300e-01,535.0,,,19.34,5.64,-5.49,37.00,1,q1_q17_dr25_tce,3698.00,66.00,-73.00,4.810,0.055,-0.045,0.4440,0.0430,-0.0530,288.250580,46.679611,16.283
11246161,K02796.01,,CANDIDATE,CANDIDATE,0.9970,0,0,0,0,0.537409400,1.3330000e-06,-1.3330000e-06,131.4967500,1.940000e-03,-1.940000e-03,0.1700,0.2960,-0.1700,1.20390,0.06890,-0.06890,9.4200e+01,5.500e+00,-5.500e+00,0.96,1.400e-01,-6.000e-02,2208.0,,,5646.82,2218.07,-986.77,21.90,1,q1_q17_dr25_tce,5749.00,78.00,-86.00,4.457,0.042,-0.119,0.9880,0.1470,-0.0630,292.874180,48.936569,14.832
7047824,K02806.01,Kepler-1353 b,CONFIRMED,CANDIDATE,1.0000,0,0,0,0,24.754384900,1.3650000e-04,-1.3650000e-04,140.2073200,4.460000e-03,-4.460000e-03,0.7090,0.0230,-0.5160,3.39000,0.15300,-0.15300,5.9330e+02,3.800e+01,-3.800e+01,2.10,1.400e-01,-2.000e-01,491.0,,,13.70,3.92,-3.75,18.00,1,q1_q17_dr25_tce,4852.00,144.00,-144.00,4.519,0.078,-0.052,0.8040,0.0560,-0.0760,295.735350,42.576248,15.514
4479633,K02814.01,,FALSE POSITIVE,FALSE POSITIVE,0.0000,0,0,1,0,0.475068516,9.2200000e-07,-9.2200000e-07,131.8191000,1.650000e-03,-1.650000e-03,0.4120,0.0540,-0.4120,0.85520,0.06870,-0.06870,1.1010e+02,7.300e+00,-7.300e+00,1.03,3.200e-01,-1.100e-01,2372.0,,,7444.39,6846.24,-2221.61,21.40,1,q1_q17_dr25_tce,6045.00,162.00,-198.00,4.494,0.052,-0.208,0.9550,0.3000,-0.1000,295.518250,39.593391,14.255
4952341,K02818.01,,FALSE POSITIVE,FALSE POSITIVE,0.0000,0,1,1,0,1.796837930,1.4190000e-05,-1.4190000e-05,134.8302900,6.970000e-03,-6.970000e-03,0.9790,0.0230,-0.0120,7.91100,0.56900,-0.56900,2.2330e+02,1.380e+01,-1.380e+01,3.37,1.010e+00,-6.700e-01,2397.0,,,7783.32,6865.92,-3569.95,27.90,1,q1_q17_dr25_tce,7592.00,211.00,-316.00,4.159,0.124,-0.186,1.7140,0.5120,-0.3410,298.579800,40.072182,13.613
8176019,K02843.01,,FALSE POSITIVE,FALSE POSITIVE,,0,0,0,0,187.512512760,,,178.1051600,,,,,,8.05000,,,,,,,,,,,,,,,,,,,,,,,,,,,295.264470,44.098560,15.711
5385491,K03988.01,,FALSE POSITIVE,FALSE POSITIVE,0.0000,1,0,1,1,12.425484000,3.3450000e-04,-3.3450000e-04,133.9900000,2.470000e-02,-2.470000e-02,0.9800,0.1160,-0.7610,28.02180,0.00000,0.00000,1.1720e+02,2.900e+00,-2.900e+00,1.55,4.900e-01,-2.800e-01,773.0,,,84.37,79.70,-33.97,43.00,2,q1_q17_dr25_tce,5478.00,164.00,-147.00,4.351,0.184,-0.225,1.0170,0.3200,-0.1870,297.599460,40.559010,13.585
11358389,K02163.02,Kepler-365 c,CONFIRMED,CANDIDATE,1.0000,0,0,0,0,17.783829800,1.3140000e-04,-1.3140000e-04,146.9103500,6.580000e-03,-6.580000e-03,0.1150,0.3540,-0.1150,3.99700,0.14300,-0.14300,2.4710e+02,1.410e+01,-1.410e+01,1.60,5.300e-01,-2.100e-01,729.0,,,66.87,66.30,-23.02,18.70,2,q1_q17_dr25_tce,6014.00,190.00,-211.00,4.436,0.072,-0.217,1.0210,0.3330,-0.1330,295.626590,49.130428,14.651
5551504,K03989.01,,FALSE POSITIVE,FALSE POSITIVE,0.0010,0,0,1,0,1.204529346,7.9180000e-06,-7.9180000e-06,131.9361300,5.430000e-03,-5.430000e-03,0.3830,0.0790,-0.3830,1.62000,0.18000,-0.18000,8.6900e+01,9.500e+00,-9.500e+00,1.40,5.100e-01,-6.100e-01,1968.0,,,3561.16,3914.50,-2562.71,11.10,1,q1_q17_dr25_tce,5340.00,175.00,-159.00,4.046,0.483,-0.207,1.5040,0.5390,-0.6580,296.551640,40.712780,14.259
6421503,K03990.01,,FALSE POSITIVE,FALSE POSITIVE,0.0000,0,0,1,1,2.158395830,1.4210000e-05,-1.4210000e-05,131.8950600,5.790000e-03,-5.790000e-03,1.1780,1.0030,-0.0560,8.09000,0.46900,-0.46900,3.5220e+02,1.200e+01,-1.200e+01,14.28,1.880e+00,-1.010e+00,1103.0,,,350.53,154.08,-79.09,38.90,1,q1_q17_dr25_tce,5272.00,157.00,-141.00,4.659,0.028,-0.083,0.6620,0.0870,-0.0470,283.052700,41.859711,15.239
10352333,K03991.01,,CANDIDATE,CANDIDATE,1.0000,0,0,0,0,1.570592397,1.6030000e-06,-1.6030000e-06,131.5303770,8.120000e-04,-8.120000e-04,0.0310,0.4380,-0.0310,0.62300,0.04660,-0.04660,2.1440e+02,9.200e+00,-9.200e+00,1.37,1.400e-01,-1.500e-01,1480.0,,,1135.98,325.72,-284.90,29.70,1,q1_q17_dr25_tce,5519.00,83.00,-74.00,4.431,0.108,-0.072,0.9210,0.0930,-0.1020,296.503540,47.486919,13.140
7538434,K07841.01,,FALSE POSITIVE,FALSE POSITIVE,0.0000,1,0,0,0,371.149500000,1.8880000e-02,-1.8880000e-02,415.4245000,3.410000e-02,-3.410000e-02,0.2280,0.2130,-0.2280,15.85500,0.85200,-0.85200,5.9730e+02,6.140e+01,-6.140e+01,2.07,5.400e-01,-2.000e-01,245.0,,,0.85,0.66,-0.24,11.50,1,q1_q17_dr25_tce,5988.00,161.00,-197.00,4.541,0.048,-0.180,0.8360,0.2180,-0.0780,294.801820,43.133240,15.342
10487119,K01635.01,,FALSE POSITIVE,FALSE POSITIVE,0.0000,0,1,0,0,3.374684854,6.1600000e-07,-6.1600000e-07,131.7699480,1.290000e-04,-1.290000e-04,1.0400,0.0400,-0.0380,4.48335,0.00772,-0.00772,8.0917e+04,1.520e+02,-1.520e+02,49.25,1.379e+01,-4.600e+00,1163.0,,,432.73,369.17,-128.36,658.30,1,q1_q17_dr25_tce,5754.00,180.00,-220.00,4.514,0.036,-0.192,0.9430,0.2640,-0.0880,297.661290,47.623940,15.746
10621666,K01636.01,,FALSE POSITIVE,FALSE POSITIVE,0.0000,0,1,1,1,2.618410460,1.3260000e-05,-1.3260000e-05,136.6631200,3.970000e-03,-3.970000e-03,0.3690,0.1060,-0.3690,3.30400,0.14200,-0.14200,1.8020e+02,8.400e+00,-8.400e+00,1.12,2.900e-01,-1.000e-01,1245.0,,,567.24,443.50,-150.39,24.80,1,q1_q17_dr25_tce,5912.00,159.00,-177.00,4.566,0.035,-0.184,0.8200,0.2180,-0.0730,299.066930,47.895191,14.598
10747439,K01638.01,,FALSE POSITIVE,FALSE POSITIVE,0.0000,0,0,1,1,4.593594819,4.4030000e-06,-4.4030000e-06,134.8895520,7.500000e-04,-7.500000e-04,1.0220,5.9360,-0.0560,2.63910,0.04250,-0.04250,1.4552e+03,2.120e+01,-2.120e+01,8.85,2.740e+00,-9.100e-01,1125.0,,,378.37,350.94,-108.56,83.50,1,q1_q17_dr25_tce,6075.00,180.00,-180.00,4.486,0.052,-0.208,0.9690,0.3000,-0.1000,297.464570,48.088001,14.455
10749128,K01639.01,,FALSE POSITIVE,FALSE POSITIVE,,0,0,0,0,125.042600000,2.1080000e-02,-2.1080000e-02,240.2910000,6.560000e-02,-6.560000e-02,0.5215,0.4586,-0.3078,8.99000,1.50000,-1.50000,1.0430e+02,1.800e+01,-1.800e+01,1.20,6.900e-01,-1.400e-01,416.0,,,7.06,12.32,-2.20,6.40,,,6273.00,153.00,-193.00,4.364,0.080,-0.325,1.1390,0.6590,-0.1330,297.900450,48.094700,13.538
10813841,K01640.01,,FALSE POSITIVE,FALSE POSITIVE,,0,0,1,0,6.170391540,3.8730000e-05,-3.8730000e-05,354.5449700,4.610000e-03,-4.610000e-03,0.1755,0.2781,-0.1754,2.11600,0.12700,-0.12700,5.0290e+02,3.370e+01,-3.370e+01,2.17,7.700e-01,-2.100e-01,1029.0,,,264.63,277.66,-78.87,19.00,1,q1_q17_dr24_tce,6137.00,173.00,-227.00,4.487,0.047,-0.264,0.9630,0.3410,-0.0930,297.662110,48.115898,15.406
10879656,K01642.01,,FALSE POSITIVE,FALSE POSITIVE,0.0000,0,1,1,0,0.364860478,1.0660000e-06,-1.0660000e-06,132.0702900,2.300000e-03,-2.300000e-03,0.2670,0.2080,-0.2660,1.47360,0.09280,-0.09280,1.1260e+02,6.100e+00,-6.100e+00,0.68,6.000e-02,-6.000e-02,1993.0,,,3703.08,1225.05,-972.61,23.50,1,q1_q17_dr25_tce,5220.00,157.00,-157.00,4.622,0.072,-0.044,0.6420,0.0560,-0.0560,298.397740,48.212318,14.823
12253474,K01947.01,,CANDIDATE,CANDIDATE,1.0000,0,0,0,0,6.422943288,9.3300000e-06,-9.3300000e-06,135.5530200,1.200000e-03,-1.200000e-03,0.1980,0.2310,-0.1980,1.08150,0.04200,-0.04200,2.6140e+02,1.020e+01,-1.020e+01,1.66,5.600e-01,-1.900e-01,1034.0,,,269.80,268.87,-81.95,30.60,1,q1_q17_dr25_tce,6102.00,165.00,-183.00,4.447,0.070,-0.210,1.0160,0.3450,-0.1150,288.634830,50.912231,12.335
12691412,K01983.01,,FALSE POSITIVE,FALSE POSITIVE,0.0080,0,0,1,0,6.905223170,1.8450000e-05,-1.8450000e-05,137.0205900,2.780000e-03,-2.780000e-03,0.9620,0.0390,-0.7100,3.53300,0.16200,-0.16200,4.2030e+02,1.360e+01,-1.360e+01,4.54,1.500e+00,-9.900e-01,1343.0,,,768.55,746.53,-367.97,34.40,1,q1_q17_dr25_tce,6596.00,184.00,-254.00,4.135,0.153,-0.187,1.7210,0.5660,-0.3770,290.286190,51.834026,13.502
5024482,K02041.01,,FALSE POSITIVE,FALSE POSITIVE,0.0000,0,0,1,1,1.525910500,9.8180000e-06,-9.8180000e-06,132.7061000,5.550000e-03,-5.550000e-03,0.9860,0.0100,-0.6860,3.11400,0.10900,-0.10900,8.3900e+01,7.000e+00,-7.000e+00,2.63,6.100e-01,-1.200e+00,2545.0,,,9917.80,6820.55,-7388.14,14.30,1,q1_q17_dr25_tce,6640.00,189.00,-237.00,3.884,0.448,-0.112,2.0990,0.4790,-0.9590,295.325010,40.187576,12.203
8175131,K02139.01,,FALSE POSITIVE,FALSE POSITIVE,0.0000,0,0,1,0,4.271219610,1.1040000e-05,-1.1040000e-05,132.1046600,2.590000e-03,-2.590000e-03,0.6360,0.3030,-0.4060,2.92830,0.07830,-0.07830,9.6670e+02,2.920e+01,-2.920e+01,2.17,1.700e-01,-2.100e-01,802.0,,,97.84,33.27,-28.87,38.00,1,q1_q17_dr25_tce,4702.00,168.00,-168.00,4.602,0.063,-0.032,0.6700,0.0530,-0.0650,295.002930,44.092030,15.938
3764879,K02141.01,,CANDIDATE,CANDIDATE,0.0870,0,0,0,0,1.306984786,1.4130000e-06,-1.4130000e-06,131.5291280,8.820000e-04,-8.820000e-04,1.1440,6.7860,-0.0790,1.19400,0.05560,-0.05560,3.0210e+02,9.500e+00,-9.500e+00,18.33,5.570e+00,-2.240e+00,1754.0,,,2230.29,2006.05,-739.22,38.40,1,q1_q17_dr25_tce,6102.00,171.00,-214.00,4.457,0.062,-0.200,1.0260,0.3120,-0.1250,295.771940,38.820042,14.024
7177766,K07819.01,,FALSE POSITIVE,FALSE POSITIVE,0.0000,1,0,0,1,0.769358923,2.9070000e-06,-2.9070000e-06,131.5782700,4.080000e-03,-4.080000e-03,0.1110,0.3410,-0.1110,1.53640,0.08930,-0.08930,4.4800e+01,2.800e+00,-2.800e+00,1.93,4.100e-01,-6.000e-01,2928.0,,,17335.40,10941.28,-10243.75,19.80,1,q1_q17_dr25_tce,5267.00,146.00,-182.00,3.655,0.222,-0.167,2.9350,0.6140,-0.9210,283.111360,42.761070,12.055
5513897,K02591.01,,FALSE POSITIVE,FALSE POSITIVE,0.0000,0,1,1,1,0.755109106,2.5490000e-06,-2.5490000e-06,132.5623900,2.940000e-03,-2.940000e-03,0.4700,0.0400,-0.4400,2.96700,0.10600,-0.10600,1.0600e+02,3.900e+00,-3.900e+00,0.85,1.800e-01,-7.000e-02,1733.0,,,2130.82,1409.05,-504.58,34.00,1,q1_q17_dr25_tce,5452.00,164.00,-147.00,4.572,0.036,-0.144,0.8150,0.1750,-0.0630,284.371830,40.712971,13.974
10664416,K02599.01,,FALSE POSITIVE,FALSE POSITIVE,0.0000,0,1,0,0,25.323921500,2.5320000e-04,-2.5320000e-04,138.4976600,8.220000e-03,-8.220000e-03,1.2180,0.1390,-0.0670,70.40500,0.53900,-0.53900,1.3797e+03,8.400e+00,-8.400e+00,19.02,1.970e+00,-1.790e+00,484.0,,,12.94,4.77,-3.42,214.50,1,q1_q17_dr25_tce,5128.00,153.00,-138.00,4.600,0.072,-0.048,0.6680,0.0690,-0.0630,291.400790,47.924629,14.856
9602613,K02612.01,Kepler-1994 b,CONFIRMED,CANDIDATE,0.8560,0,0,0,0,4.612250430,3.4450000e-05,-3.4450000e-05,133.8613400,5.350000e-03,-5.350000e-03,0.0120,0.4400,-0.0120,2.69500,0.16700,-0.16700,2.9100e+01,2.400e+00,-2.400e+00,0.51,6.000e-02,-5.000e-02,1032.0,,,268.27,86.53,-58.85,13.70,1,q1_q17_dr25_tce,5495.00,74.00,-82.00,4.442,0.072,-0.099,0.9610,0.1150,-0.0860,297.148830,46.296951,11.830
5807769,K02614.01,Kepler-1289 b,CONFIRMED,CANDIDATE,0.9990,0,0,0,0,7.990223790,5.3410000e-05,-5.3410000e-05,132.2680000,5.730000e-03,-5.730000e-03,0.1070,0.3530,-0.1070,3.27300,0.14400,-0.14400,1.6590e+02,1.110e+01,-1.110e+01,1.97,3.100e-01,-4.600e-01,1113.0,,,361.73,151.46,-161.00,17.60,1,q1_q17_dr25_tce,5689.00,85.00,-76.00,4.065,0.195,-0.105,1.5420,0.2410,-0.3620,296.388820,41.040569,14.590
11495766,K02630.01,,FALSE POSITIVE,FALSE POSITIVE,,0,0,0,0,4.174916600,1.3100000e-04,-1.3100000e-04,134.1713000,1.820000e-02,-1.820000e-02,0.4759,0.0041,-0.4473,4.82800,0.64300,-0.64300,4.0700e+01,4.500e+00,-4.500e+00,0.61,2.500e-01,-5.000e-02,1116.0,,,366.59,433.06,-96.46,11.80,,,5910.00,151.00,-182.00,4.505,0.038,-0.294,0.9400,0.3800,-0.0810,285.225310,49.424179,13.391
7282154,K07830.01,,FALSE POSITIVE,FALSE POSITIVE,0.0000,1,0,0,1,0.566786940,2.9200000e-06,-2.9200000e-06,131.8248900,2.840000e-03,-2.840000e-03,0.2130,2.0690,-0.2130,1.95900,0.74800,-0.74800,6.1200e+01,1.570e+01,-1.570e+01,0.63,1.000e-01,-9.000e-02,1920.0,,,3194.49,1807.01,-1100.31,8.30,1,q1_q17_dr25_tce,5341.00,204.00,-185.00,4.496,0.105,-0.105,0.8080,0.1300,-0.1060,291.825010,42.866508,15.817
3228988,K03992.01,,FALSE POSITIVE,FALSE POSITIVE,0.0000,0,1,1,1,0.730947010,3.0470000e-06,-3.0470000e-06,132.2243300,3.550000e-03,-3.550000e-03,1.1580,0.2350,-0.1730,4.22300,0.28900,-0.28900,2.2770e+02,9.200e+00,-9.200e+00,15.83,3.720e+00,-1.350e+00,1870.0,,,2886.66,2021.73,-723.23,31.20,1,q1_q17_dr25_tce,5767.00,158.00,-158.00,4.559,0.040,-0.160,0.8370,0.1970,-0.0710,289.804230,38.370708,15.312
2970804,K03993.01,,FALSE POSITIVE,FALSE POSITIVE,0.0000,0,1,0,0,0.686994057,5.5300000e-07,-5.5300000e-07,131.6610240,6.540000e-04,-6.540000e-04,1.2610,0.3260,-0.1040,3.52520,0.04520,-0.04520,2.7971e+03,2.590e+01,-2.590e+01,35.30,0.000e+00,0.000e+00,2063.0,,,4267.13,0.00,0.00,136.60,1,q1_q17_dr25_tce,5780.00,,,4.438,,,1.0000,,,286.106960,38.107628,9.160
7552701,K03994.01,,FALSE POSITIVE,FALSE POSITIVE,0.0000,0,0,1,0,1.324247867,3.6320000e-06,-3.6320000e-06,131.5104300,2.540000e-03,-2.540000e-03,0.2950,0.1850,-0.2950,1.47590,0.08340,-0.08340,8.3300e+01,4.100e+00,-4.100e+00,1.30,4.300e-01,-2.200e-01,2140.0,,,4951.46,4620.87,-2047.59,26.50,1,q1_q17_dr25_tce,6557.00,158.00,-237.00,4.251,0.108,-0.201,1.4060,0.4580,-0.2470,298.051300,43.164909,13.869
7418173,K03995.01,,FALSE POSITIVE,FALSE POSITIVE,0.0000,0,1,0,0,0.780632043,2.6800000e-07,-2.6800000e-07,132.1908350,2.910000e-04,-2.910000e-04,1.3060,1.9870,-0.0110,1.41090,0.01640,-0.01640,7.3650e+02,6.700e+00,-6.700e+00,79.67,4.144e+01,-5.065e+01,2714.0,,,12837.08,20950.69,-11328.78,141.00,1,q1_q17_dr25_tce,5354.00,177.00,-160.00,3.754,0.777,-0.333,2.1800,1.1340,-1.3860,281.575710,43.068111,13.331
3228804,K03996.01,,FALSE POSITIVE,FALSE POSITIVE,0.0000,0,1,1,1,0.730947169,1.9240000e-06,-1.9240000e-06,132.2219200,2.340000e-03,-2.340000e-03,1.1430,0.2090,-0.0940,4.39600,0.17600,-0.17600,2.4800e+02,6.400e+00,-6.400e+00,14.43,3.080e+00,-1.220e+00,1777.0,,,2349.48,1543.42,-607.86,49.10,1,q1_q17_dr25_tce,5514.00,166.00,-166.00,4.569,0.036,-0.144,0.8260,0.1760,-0.0700,289.761140,38.353519,15.010
11045383,K01645.01,,FALSE POSITIVE,FALSE POSITIVE,0.0000,0,1,0,0,41.166760970,1.5910000e-05,-1.5910000e-05,158.9177770,2.950000e-04,-2.950000e-04,1.0930,0.3050,-0.1200,2.21330,0.01670,-0.01670,5.3863e+03,3.620e+01,-3.620e+01,17.82,1.930e+00,-2.150e+00,446.0,,,9.35,3.55,-2.86,185.20,1,q1_q17_dr25_tce,5193.00,154.00,-138.00,4.503,0.093,-0.076,0.8050,0.0870,-0.0970,298.210940,48.559158,13.418
11391667,K01652.01,,FALSE POSITIVE,FALSE POSITIVE,0.0000,0,1,0,0,1.083736642,5.8000000e-08,-5.8000000e-08,134.1369208,4.160000e-05,-4.160000e-05,1.2650,0.0940,-0.0700,1.57912,0.00264,-0.00264,8.9308e+03,1.160e+01,-1.160e+01,237.84,2.583e+01,-9.682e+01,3641.0,,,41465.78,15423.50,-29479.90,954.20,1,q1_q17_dr25_tce,5591.00,156.00,-267.00,3.227,0.287,-0.103,5.6180,0.6100,-2.2870,285.302060,49.263451,12.923
11392017,K01653.01,,FALSE POSITIVE,FALSE POSITIVE,0.0020,0,0,1,0,2.455703690,1.0220000e-05,-1.0220000e-05,133.0319500,3.220000e-03,-3.220000e-03,1.2050,5.6470,-0.1260,3.10000,0.17200,-0.17200,2.7380e+02,1.400e+01,-1.400e+01,55.95,3.330e+01,-4.072e+01,1891.0,,,3017.14,5535.44,-2814.93,23.50,1,q1_q17_dr25_tce,5148.00,141.00,-128.00,3.624,0.998,-0.333,2.3140,1.3770,-1.6840,285.535490,49.298439,13.390
3446451,K01735.01,,FALSE POSITIVE,FALSE POSITIVE,0.0000,0,1,1,1,0.642348750,5.9600000e-07,-5.9600000e-07,131.9106950,7.430000e-04,-7.430000e-04,0.6270,0.0930,-0.4520,1.36990,0.03010,-0.03010,1.0370e+02,2.000e+00,-2.000e+00,2.78,4.800e-01,-8.900e-01,3813.0,,,49846.45,25639.64,-29905.09,61.30,1,q1_q17_dr25_tce,7089.00,172.00,-246.00,3.842,0.259,-0.111,2.5840,0.4470,-0.8300,292.137450,38.599419,12.305
6603756,K01729.01,,FALSE POSITIVE,FALSE POSITIVE,0.9210,0,1,0,0,5.204286663,6.1360000e-06,-6.1360000e-06,135.8853140,9.690000e-04,-9.690000e-04,0.2720,0.1100,-0.1550,6.25980,0.06780,-0.06780,3.5221e+04,2.750e+02,-2.750e+02,16.00,2.560e+00,-2.110e+00,934.0,,,180.12,94.30,-60.46,153.00,1,q1_q17_dr25_tce,5332.00,167.00,-167.00,4.471,0.108,-0.120,0.8600,0.1380,-0.1130,291.091610,42.058479,15.424
8460600,K01730.01,,FALSE POSITIVE,FALSE POSITIVE,0.0000,0,1,0,0,6.352090869,5.4600000e-07,-5.4600000e-07,134.2069907,7.110000e-05,-7.110000e-05,0.2230,0.0690,-0.0160,3.88771,0.00403,-0.00403,7.5142e+04,6.990e+01,-6.990e+01,18.90,1.990e+00,-1.820e+00,772.0,,,83.66,31.50,-22.50,1343.20,1,q1_q17_dr25_tce,5089.00,154.00,-138.00,4.580,0.072,-0.048,0.6930,0.0730,-0.0670,300.774780,44.487751,14.933
12121470,K02142.01,,FALSE POSITIVE,FALSE POSITIVE,0.0000,0,0,1,0,1.877350712,7.3970000e-06,-7.3970000e-06,132.2659100,2.740000e-03,-2.740000e-03,0.2970,0.1790,-0.2970,1.74780,0.08080,-0.08080,1.8560e+02,9.600e+00,-9.600e+00,1.46,4.900e-01,-1.600e-01,1650.0,,,1755.20,1686.64,-535.43,23.10,1,q1_q17_dr25_tce,6382.00,170.00,-207.00,4.432,0.054,-0.216,1.0590,0.3480,-0.1160,296.805240,50.611061,14.688
3327993,K02157.01,,FALSE POSITIVE,FALSE POSITIVE,0.0000,0,0,1,1,2.115523480,1.5360000e-05,-1.5360000e-05,134.0996100,5.760000e-03,-5.760000e-03,1.1870,0.9200,-0.1900,6.71200,0.33900,-0.33900,3.5920e+02,1.550e+01,-1.550e+01,21.43,6.790e+00,-2.120e+00,1398.0,,,900.64,855.10,-260.36,28.90,1,q1_q17_dr25_tce,5900.00,176.00,-193.00,4.509,0.037,-0.213,0.9510,0.3010,-0.0940,287.180050,38.414131,15.897
5467124,K02161.01,,FALSE POSITIVE,FALSE POSITIVE,0.0000,0,1,1,1,2.845739620,1.1490000e-05,-1.1490000e-05,134.2757800,3.390000e-03,-3.390000e-03,0.6560,0.5820,-0.6560,7.28000,1.60000,-1.60000,2.1170e+02,1.320e+01,-1.320e+01,3.63,5.100e-01,-1.100e+00,1829.0,,,2645.94,999.90,-1433.10,83.90,1,q1_q17_dr25_tce,5557.00,83.00,-83.00,3.792,0.217,-0.087,2.3720,0.3310,-0.7170,296.677610,40.653690,13.591
7906739,K02165.01,,FALSE POSITIVE,FALSE POSITIVE,0.0000,0,1,1,0,7.014761150,4.2200000e-05,-4.2200000e-05,136.8834500,4.380000e-03,-4.380000e-03,0.6870,0.2550,-0.4570,3.94500,0.20100,-0.20100,1.2210e+02,5.500e+00,-5.500e+00,1.02,2.700e-01,-1.100e-01,928.0,,,175.85,134.48,-51.37,27.50,1,q1_q17_dr25_tce,5912.00,159.00,-159.00,4.501,0.075,-0.175,0.8700,0.2260,-0.0970,296.801700,43.654259,13.601
2860114,K02170.01,,FALSE POSITIVE,FALSE POSITIVE,0.0000,0,0,1,0,0.941603153,9.2500000e-07,-9.2500000e-07,132.9761710,8.140000e-04,-8.140000e-04,0.9300,0.0030,-0.6570,1.18860,0.02840,-0.02840,4.6210e+02,1.190e+01,-1.190e+01,2.29,3.500e-01,-2.900e-01,1608.0,,,1575.78,788.16,-509.55,46.20,1,q1_q17_dr25_tce,5237.00,158.00,-158.00,4.481,0.096,-0.120,0.8370,0.1290,-0.1050,293.065980,38.042011,14.834
8501062,K02176.01,,FALSE POSITIVE,FALSE POSITIVE,,0,0,0,0,24.402133730,,,149.4743100,,,,,,12.57000,,,,,,,,,,,,,,,,,,,,,,,,,,,294.068790,44.574772,13.424
7199644,K07821.01,,FALSE POSITIVE,FALSE POSITIVE,0.0000,0,1,0,1,1.133573040,1.3450000e-05,-1.3450000e-05,131.8204000,1.160000e-02,-1.160000e-02,0.7390,0.2260,-0.5080,2.84900,0.24700,-0.24700,3.3100e+01,3.200e+00,-3.200e+00,0.59,1.700e-01,-7.000e-02,1836.0,,,2688.01,2186.36,-861.64,12.00,1,q1_q17_dr25_tce,6147.00,166.00,-203.00,4.449,0.081,-0.189,0.9540,0.2640,-0.1130,291.570500,42.737720,14.207
11966253,K02772.01,,FALSE POSITIVE,FALSE POSITIVE,0.0000,0,0,1,0,0.643468999,1.5350000e-06,-1.5350000e-06,131.8386800,2.000000e-03,-2.000000e-03,0.2660,0.1920,-0.2660,1.11080,0.06970,-0.06970,1.0800e+02,6.500e+00,-6.500e+00,0.88,2.000e-01,-1.400e-01,2001.0,,,3772.66,2504.44,-1373.89,19.60,1,q1_q17_dr25_tce,5670.00,170.00,-153.00,4.452,0.139,-0.170,0.8430,0.1820,-0.1330,293.319520,50.364262,14.658
10275805,K02782.01,,FALSE POSITIVE,FALSE POSITIVE,0.0000,0,1,1,0,112.645961000,1.0260000e-03,-1.0260000e-03,182.9982400,8.740000e-03,-8.740000e-03,1.2770,6.8980,-0.3540,7.03700,0.35500,-0.35500,1.9579e+03,9.870e+01,-9.870e+01,35.36,1.102e+01,-3.430e+00,377.0,,,4.76,4.50,-1.43,23.30,1,q1_q17_dr25_tce,5895.00,182.00,-223.00,4.489,0.039,-0.221,0.9910,0.3090,-0.0960,292.556120,47.329079,15.701
5709889,K02783.01,,FALSE POSITIVE,FALSE POSITIVE,1.0000,0,0,1,0,0.526887517,1.1460000e-06,-1.1460000e-06,131.8656100,1.830000e-03,-1.830000e-03,0.2920,0.1540,-0.2920,0.89710,0.07480,-0.07480,1.1990e+02,8.400e+00,-8.400e+00,0.58,3.000e-02,-5.000e-02,1238.0,,,550.37,105.55,-121.16,20.60,1,q1_q17_dr25_tce,3945.00,70.00,-78.00,4.721,0.045,-0.021,0.5190,0.0280,-0.0420,293.170960,40.995590,14.694
3119256,K02784.01,,FALSE POSITIVE,FALSE POSITIVE,0.0000,0,0,1,0,4.142447480,3.1160000e-05,-3.1160000e-05,132.9070000,6.760000e-03,-6.760000e-03,0.3860,0.0730,-0.3860,2.20300,0.19200,-0.19200,6.9900e+01,6.600e+00,-6.600e+00,1.82,3.100e-01,-6.700e-01,1907.0,,,3128.33,1627.11,-2031.53,12.30,1,q1_q17_dr25_tce,6785.00,183.00,-224.00,3.830,0.338,-0.113,2.1240,0.3590,-0.7790,292.050140,38.261002,11.056
9943435,K02788.01,,FALSE POSITIVE,FALSE POSITIVE,0.0000,0,1,1,0,0.777663575,1.5410000e-06,-1.5410000e-06,131.5253700,1.590000e-03,-1.590000e-03,0.2040,0.2480,-0.2040,1.17410,0.05180,-0.05180,1.3430e+02,5.800e+00,-5.800e+00,0.95,2.400e-01,-9.000e-02,1816.0,,,2553.18,1961.51,-646.43,28.10,1,q1_q17_dr25_tce,5769.00,155.00,-155.00,4.570,0.033,-0.187,0.8120,0.2120,-0.0710,288.031520,46.827549,14.397
2442359,K03997.01,,FALSE POSITIVE,FALSE POSITIVE,0.0000,0,0,1,0,0.552834211,8.0800000e-07,-8.0800000e-07,131.7546800,1.290000e-03,-1.290000e-03,1.0450,0.9410,-0.0780,1.28870,0.07670,-0.07670,1.4570e+02,6.300e+00,-6.300e+00,18.09,6.810e+00,-1.265e+01,3107.0,,,21895.36,25367.89,-20143.84,30.00,1,q1_q17_dr25_tce,5132.00,170.00,-154.00,3.675,0.848,-0.283,2.6480,0.9970,-1.8520,291.223180,37.781551,13.931
7707742,K03998.01,,FALSE POSITIVE,FALSE POSITIVE,0.0000,0,1,0,0,0.758354475,1.0100000e-07,-1.0100000e-07,132.6239840,1.400000e-04,-1.400000e-04,0.2790,0.0040,-0.0040,4.56811,0.00554,-0.00554,5.8178e+05,4.890e+02,-4.890e+02,149.44,4.401e+01,-4.002e+01,3123.0,,,22401.95,19531.92,-12370.48,1560.50,1,q1_q17_dr25_tce,7131.00,200.00,-314.00,4.084,0.180,-0.180,1.8300,0.5390,-0.4900,298.899540,43.395641,16.975
6041734,K02167.03,Kepler-1129 c,CONFIRMED,CANDIDATE,0.9980,0,0,0,0,76.536953100,8.2360000e-04,-8.2360000e-04,164.1564400,1.000000e-02,-1.000000e-02,0.3270,0.1330,-0.3270,5.57400,0.21000,-0.21000,6.5220e+02,3.810e+01,-3.810e+01,3.73,6.300e-01,-8.300e-01,503.0,,,15.15,6.73,-6.47,17.70,2,q1_q17_dr25_tce,5596.00,84.00,-75.00,4.105,0.203,-0.101,1.4660,0.2440,-0.3260,291.604490,41.309361,15.280
2010191,K03999.01,,FALSE POSITIVE,FALSE POSITIVE,0.0000,1,0,1,0,3.435251240,4.8640000e-05,-4.8640000e-05,132.6333000,1.170000e-02,-1.170000e-02,1.1210,9.1790,-0.0550,4.50900,0.61200,-0.61200,1.5220e+02,1.920e+01,-1.920e+01,25.43,3.900e+00,-5.840e+00,1579.0,,,1468.73,592.34,-643.17,6.30,1,q1_q17_dr25_tce,5854.00,79.00,-79.00,4.014,0.202,-0.081,1.7420,0.2670,-0.4000,290.387210,37.478180,14.603
5471675,K04000.01,,FALSE POSITIVE,FALSE POSITIVE,0.0000,0,1,1,1,0.962828092,5.4390000e-06,-5.4390000e-06,132.2069700,5.100000e-03,-5.100000e-03,1.1010,0.2220,-0.1120,4.41100,0.26600,-0.26600,6.3000e+01,3.300e+00,-3.300e+00,40.82,4.000e+00,-1.598e+01,3553.0,,,37544.87,13440.69,-25251.66,22.70,1,q1_q17_dr25_tce,6552.00,198.00,-198.00,3.594,0.340,-0.060,3.4400,0.3370,-1.3470,297.720370,40.650200,13.306
7601665,K07842.01,,CANDIDATE,CANDIDATE,0.9990,0,0,0,0,3.111415140,4.9700000e-05,-4.9700000e-05,132.4992000,1.290000e-02,-1.290000e-02,0.4600,0.4990,-0.2560,3.07400,0.52300,-0.52300,2.8400e+01,4.300e+00,-4.300e+00,0.70,2.200e-01,-1.200e-01,1530.0,,,1296.58,1164.25,-515.49,8.30,1,q1_q17_dr25_tce,6450.00,144.00,-208.00,4.297,0.108,-0.201,1.2730,0.4050,-0.2180,289.886660,43.233879,13.396
8845574,K01734.01,,FALSE POSITIVE,FALSE POSITIVE,0.0000,0,1,1,0,1.878156188,3.4120000e-06,-3.4120000e-06,136.2716000,1.420000e-03,-1.420000e-03,0.9590,0.0130,-0.6850,2.05800,0.18100,-0.18100,7.8750e+02,2.350e+01,-2.350e+01,2.51,2.400e-01,-2.200e-01,1141.0,,,400.37,141.41,-105.30,38.40,1,q1_q17_dr25_tce,5075.00,151.00,-151.00,4.598,0.072,-0.044,0.6700,0.0650,-0.0590,300.311070,45.024940,15.750
2021440,K01987.01,,FALSE POSITIVE,FALSE POSITIVE,0.0000,0,1,1,0,7.811539990,3.3050000e-05,-3.3050000e-05,136.3310100,3.390000e-03,-3.390000e-03,1.2710,14.3300,-0.1720,5.98400,0.16500,-0.16500,9.1280e+02,2.550e+01,-2.550e+01,23.56,3.220e+00,-1.890e+00,718.0,,,62.96,28.48,-15.76,41.30,1,q1_q17_dr25_tce,5150.00,153.00,-153.00,4.628,0.033,-0.077,0.7100,0.0970,-0.0570,292.968440,37.488689,15.611
3122985,K01949.01,,FALSE POSITIVE,FALSE POSITIVE,0.3490,0,1,0,0,0.993488979,4.2400000e-07,-4.2400000e-07,131.6073540,3.520000e-04,-3.520000e-04,0.8300,0.0600,-0.0100,1.96940,0.03370,-0.03370,2.4327e+04,2.700e+02,-2.700e+02,17.90,6.080e+00,-4.060e+00,1914.0,,,3172.24,3234.27,-1491.39,145.80,1,q1_q17_dr25_tce,5811.00,174.00,-174.00,4.328,0.230,-0.230,0.9980,0.3390,-0.2260,292.918910,38.206692,14.701
3248019,K01759.01,,FALSE POSITIVE,FALSE POSITIVE,0.0000,0,1,0,0,1.334104585,9.8000000e-08,-9.8000000e-08,132.3674913,6.380000e-05,-6.380000e-05,0.9860,0.1790,-0.0140,3.14624,0.00279,-0.00279,6.1691e+04,2.610e+01,-2.610e+01,44.90,1.405e+01,-7.010e+00,1880.0,,,2954.64,2808.30,-1154.51,1334.60,1,q1_q17_dr25_tce,6319.00,198.00,-242.00,4.373,0.105,-0.195,1.0830,0.3390,-0.1690,294.596830,38.370140,15.387
3328026,K01994.01,,FALSE POSITIVE,FALSE POSITIVE,0.0000,0,0,1,1,2.115498574,7.3450000e-06,-7.3450000e-06,134.1125900,2.980000e-03,-2.980000e-03,1.2150,0.7160,-0.1270,6.73800,0.14900,-0.14900,4.4420e+02,9.200e+00,-9.200e+00,25.84,8.320e+00,-2.760e+00,1432.0,,,995.26,934.96,-299.21,45.40,1,q1_q17_dr25_tce,5917.00,156.00,-191.00,4.475,0.054,-0.216,1.0000,0.3220,-0.1070,287.189610,38.431660,15.147
7116024,K07812.01,,FALSE POSITIVE,FALSE POSITIVE,0.0000,1,0,0,1,3.400766820,9.2860000e-05,-9.2860000e-05,131.8405000,3.070000e-02,-3.070000e-02,0.2560,0.2040,-0.2560,4.70000,1.70000,-1.70000,2.1100e+01,3.300e+00,-3.300e+00,0.69,2.000e-01,-2.000e-01,1540.0,,,1328.50,1125.22,-740.72,7.40,1,q1_q17_dr25_tce,6134.00,165.00,-202.00,4.142,0.246,-0.164,1.4960,0.4320,-0.4320,291.243130,42.630169,12.060
2014991,K02178.01,,FALSE POSITIVE,FALSE POSITIVE,0.0000,0,1,1,0,6.496768810,5.7950000e-05,-5.7950000e-05,132.1743900,7.340000e-03,-7.340000e-03,0.6430,0.3420,-0.4370,2.52700,0.24200,-0.24200,1.3500e+02,1.580e+01,-1.580e+01,3.74,5.800e-01,-1.370e+00,1761.0,,,2273.36,1112.37,-1453.59,10.60,1,q1_q17_dr25_tce,6418.00,175.00,-175.00,3.658,0.304,-0.076,3.0490,0.4770,-1.1140,291.549350,37.403580,12.396
12885212,K02184.01,,FALSE POSITIVE,FALSE POSITIVE,0.0010,0,0,1,0,2.057499811,8.5670000e-06,-8.5670000e-06,133.3131800,3.420000e-03,-3.420000e-03,0.0040,0.4170,-0.0040,2.56900,0.10900,-0.10900,3.2560e+02,1.580e+01,-1.580e+01,1.27,4.000e-02,-7.000e-02,1037.0,,,273.84,34.60,-47.85,23.60,1,q1_q17_dr25_tce,4620.00,73.00,-82.00,4.564,0.052,-0.014,0.7360,0.0210,-0.0430,290.175020,52.220341,15.504
5894073,K02187.01,,FALSE POSITIVE,FALSE POSITIVE,0.0000,0,0,1,0,10.585675800,2.6600000e-04,-2.6600000e-04,136.9685000,2.430000e-02,-2.430000e-02,0.4740,0.4820,-0.2770,4.91100,0.81000,-0.81000,1.7870e+02,2.840e+01,-2.840e+01,1.49,5.400e-01,-1.300e-01,912.0,,,163.41,167.94,-45.64,8.10,1,q1_q17_dr25_tce,6246.00,152.00,-217.00,4.433,0.056,-0.238,1.0920,0.3900,-0.0970,296.647550,41.177021,13.748
10518424,K02188.01,,FALSE POSITIVE,FALSE POSITIVE,0.0000,0,1,1,1,2.696336210,1.6910000e-05,-1.6910000e-05,132.9953800,5.630000e-03,-5.630000e-03,1.1410,2.8900,-0.1210,5.23800,0.25600,-0.25600,2.3860e+02,1.090e+01,-1.090e+01,15.78,4.900e+00,-1.640e+00,1334.0,,,749.66,682.77,-223.25,26.50,1,q1_q17_dr25_tce,6106.00,164.00,-201.00,4.496,0.054,-0.216,0.9230,0.2870,-0.0960,283.753850,47.796951,15.319
4245933,K02190.01,,FALSE POSITIVE,FALSE POSITIVE,0.0000,0,0,1,1,11.258074500,1.4470000e-04,-1.4470000e-04,140.7940000,1.100000e-02,-1.100000e-02,0.9550,0.0040,-0.0050,23.51600,0.58800,-0.58800,7.1330e+02,1.620e+01,-1.620e+01,2.14,2.300e-01,-1.600e-01,497.0,,,14.44,5.21,-3.67,55.40,1,q1_q17_dr25_tce,4257.00,115.00,-140.00,4.691,0.032,-0.052,0.5860,0.0620,-0.0450,286.401980,39.338799,15.830
7199724,K07822.01,,FALSE POSITIVE,FALSE POSITIVE,0.0000,1,0,0,1,0.566795586,6.0770000e-06,-6.0770000e-06,131.8324500,9.080000e-03,-9.080000e-03,0.6860,0.2740,-0.4480,4.12400,0.33100,-0.33100,3.9400e+01,3.100e+00,-3.100e+00,0.66,2.000e-01,-7.000e-02,2296.0,,,6597.10,5685.47,-1968.54,19.60,1,q1_q17_dr25_tce,6108.00,162.00,-198.00,4.471,0.062,-0.200,0.9970,0.2940,-0.1050,291.593570,42.719299,14.549
12935144,K02847.01,,FALSE POSITIVE,FALSE POSITIVE,0.0000,0,0,1,0,1.099291188,4.3420000e-06,-4.3420000e-06,131.5024200,3.140000e-03,-3.140000e-03,0.0770,0.3820,-0.0770,1.76500,0.12300,-0.12300,2.8260e+02,1.750e+01,-1.750e+01,1.37,9.000e-02,-1.400e-01,1414.0,,,947.02,277.44,-266.61,19.80,1,q1_q17_dr25_tce,4878.00,159.00,-145.00,4.500,0.077,-0.049,0.8430,0.0560,-0.0840,290.233000,52.336010,15.496
6185496,K02858.01,,FALSE POSITIVE,FALSE POSITIVE,0.0000,0,0,1,0,0.474628890,7.3600000e-07,-7.3600000e-07,131.5423700,1.360000e-03,-1.360000e-03,0.3770,0.0800,-0.3770,1.01940,0.05540,-0.05540,3.3130e+02,1.390e+01,-1.390e+01,1.43,1.000e-01,-1.400e-01,1840.0,,,2691.55,779.02,-749.28,31.20,1,q1_q17_dr25_tce,4904.00,145.00,-145.00,4.527,0.072,-0.048,0.7860,0.0560,-0.0770,284.362030,41.577549,15.692
6606438,K02860.01,Kepler-1883 b,CONFIRMED,CANDIDATE,1.0000,0,0,0,0,103.426987300,8.6760000e-04,-8.6760000e-04,220.2286900,7.610000e-03,-7.610000e-03,0.0130,0.4210,-0.0130,5.03000,0.19700,-0.19700,9.5010e+02,6.260e+01,-6.260e+01,3.16,9.700e-01,-3.900e-01,416.0,,,7.08,6.58,-2.49,17.80,1,q1_q17_dr25_tce,6208.00,194.00,-259.00,4.454,0.052,-0.195,1.0240,0.3140,-0.1260,291.922550,42.002560,15.549
9149789,K02874.01,,CANDIDATE,CANDIDATE,0.9890,0,0,0,0,0.352515897,4.2700000e-07,-4.2700000e-07,132.0165900,1.020000e-03,-1.020000e-03,0.2600,0.2110,-0.2600,1.05250,0.03650,-0.03650,1.6820e+02,5.900e+00,-5.900e+00,1.00,1.900e-01,-9.000e-02,2194.0,,,5534.14,3302.38,-1351.38,38.00,1,q1_q17_dr25_tce,5465.00,162.00,-146.00,4.598,0.030,-0.120,0.7660,0.1470,-0.0630,289.858890,45.503841,14.867
12170648,K02875.01,,FALSE POSITIVE,FALSE POSITIVE,0.0000,0,1,0,0,0.299697755,1.9100000e-07,-1.9100000e-07,132.0171210,5.280000e-04,-5.280000e-04,0.9640,0.0370,-0.7000,0.84730,0.04230,-0.04230,3.4690e+02,9.200e+00,-9.200e+00,2.03,2.400e-01,-1.900e-01,2246.0,,,6005.79,2390.41,-1642.70,53.60,1,q1_q17_dr25_tce,5180.00,154.00,-154.00,4.547,0.058,-0.071,0.7820,0.0900,-0.0740,296.963810,50.745380,14.828
7051984,K02879.01,,CANDIDATE,CANDIDATE,0.0000,0,0,0,0,0.339069751,4.2300000e-07,-4.2300000e-07,131.8695700,1.050000e-03,-1.050000e-03,0.9580,0.0010,-0.6780,1.15160,0.03220,-0.03220,5.3200e+01,1.800e+00,-1.800e+00,2.09,4.800e-01,-1.110e+00,3653.0,,,41863.05,29068.87,-33587.02,38.20,1,q1_q17_dr25_tce,5653.00,169.00,-152.00,3.846,0.560,-0.140,2.1830,0.4960,-1.1580,296.701900,42.508652,12.771
7282168,K07831.01,,FALSE POSITIVE,FALSE POSITIVE,0.0000,0,0,1,1,0.566817270,8.6450000e-06,-8.6450000e-06,131.7715000,1.140000e-02,-1.140000e-02,0.0420,0.4260,-0.0420,1.77900,0.29400,-0.29400,3.5900e+01,5.100e+00,-5.100e+00,0.42,8.000e-02,-3.000e-02,1832.0,,,2676.11,1519.14,-575.96,9.10,1,q1_q17_dr25_tce,5481.00,163.00,-146.00,4.629,0.035,-0.112,0.7080,0.1280,-0.0460,291.830510,42.867729,14.916
9851943,K04001.01,,FALSE POSITIVE,FALSE POSITIVE,0.0000,0,1,1,1,1.081935491,5.3710000e-06,-5.3710000e-06,131.5287400,3.690000e-03,-3.690000e-03,0.0000,0.4400,0.0000,5.13600,0.12900,-0.12900,2.0290e+02,7.500e+00,-7.500e+00,0.99,9.000e-02,-9.000e-02,1364.0,,,819.14,268.79,-219.12,33.90,1,q1_q17_dr25_tce,4938.00,148.00,-133.00,4.569,0.065,-0.040,0.7180,0.0620,-0.0690,299.040440,46.670368,15.254
5773121,K04002.01,Kepler-1932 b,CONFIRMED,CANDIDATE,1.0000,0,0,0,0,0.524175803,8.2000000e-07,-8.2000000e-07,131.6010500,1.330000e-03,-1.330000e-03,0.3180,0.1330,-0.3180,0.76480,0.05650,-0.05650,2.3680e+02,1.390e+01,-1.390e+01,1.27,1.200e-01,-5.000e-02,1891.0,,,3049.23,835.70,-389.42,22.40,1,q1_q17_dr25_tce,5278.00,73.00,-84.00,4.576,0.015,-0.090,0.8150,0.0800,-0.0290,285.331540,41.063911,15.040
2708420,K04003.01,,FALSE POSITIVE,FALSE POSITIVE,0.0000,0,0,1,1,1.891298810,2.3440000e-05,-2.3440000e-05,132.6639000,1.250000e-02,-1.250000e-02,0.6990,0.2500,-0.4600,5.29400,0.19500,-0.19500,8.2000e+01,3.300e+00,-3.300e+00,0.86,1.200e-01,-5.000e-02,1414.0,,,944.68,337.60,-153.49,29.80,1,q1_q17_dr25_tce,5806.00,78.00,-86.00,4.507,0.040,-0.120,0.8930,0.1200,-0.0510,290.351530,37.948570,13.911
4814502,K04004.01,Kepler-1933 b,CONFIRMED,CANDIDATE,1.0000,0,0,0,0,4.943305960,1.5300000e-05,-1.5300000e-05,135.5756800,2.410000e-03,-2.410000e-03,0.9280,0.0200,-0.6280,2.93340,0.06760,-0.06760,1.2620e+02,5.300e+00,-5.300e+00,1.41,1.900e-01,-1.300e-01,1058.0,,,296.74,109.95,-66.93,27.70,1,q1_q17_dr25_tce,5661.00,76.00,-84.00,4.415,0.076,-0.114,1.0080,0.1410,-0.0940,283.995090,39.917000,12.697
8142787,K04005.01,Kepler-439 b,CONFIRMED,CANDIDATE,0.9970,0,0,0,0,178.139072000,1.8970000e-03,-1.8970000e-03,210.1180200,6.860000e-03,-6.860000e-03,0.0420,0.4120,-0.0420,9.65400,0.28300,-0.28300,6.7880e+02,3.790e+01,-3.790e+01,2.25,2.200e-01,-1.600e-01,291.0,,,1.70,0.47,-0.31,20.30,1,q1_q17_dr25_tce,5431.00,81.00,-81.00,4.496,0.052,-0.078,0.8790,0.0860,-0.0600,280.801570,44.033989,14.560
7613620,K07843.01,,CANDIDATE,CANDIDATE,0.8000,0,0,0,0,0.619023176,4.7830000e-06,-4.7830000e-06,131.9281700,6.170000e-03,-6.170000e-03,0.3870,0.0780,-0.3870,1.49600,0.24600,-0.24600,7.7900e+01,1.260e+01,-1.260e+01,0.79,1.700e-01,-7.000e-02,1885.0,,,2985.06,2099.65,-766.79,8.90,1,q1_q17_dr25_tce,5395.00,180.00,-164.00,4.536,0.028,-0.161,0.8910,0.1980,-0.0740,293.671140,43.217609,15.775
3345675,K01772.01,,CANDIDATE,CANDIDATE,0.0000,0,0,0,0,120.003364040,8.0320000e-05,-8.0320000e-05,250.1378320,5.610000e-04,-5.610000e-04,0.7800,0.0250,-0.0170,3.38030,0.03300,-0.03300,3.9596e+04,5.430e+02,-5.430e+02,15.08,8.600e-01,-1.170e+00,240.0,,,0.78,0.21,-0.21,131.10,1,q1_q17_dr25_tce,4315.00,142.00,-155.00,4.627,0.035,-0.028,0.6680,0.0380,-0.0520,292.300690,38.402142,15.635
3654950,K01766.01,,FALSE POSITIVE,FALSE POSITIVE,0.0000,0,1,0,0,4.067371428,6.6800000e-07,-6.6800000e-07,134.3160220,1.500000e-04,-1.500000e-04,1.5100,0.0950,-0.2400,5.89620,0.01320,-0.01320,6.3447e+04,7.800e+01,-7.800e+01,68.81,8.710e+00,-7.890e+00,978.0,,,215.71,95.92,-65.85,1094.60,1,q1_q17_dr25_tce,5385.00,177.00,-160.00,4.532,0.108,-0.081,0.7500,0.0950,-0.0860,293.832890,38.736340,15.858
3836453,K01903.01,,FALSE POSITIVE,FALSE POSITIVE,0.0000,0,1,1,1,1.540395781,2.4530000e-06,-2.4530000e-06,131.9963100,1.450000e-03,-1.450000e-03,0.0620,0.3740,-0.0620,1.63050,0.03330,-0.03330,1.7340e+02,4.100e+00,-4.100e+00,0.94,6.000e-02,-4.000e-02,1211.0,,,510.22,110.12,-80.88,46.60,1,q1_q17_dr25_tce,4955.00,99.00,,4.592,0.024,-0.042,0.7350,0.0440,-0.0330,286.952360,38.918331,12.057
3952651,K01912.01,,FALSE POSITIVE,FALSE POSITIVE,0.0010,0,0,1,0,32.904573300,1.8900000e-04,-1.8900000e-04,141.2932500,5.100000e-03,-5.100000e-03,1.2320,75.3800,-3.6370,4.40200,0.26700,-0.26700,6.6230e+02,3.910e+01,-3.910e+01,28.34,0.000e+00,0.000e+00,568.0,,,24.63,0.00,0.00,19.70,1,q1_q17_dr25_tce,5780.00,,,4.438,,,1.0000,,,291.043910,39.023685,13.960
3966262,K01811.01,,FALSE POSITIVE,FALSE POSITIVE,0.0000,0,1,1,0,2.463533430,3.4060000e-05,-3.4060000e-05,135.3459000,1.180000e-02,-1.180000e-02,1.2220,48.4700,-0.6840,2.95400,0.59600,-0.59600,8.3000e+02,1.540e+02,-1.540e+02,21.49,4.790e+00,-1.910e+00,1171.0,,,445.83,304.68,-118.31,6.80,1,q1_q17_dr25_tce,5541.00,167.00,-167.00,4.587,0.036,-0.144,0.7770,0.1730,-0.0690,294.576050,39.039280,14.914
4144231,K01791.01,,FALSE POSITIVE,FALSE POSITIVE,0.0000,0,1,1,1,22.913390430,3.5700000e-05,-3.5700000e-05,140.6483900,1.380000e-03,-1.380000e-03,1.2810,63.8000,-0.1960,3.94000,0.05710,-0.05710,5.4070e+03,7.190e+01,-7.190e+01,24.11,1.290e+00,-1.640e+00,510.0,,,15.94,4.34,-3.94,86.90,1,q1_q17_dr25_tce,5451.00,190.00,-190.00,4.663,0.068,-0.032,0.6000,0.0320,-0.0410,287.832280,39.225552,15.469
9964670,K02192.01,,FALSE POSITIVE,FALSE POSITIVE,0.0000,0,0,1,0,1.541350116,4.3680000e-06,-4.3680000e-06,132.3252800,2.280000e-03,-2.280000e-03,0.2720,0.7080,-0.2720,3.29000,0.70800,-0.70800,3.7800e+02,2.320e+01,-2.320e+01,1.50,2.000e-01,-1.000e-01,1273.0,,,619.14,285.34,-135.36,51.70,1,q1_q17_dr25_tce,5150.00,170.00,-139.00,4.590,0.026,-0.097,0.7840,0.1040,-0.0520,297.027710,46.874519,15.316
6209798,K02196.01,,FALSE POSITIVE,FALSE POSITIVE,0.0000,0,1,1,0,1.205412526,3.5480000e-06,-3.5480000e-06,131.9361900,2.490000e-03,-2.490000e-03,1.0920,5.6240,-0.0750,1.53700,0.14300,-0.14300,1.0920e+02,7.800e+00,-7.800e+00,12.60,2.500e+00,-2.060e+00,1988.0,,,3681.80,2204.36,-1399.23,17.20,1,q1_q17_dr25_tce,6292.00,170.00,-189.00,4.320,0.135,-0.135,1.1220,0.2230,-0.1830,293.338350,41.590240,13.064
6525249,K02197.01,,FALSE POSITIVE,FALSE POSITIVE,0.0000,0,0,1,1,1.710316235,5.9600000e-06,-5.9600000e-06,131.6097300,3.040000e-03,-3.040000e-03,1.1740,2.2130,-0.1190,3.61400,0.15500,-0.15500,4.0940e+02,1.600e+01,-1.600e+01,23.38,6.420e+00,-2.760e+00,1647.0,,,1740.08,1416.97,-581.86,31.20,1,q1_q17_dr25_tce,6147.00,172.00,-236.00,4.435,0.060,-0.180,1.0960,0.3010,-0.1290,292.734560,41.904770,15.961
11075429,K02198.01,Kepler-1137 b,CONFIRMED,CANDIDATE,0.9910,0,0,0,0,23.921040800,1.4990000e-04,-1.4990000e-04,139.0787200,5.010000e-03,-5.010000e-03,0.9360,0.0140,-0.6820,5.17400,0.11100,-0.11100,1.5830e+02,8.200e+00,-8.200e+00,3.01,6.500e-01,-7.300e-01,1020.0,,,255.65,166.79,-127.88,21.90,1,q1_q17_dr25_tce,7121.00,199.00,-249.00,4.031,0.192,-0.128,1.9720,0.4270,-0.4750,287.130280,48.665371,12.768
11705004,K02199.01,Kepler-1806 b,CONFIRMED,CANDIDATE,0.9930,0,0,0,0,9.033264350,8.0420000e-05,-8.0420000e-05,137.1773800,5.280000e-03,-5.280000e-03,0.4550,0.0170,-0.4550,2.85700,0.18700,-0.18700,6.1070e+02,4.030e+01,-4.030e+01,1.96,3.300e-01,-1.600e-01,729.0,,,66.89,36.92,-17.16,18.30,1,q1_q17_dr25_tce,5311.00,175.00,-159.00,4.588,0.030,-0.112,0.7880,0.1320,-0.0660,287.535030,49.801659,15.901
6137681,K03932.01,,FALSE POSITIVE,FALSE POSITIVE,0.0000,0,1,1,1,356.535835000,2.5340000e-03,-2.5340000e-03,433.6206600,4.350000e-03,-4.350000e-03,1.2810,78.0200,-6.5120,5.46700,0.26100,-0.26100,3.1130e+03,1.440e+02,-1.440e+02,28.27,3.960e+00,-3.240e+00,220.0,,,0.55,0.28,-0.17,25.70,1,q1_q17_dr25_tce,5385.00,187.00,-187.00,4.532,0.105,-0.086,0.7500,0.1050,-0.0860,295.834840,41.426971,15.481
11244682,K03933.01,Kepler-1699 b,CONFIRMED,CANDIDATE,1.0000,0,0,0,0,3.490785878,6.0420000e-06,-6.0420000e-06,133.1026900,1.470000e-03,-1.470000e-03,0.1160,0.3270,-0.1160,1.45130,0.04650,-0.04650,3.3680e+02,1.230e+01,-1.230e+01,1.32,2.300e-01,-1.000e-01,1010.0,,,245.65,126.09,-60.21,32.70,1,q1_q17_dr25_tce,5496.00,147.00,-163.00,4.618,0.035,-0.105,0.7250,0.1210,-0.0560,292.137330,48.917191,14.678
9655419,K03934.01,,FALSE POSITIVE,FALSE POSITIVE,0.0000,0,1,0,0,1.921494870,1.0300000e-05,-1.0300000e-05,133.2283000,4.310000e-03,-4.310000e-03,1.2900,40.0800,-0.1310,1.89100,0.26500,-0.26500,1.0060e+03,1.100e+02,-1.100e+02,79.14,2.416e+01,-2.416e+01,2382.0,,,7634.18,6889.82,-4531.06,11.60,1,q1_q17_dr25_tce,6831.00,191.00,-287.00,3.959,0.258,-0.172,2.2470,0.6860,-0.6860,294.348450,46.390755,12.659
5895158,K03935.01,Kepler-1532 b,CONFIRMED,CANDIDATE,1.0000,0,0,0,0,1.093665854,1.8690000e-06,-1.8690000e-06,132.4721300,1.470000e-03,-1.470000e-03,0.1740,0.2830,-0.1740,1.43990,0.04700,-0.04700,2.1840e+02,7.800e+00,-7.800e+00,1.29,3.800e-01,-1.200e-01,1681.0,,,1880.33,1548.27,-518.99,33.50,1,q1_q17_dr25_tce,5845.00,139.00,-174.00,4.541,0.036,-0.192,0.8740,0.2520,-0.0840,296.902800,41.198189,14.815
4947556,K03936.01,,CANDIDATE,CANDIDATE,0.0000,0,0,0,0,141.608555000,7.1820000e-04,-7.1820000e-04,190.2763300,3.750000e-03,-3.750000e-03,0.3990,0.0650,-0.3990,7.68500,0.13900,-0.13900,1.2631e+03,3.110e+01,-3.110e+01,2.98,2.900e-01,-2.600e-01,290.0,,,1.68,0.60,-0.44,43.30,1,q1_q17_dr25_tce,5083.00,152.00,-152.00,4.512,0.063,-0.070,0.8440,0.0830,-0.0740,297.577120,40.027710,13.336
7287028,K07832.01,,CANDIDATE,CANDIDATE,0.4650,0,0,0,0,3.609223100,5.5350000e-04,-5.5350000e-04,132.4630000,1.880000e-01,-1.880000e-01,0.3640,0.2030,-0.3640,2.80000,10.30000,-10.30000,5.2400e+01,1.030e+01,-1.030e+01,0.68,2.100e-01,-7.000e-02,1192.0,,,477.00,437.64,-138.07,4.40,1,q1_q17_dr25_tce,6032.00,162.00,-180.00,4.508,0.050,-0.212,0.9290,0.2910,-0.0970,293.358610,42.806660,13.534
5471690,K04006.01,,FALSE POSITIVE,FALSE POSITIVE,0.0000,1,0,1,1,12.424733300,3.5700000e-04,-3.5700000e-04,134.0338000,2.680000e-02,-2.680000e-02,0.6560,0.2900,-0.4330,16.82800,0.63500,-0.63500,4.0500e+01,2.300e+00,-2.300e+00,1.47,2.900e-01,-4.800e-01,1284.0,,,642.95,386.44,-390.34,19.30,2,q1_q17_dr25_tce,6632.00,201.00,-221.00,3.860,0.300,-0.100,2.1930,0.4210,-0.7220,297.725310,40.640789,12.876
8376848,K04007.01,,CANDIDATE,CANDIDATE,0.9640,0,0,0,0,11.492711200,1.4250000e-04,-1.4250000e-04,133.3086000,1.020000e-02,-1.020000e-02,1.2120,6.8820,-0.3130,7.76400,0.52700,-0.52700,2.9150e+02,1.870e+01,-1.870e+01,25.01,7.770e+00,-2.780e+00,858.0,,,127.97,119.68,-40.83,18.70,1,q1_q17_dr25_tce,6198.00,188.00,-225.00,4.464,0.054,-0.216,1.0050,0.3120,-0.1120,295.748990,44.374760,15.472
5350447,K04008.01,,FALSE POSITIVE,FALSE POSITIVE,0.0000,0,1,1,0,70.751198600,5.7810000e-04,-5.7810000e-04,175.3715700,7.110000e-03,-7.110000e-03,1.2400,8.0870,-0.2680,6.19800,0.30700,-0.30700,8.5810e+02,4.250e+01,-4.250e+01,27.74,7.400e+00,-4.950e+00,441.0,,,8.97,7.25,-3.61,24.10,1,q1_q17_dr25_tce,5771.00,173.00,-173.00,4.400,0.153,-0.187,0.9360,0.2500,-0.1670,287.923130,40.517269,15.187
4173026,K02172.02,Kepler-1801 c,CONFIRMED,CANDIDATE,0.9910,0,0,0,0,116.583183000,2.2310000e-03,-2.2310000e-03,246.6275000,1.440000e-02,-1.440000e-02,0.5860,0.0060,-0.4920,5.80000,0.50900,-0.50900,8.1900e+02,1.020e+02,-1.020e+02,2.91,8.300e-01,-4.200e-01,371.0,,,4.47,3.76,-1.57,8.70,2,q1_q17_dr25_tce,5738.00,156.00,-173.00,4.426,0.101,-0.188,0.9810,0.2810,-0.1410,295.164000,39.201408,15.104
8934103,K04009.01,Kepler-1538 b,CONFIRMED,CANDIDATE,0.9970,0,0,0,0,175.138920000,2.5810000e-03,-2.5810000e-03,296.0377800,9.940000e-03,-9.940000e-03,0.0700,0.3860,-0.0700,10.76700,0.34600,-0.34600,6.3450e+02,3.790e+01,-3.790e+01,3.06,4.500e-01,-5.900e-01,346.0,,,3.39,1.33,-1.31,17.90,1,q1_q17_dr25_tce,5497.00,83.00,-74.00,4.243,0.176,-0.108,1.2410,0.1810,-0.2410,283.345700,45.274460,15.245
7618364,K07844.01,,FALSE POSITIVE,FALSE POSITIVE,0.0000,1,0,1,0,1.302061421,2.5740000e-06,-2.5740000e-06,132.5643600,1.600000e-03,-1.600000e-03,1.2730,9.8410,-0.0800,1.82380,0.09740,-0.09740,1.0461e+03,4.510e+01,-4.510e+01,92.86,1.258e+01,-3.777e+01,3345.0,,,29636.26,12903.33,-20804.62,29.50,1,q1_q17_dr25_tce,7757.00,211.00,-316.00,3.837,0.344,-0.108,2.7830,0.3770,-1.1320,294.967560,43.277409,13.095
4150390,K01768.01,,FALSE POSITIVE,FALSE POSITIVE,0.0000,0,1,0,0,55.251786220,1.8640000e-05,-1.8640000e-05,144.4565130,2.940000e-04,-2.940000e-04,0.9780,0.2670,-0.0760,6.09400,0.01510,-0.01510,3.9874e+04,8.510e+01,-8.510e+01,27.32,7.850e+00,-2.460e+00,444.0,,,9.15,7.89,-2.52,585.00,1,q1_q17_dr25_tce,5793.00,172.00,-189.00,4.561,0.034,-0.195,0.8320,0.2390,-0.0750,289.686580,39.297199,15.807
4851464,K01757.01,,FALSE POSITIVE,FALSE POSITIVE,0.0010,0,1,0,0,5.548250634,9.0000000e-07,-9.0000000e-07,133.2196860,1.450000e-04,-1.450000e-04,0.2960,0.0330,-0.0250,6.06772,0.00771,-0.00771,4.2873e+04,4.430e+01,-4.430e+01,21.49,6.780e+00,-2.720e+00,1088.0,,,331.99,318.14,-115.51,1170.50,1,q1_q17_dr25_tce,6124.00,193.00,-236.00,4.455,0.052,-0.208,1.0280,0.3240,-0.1300,295.888670,39.911301,15.752
4913000,K01775.01,,FALSE POSITIVE,FALSE POSITIVE,0.0000,0,0,1,1,4.442520831,3.3850000e-06,-3.3850000e-06,133.6073760,6.150000e-04,-6.150000e-04,0.9660,0.0060,-0.0030,2.47790,0.05460,-0.05460,5.3150e+02,1.090e+01,-1.090e+01,3.98,7.000e-01,-4.300e-01,1392.0,,,889.36,391.85,-216.90,100.30,1,q1_q17_dr25_tce,6496.00,71.00,-84.00,4.272,0.080,-0.120,1.3300,0.2320,-0.1430,288.474300,40.085678,11.668
4945877,K01936.01,,FALSE POSITIVE,FALSE POSITIVE,1.0000,0,0,1,0,1.339670241,5.3930000e-06,-5.3930000e-06,132.1678600,3.320000e-03,-3.320000e-03,0.6020,0.0250,-0.4800,1.89500,0.11100,-0.11100,2.8600e+01,1.700e+00,-1.700e+00,1.27,1.100e-01,-2.800e-01,3448.0,,,33385.02,7780.00,-13758.59,21.70,1,q1_q17_dr25_tce,8867.00,70.00,-88.00,3.988,0.161,-0.069,2.2450,0.2090,-0.4890,297.190120,40.027969,10.455
5110423,K01777.01,,FALSE POSITIVE,FALSE POSITIVE,0.0000,0,0,1,0,2.685223546,1.3390000e-06,-1.3390000e-06,133.7318210,4.100000e-04,-4.100000e-04,1.2800,0.1860,-0.1800,4.06320,0.02280,-0.02280,5.4946e+03,2.760e+01,-2.760e+01,28.98,5.520e+00,-1.980e+00,1111.0,,,360.92,220.28,-82.73,238.70,1,q1_q17_dr25_tce,5552.00,180.00,-163.00,4.620,0.038,-0.120,0.7190,0.1370,-0.0490,294.836790,40.265598,15.828
2581191,K02203.01,,FALSE POSITIVE,FALSE POSITIVE,0.0000,0,0,1,0,1.990426420,1.0140000e-05,-1.0140000e-05,132.7131700,3.640000e-03,-3.640000e-03,0.0670,0.4050,-0.0670,3.08300,0.11900,-0.11900,1.3380e+02,6.300e+00,-6.300e+00,1.17,3.900e-01,-1.300e-01,1539.0,,,1327.48,1338.15,-396.08,25.30,1,q1_q17_dr25_tce,6198.00,175.00,-197.00,4.464,0.054,-0.216,1.0050,0.3420,-0.1070,292.600250,37.832069,14.349
7379385,K02207.01,,FALSE POSITIVE,FALSE POSITIVE,0.0000,0,1,1,0,67.230028000,1.4480000e-03,-1.4480000e-03,171.7451000,1.570000e-02,-1.570000e-02,0.9380,0.0280,-0.5760,25.01000,1.20000,-1.20000,3.7910e+02,1.100e+01,-1.100e+01,2.44,7.400e-01,-3.100e-01,482.0,,,12.79,11.33,-4.36,39.50,1,q1_q17_dr25_tce,6157.00,171.00,-213.00,4.418,0.087,-0.203,1.0160,0.3050,-0.1310,296.420100,42.936989,14.548
6199702,K02211.01,,FALSE POSITIVE,FALSE POSITIVE,0.0000,0,0,0,1,0.805259637,7.0400000e-07,-7.0400000e-07,132.1007580,7.190000e-04,-7.190000e-04,0.3320,0.1490,-0.3320,0.97790,0.02670,-0.02670,3.4180e+02,8.500e+00,-8.500e+00,1.93,6.300e-01,-2.100e-01,2115.0,,,4732.34,4549.45,-1491.65,50.20,1,q1_q17_dr25_tce,6257.00,169.00,-225.00,4.454,0.056,-0.224,1.0220,0.3350,-0.1120,290.126040,41.599430,14.633
6307083,K02050.01,,FALSE POSITIVE,FALSE POSITIVE,0.0000,0,1,1,1,75.378781600,5.5930000e-04,-5.5930000e-04,167.1079800,5.260000e-03,-5.260000e-03,0.0460,0.3790,-0.0460,5.26800,0.17900,-0.17900,3.8770e+02,1.520e+01,-1.520e+01,1.60,8.000e-02,-1.200e-01,360.0,,,3.97,0.66,-0.80,30.10,1,q1_q17_dr25_tce,5061.00,83.00,-76.00,4.488,0.088,-0.028,0.8410,0.0380,-0.0660,297.635190,41.641869,12.218
6780158,K02231.01,,FALSE POSITIVE,FALSE POSITIVE,0.0000,0,0,1,0,2.464160779,6.7730000e-06,-6.7730000e-06,131.9220100,2.360000e-03,-2.360000e-03,1.1690,5.8770,-0.0930,2.42700,0.11400,-0.11400,1.1670e+02,5.200e+00,-5.200e+00,36.93,2.296e+01,-2.297e+01,1709.0,,,2018.62,3961.59,-1760.06,27.30,1,q1_q17_dr25_tce,5238.00,158.00,-142.00,3.840,0.756,-0.378,1.8830,1.1710,-1.1710,292.659700,42.272831,13.145
7199756,K07823.01,,FALSE POSITIVE,FALSE POSITIVE,0.0000,1,0,1,1,0.566781152,6.2020000e-06,-6.2020000e-06,131.8571500,9.850000e-03,-9.850000e-03,0.4270,0.0950,-0.4270,3.99500,0.33100,-0.33100,1.3340e+02,8.200e+00,-8.200e+00,0.54,4.000e-02,-6.000e-02,1090.0,,,337.10,87.02,-86.56,24.90,1,q1_q17_dr25_tce,3725.00,59.00,-66.00,4.787,0.055,-0.035,0.4600,0.0400,-0.0490,291.606020,42.703720,15.742
4947556,K03936.02,Kepler-1930 b,CONFIRMED,CANDIDATE,0.9100,0,0,0,0,13.026796400,4.3610000e-05,-4.3610000e-05,139.1477700,2.540000e-03,-2.540000e-03,0.9300,0.0320,-0.6640,0.78500,0.10600,-0.10600,3.5660e+02,4.510e+01,-4.510e+01,2.08,2.000e-01,-1.800e-01,643.0,,,40.51,14.47,-10.65,11.40,2,q1_q17_dr25_tce,5083.00,152.00,-152.00,4.512,0.063,-0.070,0.8440,0.0830,-0.0740,297.577120,40.027710,13.336
7362696,K03937.01,,FALSE POSITIVE,FALSE POSITIVE,0.0000,0,1,0,0,4.931298740,1.1390000e-05,-1.1390000e-05,134.8200900,2.120000e-03,-2.120000e-03,1.2240,63.0800,-0.9200,1.86260,0.09170,-0.09170,6.7610e+02,2.680e+01,-2.680e+01,21.42,3.410e+00,-2.780e+00,944.0,,,187.36,105.24,-64.19,31.70,1,q1_q17_dr25_tce,5457.00,209.00,-190.00,4.508,0.110,-0.110,0.7790,0.1240,-0.1010,291.760560,42.923920,15.535
3865595,K03938.01,,FALSE POSITIVE,FALSE POSITIVE,0.0000,0,1,1,0,5.591874480,1.0960000e-05,-1.0960000e-05,132.8761800,1.620000e-03,-1.620000e-03,0.8200,0.0220,-0.5650,1.67820,0.05810,-0.05810,2.3640e+02,8.900e+00,-8.900e+00,104.18,5.000e+00,-2.250e+01,4793.0,,,124810.93,23526.61,-56143.74,31.90,1,q1_q17_dr25_tce,3915.00,78.00,-107.00,1.173,0.030,-0.027,58.3250,2.8000,-12.5980,295.298740,38.930496,13.627
9593528,K03939.01,,FALSE POSITIVE,FALSE POSITIVE,1.0000,0,1,0,0,1.886654450,8.6250000e-05,-8.6250000e-05,132.3531000,3.760000e-02,-3.760000e-02,1.2690,38.1500,-0.0050,1.34300,0.16000,-0.16000,2.0980e+03,1.620e+02,-1.620e+02,43.81,1.301e+01,-9.750e+00,1794.0,,,2453.86,2218.59,-1185.99,15.80,1,q1_q17_dr25_tce,6296.00,198.00,-242.00,4.247,0.185,-0.185,1.2490,0.3710,-0.2780,294.028200,46.201771,15.210
5195945,K03940.01,,FALSE POSITIVE,FALSE POSITIVE,0.0000,0,0,1,0,14.536822280,3.6980000e-05,-3.6980000e-05,132.3683100,1.860000e-03,-1.860000e-03,1.0680,59.8000,-0.0840,3.19500,0.10300,-0.10300,1.0323e+03,3.010e+01,-3.010e+01,73.15,1.320e+01,-2.200e+00,1596.0,,,1534.06,802.37,-166.34,40.80,1,q1_q17_dr25_tce,4946.00,111.00,-66.00,2.819,0.027,-0.033,5.8550,1.0570,-0.1760,294.312870,40.319721,12.930
7300182,K07833.01,,CANDIDATE,CANDIDATE,0.9230,0,0,0,0,172.820248000,5.0970000e-03,-5.0970000e-03,302.0399000,1.810000e-02,-1.810000e-02,0.2490,0.2190,-0.2490,7.34300,0.66500,-0.66500,5.4930e+02,6.220e+01,-6.220e+01,2.22,6.500e-01,-2.200e-01,338.0,,,3.08,2.66,-0.89,10.60,1,q1_q17_dr25_tce,6174.00,169.00,-206.00,4.499,0.050,-0.200,0.9390,0.2760,-0.0920,296.785550,42.880291,14.321
5288577,K04010.01,,FALSE POSITIVE,FALSE POSITIVE,0.0000,0,0,1,1,1.728530030,8.4740000e-06,-8.4740000e-06,131.8057200,3.860000e-03,-3.860000e-03,0.7760,0.1820,-0.5310,3.81900,0.11700,-0.11700,9.9100e+01,4.700e+00,-4.700e+00,2.43,4.900e-01,-1.140e+00,2492.0,,,9100.75,5605.34,-6902.09,24.00,1,q1_q17_dr25_tce,6701.00,190.00,-238.00,3.882,0.432,-0.108,2.2370,0.4520,-1.0550,295.502170,40.409943,13.597
11969988,K04011.01,,FALSE POSITIVE,FALSE POSITIVE,0.4950,0,1,1,0,2.190687380,1.1830000e-05,-1.1830000e-05,132.0172700,5.690000e-03,-5.690000e-03,0.5940,0.2180,-0.5940,4.41000,1.00000,-1.00000,6.6300e+01,3.600e+00,-3.600e+00,1.68,3.400e-01,-5.700e-01,2017.0,,,3913.33,2438.03,-2376.62,44.10,1,q1_q17_dr25_tce,6208.00,167.00,-167.00,3.973,0.259,-0.111,1.9750,0.4110,-0.6680,295.053220,50.347740,12.521
8483258,K04012.01,,FALSE POSITIVE,FALSE POSITIVE,,1,0,0,0,372.164780000,1.2980000e-02,-1.2980000e-02,233.7717000,1.340000e-02,-1.340000e-02,0.7967,0.0299,-0.5571,11.28800,0.67900,-0.67900,2.0740e+03,1.750e+02,-1.750e+02,5.68,3.350e+00,-6.000e-01,279.0,,,1.44,2.59,-0.45,23.50,,,6194.00,160.00,-222.00,4.415,0.053,-0.340,1.1290,0.6650,-0.1200,286.543030,44.509621,15.823
4832225,K04013.01,,FALSE POSITIVE,FALSE POSITIVE,0.0000,1,0,0,1,0.947730124,3.4390000e-06,-3.4390000e-06,132.3933800,3.530000e-03,-3.530000e-03,0.4730,0.0160,-0.4530,1.11710,0.08970,-0.08970,1.5250e+02,1.080e+01,-1.080e+01,2.82,9.800e-01,-8.000e-01,3914.0,,,55681.21,57096.18,-32212.31,18.00,2,q1_q17_dr25_tce,9464.00,262.00,-450.00,4.116,0.157,-0.175,2.1840,0.7590,-0.6210,290.746610,39.911030,9.072
9009953,K04014.01,Kepler-1700 b,CONFIRMED,CANDIDATE,0.9820,0,0,0,0,234.240739000,4.0130000e-03,-4.0130000e-03,210.8122000,1.060000e-02,-1.060000e-02,0.9440,0.0220,-0.6550,12.92500,0.49100,-0.49100,4.6410e+02,1.910e+01,-1.910e+01,3.41,5.700e-01,-5.700e-01,329.0,,,2.77,1.22,-0.95,27.70,1,q1_q17_dr25_tce,5814.00,78.00,-78.00,4.269,0.137,-0.112,1.2480,0.2090,-0.2090,286.949710,45.353828,13.685
7664272,K07845.01,,FALSE POSITIVE,FALSE POSITIVE,0.1460,1,0,0,0,341.014950000,2.2910000e-02,-2.2910000e-02,448.7233000,4.830000e-02,-4.830000e-02,0.0870,0.3850,-0.0870,5.12000,4.00000,-4.00000,3.8600e+02,9.280e+01,-9.280e+01,1.72,3.000e-01,-2.100e-01,234.0,,,0.71,0.39,-0.22,6.90,1,q1_q17_dr25_tce,5327.00,159.00,-143.00,4.456,0.112,-0.138,0.8960,0.1550,-0.1130,283.921910,43.370750,14.122
5302006,K01755.01,,FALSE POSITIVE,FALSE POSITIVE,0.0000,0,0,1,0,6.146312070,3.7010000e-05,-3.7010000e-05,132.7498300,4.950000e-03,-4.950000e-03,0.9370,0.0180,-0.6560,3.80300,0.14700,-0.14700,8.9110e+02,4.990e+01,-4.990e+01,4.79,1.430e+00,-6.100e-01,1260.0,,,594.72,524.24,-208.22,20.30,1,q1_q17_dr25_tce,6726.00,187.00,-258.00,4.335,0.062,-0.188,1.3100,0.3910,-0.1680,298.298980,40.470329,15.050
5306720,K01991.01,,FALSE POSITIVE,FALSE POSITIVE,0.0000,0,1,1,0,27.364323370,8.4390000e-05,-8.4390000e-05,143.4646400,2.720000e-03,-2.720000e-03,1.2730,69.3100,-3.7450,3.54500,0.10200,-0.10200,2.2825e+03,6.470e+01,-6.470e+01,39.49,1.252e+01,-4.170e+00,659.0,,,44.50,42.88,-14.52,42.30,1,q1_q17_dr25_tce,6167.00,194.00,-259.00,4.428,0.052,-0.208,1.1070,0.3510,-0.1170,299.184910,40.484371,15.244
5389540,K01836.01,,FALSE POSITIVE,FALSE POSITIVE,0.0010,0,0,1,0,10.262319920,7.4340000e-05,-7.4340000e-05,133.2071900,5.820000e-03,-5.820000e-03,0.9450,0.0040,-0.6740,3.56800,0.15700,-0.15700,8.1390e+02,5.310e+01,-5.310e+01,1.98,1.800e-01,-2.000e-01,509.0,,,15.89,5.78,-4.93,17.30,1,q1_q17_dr25_tce,4316.00,150.00,-165.00,4.709,0.060,-0.035,0.5400,0.0490,-0.0550,298.467990,40.516678,13.259
5444384,K01778.01,,FALSE POSITIVE,FALSE POSITIVE,0.0000,0,1,1,1,1.519529227,1.8920000e-06,-1.8920000e-06,132.5525600,1.120000e-03,-1.120000e-03,0.8660,0.0050,-0.0040,5.16750,0.05110,-0.05110,8.3725e+03,6.900e+01,-6.900e+01,11.12,3.330e+00,-1.320e+00,1653.0,,,1766.31,1608.95,-595.73,155.10,1,q1_q17_dr25_tce,6033.00,190.00,-232.00,4.460,0.050,-0.200,1.0460,0.3130,-0.1250,290.514650,40.693001,15.551
5450814,K01780.01,,FALSE POSITIVE,FALSE POSITIVE,0.0000,0,1,0,0,6.487525901,6.4980000e-06,-6.4980000e-06,137.6251650,8.220000e-04,-8.220000e-04,1.1990,7.1210,-0.0830,2.45360,0.04410,-0.04410,2.0209e+04,3.200e+02,-3.200e+02,21.23,1.180e+00,-1.840e+00,593.0,,,29.11,6.98,-7.88,74.30,1,q1_q17_dr25_tce,4481.00,121.00,-148.00,4.763,0.059,-0.027,0.4850,0.0270,-0.0420,292.556850,40.638191,15.693
7116519,K07813.01,,FALSE POSITIVE,FALSE POSITIVE,0.0000,0,0,1,1,0.566764370,1.1350000e-05,-1.1350000e-05,131.8708000,1.670000e-02,-1.670000e-02,0.5940,0.3800,-0.3710,2.32600,0.58000,-0.58000,7.6500e+01,8.000e+00,-8.000e+00,0.92,2.900e-01,-1.000e-01,2267.0,,,6222.58,5983.36,-1965.57,11.70,1,q1_q17_dr25_tce,6039.00,190.00,-232.00,4.478,0.054,-0.216,1.0050,0.3180,-0.1060,291.397430,42.617020,15.770
9635510,K02234.01,,FALSE POSITIVE,FALSE POSITIVE,0.0000,0,0,1,1,2.351976160,1.5010000e-05,-1.5010000e-05,131.9069600,6.100000e-03,-6.100000e-03,1.1770,1.7270,-0.1200,5.30400,0.25000,-0.25000,2.6800e+02,1.050e+01,-1.050e+01,21.19,7.200e+00,-2.410e+00,1444.0,,,1025.78,1058.50,-336.73,31.70,1,q1_q17_dr25_tce,6147.00,193.00,-236.00,4.463,0.056,-0.224,1.0030,0.3410,-0.1140,284.694700,46.372589,15.347
8076630,K02235.01,,FALSE POSITIVE,FALSE POSITIVE,0.0000,0,0,1,0,0.861643331,1.5400000e-06,-1.5400000e-06,131.8074400,1.560000e-03,-1.560000e-03,0.9940,0.1100,-0.0150,2.43180,0.08720,-0.08720,2.3250e+02,7.000e+00,-7.000e+00,1.88,2.100e-01,-1.600e-01,1613.0,,,1599.85,630.37,-411.20,41.70,1,q1_q17_dr25_tce,5506.00,164.00,-164.00,4.596,0.071,-0.065,0.6880,0.0780,-0.0580,282.216460,43.933590,14.614
4077901,K02239.01,,FALSE POSITIVE,FALSE POSITIVE,0.0000,0,1,1,0,12.109762600,1.0310000e-04,-1.0310000e-04,140.7472500,5.890000e-03,-5.890000e-03,0.9810,0.0310,-0.6950,10.17400,0.75300,-0.75300,1.1390e+02,4.700e+00,-4.700e+00,1.09,1.300e-01,-1.200e-01,681.0,,,50.68,21.27,-15.21,28.20,1,q1_q17_dr25_tce,5437.00,163.00,-163.00,4.547,0.085,-0.076,0.7390,0.0910,-0.0820,296.428960,39.133759,13.007
10271691,K02240.01,,FALSE POSITIVE,FALSE POSITIVE,,0,0,0,0,63.909601000,4.9220000e-03,-4.9220000e-03,136.6718000,7.620000e-02,-7.620000e-02,0.0578,0.4067,-0.0576,11.85000,3.20000,-3.20000,1.4300e+02,2.890e+01,-2.890e+01,0.76,1.200e-01,-5.000e-02,351.0,,,3.57,1.84,-0.71,6.10,,,5227.00,165.00,-134.00,4.668,0.027,-0.095,0.6430,0.1010,-0.0370,290.886840,47.326679,14.746
10544677,K02244.01,,FALSE POSITIVE,FALSE POSITIVE,0.0020,0,0,1,0,19.735286800,1.5260000e-04,-1.5260000e-04,138.5836200,6.720000e-03,-6.720000e-03,1.4170,75.7100,-3.4770,5.09700,0.32800,-0.32800,3.1940e+02,2.190e+01,-2.190e+01,49.24,1.645e+01,-5.460e+00,743.0,,,72.08,70.44,-22.21,17.10,1,q1_q17_dr25_tce,6329.00,169.00,-207.00,4.440,0.054,-0.216,1.0450,0.3490,-0.1160,295.549190,47.726570,14.689
7199883,K07824.01,,FALSE POSITIVE,FALSE POSITIVE,0.0000,1,0,1,1,0.566799125,4.3030000e-06,-4.3030000e-06,131.8128900,9.220000e-03,-9.220000e-03,0.2320,0.2510,-0.2320,3.07200,0.23600,-0.23600,3.0700e+01,1.900e+00,-1.900e+00,0.56,1.800e-01,-6.000e-02,2299.0,,,6590.95,6339.07,-2015.04,22.50,1,q1_q17_dr25_tce,6063.00,162.00,-198.00,4.451,0.070,-0.210,1.0040,0.3300,-0.1100,291.644590,42.722351,13.568
9904006,K02135.02,,CANDIDATE,CANDIDATE,1.0000,0,0,0,0,20.189039600,3.1220000e-04,-3.1220000e-04,142.1942900,9.310000e-03,-9.310000e-03,0.5410,0.4080,-0.3360,6.25100,0.29500,-0.29500,1.1210e+02,8.200e+00,-8.200e+00,1.39,2.500e-01,-2.000e-01,794.0,,,93.89,48.18,-30.39,15.00,3,q1_q17_dr25_tce,6178.00,111.00,-135.00,4.269,0.125,-0.125,1.2670,0.2370,-0.1780,296.803440,46.741150,13.573
8552587,K03941.01,,FALSE POSITIVE,FALSE POSITIVE,0.0000,1,0,1,1,1.061935973,1.0430000e-06,-1.0430000e-06,131.7237480,8.600000e-04,-8.600000e-04,1.1900,0.4610,-0.0920,3.31770,0.04530,-0.04530,3.3790e+02,4.100e+00,-4.100e+00,24.17,7.940e+00,-2.640e+00,1961.0,,,3479.87,3352.05,-1063.85,101.20,1,q1_q17_dr25_tce,6274.00,169.00,-206.00,4.434,0.054,-0.216,1.0620,0.3490,-0.1160,288.909820,44.608360,14.126
6019872,K03942.01,,FALSE POSITIVE,FALSE POSITIVE,0.0000,0,1,1,0,1.485898163,3.5310000e-06,-3.5310000e-06,132.7441400,1.880000e-03,-1.880000e-03,1.1730,2.4300,-0.0920,2.44600,0.10600,-0.10600,2.2460e+02,8.300e+00,-8.300e+00,14.96,1.480e+00,-1.620e+00,1272.0,,,620.65,222.06,-178.20,32.80,1,q1_q17_dr25_tce,5088.00,151.00,-136.00,4.559,0.072,-0.048,0.7270,0.0720,-0.0790,282.548190,41.334431,14.151
7679812,K03943.01,Kepler-1931 b,CONFIRMED,CANDIDATE,0.9740,0,0,0,0,38.576348300,2.0120000e-04,-2.0120000e-04,167.8572500,4.400000e-03,-4.400000e-03,0.0150,0.3040,-0.0150,19.86100,0.11400,-0.11400,2.8210e+02,4.200e+00,-4.200e+00,2.05,3.600e-01,-2.200e-01,619.0,,,34.77,17.02,-9.52,76.30,1,q1_q17_dr25_tce,6167.00,111.00,-136.00,4.333,0.076,-0.123,1.2210,0.2170,-0.1330,290.872280,43.333000,12.626
4864734,K03944.01,,FALSE POSITIVE,FALSE POSITIVE,0.0000,0,1,1,0,1.845610523,3.5590000e-06,-3.5590000e-06,131.8057400,1.780000e-03,-1.780000e-03,1.2200,6.5940,-0.0480,2.33700,0.09590,-0.09590,3.7410e+02,1.370e+01,-1.370e+01,77.83,2.026e+01,-4.728e+01,2502.0,,,9283.04,7634.38,-8024.34,33.30,1,q1_q17_dr25_tce,5974.00,209.00,-188.00,3.639,0.697,-0.164,2.9780,0.7750,-1.8090,298.692020,39.984039,13.809
7366501,K07834.01,,CANDIDATE,CANDIDATE,0.8020,0,0,0,0,7.381234400,1.0910000e-04,-1.0910000e-04,137.5646000,1.030000e-02,-1.030000e-02,0.6870,0.2900,-0.4590,2.80200,0.32000,-0.32000,1.0450e+02,1.440e+01,-1.440e+01,1.00,3.000e-01,-1.000e-01,944.0,,,187.24,164.03,-54.41,8.60,1,q1_q17_dr25_tce,6072.00,163.00,-199.00,4.510,0.050,-0.200,0.9230,0.2760,-0.0920,292.947570,42.904308,15.051
8282846,K04015.01,Kepler-1539 b,CONFIRMED,CANDIDATE,1.0000,0,0,0,0,133.303247000,1.3340000e-03,-1.3340000e-03,167.7604200,8.480000e-03,-8.480000e-03,0.0630,0.3790,-0.0630,7.34200,0.21700,-0.21700,1.0175e+03,5.790e+01,-5.790e+01,2.67,1.200e-01,-2.400e-01,301.0,,,1.94,0.30,-0.44,20.60,1,q1_q17_dr25_tce,5064.00,75.00,-83.00,4.474,0.084,-0.030,0.8640,0.0390,-0.0770,284.219420,44.268539,15.307
5938970,K04016.01,Kepler-1540 b,CONFIRMED,CANDIDATE,1.0000,0,0,0,0,125.413230200,3.8950000e-04,-3.8950000e-04,195.6260500,2.440000e-03,-2.440000e-03,0.8220,0.0570,-0.5530,2.32410,0.08330,-0.08330,1.3450e+03,6.670e+01,-6.670e+01,3.14,8.000e-02,-1.700e-01,266.0,,,1.18,0.15,-0.19,22.60,1,q1_q17_dr25_tce,4641.00,74.00,-83.00,4.557,0.049,-0.014,0.7470,0.0200,-0.0400,283.344480,41.201740,14.073
8381693,K04017.01,,FALSE POSITIVE,FALSE POSITIVE,0.0000,1,0,0,0,21.570291700,6.4730000e-04,-6.4730000e-04,137.2647000,2.450000e-02,-2.450000e-02,1.1550,0.9800,-0.1200,40.40000,2.50000,-2.50000,1.4870e+02,6.100e+00,-6.100e+00,29.53,8.460e+00,-1.375e+01,888.0,,,146.81,126.37,-109.66,41.00,1,q1_q17_dr25_tce,6070.00,181.00,-181.00,3.983,0.472,-0.157,1.6280,0.4660,-0.7580,297.138240,44.378078,13.860
4929299,K04018.01,,FALSE POSITIVE,FALSE POSITIVE,0.0000,0,1,0,0,0.868723418,2.3410000e-06,-2.3410000e-06,132.0826400,2.430000e-03,-2.430000e-03,0.9470,0.0040,-0.6650,1.46170,0.05130,-0.05130,1.9710e+02,1.010e+01,-1.010e+01,1.87,5.500e-01,-3.700e-01,1998.0,,,3776.50,3434.26,-1619.11,23.80,1,q1_q17_dr25_tce,5761.00,189.00,-172.00,4.331,0.190,-0.190,1.0460,0.3090,-0.2060,293.351010,40.059711,14.774
7375348,K00266.01,Kepler-508 b,CONFIRMED,CANDIDATE,1.0000,0,0,0,0,25.308935660,6.7070000e-05,-6.7070000e-05,171.5061100,2.220000e-03,-2.220000e-03,0.7990,0.0050,-0.5880,5.77040,0.07110,-0.07110,1.5370e+02,3.200e+00,-3.200e+00,1.77,2.900e-01,-2.800e-01,710.0,,,60.20,27.00,-21.16,54.20,1,q1_q17_dr25_tce,5949.00,106.00,-118.00,4.272,0.120,-0.120,1.2920,0.2090,-0.2090,295.404330,42.981422,11.472
10223615,K00065.01,,FALSE POSITIVE,FALSE POSITIVE,,0,0,0,0,27.254719930,,,176.5294900,,,,,,0.73000,,,,,,,,,,,,,,,,,,,,,,,,,,,297.390660,47.223869,11.679
3342463,K00383.01,,FALSE POSITIVE,FALSE POSITIVE,,0,0,0,0,34.107875190,,,183.5688100,,,,,,4.10000,,,,,,,,,,,,,,,,,,,,,,,,,,,291.523650,38.405190,13.109
6680177,K00860.01,,FALSE POSITIVE,FALSE POSITIVE,,0,0,0,0,16.614744210,,,177.0483200,,,,,,2.77000,,,,,,,,,,,,,,,,,,,,,,,,,,,288.247960,42.107460,15.245
5565497,K01789.01,,FALSE POSITIVE,FALSE POSITIVE,0.0000,0,0,1,1,1.412526202,2.9320000e-06,-2.9320000e-06,131.7035300,1.850000e-03,-1.850000e-03,1.1660,0.1030,-0.1580,5.49000,0.10200,-0.10200,1.5030e+02,2.500e+00,-2.500e+00,36.77,8.780e+00,-7.970e+00,3001.0,,,19160.84,13658.47,-9256.77,70.60,1,q1_q17_dr25_tce,8468.00,236.00,-355.00,4.114,0.145,-0.145,1.9100,0.4560,-0.4140,299.382080,40.758141,11.521
5730389,K01956.01,,FALSE POSITIVE,FALSE POSITIVE,0.0000,0,0,1,1,2.759573341,9.5300000e-06,-9.5300000e-06,131.7135400,2.780000e-03,-2.780000e-03,1.0400,1.0020,-0.0450,6.99900,0.13200,-0.13200,3.8200e+02,7.000e+00,-7.000e+00,6.42,1.730e+00,-6.900e-01,1198.0,,,487.37,386.92,-139.55,64.40,1,q1_q17_dr25_tce,5640.00,152.00,-152.00,4.520,0.058,-0.173,0.8630,0.2330,-0.0930,298.060700,40.960732,14.618
5802478,K01834.01,,FALSE POSITIVE,FALSE POSITIVE,0.0000,0,1,1,1,3.791882340,5.7300000e-05,-5.7300000e-05,134.1344000,1.200000e-02,-1.200000e-02,0.6150,0.3930,-0.4000,2.15000,0.47200,-0.47200,4.1700e+02,8.240e+01,-8.240e+01,1.95,5.700e-01,-1.900e-01,1201.0,,,492.81,425.52,-141.92,6.60,1,q1_q17_dr25_tce,6171.00,166.00,-203.00,4.495,0.065,-0.208,0.9100,0.2680,-0.0890,295.158020,41.047871,14.394
5942093,K01995.01,,FALSE POSITIVE,FALSE POSITIVE,1.0000,0,1,0,0,14.387247290,2.3440000e-05,-2.3440000e-05,131.8513300,1.520000e-03,-1.520000e-03,1.2620,69.5900,-0.0730,1.90780,0.06100,-0.06100,1.9141e+03,5.320e+01,-5.320e+01,29.24,7.140e+00,-3.850e+00,725.0,,,65.41,48.76,-22.36,43.50,1,q1_q17_dr25_tce,5830.00,177.00,-195.00,4.479,0.094,-0.162,0.8590,0.2100,-0.1130,284.874540,41.203651,15.264
5992270,K01855.01,,FALSE POSITIVE,FALSE POSITIVE,0.0250,0,0,1,0,58.430264800,3.9140000e-04,-3.9140000e-04,168.3017900,5.340000e-03,-5.340000e-03,0.9480,0.1220,-0.0530,7.18000,0.52100,-0.52100,1.8495e+03,9.010e+01,-9.010e+01,3.45,2.600e-01,-3.400e-01,300.0,,,1.91,0.54,-0.54,34.10,1,q1_q17_dr25_tce,4338.00,118.00,-131.00,4.643,0.056,-0.024,0.6090,0.0450,-0.0610,299.621980,41.212509,14.782
7117126,K07814.01,,FALSE POSITIVE,FALSE POSITIVE,0.0000,0,0,1,1,0.566717263,,,131.9699708,,,0.6060,,,2.60790,,,1.8500e+01,,,0.43,1.100e-01,-6.000e-02,2096.0,,,4581.82,3524.58,-1523.20,11.10,1,q1_q17_dr25_tce,5544.00,166.00,-150.00,4.438,0.098,-0.182,0.9570,0.2430,-0.1310,291.584080,42.622181,13.724
4761060,K02249.01,,FALSE POSITIVE,FALSE POSITIVE,0.0000,0,0,1,0,13.379358530,8.9300000e-05,-8.9300000e-05,140.9252300,5.980000e-03,-5.980000e-03,0.9740,0.0090,-0.0180,8.80900,0.51200,-0.51200,3.5350e+02,1.720e+01,-1.720e+01,6.65,1.070e+00,-2.490e+00,1395.0,,,896.56,447.77,-586.95,36.20,1,q1_q17_dr25_tce,6739.00,183.00,-203.00,3.712,0.336,-0.084,2.7020,0.4340,-1.0140,295.547120,39.861759,12.301
5479802,K02251.01,,FALSE POSITIVE,FALSE POSITIVE,0.0000,0,0,1,0,13.262554230,7.1250000e-05,-7.1250000e-05,136.2913500,4.460000e-03,-4.460000e-03,0.9430,0.0150,-0.6540,4.65000,0.21300,-0.21300,9.1640e+02,3.240e+01,-3.240e+01,3.55,1.090e+00,-3.600e-01,766.0,,,81.56,75.73,-24.51,31.40,1,q1_q17_dr25_tce,5973.00,189.00,-210.00,4.506,0.052,-0.208,0.9350,0.2850,-0.0950,299.348850,40.621319,15.380
5607631,K02254.01,,FALSE POSITIVE,FALSE POSITIVE,0.0000,0,0,1,0,20.569657500,1.2170000e-04,-1.2170000e-04,140.2512300,4.850000e-03,-4.850000e-03,1.2980,70.5500,-4.5610,4.26300,0.22200,-0.22200,4.0150e+02,2.130e+01,-2.130e+01,28.96,7.850e+00,-2.450e+00,650.0,,,42.09,33.45,-11.24,22.20,1,q1_q17_dr25_tce,6098.00,163.00,-200.00,4.562,0.035,-0.196,0.8380,0.2270,-0.0710,287.803380,40.890228,14.659
4951249,K02258.01,,FALSE POSITIVE,FALSE POSITIVE,0.0000,0,0,1,0,4.523422560,2.9990000e-05,-2.9990000e-05,135.4685400,5.540000e-03,-5.540000e-03,0.7570,0.1920,-0.5500,2.53100,0.16700,-0.16700,2.1900e+02,1.640e+01,-1.640e+01,1.70,5.100e-01,-2.000e-01,1195.0,,,482.25,441.41,-167.75,15.90,1,q1_q17_dr25_tce,6211.00,196.00,-261.00,4.437,0.062,-0.200,1.0580,0.3180,-0.1270,298.355130,40.049938,15.146
9156585,K02054.01,,FALSE POSITIVE,FALSE POSITIVE,0.0000,0,0,1,0,22.324236570,9.4360000e-05,-9.4360000e-05,134.4476300,3.660000e-03,-3.660000e-03,0.9650,0.8590,-0.0350,3.66900,0.17000,-0.17000,1.2993e+03,5.600e+01,-5.600e+01,4.56,1.210e+00,-5.200e-01,611.0,,,32.87,26.35,-10.02,29.90,1,q1_q17_dr25_tce,5648.00,169.00,-169.00,4.489,0.062,-0.188,0.9120,0.2420,-0.1040,292.630520,45.574219,15.612
3121340,K03945.01,,FALSE POSITIVE,FALSE POSITIVE,0.0000,0,1,1,0,0.723947772,2.8130000e-06,-2.8130000e-06,132.0624700,3.210000e-03,-3.210000e-03,1.1480,2.8410,-0.0240,2.12500,0.18600,-0.18600,2.4270e+02,1.700e+01,-1.700e+01,52.16,2.802e+01,-3.851e+01,3192.0,,,24641.60,39671.77,-23102.50,17.70,1,q1_q17_dr25_tce,5160.00,130.00,-117.00,3.424,1.192,-0.298,2.8970,1.5560,-2.1390,292.529480,38.282848,13.578
8636434,K03946.01,Kepler-1533 b,CONFIRMED,CANDIDATE,0.9880,0,0,0,0,308.544422000,1.5470000e-03,-1.5470000e-03,296.0738000,4.030000e-03,-4.030000e-03,0.0220,0.3080,-0.0220,18.50300,0.12700,-0.12700,5.8680e+02,1.180e+01,-1.180e+01,3.28,7.500e-01,-3.800e-01,330.0,,,2.81,1.64,-0.73,56.80,1,q1_q17_dr25_tce,6325.00,69.00,-88.00,4.274,0.081,-0.150,1.3490,0.3110,-0.1560,295.975560,44.713451,13.215
5952366,K03947.01,,FALSE POSITIVE,FALSE POSITIVE,0.0000,0,1,1,1,0.905679492,1.0210000e-06,-1.0210000e-06,132.1963180,9.390000e-04,-9.390000e-04,1.2720,3.4170,-0.1050,2.11640,0.04780,-0.04780,2.2990e+03,4.530e+01,-4.530e+01,35.74,0.000e+00,0.000e+00,1882.0,,,2950.42,0.00,0.00,59.30,1,q1_q17_dr25_tce,5780.00,,,4.438,,,1.0000,,,289.276580,41.259754,13.380
5952366,K03947.02,,FALSE POSITIVE,FALSE POSITIVE,0.0000,0,0,1,0,22.735911000,3.2890000e-04,-3.2890000e-04,144.0770000,1.250000e-02,-1.250000e-02,0.6650,0.0160,-0.4730,42.43500,0.70900,-0.70900,2.3110e+03,3.420e+01,-3.420e+01,5.07,0.000e+00,0.000e+00,643.0,,,40.32,0.00,0.00,69.40,2,q1_q17_dr25_tce,5780.00,,,4.438,,,1.0000,,,289.276580,41.259754,13.380
6045250,K03948.01,,FALSE POSITIVE,FALSE POSITIVE,0.0000,1,0,1,1,0.909310626,2.1300000e-07,-2.1300000e-07,131.7254190,1.900000e-04,-1.900000e-04,1.2640,0.0800,-0.0560,3.44110,0.01130,-0.01130,1.2127e+04,3.250e+01,-3.250e+01,48.79,1.385e+01,-5.910e+00,2130.0,,,4889.60,3973.21,-1589.11,454.00,1,q1_q17_dr25_tce,6370.00,153.00,-211.00,4.410,0.062,-0.188,1.1060,0.3140,-0.1340,292.694890,41.336418,14.971
5598595,K03949.01,,FALSE POSITIVE,FALSE POSITIVE,0.0000,0,1,1,1,0.648774274,2.5550000e-06,-2.5550000e-06,131.7454500,3.520000e-03,-3.520000e-03,0.0780,0.3740,-0.0780,2.64300,0.10800,-0.10800,2.3100e+02,1.110e+01,-1.110e+01,1.08,1.200e-01,-1.100e-01,1659.0,,,1795.83,687.63,-500.83,26.10,1,q1_q17_dr25_tce,5026.00,151.00,-151.00,4.557,0.071,-0.065,0.7290,0.0790,-0.0710,283.752530,40.842369,15.399
6681233,K00562.01,,FALSE POSITIVE,FALSE POSITIVE,,0,0,0,0,32.632862470,,,177.2220800,,,,,,3.08000,,,,,,,,,,,,,,,,,,,,,,,,,,,288.636290,42.138191,14.949
7296438,K00364.01,,CANDIDATE,CANDIDATE,,0,0,0,0,173.928513380,,,223.7546088,,,,,,2.64000,,,,,,,,,,,,,,,,,,,,,,,,,,,295.872310,42.881149,10.087
7351237,K00879.01,,FALSE POSITIVE,FALSE POSITIVE,,0,0,0,0,25.643845130,,,177.4189200,,,,,,5.05000,,,,,,,,,,,,,,,,,,,,,,,,,,,287.991610,42.933769,15.832
7436215,K00885.01,,FALSE POSITIVE,FALSE POSITIVE,,0,0,0,0,25.585467210,,,177.0774500,,,,,,2.28000,,,,,,,,,,,,,,,,,,,,,,,,,,,289.118680,43.077389,15.161
9763754,K00589.01,,FALSE POSITIVE,FALSE POSITIVE,,0,0,0,0,17.477020000,1.2330000e-03,-1.2330000e-03,186.5568000,4.690000e-02,-4.690000e-02,0.0012,0.1137,-0.0010,54.52000,2.40000,-2.40000,1.3830e+02,1.750e+01,-1.750e+01,0.93,4.000e-01,-6.000e-02,676.0,,,49.24,63.12,-10.56,2.90,,,6116.00,165.00,-165.00,4.579,0.030,-0.308,0.7820,0.3380,-0.0500,288.649600,46.597752,14.547
10216045,K00594.01,,FALSE POSITIVE,FALSE POSITIVE,,0,0,0,0,16.889546930,,,183.1555700,,,,,,3.41000,,,,,,,,,,,,,,,,,,,,,,,,,,,294.987880,47.219860,14.736
8846163,K00962.01,,FALSE POSITIVE,FALSE POSITIVE,,0,0,0,0,26.778913910,,,186.2096300,,,,,,3.12000,,,,,,,,,,,,,,,,,,,,,,,,,,,300.460630,45.013840,14.005
12366681,K00973.01,,FALSE POSITIVE,FALSE POSITIVE,,0,0,0,0,13.333869850,,,263.7893200,,,,,,6.51000,,,,,,,,,,,,,,,,,,,,,,,,,,,296.086090,51.127041,9.563
1996399,K01026.01,,FALSE POSITIVE,FALSE POSITIVE,,0,0,0,0,94.106281630,,,184.9905063,,,,,,17.21000,,,,,,,,,,,,,,,,,,,,,,,,,,,286.408330,37.426762,14.748
2697169,K01027.01,,FALSE POSITIVE,FALSE POSITIVE,,0,0,0,0,14.712664080,,,366.0230900,,,,,,4.21000,,,,,,,,,,,,,,,,,,,,,,,,,,,287.202150,37.948250,15.557
8435247,K01131.01,,FALSE POSITIVE,FALSE POSITIVE,0.9740,0,1,0,0,0.696125302,3.1500000e-07,-3.1500000e-07,354.7670680,3.180000e-04,-3.180000e-04,1.2190,0.1960,-0.0810,2.00540,0.02450,-0.02450,1.4966e+04,1.140e+02,-1.140e+02,28.44,3.250e+00,-2.660e+00,1645.0,,,1739.43,770.69,-498.30,177.20,1,q1_q17_dr25_tce,5245.00,201.00,-182.00,4.594,0.077,-0.056,0.6740,0.0770,-0.0630,293.539000,44.494919,15.464
8332986,K01137.01,,FALSE POSITIVE,FALSE POSITIVE,0.0000,0,1,0,0,302.388678220,8.5990000e-05,-8.5990000e-05,309.1867500,2.240000e-04,-2.240000e-04,1.1340,0.3060,-0.1320,3.12290,0.01380,-0.01380,4.1320e+04,1.710e+02,-1.710e+02,40.73,3.420e+00,-2.750e+00,238.0,,,0.76,0.21,-0.15,294.80,1,q1_q17_dr25_tce,5328.00,106.00,-106.00,4.499,0.066,-0.060,0.8570,0.0720,-0.0580,301.709230,44.281792,14.041
9425139,K01411.01,,CANDIDATE,CANDIDATE,0.9950,0,0,0,0,305.076246900,4.6780000e-04,-4.6780000e-04,294.0679400,1.210000e-03,-1.210000e-03,0.6950,0.0470,-0.3750,6.25500,0.13600,-0.13600,4.0428e+03,4.330e+01,-4.330e+01,7.82,1.250e+00,-8.400e-01,284.0,,,1.53,0.69,-0.40,113.40,1,q1_q17_dr25_tce,5716.00,103.00,-114.00,4.348,0.095,-0.116,1.1550,0.1860,-0.1240,298.995090,45.909512,13.377
6364327,K01744.01,,FALSE POSITIVE,FALSE POSITIVE,0.0000,0,0,1,1,5.243725040,5.5500000e-05,-5.5500000e-05,132.7225000,1.000000e-02,-1.000000e-02,1.2010,0.5080,-0.1750,17.13600,0.42700,-0.42700,2.3440e+02,5.500e+00,-5.500e+00,20.41,4.680e+00,-3.110e+00,1017.0,,,253.25,172.98,-90.25,51.60,1,q1_q17_dr25_tce,5772.00,157.00,-157.00,4.452,0.126,-0.168,0.8670,0.1990,-0.1320,291.916020,41.747410,14.579
6762829,K01740.01,,FALSE POSITIVE,FALSE POSITIVE,0.0000,0,1,0,0,18.795269797,1.4300000e-06,-1.4300000e-06,138.6686066,6.140000e-05,-6.140000e-05,0.2010,0.0300,0.0000,9.98160,0.00316,-0.00316,2.8241e+04,9.300e+00,-9.300e+00,30.77,2.710e+00,-2.700e+00,899.0,,,154.05,43.42,-35.91,3596.60,1,q1_q17_dr25_tce,5623.00,113.00,-113.00,3.925,0.055,-0.045,1.8410,0.1620,-0.1620,286.830350,42.279202,13.941
7369865,K01918.01,,FALSE POSITIVE,FALSE POSITIVE,0.0000,0,1,1,0,42.262593500,1.4590000e-04,-1.4590000e-04,152.3126900,2.740000e-03,-2.740000e-03,0.9620,0.0130,-0.0120,4.46500,0.24800,-0.24800,6.9220e+02,2.630e+01,-2.630e+01,12.62,3.650e+00,-9.100e+00,855.0,,,126.27,117.71,-117.64,40.70,1,q1_q17_dr25_tce,5432.00,210.00,-171.00,3.550,0.808,-0.202,3.5810,1.0330,-2.5830,293.936890,42.961559,13.754
7593110,K01748.01,,FALSE POSITIVE,FALSE POSITIVE,0.0040,0,1,0,0,3.549386251,2.9420000e-06,-2.9420000e-06,134.2471740,7.410000e-04,-7.410000e-04,0.8180,6.4700,-0.0580,2.43420,0.03490,-0.03490,5.0664e+04,5.770e+02,-5.770e+02,24.15,6.610e+00,-2.840e+00,1142.0,,,402.76,332.09,-128.41,108.20,1,q1_q17_dr25_tce,5759.00,172.00,-189.00,4.495,0.075,-0.188,0.8920,0.2440,-0.1050,286.425990,43.264278,15.895
7810483,K01943.01,Kepler-1676 b,CONFIRMED,CANDIDATE,0.9940,0,0,0,0,29.922081040,6.9000000e-05,-6.9000000e-05,146.0080700,1.810000e-03,-1.810000e-03,0.3800,0.0770,-0.3800,2.77160,0.05710,-0.05710,3.4530e+02,1.070e+01,-1.070e+01,3.09,6.700e-01,-8.900e-01,782.0,,,88.52,59.07,-48.96,37.60,1,q1_q17_dr25_tce,6127.00,186.00,-186.00,4.055,0.252,-0.108,1.6370,0.3540,-0.4730,287.236760,43.567211,13.377
7117147,K07815.01,,FALSE POSITIVE,FALSE POSITIVE,0.0000,1,0,1,1,0.566812588,5.5450000e-06,-5.5450000e-06,131.7971900,8.550000e-03,-8.550000e-03,0.0790,0.4060,-0.0790,3.59600,0.24900,-0.24900,1.7100e+01,1.500e+00,-1.500e+00,0.71,1.400e-01,-2.300e-01,3089.0,,,21653.56,12505.91,-12880.18,17.50,1,q1_q17_dr25_tce,6194.00,167.00,-167.00,3.971,0.287,-0.123,1.7180,0.3280,-0.5630,291.590700,42.669891,12.756
6634133,K02262.01,,FALSE POSITIVE,FALSE POSITIVE,0.0000,0,0,1,1,9.942218730,5.9410000e-05,-5.9410000e-05,133.8496100,5.320000e-03,-5.320000e-03,1.1710,69.6500,-0.1720,2.45300,0.26300,-0.26300,4.8650e+02,4.680e+01,-4.680e+01,19.64,5.770e+00,-2.650e+00,754.0,,,76.56,67.44,-25.82,12.60,1,q1_q17_dr25_tce,5213.00,155.00,-155.00,4.434,0.126,-0.273,0.9170,0.2690,-0.1240,298.645050,42.089851,14.129
7021534,K02267.01,,FALSE POSITIVE,FALSE POSITIVE,0.0000,0,0,1,0,9.065573170,2.6260000e-05,-2.6260000e-05,135.1500900,2.360000e-03,-2.360000e-03,0.4320,0.0400,-0.4320,1.62080,0.07430,-0.07430,2.4340e+02,1.210e+01,-1.210e+01,1.46,4.200e-01,-1.400e-01,880.0,,,141.90,118.72,-38.99,24.90,1,q1_q17_dr25_tce,6075.00,164.00,-182.00,4.510,0.050,-0.200,0.9160,0.2610,-0.0870,287.791380,42.574108,14.005
9277210,K02268.01,,FALSE POSITIVE,FALSE POSITIVE,,0,0,0,0,4.943282700,3.8570000e-04,-3.8570000e-04,132.8581000,6.220000e-02,-6.220000e-02,0.5719,0.3388,-0.3610,40.01000,3.50000,-3.50000,2.7100e+01,2.100e+00,-2.100e+00,1.21,4.000e-01,-4.500e-01,1739.0,,,2161.95,2094.58,-1443.24,12.90,,,6701.00,184.00,-266.00,3.907,0.294,-0.185,2.2360,0.7360,-0.8380,290.306460,45.750931,11.833
9728465,K02270.01,,FALSE POSITIVE,FALSE POSITIVE,0.0000,0,0,1,0,7.353908690,5.5020000e-05,-5.5020000e-05,132.0182900,6.570000e-03,-6.570000e-03,0.3750,0.0760,-0.3750,2.06100,0.23100,-0.23100,9.2900e+01,1.080e+01,-1.080e+01,2.29,4.400e-01,-7.600e-01,1483.0,,,1141.53,668.77,-684.53,11.10,1,q1_q17_dr25_tce,6385.00,174.00,-174.00,3.868,0.273,-0.117,2.3270,0.4500,-0.7710,298.266630,46.412991,12.865
7124026,K02275.01,,FALSE POSITIVE,FALSE POSITIVE,0.0130,0,0,1,0,15.745558600,1.2180000e-04,-1.2180000e-04,145.5411100,6.210000e-03,-6.210000e-03,0.8890,0.0460,-0.6560,13.87700,0.18900,-0.18900,1.6110e+02,4.900e+00,-4.900e+00,1.41,4.800e-01,-1.500e-01,743.0,,,71.98,71.89,-21.65,37.60,1,q1_q17_dr25_tce,6089.00,163.00,-199.00,4.495,0.054,-0.229,0.9500,0.3240,-0.1010,293.673610,42.666458,13.276
7200485,K07825.01,,FALSE POSITIVE,FALSE POSITIVE,0.0000,1,0,1,1,0.566796615,6.9960000e-06,-6.9960000e-06,131.8009000,1.740000e-02,-1.740000e-02,0.2430,0.2440,-0.2430,1.99900,0.91500,-0.91500,4.7800e+01,7.200e+00,-7.200e+00,0.59,1.700e-01,-6.000e-02,2077.0,,,4426.68,3735.14,-1240.98,8.50,1,q1_q17_dr25_tce,5858.00,139.00,-174.00,4.553,0.036,-0.204,0.8490,0.2510,-0.0840,291.829650,42.737679,15.111
9904006,K02135.03,Kepler-361 b,CONFIRMED,CANDIDATE,0.9990,0,0,0,0,8.486515820,5.3350000e-05,-5.3350000e-05,138.0169800,4.530000e-03,-4.530000e-03,0.0090,0.4380,-0.0090,5.26700,0.13900,-0.13900,1.1080e+02,5.800e+00,-5.800e+00,1.34,2.500e-01,-1.900e-01,1060.0,,,298.03,152.93,-96.48,21.10,2,q1_q17_dr25_tce,6178.00,111.00,-135.00,4.269,0.125,-0.125,1.2670,0.2370,-0.1780,296.803440,46.741150,13.573
4544572,K03950.01,,FALSE POSITIVE,FALSE POSITIVE,0.0000,1,0,1,1,2.189092892,2.3100000e-06,-2.3100000e-06,132.0827570,9.150000e-04,-9.150000e-04,1.2700,0.5180,-0.1480,5.11280,0.04360,-0.04360,1.8715e+03,1.480e+01,-1.480e+01,33.45,1.004e+01,-3.360e+00,1446.0,,,1034.43,931.06,-310.12,150.70,1,q1_q17_dr25_tce,6106.00,181.00,-217.00,4.487,0.050,-0.213,0.9660,0.2900,-0.0970,285.877080,39.690689,15.741
5738634,K03951.01,,FALSE POSITIVE,FALSE POSITIVE,0.0000,0,0,1,1,2.404353350,1.4830000e-05,-1.4830000e-05,133.2299900,5.740000e-03,-5.740000e-03,0.7460,0.1710,-0.5070,4.07000,0.17700,-0.17700,7.0600e+01,3.100e+00,-3.100e+00,3.05,5.400e-01,-1.340e+00,2454.0,,,8577.88,4771.48,-6167.73,27.10,1,q1_q17_dr25_tce,6103.00,182.00,-163.00,3.568,0.360,-0.120,3.3580,0.5920,-1.4790,299.708130,40.921909,13.250
10152836,K03952.01,,FALSE POSITIVE,FALSE POSITIVE,0.0000,0,1,0,0,220.929012100,5.0880000e-04,-5.0880000e-04,240.8192700,1.850000e-03,-1.850000e-03,0.8260,0.0020,-0.6090,7.33500,0.21800,-0.21800,2.4565e+03,3.910e+01,-3.910e+01,5.24,1.610e+00,-6.400e-01,299.0,,,1.89,1.69,-0.60,70.40,1,q1_q17_dr25_tce,5893.00,159.00,-176.00,4.483,0.065,-0.208,0.9410,0.2880,-0.1150,296.036680,47.180119,14.707
10651816,K03953.01,,FALSE POSITIVE,FALSE POSITIVE,0.0000,1,0,1,0,3.187751900,1.8200000e-05,-1.8200000e-05,134.4180000,4.370000e-03,-4.370000e-03,1.1780,0.3870,-0.1140,14.83600,0.33600,-0.33600,4.5230e+02,6.900e+00,-6.900e+00,19.66,4.870e+00,-2.090e+00,1141.0,,,400.30,292.84,-117.09,83.20,1,q1_q17_dr25_tce,5532.00,149.00,-166.00,4.489,0.069,-0.161,0.8960,0.2220,-0.0950,285.370820,47.946499,14.640
7367164,K07835.01,,CANDIDATE,CANDIDATE,0.8250,0,0,0,0,3.765652470,3.0300000e-05,-3.0300000e-05,132.5247600,6.780000e-03,-6.780000e-03,0.5350,0.4370,-0.3230,1.55700,0.23300,-0.23300,9.2400e+01,1.220e+01,-1.220e+01,0.87,2.300e-01,-8.000e-02,1108.0,,,356.30,269.19,-90.57,9.10,1,q1_q17_dr25_tce,5815.00,140.00,-157.00,4.540,0.044,-0.176,0.8770,0.2310,-0.0770,293.138280,42.965141,14.688
6964043,K01351.01,,FALSE POSITIVE,FALSE POSITIVE,0.0000,0,1,0,0,10.723963740,1.2940000e-05,-1.2940000e-05,357.1487400,8.040000e-04,-8.040000e-04,1.2500,16.3200,-0.1200,3.84390,0.04140,-0.04140,1.3518e+04,1.270e+02,-1.270e+02,39.84,1.039e+01,-5.590e+00,783.0,,,88.64,73.57,-31.31,127.70,2,q1_q17_dr25_tce,5582.00,200.00,-183.00,4.445,0.112,-0.168,0.9050,0.2360,-0.1270,296.014470,42.422279,15.613
3644523,K01195.01,,FALSE POSITIVE,FALSE POSITIVE,0.0000,1,0,1,1,119.677470000,2.1390000e-03,-2.1390000e-03,415.4806000,1.160000e-02,-1.160000e-02,1.2830,7.0440,-0.0310,32.27400,0.59900,-0.59900,3.2541e+03,6.530e+01,-6.530e+01,36.80,1.139e+01,-3.800e+00,379.0,,,4.90,4.60,-1.53,52.00,1,q1_q17_dr25_tce,6075.00,189.00,-232.00,4.486,0.050,-0.200,0.9690,0.3000,-0.1000,291.166750,38.780190,15.933
11909686,K01483.01,,FALSE POSITIVE,FALSE POSITIVE,0.0000,0,1,0,0,185.952632500,1.1580000e-04,-1.1580000e-04,288.8743230,4.600000e-04,-4.600000e-04,1.2640,32.7400,-0.1770,3.59640,0.03050,-0.03050,1.1107e+04,8.700e+01,-8.700e+01,50.98,8.190e+00,-5.960e+00,343.0,,,3.28,1.35,-0.87,147.30,1,q1_q17_dr25_tce,5813.00,69.00,-87.00,4.330,0.099,-0.121,1.1640,0.1870,-0.1360,289.152400,50.253159,14.305
6678383,K00111.04,,FALSE POSITIVE,FALSE POSITIVE,,0,0,0,0,103.626509220,,,426.3726042,,,,,,6.89000,,,,,,,,,,,,,,,,,,,,,,,,,,,287.604610,42.166779,12.596
12644769,K01611.01,,FALSE POSITIVE,FALSE POSITIVE,0.0000,0,1,0,0,41.077590334,1.3830000e-06,-1.3830000e-06,173.7358974,2.660000e-05,-2.660000e-05,0.5020,0.0010,-0.0010,6.20583,0.00187,-0.00187,1.3448e+05,3.280e+01,-3.280e+01,23.20,1.010e+00,-9.400e-01,346.0,,,3.37,0.61,-0.51,5518.20,1,q1_q17_dr25_tce,4451.00,89.00,-89.00,4.654,0.022,-0.022,0.6200,0.0270,-0.0250,289.075710,51.757439,11.762
6233890,K01624.01,,FALSE POSITIVE,FALSE POSITIVE,0.0000,0,0,1,1,2.995404390,1.3520000e-05,-1.3520000e-05,132.7812800,3.050000e-03,-3.050000e-03,1.1790,1.2840,-0.1280,6.17200,0.17000,-0.17000,2.2320e+02,5.800e+00,-5.800e+00,65.37,1.107e+01,-2.581e+01,2195.0,,,5493.46,3148.36,-3753.83,45.60,1,q1_q17_dr25_tce,6106.00,218.00,-218.00,3.633,0.345,-0.115,3.0900,0.5230,-1.2200,299.128510,41.587540,13.173
7671950,K07846.01,,CANDIDATE,CANDIDATE,0.9390,0,0,0,0,10.599460600,2.2780000e-04,-2.2780000e-04,134.8329000,2.020000e-02,-2.020000e-02,0.6710,0.2960,-0.4530,9.48400,0.40300,-0.40300,1.2880e+02,1.290e+01,-1.290e+01,1.28,4.000e-01,-1.400e-01,896.0,,,152.67,144.22,-50.97,11.20,1,q1_q17_dr25_tce,6194.00,193.00,-258.00,4.445,0.054,-0.202,1.0690,0.3330,-0.1190,287.812840,43.362549,15.284
7918172,K01817.01,,FALSE POSITIVE,FALSE POSITIVE,0.0000,1,0,1,1,63.934965000,5.7200000e-04,-5.7200000e-04,162.8450700,6.870000e-03,-6.870000e-03,1.2170,72.9900,-0.1680,12.71000,0.36700,-0.36700,1.1195e+03,2.930e+01,-2.930e+01,44.59,2.178e+01,-2.178e+01,525.0,,,18.00,26.83,-13.83,45.60,2,q1_q17_dr25_tce,5209.00,155.00,-155.00,3.999,0.574,-0.246,1.5950,0.7790,-0.7790,299.593050,43.693089,14.339
8009496,K01869.01,,FALSE POSITIVE,FALSE POSITIVE,0.0000,1,0,1,1,38.476945700,2.1180000e-04,-2.1180000e-04,150.5689300,4.910000e-03,-4.910000e-03,0.9810,0.0200,-0.6760,5.82500,0.24700,-0.24700,2.5940e+02,1.110e+01,-1.110e+01,4.79,9.300e-01,-1.720e+00,814.0,,,103.72,60.59,-65.66,18.40,3,q1_q17_dr25_tce,6079.00,162.00,-162.00,3.834,0.315,-0.105,2.1630,0.4200,-0.7800,283.195980,43.890968,13.404
8081187,K01951.01,Kepler-1025 b,CONFIRMED,CANDIDATE,0.9990,0,0,0,0,37.322872200,1.4180000e-04,-1.4180000e-04,152.8353200,3.260000e-03,-3.260000e-03,0.6080,0.0160,-0.5100,7.21460,0.09550,-0.09550,3.0750e+02,8.100e+00,-8.100e+00,35.34,2.240e+00,-8.940e+00,1654.0,,,1769.88,277.18,-866.63,42.60,1,q1_q17_dr25_tce,4907.00,28.00,-108.00,2.410,0.184,-0.057,19.5300,1.2360,-4.9430,284.510190,43.961658,13.573
8111919,K02030.01,,FALSE POSITIVE,FALSE POSITIVE,0.0000,0,0,1,0,1.664980224,2.1150000e-06,-2.1150000e-06,131.6843300,1.030000e-03,-1.030000e-03,0.9870,0.1900,-0.0200,1.74550,0.07370,-0.07370,2.3080e+02,6.500e+00,-6.500e+00,3.68,9.100e-01,-1.370e+00,1921.0,,,3223.30,2364.10,-2099.87,47.60,1,q1_q17_dr25_tce,5792.00,158.00,-176.00,4.058,0.357,-0.153,1.5670,0.3880,-0.5830,296.526820,43.960232,13.831
8127586,K01752.01,,FALSE POSITIVE,FALSE POSITIVE,0.0000,0,0,1,1,16.609490400,1.4120000e-04,-1.4120000e-04,147.6131100,7.150000e-03,-7.150000e-03,0.6310,0.3260,-0.4220,3.18900,0.22800,-0.22800,2.7290e+02,2.540e+01,-2.540e+01,1.82,5.600e-01,-2.800e-01,766.0,,,81.28,75.91,-30.81,12.70,1,q1_q17_dr25_tce,6047.00,189.00,-210.00,4.395,0.105,-0.195,1.0500,0.3230,-0.1620,300.439790,43.930729,14.926
7117485,K07816.01,,FALSE POSITIVE,FALSE POSITIVE,0.0000,0,0,1,1,0.566789505,8.6350000e-06,-8.6350000e-06,131.8313000,1.640000e-02,-1.640000e-02,1.0300,0.3120,-0.6420,5.83500,0.82800,-0.82800,5.4600e+01,8.100e+00,-8.100e+00,3.37,7.800e-01,-2.600e-01,2038.0,,,4051.92,2790.74,-1001.66,12.60,1,q1_q17_dr25_tce,5894.00,159.00,-177.00,4.585,0.040,-0.160,0.7840,0.1820,-0.0610,291.707210,42.613350,15.456
2860793,K02277.01,,FALSE POSITIVE,FALSE POSITIVE,0.0000,0,0,1,1,2.629826650,2.1500000e-05,-2.1500000e-05,132.0801300,7.420000e-03,-7.420000e-03,1.0770,1.5470,-0.0580,6.21300,0.29800,-0.29800,1.2640e+02,6.100e+00,-6.100e+00,17.88,2.710e+00,-4.070e+00,1968.0,,,3542.64,1355.29,-1528.87,24.60,1,q1_q17_dr25_tce,6712.00,70.00,-81.00,4.053,0.182,-0.098,1.8460,0.2800,-0.4200,293.208310,38.003319,13.395
3851130,K02284.01,,FALSE POSITIVE,FALSE POSITIVE,0.0000,0,1,1,0,2.697877490,2.8150000e-05,-2.8150000e-05,133.6596200,9.200000e-03,-9.200000e-03,0.5300,0.4380,-0.3190,1.91500,0.32600,-0.32600,1.1680e+02,1.820e+01,-1.820e+01,1.50,4.600e-01,-5.700e-01,1512.0,,,1235.14,1140.64,-804.81,8.30,1,q1_q17_dr25_tce,5609.00,167.00,-150.00,4.114,0.413,-0.177,1.3480,0.4150,-0.5080,291.693850,38.964069,13.265
7257363,K02292.01,,FALSE POSITIVE,FALSE POSITIVE,0.0000,0,0,1,1,5.233402650,7.2040000e-05,-7.2040000e-05,133.1457000,1.040000e-02,-1.040000e-02,0.3660,0.0990,-0.3660,3.24200,0.28400,-0.28400,2.4210e+02,2.170e+01,-2.170e+01,1.15,1.600e-01,-9.000e-02,851.0,,,124.02,54.94,-30.12,12.70,1,q1_q17_dr25_tce,5266.00,142.00,-142.00,4.611,0.036,-0.084,0.7410,0.1030,-0.0600,282.048950,42.871109,15.516
11922722,K02301.01,,FALSE POSITIVE,FALSE POSITIVE,0.0000,0,1,1,1,3.512891680,1.6760000e-05,-1.6760000e-05,133.7961900,4.290000e-03,-4.290000e-03,0.3730,0.0880,-0.3730,3.31300,0.11200,-0.11200,1.3100e+02,5.600e+00,-5.600e+00,1.12,3.000e-01,-1.800e-01,1161.0,,,429.42,336.23,-160.48,27.30,1,q1_q17_dr25_tce,5523.00,149.00,-149.00,4.395,0.128,-0.176,0.9810,0.2610,-0.1610,295.984650,50.248199,13.760
12061969,K02061.01,Kepler-2001 c,CONFIRMED,CANDIDATE,0.0000,0,0,0,0,14.092583189,,,141.1447066,,,0.5860,,,4.15360,,,5.3040e+02,,,1.82,2.300e-01,-1.300e-01,597.0,,,30.10,13.09,-6.82,17.80,1,q1_q17_dr25_tce,5081.00,166.00,-136.00,4.596,0.028,-0.083,0.7700,0.0950,-0.0550,291.659520,50.583881,15.753
7203326,K07826.01,,FALSE POSITIVE,FALSE POSITIVE,0.0000,0,0,1,0,9.087508013,,,137.2042403,,,0.5110,,,2.75970,,,1.4060e+02,,,1.37,3.700e-01,-2.800e-01,987.0,,,224.70,194.96,-100.16,2.50,1,q1_q17_dr25_tce,6078.00,214.00,-214.00,4.297,0.190,-0.190,1.1190,0.3080,-0.2240,292.736210,42.759720,14.172
8030339,K03954.01,,FALSE POSITIVE,FALSE POSITIVE,0.0000,0,1,1,0,0.652443730,8.9500000e-07,-8.9500000e-07,132.0550400,1.350000e-03,-1.350000e-03,0.1330,0.5040,-0.1330,1.47100,0.16200,-0.16200,6.1070e+02,2.150e+01,-2.150e+01,2.17,5.600e-01,-2.400e-01,1969.0,,,3546.43,2857.77,-1095.49,41.80,1,q1_q17_dr25_tce,5638.00,186.00,-186.00,4.488,0.075,-0.175,0.8830,0.2290,-0.0980,292.395390,43.869068,15.665
9899414,K03955.01,,FALSE POSITIVE,FALSE POSITIVE,0.0000,0,0,1,1,1.332564704,2.2860000e-06,-2.2860000e-06,132.0497400,1.670000e-03,-1.670000e-03,1.2490,0.2850,-0.1670,5.97750,0.07280,-0.07280,1.0495e+03,1.030e+01,-1.030e+01,30.04,9.730e+00,-3.250e+00,1692.0,,,1945.27,1911.97,-621.81,124.00,1,q1_q17_dr25_tce,6046.00,189.00,-232.00,4.486,0.054,-0.229,0.9720,0.3150,-0.1050,295.226900,46.772869,14.923
5471059,K03956.01,,FALSE POSITIVE,FALSE POSITIVE,0.0000,0,1,0,0,2.636899795,3.3950000e-06,-3.3950000e-06,132.0762900,1.100000e-03,-1.100000e-03,1.5190,45.6200,-0.6250,0.91050,0.07750,-0.07750,4.2620e+02,2.090e+01,-2.090e+01,49.84,1.253e+01,-4.180e+00,1179.0,,,456.22,348.14,-121.31,27.60,1,q1_q17_dr25_tce,5524.00,166.00,-182.00,4.540,0.040,-0.160,0.8470,0.2130,-0.0710,297.558590,40.634670,14.720
7458309,K03957.01,,FALSE POSITIVE,FALSE POSITIVE,0.0000,1,0,1,1,0.660629055,1.0370000e-06,-1.0370000e-06,131.8609900,1.310000e-03,-1.310000e-03,1.1730,0.0490,-0.1100,5.89400,0.18100,-0.18100,2.3160e+02,3.200e+00,-3.200e+00,17.38,4.880e+00,-1.510e+00,2032.0,,,4040.43,3319.77,-1056.33,103.30,1,q1_q17_dr25_tce,6024.00,161.00,-179.00,4.550,0.046,-0.196,0.8490,0.2380,-0.0740,295.549500,43.047722,13.872
7777372,K03958.01,,FALSE POSITIVE,FALSE POSITIVE,0.0000,0,0,1,1,0.885123683,3.2280000e-06,-3.2280000e-06,131.8864600,3.220000e-03,-3.220000e-03,0.7080,0.0100,-0.5190,3.38650,0.09360,-0.09360,1.1330e+02,3.400e+00,-3.400e+00,1.14,3.400e-01,-1.500e-01,1961.0,,,3477.17,3064.27,-1142.63,42.00,1,q1_q17_dr25_tce,5979.00,161.00,-179.00,4.440,0.084,-0.196,0.9980,0.3000,-0.1290,298.836730,43.443020,14.152
7377200,K07836.01,,FALSE POSITIVE,FALSE POSITIVE,0.0000,1,0,0,0,471.654210000,5.4690000e-03,-5.4690000e-03,421.6453200,6.890000e-03,-6.890000e-03,0.8500,0.1090,-0.6050,3.45600,0.25000,-0.25000,4.7970e+02,4.460e+01,-4.460e+01,4.11,1.070e+00,-1.590e+00,313.0,,,2.26,1.77,-1.52,12.50,1,q1_q17_dr25_tce,6061.00,181.00,-199.00,4.025,0.364,-0.156,1.6530,0.4280,-0.6420,295.877470,42.983631,13.681
6312314,K01625.01,,FALSE POSITIVE,FALSE POSITIVE,0.0000,0,0,1,0,1.221204888,3.2280000e-06,-3.2280000e-06,133.6101400,2.160000e-03,-2.160000e-03,0.6000,0.0450,-0.4750,1.85110,0.07310,-0.07310,1.1160e+02,4.900e+00,-4.900e+00,1.10,3.100e-01,-1.900e-01,1772.0,,,2334.40,1917.62,-901.14,27.30,1,q1_q17_dr25_tce,5874.00,158.00,-158.00,4.378,0.153,-0.187,0.9970,0.2790,-0.1720,298.841980,41.631531,14.135
6387969,K01617.01,,FALSE POSITIVE,FALSE POSITIVE,,0,0,0,0,135.907957530,,,199.7497400,,,,,,1.83000,,,,,,,,,,,,,,,,,,,,,,,,,,,298.200710,41.729210,11.579
6468337,K01620.01,,FALSE POSITIVE,FALSE POSITIVE,0.0000,0,1,1,0,0.959853772,2.7800000e-06,-2.7800000e-06,131.8519700,2.490000e-03,-2.490000e-03,0.6460,0.2970,-0.4290,1.91630,0.07830,-0.07830,5.5800e+01,2.400e+00,-2.400e+00,1.30,3.300e-01,-4.900e-01,2468.0,,,8768.54,7060.19,-5859.63,27.10,1,q1_q17_dr25_tce,6061.00,211.00,-211.00,4.025,0.390,-0.130,1.6530,0.4210,-0.6310,298.557860,41.825630,11.787
9084778,K01631.01,,CANDIDATE,CANDIDATE,0.0000,0,0,0,0,0.592243731,9.0000000e-08,-9.0000000e-08,131.6548310,1.240000e-04,-1.240000e-04,0.9860,0.0480,-0.0540,1.38600,0.01560,-0.01560,3.9924e+03,1.820e+01,-1.820e+01,6.77,5.100e-01,-5.200e-01,1551.0,,,1361.22,410.79,-331.29,303.80,1,q1_q17_dr25_tce,4920.00,146.00,-146.00,4.664,0.056,-0.032,0.5910,0.0450,-0.0450,290.280940,45.464260,15.653
10357040,K01634.01,,FALSE POSITIVE,FALSE POSITIVE,,0,0,0,0,46.882525000,6.2150000e-03,-6.2150000e-03,174.9031000,3.110000e-02,-3.110000e-02,0.7285,0.0526,-0.5268,1.93000,1.00000,-1.00000,3.4350e+02,8.130e+01,-8.130e+01,1.91,6.800e-01,-1.800e-01,513.0,,,16.40,17.06,-4.54,4.90,,,6045.00,152.00,-191.00,4.494,0.044,-0.269,0.9550,0.3430,-0.0890,297.892210,47.498089,15.256
10514429,K01614.01,,FALSE POSITIVE,FALSE POSITIVE,0.0000,0,0,0,1,20.719162600,1.8660000e-04,-1.8660000e-04,143.3062600,7.600000e-03,-7.600000e-03,0.0160,0.4420,-0.0160,3.91200,0.20600,-0.20600,1.8440e+02,1.760e+01,-1.760e+01,1.85,2.800e-01,-3.900e-01,790.0,,,92.20,39.60,-38.90,8.90,1,q1_q17_dr25_tce,5837.00,105.00,-105.00,4.143,0.195,-0.105,1.3660,0.2100,-0.2890,281.272950,47.774399,11.413
7747103,K07847.01,,CANDIDATE,CANDIDATE,0.1810,0,0,0,0,399.375870000,6.8800000e-02,-6.8800000e-02,300.0792000,9.300000e-02,-9.300000e-02,0.5560,0.0090,-0.5020,21.25000,5.00000,-5.00000,5.5220e+02,7.190e+01,-7.190e+01,3.93,1.050e+00,-1.400e+00,326.0,,,2.66,2.19,-1.72,11.90,1,q1_q17_dr25_tce,6098.00,195.00,-238.00,4.069,0.322,-0.161,1.6180,0.4310,-0.5750,289.730800,43.497368,13.281
8127607,K01919.01,,FALSE POSITIVE,FALSE POSITIVE,,0,1,1,0,16.609738430,9.4620000e-05,-9.4620000e-05,147.6085000,4.700000e-03,-4.700000e-03,1.0412,0.0121,-0.0896,4.51500,0.26700,-0.26700,6.6780e+02,3.630e+01,-3.630e+01,6.64,1.550e+00,-4.900e-01,579.0,,,26.59,19.39,-6.06,29.70,1,q1_q17_dr24_tce,5238.00,169.00,-138.00,4.603,0.027,-0.142,0.7520,0.1760,-0.0550,300.447200,43.929539,14.659
8129042,K01743.01,,FALSE POSITIVE,FALSE POSITIVE,,0,0,0,0,54.323118000,1.7500000e-03,-1.7500000e-03,153.7774000,2.710000e-02,-2.710000e-02,0.9727,0.0059,-0.0075,25.86300,0.92900,-0.92900,5.3800e+02,3.670e+01,-3.670e+01,5.06,3.250e+00,-1.030e+00,706.0,,,58.78,120.57,-27.84,19.20,,,6988.00,217.00,-316.00,4.155,0.124,-0.367,1.6700,1.0740,-0.3410,300.792630,43.967480,14.478
8180020,K01741.01,,FALSE POSITIVE,FALSE POSITIVE,0.0020,0,1,0,0,5.803127153,1.5610000e-06,-1.5610000e-06,136.1012530,2.390000e-04,-2.390000e-04,0.0060,0.1440,-0.0060,4.90410,0.01140,-0.01140,5.8570e+04,1.070e+02,-1.070e+02,19.04,4.500e+00,-1.510e+00,886.0,,,145.32,107.56,-37.55,639.30,1,q1_q17_dr25_tce,5533.00,182.00,-182.00,4.577,0.038,-0.152,0.7950,0.1880,-0.0630,296.493560,44.052319,15.896
8223328,K01767.01,,FALSE POSITIVE,FALSE POSITIVE,0.0000,0,1,0,0,35.516192190,3.4630000e-05,-3.4630000e-05,165.9304320,7.700000e-04,-7.700000e-04,8.4670,2.4360,-1.6270,2.50000,0.03780,-0.03780,1.0984e+04,1.530e+02,-1.530e+02,719.49,8.095e+01,-4.378e+01,504.0,,,15.20,4.64,-2.58,85.40,1,q1_q17_dr25_tce,5514.00,74.00,-83.00,4.505,0.049,-0.091,0.8710,0.0980,-0.0530,287.856900,44.102798,12.481
8444552,K01769.01,,FALSE POSITIVE,FALSE POSITIVE,0.0000,0,1,0,0,0.589049151,3.3000000e-08,-3.3000000e-08,132.1792702,4.590000e-05,-4.590000e-05,1.0940,0.0270,-0.0270,2.25397,0.00275,-0.00275,6.1953e+04,6.210e+01,-6.210e+01,39.51,6.090e+00,-4.970e+00,1959.0,,,3495.15,1740.31,-1099.40,1227.60,1,q1_q17_dr25_tce,5592.00,166.00,-150.00,4.510,0.115,-0.104,0.7710,0.1190,-0.0970,296.606720,44.472919,13.643
6342333,K02065.01,Kepler-1789 b,CONFIRMED,CANDIDATE,0.9680,0,0,0,0,80.232146700,3.9140000e-04,-3.9140000e-04,162.3930100,4.220000e-03,-4.220000e-03,0.9110,0.0240,-0.6220,4.65600,0.12800,-0.12800,8.8870e+02,4.060e+01,-4.060e+01,3.24,3.800e-01,-1.900e-01,380.0,,,4.91,1.59,-0.81,24.90,1,q1_q17_dr25_tce,5436.00,81.00,-81.00,4.505,0.039,-0.097,0.8880,0.1040,-0.0520,282.863190,41.796680,14.320
10674871,K02068.01,,CANDIDATE,CANDIDATE,0.8900,0,0,0,0,41.889700360,9.4270000e-05,-9.4270000e-05,172.0010200,1.650000e-03,-1.650000e-03,1.2850,57.8800,-2.9250,1.35000,0.10700,-0.10700,1.3044e+03,8.010e+01,-8.010e+01,32.16,9.680e+00,-3.230e+00,515.0,,,16.66,14.70,-4.86,20.90,1,q1_q17_dr25_tce,5952.00,160.00,-195.00,4.519,0.050,-0.212,0.9070,0.2730,-0.0910,295.464630,47.908070,14.740
6032517,K02070.01,,FALSE POSITIVE,FALSE POSITIVE,0.0000,0,0,1,0,1.791406261,2.7100000e-06,-2.7100000e-06,132.9950300,1.250000e-03,-1.250000e-03,1.0080,0.6820,-0.0320,2.81590,0.06650,-0.06650,3.4550e+02,7.200e+00,-7.200e+00,4.51,1.500e+00,-5.000e-01,1579.0,,,1466.90,1428.09,-453.62,60.70,1,q1_q17_dr25_tce,6092.00,165.00,-202.00,4.453,0.056,-0.224,1.0280,0.3410,-0.1140,288.516450,41.381962,14.574
4768846,K02077.01,,FALSE POSITIVE,FALSE POSITIVE,0.0000,0,1,1,0,1.254832320,1.2430000e-05,-1.2430000e-05,132.1863300,8.060000e-03,-8.060000e-03,0.5470,0.0500,-0.4500,2.67000,0.29700,-0.29700,1.1760e+02,1.370e+01,-1.370e+01,2.89,4.600e-01,-1.080e+00,2748.0,,,13493.55,6742.33,-8741.95,11.40,1,q1_q17_dr25_tce,6168.00,170.00,-170.00,3.750,0.308,-0.082,2.5720,0.4110,-0.9580,297.137020,39.891842,13.298
8260234,K02085.01,,FALSE POSITIVE,FALSE POSITIVE,0.0000,0,0,1,1,5.714838730,3.4630000e-05,-3.4630000e-05,132.1304600,5.350000e-03,-5.350000e-03,0.1340,0.3260,-0.1340,2.74800,0.14800,-0.14800,2.8620e+02,1.790e+01,-1.790e+01,1.26,1.800e-01,-1.400e-01,842.0,,,118.73,56.57,-33.59,18.00,1,q1_q17_dr25_tce,5193.00,155.00,-139.00,4.535,0.090,-0.108,0.7550,0.1100,-0.0800,299.789460,44.171001,14.167
7210749,K07828.01,,FALSE POSITIVE,FALSE POSITIVE,0.1310,0,0,1,0,17.585947200,2.9000000e-04,-2.9000000e-04,138.7798000,1.570000e-02,-1.570000e-02,0.0420,0.4100,-0.0410,3.81500,0.40200,-0.40200,5.0950e+02,7.070e+01,-7.070e+01,2.24,0.000e+00,0.000e+00,700.0,,,56.81,0.00,0.00,8.40,1,q1_q17_dr25_tce,5780.00,,,4.438,,,1.0000,,,294.855650,42.790672,13.700
9282769,K03959.01,,FALSE POSITIVE,FALSE POSITIVE,0.0000,1,0,1,1,1.332567005,2.2620000e-06,-2.2620000e-06,132.0492000,1.420000e-03,-1.420000e-03,1.1850,0.1860,-0.1170,6.33730,0.08100,-0.08100,4.0130e+02,4.500e+00,-4.500e+00,27.36,8.440e+00,-4.540e+00,2007.0,,,3837.83,3400.73,-1470.49,110.60,1,q1_q17_dr25_tce,6388.00,157.00,-189.00,4.284,0.149,-0.182,1.2230,0.3770,-0.2030,292.609680,45.708881,13.406
10404582,K02147.02,Kepler-362 b,CONFIRMED,CANDIDATE,0.8540,0,0,0,0,10.327363510,8.1930000e-05,-8.1930000e-05,139.3722800,6.060000e-03,-6.060000e-03,0.7540,0.2080,-0.5110,1.88900,0.19500,-0.19500,1.2690e+02,1.530e+01,-1.530e+01,1.25,2.000e-01,-1.000e-01,838.0,,,116.56,48.47,-23.40,9.70,2,q1_q17_dr25_tce,5757.00,78.00,-86.00,4.431,0.054,-0.126,1.0170,0.1610,-0.0800,291.771640,47.529900,14.500
7777416,K03960.01,,FALSE POSITIVE,FALSE POSITIVE,0.0000,0,1,1,0,2.545572590,1.3880000e-05,-1.3880000e-05,132.6987400,4.140000e-03,-4.140000e-03,0.0380,0.4280,-0.0380,5.63600,0.15600,-0.15600,5.2900e+02,1.660e+01,-1.660e+01,1.97,5.600e-01,-1.900e-01,1234.0,,,549.80,470.30,-155.31,36.00,1,q1_q17_dr25_tce,5718.00,169.00,-186.00,4.549,0.035,-0.184,0.8630,0.2460,-0.0820,298.846100,43.403519,15.298
7597005,K03961.01,,FALSE POSITIVE,FALSE POSITIVE,0.0000,0,1,1,0,0.704541784,1.0270000e-06,-1.0270000e-06,132.1823600,1.070000e-03,-1.070000e-03,0.4150,0.0480,-0.4150,1.07260,0.04860,-0.04860,2.7520e+02,9.800e+00,-9.800e+00,1.72,5.400e-01,-1.800e-01,2121.0,,,4778.23,4558.89,-1501.92,38.40,1,q1_q17_dr25_tce,6063.00,190.00,-232.00,4.476,0.054,-0.216,1.0120,0.3180,-0.1060,288.087980,43.208172,15.192
5479717,K03962.01,,FALSE POSITIVE,FALSE POSITIVE,0.0000,0,1,1,0,0.697996932,4.3000000e-07,-4.3000000e-07,132.1360590,5.490000e-04,-5.490000e-04,1.2440,0.1320,-0.0890,4.33230,0.03670,-0.03670,9.0946e+03,4.760e+01,-4.760e+01,28.06,3.920e+00,-2.300e+00,1604.0,,,1560.69,761.29,-418.21,244.10,1,q1_q17_dr25_tce,5176.00,179.00,-179.00,4.636,0.033,-0.083,0.6950,0.0970,-0.0570,299.332340,40.695030,15.859
3764714,K03963.01,,FALSE POSITIVE,FALSE POSITIVE,0.0000,1,0,0,0,6.634497210,2.5850000e-05,-2.5850000e-05,134.1654500,3.270000e-03,-3.270000e-03,1.2460,0.5250,-0.0830,22.98200,0.19200,-0.19200,9.1910e+02,6.900e+00,-6.900e+00,85.25,1.365e+01,-3.410e+01,1719.0,,,2067.13,1031.16,-1401.08,160.10,1,q1_q17_dr25_tce,6487.00,177.00,-177.00,3.696,0.328,-0.082,2.8170,0.4510,-1.1270,295.739960,38.862282,12.842
11392618,K01623.01,,FALSE POSITIVE,FALSE POSITIVE,0.1880,0,0,1,0,110.921589200,3.5850000e-04,-3.5850000e-04,174.2237400,2.210000e-03,-2.210000e-03,0.9050,0.0240,-0.6380,5.28200,0.11300,-0.11300,4.9800e+02,1.190e+01,-1.190e+01,3.71,5.500e-01,-8.300e-01,443.0,,,9.12,3.81,-4.01,48.20,1,q1_q17_dr25_tce,5725.00,104.00,-104.00,4.148,0.203,-0.101,1.3840,0.2060,-0.3090,285.906070,49.287521,12.037
4474645,K01657.01,,FALSE POSITIVE,FALSE POSITIVE,0.0000,0,1,1,1,3.886732170,2.0380000e-05,-2.0380000e-05,136.9448900,4.320000e-03,-4.320000e-03,1.2230,0.3040,-0.0720,20.49100,0.40900,-0.40900,7.6170e+02,8.500e+00,-8.500e+00,21.04,5.180e+00,-1.730e+00,1050.0,,,287.40,209.45,-70.45,119.00,1,q1_q17_dr25_tce,5798.00,157.00,-157.00,4.589,0.040,-0.160,0.7670,0.1890,-0.0630,294.342160,39.562359,14.197
4570949,K01658.01,Kepler-76 b,CONFIRMED,CANDIDATE,1.0000,0,1,0,0,1.544928892,6.3000000e-08,-6.3000000e-08,133.5487914,3.330000e-05,-3.330000e-05,0.9180,0.0030,-0.0030,1.43586,0.00557,-0.00557,5.8173e+03,9.100e+00,-9.100e+00,13.43,2.410e+00,-2.420e+00,1997.0,,,3765.46,1865.84,-1429.20,1109.70,1,q1_q17_dr25_tce,6309.00,114.00,-126.00,4.199,0.149,-0.122,1.4120,0.2540,-0.2540,294.192110,39.618999,13.308
4927315,K01663.01,,FALSE POSITIVE,FALSE POSITIVE,0.0000,0,1,1,0,11.769219230,4.0150000e-05,-4.0150000e-05,138.4122200,2.840000e-03,-2.840000e-03,0.9640,0.0050,-0.6850,3.21900,0.15500,-0.15500,5.1930e+02,2.130e+01,-2.130e+01,3.12,9.900e-01,-3.900e-01,868.0,,,134.04,124.72,-46.48,27.40,1,q1_q17_dr25_tce,6215.00,172.00,-237.00,4.440,0.067,-0.216,1.0520,0.3320,-0.1330,292.794040,40.074581,14.986
4928119,K01664.01,,FALSE POSITIVE,FALSE POSITIVE,0.0000,0,1,0,0,44.638983058,9.6310000e-06,-9.6310000e-06,156.4508700,1.900000e-04,-1.900000e-04,1.1730,0.0960,-0.0580,3.04001,0.00805,-0.00805,3.6830e+04,8.920e+01,-8.920e+01,50.33,1.697e+01,-5.640e+00,551.0,,,21.86,22.36,-7.33,488.50,1,q1_q17_dr25_tce,6197.00,194.00,-259.00,4.449,0.056,-0.224,1.0350,0.3490,-0.1160,293.026150,40.073051,15.510
11518201,K03104.01,,CANDIDATE,CANDIDATE,0.9810,0,0,0,0,1.236866732,4.1080000e-06,-4.1080000e-06,132.1776000,2.620000e-03,-2.620000e-03,0.9820,0.0220,-0.7280,1.24200,0.10500,-0.10500,1.8720e+02,2.000e+01,-2.000e+01,1.75,4.600e-01,-1.900e-01,1569.0,,,1439.30,1153.94,-420.74,14.20,1,q1_q17_dr25_tce,5621.00,169.00,-169.00,4.514,0.058,-0.173,0.8790,0.2330,-0.0930,296.689450,49.446770,15.388
10861608,K03118.01,,FALSE POSITIVE,FALSE POSITIVE,,0,0,0,0,174.959804750,,,151.1644800,,,,,,5.23000,,,,,,,,,,,,,,,,,,,,,,,,,,,291.973820,48.262310,15.246
10934313,K03121.01,,FALSE POSITIVE,FALSE POSITIVE,0.0000,1,0,1,0,1.926888595,8.4210000e-06,-8.4210000e-06,131.6332300,3.950000e-03,-3.950000e-03,0.5890,0.3860,-0.3890,1.23500,0.17500,-0.17500,1.3000e+02,1.570e+01,-1.570e+01,1.31,4.600e-01,-1.500e-01,1619.0,,,1622.18,1669.96,-537.97,11.70,1,q1_q17_dr25_tce,6268.00,173.00,-239.00,4.429,0.060,-0.240,1.1000,0.3840,-0.1280,297.530550,48.387470,14.809
11497958,K01422.05,Kepler-296 e,CONFIRMED,CANDIDATE,0.9840,0,0,0,0,34.142050600,2.2890000e-04,-2.2890000e-04,136.0362400,5.590000e-03,-5.590000e-03,0.1050,0.3340,-0.1050,2.94500,0.17900,-0.17900,7.8800e+02,6.310e+01,-6.310e+01,1.06,1.300e-01,-1.600e-01,248.0,,,0.89,0.33,-0.30,13.30,4,q1_q17_dr25_tce,3526.00,71.00,-78.00,4.866,0.066,-0.044,0.3830,0.0480,-0.0580,286.540010,49.437328,15.921
7516809,K03133.01,,FALSE POSITIVE,FALSE POSITIVE,,0,0,0,0,0.241842544,3.2700000e-07,-3.2700000e-07,131.8681900,1.110000e-03,-1.110000e-03,0.3064,0.1490,-0.3063,0.72570,0.05130,-0.05130,2.0330e+02,1.050e+01,-1.050e+01,1.16,4.000e-01,-9.000e-02,2689.0,,,12357.89,12283.45,-2935.33,29.30,,,5834.00,152.00,-161.00,4.577,0.031,-0.223,0.7970,0.2720,-0.0610,288.246150,43.135841,15.525
6115516,K03134.01,,FALSE POSITIVE,FALSE POSITIVE,0.0000,0,0,1,0,0.865759153,2.3410000e-06,-2.3410000e-06,131.5777100,2.290000e-03,-2.290000e-03,0.3800,0.0760,-0.3800,0.84080,0.07370,-0.07370,1.9160e+02,1.350e+01,-1.350e+01,1.53,5.200e-01,-1.800e-01,2100.0,,,4616.69,4713.14,-1601.66,18.70,1,q1_q17_dr25_tce,6249.00,196.00,-261.00,4.428,0.056,-0.224,1.0760,0.3620,-0.1290,289.250120,41.484871,15.232
9758032,K03137.01,,CANDIDATE,CANDIDATE,1.0000,0,0,0,0,1.332035996,6.9470000e-06,-6.9470000e-06,131.5838600,3.970000e-03,-3.970000e-03,0.1370,0.3290,-0.1370,1.39100,0.12700,-0.12700,1.3680e+02,1.320e+01,-1.320e+01,0.85,1.400e-01,-6.000e-02,1365.0,,,823.09,437.65,-186.16,12.60,1,q1_q17_dr25_tce,5376.00,160.00,-144.00,4.616,0.032,-0.104,0.7300,0.1220,-0.0520,285.209440,46.540909,15.682
6444896,K03138.01,Kepler-1649 b,CONFIRMED,CANDIDATE,1.0000,0,0,0,0,8.689107640,3.3640000e-05,-3.3640000e-05,133.2355900,3.880000e-03,-3.880000e-03,0.0490,0.4170,-0.0490,1.16270,0.09510,-0.09510,1.6790e+03,1.340e+02,-1.340e+02,0.49,0.000e+00,0.000e+00,211.0,,,0.47,0.00,0.00,9.60,1,q1_q17_dr25_tce,2703.00,0.00,0.00,5.274,0.000,0.000,0.1180,0.0000,0.0000,292.503780,41.830421,17.131
5640511,K03139.01,,FALSE POSITIVE,FALSE POSITIVE,,0,0,0,0,0.636243960,,,131.9688410,,,,,,4.00000,,,,,,,,,,,,,,,,,,,,,,,,,,,297.156620,40.898788,11.290
7336093,K03143.01,,FALSE POSITIVE,FALSE POSITIVE,,0,0,0,0,4.404024800,,,134.0034100,,,,,,2.41000,,,,,,,,,,,,,,,,,,,,,,,,,,,281.119480,42.994400,14.814
10196493,K03149.01,,FALSE POSITIVE,FALSE POSITIVE,,0,0,0,0,9.811017380,,,134.1867600,,,,,,2.09000,,,,,,,,,,,,,,,,,,,,,,,,,,,286.650240,47.242329,14.656
11442793,K00351.05,Kepler-90 c,CONFIRMED,CANDIDATE,0.9990,0,0,0,0,8.719801350,2.9880000e-05,-2.9880000e-05,139.5213400,2.690000e-03,-2.690000e-03,0.3430,0.0850,-0.3430,3.74540,0.07400,-0.07400,1.6040e+02,7.400e+00,-7.400e+00,1.53,2.500e-01,-2.000e-01,987.0,,,224.47,101.21,-70.19,22.70,7,q1_q17_dr25_tce,5970.00,107.00,-131.00,4.317,0.110,-0.121,1.2000,0.1950,-0.1600,284.433500,49.305161,13.804
11442793,K00351.06,Kepler-90 b,CONFIRMED,CANDIDATE,0.9160,0,0,0,0,7.008217870,4.7010000e-05,-4.7010000e-05,137.6716400,5.260000e-03,-5.260000e-03,0.1560,0.3120,-0.1560,3.81200,0.18100,-0.18100,1.1640e+02,6.700e+00,-6.700e+00,1.29,2.100e-01,-1.700e-01,1062.0,,,300.58,135.53,-93.99,19.20,6,q1_q17_dr25_tce,5970.00,107.00,-131.00,4.317,0.110,-0.121,1.2000,0.1950,-0.1600,284.433500,49.305161,13.804
7812455,K02881.01,,FALSE POSITIVE,FALSE POSITIVE,0.0000,0,1,1,0,0.903583394,2.9600000e-07,-2.9600000e-07,131.8775660,2.720000e-04,-2.720000e-04,1.2420,2.7520,-0.0230,1.59420,0.01670,-0.01670,1.0271e+03,8.500e+00,-8.500e+00,33.18,1.019e+01,-3.650e+00,2162.0,,,5162.98,4528.85,-1540.17,151.70,1,q1_q17_dr25_tce,6455.00,154.00,-193.00,4.410,0.067,-0.202,1.1010,0.3380,-0.1210,288.170810,43.501202,14.811
9520443,K02893.01,,FALSE POSITIVE,FALSE POSITIVE,0.0000,0,1,1,0,0.990147220,1.9870000e-06,-1.9870000e-06,132.0292800,1.460000e-03,-1.460000e-03,0.3290,0.1210,-0.3290,0.93940,0.05930,-0.05930,3.2110e+02,1.870e+01,-1.870e+01,1.34,1.700e-01,-1.000e-01,1433.0,,,997.75,433.33,-233.66,23.00,1,q1_q17_dr25_tce,5072.00,153.00,-153.00,4.606,0.027,-0.082,0.7470,0.0960,-0.0520,289.204130,46.133911,15.896
10601465,K02902.01,,FALSE POSITIVE,FALSE POSITIVE,,0,0,0,0,138.612277050,,,170.9802600,,,,,,13.79000,,,,,,,,,,,,,,,,,,,,,,,,,,,292.447720,47.858952,15.072
7461307,K02909.01,,FALSE POSITIVE,FALSE POSITIVE,0.0000,0,1,1,1,0.773593290,2.7180000e-06,-2.7180000e-06,132.0923200,2.940000e-03,-2.940000e-03,0.3880,0.1030,-0.3880,1.76030,0.09520,-0.09520,8.0600e+01,4.500e+00,-4.500e+00,0.82,2.500e-01,-8.000e-02,1890.0,,,3022.82,2672.10,-857.71,21.70,1,q1_q17_dr25_tce,5747.00,156.00,-173.00,4.508,0.050,-0.200,0.9070,0.2730,-0.0910,296.236970,43.014149,14.615
7269881,K02916.01,,FALSE POSITIVE,FALSE POSITIVE,0.0000,0,1,0,0,0.306937807,3.3300000e-07,-3.3300000e-07,131.6355180,9.000000e-04,-9.000000e-04,0.0050,0.4500,-0.0050,0.59250,0.03940,-0.03940,1.1920e+02,5.100e+00,-5.100e+00,0.82,9.000e-02,-7.000e-02,2142.0,,,5019.53,1934.52,-1288.18,29.30,1,q1_q17_dr25_tce,5088.00,153.00,-138.00,4.580,0.044,-0.061,0.7410,0.0810,-0.0660,287.735720,42.823421,14.409
6974658,K02925.01,,CANDIDATE,CANDIDATE,0.9990,0,0,0,0,0.716531851,1.2840000e-06,-1.2840000e-06,131.7213000,1.470000e-03,-1.470000e-03,0.8870,0.0750,-0.6240,0.65500,0.11400,-0.11400,7.8900e+01,6.300e+00,-6.300e+00,1.11,3.300e-01,-2.000e-01,2034.0,,,4063.57,3514.37,-1622.22,17.90,1,q1_q17_dr25_tce,5552.00,149.00,-149.00,4.349,0.180,-0.198,1.0300,0.3040,-0.1870,298.298190,42.434368,13.458
10964265,K02934.01,,FALSE POSITIVE,FALSE POSITIVE,0.1330,0,0,1,0,0.637487312,1.4800000e-06,-1.4800000e-06,131.9782900,2.030000e-03,-2.030000e-03,0.8100,0.1670,-0.5750,1.96260,0.08760,-0.08760,2.1130e+02,1.040e+01,-1.040e+01,1.75,5.600e-01,-2.300e-01,2334.0,,,7053.67,6525.90,-2444.51,25.00,1,q1_q17_dr25_tce,6173.00,166.00,-203.00,4.390,0.090,-0.210,1.0830,0.3420,-0.1470,285.546300,48.410851,15.315
8672910,K00918.02,,FALSE POSITIVE,FALSE POSITIVE,,0,0,0,0,5.714894880,1.3770000e-05,-1.3770000e-05,134.8743200,1.990000e-03,-1.990000e-03,0.0125,0.4255,-0.0124,2.07050,0.05470,-0.05470,2.9250e+02,1.530e+01,-1.530e+01,1.41,5.900e-01,-1.100e-01,908.0,,,160.68,205.76,-37.50,21.20,,,5552.00,166.00,-145.00,4.555,0.029,-0.282,0.8330,0.3530,-0.0640,283.977510,44.811562,15.011
3233043,K00966.02,,FALSE POSITIVE,FALSE POSITIVE,,0,0,0,0,7.769670070,,,133.0900444,,,,,,4.74000,,,,,,,,,,,,,,,,,,,,,,,,,,,290.911190,38.335579,13.787
7269493,K01961.02,,FALSE POSITIVE,FALSE POSITIVE,,0,0,0,0,76.642481000,2.4060000e-03,-2.4060000e-03,143.2240000,3.080000e-02,-3.080000e-02,0.1653,0.2716,-0.1653,5.47600,0.80700,-0.80700,6.4500e+01,1.020e+01,-1.020e+01,1.36,8.400e-01,-5.700e-01,542.0,,,20.44,39.47,-14.22,7.60,,,5537.00,169.00,-140.00,3.949,0.442,-0.298,1.7140,1.0490,-0.7190,287.571170,42.813919,12.852
9634821,K02037.02,,CANDIDATE,CANDIDATE,1.0000,0,0,0,0,5.477157180,2.1230000e-05,-2.1230000e-05,352.8485700,2.830000e-03,-2.830000e-03,0.2440,0.2300,-0.2440,1.38490,0.09480,-0.09480,5.6840e+02,4.070e+01,-4.070e+01,2.17,1.120e+00,-3.400e-01,892.0,,,149.23,249.82,-56.64,16.70,2,q1_q17_dr25_tce,5029.00,192.00,-174.00,4.429,0.130,-0.416,0.9300,0.4810,-0.1440,284.342740,46.316551,15.213
8753896,K02473.02,,FALSE POSITIVE,FALSE POSITIVE,,0,0,0,0,73.457368530,,,373.2353172,,,,,,5.28000,,,,,,,,,,,,,,,,,,,,,,,,,,,291.959990,44.900021,15.770
11074835,K02533.02,,FALSE POSITIVE,FALSE POSITIVE,,0,0,0,0,9.493612210,,,136.1777807,,,,,,6.52000,,,,,,,,,,,,,,,,,,,,,,,,,,,286.715640,48.645279,13.274
10812504,K02570.02,,FALSE POSITIVE,FALSE POSITIVE,,0,0,0,0,4.429678600,,,133.1491002,,,,,,1.96000,,,,,,,,,,,,,,,,,,,,,,,,,,,297.292690,48.114380,15.577
9827149,K02586.02,,FALSE POSITIVE,FALSE POSITIVE,,0,0,0,0,5.970381300,1.0850000e-04,-1.0850000e-04,356.5416000,1.110000e-02,-1.110000e-02,0.8826,0.0472,-0.6190,0.66900,0.36100,-0.36100,2.1030e+02,3.590e+01,-3.590e+01,1.69,7.900e-01,-1.300e-01,981.0,,,218.94,314.73,-58.15,5.50,,,5825.00,175.00,-210.00,4.504,0.033,-0.325,0.9650,0.4550,-0.0750,290.176180,46.698341,15.545
9602613,K02612.02,,CANDIDATE,CANDIDATE,0.9520,0,0,0,0,7.572998160,6.3150000e-05,-6.3150000e-05,131.9431700,6.180000e-03,-6.180000e-03,0.4110,0.0430,-0.4110,2.64500,0.19200,-0.19200,3.0200e+01,3.100e+00,-3.100e+00,0.53,6.000e-02,-5.000e-02,875.0,,,138.36,44.63,-30.35,10.90,2,q1_q17_dr25_tce,5495.00,74.00,-82.00,4.442,0.072,-0.099,0.9610,0.1150,-0.0860,297.148830,46.296951,11.830
7584650,K02631.02,,FALSE POSITIVE,FALSE POSITIVE,,0,0,0,0,3.953832430,,,133.4182993,,,,,,2.37000,,,,,,,,,,,,,,,,,,,,,,,,,,,282.239690,43.244049,13.468
9758089,K01871.02,Kepler-1996 b,CONFIRMED,CANDIDATE,1.0000,0,0,0,0,32.376183000,1.3110000e-04,-1.3110000e-04,150.4155700,3.110000e-03,-3.110000e-03,0.8960,0.0090,-0.6100,4.46390,0.07920,-0.07920,7.4540e+02,2.410e+01,-2.410e+01,2.26,1.600e-01,-7.000e-02,392.0,,,5.61,1.32,-0.76,34.20,2,q1_q17_dr25_tce,4580.00,92.00,-92.00,4.641,0.012,-0.045,0.6750,0.0460,-0.0210,285.253660,46.582191,14.897
10005758,K01783.02,Kepler-1662 c,CONFIRMED,CANDIDATE,0.9910,0,0,0,0,284.063137000,1.7950000e-03,-1.7950000e-03,200.8361900,3.360000e-03,-3.360000e-03,0.8880,0.0650,-0.0150,8.29700,0.55000,-0.55000,1.6281e+03,4.960e+01,-4.960e+01,6.36,9.900e-01,-1.220e+00,321.0,,,2.51,1.13,-0.98,53.50,2,q1_q17_dr25_tce,5791.00,117.00,-105.00,4.185,0.182,-0.098,1.3360,0.2090,-0.2560,289.341430,46.988239,13.929
9823564,K02940.01,,FALSE POSITIVE,FALSE POSITIVE,,0,0,0,0,129.683660980,,,244.8914000,,,,,,7.86000,,,,,,,,,,,,,,,,,,,,,,,,,,,288.281340,46.637909,15.705
9532424,K02941.01,,FALSE POSITIVE,FALSE POSITIVE,0.0000,0,0,1,1,4.309085940,1.5540000e-05,-1.5540000e-05,134.7080400,2.870000e-03,-2.870000e-03,0.8710,0.0650,-0.6350,1.52000,0.10300,-0.10300,1.6080e+02,1.180e+01,-1.180e+01,1.62,4.400e-01,-2.900e-01,1172.0,,,445.13,355.98,-181.14,17.00,1,q1_q17_dr25_tce,5754.00,156.00,-173.00,4.348,0.149,-0.182,1.0970,0.2980,-0.1990,294.292690,46.159409,14.562
9950316,K02947.01,,FALSE POSITIVE,FALSE POSITIVE,,0,0,0,0,57.104588000,4.1540000e-03,-4.1540000e-03,151.0830000,3.890000e-02,-3.890000e-02,0.0870,0.3753,-0.0869,11.50000,1.60000,-1.60000,1.4430e+02,1.880e+01,-1.880e+01,0.98,3.100e-01,-8.000e-02,425.0,,,7.74,7.27,-1.87,9.30,,,5637.00,147.00,-147.00,4.564,0.031,-0.215,0.8210,0.2650,-0.0670,291.387150,46.881680,14.540
6028860,K02950.01,,FALSE POSITIVE,FALSE POSITIVE,0.0000,0,1,0,0,0.422015793,6.0000000e-08,-6.0000000e-08,131.7478380,1.220000e-04,-1.220000e-04,1.0170,0.0740,-0.0290,1.23416,0.00977,-0.00977,1.2919e+03,5.700e+00,-5.700e+00,6.69,1.570e+00,-5.300e-01,2136.0,,,4962.18,3449.39,-1186.68,304.40,1,q1_q17_dr25_tce,5614.00,152.00,-152.00,4.587,0.038,-0.152,0.7770,0.1820,-0.0610,286.920560,41.371151,14.403
6778019,K02953.01,,FALSE POSITIVE,FALSE POSITIVE,0.0000,0,1,1,1,0.945825494,3.2750000e-06,-3.2750000e-06,131.6222300,2.910000e-03,-2.910000e-03,0.5220,0.0000,-0.4740,1.84960,0.08790,-0.08790,1.0470e+02,5.600e+00,-5.600e+00,1.14,3.800e-01,-1.200e-01,1989.0,,,3715.61,3586.43,-1187.79,22.10,1,q1_q17_dr25_tce,6116.00,169.00,-232.00,4.440,0.054,-0.216,1.0840,0.3550,-0.1180,292.015810,42.286572,14.762
4571536,K02954.01,,FALSE POSITIVE,FALSE POSITIVE,0.0000,0,1,0,0,0.676715927,2.1160000e-06,-2.1160000e-06,131.7606000,2.630000e-03,-2.630000e-03,0.6520,0.0480,-0.4800,0.63000,0.10600,-0.10600,2.6450e+02,2.450e+01,-2.450e+01,1.29,1.800e-01,-1.300e-01,1735.0,,,2135.80,1069.30,-627.68,14.50,1,q1_q17_dr25_tce,5334.00,204.00,-185.00,4.560,0.075,-0.075,0.7330,0.1000,-0.0720,294.345180,39.683929,15.713
10904004,K02957.01,,CANDIDATE,CANDIDATE,0.9080,0,0,0,0,4.644901410,3.8360000e-05,-3.8360000e-05,133.6743600,7.860000e-03,-7.860000e-03,0.0580,0.3900,-0.0580,2.45600,0.21100,-0.21100,1.0640e+02,1.100e+01,-1.100e+01,0.76,3.000e-02,-4.000e-02,832.0,,,113.62,16.03,-20.11,11.70,1,q1_q17_dr25_tce,4786.00,76.00,-85.00,4.540,0.052,-0.017,0.7700,0.0270,-0.0460,282.343050,48.340778,14.480
3336283,K02974.01,,FALSE POSITIVE,FALSE POSITIVE,,1,0,1,0,0.576441813,2.5000000e-06,-2.5000000e-06,131.6833100,3.060000e-03,-3.060000e-03,0.0610,0.4260,-0.0608,2.02700,0.10200,-0.10200,6.0800e+01,3.600e+00,-3.600e+00,0.82,3.500e-01,-9.000e-02,2471.0,,,8812.63,11127.21,-2613.13,21.20,1,q1_q17_dr24_tce,6459.00,164.00,-213.00,4.425,0.061,-0.289,1.0380,0.4470,-0.1070,289.827670,38.442619,13.883
5695904,K02983.01,,FALSE POSITIVE,FALSE POSITIVE,0.0000,0,1,1,0,0.423854275,5.6900000e-07,-5.6900000e-07,132.1910700,1.140000e-03,-1.140000e-03,0.4490,0.0220,-0.4480,1.01980,0.04480,-0.04480,2.3530e+02,8.500e+00,-8.500e+00,0.58,5.000e-02,-7.000e-02,1062.0,,,301.79,85.41,-78.85,33.30,1,q1_q17_dr25_tce,3553.00,56.00,-64.00,4.887,0.044,-0.036,0.3680,0.0360,-0.0400,288.719790,40.986141,15.586
1725415,K02988.01,,FALSE POSITIVE,FALSE POSITIVE,,0,0,0,0,2.437312280,,,132.0698200,,,,,,1.89000,,,,,,,,,,,,,,,,,,,,,,,,,,,292.340700,37.279861,14.513
11304987,K02993.01,,FALSE POSITIVE,FALSE POSITIVE,0.0000,0,1,1,0,0.692693892,2.0600000e-07,-2.0600000e-07,131.8049220,2.490000e-04,-2.490000e-04,1.2650,1.2180,-0.1720,1.28040,0.01250,-0.01250,1.4337e+03,8.100e+00,-8.100e+00,32.44,1.050e+01,-3.500e+00,2050.0,,,4160.84,4037.60,-1297.75,146.70,1,q1_q17_dr25_tce,5907.00,176.00,-211.00,4.490,0.054,-0.216,0.9640,0.3120,-0.1040,295.565250,49.073139,15.417
11709423,K03001.01,,FALSE POSITIVE,FALSE POSITIVE,0.0000,0,1,1,0,0.768934934,6.0600000e-07,-6.0600000e-07,131.7403020,7.760000e-04,-7.760000e-04,0.9890,0.1030,-0.5970,1.21600,0.15300,-0.15300,8.4680e+02,2.360e+01,-2.360e+01,4.09,6.300e-01,-4.600e-01,1713.0,,,2026.85,1111.64,-639.01,58.90,1,q1_q17_dr25_tce,5390.00,206.00,-187.00,4.535,0.081,-0.099,0.7770,0.1200,-0.0870,289.924530,49.882469,15.503
8758136,K03006.01,,FALSE POSITIVE,FALSE POSITIVE,0.2560,0,0,1,0,0.998212785,7.7240000e-06,-7.7240000e-06,131.8189800,7.470000e-03,-7.470000e-03,0.4360,0.0970,-0.4360,2.48900,0.21400,-0.21400,1.1880e+02,8.200e+00,-8.200e+00,1.10,3.600e-01,-1.200e-01,1888.0,,,2998.77,3033.87,-972.29,18.80,1,q1_q17_dr25_tce,6072.00,189.00,-232.00,4.470,0.056,-0.224,0.9880,0.3300,-0.1100,293.613370,44.975422,15.544
12405333,K03009.01,Kepler-1409 b,CONFIRMED,CANDIDATE,0.9860,0,0,0,0,0.764863517,3.2890000e-06,-3.2890000e-06,132.1334300,3.290000e-03,-3.290000e-03,0.2350,0.2340,-0.2350,1.16000,0.13000,-0.13000,1.5020e+02,1.420e+01,-1.420e+01,1.04,1.500e-01,-1.300e-01,1733.0,,,2145.14,1029.95,-679.83,13.60,1,q1_q17_dr25_tce,5231.00,174.00,-142.00,4.476,0.090,-0.110,0.8600,0.1200,-0.1090,290.084780,51.208599,15.168
10617638,K03016.01,,FALSE POSITIVE,FALSE POSITIVE,0.0010,0,0,1,0,0.710894157,1.8220000e-06,-1.8220000e-06,132.0519200,2.220000e-03,-2.220000e-03,0.1340,0.3180,-0.1330,1.01830,0.07920,-0.07920,1.2260e+02,8.500e+00,-8.500e+00,1.16,3.500e-01,-1.500e-01,2098.0,,,4599.89,4038.86,-1541.14,18.90,1,q1_q17_dr25_tce,5862.00,156.00,-191.00,4.424,0.081,-0.202,1.0490,0.3150,-0.1350,297.949250,47.816399,14.550
12833566,K03024.01,,FALSE POSITIVE,FALSE POSITIVE,,0,0,0,0,0.537839241,4.0160000e-06,-4.0160000e-06,131.5852100,5.680000e-03,-5.680000e-03,0.2589,0.2191,-0.2588,2.16900,0.20700,-0.20700,2.3500e+01,2.300e+00,-2.300e+00,1.49,3.400e-01,-7.000e-01,4061.0,,,64294.62,45066.11,-48672.31,12.40,,,6456.00,190.00,-232.00,3.659,0.420,-0.147,3.0300,0.6990,-1.4230,289.467650,52.198090,10.923
9153554,K03044.01,,FALSE POSITIVE,FALSE POSITIVE,0.0220,0,0,1,0,0.373684977,2.7700000e-07,-2.7700000e-07,131.9633420,6.720000e-04,-6.720000e-04,0.8600,0.0910,-0.6060,0.96210,0.03220,-0.03220,4.5680e+02,1.160e+01,-1.160e+01,2.25,7.300e-01,-2.400e-01,2490.0,,,9009.00,8591.22,-2701.03,53.80,1,q1_q17_dr25_tce,5970.00,167.00,-188.00,4.521,0.039,-0.221,0.9080,0.2930,-0.0980,291.389650,45.527168,15.688
8161830,K03046.01,,FALSE POSITIVE,FALSE POSITIVE,,0,0,0,0,1.101185640,,,132.6169200,,,,,,5.20000,,,,,,,,,,,,,,,,,,,,,,,,,,,290.410160,44.063541,13.308
6461850,K03054.01,,FALSE POSITIVE,FALSE POSITIVE,0.0000,0,1,1,0,0.544962596,1.8250000e-06,-1.8250000e-06,131.5234800,3.060000e-03,-3.060000e-03,0.4590,0.0040,-0.4590,1.08500,0.09440,-0.09440,2.4790e+02,1.810e+01,-1.810e+01,1.03,1.300e-01,-6.000e-02,1719.0,,,2074.18,960.01,-480.56,18.30,1,q1_q17_dr25_tce,5257.00,182.00,-182.00,4.675,0.027,-0.082,0.6390,0.0830,-0.0380,297.101530,41.876862,15.966
7613246,K03062.01,,FALSE POSITIVE,FALSE POSITIVE,0.0000,0,0,1,0,0.769127296,2.3440000e-06,-2.3440000e-06,131.5642500,2.360000e-03,-2.360000e-03,0.0670,0.4020,-0.0670,0.99800,0.08450,-0.08450,1.1460e+02,9.500e+00,-9.500e+00,0.90,2.500e-01,-7.000e-02,1917.0,,,3179.14,2713.42,-747.27,17.00,1,q1_q17_dr25_tce,6024.00,179.00,-179.00,4.561,0.036,-0.204,0.8310,0.2360,-0.0590,293.571230,43.286480,14.980
11551715,K03076.01,,FALSE POSITIVE,FALSE POSITIVE,,0,0,0,0,225.567912180,,,262.5108600,,,,,,6.31000,,,,,,,,,,,,,,,,,,,,,,,,,,,287.620940,49.584629,15.333
2715695,K03077.01,Kepler-1899 b,CONFIRMED,CANDIDATE,1.0000,0,0,0,0,4.095781990,2.0020000e-05,-2.0020000e-05,131.6199200,4.290000e-03,-4.290000e-03,0.7520,0.0290,-0.5390,1.70400,0.12000,-0.12000,4.0550e+02,3.740e+01,-3.740e+01,1.64,1.200e-01,-1.300e-01,851.0,,,124.30,36.62,-29.87,11.90,1,q1_q17_dr25_tce,4791.00,143.00,-129.00,4.577,0.045,-0.036,0.7420,0.0540,-0.0590,292.033480,37.974548,15.958
11442793,K00351.04,Kepler-90 e,CONFIRMED,CANDIDATE,0.9710,0,0,0,0,91.940125300,5.4660000e-04,-5.4660000e-04,134.3000000,4.730000e-03,-4.730000e-03,0.0250,0.4030,-0.0250,9.19500,0.13800,-0.13800,4.8290e+02,1.420e+01,-1.420e+01,2.62,4.300e-01,-3.500e-01,450.0,,,9.71,4.39,-3.03,34.40,4,q1_q17_dr25_tce,5970.00,107.00,-131.00,4.317,0.110,-0.121,1.2000,0.1950,-0.1600,284.433500,49.305161,13.804
6312171,K03079.01,,FALSE POSITIVE,FALSE POSITIVE,,0,0,0,0,92.573379950,,,171.1309675,,,,,,8.45000,,,,,,,,,,,,,,,,,,,,,,,,,,,298.813320,41.627468,15.181
10665043,K03080.01,,FALSE POSITIVE,FALSE POSITIVE,,0,0,0,0,185.009724500,,,307.6792200,,,,,,17.96000,,,,,,,,,,,,,,,,,,,,,,,,,,,291.635280,47.932018,15.647
12352520,K03094.01,Kepler-1904 b,CONFIRMED,CANDIDATE,1.0000,0,0,0,0,4.577001600,1.0390000e-05,-1.0390000e-05,132.0992100,1.770000e-03,-1.770000e-03,0.3270,0.1310,-0.3270,0.94900,0.07690,-0.07690,7.1000e+02,5.330e+01,-5.330e+01,1.33,8.000e-02,-7.000e-02,567.0,,,24.38,4.61,-4.36,18.00,1,q1_q17_dr25_tce,3805.00,61.00,-76.00,4.767,0.025,-0.035,0.4970,0.0280,-0.0280,288.874360,51.154121,15.737
7455981,K03096.01,Kepler-1425 b,CONFIRMED,CANDIDATE,0.9410,0,0,0,0,14.454032900,1.7840000e-04,-1.7840000e-04,135.4521000,1.190000e-02,-1.190000e-02,0.5220,0.0210,-0.4500,7.18300,0.43400,-0.43400,7.9700e+01,5.600e+00,-5.600e+00,0.72,1.300e-01,-9.000e-02,676.0,,,49.51,26.95,-15.51,17.20,1,q1_q17_dr25_tce,5559.00,165.00,-148.00,4.496,0.120,-0.120,0.7900,0.1360,-0.0990,294.951020,43.012428,13.572
7107561,K03100.01,,FALSE POSITIVE,FALSE POSITIVE,0.0000,0,1,1,1,0.812587678,2.0060000e-06,-2.0060000e-06,131.5626100,1.880000e-03,-1.880000e-03,0.5150,0.4200,-0.3100,1.11440,0.06340,-0.06340,6.2900e+01,3.600e+00,-3.600e+00,1.54,3.100e-01,-4.700e-01,2717.0,,,12840.30,7883.00,-7376.98,21.70,1,q1_q17_dr25_tce,6143.00,167.00,-186.00,4.009,0.259,-0.111,1.8770,0.3830,-0.5750,288.493130,42.692478,13.429
9605552,K03102.01,,CANDIDATE,CANDIDATE,,0,0,0,0,9.321084100,1.3590000e-04,-1.3590000e-04,138.0994600,8.040000e-03,-8.040000e-03,0.0815,0.4091,-0.0813,1.81000,0.32000,-0.32000,2.9420e+02,5.580e+01,-5.580e+01,0.61,1.000e-01,-2.100e-01,394.0,,,5.67,2.53,-3.55,6.10,,,3773.00,50.00,-134.00,4.925,0.150,-0.090,0.3500,0.0600,-0.1200,297.960480,46.227921,15.983
11237332,K03103.01,,FALSE POSITIVE,FALSE POSITIVE,,0,0,0,0,19.307377400,8.2640000e-04,-8.2640000e-04,139.1411000,2.080000e-02,-2.080000e-02,0.0275,0.4653,-0.0274,3.43700,0.98900,-0.98900,3.1700e+01,7.100e+00,-7.100e+00,1.21,5.100e-01,-5.700e-01,1054.0,,,292.25,375.70,-221.17,6.60,,,6131.00,202.00,-190.00,3.776,0.480,-0.222,2.1420,0.8930,-1.0170,288.279910,48.950523,12.506
8669092,K00068.01,,FALSE POSITIVE,FALSE POSITIVE,0.0000,1,0,0,0,1.000840564,6.4400000e-07,-6.4400000e-07,121.2937710,5.610000e-04,-5.610000e-04,1.1650,8.6180,-0.1840,1.32920,0.03180,-0.03180,2.7144e+03,4.800e+01,-4.800e+01,80.25,1.486e+01,-3.465e+01,3367.0,,,30248.83,17017.67,-21607.03,73.20,3,q1_q17_dr25_tce,6287.00,170.00,-189.00,3.558,0.353,-0.118,3.1770,0.5880,-1.3720,281.893070,44.827461,12.733
5474613,K01599.02,Kepler-1659 b,CONFIRMED,CANDIDATE,0.9890,0,0,0,0,13.616454700,1.0530000e-04,-1.0530000e-04,140.9326300,6.800000e-03,-6.800000e-03,1.1900,7.2440,-0.4610,5.17500,0.33900,-0.33900,3.7610e+02,2.090e+01,-2.090e+01,22.29,6.680e+00,-2.380e+00,755.0,,,76.81,67.54,-23.28,22.60,2,q1_q17_dr25_tce,5823.00,158.00,-193.00,4.472,0.052,-0.208,0.9720,0.2910,-0.1040,298.373840,40.618420,14.802
9823519,K02793.02,Kepler-1350 c,CONFIRMED,CANDIDATE,0.9990,0,0,0,0,1.766789509,6.7680000e-06,-6.7680000e-06,133.0833600,4.500000e-03,-4.500000e-03,0.0660,0.3870,-0.0650,1.33450,0.05770,-0.05770,1.0098e+03,4.400e+01,-4.400e+01,1.40,1.400e-01,-1.700e-01,730.0,,,66.95,19.50,-19.01,26.70,2,q1_q17_dr25_tce,3698.00,66.00,-73.00,4.810,0.055,-0.045,0.4440,0.0430,-0.0530,288.250580,46.679611,16.283
2715695,K03077.02,,CANDIDATE,CANDIDATE,0.9760,0,0,0,0,7.558429230,8.6030000e-05,-8.6030000e-05,137.9981000,1.010000e-02,-1.010000e-02,0.6190,0.0020,-0.4920,2.91000,0.28500,-0.28500,3.6110e+02,3.910e+01,-3.910e+01,1.46,1.100e-01,-1.100e-01,694.0,,,54.85,16.15,-13.19,10.30,2,q1_q17_dr25_tce,4791.00,143.00,-129.00,4.577,0.045,-0.036,0.7420,0.0540,-0.0590,292.033480,37.974548,15.958
10587105,K00339.03,Kepler-529 d,CONFIRMED,CANDIDATE,1.0000,0,0,0,0,35.865648400,3.4210000e-04,-3.4210000e-04,135.9237400,7.930000e-03,-7.930000e-03,0.9630,0.0080,-0.7190,8.03500,0.26800,-0.26800,2.5090e+02,9.900e+00,-9.900e+00,2.44,4.100e-01,-3.600e-01,633.0,,,37.92,17.83,-12.83,26.20,3,q1_q17_dr25_tce,6078.00,121.00,-133.00,4.290,0.137,-0.112,1.1890,0.1970,-0.1780,285.888370,47.880379,13.763
8558011,K00577.02,Kepler-607 b,CONFIRMED,CANDIDATE,1.0000,0,0,0,0,0.638162933,1.9220000e-06,-1.9220000e-06,131.7482600,2.560000e-03,-2.560000e-03,0.0920,0.3760,-0.0920,1.23130,0.08920,-0.08920,1.0970e+02,7.800e+00,-7.800e+00,0.91,2.100e-01,-1.300e-01,1874.0,,,2928.31,2160.65,-1083.57,17.60,2,q1_q17_dr25_tce,5244.00,203.00,-184.00,4.449,0.112,-0.192,0.8880,0.1970,-0.1310,291.057220,44.632381,14.405
7885494,K07854.01,,FALSE POSITIVE,FALSE POSITIVE,0.0000,0,1,1,1,1.729290140,3.8210000e-05,-3.8210000e-05,132.5562000,1.780000e-02,-1.780000e-02,0.0890,0.3710,-0.0890,3.60900,0.50400,-0.50400,8.4500e+01,9.800e+00,-9.800e+00,0.86,2.500e-01,-8.000e-02,1497.0,,,1187.75,1018.12,-335.34,9.60,1,q1_q17_dr25_tce,5910.00,176.00,-193.00,4.505,0.048,-0.192,0.9400,0.2680,-0.0890,289.945560,43.665932,15.659
5281714,K05148.01,,FALSE POSITIVE,FALSE POSITIVE,,1,0,0,0,40.301684000,3.8910000e-04,-3.8910000e-04,166.8314800,7.430000e-03,-7.430000e-03,0.5721,0.0253,-0.5043,1.39800,0.28800,-0.28800,3.7480e+02,7.000e+01,-7.000e+01,2.38,1.450e+00,-3.200e-01,623.0,,,35.60,67.36,-13.63,6.60,1,q1_q16_tce,6429.00,180.00,-311.00,4.372,0.076,-0.343,1.1770,0.7170,-0.1560,293.746280,40.417740,15.269
5283728,K05149.01,,CANDIDATE,CANDIDATE,0.9990,0,0,0,0,43.681309000,2.0070000e-03,-2.0070000e-03,168.9218000,3.750000e-02,-3.750000e-02,0.2570,0.1910,-0.2570,12.37000,1.40000,-1.40000,2.5800e+02,3.130e+01,-3.130e+01,1.33,3.900e-01,-1.200e-01,473.0,,,11.86,10.30,-3.17,9.80,1,q1_q17_dr25_tce,5726.00,172.00,-172.00,4.564,0.034,-0.195,0.8290,0.2390,-0.0750,294.273990,40.462078,15.649
5289857,K05150.01,,FALSE POSITIVE,FALSE POSITIVE,1.0000,0,0,1,0,26.524553000,2.5330000e-04,-2.5330000e-04,156.1678400,7.500000e-03,-7.500000e-03,0.2180,0.2570,-0.2180,2.35900,0.25300,-0.25300,1.7450e+02,2.010e+01,-2.010e+01,2.19,1.390e+00,-1.130e+00,695.0,,,55.06,109.86,-43.67,10.20,1,q1_q17_dr25_tce,4995.00,149.00,-149.00,3.954,0.617,-0.332,1.7030,1.0760,-0.8800,295.785860,40.479771,13.681
5303185,K05151.01,,FALSE POSITIVE,FALSE POSITIVE,,1,0,0,0,26.153785100,4.7230000e-04,-4.7230000e-04,145.2879000,1.310000e-02,-1.310000e-02,0.2437,0.2311,-0.2437,1.80200,0.35900,-0.35900,2.2860e+02,4.580e+01,-4.580e+01,1.47,6.000e-01,-1.300e-01,631.0,,,37.53,44.00,-10.28,6.20,1,q1_q16_tce,6091.00,156.00,-197.00,4.487,0.044,-0.288,0.9670,0.3880,-0.0870,298.511750,40.459469,14.833
5308777,K05152.01,,FALSE POSITIVE,FALSE POSITIVE,0.0000,0,0,1,0,0.944598153,3.1960000e-06,-3.1960000e-06,132.2327000,3.200000e-03,-3.200000e-03,1.0120,0.3590,-0.0240,4.01800,0.14800,-0.14800,2.0090e+02,7.000e+00,-7.000e+00,37.61,5.230e+00,-8.490e+00,4190.0,,,72795.20,26846.21,-33428.16,35.30,1,q1_q17_dr25_tce,4877.00,66.00,-124.00,2.839,0.030,-0.030,9.2140,1.2800,-2.0800,299.577300,40.498508,13.199
5364090,K05153.01,,FALSE POSITIVE,FALSE POSITIVE,,1,0,0,0,354.632840000,1.0250000e-02,-1.0250000e-02,178.4349000,1.370000e-02,-1.370000e-02,0.3134,0.1707,-0.3134,2.22700,0.91400,-0.91400,2.8090e+02,5.820e+01,-5.820e+01,0.90,8.000e-02,-1.000e-01,152.0,,,0.13,0.04,-0.04,6.50,1,q1_q16_tce,4206.00,123.00,-139.00,4.703,0.068,-0.036,0.5350,0.0450,-0.0600,292.298160,40.524590,13.357
5370944,K05154.01,,FALSE POSITIVE,FALSE POSITIVE,,1,0,0,0,35.401033360,,,135.1605852,,,,,,1.75000,,,,,,,,,,,,,,,,1,q1_q16_tce,,,,,,,,,,294.220090,40.592232,13.994
5374838,K05155.01,,CANDIDATE,CANDIDATE,0.9530,0,0,0,0,230.180357000,1.0440000e-03,-1.0440000e-03,230.0524500,3.390000e-03,-3.390000e-03,0.1020,0.1930,-0.1020,13.43600,0.12000,-0.12000,3.6893e+03,6.540e+01,-6.540e+01,7.57,8.900e-01,-4.200e-01,347.0,,,3.41,1.06,-0.53,64.00,1,q1_q17_dr25_tce,6313.00,75.00,-85.00,4.364,0.027,-0.082,1.2460,0.1470,-0.0690,295.212550,40.516911,15.469
6364143,K05272.01,,FALSE POSITIVE,FALSE POSITIVE,0.0000,1,0,1,1,5.243386500,1.7860000e-04,-1.7860000e-04,132.7860000,2.980000e-02,-2.980000e-02,0.4890,0.0440,-0.4490,12.47200,0.59000,-0.59000,6.5400e+01,4.000e+00,-4.000e+00,0.75,2.300e-01,-8.000e-02,1038.0,,,274.95,247.53,-78.62,19.20,1,q1_q17_dr25_tce,6011.00,162.00,-180.00,4.522,0.050,-0.213,0.9020,0.2770,-0.0920,291.853820,41.764042,14.579
6364307,K05273.01,,FALSE POSITIVE,FALSE POSITIVE,0.0000,0,0,1,1,5.243570300,1.0250000e-04,-1.0250000e-04,132.7496000,1.940000e-02,-1.940000e-02,1.1450,0.7410,-0.1180,15.86400,0.72900,-0.72900,2.2850e+02,1.080e+01,-1.080e+01,12.68,2.390e+00,-9.500e-01,890.0,,,148.79,87.59,-35.97,25.10,1,q1_q17_dr25_tce,5558.00,166.00,-166.00,4.621,0.037,-0.120,0.7220,0.1360,-0.0540,291.910580,41.750980,15.829
6366559,K05274.01,,CANDIDATE,CANDIDATE,0.3250,0,0,0,0,55.758380300,6.7250000e-04,-6.7250000e-04,160.0006000,1.120000e-02,-1.120000e-02,0.0100,0.4460,-0.0100,2.49700,0.32400,-0.32400,1.3270e+02,1.770e+01,-1.770e+01,1.59,3.000e-01,-4.500e-01,537.0,,,19.60,10.18,-10.02,9.00,1,q1_q17_dr25_tce,5413.00,97.00,-65.00,4.107,0.266,-0.114,1.4030,0.2660,-0.3980,292.633000,41.749222,12.746
6367663,K05275.01,,CANDIDATE,CANDIDATE,0.0000,0,0,0,0,3.781123000,1.0380000e-03,-1.0380000e-03,135.2040000,3.410000e-01,-3.410000e-01,0.0040,0.4560,-0.0040,8.15000,2.00000,-2.00000,9.0400e+01,1.230e+01,-1.230e+01,1.16,3.300e-01,-2.600e-01,1421.0,,,962.72,819.53,-472.32,9.00,1,q1_q17_dr25_tce,6318.00,199.00,-244.00,4.247,0.209,-0.171,1.2160,0.3390,-0.2770,292.994930,41.712749,14.531
6368905,K05276.01,,CANDIDATE,CANDIDATE,0.1930,0,0,0,0,220.720142000,6.1800000e-03,-6.1800000e-03,303.8527000,1.900000e-02,-1.900000e-02,0.1130,0.3310,-0.1130,8.18600,0.58300,-0.58300,8.6250e+02,8.660e+01,-8.660e+01,2.00,2.800e-01,-1.600e-01,235.0,,,0.72,0.35,-0.20,12.00,1,q1_q17_dr25_tce,5150.00,184.00,-184.00,4.634,0.033,-0.077,0.6960,0.0970,-0.0570,293.364750,41.788891,15.827
6369548,K05277.01,,FALSE POSITIVE,FALSE POSITIVE,,1,0,0,0,634.847390000,1.4290000e-02,-1.4290000e-02,248.0735000,1.950000e-02,-1.950000e-02,0.5650,0.0229,-0.4681,16.18600,0.72500,-0.72500,5.4260e+02,4.460e+01,-4.460e+01,20.50,1.090e+00,-5.730e+00,464.0,,,10.97,1.94,-6.20,15.70,1,q1_q16_tce,5048.00,74.00,-218.00,2.978,0.033,-0.026,8.6110,0.4600,-2.4070,293.567540,41.763981,12.532
6372194,K05278.01,,CANDIDATE,CANDIDATE,0.9960,0,0,0,0,281.592157700,7.8820000e-04,-7.8820000e-04,261.8178600,2.230000e-03,-2.230000e-03,0.6410,0.1000,-0.2860,5.67300,0.14500,-0.14500,9.3120e+03,1.480e+02,-1.480e+02,7.22,1.150e+00,-6.200e-01,225.0,,,0.61,0.33,-0.17,76.00,1,q1_q17_dr25_tce,5330.00,187.00,-187.00,4.627,0.032,-0.097,0.7130,0.1140,-0.0610,294.335940,41.747532,15.870
6387557,K05279.01,,CANDIDATE,CANDIDATE,0.7650,0,0,0,0,103.722152000,2.3400000e-03,-2.3400000e-03,176.0727000,1.610000e-02,-1.610000e-02,0.0170,0.4300,-0.0170,6.06100,0.49300,-0.49300,2.9690e+02,3.780e+01,-3.780e+01,1.95,3.200e-01,-2.300e-01,414.0,,,6.92,2.96,-1.84,9.40,1,q1_q17_dr25_tce,5784.00,78.00,-78.00,4.330,0.115,-0.115,1.1430,0.1870,-0.1360,298.113560,41.712749,14.775
3098843,K03376.01,,FALSE POSITIVE,FALSE POSITIVE,,0,0,1,0,29.975669700,2.8520000e-04,-2.8520000e-04,135.4508900,7.790000e-03,-7.790000e-03,0.8708,0.0008,-0.6063,2.98700,0.23500,-0.23500,2.5800e+02,2.620e+01,-2.620e+01,1.84,7.800e-01,-1.800e-01,591.0,,,28.85,36.16,-8.02,12.00,1,q1_q17_dr24_tce,5893.00,153.00,-179.00,4.462,0.054,-0.294,0.9860,0.4200,-0.0950,286.232640,38.202888,14.372
3958301,K03381.02,,FALSE POSITIVE,FALSE POSITIVE,0.0000,1,1,1,0,387.565190000,1.2820000e-02,-1.2820000e-02,269.7929000,2.430000e-02,-2.430000e-02,0.9160,0.0450,-0.6200,13.28000,1.00000,-1.00000,1.0830e+03,1.150e+02,-1.150e+02,4.02,1.180e+00,-4.200e-01,271.0,,,1.28,1.10,-0.39,11.80,2,q1_q17_dr25_tce,6289.00,175.00,-219.00,4.454,0.052,-0.195,1.0200,0.2990,-0.1070,292.550020,39.023811,15.598
5353137,K03447.01,,FALSE POSITIVE,FALSE POSITIVE,,0,0,1,0,31.507364900,5.5100000e-04,-5.5100000e-04,159.1203000,1.740000e-02,-1.740000e-02,0.7740,0.0180,-0.5598,7.36200,0.44300,-0.44300,3.3050e+02,2.550e+01,-2.550e+01,0.74,1.100e-01,-1.400e-01,253.0,,,0.97,0.44,-0.39,15.40,1,q1_q16_tce,3554.00,68.00,-82.00,4.888,0.080,-0.080,0.3700,0.0600,-0.0700,288.891940,40.563141,15.327
4932689,K03453.01,,FALSE POSITIVE,FALSE POSITIVE,0.0000,0,0,1,1,18.111845700,3.3620000e-04,-3.3620000e-04,134.7252000,1.730000e-02,-1.730000e-02,1.2350,70.4700,-0.8390,6.30900,0.69100,-0.69100,3.2870e+02,3.710e+01,-3.710e+01,31.25,9.070e+00,-3.870e+00,803.0,,,98.09,84.07,-33.67,10.80,1,q1_q17_dr25_tce,6434.00,179.00,-246.00,4.394,0.062,-0.188,1.1380,0.3300,-0.1410,294.239870,40.012131,15.558
5294945,K03463.01,,CANDIDATE,CANDIDATE,0.8540,0,0,0,0,32.547429500,5.2130000e-04,-5.2130000e-04,133.6742000,1.260000e-02,-1.260000e-02,0.7090,0.0470,-0.4970,6.94500,0.39900,-0.39900,1.5710e+02,1.610e+01,-1.610e+01,1.42,4.400e-01,-2.300e-01,618.0,,,34.42,31.93,-13.54,11.30,1,q1_q17_dr25_tce,6068.00,190.00,-211.00,4.384,0.108,-0.201,1.0610,0.3240,-0.1740,296.879760,40.455360,14.564
7742408,K03478.01,Kepler-1697 b,CONFIRMED,CANDIDATE,0.9980,0,0,0,0,33.496911500,4.0980000e-04,-4.0980000e-04,163.7638000,1.050000e-02,-1.050000e-02,0.9610,0.0020,-0.6900,4.83300,0.22700,-0.22700,1.6350e+02,1.460e+01,-1.460e+01,2.97,1.640e+00,-1.470e+00,630.0,,,37.30,63.77,-28.82,13.20,1,q1_q17_dr25_tce,4928.00,148.00,-133.00,3.966,0.598,-0.322,1.6880,0.9310,-0.8380,287.663390,43.471451,13.354
3968809,K05030.01,,CANDIDATE,CANDIDATE,,0,0,0,0,411.896900000,1.4270000e-02,-1.4270000e-02,379.0087000,1.510000e-02,-1.510000e-02,0.4026,0.0322,-0.4026,6.20300,0.67300,-0.67300,5.0280e+02,6.440e+01,-6.440e+01,2.61,1.300e+00,-3.000e-01,279.0,,,1.43,2.10,-0.48,8.50,1,q1_q16_tce,6362.00,154.00,-247.00,4.408,0.058,-0.300,1.1440,0.5690,-0.1350,295.188720,39.018650,14.452
3970397,K05031.01,,FALSE POSITIVE,FALSE POSITIVE,,1,0,0,0,34.333399480,,,152.0693144,,,,,,2.45000,,,,,,,,,,,,,,,,1,q1_q16_tce,,,,,,,,,,295.512790,39.088490,12.152
3973549,K05032.01,,FALSE POSITIVE,FALSE POSITIVE,0.0000,0,1,1,0,1.389947459,5.2200000e-07,-5.2200000e-07,132.2665490,3.170000e-04,-3.170000e-04,0.4370,0.6450,-0.5230,1.19300,0.10900,-0.10900,1.2138e+03,2.340e+01,-2.340e+01,3.39,1.020e+00,-4.300e-01,1665.0,,,1816.13,1655.21,-620.60,136.40,1,q1_q17_dr25_tce,5999.00,190.00,-211.00,4.461,0.084,-0.196,0.9500,0.2840,-0.1220,296.103610,39.056221,14.293
3974928,K05033.01,,CANDIDATE,CANDIDATE,,0,0,0,0,127.671711000,2.1900000e-03,-2.1900000e-03,227.0906000,1.230000e-02,-1.230000e-02,0.2999,0.1593,-0.2999,2.63700,0.50900,-0.50900,4.5010e+02,6.790e+01,-6.790e+01,5.52,4.120e+00,-1.260e+00,519.0,,,17.13,40.12,-7.83,8.00,1,q1_q16_tce,4985.00,118.00,-111.00,3.534,0.198,-0.409,2.6330,1.9610,-0.6030,296.357970,39.078579,13.832
4058169,K05034.01,,FALSE POSITIVE,FALSE POSITIVE,0.0000,0,1,0,0,282.536356300,1.1530000e-04,-1.1530000e-04,241.5286660,2.030000e-04,-2.030000e-04,1.2270,0.1970,-0.0700,10.30880,0.01530,-0.01530,2.9233e+04,4.000e+01,-4.000e+01,70.53,2.011e+01,-1.646e+01,360.0,,,3.98,3.37,-1.99,854.10,1,q1_q17_dr25_tce,6401.00,181.00,-250.00,4.175,0.214,-0.175,1.4100,0.4020,-0.3290,291.847600,39.143566,13.252
4063943,K05035.01,,CANDIDATE,CANDIDATE,,0,0,0,0,115.231450730,,,211.6353632,,,,,,2.01000,,,,,,,,,,,,,,,,1,q1_q16_tce,,,,,,,,,,293.299130,39.188389,15.879
4068391,K05036.01,,FALSE POSITIVE,FALSE POSITIVE,,1,0,0,0,289.490952000,7.2760000e-03,-7.2760000e-03,363.4177000,1.230000e-02,-1.230000e-02,0.1458,0.3167,-0.1458,3.91000,0.66300,-0.66300,7.7300e+02,1.600e+02,-1.600e+02,2.87,1.130e+00,-3.500e-01,290.0,,,1.66,1.98,-0.55,6.60,1,q1_q16_tce,5978.00,178.00,-210.00,4.408,0.082,-0.269,1.0320,0.4070,-0.1260,294.400050,39.171589,15.140
4071638,K05037.01,,CANDIDATE,CANDIDATE,,0,0,0,0,349.588110000,1.2540000e-02,-1.2540000e-02,183.0587000,2.730000e-02,-2.730000e-02,0.1899,0.2825,-0.1899,5.05200,0.88500,-0.88500,3.7330e+02,5.490e+01,-5.490e+01,134.79,3.848e+01,-3.282e+01,1351.0,,,787.87,626.72,-387.09,11.60,1,q1_q16_tce,3860.00,81.00,-112.00,0.949,0.030,-0.029,74.3200,21.2130,-18.0980,295.163420,39.180187,12.989
5390913,K05156.01,,CANDIDATE,CANDIDATE,,0,0,0,0,1.680254289,1.3810000e-06,-1.3810000e-06,131.8988280,3.340000e-04,-3.340000e-04,0.7314,0.0028,-0.0011,12.58500,0.22800,-0.22800,5.1633e+04,1.037e+03,-1.037e+03,30.88,1.291e+01,-1.004e+01,1996.0,,,3753.60,4693.11,-2201.77,178.70,1,q1_q16_tce,6423.00,183.00,-154.00,4.121,0.358,-0.269,1.2460,0.5210,-0.4050,298.717500,40.541969,12.075
5391911,K05157.01,,FALSE POSITIVE,FALSE POSITIVE,0.5580,0,0,1,0,0.782068488,,,131.8940201,,,0.2790,,,1.23900,,,1.1570e+02,,,21.02,1.140e+00,-4.560e+00,6169.0,,,343029.57,54504.79,-146305.68,4.10,1,q1_q17_dr25_tce,4475.00,47.00,-74.00,2.113,0.033,-0.027,20.2370,1.0980,-4.3920,298.896730,40.578529,11.378
5394585,K05158.01,,CANDIDATE,CANDIDATE,,0,0,0,0,151.130080000,1.0710000e-02,-1.0710000e-02,278.4630000,5.020000e-02,-5.020000e-02,0.0529,0.4146,-0.0528,3.49000,1.00000,-1.00000,3.5800e+02,1.080e+02,-1.080e+02,4.41,1.270e+00,-1.780e+00,578.0,,,26.40,22.21,-18.17,4.60,1,q1_q16_tce,6768.00,178.00,-225.00,3.844,0.351,-0.143,2.3020,0.6640,-0.9270,299.380710,40.535671,11.867
5397106,K05159.01,,FALSE POSITIVE,FALSE POSITIVE,,1,0,0,0,440.650872040,,,421.7840447,,,,,,4.07000,,,,,,,,,,,,,,,,1,q1_q16_tce,,,,,,,,,,299.847230,40.507771,14.950
5425643,K05160.01,,CANDIDATE,CANDIDATE,,0,0,0,0,258.637977820,,,385.7216760,,,,,,7.11000,,,,,,,,,,,,,,,,1,q1_q16_tce,,,,,,,,,,282.910100,40.646519,15.594
5425908,K05161.01,,FALSE POSITIVE,FALSE POSITIVE,,1,0,0,0,289.769611380,,,194.4183952,,,,,,3.19000,,,,,,,,,,,,,,,,1,q1_q16_tce,,,,,,,,,,283.036320,40.644989,12.714
5428199,K05162.01,,CANDIDATE,CANDIDATE,,0,0,0,0,628.158440000,1.9670000e-02,-1.9670000e-02,152.9787000,1.240000e-02,-1.240000e-02,0.2733,0.1295,-0.2731,12.14400,0.78300,-0.78300,5.0230e+02,4.820e+01,-4.820e+01,0.95,1.100e-01,-1.100e-01,101.0,,,0.03,0.00,-0.01,14.70,1,q1_q16_tce,3697.00,50.00,-62.00,4.829,0.060,-0.060,0.4230,0.0500,-0.0500,284.196960,40.641251,13.347
5436415,K05163.01,,FALSE POSITIVE,FALSE POSITIVE,,1,0,0,0,273.223848000,4.7840000e-03,-4.7840000e-03,272.0690000,1.050000e-02,-1.050000e-02,0.0763,0.3791,-0.0760,3.78700,0.33300,-0.33300,4.6990e+02,6.320e+01,-6.320e+01,8.00,3.800e+00,-2.460e+00,452.0,,,9.87,13.55,-5.67,10.60,1,q1_q16_tce,5079.00,111.00,-149.00,3.439,0.237,-0.296,3.7920,1.8010,-1.1680,287.859500,40.687962,12.741
6387887,K05280.01,,FALSE POSITIVE,FALSE POSITIVE,0.0000,1,0,0,0,0.650701055,3.4600000e-07,-3.4600000e-07,131.8306370,3.190000e-04,-3.190000e-04,0.4000,0.0890,-0.0020,0.89164,0.00833,-0.00833,3.7106e+05,1.203e+03,-1.203e+03,281.62,3.189e+01,-1.354e+02,6285.0,,,370319.14,134966.96,-287359.66,234.30,2,q1_q17_dr25_tce,10921.00,266.00,-495.00,3.811,0.399,-0.070,3.7010,0.4190,-1.7790,298.185360,41.733952,17.037
6425377,K05281.01,,CANDIDATE,CANDIDATE,,0,0,0,0,263.901410000,3.5220000e-03,-3.5220000e-03,203.1723000,1.240000e-02,-1.240000e-02,0.9585,0.0049,-0.6832,4.30300,0.33800,-0.33800,8.0710e+02,8.320e+01,-8.320e+01,23.91,2.040e+00,-6.050e+00,562.0,,,23.60,5.97,-12.11,11.00,1,q1_q16_tce,5094.00,80.00,-170.00,3.126,0.029,-0.031,6.2470,0.5310,-1.5820,284.983640,41.881351,13.485
6428602,K05282.01,,FALSE POSITIVE,FALSE POSITIVE,,1,0,0,0,59.742966000,1.3850000e-03,-1.3850000e-03,188.0166000,1.850000e-02,-1.850000e-02,0.9694,0.0000,-0.6660,6.78000,1.10000,-1.10000,2.8490e+02,3.620e+01,-3.620e+01,16.91,2.420e+00,-3.280e+00,1037.0,,,273.48,115.81,-111.88,8.60,1,q1_q16_tce,5059.00,110.00,-117.00,2.871,0.030,-0.028,7.3220,1.0460,-1.4240,286.521790,41.822239,13.084
6442735,K05283.01,,CANDIDATE,CANDIDATE,,0,0,0,0,18.782160300,4.0610000e-04,-4.0610000e-04,147.8508000,1.480000e-02,-1.480000e-02,0.1986,0.2549,-0.1986,5.57300,0.53700,-0.53700,7.7200e+01,9.400e+00,-9.400e+00,0.83,3.400e-01,-8.000e-02,681.0,,,50.97,61.57,-13.54,9.80,1,q1_q17_dr24_tce,5919.00,156.00,-167.00,4.488,0.048,-0.290,0.9400,0.3860,-0.0870,291.764130,41.860130,14.043
6443093,K05284.01,,CANDIDATE,CANDIDATE,0.9570,0,0,0,0,389.316341000,2.4930000e-03,-2.4930000e-03,351.3604900,5.400000e-03,-5.400000e-03,1.2020,7.0610,-0.4700,5.49000,0.20600,-0.20600,2.5998e+03,9.010e+01,-9.010e+01,27.61,7.700e+00,-3.290e+00,245.0,,,0.86,0.70,-0.27,34.70,1,q1_q17_dr25_tce,5731.00,153.00,-170.00,4.440,0.098,-0.182,0.9580,0.2670,-0.1140,291.890350,41.816818,14.570
6447372,K05285.01,,FALSE POSITIVE,FALSE POSITIVE,,1,0,0,0,405.320640000,2.8000000e-02,-2.8000000e-02,443.8561000,4.580000e-02,-4.580000e-02,0.2964,0.1494,-0.2963,7.77000,1.20000,-1.20000,5.6170e+02,8.640e+01,-8.640e+01,1.34,1.100e-01,-1.000e-01,166.0,,,0.18,0.06,-0.04,6.20,1,q1_q16_tce,4694.00,135.00,-131.00,4.680,0.052,-0.037,0.5740,0.0460,-0.0430,293.282320,41.854622,14.955
6461675,K05286.01,,FALSE POSITIVE,FALSE POSITIVE,,1,0,0,0,342.830882000,8.4050000e-03,-8.4050000e-03,430.4380000,1.730000e-02,-1.730000e-02,0.0886,0.3714,-0.0886,3.82600,0.39900,-0.39900,4.5070e+02,5.530e+01,-5.530e+01,10.76,2.130e+00,-3.300e-01,530.0,,,18.68,11.19,-2.45,12.00,1,q1_q16_tce,4994.00,138.00,-96.00,2.920,0.032,-0.028,5.2050,1.0270,-0.1620,297.059020,41.843220,12.739
6509282,K05287.01,,CANDIDATE,CANDIDATE,1.0000,0,0,0,0,3.989161860,2.0250000e-05,-2.0250000e-05,132.2137700,3.740000e-03,-3.740000e-03,0.0800,0.3780,-0.0800,1.91300,0.15300,-0.15300,3.1800e+02,2.490e+01,-2.490e+01,28.10,1.820e+00,-1.033e+01,3293.0,,,27838.74,5063.14,-19003.35,16.30,1,q1_q17_dr25_tce,4998.00,52.00,-281.00,2.524,0.030,-0.030,16.1870,1.0500,-5.9490,287.330410,41.974899,13.560
8231667,K03494.01,Kepler-1926 b,CONFIRMED,CANDIDATE,1.0000,0,0,0,0,42.877416900,2.5960000e-04,-2.5960000e-04,156.0696700,5.110000e-03,-5.110000e-03,0.0200,0.4230,-0.0200,1.99100,0.12000,-0.12000,1.0688e+03,8.370e+01,-8.370e+01,2.67,4.100e-01,-3.400e-01,451.0,,,9.80,5.20,-3.31,14.80,1,q1_q17_dr25_tce,5256.00,184.00,-184.00,4.483,0.104,-0.127,0.8320,0.1290,-0.1050,291.198820,44.166241,15.654
6697817,K03508.01,,CANDIDATE,CANDIDATE,0.9750,0,0,0,0,190.800788000,2.5760000e-03,-2.5760000e-03,236.0389000,1.030000e-02,-1.030000e-02,0.0660,0.3890,-0.0660,8.08200,0.35200,-0.35200,2.8760e+02,2.560e+01,-2.560e+01,1.67,2.700e-01,-7.000e-02,321.0,,,2.51,1.05,-0.32,13.00,1,q1_q17_dr25_tce,5993.00,72.00,-84.00,4.489,0.021,-0.119,0.9860,0.1600,-0.0380,293.623570,42.129639,14.322
3439096,K03509.01,,FALSE POSITIVE,FALSE POSITIVE,0.0000,0,0,1,1,2.976018920,1.5940000e-05,-1.5940000e-05,132.9692600,4.120000e-03,-4.120000e-03,1.1760,3.2940,-0.1050,5.50000,0.21400,-0.21400,3.0610e+02,1.030e+01,-1.030e+01,164.46,4.910e+00,-4.416e+01,2799.0,,,14524.05,1798.08,-7758.38,35.30,1,q1_q17_dr25_tce,5140.00,75.00,-175.00,2.955,0.030,-0.030,7.7460,0.2310,-2.0800,290.148800,38.513279,13.799
3324644,K03781.01,,FALSE POSITIVE,FALSE POSITIVE,0.0000,1,0,0,0,2.882424694,4.5300000e-06,-4.5300000e-06,131.6358400,1.250000e-03,-1.250000e-03,1.0510,0.0280,-0.0290,25.91000,0.21800,-0.21800,6.7298e+04,2.250e+02,-2.250e+02,399.44,1.849e+02,-1.512e+02,2912.0,,,17023.71,23530.41,-11018.23,416.20,1,q1_q17_dr25_tce,4705.00,128.00,-105.00,2.667,0.402,-0.268,8.0580,3.7290,-3.0510,285.888640,38.486858,12.812
5437945,K03791.02,Kepler-460 c,CONFIRMED,CANDIDATE,0.9020,0,0,0,0,220.142913000,1.2890000e-03,-1.2890000e-03,245.9413900,2.840000e-03,-2.840000e-03,0.0230,0.3340,-0.0230,19.52800,0.17300,-0.17300,1.7964e+03,1.570e+01,-1.570e+01,5.94,1.650e+00,-1.640e+00,389.0,,,5.40,4.38,-2.93,121.20,2,q1_q17_dr25_tce,6340.00,171.00,-209.00,4.163,0.246,-0.164,1.3930,0.3850,-0.3850,288.474850,40.651360,13.771
1161949,K04920.01,,FALSE POSITIVE,FALSE POSITIVE,,1,0,0,0,473.951030000,1.7370000e-02,-1.7370000e-02,366.0309000,1.870000e-02,-1.870000e-02,0.1671,0.2640,-0.1670,11.77800,0.71900,-0.71900,3.3060e+02,3.610e+01,-3.610e+01,3.32,1.530e+00,-1.080e+00,341.0,,,3.21,4.44,-1.97,9.60,1,q1_q16_tce,6513.00,185.00,-260.00,4.020,0.261,-0.243,1.8100,0.8330,-0.5890,291.178010,36.874580,13.978
4077252,K05038.01,,FALSE POSITIVE,FALSE POSITIVE,0.0000,0,1,1,0,0.534109403,6.5300000e-07,-6.5300000e-07,131.8050100,1.050000e-03,-1.050000e-03,0.4760,0.0000,-0.4760,0.95130,0.03790,-0.03790,7.8300e+01,2.800e+00,-2.800e+00,2.28,8.200e-01,-6.700e-01,5513.0,,,217941.01,237022.59,-127490.71,37.00,1,q1_q17_dr25_tce,10747.00,331.00,-478.00,4.100,0.215,-0.215,2.4320,0.8750,-0.7160,296.307160,39.117119,12.314
4077767,K05039.01,,FALSE POSITIVE,FALSE POSITIVE,,1,0,0,0,168.771180000,1.0870000e-02,-1.0870000e-02,233.3138000,2.810000e-02,-2.810000e-02,36.9452,57.5600,-1.2010,2.26300,0.88500,-0.88500,2.0450e+03,4.030e+02,-4.030e+02,2825.04,4.008e+02,-2.318e+02,251.0,,,0.93,0.48,-0.24,5.50,1,q1_q16_tce,4936.00,188.00,-157.00,4.597,0.037,-0.071,0.7190,0.1020,-0.0590,296.404080,39.169811,15.941
4135912,K05040.01,,CANDIDATE,CANDIDATE,0.9740,0,0,0,0,29.609426300,3.0660000e-04,-3.0660000e-04,141.2485000,8.000000e-03,-8.000000e-03,0.7190,0.2610,-0.4780,2.71000,0.25300,-0.25300,2.2490e+02,2.410e+01,-2.410e+01,2.87,5.300e-01,-6.500e-01,789.0,,,91.56,44.10,-39.94,10.80,1,q1_q17_dr25_tce,6079.00,79.00,-85.00,4.059,0.174,-0.116,1.7830,0.3320,-0.4060,284.665830,39.252041,14.385
4144238,K05041.01,,FALSE POSITIVE,FALSE POSITIVE,0.0000,0,0,1,1,22.913832200,4.1360000e-04,-4.1360000e-04,140.6387000,1.560000e-02,-1.560000e-02,1.1890,6.8520,-0.0750,4.85500,0.90100,-0.90100,3.4030e+02,5.550e+01,-5.550e+01,30.24,4.880e+00,-5.960e+00,785.0,,,89.68,37.81,-34.90,8.00,1,q1_q17_dr25_tce,6154.00,82.00,-82.00,4.201,0.168,-0.112,1.3340,0.2150,-0.2630,287.834320,39.214298,13.757
4147171,K05042.01,,FALSE POSITIVE,FALSE POSITIVE,,1,0,0,0,538.368550000,2.6970000e-02,-2.6970000e-02,232.5637000,4.900000e-02,-4.900000e-02,0.0671,0.3772,-0.0670,19.26000,1.80000,-1.80000,5.4550e+02,7.980e+01,-7.980e+01,2.37,9.900e-01,-2.200e-01,237.0,,,0.74,0.91,-0.21,7.00,1,q1_q16_tce,6148.00,159.00,-212.00,4.461,0.047,-0.289,1.0150,0.4210,-0.0960,288.781340,39.288250,15.674
4149060,K05043.01,,FALSE POSITIVE,FALSE POSITIVE,,1,0,0,0,65.532718100,7.6220000e-04,-7.6220000e-04,151.4591000,1.100000e-02,-1.100000e-02,0.3023,0.1351,-0.3023,2.25600,0.30200,-0.30200,3.7340e+02,6.450e+01,-6.450e+01,1.79,7.300e-01,-1.800e-01,437.0,,,8.61,10.48,-2.33,5.90,1,q1_q16_tce,5755.00,162.00,-158.00,4.480,0.057,-0.280,0.9230,0.3770,-0.0900,289.316680,39.235088,15.319
4150972,K05044.01,,CANDIDATE,CANDIDATE,,0,0,0,0,161.537665000,5.4260000e-03,-5.4260000e-03,280.9898000,3.000000e-02,-3.000000e-02,0.2175,0.2583,-0.2174,2.65000,0.43400,-0.43400,1.0180e+02,1.900e+01,-1.900e+01,1.37,7.800e-01,-3.000e-01,400.0,,,6.04,10.57,-2.87,5.90,1,q1_q16_tce,6033.00,176.00,-219.00,4.218,0.180,-0.293,1.3580,0.7680,-0.2990,289.831300,39.278000,12.426
4160006,K05045.01,,FALSE POSITIVE,FALSE POSITIVE,0.0000,0,1,0,0,1.018360336,1.4930000e-06,-1.4930000e-06,131.6776800,1.820000e-03,-1.820000e-03,0.5530,0.0350,-0.0250,7.62200,0.02150,-0.02150,3.9397e+05,5.400e+02,-5.400e+02,107.00,3.065e+01,-3.064e+01,2302.0,,,6627.64,5961.03,-3742.84,967.40,1,q1_q17_dr25_tce,6160.00,216.00,-237.00,4.144,0.273,-0.168,1.4630,0.4190,-0.4190,292.179500,39.238621,14.299
5436455,K05164.01,,CANDIDATE,CANDIDATE,,0,0,0,0,209.967521000,3.0050000e-03,-3.0050000e-03,241.9592100,8.760000e-03,-8.760000e-03,0.2723,0.2010,-0.2722,2.58500,0.34200,-0.34200,1.2000e+02,2.020e+01,-2.020e+01,1.16,5.500e-01,-1.100e-01,344.0,,,3.29,4.61,-0.89,7.10,1,q1_q16_tce,6437.00,148.00,-198.00,4.439,0.049,-0.312,1.0420,0.5000,-0.0960,287.874240,40.630409,12.489
5439000,K05165.01,,CANDIDATE,CANDIDATE,,0,0,0,0,369.730110000,2.0320000e-02,-2.0320000e-02,246.2900000,4.040000e-02,-4.040000e-02,0.1236,0.3231,-0.1235,14.27000,3.90000,-3.90000,2.7480e+02,8.130e+01,-8.130e+01,1.66,7.400e-01,-1.500e-01,274.0,,,1.34,1.74,-0.37,9.60,1,q1_q16_tce,6283.00,161.00,-195.00,4.453,0.052,-0.302,0.9990,0.4410,-0.0950,288.851230,40.692589,13.976
5440435,K05166.01,,FALSE POSITIVE,FALSE POSITIVE,,1,0,0,0,78.040649060,,,137.0269121,,,,,,2.15000,,,,,,,,,,,,,,,,1,q1_q16_tce,,,,,,,,,,289.328340,40.679100,12.878
5440472,K05167.01,,FALSE POSITIVE,FALSE POSITIVE,,1,0,0,0,396.349253000,7.3210000e-03,-7.3210000e-03,272.6416000,1.420000e-02,-1.420000e-02,0.0384,0.5094,-0.0383,2.68500,0.60400,-0.60400,4.1310e+02,9.960e+01,-9.960e+01,2.39,1.300e+00,-2.700e-01,293.0,,,1.73,2.89,-0.55,5.70,1,q1_q16_tce,6495.00,188.00,-233.00,4.379,0.064,-0.309,1.1680,0.6340,-0.1330,289.338350,40.625340,14.795
5440651,K05168.01,,FALSE POSITIVE,FALSE POSITIVE,,0,1,0,0,0.502807253,5.1000000e-08,-5.1000000e-08,131.6152743,8.700000e-05,-8.700000e-05,1.2503,0.3768,-0.0600,1.01493,0.00637,-0.00637,4.6587e+03,1.790e+01,-1.790e+01,26.81,5.100e+00,-2.590e+00,1825.0,,,2623.68,1603.33,-707.24,240.00,1,q1_q17_dr24_tce,5109.00,167.00,-140.00,4.564,0.065,-0.163,0.7150,0.1360,-0.0690,289.390780,40.654781,15.341
5443320,K05169.01,,CANDIDATE,CANDIDATE,0.9910,0,0,0,0,21.368434100,1.3350000e-04,-1.3350000e-04,143.7226600,5.320000e-03,-5.320000e-03,0.0630,0.4140,-0.0630,1.18000,0.17200,-0.17200,4.9280e+02,7.830e+01,-7.830e+01,1.72,1.900e-01,-2.100e-01,551.0,,,21.86,8.49,-6.95,9.70,1,q1_q17_dr25_tce,5204.00,153.00,-153.00,4.515,0.102,-0.077,0.7860,0.0880,-0.0970,290.205470,40.669930,15.470
5446961,K05170.01,,FALSE POSITIVE,FALSE POSITIVE,,1,0,0,0,149.526152000,2.2850000e-03,-2.2850000e-03,196.8608000,1.260000e-02,-1.260000e-02,0.4364,0.0323,-0.4363,3.03300,0.41000,-0.41000,7.5300e+02,1.330e+02,-1.330e+02,1.69,9.000e-02,-2.000e-01,202.0,,,0.39,0.11,-0.13,7.60,1,q1_q16_tce,3978.00,134.00,-157.00,4.642,0.067,-0.023,0.6280,0.0330,-0.0740,291.364110,40.626881,15.345
5467126,K05171.01,,FALSE POSITIVE,FALSE POSITIVE,0.0000,0,1,1,1,2.845736321,3.1940000e-06,-3.1940000e-06,134.2802630,9.540000e-04,-9.540000e-04,1.2940,0.1610,-0.1640,11.57030,0.05450,-0.05450,3.1270e+03,1.270e+01,-1.270e+01,402.16,1.116e+02,-1.488e+02,3058.0,,,20649.68,14655.17,-13067.58,297.80,1,q1_q17_dr25_tce,4878.00,57.00,-94.00,2.745,0.195,-0.105,10.1540,2.8180,-3.7570,296.678100,40.649029,12.367
6511182,K05288.01,,CANDIDATE,CANDIDATE,0.9940,0,0,0,0,29.563295200,2.1700000e-04,-2.1700000e-04,158.2250400,5.690000e-03,-5.690000e-03,0.1540,0.3060,-0.1540,1.56200,0.17900,-0.17900,5.3280e+02,6.370e+01,-6.370e+01,1.90,5.100e-01,-1.600e-01,527.0,,,18.23,14.73,-4.51,10.40,1,q1_q17_dr25_tce,5595.00,169.00,-152.00,4.562,0.042,-0.168,0.8280,0.2210,-0.0690,288.127350,41.952801,15.684
6517064,K05289.01,,CANDIDATE,CANDIDATE,,0,0,0,0,181.812140000,8.0560000e-03,-8.0560000e-03,144.6702000,2.980000e-02,-2.980000e-02,0.3694,0.0824,-0.3693,16.16400,0.94900,-0.94900,4.7460e+02,4.230e+01,-4.230e+01,2.04,8.300e-01,-1.800e-01,324.0,,,2.60,3.08,-0.69,21.30,1,q1_q16_tce,6060.00,154.00,-189.00,4.509,0.040,-0.297,0.9250,0.3750,-0.0810,290.158290,41.989780,14.940
6517200,K05290.01,,CANDIDATE,CANDIDATE,,0,0,0,0,435.506350000,3.8990000e-02,-3.8990000e-02,267.6857000,7.270000e-02,-7.270000e-02,0.1452,0.2898,-0.1451,34.16000,2.10000,-2.10000,5.5380e+02,6.590e+01,-6.590e+01,2.06,7.200e-01,-1.500e-01,225.0,,,0.61,0.63,-0.15,8.20,1,q1_q16_tce,5750.00,161.00,-164.00,4.538,0.027,-0.258,0.8820,0.3080,-0.0660,290.200680,41.946289,15.667
6517255,K05291.01,,CANDIDATE,CANDIDATE,,0,0,0,0,525.560452000,5.1550000e-03,-5.1550000e-03,440.3336900,6.720000e-03,-6.720000e-03,0.0878,0.3778,-0.0876,2.32700,0.44300,-0.44300,1.1960e+03,1.660e+02,-1.660e+02,12.74,6.860e+00,-3.590e+00,359.0,,,3.92,6.22,-2.10,10.90,1,q1_q16_tce,4954.00,110.00,-130.00,3.408,0.229,-0.324,3.7960,2.0460,-1.0700,290.216060,41.954571,13.795
6522124,K05292.01,,FALSE POSITIVE,FALSE POSITIVE,,1,0,0,0,43.600124670,,,163.4367382,,,,,,1.48000,,,,,,,,,,,,,,,,1,q1_q16_tce,,,,,,,,,,291.714840,41.932499,15.385
6525196,K05293.01,,FALSE POSITIVE,FALSE POSITIVE,0.0000,0,1,0,0,1.710299164,8.5000000e-08,-8.5000000e-08,131.6153344,4.090000e-05,-4.090000e-05,0.8780,0.0150,-0.0170,3.92227,0.00115,-0.00115,1.5727e+05,3.020e+01,-3.020e+01,57.97,7.600e+00,-6.860e+00,1638.0,,,1700.05,590.66,-450.76,2291.10,1,q1_q17_dr25_tce,6082.00,79.00,-85.00,4.385,0.110,-0.110,1.0060,0.1320,-0.1190,292.718020,41.922459,10.154
6525398,K05294.01,,FALSE POSITIVE,FALSE POSITIVE,,1,0,0,0,252.044440000,2.7490000e-02,-2.7490000e-02,265.2010000,4.940000e-02,-4.940000e-02,0.1903,0.2977,-0.1901,5.13000,1.30000,-1.30000,1.5020e+03,3.560e+02,-3.560e+02,2.49,2.100e-01,-2.300e-01,196.0,,,0.35,0.12,-0.09,6.10,1,q1_q16_tce,4514.00,148.00,-136.00,4.621,0.041,-0.035,0.6640,0.0570,-0.0590,292.790220,41.948639,15.884
6526377,K05295.01,,FALSE POSITIVE,FALSE POSITIVE,0.0000,1,0,1,0,1.395088730,,,132.0591070,,,,,,2.09000,,,,,,,,,,,,105390.13,69338.96,-96118.77,,1,q1_q17_dr25_tce,,,,,,,,,,293.079800,41.947720,11.809
1164301,K04921.01,,CANDIDATE,CANDIDATE,,0,0,0,0,95.688682000,3.5990000e-03,-3.5990000e-03,224.2893000,2.610000e-02,-2.610000e-02,0.5497,0.0141,-0.4925,6.46500,0.90300,-0.90300,4.5380e+02,6.160e+01,-6.160e+01,28.41,1.130e+00,-1.016e+01,1046.0,,,283.07,37.83,-182.87,9.80,1,q1_q16_tce,5040.00,60.00,-189.00,2.681,0.029,-0.029,13.0560,0.5200,-4.6710,291.691960,36.881409,13.933
1297263,K04922.01,,FALSE POSITIVE,FALSE POSITIVE,,1,0,0,0,153.521361000,4.3350000e-03,-4.3350000e-03,281.2973000,2.260000e-02,-2.260000e-02,0.1485,0.3172,-0.1484,3.89300,0.70500,-0.70500,2.5520e+02,5.190e+01,-5.190e+01,3.09,1.130e+00,-1.200e+00,493.0,,,13.99,15.60,-9.47,5.70,1,q1_q16_tce,6233.00,193.00,-225.00,3.951,0.339,-0.184,1.9210,0.7080,-0.7460,291.948520,36.952080,13.636
1429589,K04923.01,,CANDIDATE,CANDIDATE,,0,0,0,0,38.168652000,1.0680000e-03,-1.0680000e-03,144.4713000,2.570000e-02,-2.570000e-02,0.0283,0.4440,-0.0282,5.08600,0.95400,-0.95400,9.0600e+01,1.260e+01,-1.260e+01,1.40,6.700e-01,-3.900e-01,696.0,,,55.36,80.02,-29.95,8.30,1,q1_q17_dr24_tce,6164.00,165.00,-191.00,4.117,0.259,-0.239,1.4650,0.7080,-0.4080,290.756260,37.089809,13.195
1572948,K04924.01,,FALSE POSITIVE,FALSE POSITIVE,0.0000,0,0,1,0,3.003180100,1.7700000e-04,-1.7700000e-04,132.1161000,7.320000e-02,-7.320000e-02,0.9800,0.0350,-0.7640,2.81400,0.13600,-0.13600,3.7470e+02,2.770e+01,-2.770e+01,4.70,1.410e+00,-1.550e+00,1827.0,,,2630.88,2321.28,-1618.01,13.90,1,q1_q17_dr25_tce,6606.00,181.00,-250.00,4.071,0.258,-0.172,1.7680,0.5300,-0.5830,291.327480,37.126701,14.526
1725193,K04925.01,,FALSE POSITIVE,FALSE POSITIVE,0.0000,0,1,0,0,2.963841680,8.1900000e-07,-8.1900000e-07,134.1194730,2.220000e-04,-2.220000e-04,1.0590,0.4720,-0.0870,5.47680,0.01530,-0.01530,3.5653e+04,7.140e+01,-7.140e+01,43.70,1.397e+01,-6.000e+00,1406.0,,,925.63,872.33,-335.79,607.50,1,q1_q17_dr25_tce,6095.00,169.00,-232.00,4.371,0.087,-0.203,1.1580,0.3700,-0.1590,292.294310,37.261730,14.502
1865864,K04926.01,,CANDIDATE,CANDIDATE,0.5230,0,0,0,0,69.089357000,2.3710000e-03,-2.3710000e-03,135.4461000,2.800000e-02,-2.800000e-02,0.0510,0.4160,-0.0510,6.20700,0.93000,-0.93000,4.7510e+02,7.350e+01,-7.350e+01,1.47,1.300e-01,-1.400e-01,332.0,,,2.87,0.92,-0.80,8.60,1,q1_q17_dr25_tce,4848.00,131.00,-146.00,4.581,0.063,-0.036,0.6980,0.0620,-0.0680,290.873050,37.362179,15.572
1870398,K04927.01,,FALSE POSITIVE,FALSE POSITIVE,0.0000,0,1,0,0,43.142257000,2.9670000e-03,-2.9670000e-03,132.3007000,6.150000e-02,-6.150000e-02,1.1790,4.7500,-0.0450,61.73000,3.00000,-3.00000,2.8320e+02,1.140e+01,-1.140e+01,37.88,6.940e+00,-8.460e+00,706.0,,,58.68,27.45,-25.07,30.50,1,q1_q17_dr25_tce,6198.00,74.00,-80.00,4.069,0.174,-0.116,1.7690,0.3240,-0.3950,291.915560,37.322578,14.756
1873513,K04928.01,Kepler-1624 b,CONFIRMED,CANDIDATE,0.9980,0,0,0,0,3.290304098,4.4320000e-06,-4.4320000e-06,131.9094400,1.780000e-03,-1.780000e-03,0.0900,0.1830,-0.0900,1.72150,0.01260,-0.01260,1.3553e+04,6.480e+01,-6.480e+01,4.91,4.100e-01,-1.100e-01,540.0,,,20.06,6.53,-1.58,220.50,1,q1_q17_dr25_tce,3386.00,103.00,-33.00,4.810,0.010,-0.020,0.4270,0.0360,-0.0090,292.579860,37.376411,15.669
4164511,K05046.01,,CANDIDATE,CANDIDATE,,0,0,0,0,40.988212400,6.8040000e-04,-6.8040000e-04,152.2483000,1.130000e-02,-1.130000e-02,0.2697,0.1948,-0.2694,3.59900,0.38200,-0.38200,1.4580e+02,2.080e+01,-2.080e+01,1.44,5.700e-01,-1.900e-01,657.0,,,43.98,49.81,-15.16,11.30,1,q1_q16_tce,6705.00,159.00,-217.00,4.328,0.099,-0.255,1.1740,0.4620,-0.1590,293.247010,39.236691,13.006
4179201,K05047.01,,FALSE POSITIVE,FALSE POSITIVE,,1,0,0,0,326.705520000,1.3060000e-02,-1.3060000e-02,439.6480000,1.150000e-02,-1.150000e-02,0.0826,0.3801,-0.0826,3.36000,1.30000,-1.30000,7.9400e+02,1.290e+02,-1.290e+02,2.83,1.060e+00,-5.600e-01,287.0,,,1.61,1.83,-0.68,9.10,1,q1_q16_tce,6036.00,187.00,-169.00,4.337,0.191,-0.251,0.9980,0.3770,-0.1950,296.324370,39.292881,14.703
4241238,K05048.01,,CANDIDATE,CANDIDATE,,0,0,0,0,138.333748000,1.6900000e-03,-1.6900000e-03,209.3945200,7.920000e-03,-7.920000e-03,0.4579,0.0084,-0.4579,2.39100,0.27100,-0.27100,6.0360e+02,8.460e+01,-8.460e+01,6.28,4.320e+00,-1.180e+00,488.0,,,13.45,28.94,-5.29,8.40,1,q1_q16_tce,4948.00,126.00,-101.00,3.588,0.168,-0.371,2.5470,1.7530,-0.4800,284.638760,39.355179,13.419
4242806,K05049.01,,FALSE POSITIVE,FALSE POSITIVE,,1,0,1,0,343.498160000,2.2230000e-02,-2.2230000e-02,340.5486000,3.950000e-02,-3.950000e-02,0.3516,0.1313,-0.3514,7.46000,2.20000,-2.20000,4.3100e+02,9.980e+01,-9.980e+01,1.27,1.000e-01,-1.300e-01,164.0,,,0.17,0.05,-0.05,7.10,1,q1_q16_tce,4256.00,126.00,-135.00,4.635,0.058,-0.026,0.6240,0.0460,-0.0670,285.186430,39.357288,14.260
4245861,K05050.01,,FALSE POSITIVE,FALSE POSITIVE,0.0000,0,0,1,1,11.258231100,2.7560000e-04,-2.7560000e-04,140.7718000,2.450000e-02,-2.450000e-02,0.1150,0.3510,-0.1150,16.89000,0.55000,-0.55000,3.0040e+02,1.540e+01,-1.540e+01,1.24,1.500e-01,-1.400e-01,667.0,,,46.86,20.97,-14.82,22.20,1,q1_q17_dr25_tce,5242.00,183.00,-183.00,4.556,0.090,-0.060,0.7220,0.0890,-0.0810,286.372340,39.342300,15.902
4246343,K05051.01,,FALSE POSITIVE,FALSE POSITIVE,,1,0,0,0,139.542191470,,,186.9535324,,,,,,3.42000,,,,,,,,,,,,,,,,1,q1_q16_tce,,,,,,,,,,286.565700,39.389690,13.836
4253860,K05052.01,,FALSE POSITIVE,FALSE POSITIVE,0.0000,0,1,0,0,155.046089000,1.5090000e-03,-1.5090000e-03,166.6057500,9.150000e-03,-9.150000e-03,1.2710,6.7250,-0.2400,10.20500,0.34000,-0.34000,2.2380e+03,7.280e+01,-7.280e+01,444.08,9.348e+01,-1.602e+02,1101.0,,,347.12,310.88,-305.97,36.70,1,q1_q17_dr25_tce,6513.00,433.00,-1733.00,2.782,0.205,-0.205,12.6130,2.6550,-4.5510,289.233670,39.386520,12.649
4274816,K05053.01,,FALSE POSITIVE,FALSE POSITIVE,,1,0,0,0,14.364154200,2.6650000e-04,-2.6650000e-04,144.2631000,1.620000e-02,-1.620000e-02,0.2764,0.2020,-0.2764,2.62900,0.82200,-0.82200,8.9200e+01,2.560e+01,-2.560e+01,0.98,3.400e-01,-1.500e-01,795.0,,,94.33,95.26,-34.33,6.50,1,q1_q16_tce,5925.00,161.00,-166.00,4.364,0.130,-0.238,1.0330,0.3550,-0.1610,294.570650,39.331402,14.016
5470851,K05172.01,,FALSE POSITIVE,FALSE POSITIVE,0.0000,1,0,1,1,12.427618500,6.5880000e-04,-6.5880000e-04,141.3698000,4.450000e-02,-4.450000e-02,0.3030,0.1550,-0.3030,18.56000,1.10000,-1.10000,1.4700e+02,1.380e+01,-1.380e+01,1.14,3.600e-01,-1.100e-01,768.0,,,82.45,76.65,-26.29,12.60,1,q1_q17_dr25_tce,5869.00,182.00,-243.00,4.513,0.038,-0.212,0.9420,0.2890,-0.0960,297.511080,40.619080,15.790
5471108,K05173.01,,FALSE POSITIVE,FALSE POSITIVE,0.0000,1,0,0,1,12.427076000,2.8060000e-04,-2.8060000e-04,141.4085000,2.800000e-02,-2.800000e-02,0.0260,0.4330,-0.0260,17.44700,0.83400,-0.83400,4.7500e+01,2.100e+00,-2.100e+00,0.82,2.200e-01,-1.900e-01,870.0,,,135.77,112.42,-64.41,25.30,1,q1_q17_dr25_tce,5841.00,176.00,-193.00,4.278,0.204,-0.185,1.1930,0.3270,-0.2680,297.569310,40.619637,11.600
5524229,K05174.01,,CANDIDATE,CANDIDATE,,0,0,0,0,22.493275100,3.2970000e-04,-3.2970000e-04,132.2511000,1.320000e-02,-1.320000e-02,0.1313,0.3118,-0.1310,3.17200,0.44000,-0.44000,1.5200e+02,1.760e+01,-1.760e+01,6.04,2.640e+00,-2.380e+00,1183.0,,,463.56,571.74,-311.14,11.20,1,q1_q17_dr24_tce,5186.00,102.00,-144.00,3.273,0.269,-0.301,4.9800,2.1780,-1.9590,288.871980,40.767059,11.400
5525484,K05175.01,,FALSE POSITIVE,FALSE POSITIVE,,1,0,0,0,315.502534000,4.9080000e-03,-4.9080000e-03,389.6319000,1.070000e-02,-1.070000e-02,0.0200,0.4431,-0.0200,3.11200,0.45300,-0.45300,6.8920e+02,9.280e+01,-9.280e+01,19.71,9.000e-01,-5.150e+00,565.0,,,24.01,3.90,-12.47,9.50,1,q1_q16_tce,4970.00,77.00,-155.00,2.989,0.031,-0.028,7.7520,0.3530,-2.0260,289.295040,40.716740,12.974
5529385,K05176.01,,CANDIDATE,CANDIDATE,,0,0,0,0,215.732414000,5.7710000e-03,-5.7710000e-03,294.3630000,1.090000e-02,-1.090000e-02,0.4046,0.1079,-0.4046,1.91500,0.42500,-0.42500,2.0820e+02,4.830e+01,-4.830e+01,1.26,5.500e-01,-1.500e-01,292.0,,,1.72,2.27,-0.49,7.30,1,q1_q16_tce,5790.00,164.00,-135.00,4.479,0.083,-0.284,0.8560,0.3790,-0.0970,290.434910,40.777241,13.372
5547424,K05177.01,,FALSE POSITIVE,FALSE POSITIVE,,1,0,0,0,276.541679760,,,174.8709449,,,,,,7.76000,,,,,,,,,,,,,,,,1,q1_q16_tce,,,,,,,,,,295.627530,40.706249,15.999
5551240,K05178.01,Kepler-1626 b,CONFIRMED,CANDIDATE,1.0000,0,0,0,0,4.139605130,4.0820000e-05,-4.0820000e-05,134.0470500,6.840000e-03,-6.840000e-03,0.3440,0.0990,-0.3440,3.31000,0.18400,-0.18400,1.0670e+02,1.060e+01,-1.060e+01,1.24,4.000e-01,-1.300e-01,1352.0,,,789.48,728.35,-238.38,11.60,1,q1_q17_dr25_tce,6535.00,154.00,-212.00,4.373,0.065,-0.195,1.1810,0.3820,-0.1270,296.500430,40.721230,14.275
6527229,K05296.01,,FALSE POSITIVE,FALSE POSITIVE,0.0000,0,1,0,0,200.799760020,5.6890000e-05,-5.6890000e-05,263.8756350,2.200000e-04,-2.200000e-04,1.0160,0.0840,-0.0730,7.64190,0.01090,-0.01090,9.2642e+04,1.160e+02,-1.160e+02,48.77,1.427e+01,-4.740e+00,303.0,,,2.00,1.78,-0.58,930.80,1,q1_q17_dr25_tce,5896.00,184.00,-205.00,4.518,0.036,-0.204,0.9160,0.2680,-0.0890,293.334010,41.937321,15.814
6543192,K05297.01,,CANDIDATE,CANDIDATE,0.9620,0,0,0,0,8.090695200,1.3050000e-04,-1.3050000e-04,136.7844000,1.140000e-02,-1.140000e-02,0.1510,0.3130,-0.1510,2.64800,0.34800,-0.34800,8.2400e+01,1.210e+01,-1.210e+01,0.80,9.000e-02,-5.000e-02,811.0,,,102.43,29.58,-17.69,8.10,1,q1_q17_dr25_tce,5374.00,75.00,-85.00,4.495,0.049,-0.091,0.9020,0.0940,-0.0550,297.425780,41.932991,14.441
6543674,K05298.01,,FALSE POSITIVE,FALSE POSITIVE,0.0000,0,1,0,1,1.195515364,4.3000000e-08,-4.3000000e-08,132.3039982,2.970000e-05,-2.970000e-05,0.4750,0.0040,-0.0050,6.08509,0.00207,-0.00207,3.9640e+05,1.220e+02,-1.220e+02,156.91,3.701e+01,-8.636e+01,2640.0,,,11494.67,8643.57,-9478.44,4630.10,1,q1_q17_dr25_tce,6047.00,211.00,-211.00,3.789,0.584,-0.146,2.2640,0.5340,-1.2460,297.541560,41.950901,13.535
6548429,K05299.01,,FALSE POSITIVE,FALSE POSITIVE,,1,0,0,0,210.971635000,4.3420000e-03,-4.3420000e-03,243.5760000,1.680000e-02,-1.680000e-02,0.2091,0.3153,-0.2089,3.57800,0.88700,-0.88700,5.1900e+02,1.450e+02,-1.450e+02,2.04,7.000e-01,-1.600e-01,293.0,,,1.75,1.77,-0.43,6.50,1,q1_q16_tce,5838.00,166.00,-176.00,4.529,0.029,-0.254,0.8970,0.3080,-0.0690,298.539220,41.986961,15.106
6594945,K05300.01,,CANDIDATE,CANDIDATE,0.0000,0,0,0,0,188.954072000,8.0360000e-03,-8.0360000e-03,160.7576000,2.740000e-02,-2.740000e-02,0.0140,0.4500,-0.0140,14.17000,1.10000,-1.10000,1.6650e+02,1.660e+01,-1.660e+01,2.46,5.400e-01,-7.300e-01,468.0,,,11.36,7.12,-6.33,10.90,1,q1_q17_dr25_tce,6392.00,155.00,-175.00,3.967,0.266,-0.114,1.8990,0.4100,-0.5630,288.281220,42.072079,13.039
6599305,K05301.01,,FALSE POSITIVE,FALSE POSITIVE,,1,0,0,0,42.026460000,1.2830000e-02,-1.2830000e-02,172.2280000,1.540000e-01,-1.540000e-01,0.7156,2.0980,-0.4446,2.55300,0.58800,-0.58800,1.9000e+02,1.241e+04,-1.241e+04,1.50,6.500e-01,-1.500e-01,561.0,,,23.47,29.62,-6.85,6.00,1,q1_q16_tce,6158.00,157.00,-196.00,4.431,0.061,-0.291,1.0160,0.4370,-0.1040,289.724610,42.006050,14.519
6600515,K05302.01,,FALSE POSITIVE,FALSE POSITIVE,,1,0,0,0,372.046970000,2.0870000e-02,-2.0870000e-02,259.4285000,4.110000e-02,-4.110000e-02,0.0457,0.4065,-0.0456,14.29000,1.00000,-1.00000,6.7340e+02,6.460e+01,-6.460e+01,2.70,1.110e+00,-2.500e-01,271.0,,,1.28,1.51,-0.36,25.20,1,q1_q16_tce,6173.00,146.00,-201.00,4.447,0.046,-0.276,1.0410,0.4240,-0.0970,290.089870,42.076111,14.726
6608090,K05303.01,,FALSE POSITIVE,FALSE POSITIVE,,1,0,0,0,438.815240000,3.0310000e-02,-3.0310000e-02,307.9493000,2.670000e-02,-2.670000e-02,0.1080,0.3367,-0.1079,6.75000,1.00000,-1.00000,3.3280e+02,5.540e+01,-5.540e+01,1.36,3.400e-01,-1.300e-01,202.0,,,0.39,0.31,-0.10,9.20,1,q1_q16_tce,5324.00,173.00,-137.00,4.551,0.057,-0.153,0.7550,0.1890,-0.0710,292.411160,42.039478,13.589
2010607,K04929.01,,FALSE POSITIVE,FALSE POSITIVE,0.0000,1,0,0,0,18.622214000,1.0240000e-03,-1.0240000e-03,141.6268000,5.290000e-02,-5.290000e-02,0.7920,0.1100,-0.5790,4.42000,0.15500,-0.15500,5.8320e+03,3.020e+02,-3.020e+02,20.83,1.440e+00,-1.050e+00,1101.0,,,347.32,71.57,-46.85,20.10,1,q1_q17_dr25_tce,6235.00,84.00,-65.00,3.801,0.030,-0.020,2.4710,0.1710,-0.1240,290.505650,37.459011,11.347
2015013,K04930.01,,FALSE POSITIVE,FALSE POSITIVE,,0,0,1,0,27.892334500,2.7670000e-04,-2.7670000e-04,146.0213500,6.920000e-03,-6.920000e-03,0.0465,0.4118,-0.0465,2.20400,0.23700,-0.23700,1.3960e+02,1.830e+01,-1.830e+01,2.10,9.100e-01,-8.000e-01,807.0,,,100.41,130.11,-65.94,9.00,1,q1_q17_dr24_tce,5873.00,167.00,-170.00,3.960,0.354,-0.226,1.7800,0.7700,-0.6740,291.555480,37.445160,13.373
2019199,K04931.01,,CANDIDATE,CANDIDATE,,0,0,0,0,579.815210000,1.7320000e-02,-1.7320000e-02,343.5587000,2.840000e-02,-2.840000e-02,0.8425,0.0340,-0.5902,5.43000,3.30000,-3.30000,6.0700e+02,1.170e+02,-1.170e+02,2.71,1.060e+00,-2.900e-01,218.0,,,0.53,0.62,-0.15,7.90,1,q1_q16_tce,5822.00,160.00,-170.00,4.449,0.070,-0.270,0.9690,0.3770,-0.1060,292.486210,37.404339,14.473
2158460,K04932.01,,CANDIDATE,CANDIDATE,,0,0,0,0,19.127883740,,,134.8576413,,,,,,2.00000,,,,,,,,,,,,,,,,1,q1_q16_tce,,,,,,,,,,291.064180,37.535751,15.892
2163226,K04933.01,,FALSE POSITIVE,FALSE POSITIVE,,1,0,0,0,452.100930000,5.4070000e-02,-5.4070000e-02,460.4884000,5.070000e-02,-5.070000e-02,0.1063,0.3973,-0.1063,12.69000,4.20000,-4.20000,4.6400e+02,1.910e+02,-1.910e+02,2.08,8.000e-01,-2.300e-01,254.0,,,0.99,1.13,-0.31,6.20,1,q1_q16_tce,6276.00,181.00,-214.00,4.456,0.066,-0.281,0.9560,0.3700,-0.1030,292.102450,37.566910,15.107
2165352,K04934.01,,FALSE POSITIVE,FALSE POSITIVE,0.0000,1,0,1,0,0.790606900,6.0300000e-07,-6.0300000e-07,132.0770670,6.410000e-04,-6.410000e-04,1.1980,0.2410,-0.1270,3.39960,0.03890,-0.03890,6.8920e+02,6.100e+00,-6.100e+00,17.97,1.170e+00,-7.300e-01,1503.0,,,1201.17,245.68,-165.71,133.30,1,q1_q17_dr25_tce,4994.00,75.00,-82.00,4.620,0.015,-0.051,0.7200,0.0470,-0.0290,292.543150,37.555759,14.469
2305255,K04935.01,,FALSE POSITIVE,FALSE POSITIVE,0.0000,1,0,0,0,24.571486700,8.1550000e-04,-8.1550000e-04,156.0157000,2.350000e-02,-2.350000e-02,0.9780,1.2800,-0.0300,29.96000,1.70000,-1.70000,5.0640e+02,2.370e+01,-2.370e+01,3.04,9.300e-01,-3.700e-01,637.0,,,39.00,35.04,-12.73,31.10,1,q1_q17_dr25_tce,5977.00,161.00,-197.00,4.462,0.070,-0.196,0.9560,0.2930,-0.1170,291.964510,37.608780,14.924
2305543,K04936.01,,FALSE POSITIVE,FALSE POSITIVE,0.0000,0,1,0,0,0.681137796,1.2700000e-07,-1.2700000e-07,131.5769700,1.490000e-04,-1.490000e-04,0.9680,0.1950,-0.0940,2.72870,0.01080,-0.01080,1.0519e+05,2.290e+02,-2.290e+02,45.75,1.112e+01,-5.980e+00,2025.0,,,3995.23,3039.93,-1358.14,432.50,1,q1_q17_dr25_tce,5872.00,195.00,-195.00,4.474,0.094,-0.162,0.8640,0.2100,-0.1130,292.026860,37.600651,12.545
4276114,K05054.01,,FALSE POSITIVE,FALSE POSITIVE,0.0000,0,1,0,0,3.722404453,1.8340000e-06,-1.8340000e-06,133.5682400,4.060000e-04,-4.060000e-04,2.3750,6.2800,-0.3790,2.52140,0.02260,-0.02260,5.5368e+04,4.050e+02,-4.050e+02,144.20,3.447e+01,-1.480e+01,1082.0,,,323.40,235.63,-92.95,148.90,1,q1_q17_dr25_tce,5747.00,173.00,-173.00,4.542,0.063,-0.147,0.7990,0.1910,-0.0820,294.855130,39.305340,15.691
4281023,K05055.01,,FALSE POSITIVE,FALSE POSITIVE,,1,0,0,0,230.385488000,2.3300000e-03,-2.3300000e-03,268.6569700,6.960000e-03,-6.960000e-03,0.2423,0.2180,-0.2422,3.13400,0.29900,-0.29900,5.6810e+02,7.240e+01,-7.240e+01,10.13,6.040e+00,-3.130e+00,522.0,,,17.57,31.34,-10.02,9.30,1,q1_q16_tce,5024.00,114.00,-131.00,3.241,0.273,-0.343,4.3310,2.5780,-1.3380,295.876950,39.336391,13.264
4281700,K05056.01,,FALSE POSITIVE,FALSE POSITIVE,,1,0,0,0,222.849093120,,,340.6821732,,,,,,2.43000,,,,,,,,,,,,,,,,1,q1_q16_tce,,,,,,,,,,296.014280,39.356880,14.786
4346339,K05057.01,,CANDIDATE,CANDIDATE,,0,0,0,0,493.742420000,1.0350000e-02,-1.0350000e-02,149.1145000,1.220000e-02,-1.220000e-02,0.2377,0.2360,-0.2376,5.68500,0.58100,-0.58100,5.0610e+02,4.520e+01,-4.520e+01,7.15,4.370e+00,-1.550e+00,358.0,,,3.90,7.20,-1.72,12.40,1,q1_q16_tce,5015.00,116.00,-115.00,3.429,0.203,-0.344,3.2430,1.9840,-0.7050,285.343290,39.413849,12.518
4365461,K05058.01,,FALSE POSITIVE,FALSE POSITIVE,0.0000,0,1,0,0,1.714414962,3.9000000e-08,-3.9000000e-08,131.8661453,1.880000e-05,-1.880000e-05,1.1810,0.0000,-0.1110,5.17207,0.00177,-0.00177,1.1013e+05,1.030e+01,-1.030e+01,116.92,3.436e+01,-3.436e+01,2042.0,,,4099.19,3439.46,-2310.11,6485.80,1,q1_q17_dr25_tce,6351.00,151.00,-208.00,4.126,0.225,-0.184,1.6130,0.4740,-0.4740,291.690950,39.425442,13.309
4366923,K05059.01,,FALSE POSITIVE,FALSE POSITIVE,0.0000,0,1,0,0,646.287893320,9.4600000e-05,-9.4600000e-05,234.1507070,1.030000e-04,-1.030000e-04,0.0040,0.1370,-0.0030,5.39144,0.00830,-0.00830,5.8605e+04,6.400e+01,-6.400e+01,43.47,7.750e+00,-1.032e+01,304.0,,,2.03,0.91,-0.91,1107.10,1,q1_q17_dr25_tce,6582.00,71.00,-84.00,4.069,0.188,-0.116,1.7770,0.3170,-0.4220,292.115260,39.498550,13.030
4449752,K05060.01,,FALSE POSITIVE,FALSE POSITIVE,,1,0,0,0,290.438547000,9.3520000e-03,-9.3520000e-03,283.0998000,1.930000e-02,-1.930000e-02,0.0916,0.3601,-0.0916,12.85000,1.30000,-1.30000,2.1290e+02,2.130e+01,-2.130e+01,1.11,3.700e-01,-9.000e-02,235.0,,,0.72,0.73,-0.18,11.90,1,q1_q16_tce,5392.00,170.00,-138.00,4.557,0.044,-0.191,0.7750,0.2580,-0.0670,286.858610,39.592579,13.064
4455763,K05061.01,,FALSE POSITIVE,FALSE POSITIVE,0.0000,0,1,0,0,0.766298172,1.3200000e-07,-1.3200000e-07,131.6875690,1.500000e-04,-1.500000e-04,0.8130,0.0200,-0.0060,1.78462,0.00732,-0.00732,1.9401e+04,9.320e+01,-9.320e+01,15.64,4.880e+00,-2.090e+00,2163.0,,,5154.54,4761.46,-1800.15,368.90,1,q1_q17_dr25_tce,6267.00,176.00,-220.00,4.431,0.084,-0.196,0.9960,0.3110,-0.1330,289.076510,39.570438,15.581
5563057,K05179.01,,FALSE POSITIVE,FALSE POSITIVE,0.9350,0,1,0,0,1.049468616,9.0930000e-06,-9.0930000e-06,132.2687100,8.020000e-03,-8.020000e-03,0.7310,0.2180,-0.4800,4.84800,0.31000,-0.31000,2.2000e+01,1.300e+00,-1.300e+00,0.84,2.600e-01,-1.700e-01,2808.0,,,14709.49,13891.01,-6928.72,22.80,1,q1_q17_dr25_tce,7479.00,235.00,-314.00,4.162,0.128,-0.192,1.6670,0.5180,-0.3460,298.917570,40.716961,12.519
5565261,K05180.01,,FALSE POSITIVE,FALSE POSITIVE,0.0000,0,1,1,0,2.362348096,2.6140000e-06,-2.6140000e-06,131.7054790,8.960000e-04,-8.960000e-04,1.2190,1.4610,-0.1350,3.59790,0.04590,-0.04590,7.2470e+02,8.400e+00,-8.400e+00,89.55,3.225e+01,-3.943e+01,2104.0,,,4625.06,4905.48,-3328.28,103.60,1,q1_q17_dr25_tce,5088.00,139.00,-139.00,3.502,0.462,-0.249,3.2930,1.1860,-1.4500,299.332980,40.714352,13.990
5602409,K05181.01,,FALSE POSITIVE,FALSE POSITIVE,,1,0,0,0,136.830243000,2.7080000e-03,-2.7080000e-03,138.5183000,1.230000e-02,-1.230000e-02,0.3813,0.0793,-0.3812,2.95600,0.40400,-0.40400,4.6430e+02,6.560e+01,-6.560e+01,17.22,8.300e-01,-4.950e+00,764.0,,,80.57,13.08,-45.57,8.40,1,q1_q16_tce,5096.00,72.00,-195.00,3.007,0.030,-0.032,8.0380,0.3880,-2.3100,285.639280,40.847630,13.762
5603270,K05182.01,,FALSE POSITIVE,FALSE POSITIVE,,1,0,0,0,103.284757000,1.1790000e-03,-1.1790000e-03,147.7902200,9.880000e-03,-9.880000e-03,0.6314,0.0935,-0.4644,1.67400,0.31500,-0.31500,7.8400e+01,2.600e+01,-2.600e+01,1.96,5.800e-01,-8.400e-01,583.0,,,27.31,24.08,-19.40,5.50,1,q1_q16_tce,6185.00,170.00,-186.00,3.878,0.381,-0.152,2.1010,0.6290,-0.8990,286.042630,40.860291,12.970
5612111,K05183.01,,FALSE POSITIVE,FALSE POSITIVE,,1,0,0,0,36.190463800,4.1080000e-04,-4.1080000e-04,146.5595600,9.950000e-03,-9.950000e-03,0.2147,0.2780,-0.2145,1.91900,0.25600,-0.25600,2.6330e+02,6.740e+01,-6.740e+01,1.69,7.800e-01,-1.500e-01,592.0,,,29.08,39.93,-7.95,6.80,1,q1_q16_tce,6210.00,163.00,-203.00,4.450,0.044,-0.301,1.0330,0.4780,-0.0920,289.393590,40.896339,14.969
5616628,K05184.01,,FALSE POSITIVE,FALSE POSITIVE,,1,0,0,0,419.752240000,1.3390000e-02,-1.3390000e-02,525.0002000,1.500000e-02,-1.500000e-02,0.3316,0.1294,-0.3315,4.15400,0.67100,-0.67100,7.5400e+02,1.370e+02,-1.370e+02,2.82,1.240e+00,-2.700e-01,257.0,,,1.03,1.34,-0.30,6.30,1,q1_q16_tce,6137.00,158.00,-216.00,4.457,0.048,-0.300,1.0160,0.4460,-0.0970,290.766140,40.881691,15.691
5623137,K05185.01,,FALSE POSITIVE,FALSE POSITIVE,,1,0,0,0,419.959290000,6.1370000e-02,-6.1370000e-02,354.2265000,6.120000e-02,-6.120000e-02,0.4834,0.0454,-0.4329,13.86000,1.80000,-1.80000,1.9620e+02,4.030e+01,-4.030e+01,1.53,5.100e-01,-2.800e-01,266.0,,,1.18,1.17,-0.48,5.90,1,q1_q16_tce,5953.00,171.00,-163.00,4.314,0.175,-0.223,1.0680,0.3570,-0.1990,292.768890,40.816181,14.440
6611779,K05304.01,,FALSE POSITIVE,FALSE POSITIVE,,1,0,0,0,206.309658000,4.3170000e-03,-4.3170000e-03,231.8180000,1.270000e-02,-1.270000e-02,0.8152,0.0331,-0.5735,1.49800,0.47100,-0.47100,2.7710e+02,7.520e+01,-7.520e+01,2.36,1.120e+00,-4.700e-01,361.0,,,4.01,5.59,-1.73,8.30,1,q1_q16_tce,6028.00,150.00,-175.00,4.241,0.180,-0.253,1.2670,0.6000,-0.2540,293.470520,42.096500,12.351
6612411,K05305.01,,FALSE POSITIVE,FALSE POSITIVE,0.0000,1,0,0,0,8.461847280,6.2750000e-05,-6.2750000e-05,134.1332300,6.310000e-03,-6.310000e-03,0.9650,0.0010,-0.0020,35.52500,0.63500,-0.63500,4.1120e+02,4.200e+00,-4.200e+00,4.92,1.340e+00,-1.100e+00,1511.0,,,1233.13,1025.51,-605.25,142.40,1,q1_q17_dr25_tce,7663.00,237.00,-316.00,4.087,0.160,-0.160,1.9130,0.5230,-0.4280,293.644680,42.033489,12.509
6612973,K05306.01,,FALSE POSITIVE,FALSE POSITIVE,,1,0,0,0,681.017560000,1.9340000e-02,-1.9340000e-02,136.3997000,2.410000e-02,-2.410000e-02,0.3620,0.1142,-0.3620,8.74000,1.10000,-1.10000,1.3390e+02,1.730e+01,-1.730e+01,1.69,6.900e-01,-4.800e-01,274.0,,,1.33,1.65,-0.74,9.20,1,q1_q16_tce,6295.00,200.00,-219.00,4.091,0.282,-0.225,1.4350,0.5860,-0.4060,293.804810,42.026001,12.119
6615600,K05307.01,,FALSE POSITIVE,FALSE POSITIVE,0.0000,0,0,1,0,2.195096340,1.4240000e-05,-1.4240000e-05,132.7489100,6.150000e-03,-6.150000e-03,0.1730,0.2910,-0.1730,1.79600,0.13400,-0.13400,2.2770e+02,1.900e+01,-1.900e+01,1.32,3.500e-01,-1.100e-01,1324.0,,,725.21,567.47,-202.18,14.30,1,q1_q17_dr25_tce,5799.00,163.00,-204.00,4.539,0.044,-0.176,0.8780,0.2310,-0.0770,294.511570,42.090149,15.933
6634112,K05308.01,,CANDIDATE,CANDIDATE,0.0000,0,0,0,0,9.942228056,6.8700000e-07,-6.8700000e-07,133.8474942,5.700000e-05,-5.700000e-05,0.9300,0.2970,-0.0220,2.45451,0.00377,-0.00377,3.1068e+04,2.340e+01,-2.340e+01,22.15,3.600e+00,-2.940e+00,740.0,,,70.93,36.96,-23.71,1073.30,1,q1_q17_dr25_tce,5268.00,158.00,-158.00,4.475,0.108,-0.156,0.8430,0.1370,-0.1120,298.642520,42.092831,14.099
6635813,K05309.01,,FALSE POSITIVE,FALSE POSITIVE,,1,0,0,0,141.005827910,,,135.4379543,,,,,,3.00000,,,,,,,,,,,,,,,,1,q1_q16_tce,,,,,,,,,,298.982390,42.082619,14.941
6675757,K05310.01,,CANDIDATE,CANDIDATE,0.9820,0,0,0,0,22.290356200,2.3660000e-04,-2.3660000e-04,152.3792900,8.180000e-03,-8.180000e-03,0.0280,0.4230,-0.0280,1.62300,0.28700,-0.28700,1.3040e+02,1.980e+01,-1.980e+01,1.13,1.600e-01,-1.000e-01,632.0,,,37.67,14.05,-7.79,8.10,1,q1_q17_dr25_tce,5597.00,75.00,-84.00,4.418,0.085,-0.114,1.0000,0.1410,-0.0820,286.529420,42.167511,13.993
6677415,K05311.01,,FALSE POSITIVE,FALSE POSITIVE,,1,0,0,0,73.923995500,9.4360000e-04,-9.4360000e-04,168.2132000,1.240000e-02,-1.240000e-02,0.2907,0.1975,-0.2906,1.69900,0.39100,-0.39100,6.3400e+02,1.540e+02,-1.540e+02,1.64,2.400e-01,-1.100e-01,325.0,,,2.64,1.28,-0.59,6.10,1,q1_q16_tce,5040.00,149.00,-139.00,4.652,0.030,-0.083,0.6580,0.0980,-0.0450,287.211240,42.107719,15.959
2309910,K04937.01,,FALSE POSITIVE,FALSE POSITIVE,0.0000,1,0,1,0,1.843736200,1.3190000e-05,-1.3190000e-05,132.2304200,7.150000e-03,-7.150000e-03,1.1890,0.1990,-0.0530,21.04000,1.10000,-1.10000,3.4110e+02,7.800e+00,-7.800e+00,25.26,7.900e+00,-4.240e+00,1628.0,,,1655.74,1572.68,-675.69,83.40,1,q1_q17_dr25_tce,6032.00,190.00,-232.00,4.358,0.112,-0.192,1.1140,0.3480,-0.1870,292.971590,37.657330,14.615
2310993,K04938.01,,CANDIDATE,CANDIDATE,0.9970,0,0,0,0,55.180772000,1.6620000e-03,-1.6620000e-03,147.7141000,2.560000e-02,-2.560000e-02,0.3060,0.1430,-0.3060,9.79100,0.55500,-0.55500,4.7460e+02,4.340e+01,-4.340e+01,2.37,7.400e-01,-2.900e-01,531.0,,,18.79,17.24,-6.63,11.50,1,q1_q17_dr25_tce,6306.00,174.00,-261.00,4.426,0.065,-0.208,1.0760,0.3350,-0.1340,293.220180,37.610699,15.551
2437209,K04939.01,,FALSE POSITIVE,FALSE POSITIVE,0.0000,0,1,0,0,281.369260000,3.9410000e-03,-3.9410000e-03,215.4165300,7.660000e-03,-7.660000e-03,0.0380,0.1040,-0.0380,66.89200,0.32000,-0.32000,1.2435e+04,1.000e+02,-1.000e+02,56.94,1.075e+01,-1.313e+01,507.0,,,15.57,8.04,-7.00,135.60,1,q1_q17_dr25_tce,4818.00,86.00,-86.00,3.125,0.171,-0.124,5.3030,1.0010,-1.2230,290.209930,37.725979,16.353
2437653,K04940.01,,CANDIDATE,CANDIDATE,,0,0,0,0,84.640585300,9.6780000e-04,-9.6780000e-04,183.1724300,9.710000e-03,-9.710000e-03,0.2541,0.2141,-0.2540,2.65700,0.30600,-0.30600,7.8400e+02,1.170e+02,-1.170e+02,1.72,1.400e-01,-1.800e-01,271.0,,,1.27,0.41,-0.36,8.20,1,q1_q16_tce,4386.00,130.00,-129.00,4.629,0.057,-0.027,0.6300,0.0520,-0.0640,290.241030,37.785221,15.160
2438406,K04941.01,,FALSE POSITIVE,FALSE POSITIVE,0.0000,1,0,0,0,262.711620000,2.1640000e-02,-2.1640000e-02,134.3692000,9.030000e-02,-9.030000e-02,0.0190,0.4370,-0.0190,7.72000,1.40000,-1.40000,1.4490e+03,2.640e+02,-2.640e+02,3.69,1.050e+00,-6.100e-01,272.0,,,1.29,1.14,-0.50,7.00,1,q1_q17_dr25_tce,5398.00,187.00,-168.00,4.375,0.171,-0.209,0.9900,0.2810,-0.1640,290.315120,37.742451,16.546
2452289,K04942.01,,FALSE POSITIVE,FALSE POSITIVE,,0,0,1,0,6.035364300,1.3550000e-04,-1.3550000e-04,133.1818000,2.100000e-02,-2.100000e-02,0.7070,0.0020,-0.5592,9.21100,0.36500,-0.36500,4.7200e+01,2.500e+00,-2.500e+00,1.88,6.500e-01,-5.300e-01,1852.0,,,2779.94,2964.18,-1566.79,23.40,1,q1_q17_dr24_tce,7377.00,231.00,-310.00,3.876,0.217,-0.206,2.5520,0.8970,-0.7150,293.413910,37.799492,12.291
2555080,K04943.01,,CANDIDATE,CANDIDATE,,0,0,0,0,15.202442600,7.5210000e-04,-7.5210000e-04,136.9199000,3.210000e-02,-3.210000e-02,0.3240,0.1592,-0.3239,8.11000,2.70000,-2.70000,8.3400e+02,1.210e+02,-1.210e+02,113.97,3.223e+01,-2.592e+01,2955.0,,,18026.22,14441.06,-8236.33,4.00,1,q1_q16_tce,3984.00,91.00,-93.00,1.461,0.029,-0.031,41.3670,11.6980,-9.4070,286.094700,37.846722,13.297
2569488,K04944.01,,FALSE POSITIVE,FALSE POSITIVE,0.0000,0,0,1,1,1.523278070,2.7510000e-06,-2.7510000e-06,132.3306000,1.470000e-03,-1.470000e-03,0.0260,0.8840,-0.0260,3.81300,0.47600,-0.47600,9.2420e+02,1.910e+01,-1.910e+01,22.88,6.360e+00,-2.270e+00,3461.0,,,33813.44,24776.63,-7510.95,78.50,1,q1_q17_dr25_tce,4477.00,67.00,-47.00,2.633,0.100,-0.100,7.9120,2.1980,-0.7850,290.178070,37.852039,14.161
4459503,K05062.01,,FALSE POSITIVE,FALSE POSITIVE,,1,0,0,0,260.311199040,,,314.5841346,,,,,,3.23000,,,,,,,,,,,,,,,,1,q1_q16_tce,,,,,,,,,,290.141110,39.532299,14.340
4464689,K05063.01,,FALSE POSITIVE,FALSE POSITIVE,,1,0,0,0,574.370640000,2.4630000e-02,-2.4630000e-02,391.2165000,4.310000e-02,-4.310000e-02,0.7455,0.2100,-0.5152,11.89000,1.40000,-1.40000,2.2760e+02,2.290e+01,-2.290e+01,3.11,1.000e+00,-1.220e+00,350.0,,,3.53,3.48,-2.41,12.00,1,q1_q16_tce,6749.00,214.00,-254.00,3.905,0.375,-0.184,1.9050,0.6170,-0.7490,291.686430,39.510571,12.928
4469825,K05064.01,,FALSE POSITIVE,FALSE POSITIVE,,1,0,0,0,253.877060000,1.6210000e-02,-1.6210000e-02,197.0254000,5.900000e-02,-5.900000e-02,0.3892,0.0672,-0.3892,11.18000,1.60000,-1.60000,2.6560e+02,3.130e+01,-3.130e+01,1.81,7.800e-01,-1.800e-01,334.0,,,2.95,3.71,-0.83,5.70,1,q1_q16_tce,6553.00,155.00,-196.00,4.410,0.056,-0.282,1.0860,0.4710,-0.1080,293.119600,39.562302,12.724
4470888,K05065.01,,FALSE POSITIVE,FALSE POSITIVE,,1,0,0,0,523.369210000,1.3430000e-03,-1.3430000e-03,185.1740000,2.490000e-03,-2.490000e-03,1.0046,0.3263,-0.0171,1.00700,0.39100,-0.39100,9.9180e+03,1.844e+03,-1.844e+03,17.45,6.710e+00,-1.510e+00,240.0,,,0.78,0.91,-0.21,8.40,1,q1_q16_tce,6397.00,191.00,-224.00,4.508,0.043,-0.287,0.9130,0.3510,-0.0790,293.402590,39.567131,15.577
4471313,K05066.01,,CANDIDATE,CANDIDATE,,0,0,0,0,110.089267000,2.3620000e-03,-2.3620000e-03,174.2529000,1.790000e-02,-1.790000e-02,0.2852,0.1965,-0.2849,1.57500,0.47800,-0.47800,1.0180e+03,2.450e+02,-2.450e+02,2.40,8.300e-01,-1.800e-01,322.0,,,2.54,2.84,-0.63,5.60,1,q1_q16_tce,5465.00,214.00,-172.00,4.600,0.031,-0.200,0.7500,0.2610,-0.0560,293.511750,39.528271,15.792
4478142,K05067.01,,CANDIDATE,CANDIDATE,0.8980,0,0,0,0,219.931324000,6.7000000e-03,-6.7000000e-03,329.3836000,2.260000e-02,-2.260000e-02,0.3070,0.1570,-0.3070,4.81800,0.87300,-0.87300,6.4100e+02,1.180e+02,-1.180e+02,2.30,2.900e-01,-1.400e-01,279.0,,,1.43,0.49,-0.23,7.10,1,q1_q17_dr25_tce,5557.00,75.00,-83.00,4.500,0.038,-0.113,0.9120,0.1160,-0.0530,295.186800,39.575691,14.254
4484179,K05068.01,,CANDIDATE,CANDIDATE,,0,0,0,0,385.292120000,1.4840000e-02,-1.4840000e-02,440.5319000,2.370000e-02,-2.370000e-02,0.0118,0.4231,-0.0116,19.41700,0.61100,-0.61100,2.1850e+02,1.750e+01,-1.750e+01,1.57,5.200e-01,-2.300e-01,290.0,,,1.68,1.62,-0.60,15.10,1,q1_q16_tce,6440.00,171.00,-194.00,4.355,0.126,-0.236,1.0530,0.3470,-0.1560,296.422700,39.579391,13.086
5623839,K05186.01,,FALSE POSITIVE,FALSE POSITIVE,,1,0,0,0,80.292171000,4.0970000e-03,-4.0970000e-03,145.8825000,2.560000e-02,-2.560000e-02,0.0606,0.4567,-0.0605,1.93600,0.52100,-0.52100,1.5860e+02,4.710e+01,-4.710e+01,1.33,6.400e-01,-1.400e-01,459.0,,,10.49,15.01,-2.99,6.00,1,q1_q16_tce,6188.00,151.00,-192.00,4.420,0.060,-0.307,1.0490,0.5100,-0.1040,292.984470,40.813019,13.462
5650420,K05187.01,,FALSE POSITIVE,FALSE POSITIVE,0.0000,0,1,1,0,1.049406508,2.2860000e-06,-2.2860000e-06,131.8032800,1.930000e-03,-1.930000e-03,0.1120,0.2670,-0.1120,3.00720,0.06550,-0.06550,4.4750e+02,8.700e+00,-8.700e+00,27.45,9.500e-01,-5.410e+00,4913.0,,,137177.82,14963.98,-53811.77,61.30,1,q1_q17_dr25_tce,4745.00,42.00,-70.00,2.425,0.035,-0.031,13.4170,0.4660,-2.6420,299.190920,40.822639,12.387
5650930,K05188.01,,CANDIDATE,CANDIDATE,,0,0,0,0,455.195496000,6.7710000e-03,-6.7710000e-03,312.3310000,1.010000e-02,-1.010000e-02,0.0540,0.3858,-0.0539,3.56500,0.27300,-0.27300,2.9360e+02,3.890e+01,-3.890e+01,2.09,9.600e-01,-3.300e-01,290.0,,,1.67,2.26,-0.62,8.00,1,q1_q16_tce,6478.00,158.00,-199.00,4.290,0.128,-0.267,1.2090,0.5570,-0.1890,299.283360,40.834389,12.376
5653152,K05189.01,,FALSE POSITIVE,FALSE POSITIVE,0.0000,0,1,1,0,3.589570450,1.1190000e-05,-1.1190000e-05,132.9942600,2.580000e-03,-2.580000e-03,0.0020,1.2920,-0.0010,3.41800,0.60200,-0.60200,1.2212e+03,6.480e+01,-6.480e+01,2.49,1.100e-01,-2.100e-01,862.0,,,131.02,28.92,-33.49,53.60,1,q1_q17_dr25_tce,4608.00,138.00,-138.00,4.559,0.060,-0.024,0.7460,0.0310,-0.0620,299.708370,40.864239,15.705
5653163,K05190.01,,FALSE POSITIVE,FALSE POSITIVE,0.0000,0,1,0,1,2.404353250,4.7580000e-05,-4.7580000e-05,133.2257000,2.210000e-02,-2.210000e-02,1.2020,2.0520,-0.1690,6.82500,0.40300,-0.40300,3.4960e+02,1.830e+01,-1.830e+01,24.16,0.000e+00,0.000e+00,1359.0,,,806.18,0.00,0.00,23.30,1,q1_q17_dr25_tce,5780.00,,,4.438,,,1.0000,,,299.710240,40.878040,10.630
5685113,K05191.01,,FALSE POSITIVE,FALSE POSITIVE,,1,0,0,0,37.078668000,1.3400000e-03,-1.3400000e-03,142.0615000,2.350000e-02,-2.350000e-02,0.5101,0.0332,-0.4591,4.40300,0.95800,-0.95800,1.4740e+02,2.930e+01,-2.930e+01,0.80,1.000e-01,-6.000e-02,419.0,,,7.27,3.08,-1.71,6.90,1,q1_q16_tce,5120.00,153.00,-138.00,4.628,0.048,-0.059,0.6500,0.0810,-0.0500,283.924650,40.968391,14.617
5697395,K05192.01,,CANDIDATE,CANDIDATE,,0,0,0,0,50.553980000,1.3890000e-03,-1.3890000e-03,160.0628000,1.980000e-02,-1.980000e-02,0.1379,0.3193,-0.1379,6.15900,0.73500,-0.73500,1.9970e+02,2.660e+01,-2.660e+01,0.94,1.300e-01,-8.000e-02,367.0,,,4.29,1.90,-1.05,7.90,1,q1_q16_tce,4895.00,149.00,-129.00,4.609,0.042,-0.058,0.6870,0.0900,-0.0570,289.227290,40.949490,14.867
5698524,K05193.01,,FALSE POSITIVE,FALSE POSITIVE,,1,0,0,0,228.196872000,4.9170000e-03,-4.9170000e-03,323.9146000,1.650000e-02,-1.650000e-02,0.5034,0.0526,-0.4179,3.52500,0.41100,-0.41100,1.4530e+02,2.330e+01,-2.330e+01,1.42,6.000e-01,-2.000e-01,353.0,,,3.66,4.56,-1.27,6.90,1,q1_q16_tce,6425.00,160.00,-203.00,4.331,0.111,-0.264,1.1380,0.4850,-0.1580,289.596160,40.927830,13.061
6784887,K05328.01,,FALSE POSITIVE,FALSE POSITIVE,0.0000,0,1,0,0,44.714450094,2.6170000e-06,-2.6170000e-06,135.3418468,4.910000e-05,-4.910000e-05,1.0320,0.0260,-0.0330,5.76150,0.00235,-0.00235,9.0230e+04,2.710e+01,-2.710e+01,50.54,1.638e+01,-5.480e+00,533.0,,,19.09,18.63,-6.01,2629.00,1,q1_q17_dr25_tce,6185.00,188.00,-225.00,4.490,0.054,-0.216,0.9410,0.3050,-0.1020,293.991090,42.260860,14.965
6805414,K05329.01,,CANDIDATE,CANDIDATE,0.9990,0,0,0,0,200.235049700,5.8950000e-04,-5.8950000e-04,305.4498500,2.070000e-03,-2.070000e-03,0.6740,0.0170,-0.0200,23.61200,0.16700,-0.16700,1.0812e+04,5.900e+01,-5.900e+01,10.99,3.400e+00,-1.210e+00,325.0,,,2.63,2.46,-0.85,220.60,1,q1_q17_dr25_tce,6108.00,189.00,-232.00,4.471,0.054,-0.216,0.9970,0.3080,-0.1100,298.644930,42.285831,15.392
6864891,K05330.01,,FALSE POSITIVE,FALSE POSITIVE,0.0000,0,1,0,1,40.880153900,9.9180000e-04,-9.9180000e-04,163.3624000,1.910000e-02,-1.910000e-02,0.0160,0.4420,-0.0160,5.47200,0.49400,-0.49400,3.9580e+02,4.600e+01,-4.600e+01,0.92,6.000e-02,-7.000e-02,265.0,,,1.17,0.23,-0.23,10.00,1,q1_q17_dr25_tce,3746.00,59.00,-59.00,4.775,0.042,-0.025,0.4690,0.0280,-0.0350,292.360170,42.381840,15.943
6869373,K05331.01,,CANDIDATE,CANDIDATE,0.8840,0,0,0,0,31.503458700,5.1750000e-04,-5.1750000e-04,159.9712000,1.210000e-02,-1.210000e-02,0.0530,0.4190,-0.0530,3.31500,0.47500,-0.47500,2.1060e+02,2.960e+01,-2.960e+01,1.17,1.100e-01,-5.000e-02,484.0,,,13.02,3.68,-1.79,8.60,1,q1_q17_dr25_tce,5269.00,84.00,-84.00,4.567,0.017,-0.088,0.8230,0.0800,-0.0340,293.667720,42.320541,15.164
6875342,K05332.01,,CANDIDATE,CANDIDATE,0.8940,0,0,0,0,22.238106200,7.4920000e-04,-7.4920000e-04,148.3792000,3.000000e-02,-3.000000e-02,0.2880,0.1760,-0.2880,2.68000,1.10000,-1.10000,1.0420e+02,1.660e+01,-1.660e+01,1.09,3.700e-01,-1.300e-01,702.0,,,57.27,58.67,-18.95,7.10,1,q1_q17_dr25_tce,6192.00,172.00,-237.00,4.433,0.058,-0.232,1.0550,0.3660,-0.1220,295.238250,42.322361,14.296
6879183,K05333.01,,CANDIDATE,CANDIDATE,0.9800,0,0,0,0,20.547776900,3.4150000e-04,-3.4150000e-04,149.1769000,1.420000e-02,-1.420000e-02,0.0280,0.4290,-0.0280,4.63400,0.33500,-0.33500,2.5380e+02,2.470e+01,-2.470e+01,1.67,5.400e-01,-2.100e-01,690.0,,,53.65,51.83,-18.64,12.10,1,q1_q17_dr25_tce,5922.00,182.00,-223.00,4.429,0.070,-0.210,1.0570,0.3380,-0.1350,296.106480,42.354279,15.529
7891264,K07855.01,,FALSE POSITIVE,FALSE POSITIVE,0.0060,1,0,0,0,25.166806000,5.0970000e-03,-5.0970000e-03,150.2710000,1.570000e-02,-1.570000e-02,0.6500,0.3530,-0.4240,2.11100,0.39500,-0.39500,1.3500e+03,2.570e+02,-2.570e+02,2.72,2.800e-01,-2.800e-01,483.0,,,12.84,5.07,-3.87,7.20,1,q1_q17_dr25_tce,5013.00,176.00,-176.00,4.574,0.078,-0.054,0.7040,0.0720,-0.0720,291.875000,43.626709,15.743
6880123,K05334.01,,FALSE POSITIVE,FALSE POSITIVE,,1,0,0,0,323.972022000,2.4530000e-03,-2.4530000e-03,260.2428800,4.880000e-03,-4.880000e-03,0.6528,0.1687,-0.3487,1.25000,1.30000,-1.30000,4.6200e+02,1.000e+02,-1.000e+02,2.96,1.700e+00,-5.800e-01,307.0,,,2.11,3.67,-0.91,8.70,1,q1_q16_tce,6002.00,158.00,-190.00,4.267,0.150,-0.305,1.3020,0.7440,-0.2550,296.308590,42.390179,13.683
6891512,K05335.01,,FALSE POSITIVE,FALSE POSITIVE,0.0000,0,1,0,0,1.752562808,5.2000000e-08,-5.2000000e-08,132.7222455,2.440000e-05,-2.440000e-05,0.5450,0.0020,-0.0030,6.12450,0.00156,-0.00156,3.6800e+05,7.770e+01,-7.770e+01,124.23,2.755e+01,-5.516e+01,2018.0,,,3915.22,2508.22,-2830.42,5494.60,1,q1_q17_dr25_tce,5853.00,140.00,-158.00,3.971,0.420,-0.140,1.7950,0.3980,-0.7970,298.798890,42.390888,11.388
2569516,K04945.01,,FALSE POSITIVE,FALSE POSITIVE,0.0000,1,0,1,0,45.582711900,5.3860000e-04,-5.3860000e-04,138.6761000,1.010000e-02,-1.010000e-02,0.2530,0.2040,-0.2530,3.19300,0.28100,-0.28100,7.6500e+01,9.500e+00,-9.500e+00,2.42,4.500e-01,-1.040e+00,957.0,,,198.31,116.30,-144.90,9.60,1,q1_q17_dr25_tce,7266.00,230.00,-345.00,3.828,0.353,-0.118,2.7150,0.4980,-1.1620,290.182400,37.818760,12.661
2570432,K04946.01,,FALSE POSITIVE,FALSE POSITIVE,0.0610,0,0,1,0,1.891401380,9.7280000e-05,-9.7280000e-05,132.6124000,5.850000e-02,-5.850000e-02,1.2220,2.4890,-0.1900,9.52000,1.00000,-1.00000,5.5760e+02,5.270e+01,-5.270e+01,25.67,6.930e+00,-2.780e+00,1377.0,,,849.60,708.85,-258.05,12.40,1,q1_q17_dr25_tce,5504.00,180.00,-180.00,4.466,0.062,-0.175,0.9520,0.2570,-0.1030,290.280790,37.882172,17.159
2574543,K04947.01,,FALSE POSITIVE,FALSE POSITIVE,0.0000,0,1,1,1,6.702580070,4.2600000e-05,-4.2600000e-05,134.3740800,4.480000e-03,-4.480000e-03,1.2370,7.2270,-0.7110,4.63200,0.23900,-0.23900,8.5900e+02,4.370e+01,-4.370e+01,403.01,1.021e+02,-1.021e+02,2635.0,,,11398.60,7970.68,-5764.82,23.00,1,q1_q17_dr25_tce,4799.00,95.00,-142.00,2.475,0.033,-0.024,13.6520,3.4600,-3.4600,291.187620,37.853500,13.250
2578811,K04948.01,,FALSE POSITIVE,FALSE POSITIVE,0.0000,0,0,1,0,6.209539100,1.1240000e-04,-1.1240000e-04,135.2715000,1.270000e-02,-1.270000e-02,0.3080,0.1460,-0.3080,2.75200,0.44700,-0.44700,4.7900e+01,6.600e+00,-6.600e+00,30.47,8.640e+00,-9.600e-01,4585.0,,,104479.02,80425.35,-10475.61,8.30,1,q1_q17_dr25_tce,3861.00,70.00,-40.00,1.060,0.030,-0.030,46.1690,13.0830,-1.4540,292.083440,37.814678,11.989
7897936,K07856.01,,FALSE POSITIVE,FALSE POSITIVE,0.0000,1,0,0,0,363.170770000,2.7100000e-02,-2.7100000e-02,401.1646000,3.780000e-02,-3.780000e-02,0.0080,0.4450,-0.0080,28.26000,1.50000,-1.50000,3.8460e+02,2.730e+01,-2.730e+01,9.82,8.200e-01,-4.660e+00,810.0,,,101.64,31.76,-77.65,20.90,1,q1_q17_dr25_tce,10134.00,286.00,-393.00,3.579,0.459,-0.051,4.8420,0.4050,-2.2960,294.194670,43.677078,13.603
2582800,K04949.01,,FALSE POSITIVE,FALSE POSITIVE,,1,0,0,0,615.160330000,1.7680000e-02,-1.7680000e-02,226.4594000,1.810000e-02,-1.810000e-02,0.1544,0.3692,-0.1541,3.95800,0.93700,-0.93700,2.6710e+02,6.370e+01,-6.370e+01,4.48,1.420e+00,-1.280e+00,430.0,,,8.08,7.52,-4.60,5.40,1,q1_q16_tce,7937.00,220.00,-325.00,3.882,0.219,-0.209,2.7110,0.8550,-0.7770,292.952390,37.857128,13.503
2707916,K04950.01,,FALSE POSITIVE,FALSE POSITIVE,0.0000,0,0,0,1,1.891247380,4.9870000e-05,-4.9870000e-05,132.6891000,2.970000e-02,-2.970000e-02,0.4520,0.0440,-0.4520,4.69700,0.48300,-0.48300,4.1000e+02,3.080e+01,-3.080e+01,1.20,9.000e-02,-1.100e-01,989.0,,,225.34,76.34,-62.96,17.40,1,q1_q17_dr25_tce,4615.00,166.00,-166.00,4.660,0.059,-0.032,0.5890,0.0460,-0.0510,290.237460,37.910721,16.341
2708270,K04951.01,,FALSE POSITIVE,FALSE POSITIVE,0.0000,0,1,1,1,1.891258830,2.7810000e-05,-2.7810000e-05,132.6870000,1.200000e-02,-1.200000e-02,0.0130,0.4360,-0.0130,4.65600,0.39400,-0.39400,2.7450e+02,2.190e+01,-2.190e+01,23.60,7.230e+00,-8.100e-01,4480.0,,,95092.90,87822.64,-13328.60,15.30,1,q1_q17_dr25_tce,4449.00,135.00,-90.00,2.031,0.033,-0.030,14.8940,4.5640,-0.5070,290.314270,37.948009,13.982
4540508,K05069.01,,FALSE POSITIVE,FALSE POSITIVE,,1,0,0,0,362.127300000,1.6480000e-02,-1.6480000e-02,302.6897000,2.700000e-02,-2.700000e-02,0.0924,0.3456,-0.0924,6.71900,0.63600,-0.63600,1.0980e+03,1.910e+02,-1.910e+02,1.68,1.700e-01,-1.600e-01,132.0,,,0.07,0.02,-0.02,6.50,1,q1_q16_tce,3734.00,50.00,-50.00,4.740,0.060,-0.060,0.5130,0.0500,-0.0500,283.989650,39.631908,15.840
4565943,K05070.01,,FALSE POSITIVE,FALSE POSITIVE,,1,0,0,0,353.367050000,1.6210000e-02,-1.6210000e-02,412.2698000,1.590000e-02,-1.590000e-02,0.2481,0.2219,-0.2481,3.27900,0.51200,-0.51200,3.4100e+01,6.500e+00,-6.500e+00,2.60,4.200e-01,-1.160e+00,701.0,,,57.03,29.21,-42.50,7.00,1,q1_q16_tce,8892.00,255.00,-398.00,3.592,0.347,-0.087,4.3500,0.7050,-1.9440,292.911960,39.651348,9.725
4566848,K05071.01,,CANDIDATE,CANDIDATE,0.9860,0,0,0,0,180.411858100,7.3350000e-04,-7.3350000e-04,142.8651300,3.470000e-03,-3.470000e-03,0.9530,6.0960,-0.0590,3.29000,0.11800,-0.11800,4.2680e+03,1.580e+02,-1.580e+02,8.86,2.600e+00,-8.600e-01,329.0,,,2.77,2.47,-0.84,33.20,1,q1_q17_dr25_tce,6032.00,189.00,-232.00,4.485,0.050,-0.200,0.9730,0.2850,-0.0950,293.164760,39.631561,15.656
4570555,K05072.01,,FALSE POSITIVE,FALSE POSITIVE,0.0010,0,0,1,0,4.750256809,8.4500000e-06,-8.4500000e-06,134.6388900,1.440000e-03,-1.440000e-03,0.7270,0.2020,-0.4960,1.92780,0.05040,-0.05040,3.9510e+02,1.090e+01,-1.090e+01,12.35,6.400e-01,-2.740e+00,2090.0,,,4504.96,678.17,-2081.22,42.70,1,q1_q17_dr25_tce,5161.00,50.00,-151.00,3.192,0.033,-0.027,5.7530,0.3000,-1.2750,294.096310,39.647079,11.540
4586482,K05073.01,,FALSE POSITIVE,FALSE POSITIVE,0.0000,1,0,0,0,623.005238000,1.4450000e-04,-1.4450000e-04,201.3862990,1.790000e-04,-1.790000e-04,0.8950,0.0330,-0.0270,23.56150,0.01330,-0.01330,1.4033e+05,6.940e+01,-6.940e+01,66.64,1.849e+01,-1.232e+01,229.0,,,0.64,0.54,-0.26,2386.60,2,q1_q17_dr25_tce,5689.00,171.00,-171.00,4.299,0.170,-0.187,1.2070,0.3350,-0.2230,297.483860,39.636490,14.023
4647949,K05074.01,,FALSE POSITIVE,FALSE POSITIVE,,1,0,0,0,45.418106040,,,166.3910358,,,,,,5.30000,,,,,,,,,,,,,,,,1,q1_q16_tce,,,,,,,,,,289.726040,39.716808,14.022
4678873,K05075.01,,FALSE POSITIVE,FALSE POSITIVE,0.0000,0,1,0,1,1.878877205,5.8200000e-07,-5.8200000e-07,133.0740350,2.620000e-04,-2.620000e-04,1.0050,0.0280,-0.0220,5.87680,0.01460,-0.01460,1.0403e+05,2.350e+02,-2.350e+02,109.55,1.978e+01,-1.781e+01,2523.0,,,9554.79,4300.29,-3144.43,525.40,1,q1_q17_dr25_tce,7542.00,75.00,-83.00,4.036,0.137,-0.112,1.9990,0.3610,-0.3250,297.420070,39.773750,12.725
4732015,K05076.01,,FALSE POSITIVE,FALSE POSITIVE,0.0000,1,0,0,0,0.938857507,1.1500000e-07,-1.1500000e-07,132.2067960,1.020000e-04,-1.020000e-04,1.2170,0.0260,-0.0280,3.98767,0.00592,-0.00592,1.2960e+04,1.610e+01,-1.610e+01,1148.70,2.370e+02,-1.939e+02,6867.0,,,526061.85,289333.82,-182565.08,962.60,1,q1_q17_dr25_tce,4217.00,67.00,-59.00,1.656,0.132,-0.108,27.6760,5.7110,-4.6730,286.825200,39.802509,10.147
5709014,K05194.01,,FALSE POSITIVE,FALSE POSITIVE,,1,0,0,0,287.465796640,,,242.2768409,,,,,,9.06000,,,,,,,,,,,,,,,,1,q1_q16_tce,,,,,,,,,,292.910920,40.954361,13.695
5732636,K05195.01,,FALSE POSITIVE,FALSE POSITIVE,,1,0,0,0,32.245486000,1.8720000e-03,-1.8720000e-03,158.2607000,2.560000e-02,-2.560000e-02,0.2216,0.2412,-0.2216,13.86000,1.10000,-1.10000,9.3600e+01,8.700e+00,-8.700e+00,1.18,4.100e-01,-2.400e-01,683.0,,,51.39,52.20,-21.79,10.00,1,q1_q16_tce,6197.00,154.00,-166.00,4.242,0.194,-0.214,1.2080,0.4250,-0.2400,298.515010,40.903992,9.931
5734702,K05196.01,,CANDIDATE,CANDIDATE,0.0000,0,0,0,0,392.472910000,1.0020000e-02,-1.0020000e-02,155.4624000,2.130000e-02,-2.130000e-02,0.7610,0.0320,-0.5360,7.86700,0.67300,-0.67300,3.4560e+02,3.430e+01,-3.430e+01,5.46,8.800e-01,-1.890e+00,442.0,,,9.04,4.32,-5.58,12.20,1,q1_q17_dr25_tce,6626.00,160.00,-180.00,3.728,0.312,-0.078,2.7040,0.4310,-0.9350,298.926670,40.970451,12.361
5779606,K05197.01,,FALSE POSITIVE,FALSE POSITIVE,,1,0,1,0,142.204001090,,,140.9358759,,,,,,3.00000,,,,,,,,,,,,,,,,1,q1_q16_tce,,,,,,,,,,288.104550,41.079250,13.854
5780194,K05198.01,,FALSE POSITIVE,FALSE POSITIVE,,1,0,0,0,149.237142000,2.9310000e-03,-2.9310000e-03,168.1563000,1.640000e-02,-1.640000e-02,0.0847,0.3941,-0.0847,2.50300,0.61600,-0.61600,7.7200e+02,1.620e+02,-1.620e+02,2.22,6.900e-01,-1.700e-01,299.0,,,1.89,1.74,-0.44,6.90,1,q1_q16_tce,5492.00,165.00,-142.00,4.576,0.027,-0.202,0.8120,0.2490,-0.0620,288.325990,41.027618,15.683
5781991,K05199.01,,FALSE POSITIVE,FALSE POSITIVE,,1,0,0,0,501.516980000,1.7010000e-02,-1.7010000e-02,449.5543000,1.410000e-02,-1.410000e-02,0.0768,0.3686,-0.0768,3.80900,0.66900,-0.66900,4.8700e+02,7.790e+01,-7.790e+01,1.99,8.200e-01,-2.200e-01,224.0,,,0.59,0.73,-0.17,6.90,1,q1_q16_tce,5796.00,162.00,-148.00,4.466,0.075,-0.273,0.9060,0.3710,-0.1000,288.975400,41.082241,14.768
5784803,K05200.01,,FALSE POSITIVE,FALSE POSITIVE,,1,0,0,0,357.770960000,1.4510000e-02,-1.4510000e-02,309.1578000,2.530000e-02,-2.530000e-02,0.1056,0.3560,-0.1056,12.99900,0.82800,-0.82800,2.1630e+02,2.860e+01,-2.860e+01,1.42,5.400e-01,-1.900e-01,249.0,,,0.90,1.02,-0.29,9.70,1,q1_q16_tce,5523.00,159.00,-134.00,4.395,0.121,-0.248,0.9810,0.3720,-0.1340,289.881070,41.069221,14.161
5791713,K05201.01,,FALSE POSITIVE,FALSE POSITIVE,,1,0,0,0,531.332820000,1.2300000e-02,-1.2300000e-02,295.2843000,1.700000e-02,-1.700000e-02,0.3099,0.1621,-0.3099,3.70200,0.73400,-0.73400,6.6900e+02,1.260e+02,-1.260e+02,2.67,1.180e+00,-2.500e-01,239.0,,,0.77,1.01,-0.22,7.10,1,q1_q16_tce,6163.00,169.00,-227.00,4.457,0.047,-0.297,1.0220,0.4500,-0.0950,292.071500,41.099899,15.191
6681473,K05312.01,,FALSE POSITIVE,FALSE POSITIVE,0.0000,1,0,1,0,396.048721000,6.4330000e-03,-6.4330000e-03,471.2280200,8.190000e-03,-8.190000e-03,0.9780,0.7980,-0.0260,16.37600,0.54500,-0.54500,9.3180e+02,2.920e+01,-2.920e+01,13.52,2.730e+00,-4.110e+00,370.0,,,4.43,2.72,-2.54,39.40,1,q1_q17_dr25_tce,5327.00,148.00,-167.00,3.643,0.198,-0.162,2.8820,0.5830,-0.8750,288.727420,42.121441,12.992
6688318,K05313.01,,FALSE POSITIVE,FALSE POSITIVE,,1,0,0,0,326.370361000,5.3470000e-03,-5.3470000e-03,190.3324000,1.220000e-02,-1.220000e-02,0.4924,0.0634,-0.4247,4.52600,0.36200,-0.36200,5.6880e+02,4.400e+01,-4.400e+01,22.60,1.400e+00,-7.190e+00,615.0,,,33.84,6.64,-20.27,13.70,1,q1_q16_tce,5188.00,77.00,-189.00,2.929,0.028,-0.035,9.3430,0.5790,-2.9720,290.841950,42.183128,10.963
6690523,K05314.01,,FALSE POSITIVE,FALSE POSITIVE,,1,0,0,0,148.666527000,2.9360000e-03,-2.9360000e-03,156.8241000,1.780000e-02,-1.780000e-02,0.2782,0.2007,-0.2782,4.35300,0.96400,-0.96400,3.1940e+02,8.060e+01,-8.060e+01,6.81,3.000e+00,-2.440e+00,559.0,,,23.08,30.22,-14.85,8.60,1,q1_q16_tce,5155.00,142.00,-181.00,3.462,0.280,-0.276,3.8700,1.7000,-1.3880,291.524900,42.169941,13.697
6692742,K05315.01,,FALSE POSITIVE,FALSE POSITIVE,,1,0,0,0,163.104677000,3.7910000e-03,-3.7910000e-03,140.3163000,2.310000e-02,-2.310000e-02,0.5750,0.3984,-0.3395,2.12900,0.48500,-0.48500,5.7600e+02,1.260e+02,-1.260e+02,2.58,1.080e+00,-3.000e-01,337.0,,,3.06,3.88,-0.97,6.00,1,q1_q16_tce,5766.00,175.00,-195.00,4.418,0.078,-0.279,1.0400,0.4340,-0.1210,292.208500,42.158611,15.201
6695801,K05316.01,,FALSE POSITIVE,FALSE POSITIVE,0.0000,0,1,0,1,1.106569650,1.4200000e-05,-1.4200000e-05,132.3665000,1.400000e-02,-1.400000e-02,0.2630,0.1940,-0.2630,1.66900,0.26800,-0.26800,8.6400e+01,1.410e+01,-1.410e+01,1.09,3.800e-01,-1.200e-01,1988.0,,,3696.18,3731.37,-1195.52,8.40,1,q1_q17_dr25_tce,6237.00,170.00,-227.00,4.387,0.070,-0.224,1.1650,0.4000,-0.1330,293.084900,42.150551,14.582
6699562,K05317.01,,FALSE POSITIVE,FALSE POSITIVE,0.0000,0,1,0,0,46.270524872,2.5840000e-06,-2.5840000e-06,173.6558757,4.470000e-05,-4.470000e-05,0.8590,0.0030,-0.0030,8.93033,0.00361,-0.00361,6.6244e+04,2.270e+01,-2.270e+01,35.98,1.138e+01,-4.060e+00,572.0,,,25.29,23.02,-7.82,4607.40,1,q1_q17_dr25_tce,6357.00,157.00,-204.00,4.405,0.070,-0.210,1.0720,0.3390,-0.1210,294.064700,42.112869,13.529
6707260,K05318.01,,FALSE POSITIVE,FALSE POSITIVE,,1,0,0,0,13.425616100,3.0270000e-04,-3.0270000e-04,144.7838000,1.570000e-02,-1.570000e-02,0.5971,0.3472,-0.3701,11.78100,0.82300,-0.82300,1.4230e+02,1.090e+01,-1.090e+01,1.66,7.300e-01,-2.800e-01,987.0,,,224.45,280.92,-89.51,12.50,1,q1_q16_tce,6686.00,141.00,-228.00,4.283,0.101,-0.259,1.3320,0.5850,-0.2250,295.899990,42.132999,13.050
6718474,K05319.01,,FALSE POSITIVE,FALSE POSITIVE,,1,0,0,0,590.440650000,3.2360000e-02,-3.2360000e-02,199.9180000,4.140000e-02,-4.140000e-02,0.2858,0.1789,-0.2857,7.55000,1.40000,-1.40000,1.2570e+02,2.710e+01,-2.710e+01,1.62,9.400e-01,-3.000e-01,291.0,,,1.70,2.97,-0.71,6.90,1,q1_q16_tce,6782.00,159.00,-236.00,4.243,0.112,-0.329,1.4170,0.8280,-0.2560,298.341090,42.114891,12.773
2710101,K04952.01,,FALSE POSITIVE,FALSE POSITIVE,,1,0,0,0,28.880086070,,,144.4386895,,,,,,1.35000,,,,,,,,,,,,,,,,1,q1_q16_tce,,,,,,,,,,290.766390,37.916828,15.363
2711123,K04953.01,,FALSE POSITIVE,FALSE POSITIVE,0.0000,0,1,1,1,2.858879267,5.9260000e-06,-5.9260000e-06,134.1760600,1.700000e-03,-1.700000e-03,1.2620,6.7980,-0.0540,2.37530,0.08270,-0.08270,6.4450e+02,2.040e+01,-2.040e+01,515.07,3.371e+01,-2.023e+02,3638.0,,,41379.77,8379.47,-28781.52,37.10,1,q1_q17_dr25_tce,4893.00,71.00,-229.00,2.501,0.030,-0.027,16.2740,1.0650,-6.3910,291.015290,37.967770,12.529
2833632,K04954.01,,FALSE POSITIVE,FALSE POSITIVE,,1,0,0,0,241.647602000,2.1880000e-03,-2.1880000e-03,325.2148800,7.130000e-03,-7.130000e-03,0.0404,0.4347,-0.0404,1.74200,0.30300,-0.30300,3.6170e+02,7.210e+01,-7.210e+01,1.88,7.400e-01,-2.000e-01,300.0,,,1.92,2.23,-0.55,5.60,1,q1_q16_tce,5962.00,154.00,-175.00,4.445,0.063,-0.276,0.9890,0.3910,-0.1040,286.319150,38.086399,13.586
2836076,K04955.01,,FALSE POSITIVE,FALSE POSITIVE,,1,0,0,0,528.079623340,,,466.1720499,,,,,,3.49000,,,,,,,,,,,,,,,,1,q1_q16_tce,,,,,,,,,,287.116490,38.003052,15.090
2850321,K04956.01,,FALSE POSITIVE,FALSE POSITIVE,0.0000,1,0,0,0,25.221892900,,,143.6316000,,,,,,14.84000,,,,,,,,,,,,101.29,160.86,-42.37,,1,q1_q17_dr25_tce,,,,,,,,,,290.999820,38.000259,11.941
2861126,K04957.01,,FALSE POSITIVE,FALSE POSITIVE,,1,0,0,0,105.521274620,,,145.4682374,,,,,,2.52000,,,,,,,,,,,,,,,,1,q1_q16_tce,,,,,,,,,,293.281100,38.082241,15.555
2861298,K04958.01,,CANDIDATE,CANDIDATE,,0,0,0,0,581.729006000,9.3610000e-03,-9.3610000e-03,341.0918700,9.350000e-03,-9.350000e-03,0.2236,0.2434,-0.2235,6.64700,0.41000,-0.41000,1.8670e+02,2.090e+01,-2.090e+01,2.74,1.380e+00,-1.240e+00,308.0,,,2.12,3.38,-1.56,8.60,1,q1_q16_tce,5765.00,202.00,-173.00,3.837,0.458,-0.264,2.0050,1.0080,-0.9070,293.318630,38.005466,12.362
2987433,K04959.01,,FALSE POSITIVE,FALSE POSITIVE,0.0000,0,1,0,0,420.929203580,8.6280000e-05,-8.6280000e-05,196.6859580,1.640000e-04,-1.640000e-04,1.0330,0.0530,-0.0480,17.39850,0.01090,-0.01090,8.6013e+04,5.710e+01,-5.710e+01,62.76,1.871e+01,-1.007e+01,293.0,,,1.74,1.51,-0.66,1740.20,1,q1_q17_dr25_tce,6461.00,162.00,-211.00,4.319,0.105,-0.195,1.1970,0.3570,-0.1920,290.938960,38.119572,13.858
4732137,K05077.01,,FALSE POSITIVE,FALSE POSITIVE,,1,0,0,0,393.946106000,5.3220000e-03,-5.3220000e-03,334.4022000,1.300000e-02,-1.300000e-02,0.9691,0.0002,-0.6732,6.01200,0.30900,-0.30900,7.4750e+02,6.730e+01,-6.730e+01,18.07,2.600e+00,-1.870e+00,440.0,,,8.83,3.82,-2.35,10.90,1,q1_q16_tce,4888.00,112.00,-109.00,3.180,0.030,-0.029,4.6220,0.6660,-0.4790,286.883270,39.816689,12.768
4736439,K05078.01,,FALSE POSITIVE,FALSE POSITIVE,,1,0,0,0,194.896925000,3.9120000e-03,-3.9120000e-03,252.0208000,1.520000e-02,-1.520000e-02,0.5298,0.0183,-0.4876,2.50400,0.62000,-0.62000,5.5740e+02,9.970e+01,-9.970e+01,8.98,6.980e+00,-1.910e+00,575.0,,,25.77,62.87,-11.04,8.80,1,q1_q16_tce,5269.00,114.00,-105.00,3.193,0.216,-0.390,3.7060,2.8790,-0.7890,288.619540,39.856960,13.562
4737848,K05079.01,,CANDIDATE,CANDIDATE,,0,0,0,0,56.001782000,6.0420000e-04,-6.0420000e-04,144.0968400,8.490000e-03,-8.490000e-03,0.5045,0.0243,-0.4541,1.70600,0.30400,-0.30400,1.2520e+02,2.130e+01,-2.130e+01,1.54,7.000e-01,-3.600e-01,584.0,,,27.51,37.53,-13.11,7.20,1,q1_q16_tce,6116.00,165.00,-177.00,4.178,0.224,-0.238,1.3320,0.6100,-0.3100,289.096190,39.827278,13.228
4740375,K05080.01,,FALSE POSITIVE,FALSE POSITIVE,,1,0,0,0,471.950762530,,,172.3928906,,,,,,5.03000,,,,,,,,,,,,,,,,1,q1_q16_tce,,,,,,,,,,289.877110,39.836239,14.817
4741777,K05081.01,,FALSE POSITIVE,FALSE POSITIVE,,1,0,0,0,101.928291000,1.6730000e-03,-1.6730000e-03,182.2662000,1.120000e-02,-1.120000e-02,0.1628,0.3364,-0.1627,2.17100,0.43600,-0.43600,2.4350e+02,5.910e+01,-5.910e+01,1.70,5.900e-01,-2.800e-01,391.0,,,5.55,5.68,-2.04,6.30,1,q1_q16_tce,5489.00,157.00,-140.00,4.339,0.138,-0.227,1.1100,0.3820,-0.1810,290.270600,39.851849,14.353
4750406,K05082.01,,FALSE POSITIVE,FALSE POSITIVE,,1,0,0,0,379.631350000,1.4860000e-02,-1.4860000e-02,245.0035000,2.440000e-02,-2.440000e-02,0.1257,0.3244,-0.1256,16.78000,1.20000,-1.20000,1.0362e+03,9.040e+01,-9.040e+01,1.67,1.100e-01,-8.000e-02,168.0,,,0.19,0.05,-0.04,13.80,1,q1_q16_tce,4847.00,143.00,-152.00,4.755,0.026,-0.049,0.5270,0.0360,-0.0260,292.891050,39.883980,15.370
4750962,K05083.01,,CANDIDATE,CANDIDATE,,0,0,0,0,69.932459000,1.0990000e-03,-1.0990000e-03,145.9117900,9.340000e-03,-9.340000e-03,0.0356,0.4247,-0.0355,2.03000,0.39600,-0.39600,2.6440e+02,4.560e+01,-4.560e+01,8.25,6.300e-01,-1.950e+00,812.0,,,102.62,32.94,-52.84,8.40,1,q1_q16_tce,5207.00,174.00,-233.00,3.298,0.032,-0.029,5.1830,0.3950,-1.2270,293.055360,39.840069,13.809
4760478,K05084.01,Kepler-1625 b,CONFIRMED,CANDIDATE,0.9880,0,0,0,0,287.377314000,2.4870000e-03,-2.4870000e-03,348.8331800,7.290000e-03,-7.290000e-03,0.0150,0.2640,-0.0150,18.82100,0.18800,-0.18800,4.3769e+03,8.400e+01,-8.400e+01,11.67,1.710e+00,-3.180e+00,350.0,,,3.56,1.41,-1.77,60.40,1,q1_q17_dr25_tce,5548.00,83.00,-72.00,3.964,0.217,-0.093,1.7930,0.2630,-0.4880,295.429350,39.886539,15.756
5793275,K05202.01,,CANDIDATE,CANDIDATE,,0,0,0,0,535.937230000,2.7650000e-02,-2.7650000e-02,135.5316000,3.220000e-02,-3.220000e-02,0.5968,0.0024,-0.4999,11.85000,1.30000,-1.30000,3.3720e+02,4.740e+01,-4.740e+01,1.83,7.800e-01,-1.600e-01,227.0,,,0.63,0.78,-0.17,8.80,1,q1_q17_dr24_tce,6014.00,157.00,-190.00,4.494,0.042,-0.301,0.9580,0.4060,-0.0840,292.559510,41.090012,14.679
5794687,K05203.01,,FALSE POSITIVE,FALSE POSITIVE,,1,0,0,0,367.727670000,6.2330000e-03,-6.2330000e-03,265.1403300,9.130000e-03,-9.130000e-03,0.2729,0.2017,-0.2728,3.10400,0.57200,-0.57200,9.2600e+02,1.820e+02,-1.820e+02,1.96,2.600e-01,-1.500e-01,184.0,,,0.27,0.12,-0.06,5.80,1,q1_q16_tce,4869.00,145.00,-134.00,4.648,0.033,-0.071,0.6570,0.0880,-0.0490,293.001010,41.024780,15.171
5817712,K05204.01,,FALSE POSITIVE,FALSE POSITIVE,0.0000,1,0,0,1,4.206012510,9.9360000e-05,-9.9360000e-05,132.2794000,2.110000e-02,-2.110000e-02,0.3040,0.1670,-0.3040,6.82000,0.40400,-0.40400,1.0670e+02,1.140e+01,-1.140e+01,0.82,1.500e-01,-1.000e-01,1004.0,,,239.82,151.13,-79.55,10.70,1,q1_q17_dr25_tce,5514.00,210.00,-191.00,4.518,0.095,-0.116,0.7900,0.1460,-0.0970,298.503420,41.080181,15.454
5857656,K05205.01,,CANDIDATE,CANDIDATE,,0,0,0,0,313.051405000,2.1370000e-03,-2.1370000e-03,408.6259500,4.150000e-03,-4.150000e-03,0.2093,0.2087,-0.2093,10.96900,0.14600,-0.14600,5.9490e+02,1.700e+01,-1.700e+01,2.91,1.800e+00,-4.100e-01,310.0,,,2.20,4.13,-0.77,39.50,1,q1_q16_tce,6218.00,147.00,-187.00,4.322,0.107,-0.335,1.1850,0.7350,-0.1670,284.660220,41.108940,12.842
5858519,K05206.01,,FALSE POSITIVE,FALSE POSITIVE,0.0000,0,1,0,0,4.182361240,1.9790000e-06,-1.9790000e-06,134.0532890,5.880000e-04,-5.880000e-04,0.8090,0.0120,-0.0160,6.70175,0.00298,-0.00298,1.9398e+05,8.700e+01,-8.700e+01,69.37,2.177e+01,-1.172e+01,1303.0,,,680.56,651.21,-279.32,2666.00,1,q1_q17_dr25_tce,6188.00,197.00,-240.00,4.314,0.132,-0.198,1.1660,0.3660,-0.1970,285.103420,41.112469,14.740
5859725,K05207.01,,CANDIDATE,CANDIDATE,0.9730,0,0,0,0,18.982830500,3.9260000e-04,-3.9260000e-04,139.2570000,1.550000e-02,-1.550000e-02,0.0210,0.4360,-0.0210,6.30300,0.43200,-0.43200,4.9100e+01,6.100e+00,-6.100e+00,0.72,1.100e-01,-5.000e-02,707.0,,,59.15,24.08,-10.29,9.60,1,q1_q17_dr25_tce,5962.00,71.00,-88.00,4.443,0.040,-0.120,1.0350,0.1640,-0.0660,285.689120,41.189610,13.048
5869272,K05208.01,,FALSE POSITIVE,FALSE POSITIVE,,1,0,0,0,186.594660000,1.5550000e-02,-1.5550000e-02,317.7130000,7.060000e-02,-7.060000e-02,0.1328,0.3235,-0.1328,16.57000,1.60000,-1.60000,6.8500e+02,9.930e+01,-9.930e+01,2.66,1.030e+00,-2.600e-01,338.0,,,3.07,3.56,-0.91,8.80,1,q1_q16_tce,6163.00,175.00,-229.00,4.461,0.049,-0.275,1.0130,0.3940,-0.0980,289.534390,41.157532,15.899
5905728,K05209.01,,FALSE POSITIVE,FALSE POSITIVE,0.0000,0,0,1,0,7.871736980,8.9920000e-05,-8.9920000e-05,132.3540500,9.080000e-03,-9.080000e-03,0.0010,0.4530,-0.0010,2.61900,0.33400,-0.33400,3.4700e+01,3.600e+00,-3.600e+00,0.54,1.200e-01,-8.000e-02,862.0,,,130.96,85.27,-48.71,10.80,1,q1_q17_dr25_tce,5428.00,147.00,-147.00,4.404,0.145,-0.145,0.9400,0.2050,-0.1530,299.141110,41.185001,11.237
6719052,K05320.01,,CANDIDATE,CANDIDATE,,0,0,0,0,357.437578000,9.5960000e-03,-9.5960000e-03,195.2194000,2.010000e-02,-2.010000e-02,0.1427,0.3394,-0.1426,15.90300,0.57500,-0.57500,2.7230e+02,2.120e+01,-2.120e+01,3.13,2.090e+00,-4.000e-01,422.0,,,7.53,16.02,-2.69,13.60,1,q1_q16_tce,7610.00,231.00,-303.00,4.127,0.079,-0.382,1.8620,1.2400,-0.2430,298.453220,42.110100,13.723
6721603,K05321.01,,CANDIDATE,CANDIDATE,0.6330,0,0,0,0,215.634356000,9.7910000e-03,-9.7910000e-03,230.7211000,4.040000e-02,-4.040000e-02,0.0020,0.4560,-0.0020,15.09700,0.92200,-0.92200,1.4800e+02,1.390e+01,-1.390e+01,1.92,4.700e-01,-7.100e-01,404.0,,,6.28,4.95,-4.13,12.30,1,q1_q17_dr25_tce,6163.00,219.00,-219.00,4.060,0.350,-0.150,1.5680,0.3880,-0.5820,298.956540,42.156315,13.793
6756369,K05322.01,,CANDIDATE,CANDIDATE,,0,0,0,0,30.928898000,3.2530000e-04,-3.2530000e-04,153.9064700,7.820000e-03,-7.820000e-03,0.7846,0.1712,-0.5434,3.43600,0.28900,-0.28900,2.0330e+02,2.610e+01,-2.610e+01,8.10,7.400e-01,-1.710e+00,1051.0,,,288.95,82.49,-129.97,8.50,1,q1_q16_tce,5029.00,97.00,-151.00,3.237,0.030,-0.030,5.1270,0.4680,-1.0850,283.972930,42.276588,13.907
6762188,K05323.01,,FALSE POSITIVE,FALSE POSITIVE,1.0000,0,1,0,0,7.155547398,7.8020000e-06,-7.8020000e-06,133.9981010,8.840000e-04,-8.840000e-04,0.8830,0.0090,-0.0110,4.57110,0.06950,-0.06950,2.5688e+03,2.520e+01,-2.520e+01,48.93,1.583e+01,-2.941e+01,2049.0,,,4166.27,3723.50,-3578.50,124.60,1,q1_q17_dr25_tce,4992.00,98.00,-148.00,2.947,0.511,-0.219,8.0520,2.6060,-4.8400,286.551120,42.234798,13.672
6765563,K05324.01,,CANDIDATE,CANDIDATE,,0,0,0,0,293.392635000,4.6550000e-03,-4.6550000e-03,341.2263000,1.290000e-02,-1.290000e-02,0.1322,0.3397,-0.1322,3.66100,0.26400,-0.26400,5.1880e+02,5.570e+01,-5.570e+01,6.84,3.920e+00,-1.490e+00,428.0,,,7.93,13.47,-3.57,9.90,1,q1_q16_tce,5203.00,116.00,-133.00,3.489,0.182,-0.337,3.0550,1.7480,-0.6680,287.906860,42.208721,13.705
6766583,K05325.01,,FALSE POSITIVE,FALSE POSITIVE,,1,0,0,0,63.024229000,2.9150000e-03,-2.9150000e-03,188.2057000,4.240000e-02,-4.240000e-02,0.0223,0.4663,-0.0223,5.77000,1.00000,-1.00000,2.9460e+02,6.000e+01,-6.000e+01,1.50,6.500e-01,-1.000e-01,424.0,,,7.66,9.89,-1.78,6.10,1,q1_q16_tce,5691.00,168.00,-167.00,4.544,0.024,-0.308,0.8870,0.3800,-0.0620,288.302150,42.237282,15.705
6767337,K05326.01,,FALSE POSITIVE,FALSE POSITIVE,,0,0,0,0,506.771836000,9.9060000e-03,-9.9060000e-03,158.7498000,1.380000e-02,-1.380000e-02,0.1643,0.2896,-0.1642,10.53500,0.55200,-0.55200,1.9520e+02,1.740e+01,-1.740e+01,1.80,6.400e-01,-4.300e-01,275.0,,,1.35,1.41,-0.65,15.00,1,q1_q16_tce,6035.00,157.00,-161.00,4.177,0.242,-0.215,1.2830,0.4590,-0.3090,288.577580,42.296021,12.588
6776555,K05327.01,,CANDIDATE,CANDIDATE,1.0000,0,0,0,0,5.433613470,6.3920000e-05,-6.3920000e-05,136.7110000,1.510000e-02,-1.510000e-02,0.2340,0.2240,-0.2340,1.03380,0.08010,-0.08010,1.4210e+03,1.010e+02,-1.010e+02,2.09,1.200e-01,-2.800e-01,548.0,,,21.27,5.72,-7.72,17.90,1,q1_q17_dr25_tce,3694.00,117.00,-147.00,4.686,0.075,-0.020,0.5660,0.0330,-0.0760,291.556670,42.214169,15.808
2992634,K04960.01,,CANDIDATE,CANDIDATE,,0,0,0,0,47.822786810,,,134.1402656,,,,,,1.19000,,,,,,,,,,,,,,,,1,q1_q16_tce,,,,,,,,,,292.078030,38.153831,14.395
3001955,K04961.01,,CANDIDATE,CANDIDATE,,0,0,0,0,348.963470000,3.0160000e-02,-3.0160000e-02,184.8658000,5.430000e-02,-5.430000e-02,0.6924,0.2629,-0.4629,13.84000,2.60000,-2.60000,5.8520e+02,9.730e+01,-9.730e+01,2.04,1.800e-01,-1.100e-01,198.0,,,0.36,0.13,-0.07,11.80,1,q1_q16_tce,4823.00,154.00,-124.00,4.564,0.027,-0.063,0.7920,0.0730,-0.0420,294.084500,38.156319,15.325
3003673,K04962.01,,FALSE POSITIVE,FALSE POSITIVE,,1,0,0,0,57.114396600,9.8360000e-04,-9.8360000e-04,166.4525000,1.540000e-02,-1.540000e-02,0.1765,0.2674,-0.1764,2.18200,0.38700,-0.38700,2.6880e+02,5.600e+01,-5.600e+01,1.82,9.300e-01,-2.200e-01,523.0,,,17.64,26.90,-5.71,5.90,1,q1_q16_tce,6136.00,153.00,-206.00,4.378,0.082,-0.307,1.1060,0.5670,-0.1320,294.420560,38.190529,14.245
3101178,K04963.01,,CANDIDATE,CANDIDATE,0.8580,0,0,0,0,59.403783900,8.4930000e-04,-8.4930000e-04,159.8035600,9.940000e-03,-9.940000e-03,0.9400,0.0160,-0.6610,10.04100,0.27600,-0.27600,1.2350e+02,8.200e+00,-8.200e+00,1.65,4.400e-01,-3.700e-01,570.0,,,24.93,19.91,-11.98,17.00,1,q1_q17_dr25_tce,6373.00,179.00,-247.00,4.256,0.204,-0.167,1.2090,0.3250,-0.2660,287.046880,38.231617,11.679
3117115,K04964.01,,FALSE POSITIVE,FALSE POSITIVE,,1,0,0,0,485.912760000,1.5630000e-02,-1.5630000e-02,213.3906000,1.030000e-02,-1.030000e-02,0.5980,0.0041,-0.5306,2.42000,1.20000,-1.20000,1.3680e+03,3.790e+02,-3.790e+02,3.61,1.320e+00,-3.200e-01,230.0,,,0.66,0.72,-0.18,7.00,1,q1_q16_tce,5957.00,164.00,-195.00,4.506,0.040,-0.271,0.9370,0.3410,-0.0840,291.582340,38.299660,15.645
3120397,K04965.01,,FALSE POSITIVE,FALSE POSITIVE,0.0000,0,0,1,1,20.531170800,4.5460000e-04,-4.5460000e-04,136.4829000,1.800000e-02,-1.800000e-02,0.5470,0.3870,-0.3320,5.67000,0.53600,-0.53600,2.8460e+02,3.490e+01,-3.490e+01,1.39,2.700e-01,-1.100e-01,568.0,,,24.52,15.33,-6.05,9.80,1,q1_q17_dr25_tce,5398.00,177.00,-160.00,4.580,0.032,-0.128,0.8050,0.1570,-0.0630,292.308010,38.290600,15.673
3222680,K04966.01,,FALSE POSITIVE,FALSE POSITIVE,0.0000,0,1,1,0,2.311640740,1.0510000e-05,-1.0510000e-05,132.1213300,2.900000e-03,-2.900000e-03,0.2520,0.1940,-0.2510,2.31700,0.12600,-0.12600,4.8870e+02,2.480e+01,-2.480e+01,39.73,1.660e+00,-1.492e+01,4074.0,,,65140.27,10541.54,-43990.64,24.60,1,q1_q17_dr25_tce,4883.00,84.00,-219.00,2.439,0.035,-0.031,18.4270,0.7690,-6.9180,287.861300,38.372292,13.041
3239171,K04967.01,,CANDIDATE,CANDIDATE,0.6090,0,0,0,0,43.581043000,1.9880000e-03,-1.9880000e-03,148.4352000,3.720000e-02,-3.720000e-02,0.2770,0.1830,-0.2770,6.88300,0.75900,-0.75900,3.4870e+02,4.570e+01,-4.570e+01,1.94,5.900e-01,-2.100e-01,558.0,,,22.89,20.83,-7.28,8.70,1,q1_q17_dr25_tce,6225.00,194.00,-237.00,4.450,0.065,-0.195,1.0310,0.3090,-0.1110,292.470340,38.394341,15.630
4761427,K05085.01,,CANDIDATE,CANDIDATE,,0,0,0,0,327.063000000,1.6660000e-02,-1.6660000e-02,438.3693000,2.990000e-02,-2.990000e-02,0.3983,0.0519,-0.3983,8.06000,1.80000,-1.80000,1.0060e+03,1.810e+02,-1.810e+02,2.82,1.060e+00,-2.200e-01,248.0,,,0.89,1.00,-0.22,8.80,1,q1_q16_tce,5750.00,166.00,-177.00,4.538,0.028,-0.273,0.8820,0.3310,-0.0680,295.625790,39.824638,15.941
4769799,K05086.01,,FALSE POSITIVE,FALSE POSITIVE,0.0000,0,1,0,0,21.928665380,1.0960000e-05,-1.0960000e-05,135.5285740,4.180000e-04,-4.180000e-04,0.9310,0.0170,-0.0120,9.75260,0.02430,-0.02430,2.2178e+04,5.220e+01,-5.220e+01,65.97,1.447e+01,-9.650e+00,983.0,,,220.41,125.19,-67.34,664.60,1,q1_q17_dr25_tce,5001.00,67.00,-60.00,3.469,0.125,-0.137,3.0280,0.6640,-0.4430,297.317410,39.877972,10.946
4770798,K05087.01,,CANDIDATE,CANDIDATE,,0,0,0,0,651.074310000,1.5770000e-02,-1.5770000e-02,216.3882000,2.240000e-02,-2.240000e-02,0.0343,0.4067,-0.0341,5.60300,0.62500,-0.62500,1.5370e+02,2.620e+01,-2.620e+01,1.55,5.900e-01,-3.500e-01,234.0,,,0.71,0.81,-0.32,7.10,1,q1_q16_tce,5696.00,156.00,-148.00,4.218,0.207,-0.219,1.2610,0.4820,-0.2800,297.509190,39.888020,12.524
4813750,K05088.01,,CANDIDATE,CANDIDATE,0.6270,0,0,0,0,49.178224400,8.3150000e-04,-8.3150000e-04,165.7659000,1.330000e-02,-1.330000e-02,0.3150,0.1270,-0.3150,5.80000,0.33300,-0.33300,4.4900e+02,5.400e+01,-5.400e+01,1.79,3.700e-01,-2.500e-01,468.0,,,11.32,7.32,-3.90,9.40,1,q1_q17_dr25_tce,5674.00,170.00,-170.00,4.473,0.121,-0.148,0.8390,0.1760,-0.1170,283.678190,39.964279,15.527
4814168,K05089.01,,FALSE POSITIVE,FALSE POSITIVE,,1,0,0,0,545.546180000,1.3990000e-02,-1.3990000e-02,406.0538000,2.360000e-02,-2.360000e-02,0.4307,0.0801,-0.3938,6.94400,0.63200,-0.63200,1.7770e+02,2.050e+01,-2.050e+01,2.01,1.020e+00,-5.100e-01,296.0,,,1.82,2.72,-0.92,9.00,1,q1_q16_tce,6432.00,149.00,-192.00,4.145,0.215,-0.267,1.4760,0.7490,-0.3740,283.862400,39.945400,11.577
4815612,K05090.01,,FALSE POSITIVE,FALSE POSITIVE,0.0000,0,1,0,0,1.928420823,3.1920000e-06,-3.1920000e-06,131.5880500,2.080000e-03,-2.080000e-03,0.8180,0.0280,-0.0330,3.82530,0.00980,-0.00980,1.9124e+05,5.300e+02,-5.300e+02,79.40,2.407e+01,-1.485e+01,1882.0,,,2960.96,2654.04,-1287.69,438.30,1,q1_q17_dr25_tce,6615.00,185.00,-254.00,4.257,0.144,-0.192,1.3260,0.4020,-0.2480,284.521180,39.950661,15.175
4819158,K05091.01,,FALSE POSITIVE,FALSE POSITIVE,,1,0,0,0,328.848460000,2.9470000e-02,-2.9470000e-02,385.9456000,4.130000e-02,-4.130000e-02,0.5355,0.5459,-0.3130,5.45000,1.50000,-1.50000,9.0100e+02,2.080e+02,-2.080e+02,2.23,5.200e-01,-1.700e-01,219.0,,,0.54,0.40,-0.13,6.00,1,q1_q16_tce,5382.00,182.00,-147.00,4.603,0.035,-0.129,0.7240,0.1690,-0.0540,286.187810,39.993919,15.876
4833409,K05092.01,,CANDIDATE,CANDIDATE,,0,0,0,0,271.790292000,2.9870000e-03,-2.9870000e-03,195.5224300,9.900000e-03,-9.900000e-03,0.0142,0.4466,-0.0140,2.94400,0.36500,-0.36500,3.1840e+02,4.570e+01,-4.570e+01,2.38,1.320e+00,-4.500e-01,354.0,,,3.72,6.24,-1.58,8.10,1,q1_q16_tce,6484.00,167.00,-223.00,4.258,0.136,-0.305,1.3200,0.7340,-0.2470,291.108250,39.955681,13.887
5942112,K05210.01,,FALSE POSITIVE,FALSE POSITIVE,,1,0,0,0,125.957819750,,,134.6671180,,,,,,8.63000,,,,,,,,,,,,,,,,1,q1_q16_tce,,,,,,,,,,284.883820,41.248539,15.184
5946568,K05211.01,,CANDIDATE,CANDIDATE,0.9920,0,0,0,0,3.564524900,5.5840000e-05,-5.5840000e-05,134.4518000,1.280000e-02,-1.280000e-02,0.1880,0.2860,-0.1880,2.06200,0.44300,-0.44300,5.3900e+01,7.800e+00,-7.800e+00,0.60,6.000e-02,-2.000e-02,1029.0,,,265.37,81.29,-32.98,8.00,1,q1_q17_dr25_tce,5435.00,73.00,-89.00,4.578,0.011,-0.104,0.8240,0.0930,-0.0270,287.008360,41.289101,12.936
5949765,K05212.01,,FALSE POSITIVE,FALSE POSITIVE,,1,0,0,0,426.344440000,2.3210000e-02,-2.3210000e-02,464.9081000,2.220000e-02,-2.220000e-02,0.0320,0.4070,-0.0318,14.13900,0.86000,-0.86000,9.0200e+01,1.040e+01,-1.040e+01,1.33,6.400e-01,-3.100e-01,314.0,,,2.29,3.24,-1.10,9.70,1,q1_q16_tce,6395.00,164.00,-188.00,4.170,0.207,-0.252,1.3940,0.6650,-0.3260,288.374910,41.274570,12.254
5954894,K05213.01,,CANDIDATE,CANDIDATE,,0,0,0,0,48.245550100,5.9530000e-04,-5.9530000e-04,141.1472500,8.080000e-03,-8.080000e-03,0.3106,0.2910,-0.3105,1.37500,0.33400,-0.33400,6.0500e+01,1.640e+01,-1.640e+01,0.64,2.800e-01,-7.000e-02,449.0,,,9.61,12.67,-2.86,5.00,1,q1_q16_tce,5441.00,173.00,-139.00,4.481,0.093,-0.298,0.8270,0.3560,-0.0970,290.049500,41.250359,12.429
5956038,K05214.01,,FALSE POSITIVE,FALSE POSITIVE,,1,0,0,0,256.846143000,2.8450000e-03,-2.8450000e-03,331.8595000,7.740000e-03,-7.740000e-03,99.8500,1.1020,-35.7500,6.28900,0.54300,-0.54300,1.7060e+03,1.100e+02,-1.100e+02,46743.40,2.164e+04,-1.592e+04,506.0,,,15.52,20.61,-9.55,14.90,1,q1_q16_tce,5208.00,111.00,-158.00,3.321,0.255,-0.302,4.3290,2.0040,-1.4740,290.406280,41.221840,13.930
5963591,K05215.01,,FALSE POSITIVE,FALSE POSITIVE,0.0000,1,0,0,0,146.931518000,4.5320000e-03,-4.5320000e-03,190.4351000,2.700000e-02,-2.700000e-02,0.9900,0.0230,-0.7030,23.78000,2.10000,-2.10000,2.5700e+02,1.370e+01,-1.370e+01,2.89,5.100e-01,-2.900e-01,395.0,,,5.78,2.61,-1.36,19.30,1,q1_q17_dr25_tce,6237.00,81.00,-81.00,4.338,0.099,-0.121,1.1350,0.1980,-0.1160,292.888550,41.223728,13.986
5965629,K05216.01,,CANDIDATE,CANDIDATE,,0,0,0,0,377.311149000,7.2960000e-03,-7.2960000e-03,411.6189000,1.390000e-02,-1.390000e-02,0.3818,0.0611,-0.3818,3.33000,0.46700,-0.46700,8.0400e+02,1.400e+02,-1.400e+02,2.56,1.080e+00,-2.100e-01,243.0,,,0.83,1.06,-0.21,8.30,1,q1_q16_tce,5897.00,169.00,-179.00,4.531,0.031,-0.303,0.8910,0.3780,-0.0710,293.463650,41.290939,15.495
6934045,K05336.01,,CANDIDATE,CANDIDATE,0.5020,0,0,0,0,265.741374000,3.3840000e-03,-3.3840000e-03,167.0573000,1.600000e-02,-1.600000e-02,0.6520,0.3080,-0.4310,18.07800,0.51200,-0.51200,2.7340e+02,1.390e+01,-1.390e+01,3.24,7.200e-01,-9.500e-01,413.0,,,6.90,4.54,-3.89,21.60,1,q1_q17_dr25_tce,6537.00,175.00,-214.00,4.044,0.228,-0.123,1.8590,0.4110,-0.5480,286.797550,42.420910,13.491
6939913,K05337.01,,CANDIDATE,CANDIDATE,,0,0,0,0,470.653570000,1.0340000e-02,-1.0340000e-02,173.6470000,1.860000e-02,-1.860000e-02,0.1585,0.3081,-0.1585,3.45800,0.86700,-0.86700,9.8500e+02,1.850e+02,-1.850e+02,2.99,1.210e+00,-2.700e-01,238.0,,,0.75,0.90,-0.21,8.30,1,q1_q16_tce,6039.00,156.00,-198.00,4.493,0.044,-0.293,0.9510,0.3860,-0.0870,289.045720,42.446758,15.070
6947062,K05338.01,,FALSE POSITIVE,FALSE POSITIVE,,1,0,1,0,309.193470000,4.0910000e-02,-4.0910000e-02,318.4870000,1.250000e-01,-1.250000e-01,0.1186,0.3587,-0.1185,23.51000,5.10000,-5.10000,1.4450e+03,2.680e+02,-2.680e+02,3.07,1.240e+00,-2.400e-01,236.0,,,0.73,0.93,-0.18,6.50,1,q1_q16_tce,5504.00,193.00,-163.00,4.572,0.027,-0.273,0.8190,0.3320,-0.0640,291.322910,42.422070,15.680
6948815,K05339.01,,FALSE POSITIVE,FALSE POSITIVE,0.0000,0,1,0,0,1.541530919,2.6080000e-06,-2.6080000e-06,131.9845400,2.090000e-03,-2.090000e-03,0.7590,0.0320,-0.0320,4.86910,0.01090,-0.01090,2.1326e+05,3.950e+02,-3.950e+02,115.49,3.035e+01,-2.730e+01,2689.0,,,12320.99,9883.00,-6255.66,601.50,1,q1_q17_dr25_tce,7631.00,237.00,-316.00,4.059,0.192,-0.157,1.9370,0.5090,-0.4580,291.887050,42.430149,15.348
6952570,K05340.01,,FALSE POSITIVE,FALSE POSITIVE,,1,0,0,0,122.713036000,4.6630000e-03,-4.6630000e-03,135.2952000,2.630000e-02,-2.630000e-02,0.5737,0.0030,-0.4888,3.99900,0.93500,-0.93500,2.9070e+02,9.610e+01,-9.610e+01,1.79,7.700e-01,-1.700e-01,393.0,,,5.66,7.18,-1.64,6.50,1,q1_q16_tce,6244.00,166.00,-214.00,4.460,0.049,-0.298,1.0090,0.4330,-0.0970,293.060000,42.402779,15.158
7009548,K05341.01,,CANDIDATE,CANDIDATE,0.9290,0,0,0,0,15.185755820,4.2900000e-05,-4.2900000e-05,144.6398500,2.140000e-03,-2.140000e-03,0.4740,0.2250,-0.3520,0.63300,0.10100,-0.10100,2.5670e+02,2.880e+01,-2.880e+01,2.26,6.600e-01,-4.900e-01,922.0,,,170.46,143.20,-77.23,11.80,1,q1_q17_dr25_tce,6311.00,150.00,-188.00,4.207,0.214,-0.175,1.3390,0.3940,-0.2870,282.291320,42.545509,12.493
7011044,K05342.01,,FALSE POSITIVE,FALSE POSITIVE,,1,0,0,0,25.502366990,,,141.3438916,,,,,,1.80000,,,,,,,,,,,,,,,,1,q1_q16_tce,,,,,,,,,,282.993410,42.547058,15.292
7013635,K05343.01,,FALSE POSITIVE,FALSE POSITIVE,,1,0,0,0,290.625016000,7.0590000e-03,-7.0590000e-03,349.7098000,1.720000e-02,-1.720000e-02,0.0854,0.3574,-0.0851,4.41100,0.56600,-0.56600,1.4760e+02,1.420e+01,-1.420e+01,2.86,1.540e+00,-1.530e+00,375.0,,,4.67,7.69,-3.77,10.30,1,q1_q16_tce,5195.00,148.00,-156.00,3.735,0.628,-0.340,2.4090,1.2960,-1.2860,284.185270,42.563271,11.098
3240049,K04968.01,,FALSE POSITIVE,FALSE POSITIVE,0.0000,0,1,0,0,2.945414866,6.7500000e-06,-6.7500000e-06,133.9549600,1.880000e-03,-1.880000e-03,0.0020,0.8480,-0.0020,2.70200,0.40700,-0.40700,9.6870e+02,4.620e+01,-4.620e+01,38.32,1.368e+01,-4.560e+00,3531.0,,,36765.85,36448.78,-9577.52,47.50,1,q1_q17_dr25_tce,4403.00,87.00,-53.00,2.178,0.125,-0.125,12.9270,4.6150,-1.5380,292.683990,38.365730,11.557
3242039,K04969.01,,CANDIDATE,CANDIDATE,,0,0,0,0,59.143821170,,,180.5653307,,,,,,1.74000,,,,,,,,,,,,,,,,1,q1_q16_tce,,,,,,,,,,293.203490,38.341801,13.815
3245638,K04970.01,,FALSE POSITIVE,FALSE POSITIVE,,1,0,0,0,232.822285000,2.0890000e-03,-2.0890000e-03,253.9340000,7.890000e-03,-7.890000e-03,1.2469,1.1370,-1.0060,0.99000,1.90000,-1.90000,2.2617e+04,6.381e+03,-6.381e+03,48.88,2.039e+01,-4.360e+00,305.0,,,2.05,2.48,-0.54,8.80,1,q1_q16_tce,6106.00,147.00,-177.00,4.487,0.044,-0.299,0.9660,0.4030,-0.0860,294.043640,38.364540,13.122
3329985,K04971.01,,FALSE POSITIVE,FALSE POSITIVE,,1,0,0,0,146.355097000,3.9750000e-03,-3.9750000e-03,226.2990000,2.030000e-02,-2.030000e-02,0.0515,0.4182,-0.0514,5.03400,0.81500,-0.81500,8.2000e+02,1.500e+02,-1.500e+02,0.82,1.400e-01,-1.400e-01,135.0,,,0.08,0.04,-0.03,6.00,1,q1_q16_tce,3401.00,50.00,-50.00,4.964,0.060,-0.060,0.2900,0.0500,-0.0500,287.887850,38.492550,15.913
3340165,K04972.01,,CANDIDATE,CANDIDATE,0.8700,0,0,0,0,26.092284000,4.5700000e-04,-4.5700000e-04,149.1087000,1.360000e-02,-1.360000e-02,0.0680,0.3740,-0.0680,6.62300,0.36800,-0.36800,1.2240e+02,1.160e+01,-1.160e+01,1.35,2.000e-01,-9.000e-02,717.0,,,62.57,24.83,-10.28,12.20,1,q1_q17_dr25_tce,6346.00,76.00,-82.00,4.362,0.035,-0.105,1.2140,0.1870,-0.0750,290.924100,38.438339,13.980
3341760,K04973.01,,FALSE POSITIVE,FALSE POSITIVE,0.0000,0,1,1,0,0.523493764,8.7800000e-07,-8.7800000e-07,131.6968000,1.390000e-03,-1.390000e-03,0.0830,0.3600,-0.0830,0.90150,0.04770,-0.04770,5.4000e+01,3.000e+00,-3.000e+00,1.82,3.000e-01,-6.300e-01,3565.0,,,38110.61,18975.22,-23580.71,23.50,1,q1_q17_dr25_tce,6122.00,165.00,-165.00,3.791,0.293,-0.098,2.4550,0.3940,-0.8540,291.345950,38.464378,13.085
3341982,K04974.01,,FALSE POSITIVE,FALSE POSITIVE,,1,0,0,0,514.142210000,2.7470000e-02,-2.7470000e-02,439.3650000,3.510000e-02,-3.510000e-02,0.1024,0.3763,-0.1024,4.15300,0.79900,-0.79900,1.4910e+03,3.620e+02,-3.620e+02,2.98,1.200e+00,-2.300e-01,198.0,,,0.36,0.46,-0.09,5.80,1,q1_q16_tce,5524.00,206.00,-167.00,4.579,0.032,-0.247,0.7800,0.3150,-0.0600,291.398560,38.446381,15.773
3355104,K04975.01,,CANDIDATE,CANDIDATE,0.0000,0,0,0,0,47.062897800,2.1420000e-04,-2.1420000e-04,171.9478200,3.600000e-03,-3.600000e-03,0.8190,0.1390,-0.5710,1.54500,0.13000,-0.13000,1.6470e+03,1.420e+02,-1.420e+02,4.10,1.180e+00,-4.000e-01,483.0,,,12.90,10.97,-3.69,14.50,1,q1_q17_dr25_tce,5838.00,157.00,-192.00,4.529,0.037,-0.200,0.8970,0.2600,-0.0870,294.631040,38.404549,15.706
4840327,K05093.01,,FALSE POSITIVE,FALSE POSITIVE,0.0000,0,1,0,0,26.737139497,7.1800000e-07,-7.1800000e-07,146.8472356,2.220000e-05,-2.220000e-05,0.7340,0.0000,0.0000,4.68919,0.00152,-0.00152,5.3516e+04,1.770e+01,-1.770e+01,29.28,4.690e+00,-3.830e+00,655.0,,,43.59,18.30,-12.59,4731.10,1,q1_q17_dr25_tce,5794.00,78.00,-87.00,4.317,0.115,-0.115,1.1550,0.1850,-0.1510,293.139070,39.925739,12.688
4843751,K05094.01,,FALSE POSITIVE,FALSE POSITIVE,,1,0,0,0,310.612990000,1.0220000e-02,-1.0220000e-02,267.0451000,3.350000e-02,-3.350000e-02,0.1879,0.3507,-0.1879,2.56200,0.67600,-0.67600,9.2000e+02,2.200e+02,-2.200e+02,3.04,1.140e+00,-2.900e-01,279.0,,,1.43,1.55,-0.43,6.50,1,q1_q16_tce,6063.00,154.00,-227.00,4.470,0.048,-0.271,1.0010,0.3750,-0.0970,294.062290,39.902229,15.503
4856592,K05095.01,,FALSE POSITIVE,FALSE POSITIVE,,1,0,0,0,461.141700000,8.5290000e-03,-8.5290000e-03,388.3471700,8.720000e-03,-8.720000e-03,0.0046,0.4402,-0.0044,3.87500,0.38900,-0.38900,3.8200e+02,4.910e+01,-4.910e+01,7.10,1.440e+00,-2.200e-01,410.0,,,6.70,4.23,-0.87,9.40,1,q1_q16_tce,5071.00,156.00,-92.00,3.222,0.029,-0.031,3.6980,0.7480,-0.1180,296.935360,39.924927,11.372
4863260,K05096.01,,FALSE POSITIVE,FALSE POSITIVE,0.0000,0,0,1,0,0.987069622,,,131.9133173,,,0.2000,,,1.00920,,,3.8480e+02,,,2.43,7.800e-01,-2.700e-01,2232.0,,,5878.09,5405.33,-1744.55,2.50,1,q1_q17_dr25_tce,6602.00,150.00,-201.00,4.354,0.065,-0.195,1.2230,0.3970,-0.1320,298.348210,39.976280,13.114
4902673,K05097.01,,FALSE POSITIVE,FALSE POSITIVE,,1,0,0,0,329.714910000,8.2380000e-02,-8.2380000e-02,347.1667000,4.770000e-02,-4.770000e-02,0.0651,0.4247,-0.0649,12.11000,3.90000,-3.90000,3.3700e+02,1.320e+02,-1.320e+02,1.39,5.700e-01,-1.200e-01,232.0,,,0.68,0.85,-0.16,6.00,1,q1_q16_tce,5576.00,181.00,-143.00,4.560,0.051,-0.242,0.7580,0.3070,-0.0640,283.897190,40.071369,14.576
4912650,K05098.01,,CANDIDATE,CANDIDATE,0.9230,0,0,0,0,100.345648000,1.2950000e-03,-1.2950000e-03,152.8425000,1.180000e-02,-1.180000e-02,0.5400,0.0030,-0.4770,7.93900,0.30800,-0.30800,3.7230e+02,2.800e+01,-2.800e+01,1.57,1.100e-01,-8.000e-02,325.0,,,2.62,0.61,-0.45,15.20,1,q1_q17_dr25_tce,5180.00,103.00,-103.00,4.548,0.041,-0.054,0.8000,0.0540,-0.0430,288.341740,40.096390,14.855
4914221,K05099.01,,CANDIDATE,CANDIDATE,,0,0,0,0,111.187116000,2.4960000e-03,-2.4960000e-03,195.2257000,1.680000e-02,-1.680000e-02,0.8164,0.0042,-0.5721,3.56900,0.74100,-0.74100,1.1080e+02,2.080e+01,-2.080e+01,1.51,5.300e-01,-3.900e-01,440.0,,,8.86,9.23,-4.45,7.30,1,q1_q16_tce,5806.00,155.00,-142.00,4.168,0.260,-0.223,1.2810,0.4560,-0.3310,288.930600,40.057339,12.709
4914399,K05100.01,,FALSE POSITIVE,FALSE POSITIVE,0.0000,0,0,0,1,1.237085650,4.6890000e-05,-4.6890000e-05,132.7235000,4.890000e-02,-4.890000e-02,1.2220,0.5400,-0.1730,5.74300,0.15500,-0.15500,8.0380e+02,1.780e+01,-1.780e+01,36.31,1.003e+01,-7.330e+00,2174.0,,,5293.07,4346.26,-2412.76,55.30,1,q1_q17_dr25_tce,6556.00,185.00,-254.00,4.243,0.170,-0.187,1.3240,0.3660,-0.2670,288.977660,40.010529,14.462
5967194,K05217.01,,FALSE POSITIVE,FALSE POSITIVE,,1,0,0,0,498.249380000,1.5640000e-02,-1.5640000e-02,313.7462000,1.600000e-02,-1.600000e-02,0.1282,0.3461,-0.1279,8.73000,0.99600,-0.99600,5.2260e+02,6.080e+01,-6.080e+01,14.02,1.070e+00,-3.480e+00,441.0,,,8.95,2.24,-4.49,11.80,1,q1_q16_tce,4949.00,94.00,-155.00,3.136,0.030,-0.030,6.3340,0.4860,-1.5690,293.916470,41.241970,12.519
5980354,K05218.01,,FALSE POSITIVE,FALSE POSITIVE,0.0000,1,0,0,0,1.573020098,4.1330000e-06,-4.1330000e-06,132.2806300,1.820000e-03,-1.820000e-03,1.1840,0.0820,-0.0590,15.57400,0.41200,-0.41200,2.9220e+02,2.200e+00,-2.200e+00,31.60,5.300e+00,-3.100e+00,2113.0,,,4693.57,1975.07,-1076.07,195.50,1,q1_q17_dr25_tce,6770.00,70.00,-91.00,4.232,0.067,-0.114,1.4490,0.2430,-0.1420,297.104310,41.219921,9.616
5981058,K05219.01,,CANDIDATE,CANDIDATE,0.1130,0,0,0,0,27.765596000,1.3540000e-03,-1.3540000e-03,132.0878000,3.040000e-02,-3.040000e-02,0.0690,0.4060,-0.0690,19.49000,1.10000,-1.10000,1.4760e+02,1.110e+01,-1.110e+01,1.20,1.600e-01,-7.000e-02,605.0,,,31.66,10.66,-5.26,14.20,1,q1_q17_dr25_tce,5897.00,70.00,-88.00,4.476,0.028,-0.105,0.9990,0.1290,-0.0590,297.261810,41.255508,15.197
5986270,K05220.01,,FALSE POSITIVE,FALSE POSITIVE,1.0000,0,1,0,0,1.534679933,1.6110000e-06,-1.6110000e-06,132.3311630,8.850000e-04,-8.850000e-04,0.1080,0.3180,-0.1080,1.72370,0.02930,-0.02930,4.5660e+02,8.300e+00,-8.300e+00,18.39,4.530e+00,-6.790e+00,3570.0,,,38505.56,23492.53,-24441.88,64.60,1,q1_q17_dr25_tce,4965.00,45.00,-105.00,2.863,0.195,-0.105,8.8340,2.1750,-3.2620,298.380430,41.296391,12.224
5989391,K05221.01,,FALSE POSITIVE,FALSE POSITIVE,,1,0,0,0,71.598890000,5.8740000e-02,-5.8740000e-02,135.4310000,2.490000e-01,-2.490000e-01,0.6496,0.0809,-0.4717,10.53000,2.00000,-2.00000,6.5400e+02,2.080e+02,-2.080e+02,4.49,1.740e+00,-1.430e+00,645.0,,,40.96,46.01,-24.09,5.70,1,q1_q16_tce,6637.00,163.00,-195.00,4.014,0.300,-0.213,1.6620,0.6450,-0.5300,299.043150,41.233978,10.877
6021840,K05222.01,,CANDIDATE,CANDIDATE,,0,0,0,0,367.675800000,3.1930000e-02,-3.1930000e-02,370.2440000,5.510000e-02,-5.510000e-02,0.0213,0.4275,-0.0210,23.50000,1.40000,-1.40000,6.9950e+02,7.090e+01,-7.090e+01,2.77,1.420e+00,-2.600e-01,271.0,,,1.27,1.93,-0.37,14.00,1,q1_q16_tce,6140.00,156.00,-220.00,4.455,0.043,-0.329,1.0480,0.5370,-0.0980,283.515590,41.335819,15.343
6023571,K05223.01,,CANDIDATE,CANDIDATE,,0,0,0,0,354.211540000,1.0800000e-02,-1.0800000e-02,218.2990000,2.160000e-02,-2.160000e-02,0.2007,0.2508,-0.2007,18.59400,0.65000,-0.65000,8.2130e+02,4.330e+01,-4.330e+01,8.41,4.560e+00,-1.970e+00,363.0,,,4.12,6.59,-1.90,22.00,1,q1_q16_tce,4842.00,111.00,-103.00,3.562,0.184,-0.346,3.0350,1.6440,-0.7110,284.348600,41.319389,13.682
6025174,K05224.01,,CANDIDATE,CANDIDATE,0.8310,0,0,0,0,171.028691000,4.4280000e-03,-4.4280000e-03,301.7487000,2.240000e-02,-2.240000e-02,0.2600,0.2030,-0.2600,11.78400,0.64100,-0.64100,3.9420e+02,3.490e+01,-3.490e+01,2.49,4.200e-01,-2.100e-01,376.0,,,4.72,2.03,-0.97,13.10,1,q1_q17_dr25_tce,6123.00,73.00,-85.00,4.332,0.051,-0.119,1.2520,0.2100,-0.1050,285.175630,41.342499,14.892
3356156,K04976.01,,CANDIDATE,CANDIDATE,,0,0,0,0,624.903380000,1.7890000e-02,-1.7890000e-02,241.5869000,1.990000e-02,-1.990000e-02,0.0703,0.3814,-0.0702,12.16900,0.70700,-0.70700,2.4900e+02,2.470e+01,-2.470e+01,2.77,1.900e+00,-5.000e-01,320.0,,,2.48,5.49,-1.11,10.60,1,q1_q16_tce,7089.00,213.00,-337.00,4.148,0.110,-0.391,1.7290,1.1930,-0.3100,294.864140,38.480183,13.620
3425363,K04977.01,,CANDIDATE,CANDIDATE,,0,0,0,0,25.533853500,4.0430000e-04,-4.0430000e-04,153.5860000,1.390000e-02,-1.390000e-02,0.1577,0.4801,-0.1576,2.07600,0.56200,-0.56200,3.6800e+02,1.240e+02,-1.240e+02,1.18,1.000e-01,-1.100e-01,410.0,,,6.66,2.20,-1.83,8.30,1,q1_q16_tce,4445.00,134.00,-131.00,4.630,0.052,-0.031,0.6350,0.0550,-0.0610,285.529300,38.548141,15.573
3428127,K04978.01,,CANDIDATE,CANDIDATE,,0,0,0,0,339.189980000,1.4340000e-02,-1.4340000e-02,300.2366000,2.900000e-02,-2.900000e-02,0.2222,0.2486,-0.2221,5.11700,0.59700,-0.59700,8.2200e+02,1.240e+02,-1.240e+02,2.75,1.090e+00,-3.800e-01,253.0,,,0.96,1.20,-0.32,7.60,1,q1_q16_tce,5544.00,192.00,-159.00,4.402,0.120,-0.256,0.9660,0.3850,-0.1330,286.590760,38.558300,15.278
3428359,K04979.01,,FALSE POSITIVE,FALSE POSITIVE,,1,0,0,0,77.669678090,,,151.0243323,,,,,,3.01000,,,,,,,,,,,,,,,,1,q1_q16_tce,,,,,,,,,,286.682530,38.548820,13.528
3439031,K04980.01,,FALSE POSITIVE,FALSE POSITIVE,0.0000,0,1,0,0,2.976012511,1.4300000e-07,-1.4300000e-07,132.9704424,4.020000e-05,-4.020000e-05,0.4440,0.0030,-0.0020,6.52033,0.00161,-0.00161,4.4909e+05,7.040e+01,-7.040e+01,79.99,1.741e+01,-9.410e+00,1476.0,,,1119.89,693.98,-339.58,3630.40,1,q1_q17_dr25_tce,6572.00,147.00,-180.00,4.408,0.063,-0.147,1.0800,0.2350,-0.1270,290.132690,38.513680,11.287
3441795,K04981.01,,CANDIDATE,CANDIDATE,,0,0,0,0,349.736520000,1.1620000e-02,-1.1620000e-02,268.2946000,1.920000e-02,-1.920000e-02,0.0074,0.4518,-0.0073,3.42800,0.72200,-0.72200,8.8600e+02,1.690e+02,-1.690e+02,2.32,6.800e-01,-1.700e-01,216.0,,,0.52,0.47,-0.12,6.00,1,q1_q16_tce,5310.00,173.00,-142.00,4.582,0.025,-0.188,0.7960,0.2340,-0.0570,290.948460,38.565910,15.466
3449540,K04982.01,,FALSE POSITIVE,FALSE POSITIVE,0.0000,0,1,0,0,1.606003121,4.6000000e-08,-4.6000000e-08,132.4945147,2.410000e-05,-2.410000e-05,0.4960,0.0030,-0.0010,4.88602,0.00038,-0.00038,4.0255e+05,0.000e+00,0.000e+00,360.08,1.129e+02,-4.840e+01,3359.0,,,30041.73,24542.64,-8155.62,4679.30,1,q1_q17_dr25_tce,5297.00,69.00,-37.00,2.909,0.121,-0.148,5.0590,1.5860,-0.6800,292.936950,38.593071,14.194
3449870,K04983.01,,FALSE POSITIVE,FALSE POSITIVE,,1,0,0,0,61.438007000,1.1690000e-03,-1.1690000e-03,136.9729000,1.760000e-02,-1.760000e-02,0.7540,0.2121,-0.5108,3.86100,0.57000,-0.57000,2.5300e+02,3.610e+01,-3.610e+01,14.79,9.400e-01,-4.140e+00,1020.0,,,255.93,52.37,-143.96,9.00,1,q1_q16_tce,5080.00,80.00,-212.00,2.967,0.028,-0.033,8.5270,0.5440,-2.3850,293.007600,38.503670,13.213
4915582,K05101.01,,CANDIDATE,CANDIDATE,,0,0,0,0,436.188130000,2.5500000e-02,-2.5500000e-02,185.8184000,4.920000e-02,-4.920000e-02,0.0998,0.3626,-0.0997,11.35000,1.40000,-1.40000,1.1800e+02,1.650e+01,-1.650e+01,1.64,7.000e-01,-4.500e-01,331.0,,,2.84,3.55,-1.53,8.70,1,q1_q16_tce,6499.00,174.00,-204.00,4.084,0.261,-0.231,1.4970,0.6350,-0.4140,289.355590,40.068352,13.026
4917357,K05102.01,,FALSE POSITIVE,FALSE POSITIVE,,1,0,0,0,147.863607000,2.3130000e-03,-2.3130000e-03,259.5300000,1.240000e-02,-1.240000e-02,0.2482,0.2101,-0.2481,1.94800,0.35000,-0.35000,5.6000e+02,1.070e+02,-1.070e+02,2.03,6.400e-01,-1.300e-01,305.0,,,2.05,1.92,-0.44,6.60,1,q1_q16_tce,5485.00,154.00,-149.00,4.556,0.021,-0.242,0.8670,0.2750,-0.0560,289.860990,40.055641,15.109
4917658,K05103.01,,FALSE POSITIVE,FALSE POSITIVE,,1,0,0,0,586.917118070,,,275.4739232,,,,,,5.32000,,,,,,,,,,,,,,,,1,q1_q16_tce,,,,,,,,,,289.953060,40.011101,15.580
4918303,K05104.01,,CANDIDATE,CANDIDATE,0.9990,0,0,0,0,21.157957300,3.5020000e-04,-3.5020000e-04,150.5824000,1.360000e-02,-1.360000e-02,0.7750,0.1790,-0.5690,4.70600,0.37900,-0.37900,2.1590e+02,2.450e+01,-2.450e+01,1.63,4.500e-01,-1.600e-01,682.0,,,51.22,43.53,-15.20,10.20,1,q1_q17_dr25_tce,6063.00,190.00,-211.00,4.476,0.050,-0.200,1.0120,0.2820,-0.1010,290.124970,40.098381,15.531
4927738,K05105.01,,FALSE POSITIVE,FALSE POSITIVE,,1,0,0,0,19.545185000,7.4810000e-03,-7.4810000e-03,147.7330000,2.350000e-01,-2.350000e-01,0.5474,0.0841,-0.5212,1.59700,0.46400,-0.46400,4.0200e+01,1.930e+01,-1.930e+01,0.76,3.500e-01,-1.100e-01,790.0,,,92.09,122.65,-33.06,5.40,1,q1_q16_tce,6273.00,153.00,-185.00,4.311,0.128,-0.269,1.1600,0.5280,-0.1740,292.918520,40.052898,12.091
4937140,K05106.01,,FALSE POSITIVE,FALSE POSITIVE,,1,0,0,0,215.044269000,5.6710000e-03,-5.6710000e-03,225.6177000,1.890000e-02,-1.890000e-02,0.1210,0.3223,-0.1209,3.51700,0.77900,-0.77900,3.5110e+02,5.980e+01,-5.980e+01,1.89,7.100e-01,-2.800e-01,306.0,,,2.07,2.37,-0.74,8.70,1,q1_q16_tce,5651.00,187.00,-166.00,4.374,0.127,-0.244,1.0200,0.3810,-0.1510,295.338590,40.007870,14.088
4940376,K05107.01,,CANDIDATE,CANDIDATE,,0,0,0,0,169.330666000,2.4820000e-03,-2.4820000e-03,208.7974000,8.440000e-03,-8.440000e-03,0.5518,0.4117,-0.3398,2.60000,0.32600,-0.32600,5.3270e+02,6.610e+01,-6.610e+01,16.68,1.170e+00,-4.280e+00,698.0,,,56.11,12.84,-28.72,9.70,1,q1_q16_tce,5106.00,90.00,-155.00,3.006,0.033,-0.028,7.0520,0.4970,-1.8110,296.018520,40.087151,13.743
4945035,K05108.01,,FALSE POSITIVE,FALSE POSITIVE,0.0000,0,1,1,0,1.174683069,1.1190000e-06,-1.1190000e-06,131.8352540,7.770000e-04,-7.770000e-04,0.9800,0.0250,-0.0080,2.51670,0.06600,-0.06600,3.5640e+02,6.100e+00,-6.100e+00,3.06,9.100e-01,-5.700e-01,1901.0,,,3076.92,2791.17,-1294.25,87.50,1,q1_q17_dr25_tce,5974.00,181.00,-199.00,4.332,0.132,-0.198,1.1430,0.3440,-0.2120,296.990660,40.075298,14.009
6033602,K05225.01,,FALSE POSITIVE,FALSE POSITIVE,,1,0,0,0,33.294800500,4.7030000e-04,-4.7030000e-04,141.5302000,1.150000e-02,-1.150000e-02,0.0300,0.4141,-0.0299,2.99700,0.35100,-0.35100,2.1570e+02,3.790e+01,-3.790e+01,1.46,5.800e-01,-1.400e-01,600.0,,,30.67,35.55,-8.71,6.60,1,q1_q17_dr24_tce,6217.00,163.00,-202.00,4.472,0.048,-0.287,0.9890,0.3910,-0.0950,288.907350,41.355820,15.252
6034379,K05226.01,,CANDIDATE,CANDIDATE,,0,0,0,0,249.351540000,1.4950000e-02,-1.4950000e-02,133.9290000,6.080000e-02,-6.080000e-02,0.2745,0.1677,-0.2745,13.76000,1.30000,-1.30000,1.6370e+03,2.330e+02,-2.330e+02,4.42,0.000e+00,0.000e+00,289.0,,,1.65,0.00,0.00,8.20,1,q1_q16_tce,5780.00,,,4.438,,,1.0000,,,289.183720,41.343376,13.931
6034834,K05227.01,,CANDIDATE,CANDIDATE,,0,0,0,0,371.564920000,1.3900000e-02,-1.3900000e-02,259.8491000,3.160000e-02,-3.160000e-02,0.2626,0.1940,-0.2625,14.73600,0.69700,-0.69700,3.7550e+02,3.320e+01,-3.320e+01,1.89,8.200e-01,-3.500e-01,259.0,,,1.06,1.39,-0.43,16.20,1,q1_q16_tce,5735.00,172.00,-138.00,4.351,0.183,-0.272,0.9720,0.4220,-0.1830,289.345150,41.364780,14.058
6036286,K05228.01,,CANDIDATE,CANDIDATE,,0,0,0,0,546.533090000,4.2480000e-02,-4.2480000e-02,334.0585000,2.970000e-02,-2.970000e-02,0.6074,0.3210,-0.3998,16.04000,1.90000,-1.90000,7.5800e+02,8.110e+01,-8.110e+01,1.03,1.700e-01,-1.500e-01,94.0,,,0.02,0.01,-0.01,12.30,1,q1_q16_tce,3434.00,72.00,-73.00,4.892,0.060,-0.080,0.3600,0.0600,-0.0500,289.815670,41.396439,15.347
6038152,K05229.01,,CANDIDATE,CANDIDATE,,0,0,0,0,364.631890000,2.7080000e-02,-2.7080000e-02,145.6294000,7.170000e-02,-7.170000e-02,0.4524,0.0269,-0.4497,22.93000,2.50000,-2.50000,3.0280e+02,2.830e+01,-2.830e+01,2.06,1.130e+00,-2.400e-01,298.0,,,1.86,3.05,-0.60,13.30,1,q1_q16_tce,6446.00,162.00,-226.00,4.381,0.067,-0.317,1.1550,0.6320,-0.1350,290.398620,41.351559,14.425
6043490,K05230.01,,CANDIDATE,CANDIDATE,,0,0,0,0,330.738115000,8.0440000e-03,-8.0440000e-03,422.7107000,1.270000e-02,-1.270000e-02,0.1540,0.2933,-0.1540,4.99800,0.44700,-0.44700,3.3330e+02,3.550e+01,-3.550e+01,4.42,2.080e+00,-2.360e+00,375.0,,,4.70,6.84,-3.81,8.70,1,q1_q16_tce,5458.00,176.00,-191.00,3.755,0.539,-0.276,2.4530,1.1540,-1.3080,292.165440,41.329342,13.381
6045404,K05231.01,,CANDIDATE,CANDIDATE,,0,0,0,0,78.876125000,2.0880000e-03,-2.0880000e-03,205.1282000,2.100000e-02,-2.100000e-02,0.2209,0.2549,-0.2209,4.91200,0.39100,-0.39100,4.7230e+02,6.620e+01,-6.620e+01,2.03,8.400e-01,-1.900e-01,427.0,,,7.86,9.78,-2.23,8.10,1,q1_q16_tce,6046.00,177.00,-213.00,4.509,0.041,-0.301,0.9270,0.3840,-0.0840,292.740230,41.378960,15.819
6047853,K05232.01,,FALSE POSITIVE,FALSE POSITIVE,,0,0,0,0,476.397520000,3.4040000e-02,-3.4040000e-02,227.0486000,1.980000e-02,-1.980000e-02,0.2293,0.2089,-0.2291,12.13000,1.20000,-1.20000,2.8780e+02,2.870e+01,-2.870e+01,1.82,8.600e-01,-1.900e-01,261.0,,,1.09,1.53,-0.33,11.10,1,q1_q16_tce,6300.00,157.00,-204.00,4.401,0.071,-0.299,1.0640,0.5050,-0.1140,293.486050,41.320229,13.710
3459529,K04984.01,,FALSE POSITIVE,FALSE POSITIVE,,1,0,0,0,231.364508000,4.0130000e-03,-4.0130000e-03,299.7290000,1.820000e-02,-1.820000e-02,0.6598,0.0713,-0.4814,4.74700,0.79600,-0.79600,1.4880e+03,2.330e+02,-2.330e+02,2.45,2.700e-01,-2.000e-01,202.0,,,0.40,0.16,-0.11,9.20,1,q1_q16_tce,4691.00,173.00,-157.00,4.673,0.042,-0.055,0.6040,0.0660,-0.0480,295.274540,38.564781,15.267
3532510,K04985.01,,FALSE POSITIVE,FALSE POSITIVE,,1,0,0,0,106.779168000,1.1920000e-03,-1.1920000e-03,146.1145600,8.120000e-03,-8.120000e-03,0.0246,0.4301,-0.0246,1.90500,0.34300,-0.34300,1.6300e+02,2.830e+01,-2.830e+01,1.94,1.240e+00,-3.500e-01,555.0,,,22.43,45.35,-9.54,6.30,1,q1_q16_tce,7158.00,210.00,-281.00,4.210,0.114,-0.352,1.4940,0.9570,-0.2670,287.723790,38.624229,12.598
3540873,K04986.01,,CANDIDATE,CANDIDATE,,0,0,0,0,444.042570000,2.8420000e-02,-2.8420000e-02,334.6734000,3.990000e-02,-3.990000e-02,0.0620,0.3936,-0.0620,10.90000,1.10000,-1.10000,4.1740e+02,6.370e+01,-6.370e+01,1.48,4.700e-01,-8.000e-02,211.0,,,0.47,0.43,-0.10,7.40,1,q1_q16_tce,5776.00,167.00,-149.00,4.622,0.026,-0.199,0.7260,0.2280,-0.0420,290.354800,38.672531,14.795
3542117,K04987.01,,FALSE POSITIVE,FALSE POSITIVE,1.0000,0,0,1,0,12.574887200,2.3830000e-04,-2.3830000e-04,143.1278000,1.340000e-02,-1.340000e-02,0.0350,0.4320,-0.0350,3.54900,0.36200,-0.36200,7.3100e+02,1.030e+02,-1.030e+02,1.03,1.100e-01,-1.200e-01,349.0,,,3.49,1.04,-0.96,7.80,1,q1_q17_dr25_tce,3552.00,57.00,-71.00,4.867,0.045,-0.040,0.3870,0.0400,-0.0440,290.720610,38.697578,14.940
3542928,K04988.01,,FALSE POSITIVE,FALSE POSITIVE,,1,0,0,0,484.172005000,8.3060000e-03,-8.3060000e-03,545.2208000,1.030000e-02,-1.030000e-02,0.3737,0.0926,-0.3734,4.56600,0.49000,-0.49000,5.1820e+02,5.560e+01,-5.560e+01,2.38,1.100e+00,-2.300e-01,235.0,,,0.72,1.01,-0.21,11.30,1,q1_q16_tce,5858.00,168.00,-218.00,4.456,0.049,-0.311,1.0400,0.4830,-0.1010,290.961460,38.673439,13.881
3545749,K04989.01,,FALSE POSITIVE,FALSE POSITIVE,,1,0,1,0,277.774990000,3.6930000e-02,-3.6930000e-02,351.8290000,1.080000e-01,-1.080000e-01,0.6035,0.0434,-0.4867,7.07000,1.10000,-1.10000,1.0780e+03,1.850e+02,-1.850e+02,2.48,3.500e-01,-2.400e-01,216.0,,,0.52,0.27,-0.15,9.20,1,q1_q16_tce,4949.00,191.00,-155.00,4.561,0.058,-0.081,0.7300,0.1040,-0.0710,291.726200,38.686600,15.058
3546821,K04990.01,,FALSE POSITIVE,FALSE POSITIVE,,1,0,0,0,561.081910000,4.6620000e-02,-4.6620000e-02,133.5178000,5.740000e-02,-5.740000e-02,0.4298,0.0420,-0.4293,14.94000,7.30000,-7.30000,2.2910e+02,4.630e+01,-4.630e+01,1.93,1.040e+00,-3.500e-01,255.0,,,1.00,1.61,-0.41,9.80,1,q1_q16_tce,6014.00,148.00,-177.00,4.264,0.157,-0.282,1.2580,0.6750,-0.2330,292.007420,38.617329,12.602
3548645,K04991.01,,CANDIDATE,CANDIDATE,,0,0,0,0,211.330867000,7.4690000e-03,-7.4690000e-03,244.9530000,3.390000e-02,-3.390000e-02,0.0550,0.4073,-0.0549,4.66000,1.20000,-1.20000,5.3100e+02,1.030e+02,-1.030e+02,2.09,7.000e-01,-1.800e-01,300.0,,,1.92,1.90,-0.54,7.50,1,q1_q16_tce,5941.00,172.00,-213.00,4.519,0.036,-0.250,0.9110,0.3030,-0.0800,292.480900,38.654121,15.270
4946581,K05109.01,,FALSE POSITIVE,FALSE POSITIVE,0.0000,0,1,0,0,28.615014000,1.8730000e-03,-1.8730000e-03,147.7816000,4.840000e-02,-4.840000e-02,0.5050,0.4770,-0.3010,24.74000,2.10000,-2.10000,7.0500e+01,6.200e+00,-6.200e+00,1.69,2.800e-01,-4.600e-01,783.0,,,88.66,38.71,-44.80,13.50,1,q1_q17_dr25_tce,5562.00,88.00,-77.00,3.925,0.208,-0.096,1.9870,0.3210,-0.5500,297.360080,40.031841,14.091
4953262,K05110.01,,CANDIDATE,CANDIDATE,0.2330,0,0,0,0,105.590474800,9.0820000e-04,-9.0820000e-04,192.3038300,6.190000e-03,-6.190000e-03,0.7430,0.2330,-0.5040,2.18800,0.22200,-0.22200,2.9240e+02,3.760e+01,-3.760e+01,8.16,9.300e-01,-5.800e-01,670.0,,,47.59,14.87,-8.38,9.50,1,q1_q17_dr25_tce,4869.00,68.00,-58.00,3.193,0.030,-0.030,4.3830,0.5010,-0.3080,298.760410,40.052792,11.653
4996558,K05111.01,,FALSE POSITIVE,FALSE POSITIVE,0.0000,0,1,1,0,3.017155419,5.3220000e-06,-5.3220000e-06,133.6860700,1.410000e-03,-1.410000e-03,1.2310,0.2410,-0.0450,13.38980,0.08840,-0.08840,1.3818e+03,7.900e+00,-7.900e+00,38.71,1.020e+01,-1.136e+01,1486.0,,,1155.07,921.82,-650.98,223.50,1,q1_q17_dr25_tce,5893.00,178.00,-195.00,4.175,0.306,-0.165,1.3020,0.3430,-0.3820,286.916320,40.166668,13.871
5006817,K05112.01,,FALSE POSITIVE,FALSE POSITIVE,0.0000,1,0,0,0,94.818136000,,,186.3262000,,,,,,83.31000,,,,,,,,,,,,112.85,14.92,-59.74,,1,q1_q17_dr25_tce,,,,,,,,,,290.455960,40.145741,10.866
5008775,K05113.01,,FALSE POSITIVE,FALSE POSITIVE,,1,0,0,0,52.672762400,7.8620000e-04,-7.8620000e-04,178.5395000,1.140000e-02,-1.140000e-02,0.1764,0.2765,-0.1763,3.03900,0.36200,-0.36200,2.4800e+02,4.180e+01,-4.180e+01,1.64,7.500e-01,-1.400e-01,521.0,,,17.45,23.71,-4.61,6.70,1,q1_q16_tce,6184.00,168.00,-197.00,4.448,0.042,-0.293,1.0380,0.4730,-0.0880,291.108400,40.182991,15.101
5015027,K05114.01,,FALSE POSITIVE,FALSE POSITIVE,,1,0,0,0,34.488690300,3.8470000e-04,-3.8470000e-04,137.0068500,9.880000e-03,-9.880000e-03,0.5544,0.0531,-0.4832,1.22000,0.32200,-0.32200,5.9900e+01,1.610e+01,-1.610e+01,0.71,2.900e-01,-7.000e-02,524.0,,,17.87,21.35,-4.74,6.30,1,q1_q16_tce,5629.00,151.00,-134.00,4.487,0.062,-0.268,0.8860,0.3590,-0.0890,292.943480,40.117939,12.157
5016163,K05115.01,,FALSE POSITIVE,FALSE POSITIVE,0.0000,0,1,0,0,2.622830100,9.2000000e-08,-9.2000000e-08,131.8572135,2.850000e-05,-2.850000e-05,0.4880,0.0020,-0.0020,7.29719,0.00177,-0.00177,4.0971e+05,9.500e+01,-9.500e+01,70.62,2.180e+01,-8.720e+00,1403.0,,,917.98,838.39,-315.63,5312.70,1,q1_q17_dr25_tce,6233.00,175.00,-241.00,4.472,0.052,-0.195,0.9880,0.3050,-0.1220,293.278170,40.157082,15.768
5024476,K05116.01,,FALSE POSITIVE,FALSE POSITIVE,,1,0,0,0,222.068928000,3.3250000e-03,-3.3250000e-03,290.5872400,8.910000e-03,-8.910000e-03,0.1522,0.3619,-0.1522,1.93800,0.34100,-0.34100,6.4300e+02,1.680e+02,-1.680e+02,29.97,1.040e+00,-9.370e+00,782.0,,,88.22,17.90,-56.18,6.70,1,q1_q16_tce,5221.00,154.00,-332.00,2.766,0.022,-0.036,12.0420,0.4190,-3.7660,295.324010,40.154400,12.552
6058896,K05233.01,,FALSE POSITIVE,FALSE POSITIVE,0.0000,1,0,1,1,0.564933980,2.4700000e-07,-2.4700000e-07,131.7872770,3.740000e-04,-3.740000e-04,1.2600,0.4290,-0.1680,2.43850,0.02070,-0.02070,2.0670e+03,1.460e+01,-1.460e+01,30.51,7.680e+00,-5.740e+00,2206.0,,,5609.14,4279.93,-2336.04,166.00,1,q1_q17_dr25_tce,5808.00,174.00,-174.00,4.402,0.167,-0.185,0.8980,0.2260,-0.1690,296.373660,41.391830,14.784
6062298,K05234.01,,FALSE POSITIVE,FALSE POSITIVE,,1,0,1,0,246.121740000,1.6730000e-02,-1.6730000e-02,301.8089000,4.600000e-02,-4.600000e-02,67.1930,33.7600,-2.7620,18.00000,2.60000,-2.60000,6.8470e+03,9.880e+02,-9.880e+02,7233.87,0.000e+00,0.000e+00,291.0,,,1.68,0.00,0.00,9.20,1,q1_q16_tce,5780.00,,,4.438,,,1.0000,,,297.138920,41.300774,13.671
6065010,K05235.01,,FALSE POSITIVE,FALSE POSITIVE,,1,0,0,0,159.058460000,1.2750000e-02,-1.2750000e-02,209.2130000,4.340000e-02,-4.340000e-02,0.7004,0.0138,-0.5359,10.08000,2.40000,-2.40000,1.9430e+02,3.400e+01,-3.400e+01,1.54,6.400e-01,-1.700e-01,376.0,,,4.73,5.74,-1.42,6.30,1,q1_q16_tce,6365.00,158.00,-197.00,4.411,0.072,-0.280,1.0330,0.4300,-0.1130,297.767240,41.366531,12.885
6067545,K05236.01,,CANDIDATE,CANDIDATE,0.0000,0,0,0,0,550.865140000,1.2150000e-02,-1.2150000e-02,307.6878000,1.300000e-02,-1.300000e-02,0.0270,0.4280,-0.0270,14.54800,0.48600,-0.48600,3.4650e+02,1.930e+01,-1.930e+01,2.06,3.400e-01,-2.000e-01,238.0,,,0.76,0.31,-0.18,20.80,1,q1_q17_dr25_tce,5912.00,71.00,-82.00,4.367,0.080,-0.120,1.1150,0.1810,-0.1110,298.397980,41.314892,13.093
6115356,K05237.01,,CANDIDATE,CANDIDATE,,0,0,0,0,380.394740000,2.2290000e-02,-2.2290000e-02,502.2332000,2.220000e-02,-2.220000e-02,0.1094,0.3546,-0.1091,10.77500,0.95500,-0.95500,6.0300e+02,6.850e+01,-6.850e+01,1.84,8.000e-01,-1.200e-01,224.0,,,0.60,0.79,-0.13,8.60,1,q1_q16_tce,5772.00,180.00,-146.00,4.608,0.027,-0.272,0.7450,0.3250,-0.0470,289.200160,41.430752,15.326
6116605,K05238.01,,FALSE POSITIVE,FALSE POSITIVE,,1,0,0,0,419.213140000,1.9200000e-02,-1.9200000e-02,164.0745000,4.310000e-02,-4.310000e-02,0.9597,0.0135,-0.6675,6.38500,0.78000,-0.78000,2.0840e+03,2.180e+02,-2.180e+02,5.06,0.000e+00,0.000e+00,243.0,,,0.83,0.00,0.00,9.60,1,q1_q16_tce,5780.00,,,4.438,,,1.0000,,,289.621950,41.456196,11.000
6118840,K05239.01,,FALSE POSITIVE,FALSE POSITIVE,,1,0,0,0,350.984740000,4.1730000e-02,-4.1730000e-02,164.2084000,5.890000e-02,-5.890000e-02,0.0886,0.3642,-0.0885,14.49000,1.60000,-1.60000,6.0000e+02,7.320e+01,-7.320e+01,1.97,7.900e-01,-1.700e-01,228.0,,,0.63,0.79,-0.15,10.80,1,q1_q16_tce,5473.00,175.00,-143.00,4.537,0.043,-0.251,0.8160,0.3290,-0.0710,290.296880,41.483501,15.458
6129632,K05240.01,,FALSE POSITIVE,FALSE POSITIVE,,1,0,0,0,298.468800000,3.7510000e-03,-3.7510000e-03,303.9020000,9.600000e-03,-9.600000e-03,0.1765,0.2832,-0.1762,3.74800,0.30400,-0.30400,3.1540e+02,3.300e+01,-3.300e+01,11.33,7.900e-01,-3.100e+00,554.0,,,22.32,4.79,-12.01,10.60,1,q1_q16_tce,5189.00,78.00,-170.00,3.120,0.033,-0.028,6.4910,0.4520,-1.7760,293.699160,41.402222,11.454
3553900,K04992.01,,CANDIDATE,CANDIDATE,0.9690,0,0,0,0,12.574720700,1.2690000e-04,-1.2690000e-04,142.3455300,9.190000e-03,-9.190000e-03,0.5880,0.3740,-0.3880,2.89600,0.26600,-0.26600,3.2330e+02,3.610e+01,-3.610e+01,1.45,2.900e-01,-1.300e-01,693.0,,,54.46,33.35,-14.33,10.50,1,q1_q17_dr25_tce,5654.00,152.00,-169.00,4.590,0.036,-0.135,0.7740,0.1580,-0.0680,293.774480,38.654381,15.133
3554819,K04993.01,,FALSE POSITIVE,FALSE POSITIVE,,1,0,0,0,43.227930810,,,144.4486525,,,,,,1.39000,,,,,,,,,,,,,,,,1,q1_q16_tce,,,,,,,,,,293.998440,38.617439,12.654
3555178,K04994.01,,FALSE POSITIVE,FALSE POSITIVE,,1,0,0,0,528.109840000,5.2380000e-02,-5.2380000e-02,155.1493000,4.820000e-02,-4.820000e-02,0.2535,0.1815,-0.2533,18.01000,1.80000,-1.80000,8.9800e+01,1.210e+01,-1.210e+01,0.77,3.100e-01,-6.000e-02,201.0,,,0.39,0.47,-0.09,8.40,1,q1_q16_tce,5618.00,152.00,-134.00,4.566,0.031,-0.274,0.8110,0.3350,-0.0630,294.081910,38.630859,12.143
3632330,K04995.01,,FALSE POSITIVE,FALSE POSITIVE,,1,0,0,0,63.123797620,,,147.1950460,,,,,,1.87000,,,,,,,,,,,,,,,,1,q1_q16_tce,,,,,,,,,,287.328920,38.707802,15.008
3641216,K04996.01,,FALSE POSITIVE,FALSE POSITIVE,,1,0,0,0,358.544555520,,,376.8056254,,,,,,11.46000,,,,,,,,,,,,,,,,1,q1_q16_tce,,,,,,,,,,290.190860,38.779530,13.044
3644399,K04997.01,,FALSE POSITIVE,FALSE POSITIVE,0.0000,1,0,0,1,119.669671000,6.8290000e-03,-6.8290000e-03,176.1667000,5.560000e-02,-5.560000e-02,0.3320,0.1410,-0.3320,20.67000,1.20000,-1.20000,4.2190e+02,3.260e+01,-3.260e+01,2.21,6.300e-01,-2.600e-01,413.0,,,6.88,5.80,-2.21,14.20,1,q1_q17_dr25_tce,6382.00,169.00,-226.00,4.432,0.060,-0.180,1.0590,0.3050,-0.1220,291.129090,38.740528,15.493
3644649,K04998.01,,FALSE POSITIVE,FALSE POSITIVE,,1,0,0,0,598.317910000,4.3730000e-02,-4.3730000e-02,295.9314000,5.270000e-02,-5.270000e-02,0.5712,0.3891,-0.3560,16.07000,2.10000,-2.10000,2.8320e+02,4.410e+01,-4.410e+01,1.27,2.200e-01,-1.000e-01,173.0,,,0.21,0.12,-0.05,8.30,1,q1_q16_tce,5216.00,162.00,-132.00,4.613,0.029,-0.104,0.7350,0.1240,-0.0570,291.199710,38.711330,14.415
5027859,K05117.01,,CANDIDATE,CANDIDATE,0.9840,0,0,0,0,33.372653800,5.4840000e-04,-5.4840000e-04,153.5967000,1.520000e-02,-1.520000e-02,0.0380,0.4270,-0.0380,3.66300,0.41600,-0.41600,6.1840e+02,7.320e+01,-7.320e+01,1.95,4.300e-01,-1.500e-01,491.0,,,13.70,9.31,-3.42,10.10,1,q1_q17_dr25_tce,5504.00,166.00,-166.00,4.583,0.036,-0.144,0.7960,0.1760,-0.0630,296.018830,40.108009,15.986
5032842,K05118.01,,FALSE POSITIVE,FALSE POSITIVE,,1,0,0,0,18.407836710,,,139.3507372,,,,,,1.55000,,,,,,,,,,,,,,,,1,q1_q16_tce,,,,,,,,,,297.038910,40.116482,14.628
5036052,K05119.01,,CANDIDATE,CANDIDATE,,0,0,0,0,143.163697000,2.4000000e-03,-2.4000000e-03,243.7133000,1.170000e-02,-1.170000e-02,0.9527,0.0007,-0.6851,4.85400,0.43000,-0.43000,3.9030e+02,3.380e+01,-3.380e+01,20.03,8.800e-01,-5.290e+00,741.0,,,71.41,12.97,-39.85,12.90,1,q1_q16_tce,5145.00,106.00,-254.00,3.050,0.030,-0.031,7.6530,0.3340,-2.0230,297.788330,40.130909,12.644
5037742,K05120.01,,FALSE POSITIVE,FALSE POSITIVE,,0,1,0,0,250.485800000,2.2840000e-02,-2.2840000e-02,183.2500000,5.850000e-02,-5.850000e-02,0.3157,0.1689,-0.3157,12.72000,1.60000,-1.60000,6.7460e+02,9.960e+01,-9.960e+01,2.10,6.800e-01,-1.500e-01,246.0,,,0.86,0.88,-0.19,13.20,1,q1_q16_tce,5377.00,181.00,-154.00,4.581,0.023,-0.221,0.8140,0.2660,-0.0570,298.097600,40.140690,15.433
5039053,K05121.01,,FALSE POSITIVE,FALSE POSITIVE,0.0000,1,0,0,0,401.387120000,1.4710000e-02,-1.4710000e-02,328.5916000,3.480000e-02,-3.480000e-02,0.6660,0.2760,-0.4560,32.21000,1.10000,-1.10000,1.6620e+02,1.030e+01,-1.030e+01,2.04,3.500e-01,-4.300e-01,303.0,,,1.98,0.88,-0.81,18.60,1,q1_q17_dr25_tce,5858.00,79.00,-79.00,4.120,0.168,-0.098,1.4980,0.2560,-0.3130,298.328860,40.147171,12.616
5080565,K05122.01,,FALSE POSITIVE,FALSE POSITIVE,,1,0,0,0,49.312677000,4.2030000e-03,-4.2030000e-03,162.6380000,1.070000e-01,-1.070000e-01,0.5998,0.0379,-0.4837,4.05700,0.82400,-0.82400,1.7130e+03,3.330e+02,-3.330e+02,2.84,2.300e-01,-2.700e-01,342.0,,,3.22,1.04,-0.86,6.60,1,q1_q16_tce,4541.00,137.00,-127.00,4.608,0.049,-0.029,0.6660,0.0550,-0.0630,284.972170,40.208111,16.609
5091808,K05123.01,,FALSE POSITIVE,FALSE POSITIVE,,1,0,0,0,288.942760000,1.5340000e-02,-1.5340000e-02,193.4457000,4.190000e-02,-4.190000e-02,0.2515,0.1851,-0.2510,11.43000,1.30000,-1.30000,1.6060e+02,2.420e+01,-2.420e+01,1.05,5.600e-01,-1.300e-01,265.0,,,1.16,1.90,-0.37,6.70,1,q1_q16_tce,5786.00,185.00,-143.00,4.463,0.122,-0.338,0.8270,0.4340,-0.1080,289.537380,40.213310,14.242
6139220,K05241.01,,FALSE POSITIVE,FALSE POSITIVE,0.0000,0,1,0,0,273.685742700,4.5910000e-04,-4.5910000e-04,350.8515700,1.200000e-03,-1.200000e-03,1.0060,0.5310,-0.0620,8.38810,0.05110,-0.05110,1.5350e+04,9.040e+01,-9.040e+01,37.15,6.500e+00,-7.950e+00,367.0,,,4.27,1.95,-1.77,202.30,1,q1_q17_dr25_tce,6033.00,82.00,-82.00,4.071,0.182,-0.112,1.6500,0.2890,-0.3530,296.180300,41.413071,15.233
6143819,K05242.01,,FALSE POSITIVE,FALSE POSITIVE,,1,0,0,0,28.111709500,2.9100000e-04,-2.9100000e-04,138.3065100,6.740000e-03,-6.740000e-03,0.1158,0.3426,-0.1157,1.68900,0.26000,-0.26000,1.1940e+02,1.970e+01,-1.970e+01,1.19,0.000e+00,0.000e+00,599.0,,,30.39,0.00,0.00,6.50,1,q1_q16_tce,5780.00,,,4.438,,,1.0000,,,297.173830,41.471107,13.855
6145939,K05243.01,,FALSE POSITIVE,FALSE POSITIVE,0.0000,0,1,0,0,17.745456135,7.9190000e-06,-7.9190000e-06,137.6977540,3.580000e-04,-3.580000e-04,1.0490,0.1180,-0.0970,4.06780,0.01940,-0.01940,8.0258e+04,3.420e+02,-3.420e+02,116.14,2.473e+01,-5.771e+01,1106.0,,,353.47,236.89,-276.13,272.20,1,q1_q17_dr25_tce,6337.00,204.00,-227.00,3.826,0.504,-0.126,2.2160,0.4720,-1.1010,297.676510,41.428589,12.366
6149980,K05244.01,,FALSE POSITIVE,FALSE POSITIVE,,1,0,0,0,603.310200000,1.1520000e-02,-1.1520000e-02,151.0618000,1.280000e-02,-1.280000e-02,0.3142,0.1387,-0.3141,8.02500,0.55800,-0.55800,5.1790e+02,5.140e+01,-5.140e+01,2.60,1.350e+00,-2.900e-01,250.0,,,0.92,1.42,-0.29,11.90,1,q1_q16_tce,6446.00,160.00,-228.00,4.391,0.065,-0.311,1.1250,0.5860,-0.1240,298.606990,41.446011,13.911
6184894,K05245.01,Kepler-1627 b,CONFIRMED,CANDIDATE,1.0000,0,0,0,0,7.202811850,1.2740000e-05,-1.2740000e-05,135.1949900,1.470000e-03,-1.470000e-03,0.0280,0.4230,-0.0280,2.83050,0.06000,-0.06000,1.8326e+03,4.240e+01,-4.240e+01,3.06,3.500e-01,-3.200e-01,794.0,,,93.79,37.23,-26.16,49.40,1,q1_q17_dr25_tce,5388.00,161.00,-145.00,4.560,0.088,-0.064,0.7170,0.0820,-0.0740,284.056670,41.576729,13.028
6195792,K05246.01,,FALSE POSITIVE,FALSE POSITIVE,,1,0,0,0,36.477278800,9.7800000e-04,-9.7800000e-04,137.1924000,2.560000e-02,-2.560000e-02,0.5298,0.0044,-0.5298,2.09200,0.76000,-0.76000,4.6300e+02,1.460e+02,-1.460e+02,1.65,2.800e-01,-1.600e-01,427.0,,,7.89,4.61,-2.19,5.80,1,q1_q16_tce,4910.00,187.00,-151.00,4.545,0.058,-0.639,0.7550,0.1270,-0.0720,288.854430,41.574451,15.846
6197658,K05247.01,,CANDIDATE,CANDIDATE,,0,0,0,0,282.030900000,1.4160000e-01,-1.4160000e-01,162.5448000,7.940000e-02,-7.940000e-02,0.3315,0.1452,-0.3314,14.69000,1.90000,-1.90000,7.8200e+02,1.660e+02,-1.660e+02,3.22,2.210e+00,-3.500e-01,315.0,,,2.32,4.94,-0.75,11.80,1,q1_q16_tce,6343.00,153.00,-247.00,4.411,0.053,-0.386,1.1370,0.7810,-0.1230,289.525700,41.500488,14.810
6198670,K05248.01,,CANDIDATE,CANDIDATE,,0,0,0,0,179.254650000,2.2870000e-02,-2.2870000e-02,154.3773000,9.530000e-02,-9.530000e-02,0.1755,0.2656,-0.1753,22.35000,3.20000,-3.20000,2.7240e+02,3.390e+01,-3.390e+01,1.35,6.300e-01,-1.500e-01,301.0,,,1.94,2.80,-0.55,9.90,1,q1_q16_tce,5692.00,181.00,-148.00,4.496,0.082,-0.291,0.8200,0.3830,-0.0900,289.827090,41.524811,15.142
3646449,K04999.01,,CANDIDATE,CANDIDATE,0.9790,0,0,0,0,65.752109000,1.9340000e-03,-1.9340000e-03,183.3112000,2.490000e-02,-2.490000e-02,0.1090,0.3470,-0.1090,6.85400,0.61400,-0.61400,3.8250e+02,4.340e+01,-4.340e+01,2.00,2.900e-01,-1.400e-01,458.0,,,10.36,4.07,-1.86,9.90,1,q1_q17_dr25_tce,5816.00,78.00,-78.00,4.432,0.051,-0.119,1.0300,0.1540,-0.0710,291.659060,38.712158,15.478
3646515,K05000.01,,FALSE POSITIVE,FALSE POSITIVE,,1,0,0,0,249.613772950,,,201.4461838,,,,,,3.20000,,,,,,,,,,,,,,,,1,q1_q16_tce,,,,,,,,,,291.676030,38.794910,15.368
3647097,K05001.01,,CANDIDATE,CANDIDATE,,0,0,0,0,59.965517500,7.8480000e-04,-7.8480000e-04,140.9936000,1.220000e-02,-1.220000e-02,0.0853,0.3669,-0.0852,1.89000,0.46200,-0.46200,3.1010e+02,5.890e+01,-5.890e+01,1.92,8.600e-01,-2.500e-01,481.0,,,12.67,17.00,-4.31,5.50,1,q1_q16_tce,5729.00,168.00,-180.00,4.372,0.099,-0.279,1.1050,0.4910,-0.1480,291.824710,38.779911,14.647
3730176,K05002.01,,FALSE POSITIVE,FALSE POSITIVE,,1,0,0,0,399.496710000,2.0310000e-02,-2.0310000e-02,368.4202000,1.470000e-02,-1.470000e-02,0.0814,0.3941,-0.0813,5.35100,0.98700,-0.98700,1.3930e+02,3.930e+01,-3.930e+01,1.39,8.200e-01,-1.900e-01,286.0,,,1.59,2.79,-0.55,6.90,1,q1_q16_tce,6224.00,149.00,-183.00,4.321,0.110,-0.320,1.1770,0.6870,-0.1650,285.857300,38.820068,12.796
3748239,K05003.01,,CANDIDATE,CANDIDATE,,0,0,0,0,112.951287000,3.7360000e-03,-3.7360000e-03,172.0238000,1.820000e-02,-1.820000e-02,0.3936,0.0574,-0.3933,4.28400,0.74600,-0.74600,5.5560e+02,8.760e+01,-8.760e+01,15.19,4.580e+00,-7.050e+00,783.0,,,88.86,73.74,-66.54,7.30,1,q1_q16_tce,5215.00,101.00,-172.00,3.073,0.352,-0.289,6.4280,1.9400,-2.9830,291.787050,38.863152,13.446
3751118,K05004.01,,CANDIDATE,CANDIDATE,,0,0,0,0,103.363691000,2.2700000e-03,-2.2700000e-03,194.1520000,1.870000e-02,-1.870000e-02,0.5904,0.0366,-0.4683,6.01200,0.85400,-0.85400,3.5910e+02,4.370e+01,-4.370e+01,2.00,9.500e-01,-1.800e-01,385.0,,,5.19,7.35,-1.42,9.40,1,q1_q16_tce,5762.00,155.00,-186.00,4.461,0.048,-0.317,1.0220,0.4840,-0.0920,292.557800,38.850300,14.505
3755522,K05005.01,,FALSE POSITIVE,FALSE POSITIVE,0.0000,0,0,1,0,251.958533000,4.1040000e-03,-4.1040000e-03,367.3803000,1.120000e-02,-1.120000e-02,0.0050,0.4310,-0.0050,4.74200,0.28700,-0.28700,2.0410e+02,1.510e+01,-1.510e+01,1.40,2.000e-01,-1.100e-01,291.0,,,1.69,0.64,-0.33,15.30,1,q1_q17_dr25_tce,5870.00,70.00,-79.00,4.449,0.051,-0.119,0.9850,0.1430,-0.0770,293.653780,38.833900,12.289
5094412,K05124.01,,CANDIDATE,CANDIDATE,0.0000,0,0,0,0,276.879492000,2.5260000e-03,-2.5260000e-03,176.5215200,6.690000e-03,-6.690000e-03,1.0450,0.0320,-0.7350,3.77900,0.31500,-0.31500,1.7620e+03,1.840e+02,-1.840e+02,11.67,1.080e+00,-1.420e+00,260.0,,,1.08,0.30,-0.29,10.40,1,q1_q17_dr25_tce,5324.00,85.00,-74.00,4.396,0.126,-0.063,0.9660,0.0890,-0.1180,290.298400,40.287842,15.772
5105886,K05125.01,,FALSE POSITIVE,FALSE POSITIVE,,1,0,0,0,389.169027000,5.4260000e-03,-5.4260000e-03,388.2063000,1.150000e-02,-1.150000e-02,0.2117,0.2421,-0.2115,3.75900,0.30700,-0.30700,5.1330e+02,6.170e+01,-6.170e+01,15.36,1.290e+00,-3.780e+00,519.0,,,17.15,4.35,-8.61,7.70,1,q1_q16_tce,5075.00,83.00,-165.00,3.031,0.027,-0.033,6.9180,0.5800,-1.7040,293.666410,40.203629,13.443
5110453,K05126.01,,CANDIDATE,CANDIDATE,,0,0,0,0,418.043550000,7.7290000e-03,-7.7290000e-03,194.7139000,1.630000e-02,-1.630000e-02,0.8391,0.1068,-0.6023,10.77700,0.48300,-0.48300,4.8160e+02,4.200e+01,-4.200e+01,13.73,1.350e+00,-3.010e+00,463.0,,,10.83,3.25,-4.99,10.80,1,q1_q16_tce,5110.00,96.00,-155.00,3.184,0.031,-0.029,5.4690,0.5390,-1.1970,294.848020,40.240879,13.637
5113146,K05127.01,,FALSE POSITIVE,FALSE POSITIVE,0.0000,0,1,0,0,18.789709840,2.5810000e-05,-2.5810000e-05,143.8246500,1.850000e-03,-1.850000e-03,1.1720,0.1350,-0.1200,4.13997,0.00971,-0.00971,4.0789e+04,9.600e+01,-9.600e+01,44.01,8.820e+00,-5.870e+00,752.0,,,75.60,46.95,-25.98,488.70,1,q1_q17_dr25_tce,6477.00,194.00,-214.00,4.439,0.135,-0.165,0.8840,0.1770,-0.1180,295.406980,40.242409,15.115
5130563,K05128.01,,FALSE POSITIVE,FALSE POSITIVE,0.0000,0,0,1,0,0.915782856,8.8860000e-06,-8.8860000e-06,132.2759100,7.810000e-03,-7.810000e-03,1.2090,6.6580,-0.1080,2.24000,0.48100,-0.48100,3.0100e+02,5.010e+01,-5.010e+01,32.86,1.009e+01,-6.730e+00,2307.0,,,6663.73,6046.45,-3061.80,7.70,1,q1_q17_dr25_tce,6318.00,177.00,-243.00,4.256,0.153,-0.204,1.3330,0.4090,-0.2730,299.186860,40.205929,13.806
5131276,K05129.01,,FALSE POSITIVE,FALSE POSITIVE,0.9280,0,1,0,0,0.668827160,2.3860000e-05,-2.3860000e-05,131.8692000,2.080000e-02,-2.080000e-02,0.5140,0.1150,-0.5140,1.06900,0.32300,-0.32300,6.8200e+01,1.640e+01,-1.640e+01,124.42,1.114e+01,-6.317e+01,13184.0,,,7165673.12,1752194.13,-5600031.33,6.20,1,q1_q17_dr25_tce,3711.00,44.00,-95.00,0.652,0.195,-0.078,150.0910,13.4470,-76.1990,299.321560,40.265339,11.598
5166811,K05130.01,,CANDIDATE,CANDIDATE,,0,0,0,0,370.059180000,2.0270000e-02,-2.0270000e-02,311.4740000,4.520000e-02,-4.520000e-02,0.0166,0.4255,-0.0166,11.86000,1.30000,-1.30000,6.6980e+02,9.040e+01,-9.040e+01,1.90,4.400e-01,-1.500e-01,206.0,,,0.43,0.31,-0.10,8.60,1,q1_q16_tce,5228.00,176.00,-141.00,4.592,0.031,-0.132,0.7510,0.1730,-0.0580,284.465850,40.314941,15.612
5174677,K05131.01,,FALSE POSITIVE,FALSE POSITIVE,0.0000,0,1,0,0,43.542878100,4.6210000e-04,-4.6210000e-04,150.4229000,1.050000e-02,-1.050000e-02,0.9840,6.9720,-0.0150,3.67680,0.08940,-0.08940,5.4470e+03,1.240e+02,-1.240e+02,17.47,5.320e+00,-3.550e+00,688.0,,,53.04,47.83,-24.26,52.10,1,q1_q17_dr25_tce,6669.00,187.00,-257.00,4.224,0.144,-0.192,1.4270,0.4350,-0.2900,287.963750,40.310322,15.223
6203955,K05249.01,,CANDIDATE,CANDIDATE,0.9540,0,0,0,0,19.453429600,3.8210000e-04,-3.8210000e-04,139.3373000,1.880000e-02,-1.880000e-02,0.0460,0.3980,-0.0460,4.87300,0.51000,-0.51000,1.4900e+02,1.780e+01,-1.780e+01,1.25,3.800e-01,-1.700e-01,744.0,,,72.59,65.57,-25.64,9.80,1,q1_q17_dr25_tce,6372.00,176.00,-242.00,4.453,0.054,-0.216,1.0150,0.3110,-0.1330,291.505890,41.550388,14.518
6205384,K05250.01,,FALSE POSITIVE,FALSE POSITIVE,0.0000,1,0,1,1,3.722736830,6.9790000e-05,-6.9790000e-05,134.6473000,1.650000e-02,-1.650000e-02,0.5200,0.4510,-0.3210,8.55200,0.55800,-0.55800,3.7800e+01,3.100e+00,-3.100e+00,0.52,6.000e-02,-3.000e-02,1104.0,,,350.89,105.99,-49.33,14.70,1,q1_q17_dr25_tce,5898.00,79.00,-79.00,4.567,0.022,-0.088,0.8190,0.0910,-0.0390,291.960270,41.578609,13.945
6205405,K05251.01,,FALSE POSITIVE,FALSE POSITIVE,0.0000,1,0,1,1,3.722936900,1.4290000e-04,-1.4290000e-04,134.6174000,4.530000e-02,-4.530000e-02,0.8960,0.0590,-0.6680,10.57000,1.50000,-1.50000,6.5200e+01,4.700e+00,-4.700e+00,0.46,3.000e-02,-3.000e-02,591.0,,,28.81,6.21,-5.93,18.60,1,q1_q17_dr25_tce,3724.00,73.00,-73.00,4.767,0.042,-0.025,0.4800,0.0290,-0.0350,291.966830,41.549751,14.541
6206470,K05252.01,,FALSE POSITIVE,FALSE POSITIVE,0.0000,0,0,0,1,1.804550620,1.6800000e-05,-1.6800000e-05,132.4262000,1.000000e-02,-1.000000e-02,0.3480,0.1010,-0.3480,2.16600,0.19300,-0.19300,3.9700e+01,3.700e+00,-3.700e+00,0.65,2.000e-01,-9.000e-02,1577.0,,,1457.85,1304.66,-482.02,12.50,1,q1_q17_dr25_tce,6006.00,162.00,-180.00,4.410,0.090,-0.195,1.0190,0.3110,-0.1330,292.314760,41.582321,13.730
6263468,K05253.01,,FALSE POSITIVE,FALSE POSITIVE,,1,0,0,0,10.195506500,1.0440000e-04,-1.0440000e-04,140.2664300,9.240000e-03,-9.240000e-03,0.5396,0.4392,-0.3280,2.44700,0.28300,-0.28300,2.2140e+02,3.540e+01,-3.540e+01,1.02,1.980e+00,-9.000e-02,661.0,,,45.18,397.18,-11.47,7.00,1,q1_q16_tce,5182.00,156.00,-137.00,4.601,0.064,-0.929,0.6660,1.2980,-0.0590,282.928620,41.606091,15.050
6266866,K05254.01,,CANDIDATE,CANDIDATE,,0,0,0,0,232.916142000,4.6210000e-03,-4.6210000e-03,162.1441000,1.430000e-02,-1.430000e-02,0.2313,0.2313,-0.2310,7.03700,0.61300,-0.61300,6.4800e+01,8.500e+00,-8.500e+00,1.20,5.300e-01,-3.400e-01,361.0,,,4.02,5.18,-2.17,8.50,1,q1_q16_tce,5807.00,147.00,-155.00,4.108,0.255,-0.219,1.4960,0.6570,-0.4250,284.591640,41.639271,10.926
6277594,K05255.01,,FALSE POSITIVE,FALSE POSITIVE,0.0000,0,1,0,0,3.661155360,9.4410000e-05,-9.4410000e-05,133.7708000,2.030000e-02,-2.030000e-02,0.6760,0.2430,-0.4410,14.80700,0.50200,-0.50200,3.4300e+01,1.500e+00,-1.500e+00,0.81,1.800e-01,-1.400e-01,1466.0,,,1093.71,698.17,-433.44,27.80,1,q1_q17_dr25_tce,6356.00,160.00,-176.00,4.241,0.140,-0.140,1.3080,0.2850,-0.2330,289.393160,41.696701,13.164
9002278,K00701.04,Kepler-62 f,CONFIRMED,CANDIDATE,0.0000,0,0,0,0,267.282521000,4.8100000e-03,-4.8100000e-03,589.7197500,9.160000e-03,-9.160000e-03,0.3780,0.0920,-0.3780,7.78800,0.37400,-0.37400,4.7190e+02,2.690e+01,-2.690e+01,1.43,8.000e-02,-6.000e-02,207.0,,,0.44,0.09,-0.07,19.30,4,q1_q17_dr25_tce,4926.00,98.00,-98.00,4.653,0.017,-0.049,0.6620,0.0410,-0.0270,283.212740,45.349861,13.725
6026438,K02045.03,Kepler-354 c,CONFIRMED,CANDIDATE,0.9920,0,0,0,0,16.934810400,1.9900000e-04,-1.9900000e-04,137.2502000,1.030000e-02,-1.030000e-02,0.4710,0.4710,-0.2750,3.40800,0.27800,-0.27800,3.4630e+02,3.450e+01,-3.450e+01,1.31,9.000e-02,-1.100e-01,508.0,,,15.77,4.12,-4.11,11.50,3,q1_q17_dr25_tce,4650.00,125.00,-139.00,4.589,0.048,-0.028,0.7060,0.0460,-0.0610,285.751460,41.335640,15.549
3229150,K02150.02,,CANDIDATE,CANDIDATE,0.9970,0,0,0,0,44.705587600,7.5440000e-04,-7.5440000e-04,149.6448000,1.420000e-02,-1.420000e-02,1.6920,71.2600,-5.2080,6.26200,0.66400,-0.66400,4.7180e+02,4.650e+01,-4.650e+01,72.59,2.183e+01,-7.270e+00,509.0,,,15.83,14.27,-4.60,12.00,2,q1_q17_dr25_tce,5942.00,176.00,-193.00,4.506,0.039,-0.208,0.9380,0.2820,-0.0940,289.842860,38.309601,15.253
11360805,K02422.02,,CANDIDATE,CANDIDATE,0.8520,0,0,0,0,57.388826200,5.8230000e-04,-5.8230000e-04,141.6251600,7.520000e-03,-7.520000e-03,0.8760,0.0830,-0.6770,3.54300,0.21500,-0.21500,3.4440e+02,3.160e+01,-3.160e+01,1.88,1.400e-01,-1.000e-01,406.0,,,6.41,1.46,-0.99,11.90,2,q1_q17_dr25_tce,5242.00,84.00,-73.00,4.512,0.050,-0.061,0.8560,0.0630,-0.0460,296.550050,49.102322,14.803
3757521,K05006.01,,CANDIDATE,CANDIDATE,,0,0,0,0,126.514576380,,,167.3005742,,,,,,2.15000,,,,,,,,,,,,,,,,1,q1_q16_tce,,,,,,,,,,294.123690,38.815830,12.500
3758499,K05007.01,,CANDIDATE,CANDIDATE,0.9750,0,0,0,0,14.516815100,2.2990000e-04,-2.2990000e-04,137.5579000,1.320000e-02,-1.320000e-02,0.6070,0.0310,-0.4820,5.79600,0.45600,-0.45600,8.6000e+01,8.700e+00,-8.700e+00,1.82,4.200e-01,-7.800e-01,1030.0,,,265.78,188.13,-189.40,11.70,1,q1_q17_dr25_tce,5934.00,178.00,-178.00,3.945,0.440,-0.110,1.8850,0.4370,-0.8110,294.367340,38.846889,13.698
3763724,K05008.01,,FALSE POSITIVE,FALSE POSITIVE,,1,0,0,0,225.434204220,,,210.1832295,,,,,,13.02000,,,,,,,,,,,,,,,,1,q1_q16_tce,,,,,,,,,,295.558170,38.846802,15.166
3834728,K05009.01,,CANDIDATE,CANDIDATE,,0,0,0,0,359.986530000,1.2090000e-02,-1.2090000e-02,352.5338000,2.830000e-02,-2.830000e-02,0.3719,0.0874,-0.3718,3.86600,0.86000,-0.86000,6.7100e+02,1.410e+02,-1.410e+02,1.76,2.900e-01,-1.300e-01,200.0,,,0.38,0.19,-0.09,5.60,1,q1_q16_tce,5171.00,154.00,-138.00,4.626,0.037,-0.083,0.6770,0.1100,-0.0510,286.232330,38.991749,15.155
3836450,K05010.01,,FALSE POSITIVE,FALSE POSITIVE,0.0000,0,0,1,1,1.540399732,7.3060000e-06,-7.3060000e-06,131.9929600,5.020000e-03,-5.020000e-03,0.1060,0.3640,-0.1060,1.63000,0.17400,-0.17400,5.7600e+01,5.000e+00,-5.000e+00,0.58,7.000e-02,-6.000e-02,1312.0,,,700.19,273.40,-205.07,14.80,1,q1_q17_dr25_tce,5160.00,153.00,-138.00,4.518,0.088,-0.064,0.7840,0.0880,-0.0880,286.952060,38.960941,13.328
3836509,K05011.01,,FALSE POSITIVE,FALSE POSITIVE,0.0000,0,0,1,1,1.540389045,2.5900000e-06,-2.5900000e-06,131.9998700,1.430000e-03,-1.430000e-03,0.1360,0.3230,-0.1360,1.83250,0.04630,-0.04630,4.8570e+02,1.190e+01,-1.190e+01,32.54,1.400e+00,-1.253e+01,4379.0,,,86889.72,13203.89,-60407.72,48.60,1,q1_q17_dr25_tce,4964.00,72.00,-260.00,2.562,0.033,-0.030,15.1550,0.6490,-5.8380,286.971800,38.936481,13.561
3836522,K05012.01,,FALSE POSITIVE,FALSE POSITIVE,0.0000,0,0,1,1,1.540393027,1.5040000e-06,-1.5040000e-06,131.9984490,8.780000e-04,-8.780000e-04,0.3430,0.6500,-0.3430,1.75000,0.29800,-0.29800,5.2620e+02,2.410e+01,-2.410e+01,2.17,5.500e-01,-3.600e-01,1502.0,,,1200.85,923.52,-457.50,72.10,1,q1_q17_dr25_tce,5466.00,164.00,-147.00,4.396,0.162,-0.198,0.9460,0.2400,-0.1600,286.977450,38.913261,14.844
3846515,K05013.01,,FALSE POSITIVE,FALSE POSITIVE,0.1360,0,0,1,0,0.888045184,3.1530000e-06,-3.1530000e-06,131.8468500,2.700000e-03,-2.700000e-03,0.4910,0.0050,-0.4910,2.19610,0.08840,-0.08840,9.0600e+01,4.200e+00,-4.200e+00,2.04,4.500e-01,-6.000e-01,2870.0,,,15984.12,10822.39,-9138.89,26.60,1,q1_q17_dr25_tce,6316.00,203.00,-226.00,3.908,0.266,-0.114,2.0870,0.4500,-0.6180,290.330260,38.917721,12.807
5179609,K05132.01,,FALSE POSITIVE,FALSE POSITIVE,0.9460,0,1,0,0,43.931159600,1.5320000e-05,-1.5320000e-05,134.2140290,2.920000e-04,-2.920000e-04,0.8550,0.0010,-0.0010,12.93950,0.01780,-0.01780,9.3044e+03,1.150e+01,-1.150e+01,58.37,9.230e+00,-1.714e+01,902.0,,,156.74,62.00,-85.16,1070.30,1,q1_q17_dr25_tce,4888.00,49.00,-107.00,3.257,0.188,-0.101,5.1320,0.8110,-1.5070,289.611390,40.335838,12.776
5181086,K05133.01,,FALSE POSITIVE,FALSE POSITIVE,,1,0,0,0,494.624090000,2.5580000e-02,-2.5580000e-02,242.5567000,2.100000e-02,-2.100000e-02,0.4064,0.0998,-0.4063,8.36000,2.90000,-2.90000,3.0700e+02,1.180e+02,-1.180e+02,1.04,9.000e-02,-1.200e-01,145.0,,,0.11,0.03,-0.04,6.00,1,q1_q16_tce,4302.00,121.00,-145.00,4.647,0.067,-0.028,0.6040,0.0500,-0.0690,290.040500,40.337379,14.205
5181299,K05134.01,,CANDIDATE,CANDIDATE,,0,0,0,0,573.238260000,1.0760000e-02,-1.0760000e-02,343.3130000,1.330000e-02,-1.330000e-02,0.0078,0.4588,-0.0077,2.64100,0.50400,-0.50400,4.7010e+02,8.780e+01,-8.780e+01,6.93,3.260e+00,-1.990e+00,338.0,,,3.09,4.27,-1.70,6.80,1,q1_q16_tce,5172.00,126.00,-159.00,3.534,0.228,-0.303,3.2640,1.5360,-0.9350,290.099910,40.386581,13.815
5184144,K05135.01,,CANDIDATE,CANDIDATE,,0,0,0,0,314.765374000,5.6220000e-03,-5.6220000e-03,283.1235000,1.800000e-02,-1.800000e-02,0.1580,0.3571,-0.1580,3.32500,0.75000,-0.75000,7.3200e+02,1.610e+02,-1.610e+02,2.00,4.600e-01,-1.500e-01,217.0,,,0.53,0.37,-0.13,7.50,1,q1_q16_tce,5228.00,176.00,-142.00,4.600,0.028,-0.137,0.7550,0.1710,-0.0570,290.934360,40.358158,15.578
5192660,K05136.01,,FALSE POSITIVE,FALSE POSITIVE,,1,0,0,0,110.752141250,,,174.9520694,,,,,,2.09000,,,,,,,,,,,,,,,,1,q1_q16_tce,,,,,,,,,,293.449220,40.326302,12.372
5193813,K05137.01,,FALSE POSITIVE,FALSE POSITIVE,,1,0,0,0,121.182504500,,,213.3594926,,,,,,2.97000,,,,,,,,,,,,,,,,1,q1_q16_tce,,,,,,,,,,293.778500,40.309200,13.476
5199426,K05138.01,,FALSE POSITIVE,FALSE POSITIVE,0.0000,0,1,0,0,78.604360610,4.6360000e-06,-4.6360000e-06,143.9949276,4.150000e-05,-4.150000e-05,0.8280,0.0140,-0.0110,4.65559,0.00230,-0.00230,7.8104e+04,4.280e+01,-4.280e+01,34.80,1.032e+01,-4.410e+00,438.0,,,8.68,7.54,-2.82,2384.60,1,q1_q17_dr25_tce,5938.00,160.00,-178.00,4.427,0.098,-0.196,0.9850,0.2920,-0.1250,295.180880,40.339882,14.080
5211631,K05139.01,,FALSE POSITIVE,FALSE POSITIVE,,1,0,0,0,294.202469000,9.8740000e-03,-9.8740000e-03,221.2782000,2.380000e-02,-2.380000e-02,0.0219,0.4643,-0.0218,2.36000,1.40000,-1.40000,2.4820e+02,5.860e+01,-5.860e+01,2.61,1.280e+00,-6.600e-01,401.0,,,6.09,8.82,-3.12,5.20,1,q1_q16_tce,6897.00,167.00,-235.00,4.121,0.182,-0.278,1.6350,0.8030,-0.4110,297.740510,40.347881,11.733
6281127,K05256.01,,FALSE POSITIVE,FALSE POSITIVE,,1,0,0,0,588.105040000,2.9140000e-02,-2.9140000e-02,289.5538000,2.440000e-02,-2.440000e-02,0.3168,0.1449,-0.3167,15.47400,0.93300,-0.93300,3.2660e+02,3.670e+01,-3.670e+01,1.77,7.000e-01,-1.900e-01,231.0,,,0.67,0.78,-0.20,11.00,1,q1_q16_tce,6214.00,166.00,-197.00,4.457,0.061,-0.286,0.9650,0.3830,-0.1000,290.473750,41.627548,14.514
6285906,K05257.01,,FALSE POSITIVE,FALSE POSITIVE,,1,0,0,0,116.170346000,1.6810000e-03,-1.6810000e-03,205.5026000,1.240000e-02,-1.240000e-02,0.6637,0.1223,-0.4479,2.65600,0.50600,-0.50600,4.3520e+02,8.860e+01,-8.860e+01,1.68,5.900e-01,-1.200e-01,320.0,,,2.49,2.70,-0.56,6.00,1,q1_q16_tce,5510.00,175.00,-144.00,4.594,0.030,-0.211,0.7620,0.2710,-0.0550,292.088680,41.602459,15.232
6287131,K05258.01,,FALSE POSITIVE,FALSE POSITIVE,,1,0,0,0,452.300530000,1.5050000e-02,-1.5050000e-02,261.1684000,1.460000e-02,-1.460000e-02,0.6613,0.0239,-0.4899,5.91800,0.61900,-0.61900,8.0900e+02,1.350e+02,-1.350e+02,2.29,5.900e-01,-1.600e-01,199.0,,,0.37,0.29,-0.08,7.70,1,q1_q16_tce,5396.00,160.00,-147.00,4.599,0.026,-0.163,0.7660,0.1970,-0.0540,292.481410,41.634289,15.494
6289459,K05259.01,,FALSE POSITIVE,FALSE POSITIVE,,1,0,0,0,39.593105300,6.1530000e-04,-6.1530000e-04,141.0746000,1.400000e-02,-1.400000e-02,0.0044,0.4757,-0.0043,2.30600,0.59800,-0.59800,1.5660e+02,4.230e+01,-4.230e+01,1.22,5.100e-01,-1.100e-01,546.0,,,21.06,26.65,-6.05,5.70,1,q1_q16_tce,6046.00,172.00,-218.00,4.486,0.044,-0.298,0.9720,0.4110,-0.0890,293.249360,41.659611,13.804
6289897,K05260.01,,FALSE POSITIVE,FALSE POSITIVE,0.0000,0,0,1,1,1.559357180,1.0180000e-05,-1.0180000e-05,132.5426400,6.180000e-03,-6.180000e-03,0.5680,0.0030,-0.4900,2.89200,0.15600,-0.15600,4.9700e+01,3.200e+00,-3.200e+00,1.39,3.000e-01,-4.800e-01,2389.0,,,7676.02,4760.67,-4747.83,17.90,1,q1_q17_dr25_tce,6475.00,156.00,-176.00,3.921,0.294,-0.105,1.9000,0.4060,-0.6600,293.373960,41.624859,13.357
6290467,K05261.01,,FALSE POSITIVE,FALSE POSITIVE,,1,0,0,0,100.629443000,1.8650000e-03,-1.8650000e-03,189.6247000,1.160000e-02,-1.160000e-02,0.0726,0.4210,-0.0726,1.70800,0.39200,-0.39200,3.5570e+02,8.990e+01,-8.990e+01,1.75,5.700e-01,-1.400e-01,412.0,,,6.84,6.46,-1.81,4.70,1,q1_q16_tce,6351.00,162.00,-209.00,4.513,0.038,-0.252,0.9210,0.3000,-0.0770,293.544220,41.652641,15.080
6309307,K05262.01,,CANDIDATE,CANDIDATE,,0,0,0,0,438.983960000,2.0880000e-02,-2.0880000e-02,487.8174000,3.050000e-02,-3.050000e-02,0.5460,0.4179,-0.3273,9.62000,1.30000,-1.30000,7.4520e+02,8.040e+01,-8.040e+01,32.58,1.070e+00,-1.099e+01,599.0,,,30.43,3.50,-19.19,14.00,1,q1_q16_tce,5053.00,56.00,-214.00,2.770,0.030,-0.029,11.7060,0.3850,-3.9500,298.196960,41.650452,12.356
6342980,K05263.01,,FALSE POSITIVE,FALSE POSITIVE,,1,0,0,0,273.169948000,4.2210000e-03,-4.2210000e-03,309.8405200,9.090000e-03,-9.090000e-03,0.3259,0.1391,-0.3258,2.70100,0.44400,-0.44400,2.8330e+02,4.700e+01,-4.700e+01,2.80,1.190e+00,-9.300e-01,362.0,,,4.08,5.36,-2.48,6.20,1,q1_q16_tce,5880.00,189.00,-195.00,4.035,0.300,-0.209,1.6500,0.7060,-0.5460,283.164460,41.778519,13.831
8753896,K02473.03,Kepler-389 c,CONFIRMED,CANDIDATE,0.9400,0,0,0,0,14.512362200,2.8400000e-04,-2.8400000e-04,143.8154000,1.670000e-02,-1.670000e-02,0.9270,0.0270,-0.6270,4.16300,0.31500,-0.31500,3.5580e+02,3.500e+01,-3.500e+01,2.08,8.000e-02,-1.800e-01,636.0,,,38.60,6.09,-8.37,11.80,2,q1_q17_dr25_tce,5094.00,81.00,-81.00,4.469,0.096,-0.030,0.8700,0.0370,-0.0750,291.959990,44.900021,15.770
4150611,K03156.02,,FALSE POSITIVE,FALSE POSITIVE,0.0000,1,0,0,0,1.434200327,6.3300000e-06,-6.3300000e-06,132.0647000,3.650000e-03,-3.650000e-03,1.2080,1.4580,-0.1870,5.96800,0.19500,-0.19500,3.0973e+03,9.430e+01,-9.430e+01,44.76,1.106e+01,-1.798e+01,2410.0,,,7985.65,5890.00,-5507.20,39.10,5,q1_q17_dr25_tce,6911.00,194.00,-242.00,4.038,0.406,-0.145,1.5010,0.3710,-0.6030,289.742490,39.267059,7.899
4150611,K03156.03,,FALSE POSITIVE,FALSE POSITIVE,0.0000,0,1,0,0,8.653098686,3.7890000e-06,-3.7890000e-06,136.6579410,3.620000e-04,-3.620000e-04,1.1100,0.0810,-0.0630,3.90710,0.01910,-0.01910,6.0715e+04,2.690e+02,-2.690e+02,77.15,1.907e+01,-3.099e+01,1324.0,,,725.95,535.44,-500.64,262.60,1,q1_q17_dr25_tce,6911.00,194.00,-242.00,4.038,0.406,-0.145,1.5010,0.3710,-0.6030,289.742490,39.267059,7.899
4909707,K03175.01,,FALSE POSITIVE,FALSE POSITIVE,0.0000,1,0,0,0,2.302365255,3.0060000e-06,-3.0060000e-06,132.4231000,1.100000e-03,-1.100000e-03,1.1000,0.0350,-0.0340,23.88000,2.50000,-2.50000,6.2160e+04,2.390e+02,-2.390e+02,63.06,1.791e+01,-1.303e+01,1568.0,,,1429.81,1232.84,-659.10,468.40,2,q1_q17_dr25_tce,5948.00,184.00,-226.00,4.269,0.180,-0.180,1.2290,0.3490,-0.2540,287.206850,40.003002,10.691
7919516,K07857.01,,FALSE POSITIVE,FALSE POSITIVE,0.0000,0,0,1,0,0.575445783,,,132.0648853,,,0.1440,,,0.84630,,,2.9300e+01,,,1.30,2.400e-01,-4.800e-01,3478.0,,,34528.16,19507.66,-22408.12,3.20,1,q1_q17_dr25_tce,6215.00,171.00,-191.00,3.802,0.300,-0.100,2.3960,0.4430,-0.8850,299.904270,43.694950,13.022
6850665,K03244.01,,FALSE POSITIVE,FALSE POSITIVE,0.0000,1,0,0,0,214.715417000,1.4260000e-03,-1.4260000e-03,275.4982300,5.530000e-03,-5.530000e-03,0.9810,0.1560,-0.0540,34.14600,0.53600,-0.53600,5.2112e+03,4.300e+01,-4.300e+01,71.79,1.505e+01,-2.257e+01,602.0,,,31.00,18.08,-17.67,161.30,1,q1_q17_dr25_tce,5022.00,100.00,-110.00,3.060,0.240,-0.160,5.8260,1.2210,-1.8320,287.766270,42.322720,12.391
4948730,K03272.01,,FALSE POSITIVE,FALSE POSITIVE,0.0000,0,1,1,0,23.029522200,2.0120000e-04,-2.0120000e-04,151.1468600,8.130000e-03,-8.130000e-03,1.1730,59.6800,-1.0250,7.96000,0.33900,-0.33900,5.4820e+02,2.340e+01,-2.340e+01,20.81,6.100e+00,-2.600e+00,645.0,,,40.87,35.16,-13.54,27.70,1,q1_q17_dr25_tce,5877.00,159.00,-195.00,4.445,0.098,-0.196,0.9590,0.2810,-0.1200,297.825440,40.087990,14.802
3848665,K05014.01,,FALSE POSITIVE,FALSE POSITIVE,0.0000,1,0,0,1,359.041470000,2.1060000e-02,-2.1060000e-02,274.2060000,4.660000e-02,-4.660000e-02,1.2800,6.9130,-0.1180,14.04000,1.50000,-1.50000,3.6580e+03,3.940e+02,-3.940e+02,27.10,1.940e+00,-2.500e+00,181.0,,,0.25,0.08,-0.07,11.20,1,q1_q17_dr25_tce,4596.00,161.00,-161.00,4.590,0.052,-0.028,0.6960,0.0500,-0.0640,290.976590,38.996101,14.960
3848919,K05015.01,,FALSE POSITIVE,FALSE POSITIVE,0.0000,0,1,0,0,0.523630210,2.5000000e-08,-2.5000000e-08,131.7669254,3.960000e-05,-3.960000e-05,0.5490,0.0110,-0.0150,3.45121,0.00382,-0.00382,3.6710e+05,2.450e+02,-2.450e+02,52.26,6.810e+00,-6.170e+00,1940.0,,,3324.98,1447.67,-1003.77,1948.20,1,q1_q17_dr25_tce,5407.00,160.00,-144.00,4.535,0.099,-0.081,0.7450,0.0970,-0.0880,291.056340,38.974411,13.901
3848948,K05016.01,,FALSE POSITIVE,FALSE POSITIVE,0.7910,0,0,1,0,0.523632451,3.6220000e-06,-3.6220000e-06,131.7651200,6.090000e-03,-6.090000e-03,0.7380,0.2410,-0.5020,1.99000,0.25500,-0.25500,8.1000e+00,8.000e-01,-8.000e-01,1.08,2.800e-01,-5.200e-01,5313.0,,,188657.97,145444.98,-146489.98,13.90,1,q1_q17_dr25_tce,8277.00,228.00,-358.00,3.693,0.435,-0.145,3.5180,0.9160,-1.7010,291.064270,38.970661,10.061
3852865,K05017.01,,FALSE POSITIVE,FALSE POSITIVE,,0,0,0,0,492.252990000,1.1050000e-02,-1.1050000e-02,520.8600000,1.800000e-02,-1.800000e-02,0.2260,0.2033,-0.2257,5.07700,0.60400,-0.60400,3.7270e+02,4.240e+01,-4.240e+01,1.80,7.400e-01,-1.700e-01,224.0,,,0.59,0.72,-0.15,11.60,1,q1_q16_tce,5755.00,153.00,-152.00,4.478,0.055,-0.283,0.9360,0.3830,-0.0890,292.135190,38.926491,13.465
3854101,K05018.01,,FALSE POSITIVE,FALSE POSITIVE,0.0000,0,1,0,0,293.505607100,7.3010000e-04,-7.3010000e-04,328.7269000,2.180000e-03,-2.180000e-03,1.3410,6.6300,-0.2850,3.40750,0.07890,-0.07890,6.8240e+03,1.580e+02,-1.580e+02,48.59,6.080e+00,-6.090e+00,265.0,,,1.16,0.40,-0.32,51.00,1,q1_q17_dr25_tce,5455.00,81.00,-73.00,4.381,0.126,-0.084,1.0060,0.1260,-0.1260,292.464900,38.907421,15.184
3858926,K05019.01,,FALSE POSITIVE,FALSE POSITIVE,,1,0,0,1,25.952470000,1.0770000e-03,-1.0770000e-03,149.0004000,3.260000e-02,-3.260000e-02,0.4398,0.0189,-0.4398,12.94500,0.74400,-0.74400,8.0800e+01,9.400e+00,-9.400e+00,1.56,1.060e+00,-2.500e-01,946.0,,,189.06,420.87,-78.26,16.40,1,q1_q16_tce,7351.00,232.00,-330.00,4.170,0.094,-0.388,1.6790,1.1550,-0.2700,293.705660,38.955280,13.357
3859890,K05020.01,,FALSE POSITIVE,FALSE POSITIVE,0.0010,0,0,1,0,4.345733490,3.5760000e-05,-3.5760000e-05,134.4069300,9.020000e-03,-9.020000e-03,0.5120,0.4550,-0.3010,2.24600,0.37500,-0.37500,7.3500e+01,1.110e+01,-1.110e+01,0.86,2.600e-01,-1.100e-01,1151.0,,,415.52,363.41,-135.85,9.70,1,q1_q17_dr25_tce,5967.00,161.00,-179.00,4.430,0.087,-0.188,0.9760,0.2910,-0.1250,293.933870,38.944839,13.864
3863877,K05021.01,,CANDIDATE,CANDIDATE,,0,0,0,0,288.079370000,3.7610000e-03,-3.7610000e-03,355.4926100,9.330000e-03,-9.330000e-03,0.0483,0.4066,-0.0483,3.16100,0.32200,-0.32200,9.9100e+02,1.610e+02,-1.610e+02,3.01,1.240e+00,-2.300e-01,269.0,,,1.25,1.51,-0.33,7.60,1,q1_q16_tce,5825.00,152.00,-209.00,4.504,0.032,-0.297,0.9650,0.4000,-0.0730,294.903230,38.956470,15.212
5213005,K05140.01,,FALSE POSITIVE,FALSE POSITIVE,,1,0,0,0,484.583359270,,,569.5386194,,,,,,3.20000,,,,,,,,,,,,,,,,1,q1_q16_tce,,,,,,,,,,298.038790,40.324478,13.999
5213811,K05141.01,,FALSE POSITIVE,FALSE POSITIVE,,1,0,0,0,288.285213000,6.8790000e-03,-6.8790000e-03,325.0419000,1.300000e-02,-1.300000e-02,0.0503,0.4015,-0.0500,5.34300,0.47300,-0.47300,3.7810e+02,3.590e+01,-3.590e+01,2.20,1.000e+00,-3.000e-01,312.0,,,2.25,3.00,-0.76,11.50,1,q1_q16_tce,6171.00,148.00,-180.00,4.337,0.113,-0.279,1.1270,0.5150,-0.1540,298.200960,40.392319,12.369
5255259,K05142.01,,CANDIDATE,CANDIDATE,,0,0,0,0,198.895864000,2.9380000e-03,-2.9380000e-03,225.4944000,9.110000e-03,-9.110000e-03,0.0543,0.3936,-0.0541,4.19300,0.32600,-0.32600,1.7790e+03,1.820e+02,-1.820e+02,3.33,1.080e+00,-3.500e-01,264.0,,,1.14,1.17,-0.33,13.00,1,q1_q16_tce,5184.00,185.00,-147.00,4.502,0.079,-0.391,0.8080,0.2640,-0.0850,284.546910,40.468529,15.805
5260419,K05143.01,,FALSE POSITIVE,FALSE POSITIVE,,1,0,0,0,19.938266360,,,145.9495067,,,,,,1.77000,,,,,,,,,,,,,,,,1,q1_q16_tce,,,,,,,,,,286.895320,40.460110,15.986
5262539,K05144.01,,FALSE POSITIVE,FALSE POSITIVE,,1,0,0,0,491.080270000,2.5640000e-02,-2.5640000e-02,202.7762000,4.190000e-02,-4.190000e-02,0.4169,0.0148,-0.4168,7.42000,1.60000,-1.60000,3.3560e+02,7.210e+01,-7.210e+01,1.86,6.600e-01,-2.600e-01,241.0,,,0.79,0.84,-0.26,7.90,1,q1_q17_dr24_tce,5931.00,164.00,-162.00,4.396,0.107,-0.249,0.9970,0.3580,-0.1380,287.771820,40.448051,14.427
5263802,K05145.01,,FALSE POSITIVE,FALSE POSITIVE,0.0000,0,1,0,0,3.350209754,7.6200000e-07,-7.6200000e-07,131.8380520,1.860000e-04,-1.860000e-04,9.6660,11.1500,-0.8480,4.43333,0.00837,-0.00837,2.8325e+04,4.690e+01,-4.690e+01,1447.13,2.295e+02,-2.295e+02,1656.0,,,1777.46,723.64,-577.67,671.10,1,q1_q17_dr25_tce,6657.00,79.00,-79.00,4.181,0.132,-0.108,1.5010,0.2380,-0.2380,288.270940,40.400421,11.494
5265982,K05146.01,,FALSE POSITIVE,FALSE POSITIVE,,1,0,0,0,628.592314000,9.2390000e-03,-9.2390000e-03,270.9081000,1.210000e-02,-1.210000e-02,0.8176,0.1074,-0.5610,3.60300,0.38400,-0.38400,3.9370e+02,5.350e+01,-5.350e+01,6.99,3.820e+00,-1.600e+00,323.0,,,2.57,4.14,-1.19,7.60,1,q1_q16_tce,5058.00,111.00,-125.00,3.497,0.197,-0.325,3.1170,1.7080,-0.7130,289.025360,40.422009,12.275
5271637,K05147.01,,FALSE POSITIVE,FALSE POSITIVE,,1,0,0,0,471.377870000,5.8130000e-02,-5.8130000e-02,365.3970000,1.020000e-01,-1.020000e-01,0.0666,0.4157,-0.0663,16.91000,4.80000,-4.80000,1.0290e+02,2.200e+01,-2.200e+01,1.31,6.500e-01,-2.700e-01,267.0,,,1.20,1.76,-0.54,12.20,1,q1_q16_tce,5831.00,156.00,-178.00,4.236,0.177,-0.257,1.3050,0.6400,-0.2740,290.743870,40.479488,11.985
6346894,K05264.01,,CANDIDATE,CANDIDATE,,0,0,0,0,52.690922960,,,138.7997770,,,,,,2.31000,,,,,,,,,,,,,,,,1,q1_q16_tce,,,,,,,,,,285.141720,41.711552,12.358
6347434,K05265.01,,FALSE POSITIVE,FALSE POSITIVE,,1,0,0,0,425.229270000,1.2940000e-02,-1.2940000e-02,268.3096000,2.380000e-02,-2.380000e-02,0.1812,0.2837,-0.1811,6.76000,1.40000,-1.40000,8.2900e+02,1.660e+02,-1.660e+02,1.40,1.400e-01,-1.400e-01,125.0,,,0.06,0.02,-0.02,6.40,1,q1_q16_tce,3803.00,55.00,-82.00,4.755,0.060,-0.070,0.4920,0.0500,-0.0500,285.411500,41.715858,15.973
6347890,K05266.01,,CANDIDATE,CANDIDATE,,0,0,0,0,37.715082870,,,165.6372891,,,,,,1.80000,,,,,,,,,,,,,,,,1,q1_q16_tce,,,,,,,,,,285.620760,41.738060,15.294
6350031,K05267.01,,CANDIDATE,CANDIDATE,0.0590,0,0,0,0,5.177906500,6.3570000e-04,-6.3570000e-04,135.7560000,1.510000e-01,-1.510000e-01,0.0730,0.3740,-0.0730,5.36600,0.39500,-0.39500,1.2950e+02,1.630e+01,-1.630e+01,2.93,4.500e-01,-8.400e-01,1636.0,,,1692.64,703.77,-874.43,9.50,1,q1_q17_dr25_tce,5921.00,89.00,-71.00,3.766,0.238,-0.102,2.5890,0.4010,-0.7450,286.652860,41.756142,14.326
6359881,K05268.01,,CANDIDATE,CANDIDATE,,0,0,0,0,474.228970000,3.0710000e-02,-3.0710000e-02,161.0544000,5.070000e-02,-5.070000e-02,0.1936,0.2733,-0.1936,13.05000,1.70000,-1.70000,4.7520e+02,7.970e+01,-7.970e+01,2.00,7.700e-01,-1.500e-01,225.0,,,0.60,0.68,-0.15,7.20,1,q1_q16_tce,5818.00,157.00,-197.00,4.523,0.028,-0.284,0.9250,0.3550,-0.0690,290.382230,41.757408,15.322
6359929,K05269.01,,CANDIDATE,CANDIDATE,,0,0,0,0,371.506310000,1.1670000e-02,-1.1670000e-02,260.1243000,1.960000e-02,-1.960000e-02,0.0156,0.4519,-0.0155,8.85400,0.80000,-0.80000,9.9200e+02,1.080e+02,-1.080e+02,2.88,1.170e+00,-2.600e-01,242.0,,,0.80,0.99,-0.20,14.10,1,q1_q16_tce,5696.00,166.00,-162.00,4.491,0.049,-0.283,0.9240,0.3760,-0.0820,290.397950,41.750790,15.392
6363560,K05270.01,,FALSE POSITIVE,FALSE POSITIVE,,1,0,0,0,606.914887680,,,132.3897061,,,,,,5.96000,,,,,,,,,,,,,,,,1,q1_q16_tce,,,,,,,,,,291.653500,41.741772,13.532
6364064,K05271.01,,FALSE POSITIVE,FALSE POSITIVE,0.0000,0,0,1,1,5.243318990,9.2450000e-05,-9.2450000e-05,132.7859000,1.520000e-02,-1.520000e-02,0.7780,0.1900,-0.5520,11.13700,0.46800,-0.46800,1.0680e+02,5.700e+00,-5.700e+00,0.83,1.400e-01,-6.000e-02,875.0,,,138.45,73.45,-32.65,20.10,1,q1_q17_dr25_tce,5430.00,160.00,-144.00,4.613,0.035,-0.105,0.7350,0.1230,-0.0570,291.826290,41.717300,15.196
11177676,K03281.01,Kepler-1454 b,CONFIRMED,CANDIDATE,0.9580,0,0,0,0,47.032047800,7.1930000e-04,-7.1930000e-04,175.4730000,1.060000e-02,-1.060000e-02,0.1610,0.3110,-0.1610,5.89200,0.30200,-0.30200,3.6780e+02,3.120e+01,-3.120e+01,1.98,4.200e-01,-3.100e-01,492.0,,,13.83,7.61,-4.56,13.70,1,q1_q17_dr25_tce,5370.00,80.00,-80.00,4.337,0.145,-0.160,1.0550,0.2200,-0.1650,284.223330,48.831772,14.904
4936990,K03290.01,,FALSE POSITIVE,FALSE POSITIVE,0.0000,0,1,1,0,10.314533080,1.8820000e-05,-1.8820000e-05,132.5372300,1.700000e-03,-1.700000e-03,1.2760,54.1300,-0.1210,3.66410,0.06370,-0.06370,2.0041e+03,3.330e+01,-3.330e+01,29.60,5.450e+00,-3.640e+00,885.0,,,144.83,86.21,-47.37,71.60,1,q1_q17_dr25_tce,6335.00,208.00,-208.00,4.455,0.150,-0.150,0.8370,0.1540,-0.1030,295.302090,40.069801,15.295
7130418,K03317.01,,FALSE POSITIVE,FALSE POSITIVE,0.0010,0,0,1,0,15.528616750,6.9000000e-05,-6.9000000e-05,145.7018400,3.660000e-03,-3.660000e-03,0.1130,0.3500,-0.1130,2.13100,0.11100,-0.11100,5.0000e+02,3.400e+01,-3.400e+01,1.96,5.700e-01,-1.900e-01,685.0,,,51.98,44.67,-14.51,17.30,1,q1_q17_dr25_tce,5750.00,156.00,-173.00,4.538,0.038,-0.200,0.8820,0.2580,-0.0860,295.367520,42.656780,15.598
12208887,K03333.01,,FALSE POSITIVE,FALSE POSITIVE,0.0000,0,1,0,0,53.501860974,5.7890000e-06,-5.7890000e-06,132.2112550,9.150000e-05,-9.150000e-05,0.4310,0.0100,-0.0120,5.25334,0.00538,-0.00538,4.5678e+05,4.180e+02,-4.180e+02,55.23,9.740e+00,-4.510e+00,409.0,,,6.63,3.79,-1.67,1363.90,1,q1_q17_dr25_tce,5436.00,177.00,-160.00,4.587,0.045,-0.105,0.7480,0.1320,-0.0610,291.702510,50.863491,15.929
10711551,K03359.01,,FALSE POSITIVE,FALSE POSITIVE,0.0000,1,0,0,0,10.692230094,7.0500000e-07,-7.0500000e-07,139.9539070,5.450000e-05,-5.450000e-05,0.5280,0.0050,-0.0070,5.46939,0.00301,-0.00301,3.7665e+05,1.880e+02,-1.880e+02,65.42,2.030e+01,-6.740e+00,836.0,,,115.48,105.00,-33.20,2402.00,1,q1_q17_dr25_tce,6022.00,162.00,-180.00,4.490,0.054,-0.216,0.9410,0.2920,-0.0970,282.383270,48.042782,15.507
7919867,K07858.01,,FALSE POSITIVE,FALSE POSITIVE,0.0000,0,0,1,0,1.603751140,1.0790000e-05,-1.0790000e-05,132.1681600,6.160000e-03,-6.160000e-03,0.5400,0.0580,-0.4320,1.49800,0.17300,-0.17300,5.1000e+01,6.500e+00,-6.500e+00,0.82,2.400e-01,-1.900e-01,1688.0,,,1918.63,1557.53,-901.18,9.40,1,q1_q17_dr25_tce,5818.00,145.00,-159.00,4.292,0.209,-0.190,1.1160,0.3140,-0.2570,299.988130,43.663319,13.261
11081512,K03364.01,,FALSE POSITIVE,FALSE POSITIVE,0.1340,0,0,1,0,15.739765100,2.6050000e-04,-2.6050000e-04,132.7942000,1.580000e-02,-1.580000e-02,0.0770,0.3810,-0.0770,3.29700,0.30100,-0.30100,2.8770e+02,3.090e+01,-3.090e+01,1.18,9.000e-02,-1.200e-01,536.0,,,19.54,6.26,-5.82,11.20,1,q1_q17_dr25_tce,4733.00,167.00,-167.00,4.569,0.063,-0.031,0.7230,0.0520,-0.0720,290.462070,48.699551,15.281
3865815,K05022.01,,CANDIDATE,CANDIDATE,,0,0,0,0,117.268084320,,,146.7201011,,,,,,2.20000,,,,,,,,,,,,,,,,1,q1_q16_tce,,,,,,,,,,295.351320,38.927040,12.501
3867593,K05023.01,,FALSE POSITIVE,FALSE POSITIVE,0.0000,0,1,0,0,73.337798400,1.1470000e-04,-1.1470000e-04,136.5864600,1.240000e-03,-1.240000e-03,0.9780,10.9600,-0.1830,9.02900,0.14700,-0.14700,1.1490e+05,1.003e+03,-1.003e+03,73.06,2.832e+01,-8.850e+00,601.0,,,30.85,35.45,-11.06,155.50,1,q1_q17_dr25_tce,7276.00,203.00,-330.00,4.318,0.072,-0.232,1.3210,0.5120,-0.1600,295.697510,38.902000,13.559
3941219,K05024.01,,FALSE POSITIVE,FALSE POSITIVE,,1,0,0,0,282.159571000,8.0100000e-03,-8.0100000e-03,259.9132000,2.090000e-02,-2.090000e-02,0.5987,0.0107,-0.4940,5.06900,0.53100,-0.53100,1.9630e+02,1.970e+01,-1.970e+01,3.09,1.110e+00,-1.110e+00,443.0,,,9.13,9.68,-5.94,14.20,1,q1_q16_tce,6677.00,182.00,-263.00,3.920,0.293,-0.188,2.1080,0.7600,-0.7570,287.405940,39.020889,10.826
3953106,K05025.01,,FALSE POSITIVE,FALSE POSITIVE,0.0000,0,1,0,0,6.587295110,7.2660000e-05,-7.2660000e-05,133.3652000,1.320000e-02,-1.320000e-02,0.7230,0.1200,-0.0460,8.35820,0.04090,-0.04090,1.2796e+05,6.850e+02,-6.850e+02,58.09,1.951e+01,-2.384e+01,1152.0,,,416.15,429.61,-289.70,304.20,1,q1_q17_dr25_tce,5619.00,186.00,-186.00,4.070,0.462,-0.198,1.4060,0.4720,-0.5770,291.179750,39.099651,14.035
3953212,K05026.01,,FALSE POSITIVE,FALSE POSITIVE,,1,0,1,0,459.231930000,1.4180000e-02,-1.4180000e-02,192.7716000,1.920000e-02,-1.920000e-02,0.8765,0.0098,-0.6127,17.72200,0.62300,-0.62300,4.1870e+02,2.720e+01,-2.720e+01,2.64,8.900e-01,-4.500e-01,265.0,,,1.17,1.16,-0.45,19.50,1,q1_q16_tce,6067.00,158.00,-173.00,4.307,0.157,-0.225,1.1160,0.3770,-0.1900,291.211670,39.093189,13.469
3955444,K05027.01,,CANDIDATE,CANDIDATE,,0,0,0,0,62.312419000,1.2460000e-03,-1.2460000e-03,146.1190000,1.400000e-02,-1.400000e-02,0.3683,0.0993,-0.3683,5.56100,0.48200,-0.48200,1.2300e+02,1.530e+01,-1.530e+01,6.15,2.650e+00,-2.770e+00,838.0,,,116.69,144.60,-86.24,9.10,1,q1_q16_tce,4999.00,112.00,-177.00,3.243,0.329,-0.280,5.6150,2.4230,-2.5320,291.824460,39.006180,13.172
3962728,K05028.01,,FALSE POSITIVE,FALSE POSITIVE,0.0000,0,1,1,1,25.949325300,5.8510000e-04,-5.8510000e-04,155.0240000,1.470000e-02,-1.470000e-02,0.6550,0.0120,-0.5290,12.17000,1.00000,-1.00000,3.5450e+02,3.480e+01,-3.480e+01,1.04,7.000e-02,-5.000e-02,409.0,,,6.62,1.85,-1.31,13.10,1,q1_q17_dr25_tce,4835.00,145.00,-145.00,4.758,0.021,-0.049,0.5260,0.0350,-0.0250,293.692500,39.022141,15.742
3965326,K05029.01,,FALSE POSITIVE,FALSE POSITIVE,,1,0,1,0,212.767010000,1.3860000e-02,-1.3860000e-02,167.4850000,6.130000e-02,-6.130000e-02,0.3531,0.0969,-0.3339,12.80000,1.60000,-1.60000,7.4300e+01,1.200e+01,-1.200e+01,1.08,6.500e-01,-1.800e-01,354.0,,,3.71,6.68,-1.47,6.80,1,q1_q16_tce,6098.00,147.00,-194.00,4.286,0.136,-0.313,1.2450,0.7410,-0.2130,294.339810,39.073330,12.045
9265521,K05646.01,,FALSE POSITIVE,FALSE POSITIVE,,1,0,0,0,386.621890000,2.3550000e-02,-2.3550000e-02,319.1290000,2.680000e-02,-2.680000e-02,0.1616,0.2909,-0.1615,17.72000,1.10000,-1.10000,1.9320e+02,1.880e+01,-1.880e+01,1.44,5.700e-01,-1.600e-01,267.0,,,1.21,1.38,-0.36,12.30,1,q1_q16_tce,6085.00,144.00,-176.00,4.412,0.073,-0.274,1.0330,0.4110,-0.1150,283.899600,45.724232,13.262
9268456,K05647.01,,FALSE POSITIVE,FALSE POSITIVE,0.1750,1,0,0,0,84.644104000,2.3700000e-03,-2.3700000e-03,132.5301000,2.590000e-02,-2.590000e-02,0.1780,0.2610,-0.1780,48.18200,0.78600,-0.78600,5.1200e+02,1.720e+01,-1.720e+01,34.61,2.130e+00,-1.207e+01,1254.0,,,584.49,171.88,-381.22,33.50,1,q1_q17_dr25_tce,5229.00,184.00,-253.00,2.486,0.030,-0.030,15.5170,0.9550,-5.4120,285.504180,45.713482,15.359
9271739,K05648.01,,FALSE POSITIVE,FALSE POSITIVE,,1,0,0,0,575.954080000,1.4480000e-02,-1.4480000e-02,188.4547000,1.690000e-02,-1.690000e-02,0.0868,0.3788,-0.0867,8.61800,0.73000,-0.73000,1.2100e+03,1.320e+02,-1.320e+02,2.92,1.070e+00,-2.700e-01,194.0,,,0.33,0.38,-0.08,11.40,1,q1_q16_tce,5398.00,174.00,-144.00,4.508,0.055,-0.238,0.8540,0.3140,-0.0780,287.446200,45.794739,15.843
9274092,K05649.01,,CANDIDATE,CANDIDATE,,0,0,0,0,426.942225000,7.5560000e-03,-7.5560000e-03,485.3817100,8.190000e-03,-8.190000e-03,0.2981,0.1556,-0.2981,3.96500,0.42300,-0.42300,1.2090e+03,1.520e+02,-1.520e+02,2.32,3.300e-01,-1.800e-01,187.0,,,0.29,0.14,-0.07,11.80,1,q1_q16_tce,5126.00,152.00,-139.00,4.623,0.042,-0.071,0.6690,0.0970,-0.0520,288.789860,45.727459,15.218
9274431,K05650.01,,FALSE POSITIVE,FALSE POSITIVE,,1,0,0,0,117.844963000,2.0240000e-03,-2.0240000e-03,229.8693000,1.490000e-02,-1.490000e-02,0.4594,0.0091,-0.4591,1.95100,0.35200,-0.35200,1.0430e+03,1.810e+02,-1.810e+02,2.52,5.100e-01,-2.000e-01,308.0,,,2.13,1.44,-0.55,6.60,1,q1_q16_tce,5317.00,195.00,-173.00,4.595,0.029,-0.128,0.7690,0.1570,-0.0610,288.970700,45.732079,15.844
9282853,K05651.01,,CANDIDATE,CANDIDATE,0.6430,0,0,0,0,83.499618000,4.9920000e-03,-4.9920000e-03,163.5093000,5.180000e-02,-5.180000e-02,0.3410,0.1230,-0.3410,16.03000,1.40000,-1.40000,5.0100e+02,3.740e+01,-3.740e+01,1.72,1.900e-01,-2.000e-01,343.0,,,3.29,1.45,-1.05,16.10,1,q1_q17_dr25_tce,5141.00,196.00,-179.00,4.526,0.082,-0.075,0.7730,0.0880,-0.0880,292.642580,45.732342,15.726
9292100,K05652.01,,CANDIDATE,CANDIDATE,,0,0,0,0,91.507044000,1.3810000e-03,-1.3810000e-03,184.2723000,1.320000e-02,-1.320000e-02,0.1665,0.2766,-0.1665,5.01900,0.32600,-0.32600,5.3900e+02,5.610e+01,-5.610e+01,1.43,5.410e+00,-1.100e-01,302.0,,,1.97,49.96,-0.48,12.40,1,q1_q16_tce,5040.00,183.00,-143.00,4.635,0.056,-1.207,0.6260,2.3630,-0.0500,296.056670,45.769760,14.969
9300066,K05653.01,,CANDIDATE,CANDIDATE,,0,0,0,0,188.664098000,6.6560000e-03,-6.6560000e-03,154.3037000,1.930000e-02,-1.930000e-02,0.2033,0.2435,-0.2032,5.17900,0.61700,-0.61700,9.6000e+02,1.380e+02,-1.380e+02,2.02,2.600e-01,-1.900e-01,232.0,,,0.68,0.29,-0.19,9.40,1,q1_q16_tce,4788.00,152.00,-134.00,4.599,0.059,-0.053,0.6720,0.0840,-0.0650,298.386200,45.764229,15.545
10186761,K05772.01,,CANDIDATE,CANDIDATE,,0,0,0,0,75.636309000,1.2360000e-03,-1.2360000e-03,131.9468000,1.160000e-02,-1.160000e-02,0.2749,0.1826,-0.2746,2.58800,0.43200,-0.43200,1.7460e+02,3.270e+01,-3.270e+01,1.32,5.800e-01,-1.200e-01,447.0,,,9.45,12.09,-2.62,6.00,1,q1_q16_tce,6072.00,151.00,-195.00,4.467,0.047,-0.302,0.9940,0.4350,-0.0920,281.320470,47.214809,13.825
10189542,K05773.01,,FALSE POSITIVE,FALSE POSITIVE,0.0000,0,0,1,1,24.614775000,2.3710000e-04,-2.3710000e-04,142.5109400,8.960000e-03,-8.960000e-03,0.0890,0.3650,-0.0890,2.39500,0.21300,-0.21300,2.2940e+02,2.580e+01,-2.580e+01,1.28,3.200e-01,-1.200e-01,574.0,,,25.69,19.34,-6.69,10.50,1,q1_q17_dr25_tce,5654.00,152.00,-152.00,4.536,0.046,-0.173,0.8490,0.2170,-0.0780,283.021390,47.259651,14.346
10191056,K05774.01,,FALSE POSITIVE,FALSE POSITIVE,0.0000,0,1,0,0,1.213747440,2.2000000e-08,-2.2000000e-08,131.7423095,1.510000e-05,-1.510000e-05,0.8310,0.0060,-0.0060,5.79293,0.00102,-0.00102,1.8513e+05,2.540e+01,-2.540e+01,96.19,2.924e+01,-2.394e+01,2441.0,,,8380.25,7520.82,-4336.22,8755.20,1,q1_q17_dr25_tce,6791.00,189.00,-260.00,4.137,0.185,-0.185,1.6190,0.4920,-0.4030,283.866300,47.228271,10.811
10191449,K05775.01,,CANDIDATE,CANDIDATE,,0,0,0,0,492.238080000,1.3820000e-02,-1.3820000e-02,247.5842000,1.840000e-02,-1.840000e-02,0.0198,0.3974,-0.0198,12.53000,0.70600,-0.70600,6.7680e+02,6.630e+01,-6.630e+01,2.19,9.100e-01,-1.700e-01,209.0,,,0.45,0.56,-0.10,13.20,1,q1_q16_tce,5609.00,159.00,-149.00,4.546,0.030,-0.285,0.8540,0.3520,-0.0670,284.092500,47.251381,15.502
10199984,K05776.01,,CANDIDATE,CANDIDATE,,0,0,0,0,198.600400000,3.4840000e-03,-3.4840000e-03,163.5660000,1.410000e-02,-1.410000e-02,0.6480,0.3126,-0.4289,3.53000,0.40700,-0.40700,3.0080e+02,3.680e+01,-3.680e+01,4.60,2.630e+00,-1.300e+00,458.0,,,10.45,18.21,-5.69,9.80,1,q1_q16_tce,5357.00,141.00,-160.00,3.641,0.256,-0.336,2.5220,1.4440,-0.7140,288.473180,47.247921,13.183
10201891,K05777.01,,FALSE POSITIVE,FALSE POSITIVE,,1,0,0,0,372.308810000,1.7800000e-02,-1.7800000e-02,379.1454000,1.240000e-02,-1.240000e-02,0.1243,0.3324,-0.1242,3.87400,0.92000,-0.92000,5.3520e+02,9.480e+01,-9.480e+01,2.09,8.200e-01,-1.800e-01,249.0,,,0.91,1.05,-0.23,14.90,1,q1_q16_tce,5966.00,154.00,-175.00,4.519,0.036,-0.287,0.9040,0.3560,-0.0760,289.418610,47.291889,14.866
10208477,K05778.01,,FALSE POSITIVE,FALSE POSITIVE,,1,0,0,0,454.244158000,5.2240000e-03,-5.2240000e-03,494.9290100,6.370000e-03,-6.370000e-03,0.0033,0.4534,-0.0032,3.39900,0.24000,-0.24000,2.4100e+02,2.590e+01,-2.590e+01,2.93,1.070e+00,-1.120e+00,356.0,,,3.80,4.18,-2.55,9.90,1,q1_q16_tce,6446.00,198.00,-234.00,3.935,0.348,-0.185,1.8740,0.6840,-0.7150,292.125490,47.221966,12.055
10222603,K05779.01,,FALSE POSITIVE,FALSE POSITIVE,,1,0,0,0,112.482260000,1.8300000e-03,-1.8300000e-03,177.5696700,9.530000e-03,-9.530000e-03,0.5181,0.4945,-0.3108,1.92300,0.35700,-0.35700,1.9570e+02,3.940e+01,-3.940e+01,1.37,5.100e-01,-1.200e-01,386.0,,,5.23,5.57,-1.39,5.20,1,q1_q16_tce,6089.00,143.00,-182.00,4.495,0.043,-0.275,0.9500,0.3530,-0.0850,297.097020,47.223492,13.725
7581535,K05400.01,,FALSE POSITIVE,FALSE POSITIVE,,1,0,0,0,218.567340120,,,246.0741577,,,,,,2.38000,,,,,,,,,,,,,,,,1,q1_q16_tce,,,,,,,,,,280.352170,43.293671,15.520
7592339,K05401.01,,FALSE POSITIVE,FALSE POSITIVE,,1,0,0,0,229.948531000,6.2800000e-03,-6.2800000e-03,339.4719000,1.550000e-02,-1.550000e-02,0.3500,0.1882,-0.3500,1.81300,0.39700,-0.39700,1.5420e+02,4.110e+01,-4.110e+01,1.09,4.600e-01,-8.000e-02,301.0,,,1.93,2.41,-0.44,6.10,1,q1_q16_tce,6225.00,159.00,-171.00,4.537,0.032,-0.311,0.8610,0.3650,-0.0610,286.037110,43.204010,13.119
7598326,K05402.01,,FALSE POSITIVE,FALSE POSITIVE,,1,0,0,0,403.563782800,,,424.8697825,,,,,,3.64000,,,,,,,,,,,,,,,,1,q1_q16_tce,,,,,,,,,,288.633060,43.205311,15.016
7599004,K05403.01,,FALSE POSITIVE,FALSE POSITIVE,0.0000,0,1,0,0,2.411723580,2.4300000e-05,-2.4300000e-05,133.8617000,1.410000e-02,-1.410000e-02,1.2810,5.4010,-0.1270,2.63110,0.03280,-0.03280,3.3647e+03,3.630e+01,-3.630e+01,50.53,1.450e+01,-1.054e+01,1706.0,,,1997.33,1702.56,-931.98,108.60,1,q1_q17_dr25_tce,6363.00,181.00,-250.00,4.220,0.185,-0.185,1.3320,0.3820,-0.2780,288.910370,43.218460,14.777
7618231,K05404.01,,FALSE POSITIVE,FALSE POSITIVE,,1,0,0,0,92.931414600,,,147.8009148,,,,,,2.35000,,,,,,,,,,,,,,,,1,q1_q16_tce,,,,,,,,,,294.934840,43.212830,14.844
7619667,K05405.01,,FALSE POSITIVE,FALSE POSITIVE,,1,0,0,0,103.222937860,,,145.1458222,,,,,,2.63000,,,,,,,,,,,,,,,,1,q1_q16_tce,,,,,,,,,,295.306340,43.249580,14.125
7625138,K05406.01,,CANDIDATE,CANDIDATE,,0,0,0,0,5.719665370,5.1050000e-05,-5.1050000e-05,131.7814700,7.880000e-03,-7.880000e-03,0.1103,0.3589,-0.1103,3.93800,0.19500,-0.19500,1.9100e+01,1.800e+00,-1.800e+00,0.82,3.400e-01,-2.900e-01,1479.0,,,1131.75,1344.26,-715.95,11.30,1,q1_q16_tce,6356.00,151.00,-187.00,3.985,0.301,-0.212,1.8650,0.7670,-0.6650,296.659670,43.270290,11.331
8507073,K05527.01,,FALSE POSITIVE,FALSE POSITIVE,0.0000,0,1,0,0,209.062992750,1.5540000e-05,-1.5540000e-05,300.8283450,5.100000e-05,-5.100000e-05,0.8230,0.0590,-0.2280,10.03890,0.00855,-0.00855,2.5091e+05,5.360e+02,-5.360e+02,72.26,2.258e+01,-9.670e+00,329.0,,,2.77,2.54,-0.95,3295.60,1,q1_q17_dr25_tce,6130.00,164.00,-200.00,4.420,0.072,-0.203,1.0240,0.3200,-0.1370,296.034700,44.562210,14.174
8507586,K05528.01,,CANDIDATE,CANDIDATE,,0,0,0,0,201.621794000,7.5550000e-03,-7.5550000e-03,261.7721000,2.690000e-02,-2.690000e-02,0.1779,0.3135,-0.1778,3.17200,0.66900,-0.66900,4.8000e+02,1.090e+02,-1.090e+02,2.02,8.100e-01,-2.000e-01,309.0,,,2.14,2.54,-0.60,6.80,1,q1_q16_tce,5919.00,167.00,-175.00,4.483,0.057,-0.280,0.9230,0.3670,-0.0930,296.191220,44.542122,15.169
8509781,K05529.01,,FALSE POSITIVE,FALSE POSITIVE,0.0000,0,1,0,0,70.335879746,4.1940000e-06,-4.1940000e-06,198.9473258,4.720000e-05,-4.720000e-05,1.0400,0.2480,-0.0100,4.65625,0.00271,-0.00271,2.4418e+04,1.370e+01,-1.370e+01,29.56,6.210e+00,-2.880e+00,455.0,,,10.10,6.16,-2.89,2148.60,1,q1_q17_dr25_tce,6081.00,145.00,-199.00,4.478,0.050,-0.150,0.9660,0.2030,-0.0940,296.830020,44.549149,11.701
8510197,K05530.01,,FALSE POSITIVE,FALSE POSITIVE,,1,0,0,0,591.373820000,1.0920000e-02,-1.0920000e-02,333.4807600,8.750000e-03,-8.750000e-03,0.1609,0.2834,-0.1603,4.35000,1.40000,-1.40000,2.4500e+02,3.910e+01,-3.910e+01,2.20,9.800e-01,-4.700e-01,289.0,,,1.65,2.14,-0.76,10.70,1,q1_q16_tce,6609.00,163.00,-211.00,4.183,0.182,-0.248,1.3910,0.6150,-0.2990,296.946930,44.553761,12.913
8516349,K05531.01,,FALSE POSITIVE,FALSE POSITIVE,,1,0,0,0,559.283320000,1.2510000e-02,-1.2510000e-02,228.2959000,1.510000e-02,-1.510000e-02,0.3058,0.1483,-0.3057,4.24500,0.69500,-0.69500,1.3600e+03,2.620e+02,-2.620e+02,2.54,1.000e-01,-2.000e-01,150.0,,,0.12,0.03,-0.03,6.70,1,q1_q16_tce,4386.00,140.00,-132.00,4.586,0.042,-0.018,0.7090,0.0300,-0.0540,298.514470,44.500278,15.669
8525101,K05532.01,,CANDIDATE,CANDIDATE,,0,0,0,0,24.677712800,5.9090000e-04,-5.9090000e-04,136.5139000,1.520000e-02,-1.520000e-02,0.6305,0.0139,-0.4973,5.08800,0.52000,-0.52000,1.3130e+02,1.770e+01,-1.770e+01,6.04,8.300e-01,-8.000e-01,1176.0,,,451.88,189.38,-141.56,9.00,1,q1_q16_tce,4995.00,116.00,-117.00,3.118,0.030,-0.029,5.0580,0.6970,-0.6630,300.835270,44.560661,13.434
8525286,K05533.01,,CANDIDATE,CANDIDATE,,0,0,0,0,113.059800690,,,241.0089927,,,,,,19.03000,,,,,,,,,,,,,,,,1,q1_q16_tce,,,,,,,,,,300.901460,44.597328,13.430
8542879,K05534.01,,FALSE POSITIVE,FALSE POSITIVE,,1,0,0,0,136.355967000,2.2620000e-03,-2.2620000e-03,157.0974000,2.040000e-02,-2.040000e-02,0.6066,0.3466,-0.2796,3.17000,1.00000,-1.00000,1.6510e+02,8.150e+01,-8.150e+01,1.42,6.300e-01,-1.600e-01,380.0,,,4.93,6.43,-1.50,6.30,1,q1_q16_tce,6077.00,151.00,-196.00,4.408,0.071,-0.290,1.0580,0.4710,-0.1160,283.725100,44.678860,14.254
9304976,K05654.01,,CANDIDATE,CANDIDATE,0.0880,0,0,0,0,54.695712400,9.9650000e-04,-9.9650000e-04,155.2574000,1.570000e-02,-1.570000e-02,0.9540,0.0250,-0.6600,6.89000,0.49400,-0.49400,1.0960e+03,1.030e+02,-1.030e+02,3.28,4.500e-01,-4.000e-01,405.0,,,6.34,3.04,-2.10,12.40,1,q1_q17_dr25_tce,5299.00,186.00,-186.00,4.535,0.093,-0.076,0.7570,0.1020,-0.0920,299.817720,45.709164,13.823
9306677,K05655.01,,FALSE POSITIVE,FALSE POSITIVE,,1,0,0,0,532.930700000,1.5680000e-01,-1.5680000e-01,285.0170000,1.630000e-01,-1.630000e-01,0.4579,0.0319,-0.4578,3.89000,1.30000,-1.30000,1.8140e+02,4.660e+01,-4.660e+01,4.68,8.400e-01,-1.590e+00,498.0,,,14.53,8.15,-9.15,5.30,1,q1_q16_tce,7872.00,231.00,-310.00,3.698,0.276,-0.097,3.3730,0.6040,-1.1480,300.356480,45.737091,13.103
9330740,K05656.01,,CANDIDATE,CANDIDATE,,0,0,0,0,169.847877440,,,178.6902845,,,,,,2.82000,,,,,,,,,,,,,,,,1,q1_q16_tce,,,,,,,,,,286.122470,45.842510,12.687
9334027,K05657.01,,CANDIDATE,CANDIDATE,,0,0,0,0,284.699924000,4.6350000e-03,-4.6350000e-03,257.6791000,1.490000e-02,-1.490000e-02,0.3145,0.1587,-0.3144,3.70900,0.82600,-0.82600,3.7110e+02,8.040e+01,-8.040e+01,2.00,8.400e-01,-2.100e-01,293.0,,,1.74,2.14,-0.52,7.60,1,q1_q16_tce,6054.00,156.00,-193.00,4.425,0.065,-0.285,1.0280,0.4320,-0.1090,288.029450,45.800098,14.403
9357578,K05658.01,,FALSE POSITIVE,FALSE POSITIVE,,1,0,0,0,171.697990000,4.1210000e-03,-4.1210000e-03,221.3451700,7.840000e-03,-7.840000e-03,0.2266,0.2233,-0.2265,2.90400,0.34400,-0.34400,8.7800e+02,1.240e+02,-1.240e+02,39.78,1.920e+00,-1.502e+01,878.0,,,140.73,21.42,-94.68,7.70,1,q1_q16_tce,5033.00,60.00,-208.00,2.645,0.031,-0.027,13.6790,0.6600,-5.1650,297.297420,45.881748,13.318
9362842,K05659.01,,FALSE POSITIVE,FALSE POSITIVE,,1,0,0,0,444.894110000,1.7250000e-02,-1.7250000e-02,240.2740000,3.000000e-02,-3.000000e-02,0.2991,0.1817,-0.2989,7.93700,0.98600,-0.98600,3.6300e+02,4.270e+01,-4.270e+01,4.70,1.420e+00,-2.340e+00,386.0,,,5.25,4.81,-4.09,13.20,1,q1_q16_tce,6195.00,194.00,-200.00,3.753,0.472,-0.190,2.4390,0.7360,-1.2160,298.735350,45.863979,13.037
9363944,K05660.01,,CANDIDATE,CANDIDATE,,0,0,0,0,402.209690000,1.1020000e-02,-1.1020000e-02,369.5086000,1.680000e-02,-1.680000e-02,0.3779,0.0848,-0.3775,5.29800,0.67700,-0.67700,4.7250e+02,6.890e+01,-6.890e+01,10.03,7.040e+00,-3.190e+00,452.0,,,9.86,21.70,-5.71,9.50,1,q1_q16_tce,4961.00,124.00,-124.00,3.131,0.309,-0.372,4.6490,3.2660,-1.4760,299.035280,45.869289,13.660
9368524,K05661.01,,FALSE POSITIVE,FALSE POSITIVE,,1,0,0,0,229.869280000,1.2260000e-02,-1.2260000e-02,265.1432000,3.500000e-02,-3.500000e-02,0.0490,0.4165,-0.0488,12.91000,1.40000,-1.40000,1.6590e+03,1.540e+02,-1.540e+02,9.57,3.480e+00,-4.760e+00,466.0,,,11.15,12.46,-8.68,10.60,1,q1_q16_tce,6065.00,201.00,-200.00,3.763,0.482,-0.211,2.3440,0.8510,-1.1650,300.423340,45.886761,13.868
10227881,K05780.01,,FALSE POSITIVE,FALSE POSITIVE,0.0000,0,1,1,1,5.141084790,7.7680000e-05,-7.7680000e-05,134.9699000,1.390000e-02,-1.390000e-02,1.2250,0.2520,-0.1390,25.93000,0.72300,-0.72300,6.1120e+02,1.340e+01,-1.340e+01,25.74,8.120e+00,-2.710e+00,1038.0,,,274.55,262.86,-83.76,57.00,1,q1_q17_dr25_tce,5893.00,184.00,-205.00,4.505,0.039,-0.221,0.9410,0.2970,-0.0990,298.557190,47.251991,15.525
10266852,K05781.01,,FALSE POSITIVE,FALSE POSITIVE,,1,0,0,0,179.272307650,,,149.1729837,,,,,,2.21000,,,,,,,,,,,,,,,,1,q1_q16_tce,,,,,,,,,,288.779390,47.344372,12.752
10272858,K05782.01,,CANDIDATE,CANDIDATE,,0,0,0,0,584.556030000,6.6640000e-03,-6.6640000e-03,388.6368500,8.760000e-03,-8.760000e-03,0.3282,0.1252,-0.3281,3.67100,0.36400,-0.36400,3.4670e+02,3.480e+01,-3.480e+01,6.69,6.300e-01,-3.700e-01,354.0,,,3.73,0.97,-0.57,10.00,1,q1_q16_tce,5208.00,68.00,-68.00,3.458,0.009,-0.009,3.6200,0.3400,-0.2000,291.362950,47.328709,11.367
10292000,K05783.01,,FALSE POSITIVE,FALSE POSITIVE,,1,0,0,0,200.838499790,,,268.6842367,,,,,,2.37000,,,,,,,,,,,,,,,,1,q1_q16_tce,,,,,,,,,,298.013060,47.325008,12.488
10319341,K05784.01,,FALSE POSITIVE,FALSE POSITIVE,,0,0,1,0,40.104379600,6.4910000e-04,-6.4910000e-04,158.8392000,1.200000e-02,-1.200000e-02,0.2029,0.2591,-0.2029,3.47100,0.45300,-0.45300,1.8730e+02,2.750e+01,-2.750e+01,1.50,7.100e-01,-1.800e-01,591.0,,,28.85,40.18,-9.17,9.20,1,q1_q17_dr24_tce,6174.00,155.00,-195.00,4.374,0.088,-0.293,1.0890,0.5140,-0.1300,281.523900,47.474751,14.255
10319834,K05785.01,,CANDIDATE,CANDIDATE,,0,0,0,0,70.312525040,,,178.7486804,,,,,,13.66000,,,,,,,,,,,,,,,,1,q1_q16_tce,,,,,,,,,,281.883240,47.416050,14.942
10320341,K05786.01,,FALSE POSITIVE,FALSE POSITIVE,0.0000,0,1,0,0,30.114681501,1.6060000e-06,-1.6060000e-06,158.5292451,4.230000e-05,-4.230000e-05,1.0460,0.0250,-0.0380,5.68713,0.00216,-0.00216,8.7057e+04,2.220e+01,-2.220e+01,56.45,1.888e+01,-6.270e+00,639.0,,,39.44,38.65,-12.17,2858.10,1,q1_q17_dr25_tce,6273.00,169.00,-206.00,4.442,0.056,-0.210,1.0440,0.3490,-0.1160,282.197020,47.419579,14.482
10339000,K05787.01,,CANDIDATE,CANDIDATE,,0,0,0,0,69.775633000,3.0480000e-03,-3.0480000e-03,147.9367000,3.560000e-02,-3.560000e-02,0.3519,0.1331,-0.3174,9.20500,0.98500,-0.98500,1.4090e+02,1.680e+01,-1.680e+01,1.19,4.200e-01,-1.600e-01,480.0,,,12.52,13.08,-4.08,9.70,1,q1_q16_tce,6224.00,169.00,-184.00,4.413,0.095,-0.258,0.9830,0.3490,-0.1260,291.638920,47.474972,14.333
7625143,K05407.01,,CANDIDATE,CANDIDATE,,0,0,0,0,58.502943100,8.2270000e-04,-8.2270000e-04,185.7549500,8.890000e-03,-8.890000e-03,0.0062,0.4530,-0.0062,1.63300,0.28800,-0.28800,1.1700e+02,2.050e+01,-2.050e+01,1.54,8.400e-01,-3.300e-01,611.0,,,33.01,53.11,-15.36,7.00,1,q1_q16_tce,6525.00,158.00,-218.00,4.215,0.159,-0.298,1.4120,0.7620,-0.3070,296.660800,43.275089,13.048
7631138,K05408.01,,CANDIDATE,CANDIDATE,,0,0,0,0,415.748785000,6.9440000e-03,-6.9440000e-03,510.0996100,9.620000e-03,-9.620000e-03,0.1124,0.3472,-0.1124,3.31300,0.35200,-0.35200,4.6370e+02,6.460e+01,-6.460e+01,3.24,2.090e+00,-1.380e+00,283.0,,,1.51,3.17,-1.06,9.20,1,q1_q16_tce,5324.00,179.00,-147.00,4.027,0.459,-0.327,1.5340,0.9930,-0.6520,298.034030,43.228271,14.030
7658229,K05409.01,,FALSE POSITIVE,FALSE POSITIVE,0.0000,0,1,0,0,36.182685400,1.7850000e-04,-1.7850000e-04,144.6981100,6.340000e-03,-6.340000e-03,1.2670,6.6740,-0.1070,4.25460,0.04080,-0.04080,9.4717e+03,8.810e+01,-8.810e+01,56.41,1.524e+01,-1.866e+01,635.0,,,38.40,32.06,-23.15,124.10,1,q1_q17_dr25_tce,5696.00,186.00,-169.00,4.151,0.325,-0.175,1.3210,0.3570,-0.4370,280.192500,43.302479,14.824
7662502,K05410.01,,CANDIDATE,CANDIDATE,0.4920,0,0,0,0,24.152786400,3.5990000e-04,-3.5990000e-04,146.4101000,1.220000e-02,-1.220000e-02,0.1750,0.2820,-0.1750,4.45100,0.55100,-0.55100,7.8100e+01,1.020e+01,-1.020e+01,0.97,3.200e-01,-1.300e-01,701.0,,,57.15,56.63,-21.54,9.30,1,q1_q17_dr25_tce,6223.00,194.00,-259.00,4.392,0.087,-0.203,1.0950,0.3580,-0.1540,282.981140,43.300407,13.664
7672215,K05411.01,,CANDIDATE,CANDIDATE,0.9030,0,0,0,0,11.173440100,2.1680000e-04,-2.1680000e-04,142.5962000,1.340000e-02,-1.340000e-02,0.2680,0.1910,-0.2680,4.54500,0.45700,-0.45700,6.1300e+01,8.000e+00,-8.000e+00,1.40,4.700e-01,-2.800e-01,1279.0,,,632.06,635.93,-299.65,9.00,1,q1_q17_dr25_tce,7372.00,231.00,-334.00,4.142,0.124,-0.202,1.7520,0.5810,-0.3580,287.937470,43.377659,13.335
7674050,K05412.01,,FALSE POSITIVE,FALSE POSITIVE,0.0000,0,1,0,0,472.226570600,1.2300000e-04,-1.2300000e-04,363.7136050,1.540000e-04,-1.540000e-04,0.8760,0.0390,-0.0430,4.87320,0.01040,-0.01040,1.5614e+05,3.040e+02,-3.040e+02,48.18,1.367e+01,-4.300e+00,217.0,,,0.52,0.43,-0.14,584.60,1,q1_q17_dr25_tce,5763.00,155.00,-172.00,4.557,0.035,-0.184,0.8420,0.2390,-0.0750,288.743590,43.351089,15.911
7690782,K05413.01,,CANDIDATE,CANDIDATE,,0,0,0,0,428.379308000,9.3990000e-03,-9.3990000e-03,522.3881000,1.180000e-02,-1.180000e-02,0.7102,0.0274,-0.5127,4.06600,0.46500,-0.46500,3.8660e+02,5.500e+01,-5.500e+01,2.00,9.600e-01,-3.200e-01,236.0,,,0.74,1.08,-0.27,7.40,1,q1_q16_tce,5574.00,172.00,-138.00,4.381,0.152,-0.298,0.9530,0.4540,-0.1550,294.510310,43.322319,14.105
7700561,K05414.01,,FALSE POSITIVE,FALSE POSITIVE,0.0000,0,1,1,1,1.507099289,1.5670000e-06,-1.5670000e-06,132.0934100,8.630000e-04,-8.630000e-04,1.2650,0.5110,-0.1080,4.83610,0.04840,-0.04840,1.2820e+03,1.080e+01,-1.080e+01,26.56,6.790e+00,-2.120e+00,1448.0,,,1037.46,804.55,-259.99,142.70,1,q1_q17_dr25_tce,5762.00,173.00,-173.00,4.576,0.042,-0.168,0.8010,0.2050,-0.0640,297.254820,43.308979,15.542
8546464,K05535.01,,FALSE POSITIVE,FALSE POSITIVE,,1,0,0,0,253.652263000,1.2850000e-03,-1.2850000e-03,230.2566600,4.390000e-03,-4.390000e-03,20.7849,4.9960,-7.3290,3.85000,0.13300,-0.13300,2.6456e+04,1.309e+03,-1.309e+03,1169.79,1.089e+02,-1.089e+02,159.0,,,0.15,0.04,-0.03,59.90,1,q1_q16_tce,3960.00,50.00,-50.00,4.721,0.060,-0.060,0.5370,0.0500,-0.0500,285.702060,44.686989,15.921
8547213,K05536.01,,CANDIDATE,CANDIDATE,,0,0,0,0,392.728110000,3.0370000e-02,-3.0370000e-02,371.4110000,4.610000e-02,-4.610000e-02,0.4505,0.0740,-0.4188,12.48000,1.40000,-1.40000,4.9970e+02,5.480e+01,-5.480e+01,1.85,8.400e-01,-1.500e-01,226.0,,,0.62,0.85,-0.15,12.00,1,q1_q16_tce,5701.00,165.00,-142.00,4.558,0.035,-0.295,0.8150,0.3680,-0.0660,286.112340,44.657581,15.033
8547366,K05537.01,,FALSE POSITIVE,FALSE POSITIVE,,1,0,0,0,128.668252880,,,142.6652144,,,,,,2.67000,,,,,,,,,,,,,,,,1,q1_q16_tce,,,,,,,,,,286.200680,44.647720,10.719
8547525,K05538.01,,FALSE POSITIVE,FALSE POSITIVE,,1,0,0,0,485.577850000,2.6570000e-02,-2.6570000e-02,327.5177000,2.540000e-02,-2.540000e-02,0.5739,0.0235,-0.4678,6.67000,1.20000,-1.20000,8.5300e+02,2.010e+02,-2.010e+02,2.18,4.200e-01,-1.500e-01,187.0,,,0.29,0.17,-0.07,5.60,1,q1_q16_tce,5255.00,160.00,-140.00,4.616,0.028,-0.114,0.7270,0.1390,-0.0520,286.282140,44.665100,15.857
8547537,K05539.01,,CANDIDATE,CANDIDATE,,0,0,0,0,374.056970000,2.3850000e-02,-2.3850000e-02,177.0559000,2.590000e-02,-2.590000e-02,0.1026,0.3700,-0.1025,22.53000,1.70000,-1.70000,9.6110e+02,8.000e+01,-8.000e+01,2.34,5.700e-01,-1.700e-01,209.0,,,0.45,0.34,-0.10,20.60,1,q1_q16_tce,5302.00,178.00,-144.00,4.595,0.027,-0.151,0.7710,0.1850,-0.0580,286.291440,44.658772,15.583
8548403,K05540.01,,FALSE POSITIVE,FALSE POSITIVE,,1,0,0,0,643.452800000,1.5350000e-02,-1.5350000e-02,204.0423000,2.240000e-02,-2.240000e-02,0.1952,0.2492,-0.1952,9.34600,0.75300,-0.75300,5.8510e+02,6.170e+01,-6.170e+01,2.03,6.700e-01,-1.600e-01,192.0,,,0.32,0.31,-0.07,10.20,1,q1_q16_tce,5649.00,155.00,-147.00,4.553,0.029,-0.236,0.8450,0.2800,-0.0650,286.780640,44.615559,14.984
8548454,K05541.01,,CANDIDATE,CANDIDATE,,0,0,0,0,339.633833000,8.8370000e-03,-8.8370000e-03,260.9552000,1.630000e-02,-1.630000e-02,0.1110,0.3130,-0.1109,8.85900,0.55300,-0.55300,5.1780e+02,4.960e+01,-4.960e+01,2.04,8.600e-01,-1.700e-01,250.0,,,0.93,1.16,-0.23,12.00,1,q1_q16_tce,5823.00,154.00,-167.00,4.522,0.033,-0.302,0.9010,0.3820,-0.0740,286.805660,44.639870,14.699
8552607,K05542.01,,FALSE POSITIVE,FALSE POSITIVE,0.0000,0,1,1,1,1.061934307,1.5020000e-06,-1.5020000e-06,131.7262200,1.250000e-03,-1.250000e-03,1.1810,0.4040,-0.1040,3.21100,0.06160,-0.06160,2.6480e+02,4.500e+00,-4.500e+00,18.70,5.410e+00,-1.810e+00,1696.0,,,1958.71,1617.01,-542.48,70.90,1,q1_q17_dr25_tce,5853.00,139.00,-174.00,4.544,0.036,-0.204,0.8680,0.2510,-0.0840,288.921420,44.635181,14.286
9390655,K05662.01,,FALSE POSITIVE,FALSE POSITIVE,0.0000,0,0,1,1,9.549703700,3.0350000e-04,-3.0350000e-04,137.5008000,4.150000e-02,-4.150000e-02,0.0280,0.4420,-0.0280,1.88100,0.17700,-0.17700,7.0670e+02,6.960e+01,-6.960e+01,1.45,8.000e-02,-2.100e-01,456.0,,,10.25,2.75,-3.87,12.40,1,q1_q17_dr25_tce,3705.00,118.00,-148.00,4.683,0.075,-0.020,0.5690,0.0330,-0.0820,284.922640,45.973461,15.467
9391817,K05663.01,,CANDIDATE,CANDIDATE,0.9650,0,0,0,0,140.884533000,2.6150000e-03,-2.6150000e-03,243.1411000,1.910000e-02,-1.910000e-02,0.0130,0.4350,-0.0130,10.24500,0.47500,-0.47500,1.5800e+02,1.100e+01,-1.100e+01,1.52,2.600e-01,-2.000e-01,392.0,,,5.60,2.54,-1.61,16.40,1,q1_q17_dr25_tce,5960.00,77.00,-83.00,4.306,0.103,-0.126,1.2130,0.2130,-0.1600,285.606750,45.990318,13.060
9394762,K05664.01,,FALSE POSITIVE,FALSE POSITIVE,0.0000,0,1,1,0,77.138911000,1.0780000e-03,-1.0780000e-03,166.5847000,1.100000e-02,-1.100000e-02,0.9810,0.0010,-0.7540,7.22900,0.79300,-0.79300,6.0330e+02,4.130e+01,-4.130e+01,3.39,1.020e+00,-2.700e-01,406.0,,,6.46,5.53,-1.63,19.00,1,q1_q17_dr25_tce,5778.00,139.00,-174.00,4.531,0.037,-0.213,0.9110,0.2730,-0.0730,287.251950,45.952900,14.457
9394953,K05665.01,,CANDIDATE,CANDIDATE,,0,0,0,0,100.494129000,1.5650000e-03,-1.5650000e-03,153.8021000,1.260000e-02,-1.260000e-02,0.0813,0.3756,-0.0811,2.67900,0.38200,-0.38200,5.7600e+01,1.040e+01,-1.040e+01,1.33,5.000e-02,-6.000e-02,523.0,,,17.64,2.05,-2.26,6.90,1,q1_q16_tce,6018.00,65.00,-65.00,4.036,0.014,-0.019,1.7500,0.0600,-0.0800,287.354800,45.948662,11.484
9397862,K05666.01,,CANDIDATE,CANDIDATE,,0,0,0,0,182.453195000,4.5040000e-03,-4.5040000e-03,282.5445000,1.750000e-02,-1.750000e-02,0.0792,0.3803,-0.0792,2.72100,0.61800,-0.61800,1.8400e+02,4.640e+01,-4.640e+01,1.26,5.000e-01,-1.200e-01,332.0,,,2.89,3.33,-0.79,5.20,1,q1_q16_tce,6164.00,158.00,-180.00,4.483,0.055,-0.288,0.9270,0.3660,-0.0890,289.022550,45.926022,13.872
9402670,K05667.01,,FALSE POSITIVE,FALSE POSITIVE,0.0000,1,0,1,1,0.536551592,2.6980000e-06,-2.6980000e-06,132.0220500,4.580000e-03,-4.580000e-03,1.1020,0.0910,-0.1180,4.89000,0.45200,-0.45200,1.5320e+02,8.700e+00,-8.700e+00,12.88,4.070e+00,-1.350e+00,2377.0,,,7584.36,7269.97,-2392.52,26.20,1,q1_q17_dr25_tce,6140.00,193.00,-236.00,4.455,0.052,-0.208,1.0270,0.3240,-0.1080,291.285770,45.953651,15.668
9402859,K05668.01,,FALSE POSITIVE,FALSE POSITIVE,,1,0,1,0,68.544431560,,,161.4962975,,,,,,2.05000,,,,,,,,,,,,,,,,1,q1_q16_tce,,,,,,,,,,291.359500,45.935390,11.197
9407689,K05669.01,,FALSE POSITIVE,FALSE POSITIVE,,1,0,0,0,130.110715000,2.3520000e-03,-2.3520000e-03,165.4972000,1.200000e-02,-1.200000e-02,0.1883,0.2767,-0.1883,2.22700,0.39600,-0.39600,2.5190e+02,5.350e+01,-5.350e+01,1.32,4.700e-01,-1.000e-01,343.0,,,3.26,3.34,-0.76,6.40,1,q1_q16_tce,5960.00,152.00,-159.00,4.561,0.030,-0.251,0.8280,0.2920,-0.0630,293.307920,45.983459,14.241
10356840,K05788.01,,FALSE POSITIVE,FALSE POSITIVE,,0,0,0,0,242.484764000,8.7340000e-03,-8.7340000e-03,367.2220000,2.260000e-02,-2.260000e-02,0.1785,0.2687,-0.1785,6.45100,0.73900,-0.73900,3.6170e+02,5.430e+01,-5.430e+01,1.58,5.700e-01,-1.000e-01,283.0,,,1.51,1.58,-0.33,7.60,1,q1_q16_tce,6068.00,159.00,-168.00,4.568,0.025,-0.253,0.8290,0.2970,-0.0540,297.833920,47.420731,14.960
10387792,K05789.01,,CANDIDATE,CANDIDATE,,0,0,0,0,383.262170000,1.3290000e-02,-1.3290000e-02,216.1920000,3.660000e-02,-3.660000e-02,0.1407,0.3331,-0.1406,4.84000,1.30000,-1.30000,4.4840e+02,7.350e+01,-7.350e+01,1.57,3.700e-01,-1.500e-01,203.0,,,0.40,0.29,-0.11,11.00,1,q1_q16_tce,5074.00,162.00,-126.00,4.536,0.065,-0.615,0.7610,0.1790,-0.0740,283.463070,47.554600,14.060
10394802,K05790.01,,CANDIDATE,CANDIDATE,0.8030,0,0,0,0,178.266978000,2.8280000e-03,-2.8280000e-03,229.7541400,9.290000e-03,-9.290000e-03,0.8860,0.0480,-0.6630,5.27600,0.28200,-0.28200,1.8570e+03,1.770e+02,-1.770e+02,3.71,3.200e-01,-1.000e-01,241.0,,,0.80,0.21,-0.09,12.50,1,q1_q17_dr25_tce,4899.00,77.00,-87.00,4.624,0.007,-0.063,0.7130,0.0620,-0.0180,287.291320,47.598251,15.518
10399137,K05791.01,,FALSE POSITIVE,FALSE POSITIVE,,1,0,0,0,385.593209000,6.5740000e-03,-6.5740000e-03,393.8276000,1.290000e-02,-1.290000e-02,0.5548,0.0122,-0.4744,2.79900,0.51000,-0.51000,2.8290e+02,5.020e+01,-5.020e+01,2.37,1.260e+00,-5.400e-01,311.0,,,2.20,3.55,-1.05,5.60,1,q1_q16_tce,6205.00,165.00,-196.00,4.194,0.202,-0.270,1.3580,0.7250,-0.3100,289.532930,47.596931,13.927
10416390,K05792.01,,FALSE POSITIVE,FALSE POSITIVE,0.0000,0,0,1,0,215.737826000,2.0900000e-03,-2.0900000e-03,330.8837600,6.140000e-03,-6.140000e-03,0.9160,6.8670,-0.0590,7.25700,0.22900,-0.22900,8.4760e+03,2.710e+02,-2.710e+02,8.71,8.300e-01,-8.300e-01,231.0,,,0.67,0.26,-0.19,36.80,1,q1_q17_dr25_tce,4889.00,175.00,-175.00,4.574,0.055,-0.045,0.7240,0.0690,-0.0690,296.248600,47.526539,15.705
10419108,K05793.01,,FALSE POSITIVE,FALSE POSITIVE,,1,0,0,0,507.482490000,5.5610000e-02,-5.5610000e-02,251.1107000,8.450000e-02,-8.450000e-02,0.7261,0.2130,-0.4791,8.19000,1.80000,-1.80000,2.3210e+02,3.120e+01,-3.120e+01,1.22,4.200e-01,-1.200e-01,189.0,,,0.30,0.32,-0.08,9.70,1,q1_q16_tce,5227.00,163.00,-130.00,4.541,0.071,-0.603,0.7440,0.2560,-0.0740,297.047180,47.517620,12.941
10453009,K05794.01,,CANDIDATE,CANDIDATE,,0,0,0,0,30.977115100,5.0360000e-04,-5.0360000e-04,145.6475000,1.260000e-02,-1.260000e-02,0.5092,0.0446,-0.4360,3.18800,0.52500,-0.52500,1.2500e+02,2.480e+01,-2.480e+01,4.30,1.900e+00,-1.410e+00,950.0,,,192.79,247.32,-116.14,6.80,1,q1_q16_tce,5197.00,122.00,-167.00,3.453,0.248,-0.284,3.7840,1.6740,-1.2370,283.586120,47.633739,13.785
10459749,K05795.01,,CANDIDATE,CANDIDATE,,0,0,0,0,19.112802420,,,143.6245952,,,,,,1.58000,,,,,,,,,,,,,,,,1,q1_q16_tce,,,,,,,,,,287.117610,47.616180,15.952
7701809,K05415.01,,FALSE POSITIVE,FALSE POSITIVE,,1,0,0,0,30.211116200,5.0070000e-04,-5.0070000e-04,160.3175000,1.420000e-02,-1.420000e-02,0.0666,0.4509,-0.0662,4.20200,0.94900,-0.94900,9.2600e+01,3.180e+01,-3.180e+01,4.44,1.870e+00,-1.760e+00,1033.0,,,269.29,326.29,-183.73,6.50,1,q1_q16_tce,5132.00,117.00,-175.00,3.321,0.292,-0.278,4.7320,1.9950,-1.8730,297.531740,43.350368,13.514
7731281,K05416.01,Kepler-1628 b,CONFIRMED,CANDIDATE,0.0000,0,0,0,0,76.377855000,1.8250000e-03,-1.8250000e-03,146.3485000,3.150000e-02,-3.150000e-02,0.5770,0.2690,-0.3630,4.80900,0.16300,-0.16300,1.1004e+04,3.200e+02,-3.200e+02,6.28,4.000e-01,-8.000e-01,240.0,,,0.78,0.24,-0.27,38.60,1,q1_q17_dr25_tce,3869.00,133.00,-147.00,4.674,0.068,-0.023,0.5840,0.0370,-0.0740,281.633700,43.411579,16.595
7743464,K05417.01,,FALSE POSITIVE,FALSE POSITIVE,0.0000,0,1,0,0,55.249007325,2.2910000e-06,-2.2910000e-06,164.9788729,3.350000e-05,-3.350000e-05,0.7850,0.0080,-0.0150,5.15147,0.00093,-0.00093,2.0567e+05,2.630e+01,-2.630e+01,60.79,1.971e+01,-6.540e+00,496.0,,,14.25,14.04,-4.55,3452.50,1,q1_q17_dr25_tce,6063.00,191.00,-233.00,4.476,0.040,-0.216,1.0120,0.3280,-0.1090,288.153080,43.473560,14.925
7747091,K05418.01,,CANDIDATE,CANDIDATE,0.9970,0,0,0,0,14.267343900,2.3080000e-04,-2.3080000e-04,133.9655000,1.270000e-02,-1.270000e-02,0.0420,0.4130,-0.0410,3.17100,0.58000,-0.58000,2.1750e+02,2.950e+01,-2.950e+01,1.21,2.900e-01,-9.000e-02,657.0,,,44.12,32.09,-11.06,9.00,1,q1_q17_dr25_tce,5475.00,164.00,-164.00,4.567,0.030,-0.170,0.8370,0.2000,-0.0670,289.728180,43.488239,15.181
7747197,K05419.01,,FALSE POSITIVE,FALSE POSITIVE,,1,0,0,0,22.529070000,3.4960000e-04,-3.4960000e-04,142.2496000,1.390000e-02,-1.390000e-02,0.3668,0.1449,-0.3668,1.37300,0.38800,-0.38800,3.2710e+02,9.090e+01,-9.090e+01,1.39,3.400e-01,-1.000e-01,532.0,,,18.89,14.22,-4.44,4.80,1,q1_q16_tce,5284.00,175.00,-141.00,4.594,0.028,-0.149,0.7690,0.1850,-0.0590,289.765260,43.432331,15.607
7750342,K05420.01,,FALSE POSITIVE,FALSE POSITIVE,,1,0,0,0,66.247851000,1.5680000e-03,-1.5680000e-03,162.2694000,1.780000e-02,-1.780000e-02,0.2847,0.1735,-0.2846,4.04000,0.54700,-0.54700,6.6600e+02,8.730e+01,-8.730e+01,16.67,5.360e+00,-7.610e+00,925.0,,,172.74,157.52,-128.86,8.30,1,q1_q16_tce,5214.00,120.00,-193.00,3.109,0.333,-0.300,6.5190,2.0940,-2.9760,290.857730,43.484550,13.234
7751133,K05421.01,,FALSE POSITIVE,FALSE POSITIVE,,1,0,0,1,370.913080000,1.3440000e-02,-1.3440000e-02,261.1884000,2.050000e-02,-2.050000e-02,0.3443,0.1107,-0.3442,17.65500,0.78800,-0.78800,2.7030e+02,2.080e+01,-2.080e+01,1.74,6.600e-01,-2.200e-01,266.0,,,1.18,1.31,-0.38,17.50,1,q1_q16_tce,5892.00,153.00,-171.00,4.386,0.097,-0.256,1.0540,0.3970,-0.1370,291.136170,43.476749,13.648
7757620,K05422.01,,CANDIDATE,CANDIDATE,,0,0,0,0,360.644852550,,,186.8852982,,,,,,11.19000,,,,,,,,,,,,,,,,1,q1_q16_tce,,,,,,,,,,293.415370,43.417610,13.579
8560475,K05543.01,,FALSE POSITIVE,FALSE POSITIVE,1.0000,0,1,0,0,7.415051610,2.7120000e-05,-2.7120000e-05,133.3105500,2.440000e-03,-2.440000e-03,0.9790,0.0320,-0.6990,2.06100,0.13000,-0.13000,9.3700e+02,5.740e+01,-5.740e+01,91.09,4.010e+00,-3.407e+01,2815.0,,,14853.21,2978.97,-10090.87,18.30,1,q1_q17_dr25_tce,4989.00,122.00,-244.00,2.442,0.033,-0.033,18.2660,0.8040,-6.8320,291.979430,44.695160,13.560
8561192,K05544.01,,FALSE POSITIVE,FALSE POSITIVE,0.0000,0,1,0,0,2.742590902,8.0220000e-06,-8.0220000e-06,132.6997000,2.560000e-03,-2.560000e-03,0.4730,0.0210,-0.0200,10.41430,0.03580,-0.03580,6.8040e+05,1.469e+03,-1.469e+03,176.40,5.338e+01,-3.880e+01,1960.0,,,3487.05,3219.74,-1713.50,682.90,1,q1_q17_dr25_tce,7072.00,225.00,-310.00,4.129,0.157,-0.192,1.7050,0.5160,-0.3750,292.271480,44.697262,16.267
8570210,K05545.01,,CANDIDATE,CANDIDATE,,0,0,0,0,541.044720000,2.1190000e-02,-2.1190000e-02,372.4781000,2.770000e-02,-2.770000e-02,0.2387,0.2201,-0.2387,12.47000,1.10000,-1.10000,1.8150e+02,2.190e+01,-2.190e+01,1.08,4.800e-01,-7.000e-02,206.0,,,0.43,0.56,-0.10,8.80,1,q1_q16_tce,5829.00,156.00,-144.00,4.575,0.030,-0.300,0.8020,0.3540,-0.0580,295.596980,44.613892,13.607
8571421,K05546.01,,CANDIDATE,CANDIDATE,,0,0,0,0,514.271499000,6.1930000e-03,-6.1930000e-03,416.7679800,8.840000e-03,-8.840000e-03,0.2032,0.2446,-0.2031,3.46000,0.28100,-0.28100,6.8890e+02,8.830e+01,-8.830e+01,3.01,1.320e+00,-3.600e-01,258.0,,,1.04,1.33,-0.34,9.00,1,q1_q16_tce,6343.00,153.00,-229.00,4.411,0.058,-0.274,1.1370,0.4980,-0.1350,295.972780,44.645088,14.848
8574794,K05547.01,,CANDIDATE,CANDIDATE,,0,0,0,0,571.143020000,4.4640000e-02,-4.4640000e-02,251.0392000,6.030000e-02,-6.030000e-02,0.5041,0.0040,-0.4699,10.06000,1.40000,-1.40000,5.3130e+02,9.350e+01,-9.350e+01,2.22,8.500e-01,-1.700e-01,210.0,,,0.46,0.53,-0.12,8.50,1,q1_q16_tce,5751.00,154.00,-192.00,4.514,0.030,-0.287,0.9430,0.3650,-0.0710,296.970700,44.610420,14.851
8575061,K05548.01,,FALSE POSITIVE,FALSE POSITIVE,,1,0,0,0,216.453511000,3.8600000e-03,-3.8600000e-03,299.1452000,1.150000e-02,-1.150000e-02,0.0052,0.4655,-0.0052,3.32100,0.43500,-0.43500,1.1370e+03,1.580e+02,-1.580e+02,2.91,1.220e+00,-3.500e-01,274.0,,,1.34,1.80,-0.42,7.50,1,q1_q16_tce,5385.00,211.00,-166.00,4.460,0.095,-0.276,0.8780,0.3680,-0.1040,297.040890,44.628120,15.638
8612291,K05549.01,,FALSE POSITIVE,FALSE POSITIVE,,1,0,0,0,37.048866900,,,142.0283185,,,,,,2.48000,,,,,,,,,,,,,,,,1,q1_q16_tce,,,,,,,,,,286.289640,44.745998,14.042
8613769,K05550.01,,CANDIDATE,CANDIDATE,,0,0,0,0,540.392670000,2.2410000e-02,-2.2410000e-02,196.0854000,2.240000e-02,-2.240000e-02,0.3683,0.1061,-0.3682,9.23300,0.75100,-0.75100,1.7800e+03,1.620e+02,-1.620e+02,3.63,1.210e+00,-2.900e-01,206.0,,,0.42,0.42,-0.10,15.10,1,q1_q16_tce,5693.00,164.00,-156.00,4.551,0.028,-0.243,0.8560,0.2860,-0.0670,287.089690,44.792000,15.959
9412267,K05670.01,,FALSE POSITIVE,FALSE POSITIVE,,1,0,0,0,542.161589270,,,428.8111364,,,,,,8.77000,,,,,,,,,,,,,,,,1,q1_q16_tce,,,,,,,,,,295.062770,45.903900,14.043
9417931,K05671.01,,CANDIDATE,CANDIDATE,,0,0,0,0,190.905243000,4.4460000e-03,-4.4460000e-03,193.3008000,1.590000e-02,-1.590000e-02,0.3708,0.1451,-0.3285,2.52900,0.40700,-0.40700,2.2710e+02,3.880e+01,-3.880e+01,1.73,6.800e-01,-2.700e-01,356.0,,,3.81,4.39,-1.40,7.40,1,q1_q16_tce,6098.00,159.00,-183.00,4.321,0.134,-0.252,1.1310,0.4440,-0.1750,296.973690,45.995209,13.574
9418508,K05672.01,,FALSE POSITIVE,FALSE POSITIVE,0.0000,0,1,0,0,11.015388900,4.8770000e-04,-4.8770000e-04,140.6804000,6.090000e-02,-6.090000e-02,1.2870,6.8400,-0.4960,2.66600,0.10700,-0.10700,3.4460e+03,1.300e+02,-1.300e+02,65.27,3.590e+01,-3.948e+01,1047.0,,,284.63,509.50,-246.04,31.80,1,q1_q17_dr25_tce,5515.00,210.00,-191.00,3.899,0.700,-0.300,1.6780,0.9230,-1.0150,297.144290,45.950981,14.333
9449320,K05673.01,,FALSE POSITIVE,FALSE POSITIVE,,1,0,0,0,28.342305750,,,141.4055394,,,,,,1.65000,,,,,,,,,,,,,,,,1,q1_q16_tce,,,,,,,,,,283.806120,46.065563,12.740
9451521,K05674.01,,FALSE POSITIVE,FALSE POSITIVE,,1,0,0,0,231.521608000,3.3470000e-03,-3.3470000e-03,341.0665300,9.220000e-03,-9.220000e-03,0.5303,0.0338,-0.4571,2.81900,0.33200,-0.33200,4.7870e+02,8.450e+01,-8.450e+01,1.96,5.800e-01,-1.600e-01,274.0,,,1.34,1.17,-0.32,6.10,1,q1_q16_tce,5695.00,150.00,-155.00,4.545,0.027,-0.225,0.8720,0.2620,-0.0680,285.073550,46.033482,14.821
9455322,K05675.01,,FALSE POSITIVE,FALSE POSITIVE,,1,0,0,0,180.890384000,2.7690000e-03,-2.7690000e-03,162.9617000,1.360000e-02,-1.360000e-02,0.3417,0.1408,-0.3415,1.90100,0.40500,-0.40500,2.0530e+02,3.920e+01,-3.920e+01,2.47,1.510e+00,-5.400e-01,480.0,,,12.58,23.82,-6.00,5.80,1,q1_q16_tce,7037.00,193.00,-277.00,4.136,0.137,-0.346,1.6830,1.0290,-0.3640,287.253850,46.094769,13.610
9455526,K05676.01,,FALSE POSITIVE,FALSE POSITIVE,,1,0,0,0,60.054614900,7.8020000e-04,-7.8020000e-04,181.8867000,1.010000e-02,-1.010000e-02,0.3355,0.1351,-0.3354,3.43500,0.40200,-0.40200,3.2610e+02,3.340e+01,-3.340e+01,5.24,2.490e+00,-1.600e+00,694.0,,,54.88,77.42,-31.51,11.80,1,q1_q16_tce,5242.00,136.00,-162.00,3.606,0.258,-0.313,2.9170,1.3860,-0.8900,287.371150,46.051189,13.571
9456887,K05677.01,,CANDIDATE,CANDIDATE,0.8840,0,0,0,0,20.514264200,2.6400000e-04,-2.6400000e-04,148.7293000,1.100000e-02,-1.100000e-02,0.2560,0.2050,-0.2560,3.52400,0.30600,-0.30600,1.5320e+02,2.000e+01,-2.000e+01,1.14,1.200e-01,-1.200e-01,598.0,,,30.28,9.16,-7.73,9.00,1,q1_q17_dr25_tce,5221.00,78.00,-86.00,4.422,0.099,-0.081,0.9360,0.1010,-0.1010,288.136840,46.038380,14.900
10470779,K05796.01,,CANDIDATE,CANDIDATE,0.0000,0,0,0,0,495.854189000,5.8960000e-03,-5.8960000e-03,241.4959400,4.200000e-03,-4.200000e-03,0.0310,0.4330,-0.0310,8.65000,3.20000,-3.20000,5.4860e+02,4.900e+01,-4.900e+01,2.41,3.400e-01,-2.800e-01,230.0,,,0.67,0.25,-0.18,10.90,1,q1_q17_dr25_tce,5613.00,76.00,-76.00,4.378,0.110,-0.110,1.0440,0.1490,-0.1220,292.035220,47.684391,14.712
10480952,K05797.01,,FALSE POSITIVE,FALSE POSITIVE,0.0000,0,1,0,0,2.037453129,4.3000000e-08,-4.3000000e-08,131.5522356,1.690000e-05,-1.690000e-05,0.6110,0.0040,-0.0020,5.43155,0.00049,-0.00049,3.1591e+05,0.000e+00,0.000e+00,136.30,3.221e+01,-5.987e+01,2220.0,,,5752.74,4069.55,-4184.88,6944.90,1,q1_q17_dr25_tce,6456.00,181.00,-227.00,3.906,0.432,-0.135,2.0560,0.4860,-0.9030,295.804630,47.670906,12.220
10487228,K05798.01,,CANDIDATE,CANDIDATE,,0,0,0,0,318.258580000,1.1260000e-02,-1.1260000e-02,276.1817000,2.120000e-02,-2.120000e-02,0.0281,0.5168,-0.0280,4.39000,1.00000,-1.00000,7.5600e+02,2.200e+02,-2.200e+02,2.03,3.200e-01,-1.500e-01,212.0,,,0.48,0.25,-0.11,6.00,1,q1_q16_tce,5108.00,163.00,-140.00,4.596,0.028,-0.102,0.7590,0.1200,-0.0570,297.695250,47.605862,15.714
10519727,K05799.01,,CANDIDATE,CANDIDATE,,0,0,0,0,184.883155000,2.0360000e-03,-2.0360000e-03,283.4176500,8.890000e-03,-8.890000e-03,0.3074,0.1591,-0.3073,3.02500,0.31700,-0.31700,3.0410e+02,3.470e+01,-3.470e+01,2.82,1.220e+00,-9.700e-01,393.0,,,5.65,7.37,-3.46,9.90,1,q1_q16_tce,5620.00,165.00,-145.00,4.036,0.322,-0.225,1.6210,0.7000,-0.5570,284.436920,47.750332,13.609
10525077,K05800.01,,CANDIDATE,CANDIDATE,0.9890,0,0,0,0,11.006795000,2.2620000e-04,-2.2620000e-04,135.9925000,1.760000e-02,-1.760000e-02,0.6600,0.0110,-0.5070,5.11200,0.58800,-0.58800,1.4640e+02,1.660e+01,-1.660e+01,1.34,4.200e-01,-1.900e-01,874.0,,,138.34,134.32,-48.96,10.90,1,q1_q17_dr25_tce,6091.00,193.00,-214.00,4.424,0.070,-0.210,1.0470,0.3340,-0.1430,287.378080,47.771191,15.355
10535708,K05801.01,,CANDIDATE,CANDIDATE,,0,0,0,0,177.375830000,1.6110000e-02,-1.6110000e-02,169.0841000,4.520000e-02,-4.520000e-02,0.0539,0.4063,-0.0539,21.14000,1.60000,-1.60000,4.5970e+02,4.850e+01,-4.850e+01,1.96,8.100e-01,-1.700e-01,314.0,,,2.29,2.83,-0.60,12.40,1,q1_q16_tce,5849.00,159.00,-185.00,4.517,0.034,-0.300,0.9190,0.3820,-0.0770,292.114470,47.729462,15.609
10547378,K05802.01,,FALSE POSITIVE,FALSE POSITIVE,0.0000,0,1,0,0,35.164087000,2.4960000e-03,-2.4960000e-03,147.7597000,5.230000e-02,-5.230000e-02,1.2270,5.5060,-0.1620,86.05000,3.50000,-3.50000,1.5289e+03,5.070e+01,-5.070e+01,62.03,2.348e+01,-3.519e+01,756.0,,,77.33,91.55,-64.42,38.30,1,q1_q17_dr25_tce,5485.00,194.00,-155.00,3.820,0.667,-0.222,2.0870,0.7900,-1.1840,296.476100,47.703018,13.945
10548411,K05803.01,,FALSE POSITIVE,FALSE POSITIVE,,1,0,0,0,107.110035030,,,148.1046554,,,,,,2.12000,,,,,,,,,,,,,,,,1,q1_q16_tce,,,,,,,,,,296.803010,47.785828,13.845
7762153,K05423.01,,CANDIDATE,CANDIDATE,,0,0,0,0,366.557050000,1.8210000e-02,-1.8210000e-02,238.1402000,4.110000e-02,-4.110000e-02,0.1247,0.3304,-0.1246,11.62000,0.73600,-0.73600,5.8250e+02,7.000e+01,-7.000e+01,2.63,1.380e+00,-3.200e-01,266.0,,,1.18,1.91,-0.40,10.20,1,q1_q16_tce,5857.00,172.00,-218.00,4.403,0.073,-0.321,1.1000,0.5810,-0.1320,294.819950,43.471111,15.200
7762717,K05424.01,,FALSE POSITIVE,FALSE POSITIVE,,1,0,0,0,462.260521520,,,185.8488415,,,,,,4.05000,,,,,,,,,,,,,,,,1,q1_q16_tce,,,,,,,,,,294.994320,43.494320,14.584
7767781,K05425.01,,CANDIDATE,CANDIDATE,,0,0,0,0,39.425162130,,,133.1963483,,,,,,2.18000,,,,,,,,,,,,,,,,1,q1_q16_tce,,,,,,,,,,296.479060,43.409382,15.720
7770901,K05426.01,,CANDIDATE,CANDIDATE,0.9900,0,0,0,0,124.887214000,2.7580000e-03,-2.7580000e-03,133.7933000,1.670000e-02,-1.670000e-02,0.7520,0.0310,-0.5340,8.59900,0.41000,-0.41000,1.7650e+02,1.530e+01,-1.530e+01,1.78,4.900e-01,-5.000e-01,435.0,,,8.48,6.91,-4.56,13.30,1,q1_q17_dr25_tce,6103.00,165.00,-184.00,4.209,0.264,-0.176,1.2340,0.3420,-0.3420,297.290470,43.467789,13.701
7800285,K05427.01,,FALSE POSITIVE,FALSE POSITIVE,0.0000,0,1,1,0,0.533000886,7.9000000e-08,-7.9000000e-08,131.7357030,1.310000e-04,-1.310000e-04,1.2710,0.9480,-0.0370,1.54684,0.00536,-0.00536,4.3985e+03,8.400e+00,-8.400e+00,40.94,1.188e+01,-7.930e+00,2429.0,,,8170.30,6962.36,-3466.79,327.40,1,q1_q17_dr25_tce,5934.00,160.00,-178.00,4.331,0.167,-0.185,1.0640,0.3090,-0.2060,281.659610,43.587891,15.042
7804128,K05428.01,,FALSE POSITIVE,FALSE POSITIVE,,1,0,0,0,200.350910120,,,170.6693855,,,,,,3.78000,,,,,,,,,,,,,,,,1,q1_q16_tce,,,,,,,,,,283.875730,43.523079,13.782
7809049,K05429.01,,FALSE POSITIVE,FALSE POSITIVE,,1,0,0,0,114.328594850,,,153.6678346,,,,,,2.64000,,,,,,,,,,,,,,,,1,q1_q16_tce,,,,,,,,,,286.510070,43.507629,15.094
7811057,K05430.01,,FALSE POSITIVE,FALSE POSITIVE,,1,0,0,0,99.978890000,3.8520000e-03,-3.8520000e-03,186.4888000,2.140000e-02,-2.140000e-02,0.3044,0.1662,-0.3044,8.76000,1.20000,-1.20000,1.1790e+02,2.380e+01,-2.380e+01,1.84,1.220e+00,-8.400e-01,463.0,,,10.84,23.46,-8.01,5.70,1,q1_q16_tce,5229.00,183.00,-157.00,3.985,0.465,-0.321,1.7250,1.1390,-0.7880,287.499880,43.591080,13.255
8622875,K05551.01,,FALSE POSITIVE,FALSE POSITIVE,,0,0,0,1,374.716870000,1.3440000e-02,-1.3440000e-02,505.6954000,1.520000e-02,-1.520000e-02,0.9850,0.0170,-0.0117,52.98600,0.91400,-0.91400,1.1262e+03,2.870e+01,-2.870e+01,5.56,2.010e+00,-8.300e-01,259.0,,,1.06,1.14,-0.37,62.20,1,q1_q16_tce,5768.00,160.00,-144.00,4.375,0.128,-0.241,1.0090,0.3660,-0.1500,291.087950,44.751789,14.012
8644545,K05552.01,,CANDIDATE,CANDIDATE,0.9070,0,0,0,0,295.958914000,1.9810000e-03,-1.9810000e-03,138.9254800,4.740000e-03,-4.740000e-03,0.0240,0.4330,-0.0240,4.24400,0.19000,-0.19000,4.6410e+02,3.050e+01,-3.050e+01,2.10,2.700e-01,-2.600e-01,265.0,,,1.17,0.44,-0.34,17.50,1,q1_q17_dr25_tce,5505.00,109.00,-98.00,4.386,0.126,-0.094,0.9920,0.1250,-0.1250,298.138640,44.744061,13.344
8644911,K05553.01,,CANDIDATE,CANDIDATE,0.9940,0,0,0,0,120.938669000,2.4680000e-03,-2.4680000e-03,246.2520000,1.810000e-02,-1.810000e-02,0.0110,0.4330,-0.0110,8.81800,0.35800,-0.35800,7.8210e+02,6.030e+01,-6.030e+01,2.32,4.500e-01,-3.300e-01,333.0,,,2.91,1.89,-1.06,15.00,1,q1_q17_dr25_tce,5456.00,207.00,-189.00,4.477,0.112,-0.138,0.8430,0.1630,-0.1220,298.232790,44.756432,15.540
8652997,K05554.01,,CANDIDATE,CANDIDATE,,0,0,0,0,362.222020000,3.1260000e-02,-3.1260000e-02,385.7380000,6.610000e-02,-6.610000e-02,0.5664,0.0065,-0.5054,14.29000,2.70000,-2.70000,5.2500e+01,1.020e+01,-1.020e+01,0.96,3.300e-01,-2.400e-01,312.0,,,2.25,2.21,-1.11,14.60,1,q1_q16_tce,6113.00,153.00,-159.00,4.168,0.253,-0.211,1.2770,0.4340,-0.3170,300.391940,44.785320,11.189
8655076,K05555.01,,FALSE POSITIVE,FALSE POSITIVE,,1,0,0,0,42.070868000,4.2490000e-04,-4.2490000e-04,161.0337700,8.340000e-03,-8.340000e-03,0.2878,0.2327,-0.2878,1.29300,0.29300,-0.29300,3.8620e+02,9.380e+01,-9.380e+01,1.82,1.480e+00,-2.300e-01,469.0,,,11.43,31.67,-3.75,5.70,1,q1_q16_tce,5197.00,186.00,-152.00,4.422,0.118,-0.475,0.9380,0.7600,-0.1220,300.951020,44.749180,14.887
8656535,K05556.01,,CANDIDATE,CANDIDATE,,0,0,0,0,631.991160000,6.4820000e-03,-6.4820000e-03,147.2745200,7.670000e-03,-7.670000e-03,0.2397,0.2152,-0.2397,2.99000,0.30100,-0.30100,3.4560e+02,5.230e+01,-5.230e+01,1.86,6.900e-01,-2.600e-01,210.0,,,0.46,0.52,-0.16,7.20,1,q1_q16_tce,5594.00,185.00,-161.00,4.387,0.119,-0.246,1.0060,0.3770,-0.1400,301.506560,44.711842,13.415
8671707,K05557.01,,FALSE POSITIVE,FALSE POSITIVE,,1,0,0,0,401.732430000,1.3020000e-02,-1.3020000e-02,393.6184800,9.510000e-03,-9.510000e-03,0.0839,0.4958,-0.0838,1.53500,0.66400,-0.66400,3.6640e+02,8.380e+01,-8.380e+01,2.88,1.390e+00,-8.100e-01,307.0,,,2.09,3.12,-1.15,5.80,1,q1_q16_tce,5938.00,184.00,-208.00,4.120,0.247,-0.241,1.5040,0.7270,-0.4230,283.347690,44.889378,13.458
8676061,K05558.01,,FALSE POSITIVE,FALSE POSITIVE,,1,0,0,0,428.118600000,1.9060000e-02,-1.9060000e-02,243.2300000,4.040000e-02,-4.040000e-02,0.1377,0.3201,-0.1377,6.56000,1.90000,-1.90000,4.4380e+02,8.810e+01,-8.810e+01,2.18,9.600e-01,-1.900e-01,260.0,,,1.09,1.42,-0.29,7.30,1,q1_q16_tce,6225.00,164.00,-187.00,4.450,0.043,-0.289,1.0310,0.4550,-0.0890,285.755740,44.852440,15.260
9457533,K05678.01,,FALSE POSITIVE,FALSE POSITIVE,,1,0,0,0,37.368380200,3.9170000e-04,-3.9170000e-04,135.1439000,9.990000e-03,-9.990000e-03,0.8375,0.0238,-0.5843,2.80000,0.23000,-0.23000,2.0660e+02,2.610e+01,-2.610e+01,10.58,7.300e-01,-2.670e+00,1075.0,,,315.59,70.95,-163.57,8.80,1,q1_q16_tce,5101.00,90.00,-185.00,3.150,0.030,-0.030,6.4220,0.4410,-1.6230,288.479190,46.058208,12.362
9463329,K05679.01,,FALSE POSITIVE,FALSE POSITIVE,,1,0,0,0,615.819280000,2.3670000e-02,-2.3670000e-02,261.7343000,2.710000e-02,-2.710000e-02,0.1794,0.2529,-0.1791,14.93000,1.10000,-1.10000,1.6800e+02,1.850e+01,-1.850e+01,1.24,5.300e-01,-1.100e-01,221.0,,,0.56,0.68,-0.15,11.00,1,q1_q16_tce,6120.00,146.00,-176.00,4.489,0.045,-0.302,0.9550,0.4020,-0.0860,291.216640,46.022480,13.027
9466486,K05680.01,,CANDIDATE,CANDIDATE,,0,0,0,0,557.928820000,1.0850000e-02,-1.0850000e-02,210.6800000,1.700000e-02,-1.700000e-02,0.1034,0.3546,-0.1030,4.78800,0.61200,-0.61200,2.6220e+02,3.940e+01,-3.940e+01,2.97,2.150e+00,-1.820e+00,300.0,,,1.92,4.60,-1.67,8.10,1,q1_q16_tce,5553.00,187.00,-178.00,3.805,0.772,-0.367,1.8440,1.3370,-1.1270,292.500980,46.037479,13.263
9472328,K05681.01,,CANDIDATE,CANDIDATE,,0,0,0,0,77.512570000,1.0850000e-02,-1.0850000e-02,199.5560000,1.570000e-01,-1.570000e-01,72.1108,28.8500,-12.1900,3.15000,1.00000,-1.00000,1.5100e+03,3.200e+02,-3.200e+02,28199.30,1.306e+04,-8.600e+03,702.0,,,57.44,78.93,-33.34,5.80,1,q1_q16_tce,5261.00,138.00,-182.00,3.459,0.231,-0.302,3.6300,1.6810,-1.1070,294.690920,46.066620,15.677
9472341,K05682.01,,CANDIDATE,CANDIDATE,,0,0,0,0,46.969389000,1.2330000e-03,-1.2330000e-03,173.8395000,2.560000e-02,-2.560000e-02,0.3246,0.1340,-0.3246,1.94400,0.31900,-0.31900,1.8750e+03,3.430e+02,-3.430e+02,7.45,6.280e+00,-4.100e+00,638.0,,,39.27,116.32,-32.39,7.10,1,q1_q16_tce,5401.00,214.00,-189.00,3.885,0.657,-0.422,1.7170,1.4450,-0.9450,294.694890,46.077000,16.224
9474485,K05683.01,,FALSE POSITIVE,FALSE POSITIVE,0.0410,0,1,0,0,0.512581525,2.2000000e-08,-2.2000000e-08,131.7811170,3.530000e-05,-3.530000e-05,0.5050,0.0140,-0.0170,2.54719,0.00290,-0.00290,3.8448e+05,2.910e+02,-2.910e+02,42.41,3.720e+00,-3.370e+00,1541.0,,,1339.86,442.39,-333.51,1583.70,1,q1_q17_dr25_tce,4612.00,137.00,-137.00,4.648,0.052,-0.032,0.6040,0.0530,-0.0480,295.464510,46.016998,14.884
9475697,K05684.01,,CANDIDATE,CANDIDATE,,0,0,0,0,206.801125000,2.6780000e-03,-2.6780000e-03,246.8488000,9.570000e-03,-9.570000e-03,0.6772,0.0065,-0.5143,6.60000,0.27400,-0.27400,7.1600e+02,4.630e+01,-4.630e+01,24.34,1.300e+00,-6.930e+00,675.0,,,48.97,8.53,-27.47,16.70,1,q1_q16_tce,5048.00,72.00,-190.00,2.978,0.030,-0.030,8.6110,0.4600,-2.4500,295.872920,46.014462,11.128
9481235,K05685.01,,CANDIDATE,CANDIDATE,,0,0,0,0,14.001906400,1.8190000e-04,-1.8190000e-04,136.3110000,1.030000e-02,-1.030000e-02,0.9747,0.0042,-0.6771,4.25700,0.48500,-0.48500,3.7610e+02,4.620e+01,-4.620e+01,17.96,4.830e+00,-9.100e-01,1646.0,,,1736.43,1394.57,-288.36,11.60,1,q1_q16_tce,4883.00,140.00,-94.00,2.783,0.029,-0.032,6.5020,1.7490,-0.3290,297.598050,46.043770,13.814
10551346,K05804.01,,FALSE POSITIVE,FALSE POSITIVE,0.0000,1,0,0,0,1.427966450,1.5950000e-06,-1.5950000e-06,132.6048510,8.900000e-04,-8.900000e-04,1.3050,0.0890,-0.0660,12.86530,0.00024,-0.00024,6.0123e+03,5.190e+01,-5.190e+01,39.76,9.960e+00,-3.540e+00,1637.0,,,1700.47,1260.99,-450.90,347.60,1,q1_q17_dr25_tce,6099.00,167.00,-182.00,4.511,0.044,-0.165,0.9190,0.2300,-0.0820,297.619140,47.767921,13.731
10552151,K05805.01,,CANDIDATE,CANDIDATE,0.0000,0,0,0,0,525.757041000,5.8190000e-03,-5.8190000e-03,306.8984800,7.760000e-03,-7.760000e-03,0.1100,0.3520,-0.1100,4.99500,0.26700,-0.26700,8.3020e+02,6.770e+01,-6.770e+01,11.07,2.240e+00,-3.820e+00,372.0,,,4.52,2.31,-2.75,14.40,1,q1_q17_dr25_tce,5277.00,62.00,-115.00,3.495,0.259,-0.111,3.9310,0.7920,-1.3580,297.838900,47.751709,14.519
10552263,K05806.01,,CANDIDATE,CANDIDATE,,0,0,0,0,313.827520000,9.6340000e-03,-9.6340000e-03,166.4928000,1.790000e-02,-1.790000e-02,0.1103,0.3213,-0.1103,4.18700,0.42600,-0.42600,1.6800e+02,2.250e+01,-2.250e+01,1.26,4.900e-01,-1.400e-01,272.0,,,1.28,1.45,-0.36,8.70,1,q1_q16_tce,5914.00,147.00,-162.00,4.453,0.063,-0.274,0.9730,0.3780,-0.1030,297.870030,47.771091,12.355
10554421,K05807.01,,CANDIDATE,CANDIDATE,,0,0,0,0,236.097998490,,,210.0045018,,,,,,3.65000,,,,,,,,,,,,,,,,1,q1_q16_tce,,,,,,,,,,298.496250,47.738918,14.466
10556891,K05808.01,,FALSE POSITIVE,FALSE POSITIVE,,1,0,0,0,70.619771220,,,139.6638405,,,,,,2.09000,,,,,,,,,,,,,,,,1,q1_q16_tce,,,,,,,,,,299.187960,47.770290,15.341
10579570,K05809.01,,FALSE POSITIVE,FALSE POSITIVE,,1,0,0,0,216.109108540,,,150.9246541,,,,,,3.95000,,,,,,,,,,,,,,,,1,q1_q16_tce,,,,,,,,,,281.666930,47.876911,13.771
10581308,K05810.01,,CANDIDATE,CANDIDATE,,0,0,0,0,425.593391000,8.3840000e-03,-8.3840000e-03,225.3273000,1.640000e-02,-1.640000e-02,0.4892,0.0172,-0.4892,3.81500,0.65800,-0.65800,2.3760e+02,4.750e+01,-4.750e+01,2.25,1.200e+00,-7.500e-01,278.0,,,1.41,2.31,-0.84,6.50,1,q1_q16_tce,5458.00,167.00,-135.00,4.090,0.339,-0.283,1.4410,0.7640,-0.4810,282.687130,47.816978,13.766
10591578,K05811.01,,FALSE POSITIVE,FALSE POSITIVE,,1,0,0,0,44.514393310,,,172.4645281,,,,,,1.55000,,,,,,,,,,,,,,,,1,q1_q16_tce,,,,,,,,,,288.273320,47.876881,14.424
7812990,K05431.01,,CANDIDATE,CANDIDATE,,0,0,0,0,43.084101270,,,163.7383276,,,,,,1.38000,,,,,,,,,,,,,,,,1,q1_q16_tce,,,,,,,,,,288.418950,43.534599,13.782
7819520,K05432.01,,FALSE POSITIVE,FALSE POSITIVE,,1,0,0,0,230.804015660,,,231.8142184,,,,,,3.57000,,,,,,,,,,,,,,,,1,q1_q16_tce,,,,,,,,,,290.838560,43.526741,15.673
7829836,K05433.01,,CANDIDATE,CANDIDATE,0.5620,0,0,0,0,237.819002000,7.0320000e-03,-7.0320000e-03,320.1617000,1.860000e-02,-1.860000e-02,0.0180,0.4410,-0.0180,11.32400,0.82000,-0.82000,6.1420e+02,4.840e+01,-4.840e+01,2.55,4.000e-01,-1.800e-01,302.0,,,1.98,0.81,-0.37,15.40,1,q1_q17_dr25_tce,5878.00,70.00,-88.00,4.424,0.054,-0.117,1.0350,0.1660,-0.0710,294.304660,43.509701,14.573
7830953,K05434.01,,CANDIDATE,CANDIDATE,,0,0,0,0,581.873570000,3.2380000e-02,-3.2380000e-02,389.8661000,4.760000e-02,-4.760000e-02,0.1603,0.2792,-0.1603,14.64000,1.50000,-1.50000,9.0560e+02,9.770e+01,-9.770e+01,2.96,1.090e+00,-2.500e-01,218.0,,,0.53,0.58,-0.15,12.50,1,q1_q16_tce,5897.00,159.00,-219.00,4.489,0.038,-0.269,0.9920,0.3640,-0.0840,294.646700,43.577499,15.738
7836096,K05435.01,,CANDIDATE,CANDIDATE,0.9950,0,0,0,0,15.996129600,1.1580000e-04,-1.1580000e-04,138.9331600,6.420000e-03,-6.420000e-03,0.2970,0.1580,-0.2970,1.65600,0.15400,-0.15400,5.0070e+02,5.550e+01,-5.550e+01,1.71,1.600e-01,-1.300e-01,560.0,,,23.32,8.72,-6.11,10.70,1,q1_q17_dr25_tce,4949.00,177.00,-177.00,4.588,0.025,-0.070,0.7770,0.0720,-0.0590,296.186650,43.581379,15.951
7837526,K05436.01,,FALSE POSITIVE,FALSE POSITIVE,0.0000,0,1,0,0,28.297207229,1.3580000e-06,-1.3580000e-06,137.2347229,4.060000e-05,-4.060000e-05,1.2270,0.0350,-0.0510,3.94247,0.00121,-0.00121,2.3193e+04,4.000e+00,-4.000e+00,54.15,1.049e+01,-1.049e+01,713.0,,,60.99,35.71,-25.90,2360.60,1,q1_q17_dr25_tce,6327.00,171.00,-190.00,4.277,0.171,-0.124,1.1510,0.2230,-0.2230,296.616330,43.529301,12.796
7881464,K05437.01,,CANDIDATE,CANDIDATE,,0,0,0,0,213.633124040,,,161.1886697,,,,,,2.54000,,,,,,,,,,,,,,,,1,q1_q16_tce,,,,,,,,,,288.141420,43.685799,13.885
7884986,K05438.01,,FALSE POSITIVE,FALSE POSITIVE,,1,0,0,0,412.227551000,6.7220000e-03,-6.7220000e-03,380.0972000,8.810000e-03,-8.810000e-03,0.1894,0.2589,-0.1894,4.30300,0.29600,-0.29600,8.1950e+02,9.520e+01,-9.520e+01,21.53,1.330e+00,-5.730e+00,529.0,,,18.57,3.67,-9.87,9.00,1,q1_q16_tce,5079.00,77.00,-175.00,2.977,0.031,-0.030,7.6840,0.4760,-2.0430,289.744660,43.684608,13.926
8677186,K05559.01,,FALSE POSITIVE,FALSE POSITIVE,,1,0,0,0,586.631770000,1.4210000e-02,-1.4210000e-02,227.5013000,1.950000e-02,-1.950000e-02,0.0345,0.4250,-0.0345,7.29900,0.65000,-0.65000,1.9990e+02,2.950e+01,-2.950e+01,1.18,8.500e-01,-1.300e-01,189.0,,,0.30,0.73,-0.08,8.40,1,q1_q16_tce,5228.00,175.00,-136.00,4.471,0.093,-0.497,0.8540,0.6160,-0.0940,286.381650,44.879082,13.416
8678345,K05560.01,,FALSE POSITIVE,FALSE POSITIVE,,1,0,0,0,364.950680000,1.2380000e-02,-1.2380000e-02,183.7170000,8.120000e-03,-8.120000e-03,0.9571,0.0691,-0.6303,0.63600,0.47900,-0.47900,8.2400e+02,1.300e+02,-1.300e+02,3.69,1.640e+00,-4.900e-01,241.0,,,0.80,1.07,-0.26,5.80,1,q1_q16_tce,5574.00,166.00,-133.00,4.438,0.114,-0.283,0.8840,0.3930,-0.1180,287.035160,44.815739,12.975
8682751,K05561.01,,FALSE POSITIVE,FALSE POSITIVE,,1,0,0,0,44.361233190,,,145.3581805,,,,,,2.49000,,,,,,,,,,,,,,,,1,q1_q16_tce,,,,,,,,,,289.300080,44.828609,15.621
8715564,K05562.01,,FALSE POSITIVE,FALSE POSITIVE,,1,0,0,0,438.009740000,3.1620000e-02,-3.1620000e-02,358.2924000,4.780000e-02,-4.780000e-02,0.8575,0.0075,-0.6073,11.46000,2.20000,-2.20000,7.9200e+01,1.320e+01,-1.320e+01,0.73,1.990e+00,-7.000e-02,197.0,,,0.36,5.11,-0.10,8.60,1,q1_q16_tce,5260.00,151.00,-128.00,4.560,0.071,-1.007,0.7170,1.9350,-0.0710,299.992950,44.886120,11.504
8715589,K05563.01,,CANDIDATE,CANDIDATE,0.6540,0,0,0,0,7.622103970,6.7040000e-05,-6.7040000e-05,138.6523100,7.040000e-03,-7.040000e-03,0.3230,0.1250,-0.3230,1.90200,0.29400,-0.29400,1.4610e+02,2.010e+01,-2.010e+01,3.80,1.210e+00,-2.610e+00,1422.0,,,965.88,943.30,-882.42,9.20,1,q1_q17_dr25_tce,5222.00,173.00,-157.00,3.556,0.936,-0.234,3.1620,1.0030,-2.1740,300.000980,44.828499,13.629
8718273,K05564.01,,FALSE POSITIVE,FALSE POSITIVE,0.0000,0,1,0,0,3.479508244,2.0340000e-06,-2.0340000e-06,133.3890720,4.910000e-04,-4.910000e-04,1.2520,3.0670,-0.1280,3.90970,0.02600,-0.02600,3.0004e+03,1.820e+01,-1.820e+01,444.46,7.373e+01,-1.014e+02,3167.0,,,23775.98,10105.80,-10352.41,195.70,1,q1_q17_dr25_tce,4630.00,55.00,-62.00,2.437,0.126,-0.115,12.6230,2.0940,-2.8790,300.768590,44.830620,10.565
8737343,K05565.01,,FALSE POSITIVE,FALSE POSITIVE,,1,0,0,0,406.296950000,1.9670000e-02,-1.9670000e-02,404.6352000,2.380000e-02,-2.380000e-02,0.4038,0.0515,-0.4037,5.32000,1.70000,-1.70000,1.3650e+02,2.790e+01,-2.790e+01,1.85,9.000e-01,-5.300e-01,315.0,,,2.31,3.32,-1.27,10.70,1,q1_q16_tce,6031.00,150.00,-175.00,4.103,0.250,-0.243,1.5660,0.7590,-0.4540,284.030150,44.908718,12.011
8741367,K05566.01,,CANDIDATE,CANDIDATE,1.0000,0,0,0,0,0.988668400,2.9130000e-04,-2.9130000e-04,131.9935400,5.070000e-03,-5.070000e-03,0.3720,0.0770,-0.3720,2.02300,0.23800,-0.23800,1.2660e+02,1.810e+01,-1.810e+01,3.18,5.500e-01,-1.650e+00,3183.0,,,24258.04,13028.49,-19374.23,8.70,1,q1_q17_dr25_tce,6456.00,182.00,-228.00,3.725,0.527,-0.093,2.7730,0.4790,-1.4360,286.291290,44.920082,12.551
9489348,K05686.01,,FALSE POSITIVE,FALSE POSITIVE,0.0000,1,0,0,1,3.344659340,3.9180000e-05,-3.9180000e-05,134.7267000,1.910000e-02,-1.910000e-02,0.0050,0.5230,-0.0050,10.79600,0.63700,-0.63700,5.7600e+01,2.500e+00,-2.500e+00,1.17,2.900e-01,-4.300e-01,1559.0,,,1396.11,1039.54,-902.68,24.30,1,q1_q17_dr25_tce,5966.00,179.00,-179.00,4.069,0.350,-0.150,1.5510,0.3800,-0.5710,299.848180,46.068039,13.596
9517242,K05687.01,,FALSE POSITIVE,FALSE POSITIVE,,1,0,0,0,513.144170000,4.3900000e-02,-4.3900000e-02,359.6183000,6.120000e-02,-6.120000e-02,0.5818,0.0098,-0.4792,14.13000,1.60000,-1.60000,2.2380e+02,3.670e+01,-3.670e+01,1.30,5.200e-01,-1.000e-01,208.0,,,0.45,0.53,-0.11,7.90,1,q1_q16_tce,5709.00,157.00,-144.00,4.557,0.029,-0.281,0.8370,0.3400,-0.0630,287.388180,46.139381,14.334
9532603,K05688.01,,CANDIDATE,CANDIDATE,0.8860,0,0,0,0,14.555509600,1.7330000e-04,-1.7330000e-04,132.8686000,1.130000e-02,-1.130000e-02,0.5280,0.4370,-0.3150,2.07000,0.37500,-0.37500,7.2500e+02,1.220e+02,-1.220e+02,2.03,2.600e-01,-1.800e-01,594.0,,,29.45,13.90,-8.26,8.10,1,q1_q17_dr25_tce,5176.00,184.00,-184.00,4.612,0.033,-0.083,0.7380,0.0970,-0.0650,294.350340,46.149570,16.897
9534832,K05689.01,,CANDIDATE,CANDIDATE,,0,0,0,0,114.127160000,1.6400000e-03,-1.6400000e-03,226.8799100,8.870000e-03,-8.870000e-03,0.7092,0.2727,-0.4676,1.71900,0.27300,-0.27300,9.7400e+02,1.800e+02,-1.800e+02,2.76,5.200e+00,-2.300e-01,295.0,,,1.79,15.02,-0.42,6.30,1,q1_q16_tce,4816.00,149.00,-116.00,4.508,0.069,-0.836,0.8230,1.5510,-0.0670,295.180970,46.179401,15.983
9536727,K05690.01,,CANDIDATE,CANDIDATE,,0,0,0,0,17.049737600,2.9290000e-04,-2.9290000e-04,146.7336300,8.280000e-03,-8.280000e-03,0.9703,0.0000,-0.6636,3.27100,0.35200,-0.35200,4.7860e+02,7.410e+01,-7.410e+01,45.89,1.730e+00,-1.909e+01,1971.0,,,3566.80,582.29,-2612.34,6.40,1,q1_q16_tce,5039.00,98.00,-297.00,2.587,0.034,-0.030,14.9540,0.5650,-6.2190,295.859340,46.117008,13.582
9543302,K05691.01,,FALSE POSITIVE,FALSE POSITIVE,,0,0,1,0,13.036637700,1.4570000e-04,-1.4570000e-04,138.2289500,6.750000e-03,-6.750000e-03,0.7039,0.1012,-0.4898,3.18400,0.32300,-0.32300,1.5460e+02,1.340e+01,-1.340e+01,2.23,9.800e-01,-7.800e-01,1047.0,,,283.97,373.97,-177.74,15.40,1,q1_q17_dr24_tce,6084.00,171.00,-193.00,4.009,0.328,-0.212,1.6770,0.7380,-0.5830,297.886630,46.190578,13.543
9575728,K05692.01,,CANDIDATE,CANDIDATE,0.9940,0,0,0,0,2.641812610,2.0620000e-05,-2.0620000e-05,132.5319200,5.760000e-03,-5.760000e-03,0.6080,0.3570,-0.3850,2.12700,0.22000,-0.22000,7.0000e+01,6.700e+00,-6.700e+00,0.59,1.000e-02,-3.000e-02,834.0,,,114.08,14.40,-19.57,12.70,1,q1_q17_dr25_tce,4147.00,82.00,-82.00,4.601,0.042,-0.007,0.6830,0.0140,-0.0360,285.636290,46.247269,14.137
10799291,K05828.01,,FALSE POSITIVE,FALSE POSITIVE,,1,0,0,0,270.984770000,1.8760000e-03,-1.8760000e-03,279.0480000,4.730000e-03,-4.730000e-03,70.1733,30.7300,-17.8800,6.71800,0.24800,-0.24800,1.3883e+04,5.040e+02,-5.040e+02,11761.10,2.556e+03,-6.278e+02,594.0,,,29.44,20.88,-6.77,10.70,1,q1_q16_tce,11068.00,402.00,-412.00,4.377,0.028,-0.129,1.5550,0.3380,-0.0830,292.701480,48.143280,14.977
10802364,K05829.01,,CANDIDATE,CANDIDATE,,0,0,0,0,583.853100000,1.4040000e-02,-1.4040000e-02,362.1416000,2.090000e-02,-2.090000e-02,0.5925,0.3162,-0.3295,5.09000,1.20000,-1.20000,4.9100e+02,1.710e+02,-1.710e+02,1.97,7.100e-01,-1.200e-01,196.0,,,0.35,0.37,-0.07,5.40,1,q1_q16_tce,5591.00,153.00,-148.00,4.559,0.021,-0.266,0.8600,0.3090,-0.0550,293.910370,48.192081,14.857
10809888,K05830.01,,CANDIDATE,CANDIDATE,,0,0,0,0,72.782432000,1.4050000e-03,-1.4050000e-03,188.2117000,1.480000e-02,-1.480000e-02,0.1157,0.3389,-0.1155,3.72600,0.46300,-0.46300,2.4580e+02,3.540e+01,-3.540e+01,11.19,7.100e-01,-2.990e+00,924.0,,,172.28,33.84,-92.70,8.50,1,q1_q16_tce,5099.00,72.00,-188.00,3.021,0.030,-0.030,7.3170,0.4650,-1.9560,296.549900,48.186661,13.628
10813078,K05831.01,,CANDIDATE,CANDIDATE,1.0000,0,0,0,0,10.552241908,,,132.6520830,,,0.0250,,,2.73550,,,9.5400e+02,,,1.75,1.300e-01,-2.200e-01,485.0,,,13.12,4.25,-4.58,12.30,1,q1_q17_dr25_tce,4031.00,139.00,-153.00,4.666,0.068,-0.023,0.5850,0.0440,-0.0750,297.451660,48.156910,15.712
10817600,K05832.01,,FALSE POSITIVE,FALSE POSITIVE,0.0010,0,0,1,0,2.747033120,1.0880000e-05,-1.0880000e-05,131.7910500,3.440000e-03,-3.440000e-03,1.1700,7.1310,-1.0280,2.65500,0.21800,-0.21800,1.5220e+02,9.000e+00,-9.000e+00,61.97,1.254e+01,-2.926e+01,2917.0,,,17132.06,10101.06,-13157.54,23.10,1,q1_q17_dr25_tce,8237.00,198.00,-368.00,3.753,0.451,-0.106,3.1340,0.6340,-1.4800,298.706940,48.100910,12.597
10850327,K05833.01,,CANDIDATE,CANDIDATE,0.9400,0,0,0,0,440.171272000,5.7650000e-03,-5.7650000e-03,470.3536900,7.170000e-03,-7.170000e-03,0.9560,0.0120,-0.0120,12.21700,0.70100,-0.70100,7.8350e+02,3.370e+01,-3.370e+01,5.97,1.160e+00,-1.900e+00,334.0,,,2.96,1.76,-1.73,38.00,1,q1_q17_dr25_tce,6261.00,174.00,-174.00,4.001,0.280,-0.120,1.6790,0.3280,-0.5330,286.591220,48.220268,13.014
10855545,K05834.01,,CANDIDATE,CANDIDATE,0.0890,0,0,0,0,37.537859000,1.2820000e-03,-1.2820000e-03,159.7364000,2.760000e-02,-2.760000e-02,0.0580,0.3890,-0.0570,6.51300,0.56800,-0.56800,2.6900e+02,3.900e+01,-3.900e+01,1.77,5.400e-01,-2.300e-01,583.0,,,27.38,25.42,-9.94,8.20,1,q1_q17_dr25_tce,6095.00,190.00,-253.00,4.429,0.065,-0.195,1.0820,0.3310,-0.1420,289.217320,48.204311,15.769
10858504,K05835.01,,CANDIDATE,CANDIDATE,,0,0,0,0,474.969520000,4.6830000e-02,-4.6830000e-02,281.9480000,7.460000e-02,-7.460000e-02,0.5688,0.1308,-0.4611,4.58000,1.30000,-1.30000,5.9500e+02,2.200e+02,-2.200e+02,2.44,1.020e+00,-2.300e-01,249.0,,,0.91,1.12,-0.26,6.40,1,q1_q16_tce,6287.00,168.00,-209.00,4.473,0.052,-0.298,0.9620,0.4020,-0.0920,290.579740,48.214218,15.087
7885558,K05439.01,,FALSE POSITIVE,FALSE POSITIVE,0.0000,0,0,1,1,0.864651455,6.7280000e-06,-6.7280000e-06,131.6923900,6.920000e-03,-6.920000e-03,0.2350,0.2330,-0.2350,3.46100,0.19100,-0.19100,6.7700e+01,5.000e+00,-5.000e+00,0.69,1.900e-01,-6.000e-02,1720.0,,,2062.08,1651.05,-560.19,16.50,1,q1_q17_dr25_tce,5587.00,166.00,-182.00,4.556,0.031,-0.178,0.8510,0.2260,-0.0750,289.970640,43.662239,14.901
7888863,K05440.01,,CANDIDATE,CANDIDATE,0.7160,0,0,0,0,74.624063000,1.8950000e-03,-1.8950000e-03,194.3704000,2.730000e-02,-2.730000e-02,0.0190,0.4300,-0.0190,8.88100,0.86500,-0.86500,3.4690e+02,3.860e+01,-3.860e+01,1.75,5.500e-01,-1.800e-01,448.0,,,9.49,8.99,-2.98,11.00,1,q1_q17_dr25_tce,6187.00,197.00,-241.00,4.499,0.052,-0.208,0.9370,0.2910,-0.0970,291.076660,43.612080,15.335
7900450,K05441.01,,FALSE POSITIVE,FALSE POSITIVE,1.0000,1,0,0,0,25.480521100,4.7600000e-04,-4.7600000e-04,145.4404000,1.290000e-02,-1.290000e-02,0.1860,0.2770,-0.1860,10.70100,0.37600,-0.37600,1.5900e+02,1.050e+01,-1.050e+01,1.25,3.900e-01,-1.300e-01,659.0,,,44.67,39.53,-13.27,17.70,1,q1_q17_dr25_tce,6250.00,150.00,-206.00,4.472,0.052,-0.208,0.9860,0.3050,-0.1020,294.962770,43.671661,13.181
7900695,K05442.01,,FALSE POSITIVE,FALSE POSITIVE,,1,0,0,0,512.116360000,1.2660000e-02,-1.2660000e-02,403.3400000,1.760000e-02,-1.760000e-02,0.5008,0.1436,-0.3734,9.55700,0.54100,-0.54100,3.1540e+02,3.260e+01,-3.260e+01,1.47,5.000e-01,-1.200e-01,198.0,,,0.36,0.38,-0.08,10.90,1,q1_q16_tce,5492.00,161.00,-134.00,4.576,0.027,-0.229,0.8120,0.2800,-0.0630,295.037660,43.621220,13.800
7900727,K05443.01,,FALSE POSITIVE,FALSE POSITIVE,,1,0,0,0,348.618910000,1.4730000e-02,-1.4730000e-02,227.3466000,1.410000e-02,-1.410000e-02,0.2820,0.1962,-0.2819,3.56700,0.71700,-0.71700,6.8900e+02,1.530e+02,-1.530e+02,2.40,7.200e-01,-2.000e-01,253.0,,,0.97,0.84,-0.26,5.80,1,q1_q16_tce,5911.00,155.00,-182.00,4.519,0.034,-0.229,0.9140,0.2750,-0.0770,295.047970,43.650429,15.306
7902719,K05444.01,,FALSE POSITIVE,FALSE POSITIVE,,1,0,1,1,368.708390000,1.4060000e-02,-1.4060000e-02,232.6130000,3.300000e-02,-3.300000e-02,0.5958,0.0739,-0.4523,6.08000,1.00000,-1.00000,9.5700e+02,1.500e+02,-1.500e+02,2.87,1.120e+00,-2.300e-01,267.0,,,1.21,1.40,-0.32,12.20,1,q1_q16_tce,6409.00,184.00,-217.00,4.523,0.039,-0.294,0.8870,0.3450,-0.0720,295.669220,43.654781,15.417
7916058,K05445.01,,FALSE POSITIVE,FALSE POSITIVE,0.0000,1,0,0,0,7.109109600,3.7840000e-04,-3.7840000e-04,133.4379000,3.660000e-02,-3.660000e-02,0.6630,0.3040,-0.4400,10.67000,1.20000,-1.20000,1.5670e+02,1.330e+01,-1.330e+01,1.08,2.500e-01,-1.000e-01,855.0,,,126.12,87.02,-34.14,13.00,1,q1_q17_dr25_tce,5665.00,152.00,-169.00,4.568,0.038,-0.152,0.8200,0.1910,-0.0760,299.102940,43.694210,15.710
7917068,K05446.01,,CANDIDATE,CANDIDATE,,0,0,0,0,416.950400000,1.1340000e-02,-1.1340000e-02,227.3920000,1.750000e-02,-1.750000e-02,0.9542,0.0034,-0.6668,4.02600,0.97700,-0.97700,4.7980e+02,8.030e+01,-8.030e+01,7.35,3.070e+00,-3.980e+00,377.0,,,4.77,5.97,-3.87,6.90,1,q1_q16_tce,5751.00,169.00,-155.00,3.708,0.535,-0.216,2.6110,1.0880,-1.4130,299.341030,43.643162,12.692
8742270,K05567.01,,FALSE POSITIVE,FALSE POSITIVE,0.0000,0,1,0,0,397.395848800,1.7270000e-04,-1.7270000e-04,374.5708200,3.270000e-04,-3.270000e-04,1.1900,0.4160,-0.0900,6.10140,0.02300,-0.02300,2.9825e+04,8.630e+01,-8.630e+01,64.56,1.034e+01,-1.422e+01,280.0,,,1.45,0.62,-0.61,395.70,1,q1_q17_dr25_tce,5544.00,83.00,-72.00,4.146,0.217,-0.093,1.3620,0.2180,-0.3000,286.792600,44.968369,14.857
8745553,K05568.01,Kepler-1633 b,CONFIRMED,CANDIDATE,0.8140,0,0,0,0,62.134919000,2.0270000e-03,-2.0270000e-03,154.0853000,2.670000e-02,-2.670000e-02,0.8270,0.1270,-0.6210,8.71100,0.85400,-0.85400,1.4750e+02,1.540e+01,-1.540e+01,6.71,1.090e+00,-3.270e+00,925.0,,,172.96,73.65,-130.23,10.60,1,q1_q17_dr25_tce,5889.00,79.00,-88.00,3.358,0.450,-0.079,4.9120,0.7990,-2.3960,288.515200,44.923229,13.435
8747222,K05569.01,,FALSE POSITIVE,FALSE POSITIVE,0.0000,0,1,1,0,1.667482003,2.2950000e-06,-2.2950000e-06,133.1772900,1.200000e-03,-1.200000e-03,0.0520,0.3720,-0.0520,1.59310,0.04150,-0.04150,5.4550e+02,1.350e+01,-1.350e+01,15.15,3.080e+00,-5.800e-01,3257.0,,,26549.71,14619.04,-2964.07,50.20,1,q1_q17_dr25_tce,4678.00,80.00,-47.00,2.756,0.027,-0.030,6.7200,1.3690,-0.2570,289.329680,44.974209,12.882
8747910,K05570.01,,CANDIDATE,CANDIDATE,,0,0,0,0,574.652970000,2.8980000e-02,-2.8980000e-02,365.2946000,5.390000e-02,-5.390000e-02,0.5663,0.2172,-0.4553,4.37000,1.10000,-1.10000,7.2500e+02,2.430e+02,-2.430e+02,2.28,9.700e-01,-1.900e-01,196.0,,,0.35,0.45,-0.08,7.40,1,q1_q16_tce,5596.00,158.00,-143.00,4.553,0.034,-0.276,0.8210,0.3480,-0.0670,289.628140,44.942421,14.789
8766285,K05571.01,,FALSE POSITIVE,FALSE POSITIVE,0.0000,1,0,0,1,5.297307860,4.9770000e-05,-4.9770000e-05,135.5568100,7.930000e-03,-7.930000e-03,0.7280,0.2250,-0.4930,4.02000,0.24300,-0.24300,1.9080e+02,1.420e+01,-1.420e+01,1.49,0.000e+00,0.000e+00,1044.0,,,281.21,0.00,0.00,13.10,1,q1_q17_dr25_tce,5780.00,,,4.438,,,1.0000,,,296.428620,44.980206,10.250
8807988,K05572.01,,CANDIDATE,CANDIDATE,,0,0,0,0,21.957844600,1.9920000e-04,-1.9920000e-04,135.0674200,6.720000e-03,-6.720000e-03,0.1492,0.3757,-0.1491,1.03800,0.33200,-0.33200,9.6600e+01,2.520e+01,-2.520e+01,0.78,1.400e-01,-5.000e-02,533.0,,,19.05,11.07,-4.08,6.70,1,q1_q16_tce,5192.00,166.00,-133.00,4.583,0.022,-0.131,0.8020,0.1450,-0.0530,287.061460,45.030430,13.596
8812360,K05573.01,,FALSE POSITIVE,FALSE POSITIVE,,1,0,0,0,77.395279000,2.8090000e-03,-2.8090000e-03,165.8050000,2.620000e-02,-2.620000e-02,0.1748,0.2975,-0.1748,5.26000,1.30000,-1.30000,4.3700e+02,9.460e+01,-9.460e+01,6.16,3.280e+00,-1.450e+00,646.0,,,41.24,64.54,-19.59,7.90,1,q1_q16_tce,5158.00,116.00,-138.00,3.541,0.193,-0.328,2.9950,1.5930,-0.7040,289.254670,45.055210,13.774
8814872,K05574.01,,CANDIDATE,CANDIDATE,,0,0,0,0,373.415090000,6.1810000e-03,-6.1810000e-03,346.9457000,1.190000e-02,-1.190000e-02,0.0532,0.4155,-0.0531,6.61700,0.61200,-0.61200,1.8060e+03,1.910e+02,-1.910e+02,2.55,1.900e-01,-3.000e-01,158.0,,,0.15,0.04,-0.05,10.00,1,q1_q16_tce,4236.00,121.00,-144.00,4.642,0.065,-0.027,0.6120,0.0470,-0.0710,290.307740,45.011410,15.850
9579072,K05693.01,,FALSE POSITIVE,FALSE POSITIVE,,1,0,0,0,612.882452000,6.7960000e-03,-6.7960000e-03,274.9048000,1.180000e-02,-1.180000e-02,0.2840,0.2242,-0.2837,2.02400,0.67200,-0.67200,6.3100e+02,1.120e+02,-1.120e+02,2.42,1.010e+00,-2.200e-01,217.0,,,0.53,0.63,-0.14,7.50,1,q1_q16_tce,6029.00,148.00,-181.00,4.494,0.043,-0.299,0.9560,0.3970,-0.0860,287.562810,46.258438,14.453
9579606,K05694.01,,CANDIDATE,CANDIDATE,,0,0,0,0,107.904526000,1.6670000e-03,-1.6670000e-03,159.9493000,1.310000e-02,-1.310000e-02,0.2415,0.2474,-0.2415,2.05300,0.32800,-0.32800,2.4940e+02,4.980e+01,-4.980e+01,1.26,4.300e-01,-9.000e-02,337.0,,,3.05,3.06,-0.68,6.10,1,q1_q16_tce,5565.00,154.00,-136.00,4.574,0.029,-0.218,0.8020,0.2720,-0.0590,287.868990,46.269360,14.295
9591728,K05695.01,,FALSE POSITIVE,FALSE POSITIVE,0.0000,0,1,0,0,11.035717730,2.5090000e-05,-2.5090000e-05,137.2841300,3.160000e-03,-3.160000e-03,0.9110,0.0470,-0.0510,5.62958,0.00726,-0.00726,1.4496e+05,1.670e+02,-1.670e+02,70.42,1.878e+01,-2.061e+01,991.0,,,227.54,186.19,-128.95,959.60,1,q1_q17_dr25_tce,6201.00,197.00,-219.00,4.213,0.258,-0.172,1.2300,0.3280,-0.3600,293.347200,46.255440,14.916
9594184,K05696.01,,FALSE POSITIVE,FALSE POSITIVE,0.5070,0,0,1,0,42.093314000,1.3270000e-03,-1.3270000e-03,141.1113000,3.050000e-02,-3.050000e-02,0.0350,0.4200,-0.0350,4.64900,0.67100,-0.67100,8.8600e+02,1.420e+02,-1.420e+02,2.19,1.700e-01,-2.200e-01,407.0,,,6.47,2.17,-1.97,7.40,1,q1_q17_dr25_tce,4885.00,174.00,-174.00,4.541,0.072,-0.044,0.7630,0.0590,-0.0790,294.259060,46.221199,16.523
9594992,K05697.01,,FALSE POSITIVE,FALSE POSITIVE,,1,0,0,0,274.108592510,,,182.1603339,,,,,,6.59000,,,,,,,,,,,,,,,,1,q1_q16_tce,,,,,,,,,,294.539460,46.294769,15.496
9596820,K05698.01,,CANDIDATE,CANDIDATE,,0,0,0,0,282.029084000,7.5360000e-03,-7.5360000e-03,170.6900000,2.220000e-02,-2.220000e-02,0.4082,0.0504,-0.4082,4.68600,0.65600,-0.65600,3.1280e+02,4.760e+01,-4.760e+01,2.33,1.330e+00,-3.200e-01,363.0,,,4.12,7.19,-1.47,8.10,1,q1_q16_tce,6886.00,196.00,-236.00,4.305,0.087,-0.334,1.2870,0.7300,-0.1800,295.225860,46.220150,13.490
9598315,K05699.01,,FALSE POSITIVE,FALSE POSITIVE,,1,0,0,0,339.181090000,1.5890000e-02,-1.5890000e-02,415.0780000,3.020000e-02,-3.020000e-02,0.0770,0.3749,-0.0768,5.34000,0.79800,-0.79800,1.5790e+02,2.780e+01,-2.780e+01,1.70,8.600e-01,-3.600e-01,332.0,,,2.88,4.32,-1.30,11.50,1,q1_q16_tce,6407.00,159.00,-197.00,4.209,0.179,-0.267,1.3440,0.6800,-0.2830,295.752080,46.253868,12.637
9602595,K05700.01,,FALSE POSITIVE,FALSE POSITIVE,0.0000,0,1,0,0,3.556509760,2.7700000e-07,-2.7700000e-07,133.5221921,6.280000e-05,-6.280000e-05,0.6220,0.0040,-0.0040,12.73640,0.00794,-0.00794,6.8745e+05,2.060e+02,-2.060e+02,283.93,4.994e+01,-9.266e+01,2353.0,,,7238.22,3934.51,-4470.90,3867.70,1,q1_q17_dr25_tce,8105.00,226.00,-340.00,3.937,0.266,-0.114,2.4330,0.4280,-0.7940,297.143460,46.228458,11.882
10601163,K05812.01,,CANDIDATE,CANDIDATE,,0,0,0,0,3.131839200,6.8200000e-04,-6.8200000e-04,132.1230000,1.810000e-01,-1.810000e-01,0.3864,0.0633,-0.3863,1.63200,0.34900,-0.34900,1.5990e+02,3.320e+01,-3.320e+01,1.50,4.900e-01,-3.300e-01,1443.0,,,1025.14,1036.85,-475.41,6.00,1,q1_q16_tce,6070.00,193.00,-195.00,4.246,0.215,-0.218,1.1590,0.3850,-0.2530,292.329440,47.835629,14.122
10616317,K05813.01,,FALSE POSITIVE,FALSE POSITIVE,,1,0,0,0,38.277724480,,,157.8294108,,,,,,1.73000,,,,,,,,,,,,,,,,1,q1_q16_tce,,,,,,,,,,297.584290,47.892738,14.293
10616656,K05814.01,,FALSE POSITIVE,FALSE POSITIVE,0.0000,0,1,0,0,25.285232337,5.5200000e-07,-5.5200000e-07,135.9662009,1.700000e-05,-1.700000e-05,1.2080,0.0180,-0.1180,4.76313,0.00072,-0.00072,6.3022e+04,2.000e-01,-2.000e-01,69.68,1.423e+01,-9.510e+00,740.0,,,70.73,41.38,-24.02,5902.40,1,q1_q17_dr25_tce,6486.00,146.00,-194.00,4.337,0.104,-0.127,1.1360,0.2320,-0.1550,297.694460,47.878960,12.138
10618044,K05815.01,,CANDIDATE,CANDIDATE,,0,0,0,0,207.767894000,7.0290000e-03,-7.0290000e-03,224.4250000,2.510000e-02,-2.510000e-02,0.6973,0.0202,-0.5293,5.21000,1.60000,-1.60000,3.2060e+02,7.140e+01,-7.140e+01,3.52,2.610e+00,-1.880e+00,379.0,,,4.85,11.90,-3.93,7.70,1,q1_q16_tce,5210.00,176.00,-167.00,3.894,0.604,-0.392,1.8490,1.3650,-0.9890,298.068270,47.867809,13.744
10656842,K05816.01,,CANDIDATE,CANDIDATE,,0,0,0,0,82.508054000,1.3180000e-03,-1.3180000e-03,162.3992000,1.300000e-02,-1.300000e-02,0.0379,0.4148,-0.0377,3.80600,0.35700,-0.35700,3.5190e+02,3.750e+01,-3.750e+01,14.04,5.200e-01,-3.640e+00,878.0,,,140.61,19.31,-73.96,11.40,1,q1_q16_tce,4986.00,70.00,-180.00,3.010,0.031,-0.029,7.7330,0.2870,-2.0030,288.132020,47.995541,12.594
10658177,K05817.01,,CANDIDATE,CANDIDATE,0.9500,0,0,0,0,113.083522000,2.3850000e-03,-2.3850000e-03,217.1521000,1.630000e-02,-1.630000e-02,0.0390,0.4140,-0.0390,10.31500,0.53600,-0.53600,1.3070e+02,1.200e+01,-1.200e+01,1.59,2.800e-01,-3.100e-01,450.0,,,9.65,4.42,-3.66,13.00,1,q1_q17_dr25_tce,5903.00,79.00,-70.00,4.179,0.176,-0.108,1.4000,0.2460,-0.2700,288.726440,47.906872,13.336
10661679,K05818.01,,FALSE POSITIVE,FALSE POSITIVE,0.0000,0,1,1,1,1.231383390,1.6010000e-05,-1.6010000e-05,131.7865000,1.300000e-02,-1.300000e-02,0.3480,0.1170,-0.3480,3.94300,0.19300,-0.19300,7.2700e+01,4.200e+00,-4.200e+00,0.82,2.600e-01,-7.000e-02,1648.0,,,1746.21,1650.80,-439.07,21.00,1,q1_q17_dr25_tce,5791.00,156.00,-174.00,4.505,0.039,-0.221,0.9580,0.3090,-0.0770,290.253080,47.983318,14.804
10663976,K05819.01,,CANDIDATE,CANDIDATE,,0,0,0,0,381.375040000,3.6350000e-02,-3.6350000e-02,490.5500000,5.960000e-02,-5.960000e-02,0.3515,0.0961,-0.3514,16.57000,3.80000,-3.80000,2.8650e+02,4.660e+01,-4.660e+01,1.24,4.100e-01,-8.000e-02,212.0,,,0.48,0.50,-0.10,11.80,1,q1_q16_tce,5513.00,183.00,-139.00,4.614,0.029,-0.194,0.7290,0.2430,-0.0490,291.217620,47.952160,14.182
7935997,K05447.01,,FALSE POSITIVE,FALSE POSITIVE,,1,0,0,0,322.556630460,,,321.7790604,,,,,,3.74000,,,,,,,,,,,,,,,,1,q1_q16_tce,,,,,,,,,,280.206600,43.774288,12.750
7938499,K05448.01,,FALSE POSITIVE,FALSE POSITIVE,0.0000,1,0,1,1,7.226985900,1.4280000e-04,-1.4280000e-04,136.1514000,1.830000e-02,-1.830000e-02,0.5610,0.3730,-0.3420,14.24100,0.52600,-0.52600,1.6030e+02,7.100e+00,-7.100e+00,0.79,6.000e-02,-8.000e-02,603.0,,,31.23,8.86,-8.85,26.20,1,q1_q17_dr25_tce,4347.00,118.00,-131.00,4.645,0.052,-0.024,0.6090,0.0450,-0.0610,281.961700,43.713871,14.941
7941635,K05449.01,,FALSE POSITIVE,FALSE POSITIVE,0.7680,0,1,0,0,0.762724045,1.1100000e-07,-1.1100000e-07,131.6508020,1.200000e-04,-1.200000e-04,1.2520,0.2910,-0.0760,1.98818,0.00538,-0.00538,9.7822e+03,1.380e+01,-1.380e+01,41.02,1.164e+01,-7.150e+00,1860.0,,,2827.50,2477.72,-1098.57,451.70,1,q1_q17_dr25_tce,5313.00,175.00,-143.00,4.390,0.144,-0.198,0.9760,0.2770,-0.1700,283.570100,43.736118,14.500
7948619,K05450.01,,FALSE POSITIVE,FALSE POSITIVE,,1,0,0,0,206.764257740,,,325.9501578,,,,,,2.57000,,,,,,,,,,,,,,,,1,q1_q16_tce,,,,,,,,,,287.279390,43.764980,15.996
7950158,K05451.01,,CANDIDATE,CANDIDATE,,0,0,0,0,529.391690000,1.2970000e-02,-1.2970000e-02,387.3915000,1.140000e-02,-1.140000e-02,0.0370,0.4227,-0.0370,10.86900,0.62700,-0.62700,3.1990e+02,2.960e+01,-2.960e+01,4.40,2.310e+00,-1.750e+00,319.0,,,2.43,3.93,-1.65,12.10,1,q1_q16_tce,5283.00,154.00,-168.00,3.699,0.442,-0.332,2.5040,1.3170,-0.9950,288.036070,43.796139,13.156
7967210,K05452.01,,FALSE POSITIVE,FALSE POSITIVE,,1,0,0,0,362.499060000,2.2110000e-02,-2.2110000e-02,404.3391000,4.230000e-02,-4.230000e-02,0.5297,0.1166,-0.4028,12.17000,2.10000,-2.10000,5.2250e+02,7.690e+01,-7.690e+01,2.51,9.300e-01,-3.500e-01,277.0,,,1.40,1.53,-0.49,10.30,1,q1_q16_tce,6043.00,170.00,-191.00,4.369,0.108,-0.255,1.0650,0.3940,-0.1480,294.316740,43.797642,15.259
7970194,K05453.01,,FALSE POSITIVE,FALSE POSITIVE,,1,0,0,0,190.658960000,1.9530000e-02,-1.9530000e-02,164.9278000,9.150000e-02,-9.150000e-02,0.9508,0.0019,-0.6678,35.47200,0.89400,-0.89400,5.5280e+02,3.360e+01,-3.360e+01,2.54,1.020e+00,-2.000e-01,281.0,,,1.46,1.78,-0.34,18.30,1,q1_q16_tce,5508.00,167.00,-141.00,4.549,0.032,-0.266,0.8350,0.3350,-0.0660,295.276730,43.706509,15.043
7978202,K05454.01,Kepler-1630 b,CONFIRMED,CANDIDATE,,0,0,0,0,509.997402000,3.2560000e-03,-3.2560000e-03,276.7312200,3.910000e-03,-3.910000e-03,0.0254,0.4275,-0.0248,8.48100,0.16500,-0.16500,1.2670e+03,4.520e+01,-4.520e+01,2.62,4.500e-01,-2.700e-01,182.0,,,0.26,0.16,-0.07,35.30,1,q1_q17_dr24_tce,5037.00,196.00,-157.00,4.540,0.066,-0.157,0.7560,0.1300,-0.0770,297.508300,43.710949,14.150
8823893,K05575.01,,FALSE POSITIVE,FALSE POSITIVE,0.0000,0,0,0,1,1.506500360,1.7640000e-05,-1.7640000e-05,132.9895000,1.210000e-02,-1.210000e-02,0.6840,0.2880,-0.4500,2.76200,0.28500,-0.28500,4.5400e+01,3.700e+00,-3.700e+00,0.81,2.500e-01,-1.400e-01,1809.0,,,2520.53,2340.16,-989.86,15.00,1,q1_q17_dr25_tce,6201.00,175.00,-197.00,4.336,0.132,-0.198,1.1260,0.3530,-0.1900,293.795140,45.098499,13.912
8836224,K05576.01,,FALSE POSITIVE,FALSE POSITIVE,,1,0,0,0,194.487322120,,,155.0535312,,,,,,3.60000,,,,,,,,,,,,,,,,1,q1_q16_tce,,,,,,,,,,297.733250,45.078861,13.989
8841297,K05577.01,,CANDIDATE,CANDIDATE,,0,0,0,0,495.518990000,1.4210000e-02,-1.4210000e-02,452.8313000,1.270000e-02,-1.270000e-02,0.6052,0.0136,-0.4854,3.59200,0.65300,-0.65300,2.9760e+02,5.370e+01,-5.370e+01,2.94,1.330e+00,-9.600e-01,305.0,,,2.03,2.75,-1.22,6.60,1,q1_q16_tce,6043.00,169.00,-186.00,4.038,0.305,-0.215,1.6340,0.7350,-0.5370,299.078310,45.054810,13.500
8868481,K05578.01,,CANDIDATE,CANDIDATE,,0,0,0,0,388.048463000,6.3050000e-03,-6.3050000e-03,295.8353000,1.470000e-02,-1.470000e-02,0.1973,0.2580,-0.1972,3.45600,0.60300,-0.60300,1.4960e+02,2.010e+01,-2.010e+01,3.00,1.400e-01,-1.400e-01,376.0,,,4.71,0.67,-0.64,8.30,1,q1_q16_tce,5779.00,67.00,-67.00,3.765,0.017,-0.018,2.4600,0.1100,-0.1200,284.315190,45.132259,11.084
8888745,K05579.01,,CANDIDATE,CANDIDATE,,0,0,0,0,34.026986800,4.3820000e-04,-4.3820000e-04,164.7963800,9.310000e-03,-9.310000e-03,0.5682,0.0076,-0.5003,1.58600,0.39400,-0.39400,3.6170e+02,7.910e+01,-7.910e+01,1.57,2.630e+00,-1.500e-01,455.0,,,10.15,72.23,-2.70,6.20,1,q1_q16_tce,4999.00,154.00,-132.00,4.514,0.068,-0.812,0.8010,1.3470,-0.0770,293.015630,45.166740,15.592
8890417,K05580.01,,CANDIDATE,CANDIDATE,,0,0,0,0,173.219879000,2.8620000e-03,-2.8620000e-03,201.2993000,1.190000e-02,-1.190000e-02,0.5113,0.4676,-0.2697,1.87500,0.41100,-0.41100,2.3950e+02,5.600e+01,-5.600e+01,2.41,1.220e+00,-6.500e-01,405.0,,,6.39,9.75,-3.42,5.70,1,q1_q16_tce,6007.00,164.00,-203.00,4.158,0.210,-0.276,1.5180,0.7680,-0.4100,293.610440,45.160938,13.957
8891684,K05581.01,Kepler-1634 b,CONFIRMED,CANDIDATE,0.9680,0,0,0,0,374.878133000,7.7910000e-03,-7.7910000e-03,491.0640000,9.290000e-03,-9.290000e-03,0.6260,0.3110,-0.3940,10.55600,0.40100,-0.40100,9.1460e+02,4.810e+01,-4.810e+01,4.27,1.070e+00,-1.180e+00,282.0,,,1.49,1.15,-0.80,21.90,1,q1_q17_dr25_tce,5636.00,171.00,-171.00,4.218,0.214,-0.156,1.3540,0.3410,-0.3750,294.043400,45.139778,14.508
8904714,K05582.01,,FALSE POSITIVE,FALSE POSITIVE,0.0000,0,0,1,0,5.236202600,2.9340000e-04,-2.9340000e-04,133.7395000,7.780000e-02,-7.780000e-02,1.3790,6.8360,-0.0170,3.14800,0.13400,-0.13400,2.0195e+03,8.560e+01,-8.560e+01,75.83,2.264e+01,-2.264e+01,1378.0,,,853.62,776.47,-494.99,28.20,1,q1_q17_dr25_tce,6176.00,195.00,-239.00,4.112,0.258,-0.172,1.6310,0.4870,-0.4870,297.946170,45.100140,14.786
9645188,K05701.01,,FALSE POSITIVE,FALSE POSITIVE,,1,0,0,0,48.550592990,,,148.6714009,,,,,,1.79000,,,,,,,,,,,,,,,,1,q1_q16_tce,,,,,,,,,,290.206850,46.313541,15.227
9659022,K05702.01,,CANDIDATE,CANDIDATE,,0,0,0,0,511.882000000,1.5070000e-02,-1.5070000e-02,533.7435000,2.040000e-02,-2.040000e-02,0.5102,0.0810,-0.4133,4.82200,0.84200,-0.84200,6.1000e+02,1.450e+02,-1.450e+02,2.56,1.140e+00,-2.500e-01,241.0,,,0.79,1.05,-0.23,6.50,1,q1_q16_tce,6141.00,163.00,-212.00,4.454,0.051,-0.303,1.0070,0.4490,-0.0980,295.694790,46.319328,15.462
9662475,K05703.01,,FALSE POSITIVE,FALSE POSITIVE,,0,0,1,0,247.372131000,2.0600000e-03,-2.0600000e-03,277.3500800,6.940000e-03,-6.940000e-03,0.4257,0.0352,-0.4257,3.27100,0.19900,-0.19900,5.1340e+02,4.330e+01,-4.330e+01,2.47,0.000e+00,0.000e+00,290.0,,,1.67,0.00,0.00,12.40,1,q1_q16_tce,5780.00,,,4.438,,,1.0000,,,296.858580,46.300190,13.359
9674789,K05704.01,,CANDIDATE,CANDIDATE,,0,0,0,0,96.167050000,2.0720000e-03,-2.0720000e-03,134.6749000,1.430000e-02,-1.430000e-02,0.1194,0.3640,-0.1194,2.77500,0.53400,-0.53400,2.7070e+02,4.760e+01,-4.760e+01,1.15,2.200e-01,-9.000e-02,313.0,,,2.26,1.46,-0.57,7.20,1,q1_q16_tce,5147.00,201.00,-163.00,4.617,0.031,-0.106,0.7160,0.1350,-0.0550,300.474030,46.332039,13.419
9705620,K05705.01,,FALSE POSITIVE,FALSE POSITIVE,,1,0,0,0,95.254421000,1.8390000e-03,-1.8390000e-03,181.4574000,1.470000e-02,-1.470000e-02,0.3116,0.1559,-0.3115,3.37900,0.58600,-0.58600,4.6540e+02,9.080e+01,-9.080e+01,2.20,1.000e+00,-1.900e-01,413.0,,,6.89,9.25,-1.87,6.10,1,q1_q16_tce,6063.00,154.00,-211.00,4.476,0.040,-0.307,1.0120,0.4610,-0.0850,289.879790,46.400139,15.833
9715631,K05706.01,Kepler-1636 b,CONFIRMED,CANDIDATE,0.9040,0,0,0,0,425.483539000,8.6230000e-03,-8.6230000e-03,149.0438000,1.860000e-02,-1.860000e-02,0.0300,0.4360,-0.0290,17.85600,0.62300,-0.62300,9.9660e+02,6.030e+01,-6.030e+01,3.20,9.200e-01,-3.000e-01,248.0,,,0.89,0.79,-0.26,19.60,1,q1_q17_dr25_tce,5977.00,190.00,-211.00,4.473,0.048,-0.204,1.0220,0.2920,-0.0970,294.057620,46.441029,15.807
9723746,K05707.01,,CANDIDATE,CANDIDATE,,0,0,0,0,208.800733000,6.3890000e-03,-6.3890000e-03,328.6955000,1.450000e-02,-1.450000e-02,0.3095,0.1870,-0.3093,1.96400,0.65300,-0.65300,5.9400e+02,1.390e+02,-1.390e+02,2.88,1.800e+00,-3.700e-01,347.0,,,3.43,6.63,-1.20,4.90,1,q1_q16_tce,6208.00,159.00,-235.00,4.372,0.078,-0.349,1.1680,0.7320,-0.1510,296.940310,46.494099,15.239
9724993,K05708.01,,FALSE POSITIVE,FALSE POSITIVE,0.9730,0,1,0,0,7.863361238,1.0980000e-06,-1.0980000e-06,131.6854850,1.100000e-04,-1.100000e-04,0.8690,0.0080,-0.0010,3.42771,0.00758,-0.00758,1.8157e+04,3.990e+01,-3.990e+01,22.70,3.380e+00,-5.070e+00,1057.0,,,294.86,117.92,-126.54,723.30,1,q1_q17_dr25_tce,5615.00,84.00,-76.00,4.136,0.188,-0.101,1.4000,0.2080,-0.3130,297.313140,46.448212,12.524
10677763,K05820.01,,FALSE POSITIVE,FALSE POSITIVE,,1,0,0,0,120.169838030,,,222.0869054,,,,,,3.19000,,,,,,,,,,,,,,,,1,q1_q16_tce,,,,,,,,,,296.408510,47.982121,12.138
10678912,K05821.01,,CANDIDATE,CANDIDATE,,0,0,0,0,113.713630320,,,179.5299204,,,,,,2.45000,,,,,,,,,,,,,,,,1,q1_q16_tce,,,,,,,,,,296.752780,47.973282,15.499
10685764,K05822.01,,CANDIDATE,CANDIDATE,,0,0,0,0,17.634272000,1.2270000e-04,-1.2270000e-04,133.2933200,5.550000e-03,-5.550000e-03,0.1876,0.2714,-0.1872,1.38700,0.18000,-0.18000,7.6700e+01,9.900e+00,-9.900e+00,1.69,1.310e+00,-1.030e+00,842.0,,,118.84,295.21,-102.02,9.70,1,q1_q16_tce,4885.00,125.00,-97.00,3.815,0.740,-0.413,1.9790,1.5330,-1.2040,298.742160,47.945278,12.310
10724569,K05823.01,,FALSE POSITIVE,FALSE POSITIVE,0.0000,0,1,1,1,0.745086745,2.3000000e-06,-2.3000000e-06,131.8265500,2.940000e-03,-2.940000e-03,0.6260,0.3350,-0.6250,4.29000,1.70000,-1.70000,2.7000e+02,3.180e+01,-3.180e+01,1.29,2.000e-01,-1.000e-01,1654.0,,,1775.23,892.86,-432.66,61.40,1,q1_q17_dr25_tce,5325.00,143.00,-159.00,4.607,0.032,-0.104,0.7500,0.1220,-0.0570,289.169860,48.066780,15.489
10734441,K05824.01,,FALSE POSITIVE,FALSE POSITIVE,,1,0,0,0,247.477243140,,,195.2104849,,,,,,7.60000,,,,,,,,,,,,,,,,1,q1_q16_tce,,,,,,,,,,293.146270,48.058331,15.780
10737437,K05825.01,,CANDIDATE,CANDIDATE,,0,0,0,0,208.047137000,9.3340000e-03,-9.3340000e-03,321.9021000,2.280000e-02,-2.280000e-02,0.1884,0.3127,-0.1883,3.22000,0.70700,-0.70700,2.8750e+02,7.000e+01,-7.000e+01,2.05,7.800e-01,-6.000e-01,363.0,,,4.12,4.69,-2.27,6.90,1,q1_q16_tce,5991.00,174.00,-155.00,4.175,0.309,-0.255,1.2000,0.4560,-0.3540,294.285030,48.059448,13.934
10747162,K05826.01,,CANDIDATE,CANDIDATE,,0,0,0,0,30.561533000,3.2560000e-04,-3.2560000e-04,136.0548800,8.140000e-03,-8.140000e-03,0.0124,0.4358,-0.0124,2.22700,0.30800,-0.30800,5.8570e+02,9.720e+01,-9.720e+01,1.53,8.000e-02,-1.500e-01,379.0,,,4.86,1.22,-1.36,6.90,1,q1_q16_tce,4294.00,132.00,-137.00,4.609,0.052,-0.018,0.6640,0.0350,-0.0630,297.390930,48.039280,15.871
10777591,K05827.01,Kepler-1637 b,CONFIRMED,CANDIDATE,0.9990,0,0,0,0,6.109682250,6.0310000e-05,-6.0310000e-05,133.8025300,9.460000e-03,-9.460000e-03,0.1080,0.3360,-0.1080,5.73500,0.25400,-0.25400,6.0300e+01,3.800e+00,-3.800e+00,0.79,2.300e-01,-1.900e-01,1093.0,,,337.78,301.92,-166.01,18.60,1,q1_q17_dr25_tce,6024.00,197.00,-197.00,4.309,0.253,-0.207,1.0090,0.2930,-0.2400,282.236850,48.154243,13.328
7979297,K05455.01,,CANDIDATE,CANDIDATE,,0,0,0,0,292.098090000,2.1040000e-02,-2.1040000e-02,324.4378000,3.580000e-02,-3.580000e-02,0.5155,0.0827,-0.4020,14.43000,1.40000,-1.40000,5.2880e+02,5.730e+01,-5.730e+01,2.09,7.400e-01,-1.700e-01,267.0,,,1.20,1.26,-0.30,11.40,1,q1_q16_tce,5955.00,158.00,-174.00,4.534,0.032,-0.264,0.8830,0.3150,-0.0720,297.754940,43.789261,15.003
7982917,K05456.01,,FALSE POSITIVE,FALSE POSITIVE,,0,0,1,0,11.804553600,2.9120000e-04,-2.9120000e-04,141.8433000,1.990000e-02,-1.990000e-02,0.1533,0.3081,-0.1531,3.19500,0.59600,-0.59600,1.2890e+02,2.110e+01,-2.110e+01,0.94,1.980e+00,-9.000e-02,660.0,,,44.76,440.11,-11.92,7.00,1,q1_q16_tce,4971.00,149.00,-133.00,4.482,0.083,-0.853,0.8570,1.8020,-0.0820,298.623990,43.719471,14.274
8005002,K05457.01,,CANDIDATE,CANDIDATE,,0,0,0,0,578.216230000,1.6130000e-02,-1.6130000e-02,347.6430000,1.050000e-02,-1.050000e-02,0.3763,0.1324,-0.3762,2.70700,0.50700,-0.50700,1.2060e+02,3.150e+01,-3.150e+01,3.54,1.620e+00,-1.440e+00,328.0,,,2.74,3.97,-1.93,3.50,1,q1_q16_tce,5166.00,187.00,-220.00,3.600,0.353,-0.297,3.2440,1.4860,-1.3180,280.342190,43.833340,11.619
8007174,K05458.01,,CANDIDATE,CANDIDATE,0.9900,0,0,0,0,56.648588000,7.8630000e-04,-7.8630000e-04,168.4700200,9.240000e-03,-9.240000e-03,0.7690,0.1690,-0.5350,4.53400,0.27600,-0.27600,6.4890e+02,6.160e+01,-6.160e+01,2.19,2.200e-01,-1.800e-01,377.0,,,4.77,1.80,-1.21,11.80,1,q1_q17_dr25_tce,5023.00,166.00,-151.00,4.565,0.039,-0.066,0.7820,0.0780,-0.0640,281.827700,43.808689,15.602
8009811,K05459.01,,CANDIDATE,CANDIDATE,0.9440,0,0,0,0,53.554546000,1.4230000e-03,-1.4230000e-03,160.3983000,2.470000e-02,-2.470000e-02,0.6200,0.0130,-0.4960,5.53300,0.75600,-0.75600,1.2760e+02,1.850e+01,-1.850e+01,3.10,4.400e-01,-1.040e+00,769.0,,,82.79,31.45,-48.13,8.90,1,q1_q17_dr25_tce,6039.00,81.00,-81.00,3.760,0.300,-0.100,2.6220,0.3770,-0.8790,283.373840,43.801361,11.470
8016211,K05460.01,,FALSE POSITIVE,FALSE POSITIVE,0.0000,0,1,0,1,3.174877200,1.2320000e-04,-1.2320000e-04,133.7621000,5.370000e-02,-5.370000e-02,0.9400,0.0030,-0.0040,7.08900,0.10000,-0.10000,1.7410e+03,2.360e+01,-2.360e+01,8.80,4.480e+00,-4.030e+00,1410.0,,,933.10,1538.16,-695.11,98.60,1,q1_q17_dr25_tce,5116.00,197.00,-179.00,3.994,0.581,-0.290,1.6190,0.8240,-0.7410,286.693330,43.869961,14.395
8016650,K05461.01,,CANDIDATE,CANDIDATE,,0,0,0,0,119.079642000,3.1720000e-03,-3.1720000e-03,134.0349000,2.640000e-02,-2.640000e-02,0.2275,0.2406,-0.2274,16.26800,0.72000,-0.72000,4.2250e+02,2.900e+01,-2.900e+01,17.89,7.400e-01,-5.040e+00,795.0,,,94.61,16.10,-51.87,18.00,1,q1_q16_tce,4849.00,92.00,-159.00,2.942,0.031,-0.029,8.9840,0.3760,-2.5290,286.924260,43.829430,13.468
8025718,K05462.01,,FALSE POSITIVE,FALSE POSITIVE,,0,0,0,1,371.186480000,1.6900000e-02,-1.6900000e-02,260.7045000,2.700000e-02,-2.700000e-02,0.0845,0.3853,-0.0845,19.92900,0.96300,-0.96300,3.1790e+02,2.750e+01,-2.750e+01,2.06,1.180e+00,-2.700e-01,291.0,,,1.68,2.93,-0.56,18.10,1,q1_q16_tce,6231.00,158.00,-199.00,4.340,0.100,-0.321,1.1520,0.6600,-0.1500,290.730900,43.870090,13.937
8915379,K05583.01,,CANDIDATE,CANDIDATE,,0,0,0,0,20.585859100,8.4660000e-04,-8.4660000e-04,140.6753000,2.720000e-02,-2.720000e-02,0.7233,0.0522,-0.5423,3.06900,0.98300,-0.98300,2.6020e+02,8.520e+01,-8.520e+01,1.31,7.800e-01,-1.400e-01,586.0,,,27.85,56.47,-8.38,6.60,1,q1_q16_tce,5523.00,236.00,-177.00,4.526,0.088,-0.435,0.7530,0.4520,-0.0810,300.955900,45.111080,15.306
8935352,K05584.01,,FALSE POSITIVE,FALSE POSITIVE,0.0000,0,1,0,0,10.909621540,1.0990000e-05,-1.0990000e-05,135.3669200,1.310000e-03,-1.310000e-03,0.1460,0.0060,-0.0050,17.80240,0.01180,-0.01180,4.9992e+05,3.410e+02,-3.410e+02,149.10,9.955e+01,-1.095e+02,1127.0,,,381.27,835.21,-357.61,2345.10,1,q1_q17_dr25_tce,5323.00,186.00,-167.00,3.714,0.960,-0.320,2.0640,1.3780,-1.5160,283.983580,45.284752,14.096
8937555,K05585.01,,CANDIDATE,CANDIDATE,,0,0,0,0,113.573945000,1.3970000e-03,-1.3970000e-03,216.4717800,7.210000e-03,-7.210000e-03,0.1359,0.3378,-0.1358,3.00700,0.34200,-0.34200,2.4960e+02,3.080e+01,-3.080e+01,3.45,2.170e+00,-1.980e+00,496.0,,,14.32,27.92,-12.01,7.80,1,q1_q16_tce,5155.00,140.00,-153.00,3.768,0.671,-0.370,2.2330,1.4020,-1.2800,285.099980,45.238110,12.397
8939211,K05586.01,,FALSE POSITIVE,FALSE POSITIVE,0.0000,1,0,0,0,27.077981300,7.7350000e-04,-7.7350000e-04,135.6789000,2.770000e-02,-2.770000e-02,0.9570,0.0020,-0.0020,138.54000,1.80000,-1.80000,3.4750e+02,3.600e+00,-3.600e+00,2.03,4.300e-01,-2.600e-01,597.0,,,29.98,19.35,-9.44,139.40,1,q1_q17_dr25_tce,5906.00,159.00,-159.00,4.467,0.112,-0.154,0.8500,0.1840,-0.1070,285.913540,45.206799,14.170
8939650,K05587.01,,FALSE POSITIVE,FALSE POSITIVE,0.0000,0,1,0,0,1.827660875,2.3900000e-07,-2.3900000e-07,132.8212980,1.080000e-04,-1.080000e-04,1.0260,0.2250,-0.0070,3.98600,0.00570,-0.00570,4.6677e+04,5.490e+01,-5.490e+01,42.10,1.370e+01,-4.560e+00,1664.0,,,1811.72,1683.20,-548.88,890.30,1,q1_q17_dr25_tce,6352.00,150.00,-206.00,4.427,0.054,-0.216,1.0720,0.3490,-0.1160,286.125240,45.276932,14.268
8946267,K05588.01,,CANDIDATE,CANDIDATE,,0,0,0,0,542.911330000,2.6750000e-02,-2.6750000e-02,409.6919000,2.810000e-02,-2.810000e-02,0.3766,0.0570,-0.3765,15.90000,1.30000,-1.30000,7.5010e+02,7.870e+01,-7.870e+01,2.27,8.600e-01,-1.800e-01,199.0,,,0.37,0.43,-0.09,13.10,1,q1_q16_tce,5583.00,157.00,-147.00,4.559,0.030,-0.256,0.8240,0.3130,-0.0650,289.333400,45.242641,15.373
8949512,K05589.01,,FALSE POSITIVE,FALSE POSITIVE,,1,0,0,0,376.554588000,7.9550000e-03,-7.9550000e-03,247.6177000,1.470000e-02,-1.470000e-02,0.0963,0.3832,-0.0963,3.18200,0.57700,-0.57700,4.8100e+02,8.590e+01,-8.590e+01,2.00,7.000e-01,-1.700e-01,247.0,,,0.88,0.90,-0.23,5.40,1,q1_q16_tce,5926.00,152.00,-176.00,4.519,0.035,-0.264,0.9130,0.3210,-0.0780,290.585080,45.221050,14.694
8955741,K05590.01,,FALSE POSITIVE,FALSE POSITIVE,,1,0,0,0,538.426300000,1.8740000e-02,-1.8740000e-02,154.9034000,1.950000e-02,-1.950000e-02,0.3917,0.0499,-0.3917,12.75100,0.75000,-0.75000,2.4200e+02,1.880e+01,-1.880e+01,3.20,1.090e+00,-1.400e+00,322.0,,,2.53,2.54,-1.81,16.20,1,q1_q16_tce,5962.00,158.00,-170.00,3.882,0.402,-0.198,2.0280,0.6950,-0.8840,292.872560,45.246151,12.099
9758615,K05709.01,,FALSE POSITIVE,FALSE POSITIVE,,1,0,0,0,94.205611590,,,169.2951411,,,,,,6.62000,,,,,,,,,,,,,,,,1,q1_q16_tce,,,,,,,,,,285.595430,46.509666,11.613
9771920,K05710.01,,FALSE POSITIVE,FALSE POSITIVE,,1,0,0,0,378.706439550,,,470.6725521,,,,,,14.66000,,,,,,,,,,,,,,,,1,q1_q16_tce,,,,,,,,,,292.408780,46.515259,15.658
9775475,K05711.01,,FALSE POSITIVE,FALSE POSITIVE,0.0000,0,1,1,0,78.428631300,6.8760000e-05,-6.8760000e-05,169.3124040,9.730000e-04,-9.730000e-04,1.3880,6.4700,-0.1070,3.73680,0.03730,-0.03730,8.3303e+04,7.930e+02,-7.930e+02,85.77,0.000e+00,0.000e+00,425.0,,,7.74,0.00,0.00,112.60,1,q1_q17_dr25_tce,5780.00,,,4.438,,,1.0000,,,293.894500,46.592491,15.069
9776907,K05712.01,,CANDIDATE,CANDIDATE,,0,0,0,0,287.756130000,1.2440000e-02,-1.2440000e-02,385.4564000,2.980000e-02,-2.980000e-02,0.2794,0.1896,-0.2793,5.48700,0.93900,-0.93900,1.9870e+03,3.680e+02,-3.680e+02,3.40,4.400e-01,-2.100e-01,215.0,,,0.50,0.26,-0.11,6.60,1,q1_q16_tce,4965.00,206.00,-154.00,4.586,0.021,-0.091,0.7810,0.1010,-0.0480,294.404690,46.565720,16.925
9780149,K05713.01,,FALSE POSITIVE,FALSE POSITIVE,0.1330,0,1,0,0,2.530210000,4.0230000e-03,-4.0230000e-03,132.0918000,2.500000e-02,-2.500000e-02,1.2750,0.0370,-0.2740,21.79000,5.60000,-5.60000,3.6790e+02,3.490e+01,-3.490e+01,41.44,1.192e+01,-1.193e+01,1543.0,,,1338.82,1157.88,-744.73,24.20,1,q1_q17_dr25_tce,5780.00,172.00,-190.00,4.178,0.306,-0.165,1.2960,0.3730,-0.3730,295.602600,46.517567,12.294
9786017,K05714.01,,FALSE POSITIVE,FALSE POSITIVE,0.0000,0,1,0,0,2.249000963,5.3100000e-07,-5.3100000e-07,132.6514150,1.860000e-04,-1.860000e-04,0.6800,0.0020,-0.0020,9.60220,0.01460,-0.01460,5.8776e+04,7.070e+01,-7.070e+01,59.61,1.355e+01,-3.161e+01,2126.0,,,4838.14,3358.90,-3892.75,1159.50,1,q1_q17_dr25_tce,6025.00,180.00,-180.00,3.800,0.552,-0.138,2.2930,0.5210,-1.2160,297.508030,46.521568,12.502
9832379,K05715.01,,CANDIDATE,CANDIDATE,,0,0,0,0,189.961729000,8.8650000e-03,-8.8650000e-03,288.3907000,1.960000e-02,-1.960000e-02,0.1845,0.2880,-0.1845,12.46000,1.20000,-1.20000,6.9990e+02,8.360e+01,-8.360e+01,1.93,4.600e-01,-1.300e-01,260.0,,,1.08,0.79,-0.24,11.90,1,q1_q16_tce,5335.00,169.00,-143.00,4.613,0.027,-0.145,0.7420,0.1740,-0.0530,292.388180,46.615101,15.713
9837659,K05716.01,,FALSE POSITIVE,FALSE POSITIVE,,1,0,0,0,121.623873780,,,207.4934505,,,,,,2.73000,,,,,,,,,,,,,,,,1,q1_q16_tce,,,,,,,,,,294.528050,46.608521,12.209
10865043,K05836.01,,CANDIDATE,CANDIDATE,,0,0,0,0,202.187227660,,,174.3624491,,,,,,2.77000,,,,,,,,,,,,,,,,1,q1_q16_tce,,,,,,,,,,293.454590,48.227852,13.762
10878117,K05837.01,,CANDIDATE,CANDIDATE,,0,0,0,0,280.920706880,,,154.8994005,,,,,,3.48000,,,,,,,,,,,,,,,,1,q1_q16_tce,,,,,,,,,,297.914700,48.224411,15.261
10879247,K05838.01,,FALSE POSITIVE,FALSE POSITIVE,,1,0,1,0,432.074696000,9.6110000e-03,-9.6110000e-03,481.2681000,1.230000e-02,-1.230000e-02,0.1559,0.2979,-0.1559,4.76300,0.46800,-0.46800,1.0880e+03,1.510e+02,-1.510e+02,2.39,5.100e-01,-1.900e-01,193.0,,,0.32,0.24,-0.08,7.60,1,q1_q16_tce,5183.00,206.00,-164.00,4.608,0.029,-0.125,0.7390,0.1580,-0.0570,298.267330,48.207458,15.214
10879899,K05839.01,,CANDIDATE,CANDIDATE,,0,0,0,0,169.415073000,3.8270000e-03,-3.8270000e-03,283.3498000,1.930000e-02,-1.930000e-02,0.7546,0.2231,-0.5263,3.88400,0.74900,-0.74900,2.3990e+02,3.460e+01,-3.460e+01,2.32,1.420e+00,-5.000e-01,413.0,,,6.87,12.61,-3.16,9.80,1,q1_q16_tce,6362.00,140.00,-211.00,4.238,0.150,-0.332,1.3780,0.8440,-0.2940,298.477450,48.222031,12.427
10905641,K05840.01,,FALSE POSITIVE,FALSE POSITIVE,0.0000,1,0,0,0,460.779050000,1.4500000e-02,-1.4500000e-02,533.8441000,1.990000e-02,-1.990000e-02,0.3240,0.1220,-0.3240,15.54100,0.69000,-0.69000,2.3930e+02,2.270e+01,-2.270e+01,4.24,6.500e-01,-1.520e+00,387.0,,,5.32,2.65,-3.35,12.70,1,q1_q17_dr25_tce,6126.00,184.00,-165.00,3.731,0.293,-0.098,2.7170,0.4170,-0.9730,283.548340,48.388931,13.462
10920086,K05841.01,,FALSE POSITIVE,FALSE POSITIVE,0.0000,1,0,0,0,3.213185170,4.7030000e-06,-4.7030000e-06,132.0444750,6.200000e-04,-6.200000e-04,0.9240,0.0020,0.0000,15.47000,2.20000,-2.20000,2.0461e+03,8.300e+00,-8.300e+00,8.24,1.720e+00,-1.730e+00,1710.0,,,2017.35,1229.31,-916.14,662.90,1,q1_q17_dr25_tce,6712.00,162.00,-223.00,4.159,0.180,-0.135,1.5130,0.3170,-0.3170,291.852080,48.319561,12.520
10933306,K05842.01,,CANDIDATE,CANDIDATE,0.9950,0,0,0,0,57.774937300,9.8350000e-04,-9.8350000e-04,154.2915000,1.190000e-02,-1.190000e-02,0.0440,0.4090,-0.0440,4.73100,0.50900,-0.50900,2.8360e+02,3.070e+01,-3.070e+01,1.85,5.900e-01,-2.000e-01,524.0,,,17.82,16.58,-5.79,10.40,1,q1_q17_dr25_tce,6277.00,174.00,-239.00,4.417,0.065,-0.208,1.0970,0.3460,-0.1230,297.194240,48.322891,14.753
10958972,K05843.01,,FALSE POSITIVE,FALSE POSITIVE,,1,0,0,0,331.782481340,,,431.8146374,,,,,,4.94000,,,,,,,,,,,,,,,,1,q1_q16_tce,,,,,,,,,,281.810270,48.420395,13.789
8029848,K05463.01,,FALSE POSITIVE,FALSE POSITIVE,0.0000,0,1,1,0,1.206087690,2.3680000e-05,-2.3680000e-05,132.0861000,2.730000e-02,-2.730000e-02,1.2530,4.0100,-0.1870,2.22720,0.05040,-0.05040,1.6606e+03,3.040e+01,-3.040e+01,44.46,1.188e+01,-1.306e+01,1941.0,,,3353.78,2712.61,-1892.39,66.90,1,q1_q17_dr25_tce,5657.00,171.00,-188.00,4.186,0.273,-0.147,1.3550,0.3620,-0.3980,292.211790,43.831848,14.252
8035322,K05464.01,,FALSE POSITIVE,FALSE POSITIVE,,1,0,0,0,613.829050000,3.2600000e-02,-3.2600000e-02,263.4710000,3.190000e-02,-3.190000e-02,0.2616,0.1669,-0.2616,18.18000,1.40000,-1.40000,1.4820e+02,1.650e+01,-1.650e+01,2.85,1.250e+00,-1.410e+00,307.0,,,2.10,2.78,-1.62,10.20,1,q1_q16_tce,5636.00,173.00,-148.00,3.809,0.459,-0.224,2.3570,1.0270,-1.1680,294.081390,43.824032,13.016
8036863,K05465.01,,FALSE POSITIVE,FALSE POSITIVE,,1,0,0,0,476.804540000,2.7500000e-02,-2.7500000e-02,158.1644000,5.500000e-02,-5.500000e-02,0.5619,0.0512,-0.4509,10.65000,2.60000,-2.60000,1.4360e+02,4.840e+01,-4.840e+01,1.12,4.500e-01,-1.200e-01,227.0,,,0.63,0.76,-0.18,5.70,1,q1_q16_tce,5806.00,158.00,-147.00,4.473,0.070,-0.275,0.9010,0.3700,-0.0960,294.573210,43.898521,13.879
8037038,K05466.01,Kepler-1631 b,CONFIRMED,CANDIDATE,1.0000,0,0,0,0,4.095138760,3.0350000e-05,-3.0350000e-05,131.6778400,6.240000e-03,-6.240000e-03,0.9700,0.0360,-0.7200,2.46200,0.14800,-0.14800,1.8170e+02,1.830e+01,-1.830e+01,1.75,5.600e-01,-1.800e-01,1122.0,,,374.30,351.13,-108.58,11.60,1,q1_q17_dr25_tce,5858.00,156.00,-191.00,4.495,0.052,-0.208,0.9630,0.3090,-0.0960,294.632570,43.807671,15.524
8040308,K05467.01,,CANDIDATE,CANDIDATE,,0,0,0,0,502.835690100,,,234.1810504,,,,,,9.97000,,,,,,,,,,,,,,,,1,q1_q16_tce,,,,,,,,,,295.659580,43.858250,15.195
8040457,K05468.01,,CANDIDATE,CANDIDATE,,0,0,0,0,81.704814000,1.3170000e-03,-1.3170000e-03,151.4216000,1.120000e-02,-1.120000e-02,0.0021,0.5200,-0.0019,1.46800,0.41400,-0.41400,2.9700e+02,8.490e+01,-8.490e+01,1.65,6.100e-01,-2.200e-01,442.0,,,9.04,9.90,-3.02,5.80,1,q1_q16_tce,6099.00,172.00,-179.00,4.421,0.105,-0.262,0.9500,0.3510,-0.1270,295.701080,43.825218,14.794
8043968,K05469.01,,FALSE POSITIVE,FALSE POSITIVE,0.0000,0,1,0,1,0.779615874,6.9880000e-06,-6.9880000e-06,131.6800600,8.690000e-03,-8.690000e-03,0.6990,0.0120,-0.5300,3.93200,0.27700,-0.27700,8.1500e+01,4.700e+00,-4.700e+00,0.83,2.500e-01,-7.000e-02,1847.0,,,2735.51,2400.41,-685.67,22.00,1,q1_q17_dr25_tce,5764.00,156.00,-173.00,4.548,0.037,-0.200,0.8630,0.2580,-0.0690,296.732910,43.864319,15.292
8044083,K05470.01,,CANDIDATE,CANDIDATE,,0,0,0,0,578.218050000,1.6170000e-02,-1.6170000e-02,273.3259000,2.230000e-02,-2.230000e-02,0.3937,0.0494,-0.3937,4.18000,0.78600,-0.78600,6.3700e+02,1.340e+02,-1.340e+02,2.44,7.100e-01,-2.300e-01,223.0,,,0.59,0.50,-0.16,5.30,1,q1_q16_tce,6089.00,150.00,-193.00,4.495,0.045,-0.227,0.9500,0.2790,-0.0890,296.768550,43.862000,15.584
8959240,K05591.01,,CANDIDATE,CANDIDATE,,0,0,0,0,317.009388000,6.1380000e-03,-6.1380000e-03,183.1035000,1.820000e-02,-1.820000e-02,0.2991,0.1577,-0.2990,3.01300,0.46800,-0.46800,3.2690e+02,5.150e+01,-5.150e+01,4.03,2.400e+00,-2.410e+00,345.0,,,3.34,6.17,-2.87,7.50,1,q1_q16_tce,5066.00,149.00,-156.00,3.787,0.688,-0.364,2.2700,1.3470,-1.3590,294.091280,45.217670,13.555
8971044,K05592.01,,CANDIDATE,CANDIDATE,,0,0,0,0,482.517010000,2.0100000e-02,-2.0100000e-02,276.2043000,2.840000e-02,-2.840000e-02,0.0846,0.3641,-0.0844,14.79100,0.96100,-0.96100,5.7300e+02,5.930e+01,-5.930e+01,2.30,7.500e-01,-2.000e-01,242.0,,,0.80,0.76,-0.21,10.30,1,q1_q16_tce,6168.00,158.00,-187.00,4.488,0.044,-0.243,0.9600,0.3120,-0.0860,297.483120,45.291142,15.054
8975776,K05593.01,,FALSE POSITIVE,FALSE POSITIVE,,1,0,0,0,224.469892000,2.8450000e-03,-2.8450000e-03,230.1638000,1.020000e-02,-1.020000e-02,0.2691,0.1977,-0.2691,2.95200,0.31100,-0.31100,4.5860e+02,7.860e+01,-7.860e+01,2.35,8.200e-01,-3.800e-01,323.0,,,2.58,2.71,-0.96,5.50,1,q1_q16_tce,5911.00,174.00,-178.00,4.337,0.136,-0.234,1.0910,0.3820,-0.1730,298.504760,45.251240,14.918
8979500,K05594.01,,FALSE POSITIVE,FALSE POSITIVE,,1,0,0,0,113.556471000,2.6080000e-03,-2.6080000e-03,186.2321000,1.800000e-02,-1.800000e-02,0.1828,0.3169,-0.1828,2.38300,0.56000,-0.56000,2.7870e+02,7.140e+01,-7.140e+01,6.76,1.400e+00,-2.500e-01,651.0,,,42.48,26.66,-5.93,7.60,1,q1_q16_tce,4842.00,136.00,-91.00,3.167,0.030,-0.031,4.1640,0.8620,-0.1520,299.548340,45.283661,13.316
9003126,K05595.01,,FALSE POSITIVE,FALSE POSITIVE,,1,0,0,0,208.027890000,1.3570000e-02,-1.3570000e-02,324.5074000,4.970000e-02,-4.970000e-02,0.6065,0.0046,-0.5034,10.82000,1.50000,-1.50000,2.5500e+02,3.550e+01,-3.550e+01,1.04,8.000e-02,-1.100e-01,196.0,,,0.35,0.10,-0.10,8.80,1,q1_q16_tce,4285.00,129.00,-135.00,4.630,0.056,-0.024,0.6320,0.0450,-0.0660,283.622710,45.382992,14.487
9008125,K05596.01,,FALSE POSITIVE,FALSE POSITIVE,,1,0,0,0,308.024953000,2.4140000e-03,-2.4140000e-03,159.1862800,6.450000e-03,-6.450000e-03,0.3366,0.1109,-0.3365,2.66500,0.21500,-0.21500,3.5260e+02,4.030e+01,-4.030e+01,3.55,2.520e+00,-2.240e+00,345.0,,,3.35,7.46,-2.94,10.20,1,q1_q16_tce,5220.00,132.00,-131.00,3.808,0.792,-0.377,1.8870,1.3400,-1.1930,286.101620,45.319191,11.879
9011877,K05597.01,,CANDIDATE,CANDIDATE,0.9960,0,0,0,0,7.777106390,8.3860000e-05,-8.3860000e-05,133.8653900,7.430000e-03,-7.430000e-03,0.1960,0.2640,-0.1960,3.41800,0.27800,-0.27800,7.7400e+01,8.500e+00,-8.500e+00,0.73,3.000e-02,-6.000e-02,773.0,,,84.44,13.94,-17.01,10.60,1,q1_q17_dr25_tce,5073.00,75.00,-83.00,4.481,0.077,-0.033,0.8510,0.0410,-0.0650,287.826780,45.331322,13.725
9838414,K05717.01,,FALSE POSITIVE,FALSE POSITIVE,0.0000,0,0,1,1,1.332614580,8.6250000e-05,-8.6250000e-05,132.0098000,7.390000e-02,-7.390000e-02,0.9360,0.0210,-0.6630,5.16100,0.24100,-0.24100,1.3353e+03,8.840e+01,-8.840e+01,3.65,1.700e-01,-3.400e-01,1208.0,,,505.52,133.30,-146.72,17.50,1,q1_q17_dr25_tce,4611.00,166.00,-166.00,4.551,0.065,-0.025,0.7600,0.0360,-0.0710,294.809660,46.613079,17.511
9838582,K05718.01,,CANDIDATE,CANDIDATE,,0,0,0,0,233.645740000,2.3150000e-02,-2.3150000e-02,297.4940000,1.060000e-01,-1.060000e-01,0.0691,0.3882,-0.0689,10.05000,2.60000,-2.60000,2.2680e+03,6.010e+02,-6.010e+02,5.20,0.000e+00,0.000e+00,296.0,,,1.80,0.00,0.00,7.60,1,q1_q16_tce,5780.00,,,4.438,,,1.0000,,,294.876280,46.607254,17.106
9839030,K05719.01,,CANDIDATE,CANDIDATE,0.4400,0,0,0,0,27.285315000,9.2570000e-03,-9.2570000e-03,153.6560000,4.660000e-01,-4.660000e-01,0.2130,0.2300,-0.2130,7.47000,0.59100,-0.59100,3.9650e+02,4.880e+01,-4.880e+01,2.19,7.500e-01,-2.600e-01,678.0,,,49.97,51.30,-16.89,9.60,1,q1_q17_dr25_tce,6304.00,196.00,-240.00,4.407,0.072,-0.217,1.0940,0.3710,-0.1320,295.055180,46.669750,14.710
9845362,K05720.01,,FALSE POSITIVE,FALSE POSITIVE,,1,0,0,0,105.895315000,2.7690000e-03,-2.7690000e-03,231.4441000,1.860000e-02,-1.860000e-02,0.0930,0.3590,-0.0929,2.58100,0.39600,-0.39600,1.2270e+03,2.080e+02,-2.080e+02,2.69,7.800e-01,-2.500e-01,323.0,,,2.58,2.46,-0.72,7.00,1,q1_q16_tce,5271.00,214.00,-167.00,4.548,0.049,-0.176,0.7810,0.2280,-0.0730,297.229400,46.616402,15.979
9845931,K05721.01,,FALSE POSITIVE,FALSE POSITIVE,0.1300,0,0,1,0,61.224558000,1.2830000e-03,-1.2830000e-03,181.7010000,1.250000e-02,-1.250000e-02,0.5710,0.4110,-0.3510,4.10300,0.43500,-0.43500,5.4420e+02,7.150e+01,-7.150e+01,2.76,8.800e-01,-3.100e-01,525.0,,,17.89,17.19,-6.17,9.70,1,q1_q17_dr25_tce,6343.00,196.00,-283.00,4.408,0.054,-0.216,1.1400,0.3620,-0.1290,297.383420,46.683880,15.873
9847239,K05722.01,,FALSE POSITIVE,FALSE POSITIVE,0.0000,0,1,0,0,28.507877538,5.9320000e-06,-5.9320000e-06,132.7930090,1.560000e-04,-1.560000e-04,1.0250,0.4850,-0.0130,3.13331,0.00916,-0.00916,2.4372e+04,6.070e+01,-6.070e+01,27.79,8.460e+00,-2.830e+00,613.0,,,33.32,29.72,-10.07,449.00,1,q1_q17_dr25_tce,6131.00,164.00,-219.00,4.497,0.052,-0.208,0.9450,0.2880,-0.0960,297.741120,46.660488,14.876
9848760,K05723.01,,FALSE POSITIVE,FALSE POSITIVE,,1,0,0,0,444.465220000,3.2030000e-02,-3.2030000e-02,389.6930000,6.440000e-02,-6.440000e-02,1.2803,0.7668,-0.3961,0.76700,0.16100,-0.16100,4.0840e+03,5.720e+02,-5.720e+02,30.17,5.620e+00,-2.220e+00,189.0,,,0.30,0.18,-0.07,9.00,1,q1_q16_tce,5134.00,166.00,-136.00,4.609,0.026,-0.117,0.7460,0.1390,-0.0550,298.155000,46.600121,15.466
9850843,K05724.01,,FALSE POSITIVE,FALSE POSITIVE,0.0000,0,0,1,1,8.480390000,1.2700000e-04,-1.2700000e-04,135.8530000,1.250000e-02,-1.250000e-02,0.0080,0.4450,-0.0080,6.13400,0.37800,-0.37800,1.3370e+02,1.280e+01,-1.280e+01,1.23,4.200e-01,-1.300e-01,969.0,,,208.42,206.06,-67.76,12.00,1,q1_q17_dr25_tce,6193.00,173.00,-238.00,4.434,0.056,-0.224,1.0670,0.3570,-0.1190,298.714690,46.650639,14.863
7018210,K05344.01,,CANDIDATE,CANDIDATE,,0,0,0,0,445.351255000,6.2760000e-03,-6.2760000e-03,558.6375500,7.630000e-03,-7.630000e-03,0.1716,0.2684,-0.1716,6.51600,0.32700,-0.32700,4.2040e+02,3.770e+01,-3.770e+01,3.66,2.140e+00,-8.000e-01,370.0,,,4.43,8.09,-2.16,10.60,1,q1_q16_tce,7202.00,217.00,-316.00,4.112,0.137,-0.332,1.7550,1.0250,-0.3820,286.352420,42.585770,13.735
7019580,K05345.01,,FALSE POSITIVE,FALSE POSITIVE,,1,0,0,0,72.015382500,9.8590000e-04,-9.8590000e-04,168.8166000,1.170000e-02,-1.170000e-02,0.6038,0.3731,-0.4023,2.54800,0.47000,-0.47000,1.7770e+02,3.140e+01,-3.140e+01,6.94,2.890e+00,-2.950e+00,783.0,,,88.86,106.09,-63.20,6.80,1,q1_q16_tce,5099.00,115.00,-170.00,3.299,0.318,-0.262,5.0320,2.0960,-2.1380,286.984470,42.551121,11.888
7022603,K05346.01,,FALSE POSITIVE,FALSE POSITIVE,0.0000,0,0,1,0,21.127526930,9.7940000e-05,-9.7940000e-05,142.6772200,3.650000e-03,-3.650000e-03,0.1570,0.3020,-0.1570,2.25300,0.13800,-0.13800,5.1800e+01,3.500e+00,-3.500e+00,20.93,6.010e+00,-6.680e+00,2349.0,,,7200.22,6493.61,-4219.44,18.40,1,q1_q17_dr25_tce,4024.00,141.00,-112.00,1.672,0.275,-0.225,30.8820,8.8720,-9.8580,288.224370,42.549011,8.789
7024045,K05347.01,,FALSE POSITIVE,FALSE POSITIVE,,1,0,0,0,23.934182500,2.6520000e-04,-2.6520000e-04,145.7602800,8.740000e-03,-8.740000e-03,0.0465,0.4264,-0.0464,1.60700,0.24300,-0.24300,2.2810e+02,3.820e+01,-3.820e+01,1.03,4.000e-02,-8.000e-02,432.0,,,8.27,1.90,-2.06,6.50,1,q1_q16_tce,4415.00,140.00,-134.00,4.580,0.044,-0.018,0.7150,0.0300,-0.0560,288.760830,42.554619,14.869
7035812,K05348.01,,FALSE POSITIVE,FALSE POSITIVE,,1,0,0,0,87.775799000,1.1590000e-03,-1.1590000e-03,183.4282000,1.340000e-02,-1.340000e-02,0.8114,0.1603,-0.5478,1.86200,0.44600,-0.44600,4.5000e+02,1.010e+02,-1.010e+02,2.44,8.800e-01,-3.500e-01,409.0,,,6.61,7.19,-2.25,6.30,1,q1_q16_tce,5604.00,166.00,-148.00,4.375,0.124,-0.239,1.0250,0.3720,-0.1470,292.492710,42.550739,15.429
7038988,K05349.01,,FALSE POSITIVE,FALSE POSITIVE,,1,0,0,0,65.673507280,,,189.2618327,,,,,,2.73000,,,,,,,,,,,,,,,,1,q1_q16_tce,,,,,,,,,,293.438660,42.561810,15.528
7041972,K05350.01,,FALSE POSITIVE,FALSE POSITIVE,,1,0,0,0,222.064098780,,,339.0218658,,,,,,2.89000,,,,,,,,,,,,,,,,1,q1_q16_tce,,,,,,,,,,294.266020,42.519218,14.017
7047299,K05351.01,,FALSE POSITIVE,FALSE POSITIVE,0.0000,0,1,0,0,35.882272887,1.3660000e-06,-1.3660000e-06,165.5325652,3.100000e-05,-3.100000e-05,0.8580,0.0680,-0.0010,3.95004,0.00170,-0.00170,1.0123e+05,2.850e+01,-2.850e+01,35.21,9.670e+00,-2.600e+00,512.0,,,16.30,13.23,-3.80,3096.90,1,q1_q17_dr25_tce,5840.00,161.00,-161.00,4.570,0.035,-0.184,0.8120,0.2230,-0.0600,295.610660,42.578369,14.295
8075618,K05471.01,,FALSE POSITIVE,FALSE POSITIVE,0.0000,0,1,0,0,8.780603773,5.9700000e-07,-5.9700000e-07,137.9237850,5.670000e-05,-5.670000e-05,1.1270,0.0780,-0.1370,3.16989,0.00185,-0.00185,9.0028e+04,3.320e+01,-3.320e+01,52.34,1.182e+01,-4.720e+00,775.0,,,85.17,58.84,-22.72,1406.90,1,q1_q17_dr25_tce,5487.00,164.00,-164.00,4.563,0.036,-0.153,0.8320,0.1880,-0.0750,281.597900,43.976479,15.674
8076215,K05472.01,,CANDIDATE,CANDIDATE,,0,0,0,0,97.513749100,8.9320000e-04,-8.9320000e-04,156.9246200,8.210000e-03,-8.210000e-03,0.0922,0.3596,-0.0922,2.65500,0.22500,-0.22500,2.7980e+02,3.290e+01,-3.290e+01,5.27,2.140e+00,-2.290e+00,630.0,,,37.25,46.29,-26.95,9.10,1,q1_q16_tce,5437.00,175.00,-190.00,3.570,0.382,-0.260,3.1800,1.2900,-1.3840,281.954560,43.980610,12.603
8094942,K05473.01,,CANDIDATE,CANDIDATE,,0,0,0,0,549.427720000,1.1540000e-02,-1.1540000e-02,132.9476000,1.860000e-02,-1.860000e-02,0.4315,0.0452,-0.4184,6.09000,0.97100,-0.97100,7.1910e+02,8.080e+01,-8.080e+01,2.64,1.030e+00,-2.100e-01,223.0,,,0.58,0.67,-0.15,12.10,1,q1_q16_tce,5957.00,152.00,-192.00,4.498,0.036,-0.281,0.9710,0.3770,-0.0790,290.847290,43.962742,14.654
8099517,K05474.01,,CANDIDATE,CANDIDATE,,0,0,0,0,284.666844000,7.9100000e-03,-7.9100000e-03,322.5718000,2.750000e-02,-2.750000e-02,0.3413,0.1543,-0.3413,2.75200,0.57000,-0.57000,4.1800e+02,1.210e+02,-1.210e+02,8.98,8.000e-01,-1.960e+00,486.0,,,13.14,3.79,-6.22,5.60,1,q1_q16_tce,5248.00,109.00,-190.00,3.368,0.027,-0.032,4.4130,0.3930,-0.9660,292.509580,43.957169,13.761
8105398,K05475.01,Kepler-1632 b,CONFIRMED,CANDIDATE,0.9990,0,0,0,0,224.150923000,1.7940000e-03,-1.7940000e-03,341.0275600,5.340000e-03,-5.340000e-03,0.0190,0.4040,-0.0190,12.45500,0.17400,-0.17400,3.4860e+02,1.030e+01,-1.030e+01,2.41,4.800e-01,-7.100e-01,369.0,,,4.40,2.64,-2.42,34.20,1,q1_q17_dr25_tce,6072.00,167.00,-137.00,4.133,0.301,-0.129,1.2860,0.2550,-0.3830,294.494870,43.913620,13.093
8105719,K05476.01,,CANDIDATE,CANDIDATE,1.0000,0,0,0,0,148.179343000,5.6530000e-03,-5.6530000e-03,202.2788000,3.100000e-02,-3.100000e-02,0.1020,0.3520,-0.1020,12.73300,0.87700,-0.87700,4.6660e+02,4.240e+01,-4.240e+01,2.52,3.800e-01,-4.200e-01,367.0,,,4.29,1.72,-1.47,12.50,1,q1_q17_dr25_tce,5635.00,76.00,-76.00,4.278,0.156,-0.104,1.1830,0.1800,-0.1980,294.606290,43.937141,15.563
8106139,K05477.01,,FALSE POSITIVE,FALSE POSITIVE,,1,0,0,0,551.498320000,2.4430000e-02,-2.4430000e-02,387.3411000,2.890000e-02,-2.890000e-02,0.9478,0.0499,-0.0370,40.92000,2.30000,-2.30000,1.8744e+03,9.920e+01,-9.920e+01,4.89,2.070e+00,-3.900e-01,215.0,,,0.51,0.65,-0.13,37.00,1,q1_q16_tce,5926.00,174.00,-180.00,4.532,0.032,-0.302,0.8870,0.3750,-0.0710,294.742340,43.909351,15.536
8108437,K05478.01,,FALSE POSITIVE,FALSE POSITIVE,0.0000,0,1,0,0,351.287873700,1.0350000e-04,-1.0350000e-04,207.2943030,2.070000e-04,-2.070000e-04,0.7120,0.0110,-0.0100,11.20660,0.01690,-0.01690,1.3463e+05,2.220e+02,-2.220e+02,38.47,1.065e+01,-3.540e+00,252.0,,,0.96,0.77,-0.27,1002.80,1,q1_q17_dr25_tce,5911.00,158.00,-193.00,4.519,0.046,-0.184,0.9140,0.2530,-0.0840,295.493100,43.993530,15.703
9012244,K05598.01,,CANDIDATE,CANDIDATE,,0,0,0,0,376.934014000,6.1160000e-03,-6.1160000e-03,267.4192000,1.680000e-02,-1.680000e-02,0.6546,0.2914,-0.4192,4.28000,0.87100,-0.87100,3.8240e+02,5.840e+01,-5.840e+01,2.13,7.300e-01,-3.100e-01,274.0,,,1.33,1.30,-0.48,6.10,1,q1_q16_tce,6074.00,154.00,-175.00,4.369,0.121,-0.242,1.0340,0.3510,-0.1540,287.998230,45.396439,13.797
9016592,K05599.01,,FALSE POSITIVE,FALSE POSITIVE,,1,0,0,0,46.504462090,,,142.7268259,,,,,,1.37000,,,,,,,,,,,,,,,,1,q1_q16_tce,,,,,,,,,,289.839940,45.354191,15.682
9018021,K05600.01,,CANDIDATE,CANDIDATE,0.9920,0,0,0,0,17.168095000,3.4150000e-03,-3.4150000e-03,134.6373290,4.910000e-02,-4.910000e-02,0.9990,0.0180,-0.6970,13.04000,1.20000,-1.20000,1.4310e+02,2.090e+01,-2.090e+01,4.81,2.950e+00,-2.960e+00,603.0,,,31.34,59.51,-27.22,8.10,1,q1_q17_dr25_tce,5053.00,136.00,-151.00,3.824,0.777,-0.777,1.9070,1.1720,-1.1720,290.390320,45.389992,14.498
9024568,K05601.01,,FALSE POSITIVE,FALSE POSITIVE,,1,0,0,0,124.091252000,3.3190000e-03,-3.3190000e-03,135.5509000,2.590000e-02,-2.590000e-02,0.0310,0.4615,-0.0307,2.17200,0.67000,-0.67000,2.8140e+02,6.350e+01,-6.350e+01,1.30,3.600e-01,-1.000e-01,305.0,,,2.04,1.72,-0.48,5.70,1,q1_q16_tce,5275.00,169.00,-135.00,4.571,0.029,-0.168,0.7920,0.2180,-0.0610,292.773220,45.371311,14.152
9026007,K05602.01,,CANDIDATE,CANDIDATE,0.3130,0,0,0,0,403.163148000,9.4690000e-03,-9.4690000e-03,434.7531000,1.240000e-02,-1.240000e-02,0.0200,0.4280,-0.0200,5.73500,0.38100,-0.38100,6.8110e+02,6.550e+01,-6.550e+01,2.49,4.300e-01,-1.100e-01,240.0,,,0.79,0.35,-0.11,12.10,1,q1_q17_dr25_tce,5812.00,70.00,-87.00,4.504,0.016,-0.136,0.9630,0.1690,-0.0400,293.293370,45.342541,14.624
9026248,K05603.01,,CANDIDATE,CANDIDATE,,0,0,0,0,341.557931000,4.6590000e-03,-4.6590000e-03,244.8859600,7.360000e-03,-7.360000e-03,0.6746,0.2661,-0.4528,3.36500,0.27500,-0.27500,4.3300e+02,4.480e+01,-4.480e+01,6.81,3.390e+00,-1.740e+00,393.0,,,5.65,8.17,-2.85,9.60,1,q1_q16_tce,5138.00,113.00,-142.00,3.551,0.204,-0.319,3.0980,1.5410,-0.7930,293.379940,45.313850,12.472
9044060,K05604.01,,CANDIDATE,CANDIDATE,,0,0,0,0,476.919770000,1.6400000e-02,-1.6400000e-02,390.4731000,2.240000e-02,-2.240000e-02,0.5589,0.0087,-0.4811,5.07000,1.10000,-1.10000,1.9360e+02,3.930e+01,-3.930e+01,2.49,1.140e+00,-8.300e-01,321.0,,,2.49,3.37,-1.51,7.40,1,q1_q16_tce,6282.00,159.00,-197.00,4.063,0.271,-0.249,1.7250,0.7890,-0.5750,298.283080,45.373589,12.952
9047416,K05605.01,,CANDIDATE,CANDIDATE,0.9990,0,0,0,0,9.011888000,1.6240000e-03,-1.6240000e-03,138.6580000,2.480000e-01,-2.480000e-01,0.9480,0.0120,-0.6500,4.16700,0.26500,-0.26500,9.8760e+02,7.710e+01,-7.710e+01,7.04,1.580e+00,-2.930e+00,1105.0,,,351.97,248.80,-245.97,15.50,1,q1_q17_dr25_tce,5627.00,186.00,-169.00,4.002,0.413,-0.138,1.7350,0.3890,-0.7230,299.191710,45.343540,14.321
9851638,K05725.01,,CANDIDATE,CANDIDATE,,0,0,0,0,351.250690000,1.4220000e-02,-1.4220000e-02,226.8377000,2.700000e-02,-2.700000e-02,0.1777,0.3011,-0.1774,3.64800,0.58000,-0.58000,1.3240e+03,2.400e+02,-2.400e+02,2.23,2.500e-01,-2.000e-01,186.0,,,0.28,0.12,-0.08,6.50,1,q1_q16_tce,4828.00,181.00,-170.00,4.630,0.060,-0.046,0.6300,0.0690,-0.0580,298.943300,46.679771,15.806
9875101,K05726.01,,FALSE POSITIVE,FALSE POSITIVE,,1,0,0,0,212.771978000,3.4360000e-03,-3.4360000e-03,328.1461000,1.160000e-02,-1.160000e-02,0.2065,0.2605,-0.2062,2.11500,0.38700,-0.38700,1.2390e+03,2.360e+02,-2.360e+02,2.84,7.300e-01,-2.600e-01,255.0,,,1.00,0.81,-0.26,6.90,1,q1_q16_tce,5122.00,180.00,-137.00,4.505,0.068,-0.226,0.8240,0.2100,-0.0770,283.491390,46.757889,15.788
9881660,K05727.01,,CANDIDATE,CANDIDATE,,0,0,0,0,65.355888100,6.3660000e-04,-6.3660000e-04,154.4772700,8.970000e-03,-8.970000e-03,0.4827,0.0157,-0.4827,2.16500,0.20500,-0.20500,1.1580e+03,1.400e+02,-1.400e+02,2.61,2.000e-01,-2.100e-01,337.0,,,3.05,1.08,-0.77,9.60,1,q1_q17_dr24_tce,4703.00,183.00,-147.00,4.550,0.047,-0.056,0.7640,0.0590,-0.0600,287.367370,46.768650,15.676
9896438,K05728.01,,FALSE POSITIVE,FALSE POSITIVE,0.0000,0,1,1,1,18.076678800,1.2720000e-04,-1.2720000e-04,146.2527100,8.530000e-03,-8.530000e-03,0.8220,0.0820,-0.6360,3.06000,0.26000,-0.26000,2.8831e+04,1.774e+03,-1.774e+03,19.47,0.000e+00,0.000e+00,694.0,,,54.73,0.00,0.00,26.60,1,q1_q17_dr25_tce,5780.00,,,4.438,,,1.0000,,,294.127870,46.796848,16.667
9899514,K05729.01,,FALSE POSITIVE,FALSE POSITIVE,0.0000,0,1,1,1,1.332555770,4.6070000e-05,-4.6070000e-05,132.0672000,4.130000e-02,-4.130000e-02,0.1990,0.2590,-0.1990,4.28200,0.59100,-0.59100,1.2650e+02,1.290e+01,-1.290e+01,0.97,1.300e-01,-1.100e-01,1420.0,,,961.41,462.55,-302.72,15.40,1,q1_q17_dr25_tce,5122.00,179.00,-179.00,4.469,0.095,-0.105,0.8810,0.1200,-0.0980,295.264160,46.745941,15.916
9899607,K05730.01,,FALSE POSITIVE,FALSE POSITIVE,0.0000,0,1,1,1,1.332592750,1.1230000e-05,-1.1230000e-05,132.0119700,7.020000e-03,-7.020000e-03,0.8330,0.0020,-0.6010,4.01400,0.25100,-0.25100,7.9100e+01,5.800e+00,-5.800e+00,0.97,3.000e-01,-1.000e-01,1703.0,,,1983.27,1842.11,-586.39,15.90,1,q1_q17_dr25_tce,6091.00,180.00,-198.00,4.487,0.052,-0.208,0.9670,0.3000,-0.1000,295.295100,46.775841,15.300
9908486,K05731.01,,FALSE POSITIVE,FALSE POSITIVE,0.0130,1,0,1,0,36.609273900,5.9910000e-04,-5.9910000e-04,138.7739800,7.730000e-03,-7.730000e-03,0.2600,0.2060,-0.2600,1.83500,0.35200,-0.35200,1.1020e+03,1.930e+02,-1.930e+02,52.42,1.015e+01,-1.241e+01,1623.0,,,1640.55,849.62,-772.99,7.60,1,q1_q17_dr25_tce,4770.00,76.00,-114.00,2.319,0.033,-0.024,16.1140,3.1210,-3.8150,298.116670,46.721958,13.823
9910043,K05732.01,,CANDIDATE,CANDIDATE,0.9920,0,0,0,0,39.399926000,1.1940000e-03,-1.1940000e-03,160.2611000,2.230000e-02,-2.230000e-02,0.5440,0.4370,-0.3390,5.72900,0.71900,-0.71900,3.4140e+02,4.430e+01,-4.430e+01,1.52,3.200e-01,-1.300e-01,499.0,,,14.66,9.17,-3.81,9.40,1,q1_q17_dr25_tce,5913.00,147.00,-177.00,4.581,0.036,-0.144,0.7950,0.1700,-0.0680,298.569700,46.753971,15.453
7101726,K05352.01,,CANDIDATE,CANDIDATE,,0,0,0,0,270.143024100,,,210.9607990,,,,,,6.32000,,,,,,,,,,,,,,,,1,q1_q16_tce,,,,,,,,,,286.199860,42.613010,15.059
7107567,K05353.01,,FALSE POSITIVE,FALSE POSITIVE,0.5680,0,0,1,0,0.812592362,1.3850000e-06,-1.3850000e-06,131.5564200,2.120000e-03,-2.120000e-03,1.0070,0.6220,-0.0500,1.56460,0.01140,-0.01140,6.9458e+03,3.820e+01,-3.820e+01,25.84,7.590e+00,-5.530e+00,2912.0,,,16928.43,14718.14,-8192.60,226.60,1,q1_q17_dr25_tce,7117.00,199.00,-313.00,4.153,0.148,-0.181,1.6400,0.4820,-0.3510,288.495670,42.695560,14.235
7109680,K05354.01,,FALSE POSITIVE,FALSE POSITIVE,,1,0,0,0,81.871309000,1.2480000e-03,-1.2480000e-03,169.9496500,9.510000e-03,-9.510000e-03,0.1996,0.2884,-0.1995,1.60600,0.31000,-0.31000,9.8200e+01,2.480e+01,-2.480e+01,1.12,6.300e-01,-1.200e-01,480.0,,,12.59,21.51,-3.75,5.40,1,q1_q16_tce,6343.00,149.00,-196.00,4.375,0.075,-0.326,1.1150,0.6370,-0.1200,289.270450,42.674389,12.869
7115671,K05355.01,,FALSE POSITIVE,FALSE POSITIVE,0.0000,1,0,1,1,0.566805859,3.7050000e-06,-3.7050000e-06,131.8099700,5.490000e-03,-5.490000e-03,0.7240,0.0160,-0.5520,3.83500,0.19700,-0.19700,6.1100e+01,3.800e+00,-3.800e+00,1.25,4.200e-01,-2.700e-01,2858.0,,,15850.69,15287.20,-7549.73,21.50,1,q1_q17_dr25_tce,6413.00,177.00,-243.00,4.203,0.153,-0.187,1.4940,0.4890,-0.3260,291.126950,42.624390,13.857
7123580,K05356.01,,FALSE POSITIVE,FALSE POSITIVE,,1,0,0,0,326.365951880,,,253.1342058,,,,,,3.75000,,,,,,,,,,,,,,,,1,q1_q16_tce,,,,,,,,,,293.542240,42.699532,14.983
7123614,K05357.01,,FALSE POSITIVE,FALSE POSITIVE,,1,0,0,0,520.582690000,8.7850000e-03,-8.7850000e-03,221.4250000,1.120000e-02,-1.120000e-02,0.0450,0.4472,-0.0449,2.26400,0.48700,-0.48700,3.4800e+02,7.040e+01,-7.040e+01,1.94,9.600e-01,-1.700e-01,244.0,,,0.83,1.25,-0.22,6.00,1,q1_q16_tce,6210.00,165.00,-190.00,4.450,0.043,-0.317,1.0330,0.5170,-0.0890,293.550380,42.672260,14.027
7125794,K05358.01,,CANDIDATE,CANDIDATE,,0,0,0,0,126.586058000,3.6780000e-03,-3.6780000e-03,222.9909000,2.550000e-02,-2.550000e-02,0.7990,0.1494,-0.5480,5.41000,0.50900,-0.50900,1.2490e+02,1.590e+01,-1.590e+01,1.54,6.400e-01,-2.600e-01,460.0,,,10.54,12.80,-4.11,10.50,1,q1_q16_tce,6611.00,161.00,-209.00,4.269,0.136,-0.249,1.2490,0.5220,-0.2090,294.152340,42.618980,12.968
7130612,K05359.01,,CANDIDATE,CANDIDATE,,0,0,0,0,2.720019700,3.8900000e-04,-3.8900000e-04,133.3342000,6.360000e-02,-6.360000e-02,0.0078,0.4463,-0.0078,1.87400,0.20700,-0.20700,8.6900e+02,1.260e+02,-1.260e+02,1.53,1.400e-01,-1.500e-01,713.0,,,61.08,16.08,-13.58,8.50,1,q1_q17_dr24_tce,3939.00,52.00,-51.00,4.735,0.060,-0.060,0.5270,0.0500,-0.0500,295.413570,42.663071,16.560
8125917,K05479.01,,CANDIDATE,CANDIDATE,,0,0,0,0,18.347081000,2.4340000e-03,-2.4340000e-03,145.0010000,1.840000e-01,-1.840000e-01,0.1988,0.2532,-0.1987,2.82500,0.15700,-0.15700,1.1266e+03,9.510e+01,-9.510e+01,5.65,3.460e+00,-2.330e+00,855.0,,,126.14,254.32,-87.81,11.60,1,q1_q16_tce,5465.00,205.00,-169.00,3.968,0.427,-0.305,1.7020,1.0440,-0.7030,299.988010,43.917721,14.261
8129333,K05480.01,,CANDIDATE,CANDIDATE,,0,0,0,0,57.140035000,1.9510000e-03,-1.9510000e-03,145.8694000,2.700000e-02,-2.700000e-02,0.0783,0.3708,-0.0781,5.68400,0.63400,-0.63400,1.5670e+03,2.270e+02,-2.270e+02,5.78,2.770e+00,-1.640e+00,588.0,,,28.34,42.20,-15.56,7.20,1,q1_q16_tce,5936.00,191.00,-192.00,4.103,0.271,-0.233,1.4600,0.7020,-0.4130,300.872040,43.973541,16.558
8155368,K05481.01,,FALSE POSITIVE,FALSE POSITIVE,0.0000,0,1,0,0,0.718643659,9.0000000e-08,-9.0000000e-08,131.8891410,1.020000e-04,-1.020000e-04,0.9220,0.0400,-0.0190,2.51246,0.00504,-0.00504,1.2493e+05,1.550e+02,-1.550e+02,50.85,1.470e+01,-6.320e+00,2002.0,,,3813.75,3231.48,-1222.96,575.00,1,q1_q17_dr25_tce,5853.00,157.00,-175.00,4.483,0.065,-0.195,0.9340,0.2700,-0.1160,287.804810,44.049191,15.121
8158429,K05482.01,,CANDIDATE,CANDIDATE,1.0000,0,0,0,0,31.707574649,,,138.2539898,,,0.9230,,,7.67710,,,7.8730e+02,,,2.96,9.000e-01,-2.800e-01,547.0,,,21.10,18.37,-5.79,5.50,1,q1_q17_dr25_tce,5861.00,141.00,-176.00,4.546,0.036,-0.204,0.8650,0.2630,-0.0820,289.229100,44.091660,15.197
8179747,K05483.01,,FALSE POSITIVE,FALSE POSITIVE,0.0000,0,1,0,0,17.946328114,1.1880000e-06,-1.1880000e-06,136.9472719,5.590000e-05,-5.590000e-05,0.7740,0.0060,-0.0020,8.15905,0.00375,-0.00375,1.0299e+05,4.570e+01,-4.570e+01,66.65,3.627e+01,-3.627e+01,845.0,,,120.63,207.23,-98.46,3497.60,1,q1_q17_dr25_tce,5228.00,174.00,-158.00,3.906,0.679,-0.291,1.7220,0.9370,-0.9370,296.417020,44.048210,14.933
8192427,K05484.01,,FALSE POSITIVE,FALSE POSITIVE,,1,0,0,0,204.818268000,1.7880000e-03,-1.7880000e-03,209.5904100,6.670000e-03,-6.670000e-03,0.3460,0.1116,-0.3457,1.93000,0.27100,-0.27100,3.0360e+02,4.390e+01,-4.390e+01,5.18,1.980e+00,-2.890e+00,525.0,,,17.90,20.33,-14.82,5.40,1,q1_q16_tce,6060.00,172.00,-182.00,3.650,0.542,-0.216,2.9300,1.1190,-1.6380,299.597560,44.076420,11.784
8197176,K05485.01,,CANDIDATE,CANDIDATE,0.2750,0,0,0,0,9.358925400,1.5350000e-04,-1.5350000e-04,133.4820000,1.380000e-02,-1.380000e-02,0.1840,0.2680,-0.1840,3.16900,0.30900,-0.30900,1.5270e+03,2.040e+02,-2.040e+02,17.37,5.370e+00,-8.040e+00,1528.0,,,1288.85,1178.02,-962.21,8.90,1,q1_q17_dr25_tce,5188.00,146.00,-164.00,3.327,0.409,-0.220,4.5210,1.3960,-2.0940,300.885220,44.081329,17.054
8197406,K05486.01,,CANDIDATE,CANDIDATE,1.0000,0,0,0,0,4.154722420,1.2190000e-05,-1.2190000e-05,132.6108900,2.410000e-03,-2.410000e-03,0.9710,0.0130,-0.6800,1.79100,0.12900,-0.12900,2.2430e+03,1.230e+02,-1.230e+02,23.47,2.690e+00,-8.100e+00,2292.0,,,6522.18,2492.33,-4074.55,19.70,1,q1_q17_dr25_tce,6996.00,188.00,-230.00,3.627,0.298,-0.053,3.3590,0.3860,-1.1590,300.941860,44.023651,12.572
9049550,K05606.01,,FALSE POSITIVE,FALSE POSITIVE,0.0000,0,1,0,0,23.814905740,6.3960000e-05,-6.3960000e-05,135.9216700,3.710000e-03,-3.710000e-03,0.7720,0.0310,-0.0230,1.99480,0.01070,-0.01070,7.9201e+04,2.390e+02,-2.390e+02,63.10,4.086e+01,-4.087e+01,847.0,,,121.57,257.74,-108.50,444.40,1,q1_q17_dr25_tce,5421.00,192.00,-192.00,3.790,0.893,-0.357,1.8900,1.2240,-1.2240,299.778840,45.394032,14.488
9049697,K05607.01,,FALSE POSITIVE,FALSE POSITIVE,0.0000,0,0,1,1,1.327451100,1.4130000e-05,-1.4130000e-05,131.5905200,8.830000e-03,-8.830000e-03,0.2450,0.2120,-0.2450,3.46500,0.24100,-0.24100,1.2360e+02,8.800e+00,-8.800e+00,0.66,4.000e-02,-7.000e-02,1009.0,,,243.87,66.79,-72.49,16.60,1,q1_q17_dr25_tce,4137.00,124.00,-137.00,4.646,0.056,-0.021,0.6100,0.0390,-0.0630,299.823760,45.334881,15.158
9073549,K05608.01,,CANDIDATE,CANDIDATE,,0,0,0,0,87.565484000,2.4780000e-03,-2.4780000e-03,134.2932000,1.470000e-02,-1.470000e-02,0.0563,0.5056,-0.0559,2.52700,0.68100,-0.68100,3.9600e+02,1.190e+02,-1.190e+02,2.12,1.090e+00,-2.100e-01,437.0,,,8.60,13.15,-2.60,6.70,1,q1_q16_tce,6064.00,149.00,-220.00,4.429,0.055,-0.320,1.0690,0.5500,-0.1080,284.324890,45.482319,15.212
9079671,K05609.01,,CANDIDATE,CANDIDATE,,0,0,0,0,535.151500000,7.9560000e-03,-7.9560000e-03,477.1303000,1.450000e-02,-1.450000e-02,0.3162,0.1655,-0.3161,2.82600,0.57000,-0.57000,3.6230e+02,5.990e+01,-5.990e+01,2.70,1.500e+00,-9.200e-01,258.0,,,1.04,1.81,-0.63,8.60,1,q1_q16_tce,5468.00,166.00,-130.00,4.085,0.354,-0.295,1.4230,0.7900,-0.4830,287.763850,45.482159,12.706
9079767,K05610.01,,CANDIDATE,CANDIDATE,,0,0,0,0,495.404620000,7.0230000e-03,-7.0230000e-03,241.0000000,1.330000e-02,-1.330000e-02,2.3238,1.3020,-1.4730,0.63000,1.60000,-1.60000,9.0400e+02,2.470e+02,-2.470e+02,152.21,6.156e+01,-1.285e+01,248.0,,,0.90,1.05,-0.24,5.50,1,q1_q16_tce,6225.00,156.00,-189.00,4.450,0.042,-0.268,1.0310,0.4170,-0.0870,287.818150,45.404732,13.825
9087071,K05611.01,,FALSE POSITIVE,FALSE POSITIVE,,1,0,0,0,209.238576000,3.7730000e-03,-3.7730000e-03,321.1236000,1.120000e-02,-1.120000e-02,0.2683,0.2146,-0.2683,2.24500,0.35000,-0.35000,1.5470e+02,3.410e+01,-3.410e+01,1.43,7.600e-01,-1.800e-01,354.0,,,3.72,5.90,-1.22,5.40,1,q1_q16_tce,6302.00,155.00,-199.00,4.345,0.097,-0.307,1.1350,0.6040,-0.1430,291.189090,45.492290,13.564
9087853,K05612.01,,CANDIDATE,CANDIDATE,,0,0,0,0,353.659270000,1.3690000e-02,-1.3690000e-02,482.2630000,2.980000e-02,-2.980000e-02,0.2470,0.2097,-0.2469,4.54300,0.72200,-0.72200,1.0180e+03,1.730e+02,-1.730e+02,2.58,7.500e-01,-1.800e-01,223.0,,,0.58,0.50,-0.13,7.50,1,q1_q16_tce,5438.00,154.00,-149.00,4.574,0.024,-0.197,0.8200,0.2380,-0.0600,291.465180,45.470070,15.871
9097470,K05613.01,,CANDIDATE,CANDIDATE,,0,0,0,0,346.417400000,2.0270000e-02,-2.0270000e-02,460.5646000,4.270000e-02,-4.270000e-02,0.1572,0.3143,-0.1572,9.23000,1.30000,-1.30000,6.6200e+02,1.060e+02,-1.060e+02,2.41,1.010e+00,-2.100e-01,251.0,,,0.94,1.16,-0.26,7.90,1,q1_q16_tce,5754.00,166.00,-181.00,4.490,0.046,-0.292,0.9460,0.3940,-0.0840,294.827760,45.469952,15.612
9911112,K05733.01,,FALSE POSITIVE,FALSE POSITIVE,0.0000,0,1,0,0,1.166835206,7.7800000e-07,-7.7800000e-07,131.9123210,8.710000e-04,-8.710000e-04,1.2570,0.2100,-0.1000,2.17596,0.00743,-0.00743,1.5527e+04,3.310e+01,-3.310e+01,96.28,2.835e+01,-2.317e+01,3457.0,,,33728.08,29368.27,-17747.22,388.60,1,q1_q17_dr25_tce,8982.00,251.00,-430.00,4.111,0.135,-0.165,2.1230,0.6250,-0.5110,298.871280,46.751980,14.990
9933600,K05734.01,,FALSE POSITIVE,FALSE POSITIVE,,1,0,0,0,230.705788830,,,260.3639847,,,,,,2.69000,,,,,,,,,,,,,,,,1,q1_q16_tce,,,,,,,,,,282.114200,46.816589,14.626
9934274,K05735.01,,FALSE POSITIVE,FALSE POSITIVE,0.0000,0,0,0,1,4.994715970,4.4950000e-05,-4.4950000e-05,136.1833000,9.500000e-03,-9.500000e-03,0.6980,0.2770,-0.4620,3.44000,0.25700,-0.25700,5.3000e+01,4.600e+00,-4.600e+00,2.20,3.500e-01,-8.300e-01,1861.0,,,2836.06,1425.22,-1863.86,14.10,1,q1_q17_dr25_tce,6409.00,174.00,-194.00,3.706,0.320,-0.080,2.8300,0.4580,-1.0680,282.582150,46.815510,13.352
9935983,K05736.01,,CANDIDATE,CANDIDATE,0.5600,0,0,0,0,161.651504000,2.2340000e-03,-2.2340000e-03,289.3232200,8.720000e-03,-8.720000e-03,0.7360,0.2470,-0.5220,2.50900,0.36700,-0.36700,2.5360e+02,3.990e+01,-3.990e+01,2.22,3.500e-01,-4.000e-01,377.0,,,4.77,2.00,-1.72,8.40,1,q1_q17_dr25_tce,5725.00,78.00,-78.00,4.212,0.162,-0.108,1.2890,0.2060,-0.2290,283.673460,46.822720,13.756
9941136,K05737.01,,CANDIDATE,CANDIDATE,,0,0,0,0,376.242530000,1.3990000e-02,-1.3990000e-02,392.8316000,2.860000e-02,-2.860000e-02,0.3280,0.1504,-0.3279,4.06400,0.94900,-0.94900,1.8570e+02,3.620e+01,-3.620e+01,1.32,5.100e-01,-1.400e-01,254.0,,,0.99,1.12,-0.28,6.30,1,q1_q16_tce,5916.00,153.00,-167.00,4.463,0.060,-0.275,0.9600,0.3740,-0.0990,286.630680,46.843369,13.772
9941387,K05738.01,,FALSE POSITIVE,FALSE POSITIVE,0.0000,0,1,0,0,27.659607786,5.8400000e-07,-5.8400000e-07,141.2478883,1.740000e-05,-1.740000e-05,0.6040,0.0130,-0.0100,4.16321,0.00183,-0.00183,3.1840e+05,1.320e+02,-1.320e+02,50.70,8.720e+00,-4.350e+00,499.0,,,14.66,7.99,-3.68,4791.00,1,q1_q17_dr25_tce,5310.00,159.00,-143.00,4.593,0.035,-0.105,0.7680,0.1320,-0.0660,286.816440,46.884369,14.706
9941550,K05739.01,,FALSE POSITIVE,FALSE POSITIVE,0.0000,1,0,0,0,476.727302000,7.0390000e-03,-7.0390000e-03,496.4298000,9.120000e-03,-9.120000e-03,0.0080,0.4450,-0.0080,9.32700,0.29600,-0.29600,1.0357e+03,6.680e+01,-6.680e+01,23.42,2.080e+00,-3.570e+00,530.0,,,18.64,5.28,-6.38,17.90,1,q1_q17_dr25_tce,5068.00,101.00,-111.00,2.827,0.030,-0.030,7.4170,0.6590,-1.1300,286.903470,46.816341,13.587
9942658,K05740.01,,CANDIDATE,CANDIDATE,,0,0,0,0,21.799751500,4.9670000e-04,-4.9670000e-04,144.3188000,1.830000e-02,-1.830000e-02,0.1657,0.2849,-0.1656,4.75600,0.47900,-0.47900,1.0950e+02,1.620e+01,-1.620e+01,1.01,3.600e-01,-9.000e-02,674.0,,,48.75,50.03,-12.87,8.70,1,q1_q16_tce,6122.00,146.00,-184.00,4.487,0.043,-0.263,0.9640,0.3450,-0.0850,287.573610,46.822159,14.820
7132462,K05360.01,,CANDIDATE,CANDIDATE,,0,0,0,0,54.595746000,5.8480000e-04,-5.8480000e-04,156.8376400,8.780000e-03,-8.780000e-03,0.3320,0.1177,-0.3319,2.21000,0.23200,-0.23200,1.3580e+02,1.980e+01,-1.980e+01,2.00,9.000e-01,-7.100e-01,649.0,,,41.81,56.23,-26.58,8.70,1,q1_q16_tce,6014.00,177.00,-181.00,3.989,0.341,-0.219,1.6990,0.7560,-0.6090,295.859100,42.642189,13.670
7138841,K05361.01,,FALSE POSITIVE,FALSE POSITIVE,0.6480,1,0,0,0,22.049560400,1.4510000e-04,-1.4510000e-04,133.8267700,5.650000e-03,-5.650000e-03,0.6510,0.3010,-0.4500,3.42800,0.15300,-0.15300,1.3450e+02,9.900e+00,-9.900e+00,1.90,5.500e-01,-4.000e-01,912.0,,,163.51,140.65,-76.57,15.40,1,q1_q17_dr25_tce,6821.00,189.00,-260.00,4.176,0.153,-0.187,1.5480,0.4510,-0.3280,297.393950,42.686958,13.454
7174911,K05362.01,,FALSE POSITIVE,FALSE POSITIVE,,1,0,0,0,150.700393920,,,278.5397643,,,,,,2.82000,,,,,,,,,,,,,,,,1,q1_q16_tce,,,,,,,,,,281.759830,42.779018,15.396
7176424,K05363.01,,FALSE POSITIVE,FALSE POSITIVE,,1,0,0,0,44.484774630,,,142.9633835,,,,,,1.67000,,,,,,,,,,,,,,,,1,q1_q16_tce,,,,,,,,,,282.507690,42.742699,15.179
7184556,K05364.01,,FALSE POSITIVE,FALSE POSITIVE,,1,0,0,0,93.645248100,,,157.2834800,,,,,,2.12000,,,,,,,,,,,,,,,,1,q1_q16_tce,,,,,,,,,,286.231110,42.795170,15.854
7186436,K05365.01,,CANDIDATE,CANDIDATE,,0,0,0,0,585.641180000,2.3110000e-02,-2.3110000e-02,248.4981000,3.240000e-02,-3.240000e-02,0.5274,0.0746,-0.4387,13.97000,1.40000,-1.40000,5.6520e+02,6.350e+01,-6.350e+01,2.20,9.100e-01,-1.800e-01,207.0,,,0.43,0.54,-0.11,12.50,1,q1_q16_tce,5779.00,161.00,-171.00,4.526,0.031,-0.298,0.9010,0.3750,-0.0730,287.019530,42.751282,14.644
7189825,K05366.01,,FALSE POSITIVE,FALSE POSITIVE,,1,0,0,0,574.690290000,1.4240000e-02,-1.4240000e-02,392.4830000,1.990000e-02,-1.990000e-02,0.0040,0.4514,-0.0040,4.26900,0.65200,-0.65200,2.7680e+02,4.510e+01,-4.510e+01,1.26,4.800e-01,-1.100e-01,191.0,,,0.31,0.36,-0.08,7.20,1,q1_q16_tce,5503.00,176.00,-143.00,4.557,0.049,-0.221,0.7640,0.2910,-0.0660,288.416750,42.713600,13.873
7191523,K05367.01,,CANDIDATE,CANDIDATE,,0,0,0,0,502.982839160,,,283.5049194,,,,,,2.94000,,,,,,,,,,,,,,,,1,q1_q16_tce,,,,,,,,,,289.039370,42.701439,14.030
8223445,K05487.01,,CANDIDATE,CANDIDATE,,0,0,0,0,48.813012300,4.9670000e-04,-4.9670000e-04,157.6063800,7.480000e-03,-7.480000e-03,0.0608,0.3991,-0.0607,1.53800,0.24300,-0.24300,7.0200e+02,1.070e+02,-1.070e+02,2.95,1.550e+00,-3.100e-01,553.0,,,22.17,35.15,-6.80,8.80,1,q1_q16_tce,6202.00,170.00,-209.00,4.395,0.066,-0.306,1.1100,0.5810,-0.1200,287.918610,44.121300,15.861
8223655,K05488.01,,FALSE POSITIVE,FALSE POSITIVE,0.0000,0,0,1,0,280.160495600,4.3680000e-04,-4.3680000e-04,286.9381700,1.220000e-03,-1.220000e-03,1.0400,6.6270,-0.1750,2.86370,0.06730,-0.06730,1.2946e+04,2.850e+02,-2.850e+02,19.25,3.540e+00,-1.520e+00,237.0,,,0.74,0.43,-0.18,54.50,1,q1_q17_dr25_tce,5387.00,160.00,-160.00,4.581,0.030,-0.120,0.7990,0.1470,-0.0630,288.026150,44.118858,15.884
8229361,K05489.01,,FALSE POSITIVE,FALSE POSITIVE,,1,0,0,0,370.462620000,1.5020000e-02,-1.5020000e-02,261.4078000,2.560000e-02,-2.560000e-02,0.2421,0.1945,-0.2421,9.54100,0.81600,-0.81600,3.4790e+02,4.200e+01,-4.200e+01,2.03,1.100e+00,-2.100e-01,284.0,,,1.53,2.47,-0.44,12.10,1,q1_q16_tce,6295.00,155.00,-199.00,4.401,0.066,-0.322,1.0800,0.5810,-0.1110,290.398220,44.170380,13.840
8234889,K05490.01,,FALSE POSITIVE,FALSE POSITIVE,,1,0,0,0,116.301793000,1.7980000e-03,-1.7980000e-03,168.3304000,1.120000e-02,-1.120000e-02,0.4631,0.0234,-0.4631,2.25300,0.44300,-0.44300,6.4900e+02,1.340e+02,-1.340e+02,2.18,8.300e-01,-1.700e-01,336.0,,,3.01,3.43,-0.71,6.30,1,q1_q16_tce,5593.00,163.00,-148.00,4.552,0.029,-0.263,0.8420,0.3210,-0.0650,292.387240,44.130070,15.503
8241258,K05491.01,,FALSE POSITIVE,FALSE POSITIVE,,1,0,0,0,480.194160000,2.0430000e-02,-2.0430000e-02,257.1738000,2.610000e-02,-2.610000e-02,0.1548,0.2947,-0.1546,10.76000,1.40000,-1.40000,3.7230e+02,5.310e+01,-5.310e+01,1.79,6.600e-01,-1.600e-01,235.0,,,0.72,0.76,-0.19,9.10,1,q1_q16_tce,6072.00,148.00,-180.00,4.510,0.040,-0.278,0.9230,0.3420,-0.0810,294.594240,44.110592,14.382
8241736,K05492.01,,FALSE POSITIVE,FALSE POSITIVE,,1,0,0,0,368.498280000,1.5060000e-02,-1.5060000e-02,233.4248000,3.210000e-02,-3.210000e-02,0.1772,0.2802,-0.1767,14.90300,0.61400,-0.61400,5.8190e+02,4.410e+01,-4.410e+01,1.86,4.800e-01,-1.900e-01,214.0,,,0.50,0.40,-0.14,18.00,1,q1_q16_tce,5255.00,173.00,-138.00,4.527,0.065,-0.196,0.7830,0.2030,-0.0790,294.741330,44.131809,14.697
8242350,K05493.01,,FALSE POSITIVE,FALSE POSITIVE,0.0000,0,1,0,0,6.993576155,7.0300000e-06,-7.0300000e-06,131.9885070,8.340000e-04,-8.340000e-04,1.3170,0.0240,-0.0890,21.26950,0.04320,-0.04320,2.9240e+03,5.400e+00,-5.400e+00,101.15,1.870e+01,-3.473e+01,1605.0,,,1569.11,853.52,-970.50,643.30,1,q1_q17_dr25_tce,6565.00,158.00,-198.00,3.803,0.293,-0.098,2.4670,0.4560,-0.8470,294.934570,44.129810,12.594
8244947,K05494.01,,FALSE POSITIVE,FALSE POSITIVE,,1,0,0,0,223.521317320,,,185.1827031,,,,,,3.27000,,,,,,,,,,,,,,,,1,q1_q16_tce,,,,,,,,,,295.768220,44.167011,13.658
9101279,K05614.01,,FALSE POSITIVE,FALSE POSITIVE,0.0000,0,1,0,0,1.811461128,8.6000000e-08,-8.6000000e-08,132.9324534,3.850000e-05,-3.850000e-05,0.3090,0.0020,-0.0020,8.42343,0.00471,-0.00471,9.2167e+05,2.810e+02,-2.810e+02,373.77,9.486e+01,-1.763e+02,3438.0,,,33024.44,24899.80,-25312.31,3934.30,1,q1_q17_dr25_tce,8572.00,238.00,-374.00,3.776,0.412,-0.137,3.0340,0.7700,-1.4310,296.001560,45.448132,13.947
9108058,K05615.01,,FALSE POSITIVE,FALSE POSITIVE,0.0000,0,1,0,0,2.174915080,3.8980000e-06,-3.8980000e-06,131.9395400,2.520000e-03,-2.520000e-03,0.7190,0.0110,-0.0140,8.44180,0.01300,-0.01300,6.3541e+05,5.440e+02,-5.440e+02,193.73,5.850e+01,-4.784e+01,2009.0,,,3847.36,3435.19,-2010.47,1572.00,1,q1_q17_dr25_tce,6792.00,190.00,-286.00,4.143,0.180,-0.180,1.6360,0.4940,-0.4040,297.781070,45.424278,14.281
9114614,K05616.01,,CANDIDATE,CANDIDATE,,0,0,0,0,441.619190000,1.9450000e-02,-1.9450000e-02,348.5033000,2.720000e-02,-2.720000e-02,0.5027,0.0070,-0.4629,5.37200,0.73100,-0.73100,8.2000e+02,1.510e+02,-1.510e+02,1.71,1.600e-01,-1.700e-01,152.0,,,0.12,0.05,-0.03,7.80,1,q1_q16_tce,4351.00,127.00,-138.00,4.659,0.060,-0.034,0.5920,0.0540,-0.0600,299.567080,45.473560,14.497
9116075,K05617.01,,FALSE POSITIVE,FALSE POSITIVE,0.0000,0,1,1,0,24.500270200,2.9630000e-04,-2.9630000e-04,154.6193000,1.040000e-02,-1.040000e-02,0.4050,0.0600,-0.4030,4.07900,0.27800,-0.27800,1.5350e+02,1.350e+01,-1.350e+01,0.73,8.000e-02,-5.000e-02,409.0,,,6.61,2.33,-1.55,13.30,1,q1_q17_dr25_tce,4519.00,120.00,-134.00,4.688,0.028,-0.052,0.5970,0.0620,-0.0420,299.970760,45.448738,13.511
9116510,K05618.01,,CANDIDATE,CANDIDATE,,0,0,0,0,318.490780000,1.0530000e-02,-1.0530000e-02,167.0042000,3.020000e-02,-3.020000e-02,0.4328,0.1613,-0.3751,3.01200,0.73000,-0.73000,6.3000e+02,1.440e+02,-1.440e+02,3.01,1.510e+00,-6.000e-01,301.0,,,1.94,3.47,-0.99,6.30,1,q1_q16_tce,6026.00,323.00,-391.00,4.302,0.163,-0.281,1.1760,0.5920,-0.2350,300.082920,45.411072,14.582
9117123,K05619.01,,FALSE POSITIVE,FALSE POSITIVE,,0,1,0,0,2.164026610,,,133.5762679,,,,,,2.78000,,,,,,,,,,,,,,,,1,q1_q17_dr24_tce,,,,,,,,,,300.244930,45.498039,15.090
9118858,K05620.01,,FALSE POSITIVE,FALSE POSITIVE,,1,0,0,0,392.892756320,,,436.2879702,,,,,,4.93000,,,,,,,,,,,,,,,,1,q1_q16_tce,,,,,,,,,,300.720610,45.460869,13.802
9137257,K05621.01,,FALSE POSITIVE,FALSE POSITIVE,,1,0,0,0,114.734287000,2.8410000e-03,-2.8410000e-03,231.5017000,1.820000e-02,-1.820000e-02,0.3694,0.1129,-0.3692,3.72400,0.60400,-0.60400,2.4290e+02,4.510e+01,-4.510e+01,1.10,2.470e+00,-1.100e-01,296.0,,,1.82,19.61,-0.49,6.70,1,q1_q16_tce,5083.00,147.00,-129.00,4.569,0.066,-0.941,0.7100,1.5920,-0.0700,283.035920,45.577709,14.259
9953491,K05741.01,,CANDIDATE,CANDIDATE,,0,0,0,0,362.061900000,1.7880000e-02,-1.7880000e-02,154.1605000,3.610000e-02,-3.610000e-02,0.5240,0.4427,-0.3103,14.02000,1.00000,-1.00000,8.8620e+02,8.980e+01,-8.980e+01,2.12,4.200e-01,-1.500e-01,203.0,,,0.41,0.25,-0.09,13.50,1,q1_q16_tce,5271.00,173.00,-140.00,4.636,0.028,-0.117,0.6980,0.1370,-0.0480,292.755550,46.811840,15.766
9954225,K05742.01,,FALSE POSITIVE,FALSE POSITIVE,0.0000,0,1,1,0,1.340649911,2.9060000e-06,-2.9060000e-06,132.0552100,3.050000e-03,-3.050000e-03,0.5610,0.0260,-0.0190,5.09120,0.01660,-0.01660,6.2763e+05,1.071e+03,-1.071e+03,127.25,3.530e+01,-2.884e+01,2004.0,,,3824.87,3238.89,-1870.20,791.00,1,q1_q17_dr25_tce,6332.00,199.00,-244.00,4.260,0.180,-0.180,1.2220,0.3390,-0.2770,293.074400,46.899979,14.558
9957659,K05743.01,,FALSE POSITIVE,FALSE POSITIVE,0.0000,0,0,1,1,30.695376380,4.1050000e-05,-4.1050000e-05,155.7192700,1.470000e-03,-1.470000e-03,0.8460,0.0090,-0.0050,5.66340,0.03460,-0.03460,1.9941e+04,2.400e+02,-2.400e+02,19.39,6.370e+00,-2.740e+00,662.0,,,45.29,44.02,-17.14,186.80,1,q1_q17_dr25_tce,6185.00,173.00,-260.00,4.356,0.090,-0.210,1.1920,0.3920,-0.1680,294.476010,46.861660,15.496
9957668,K05744.01,,FALSE POSITIVE,FALSE POSITIVE,0.0000,0,1,0,0,30.695331130,6.6700000e-07,-6.6700000e-07,155.7207691,1.720000e-05,-1.720000e-05,1.0410,0.0040,-0.0230,5.94855,0.00074,-0.00074,8.8771e+04,2.500e+00,-2.500e+00,69.40,1.366e+01,-1.673e+01,737.0,,,69.65,41.32,-33.69,7846.30,1,q1_q17_dr25_tce,6335.00,171.00,-171.00,4.171,0.234,-0.126,1.2860,0.2530,-0.3100,294.478300,46.863811,12.508
9962595,K05745.01,,CANDIDATE,CANDIDATE,0.0000,0,0,0,0,11.374442708,1.2370000e-06,-1.2370000e-06,142.4558524,8.350000e-05,-8.350000e-05,0.9780,0.3620,-0.0080,2.30694,0.00289,-0.00289,2.7905e+04,3.140e+01,-3.140e+01,22.86,3.450e+00,-2.010e+00,687.0,,,52.84,25.96,-13.43,643.60,1,q1_q17_dr25_tce,5297.00,159.00,-143.00,4.546,0.052,-0.097,0.8080,0.1220,-0.0710,296.327940,46.839630,14.585
9967398,K05746.01,,FALSE POSITIVE,FALSE POSITIVE,,1,0,0,0,49.873958000,1.0820000e-03,-1.0820000e-03,167.5550200,9.690000e-03,-9.690000e-03,0.4119,0.1338,-0.4118,1.35100,0.30800,-0.30800,5.6200e+02,1.400e+02,-1.400e+02,1.50,1.800e-01,-1.300e-01,366.0,,,4.26,1.81,-1.09,5.70,1,q1_q16_tce,4979.00,160.00,-150.00,4.632,0.058,-0.057,0.6290,0.0760,-0.0520,297.828000,46.884602,15.518
9968924,K05747.01,,CANDIDATE,CANDIDATE,,0,0,0,0,411.447056000,5.6580000e-03,-5.6580000e-03,522.2737400,7.630000e-03,-7.630000e-03,0.2870,0.1487,-0.2870,3.48100,0.24000,-0.24000,2.8520e+02,3.410e+01,-3.410e+01,2.86,1.450e+00,-8.400e-01,342.0,,,3.22,4.90,-1.87,7.30,1,q1_q16_tce,6519.00,174.00,-267.00,4.108,0.219,-0.287,1.6720,0.8470,-0.4950,298.274870,46.837372,13.810
9993683,K05748.01,,CANDIDATE,CANDIDATE,0.9890,0,0,0,0,29.937114300,5.1100000e-04,-5.1100000e-04,145.1081000,1.310000e-02,-1.310000e-02,0.3210,0.1420,-0.3210,4.43500,0.42000,-0.42000,1.9430e+02,2.010e+01,-2.010e+01,1.19,6.000e-02,-1.000e-01,501.0,,,14.87,2.65,-3.19,11.60,1,q1_q17_dr25_tce,5115.00,84.00,-76.00,4.470,0.090,-0.030,0.8660,0.0440,-0.0750,282.500210,46.918571,14.489
7192680,K05368.01,,FALSE POSITIVE,FALSE POSITIVE,,1,0,0,0,114.250414940,,,235.8523992,,,,,,2.11000,,,,,,,,,,,,,,,,1,q1_q16_tce,,,,,,,,,,289.440950,42.741638,15.872
7198587,K05369.01,,CANDIDATE,CANDIDATE,,0,0,0,0,651.358046000,6.4440000e-03,-6.4440000e-03,213.1816200,7.710000e-03,-7.710000e-03,0.0946,0.3618,-0.0945,4.38400,0.29000,-0.29000,5.7080e+02,6.090e+01,-6.090e+01,14.58,9.100e-01,-3.720e+00,411.0,,,6.75,1.46,-3.55,11.00,1,q1_q16_tce,5122.00,96.00,-198.00,3.172,0.032,-0.028,6.2610,0.3940,-1.5950,291.265840,42.739491,12.888
7203858,K05370.01,,FALSE POSITIVE,FALSE POSITIVE,,1,0,0,0,407.976230000,1.8310000e-02,-1.8310000e-02,378.6999000,2.600000e-02,-2.600000e-02,0.0598,0.3918,-0.0597,14.69000,1.20000,-1.20000,2.3750e+02,2.150e+01,-2.150e+01,4.63,1.100e+00,-1.440e+00,498.0,,,14.53,10.52,-8.69,11.20,1,q1_q16_tce,7612.00,229.00,-307.00,3.787,0.250,-0.144,2.9680,0.7050,-0.9240,292.892940,42.776581,12.234
7204233,K05371.01,,CANDIDATE,CANDIDATE,0.0480,0,0,0,0,33.303788100,5.7820000e-04,-5.7820000e-04,149.4642000,1.420000e-02,-1.420000e-02,0.0720,0.3880,-0.0720,3.00300,0.32000,-0.32000,2.7240e+02,3.850e+01,-3.850e+01,1.14,1.400e-01,-7.000e-02,422.0,,,7.53,3.47,-1.76,8.10,1,q1_q17_dr25_tce,4899.00,174.00,-174.00,4.624,0.023,-0.072,0.7130,0.0910,-0.0420,293.002690,42.708851,14.733
7205717,K05372.01,,CANDIDATE,CANDIDATE,,0,0,0,0,212.603980000,1.4550000e-02,-1.4550000e-02,213.4113000,2.830000e-02,-2.830000e-02,0.0513,0.3936,-0.0511,5.74000,1.30000,-1.30000,1.8850e+02,3.020e+01,-3.020e+01,1.64,7.100e-01,-2.900e-01,337.0,,,3.06,3.94,-1.25,7.10,1,q1_q16_tce,5834.00,162.00,-182.00,4.284,0.157,-0.245,1.2070,0.5210,-0.2180,293.448610,42.744911,14.010
7206422,K05373.01,,CANDIDATE,CANDIDATE,,0,0,0,0,50.550788000,1.5140000e-03,-1.5140000e-03,131.5846000,2.880000e-02,-2.880000e-02,0.6320,0.3430,-0.4118,2.35300,0.45100,-0.45100,1.5450e+02,2.560e+01,-2.560e+01,5.00,2.460e+00,-1.540e+00,790.0,,,92.03,130.13,-52.90,7.90,1,q1_q16_tce,5031.00,106.00,-147.00,3.433,0.235,-0.304,3.8590,1.8920,-1.1890,293.641820,42.736019,11.509
7207081,K05374.01,,FALSE POSITIVE,FALSE POSITIVE,,1,0,0,0,239.255789750,,,133.1367334,,,,,,5.21000,,,,,,,,,,,,,,,,1,q1_q16_tce,,,,,,,,,,293.827820,42.771709,13.816
7213311,K05375.01,,CANDIDATE,CANDIDATE,0.1760,0,0,0,0,285.374561000,3.4980000e-03,-3.4980000e-03,311.2988300,7.950000e-03,-7.950000e-03,0.0180,0.4370,-0.0180,4.86500,0.32400,-0.32400,4.8230e+02,4.130e+01,-4.130e+01,5.94,3.640e+00,-4.460e+00,423.0,,,7.54,14.00,-7.13,13.70,1,q1_q17_dr25_tce,5142.00,120.00,-180.00,3.470,1.232,-0.308,2.7560,1.6910,-2.0670,295.517640,42.758942,13.863
8255058,K05495.01,,FALSE POSITIVE,FALSE POSITIVE,0.0000,0,1,1,0,6.279888981,6.6050000e-06,-6.6050000e-06,135.2960670,8.440000e-04,-8.440000e-04,1.2440,0.2510,-0.1570,5.50860,0.04760,-0.04760,1.5146e+03,1.240e+01,-1.240e+01,196.78,5.636e+01,-1.047e+02,1931.0,,,3281.24,2645.91,-2650.28,150.50,1,q1_q17_dr25_tce,5057.00,112.00,-162.00,3.137,0.435,-0.234,6.2220,1.7820,-3.3100,298.430730,44.192451,13.285
8265239,K05496.01,,FALSE POSITIVE,FALSE POSITIVE,,1,0,1,0,37.476957170,,,150.6694873,,,,,,1.46000,,,,,,,,,,,,,,,,1,q1_q16_tce,,,,,,,,,,301.152250,44.185116,14.508
8279146,K05497.01,,CANDIDATE,CANDIDATE,,0,0,0,0,93.359737000,1.7960000e-03,-1.7960000e-03,155.8348000,1.440000e-02,-1.440000e-02,0.0547,0.3851,-0.0545,5.39700,0.45800,-0.45800,3.8300e+01,6.200e+00,-6.200e+00,1.05,4.900e-01,-2.900e-01,592.0,,,29.01,39.16,-15.37,8.10,1,q1_q16_tce,6809.00,153.00,-206.00,4.078,0.215,-0.256,1.6730,0.7800,-0.4530,282.246310,44.282280,10.926
8288404,K05498.01,,FALSE POSITIVE,FALSE POSITIVE,0.0000,0,1,0,0,519.802218670,9.3680000e-05,-9.3680000e-05,462.6252780,1.280000e-04,-1.280000e-04,0.8940,0.0190,-0.0120,14.96780,0.01120,-0.01120,7.7183e+04,4.660e+01,-4.660e+01,40.88,6.950e+00,-6.310e+00,216.0,,,0.51,0.24,-0.16,2502.90,1,q1_q17_dr25_tce,5310.00,87.00,-71.00,4.356,0.154,-0.140,1.0300,0.1750,-0.1590,287.211700,44.283192,12.651
8294683,K05499.01,,CANDIDATE,CANDIDATE,,0,0,0,0,122.584810000,1.1870000e-02,-1.1870000e-02,178.4735000,7.750000e-02,-7.750000e-02,0.3468,0.1077,-0.3467,22.37000,2.40000,-2.40000,3.1890e+02,4.580e+01,-4.580e+01,1.19,1.500e-01,-1.100e-01,279.0,,,1.43,0.68,-0.40,7.60,1,q1_q16_tce,5003.00,187.00,-166.00,4.602,0.058,-0.057,0.6690,0.0870,-0.0610,290.015470,44.205582,15.443
8295087,K05500.01,,CANDIDATE,CANDIDATE,,0,0,0,0,84.934357000,3.3090000e-03,-3.3090000e-03,157.8966000,1.770000e-02,-1.770000e-02,0.1612,0.3733,-0.1609,3.16900,0.74000,-0.74000,1.2970e+02,4.510e+01,-4.510e+01,1.60,7.300e-01,-4.000e-01,531.0,,,18.83,26.28,-9.77,5.90,1,q1_q16_tce,6290.00,194.00,-235.00,4.156,0.230,-0.238,1.3950,0.6370,-0.3510,290.155180,44.254017,13.670
8300828,K05501.01,,FALSE POSITIVE,FALSE POSITIVE,,1,0,0,0,48.920056300,5.9080000e-04,-5.9080000e-04,163.9628000,1.040000e-02,-1.040000e-02,0.6077,0.0151,-0.4860,2.29500,0.45000,-0.45000,3.3390e+02,6.340e+01,-6.340e+01,1.71,1.100e+00,-2.200e-01,456.0,,,10.22,21.30,-3.31,7.00,1,q1_q16_tce,5375.00,178.00,-150.00,4.433,0.115,-0.406,0.8990,0.5800,-0.1170,292.224820,44.292770,14.981
8307489,K05502.01,,CANDIDATE,CANDIDATE,,0,0,0,0,421.981940000,1.6390000e-02,-1.6390000e-02,226.9386000,2.720000e-02,-2.720000e-02,0.1494,0.2694,-0.1494,13.79900,0.65900,-0.65900,1.7310e+02,1.450e+01,-1.450e+01,2.02,1.200e+00,-4.200e-01,334.0,,,2.96,5.29,-1.34,15.00,1,q1_q16_tce,6760.00,152.00,-232.00,4.193,0.136,-0.334,1.5150,0.9050,-0.3140,294.617610,44.216881,12.338
9141355,K05622.01,Kepler-1635 b,CONFIRMED,CANDIDATE,0.9540,0,0,0,0,469.613090000,1.4300000e-02,-1.4300000e-02,422.5089000,1.390000e-02,-1.390000e-02,0.9060,0.0390,-0.6320,13.70900,0.54300,-0.54300,1.2347e+03,7.660e+01,-7.660e+01,3.24,6.400e-01,-2.800e-01,200.0,,,0.37,0.24,-0.09,18.20,1,q1_q17_dr25_tce,5474.00,166.00,-149.00,4.598,0.032,-0.128,0.7630,0.1520,-0.0650,285.349000,45.556179,15.696
9142225,K05623.01,,FALSE POSITIVE,FALSE POSITIVE,0.0000,1,0,0,0,583.736320000,5.0400000e-02,-5.0400000e-02,174.6085000,3.700000e-02,-3.700000e-02,0.1260,0.3290,-0.1260,15.75000,1.90000,-1.90000,3.3860e+02,3.350e+01,-3.350e+01,2.65,4.600e-01,-5.100e-01,266.0,,,1.19,0.54,-0.46,11.40,1,q1_q17_dr25_tce,6003.00,80.00,-80.00,4.176,0.162,-0.108,1.4420,0.2530,-0.2780,285.800960,45.571739,14.495
9142334,K05624.01,,FALSE POSITIVE,FALSE POSITIVE,,1,0,0,0,502.658000000,3.8680000e-02,-3.8680000e-02,174.6294000,3.450000e-02,-3.450000e-02,0.3138,0.1344,-0.3136,19.51000,1.40000,-1.40000,2.1600e+02,2.420e+01,-2.420e+01,0.69,9.000e-02,-7.000e-02,116.0,,,0.04,0.02,-0.01,10.00,1,q1_q16_tce,3754.00,71.00,-98.00,4.773,0.060,-0.080,0.4730,0.0600,-0.0500,285.851720,45.511349,13.676
9147012,K05625.01,,CANDIDATE,CANDIDATE,0.7890,0,0,0,0,116.454312000,1.7750000e-03,-1.7750000e-03,161.9891000,1.710000e-02,-1.710000e-02,0.0060,0.4080,-0.0060,15.82600,0.34200,-0.34200,2.1253e+03,8.310e+01,-8.310e+01,3.33,3.700e-01,-3.800e-01,306.0,,,2.06,0.87,-0.65,30.00,1,q1_q17_dr25_tce,5197.00,181.00,-181.00,4.548,0.088,-0.064,0.7360,0.0830,-0.0830,288.428190,45.566269,16.017
9147029,K05626.01,,CANDIDATE,CANDIDATE,,0,0,0,0,397.499229000,3.1570000e-03,-3.1570000e-03,418.7619400,4.040000e-03,-4.040000e-03,0.5839,0.0017,-0.4824,8.01900,0.18900,-0.18900,2.6297e+03,9.450e+01,-9.450e+01,6.57,3.900e+00,-9.100e-01,293.0,,,1.73,3.15,-0.64,34.80,1,q1_q16_tce,6423.00,170.00,-267.00,4.370,0.066,-0.338,1.2310,0.7300,-0.1700,288.435820,45.519852,15.312
9153246,K05627.01,,FALSE POSITIVE,FALSE POSITIVE,,1,0,0,0,243.954706000,8.9130000e-03,-8.9130000e-03,221.2717000,1.850000e-02,-1.850000e-02,0.1207,0.3985,-0.1207,2.56200,0.74200,-0.74200,2.9170e+02,8.240e+01,-8.240e+01,1.35,5.400e-01,-1.000e-01,257.0,,,1.03,1.24,-0.23,5.20,1,q1_q16_tce,5578.00,161.00,-137.00,4.578,0.029,-0.263,0.7940,0.3210,-0.0590,291.276250,45.568192,14.430
9157030,K05628.01,,CANDIDATE,CANDIDATE,0.8740,0,0,0,0,24.909302700,3.1960000e-04,-3.1960000e-04,155.3824000,1.040000e-02,-1.040000e-02,0.6790,0.0560,-0.4860,3.80000,0.29300,-0.29300,3.3260e+02,3.720e+01,-3.720e+01,1.32,1.400e-01,-9.000e-02,452.0,,,9.90,3.80,-2.36,10.40,1,q1_q17_dr25_tce,4810.00,146.00,-146.00,4.633,0.028,-0.056,0.6850,0.0740,-0.0490,292.814150,45.546501,15.712
9157523,K05629.01,,CANDIDATE,CANDIDATE,,0,0,0,0,192.138741000,4.9490000e-03,-4.9490000e-03,269.2098000,1.420000e-02,-1.420000e-02,0.0503,0.6318,-0.0498,3.21800,0.84300,-0.84300,1.5140e+02,5.160e+01,-5.160e+01,1.93,9.600e-01,-5.600e-01,407.0,,,6.48,9.60,-3.60,8.20,1,q1_q16_tce,6065.00,157.00,-184.00,4.098,0.254,-0.247,1.5690,0.7790,-0.4570,293.014860,45.577831,12.534
9994381,K05749.01,,CANDIDATE,CANDIDATE,,0,0,0,0,281.953320000,4.6730000e-03,-4.6730000e-03,231.2826000,1.260000e-02,-1.260000e-02,0.6164,0.0113,-0.5004,2.75600,0.36100,-0.36100,1.0390e+03,1.520e+02,-1.520e+02,2.31,3.200e-01,-1.700e-01,204.0,,,0.41,0.19,-0.09,7.60,1,q1_q16_tce,4864.00,150.00,-130.00,4.628,0.031,-0.073,0.6920,0.0930,-0.0530,282.934510,46.994869,15.399
10002266,K05750.01,,FALSE POSITIVE,FALSE POSITIVE,0.0000,0,0,1,1,12.713689090,9.9300000e-05,-9.9300000e-05,136.9328000,6.870000e-03,-6.870000e-03,0.1960,0.2560,-0.1960,1.87500,0.23200,-0.23200,1.9220e+02,2.460e+01,-2.460e+01,1.09,2.700e-01,-9.000e-02,700.0,,,56.78,41.80,-13.99,9.80,1,q1_q17_dr25_tce,5715.00,154.00,-154.00,4.586,0.031,-0.168,0.7820,0.1950,-0.0650,287.562470,46.951160,15.127
10004515,K05751.01,,FALSE POSITIVE,FALSE POSITIVE,,1,0,0,0,25.263638050,,,139.3088062,,,,,,2.72000,,,,,,,,,,,,,,,,1,q1_q16_tce,,,,,,,,,,288.731690,46.943699,12.231
10004772,K05752.01,,FALSE POSITIVE,FALSE POSITIVE,0.9960,0,1,1,0,1.391716834,9.1500000e-06,-9.1500000e-06,132.0993700,5.170000e-03,-5.170000e-03,0.2330,0.2360,-0.2330,1.42100,0.24500,-0.24500,4.1000e+01,5.700e+00,-5.700e+00,36.19,9.360e+00,-1.110e+00,8346.0,,,1150147.99,881462.72,-162689.25,9.70,1,q1_q17_dr25_tce,3749.00,103.00,-84.00,0.833,0.030,-0.030,59.6840,15.4540,-1.8180,288.855680,46.997261,13.710
10006096,K05753.01,,FALSE POSITIVE,FALSE POSITIVE,0.0000,0,1,0,0,70.516233809,2.3170000e-06,-2.3170000e-06,142.8575773,2.440000e-05,-2.440000e-05,0.5870,0.0050,-0.0200,4.09296,0.00193,-0.00193,3.3018e+05,1.260e+02,-1.260e+02,52.74,9.690e+00,-5.680e+00,390.0,,,5.47,3.16,-1.56,3168.80,1,q1_q17_dr25_tce,5511.00,165.00,-148.00,4.531,0.076,-0.114,0.7890,0.1450,-0.0850,289.499180,46.928650,15.284
10007492,K05754.01,,FALSE POSITIVE,FALSE POSITIVE,0.0000,0,1,1,0,2.645596805,1.3480000e-06,-1.3480000e-06,133.7059530,4.340000e-04,-4.340000e-04,1.2390,2.8900,-0.1110,2.90950,0.02220,-0.02220,1.2727e+03,8.900e+00,-8.900e+00,167.05,2.526e+01,-4.693e+01,2452.0,,,8539.63,3248.45,-4427.83,166.80,1,q1_q17_dr25_tce,4980.00,51.00,-88.00,3.167,0.174,-0.116,5.4430,0.8230,-1.5290,290.086610,46.945202,12.375
10007916,K05755.01,,CANDIDATE,CANDIDATE,,0,0,0,0,388.671550000,1.2030000e-02,-1.2030000e-02,211.0496000,1.820000e-02,-1.820000e-02,0.0576,0.3935,-0.0576,11.70100,0.79800,-0.79800,3.7130e+02,4.720e+01,-4.720e+01,1.49,3.300e-01,-1.200e-01,210.0,,,0.46,0.31,-0.11,10.10,1,q1_q16_tce,5354.00,161.00,-144.00,4.587,0.027,-0.147,0.7880,0.1770,-0.0610,290.237730,46.980042,14.829
10018364,K05756.01,,FALSE POSITIVE,FALSE POSITIVE,,1,0,0,0,105.632729700,,,229.1273427,,,,,,2.73000,,,,,,,,,,,,,,,,1,q1_q16_tce,,,,,,,,,,294.525760,46.994301,13.568
7255910,K05376.01,,FALSE POSITIVE,FALSE POSITIVE,,1,0,0,0,274.553579000,6.7400000e-03,-6.7400000e-03,158.0863000,2.000000e-02,-2.000000e-02,0.1125,0.3449,-0.1125,5.95000,0.66800,-0.66800,2.1830e+02,3.240e+01,-3.240e+01,1.66,6.900e-01,-2.300e-01,322.0,,,2.55,3.09,-0.89,6.70,1,q1_q16_tce,6267.00,159.00,-193.00,4.334,0.119,-0.262,1.1180,0.4640,-0.1590,281.282620,42.899590,13.715
7256460,K05377.01,,FALSE POSITIVE,FALSE POSITIVE,,1,0,0,0,251.023040110,,,194.2011858,,,,,,3.11000,,,,,,,,,,,,,,,,1,q1_q16_tce,,,,,,,,,,281.593720,42.871609,13.439
7258902,K05378.01,,FALSE POSITIVE,FALSE POSITIVE,,0,1,0,1,1.807742530,5.6050000e-05,-5.6050000e-05,132.9483000,4.040000e-02,-4.040000e-02,0.9062,0.0226,-0.6282,2.63700,0.18400,-0.18400,5.9260e+02,4.220e+01,-4.220e+01,5.29,3.930e+00,-3.060e+00,1822.0,,,2606.24,6515.81,-2198.14,15.10,1,q1_q17_dr24_tce,5164.00,185.00,-161.00,3.880,0.689,-0.391,1.7790,1.3230,-1.0290,282.780360,42.806210,15.651
7282470,K05379.01,,CANDIDATE,CANDIDATE,,0,0,0,0,520.655224000,9.6470000e-03,-9.6470000e-03,160.5611000,1.310000e-02,-1.310000e-02,0.2674,0.1642,-0.2674,12.94000,0.48100,-0.48100,3.1490e+02,2.310e+01,-2.310e+01,7.58,3.460e+00,-2.570e+00,401.0,,,6.12,7.96,-3.74,14.40,1,q1_q16_tce,5227.00,107.00,-151.00,3.321,0.252,-0.298,4.3130,1.9680,-1.4620,291.922700,42.892921,12.518
7289139,K05380.01,,CANDIDATE,CANDIDATE,,0,0,0,0,369.933550000,2.9250000e-02,-2.9250000e-02,175.2820000,6.060000e-02,-6.060000e-02,0.1490,0.3159,-0.1490,7.60000,4.80000,-4.80000,9.9500e+02,2.060e+02,-2.060e+02,3.24,1.560e+00,-3.100e-01,270.0,,,1.25,1.82,-0.37,15.80,1,q1_q16_tce,6158.00,171.00,-237.00,4.453,0.049,-0.317,1.0240,0.4930,-0.0980,293.961460,42.806419,15.524
7345136,K05381.01,,FALSE POSITIVE,FALSE POSITIVE,,1,0,0,0,28.736976600,3.0700000e-04,-3.0700000e-04,153.8420000,1.190000e-02,-1.190000e-02,0.1108,0.4193,-0.1107,1.58600,0.41400,-0.41400,5.2500e+02,1.330e+02,-1.330e+02,1.95,8.600e-01,-1.600e-01,550.0,,,21.64,29.48,-5.51,5.50,1,q1_q16_tce,5722.00,184.00,-173.00,4.547,0.031,-0.302,0.8540,0.3780,-0.0700,285.404690,42.907589,15.642
7352727,K05382.01,,FALSE POSITIVE,FALSE POSITIVE,0.0070,0,0,1,0,2.456490610,1.3660000e-05,-1.3660000e-05,133.2145200,4.640000e-03,-4.640000e-03,0.1670,0.2770,-0.1660,2.84400,0.16700,-0.16700,2.8780e+02,1.640e+01,-1.640e+01,14.14,4.040e+00,-4.500e-01,3440.0,,,33039.62,26585.04,-3777.12,21.00,1,q1_q17_dr25_tce,4870.00,109.00,-69.00,2.486,0.024,-0.035,8.5310,2.4330,-0.2700,288.574250,42.913288,10.450
7375100,K05383.01,,FALSE POSITIVE,FALSE POSITIVE,,1,0,0,0,98.517831980,,,173.7083904,,,,,,1.65000,,,,,,,,,,,,,,,,1,q1_q16_tce,,,,,,,,,,295.341770,42.995800,14.037
8308639,K05503.01,,FALSE POSITIVE,FALSE POSITIVE,,1,0,0,0,457.513348000,9.1040000e-03,-9.1040000e-03,138.6556000,1.170000e-02,-1.170000e-02,0.9613,0.0176,-0.6594,5.76300,0.49900,-0.49900,5.6250e+02,7.500e+01,-7.500e+01,25.18,1.460e+00,-6.500e+00,512.0,,,16.21,3.13,-8.43,3.90,1,q1_q16_tce,5047.00,82.00,-169.00,2.966,0.029,-0.031,7.8210,0.4510,-2.0200,294.983220,44.217911,13.853
8313697,K05504.01,,FALSE POSITIVE,FALSE POSITIVE,,1,0,0,0,224.025899240,,,335.8214821,,,,,,2.93000,,,,,,,,,,,,,,,,1,q1_q16_tce,,,,,,,,,,296.557860,44.283100,15.496
8351919,K05505.01,,FALSE POSITIVE,FALSE POSITIVE,,1,0,0,0,323.771530000,2.6590000e-02,-2.6590000e-02,191.0744000,5.530000e-02,-5.530000e-02,0.0830,0.3675,-0.0829,17.57000,1.90000,-1.90000,3.5370e+02,3.570e+01,-3.570e+01,1.44,2.700e-01,-1.100e-01,216.0,,,0.52,0.32,-0.12,10.60,1,q1_q16_tce,5196.00,183.00,-154.00,4.586,0.026,-0.125,0.7840,0.1470,-0.0570,285.750950,44.356979,14.458
8352009,K05506.01,,CANDIDATE,CANDIDATE,,0,0,0,0,641.602040000,2.0380000e-02,-2.0380000e-02,170.8404000,2.750000e-02,-2.750000e-02,0.3218,0.1159,-0.3217,16.76200,0.93900,-0.93900,2.3730e+02,2.320e+01,-2.320e+01,1.61,8.000e-01,-1.400e-01,230.0,,,0.66,0.97,-0.18,10.60,1,q1_q16_tce,6277.00,168.00,-204.00,4.449,0.044,-0.314,1.0310,0.5110,-0.0890,285.795720,44.350510,14.152
8352016,K05507.01,,FALSE POSITIVE,FALSE POSITIVE,,1,0,0,0,40.038961300,4.1440000e-04,-4.1440000e-04,156.3579400,7.290000e-03,-7.290000e-03,0.3619,0.1074,-0.3615,1.71100,0.26000,-0.26000,1.0940e+02,2.000e+01,-2.000e+01,0.95,4.100e-01,-1.200e-01,517.0,,,16.85,21.29,-5.27,5.70,1,q1_q16_tce,5701.00,161.00,-134.00,4.437,0.107,-0.270,0.9030,0.3820,-0.1180,285.799470,44.348190,13.699
8364969,K05508.01,,FALSE POSITIVE,FALSE POSITIVE,0.0000,0,1,0,0,22.571972634,2.5220000e-06,-2.5220000e-06,145.0344991,9.230000e-05,-9.230000e-05,1.0560,0.0840,-0.0660,4.00349,0.00525,-0.00525,7.9326e+04,7.050e+01,-7.050e+01,46.14,1.081e+01,-7.200e+00,617.0,,,34.24,25.14,-12.65,1040.10,1,q1_q17_dr25_tce,5645.00,186.00,-169.00,4.431,0.149,-0.182,0.8710,0.2040,-0.1360,291.597380,44.398521,15.450
8378278,K05509.01,,CANDIDATE,CANDIDATE,,0,0,0,0,28.406342000,1.0380000e-03,-1.0380000e-03,133.0507000,2.750000e-02,-2.750000e-02,0.2208,0.2736,-0.2208,2.59800,0.67400,-0.67400,2.2360e+02,5.100e+01,-5.100e+01,1.41,5.500e-01,-1.500e-01,613.0,,,33.44,39.63,-10.18,5.40,1,q1_q16_tce,6085.00,183.00,-212.00,4.474,0.061,-0.282,0.9360,0.3680,-0.0980,296.184940,44.342991,15.423
8380743,K05510.01,,FALSE POSITIVE,FALSE POSITIVE,0.0000,0,1,0,0,1.018861199,2.6460000e-06,-2.6460000e-06,132.0725200,3.640000e-03,-3.640000e-03,0.3580,0.0080,-0.0030,6.50050,0.01500,-0.01500,2.9121e+05,5.180e+02,-5.180e+02,93.47,2.426e+01,-3.639e+01,2505.0,,,9299.20,7422.64,-6340.21,911.30,1,q1_q17_dr25_tce,6225.00,198.00,-242.00,4.009,0.385,-0.137,1.6720,0.4340,-0.6510,296.902950,44.351231,14.039
9159461,K05630.01,,FALSE POSITIVE,FALSE POSITIVE,,1,0,0,0,80.519237000,1.6400000e-03,-1.6400000e-03,164.0077000,1.620000e-02,-1.620000e-02,0.1020,0.3655,-0.1019,4.04400,0.80700,-0.80700,9.2500e+01,2.270e+01,-2.270e+01,1.08,6.200e-01,-1.300e-01,476.0,,,12.11,21.38,-4.08,7.20,1,q1_q16_tce,6251.00,175.00,-244.00,4.378,0.079,-0.329,1.1190,0.6420,-0.1320,293.755190,45.500839,12.725
9164003,K05631.01,,FALSE POSITIVE,FALSE POSITIVE,,1,0,0,0,149.356804000,5.7840000e-03,-5.7840000e-03,278.1387000,2.460000e-02,-2.460000e-02,0.1627,0.3258,-0.1626,15.41500,0.73300,-0.73300,1.7160e+02,1.500e+01,-1.500e+01,2.92,8.400e-01,-1.250e+00,560.0,,,23.18,20.08,-16.65,14.00,1,q1_q16_tce,6569.00,191.00,-241.00,3.842,0.386,-0.146,2.2030,0.6390,-0.9430,295.407900,45.535233,13.825
9166700,K05632.01,,CANDIDATE,CANDIDATE,0.9280,0,0,0,0,264.466625000,1.5700000e-03,-1.5700000e-03,134.9674900,5.160000e-03,-5.160000e-03,0.1290,0.3330,-0.1280,6.37100,0.14500,-0.14500,4.3730e+02,1.860e+01,-1.860e+01,2.61,5.700e-01,-3.100e-01,346.0,,,3.41,2.06,-1.06,27.00,1,q1_q17_dr25_tce,6551.00,129.00,-194.00,4.337,0.073,-0.147,1.2360,0.2710,-0.1460,296.338130,45.545109,11.154
9173014,K05633.01,,CANDIDATE,CANDIDATE,,0,0,0,0,151.778840000,2.2910000e-03,-2.2910000e-03,204.5209000,1.200000e-02,-1.200000e-02,0.1590,0.2876,-0.1589,2.61500,0.48400,-0.48400,1.8970e+02,3.490e+01,-3.490e+01,4.35,1.100e+00,-2.090e+00,616.0,,,34.01,25.20,-25.84,8.20,1,q1_q16_tce,6328.00,165.00,-182.00,3.634,0.434,-0.191,3.1340,0.7940,-1.5060,298.113650,45.563419,11.141
9178502,K05634.01,,FALSE POSITIVE,FALSE POSITIVE,,1,0,0,0,50.477590520,,,141.7787075,,,,,,2.02000,,,,,,,,,,,,,,,,1,q1_q16_tce,,,,,,,,,,299.638150,45.587780,12.909
9178894,K05635.01,,CANDIDATE,CANDIDATE,,0,0,0,0,113.993156000,2.6360000e-03,-2.6360000e-03,171.1834000,2.080000e-02,-2.080000e-02,0.7026,0.0381,-0.4998,7.72100,0.51500,-0.51500,6.9700e+01,5.500e+00,-5.500e+00,2.23,8.200e-01,-5.800e-01,729.0,,,66.64,73.16,-35.47,15.60,1,q1_q16_tce,7892.00,228.00,-309.00,3.921,0.197,-0.228,2.4960,0.9190,-0.6470,299.743870,45.586361,11.176
9180282,K05636.01,,FALSE POSITIVE,FALSE POSITIVE,0.0000,0,1,1,0,2.791239540,1.2660000e-05,-1.2660000e-05,131.9485800,3.560000e-03,-3.560000e-03,0.7090,0.0610,-0.5040,2.84300,0.11800,-0.11800,1.5480e+02,7.300e+00,-7.300e+00,2.22,6.800e-01,-6.100e-01,1771.0,,,2322.96,2075.00,-1238.83,25.30,1,q1_q17_dr25_tce,6407.00,173.00,-192.00,4.111,0.220,-0.180,1.6680,0.5080,-0.4570,300.119020,45.510349,13.116
9181402,K05637.01,,FALSE POSITIVE,FALSE POSITIVE,,1,0,0,0,223.317692150,,,233.6828323,,,,,,3.54000,,,,,,,,,,,,,,,,1,q1_q16_tce,,,,,,,,,,300.414950,45.574299,13.705
10023469,K05757.01,,FALSE POSITIVE,FALSE POSITIVE,0.0100,0,0,1,0,44.637111000,1.2680000e-03,-1.2680000e-03,157.2998000,2.030000e-02,-2.030000e-02,0.0290,0.4360,-0.0290,5.86800,0.42800,-0.42800,2.8250e+02,3.490e+01,-3.490e+01,1.28,1.900e-01,-1.500e-01,432.0,,,8.22,4.29,-2.68,9.40,1,q1_q17_dr25_tce,5222.00,196.00,-179.00,4.518,0.095,-0.105,0.7800,0.1140,-0.0930,296.368930,46.957821,15.292
10027861,K05758.01,,CANDIDATE,CANDIDATE,,0,0,0,0,102.493119000,1.3220000e-03,-1.3220000e-03,166.0094000,1.050000e-02,-1.050000e-02,0.9591,0.0000,-0.6667,2.81400,0.42100,-0.42100,6.3610e+02,9.010e+01,-9.010e+01,2.70,4.500e-01,-1.900e-01,317.0,,,2.37,1.31,-0.53,8.30,1,q1_q16_tce,5166.00,171.00,-140.00,4.583,0.024,-0.117,0.7910,0.1320,-0.0550,297.664370,46.944820,15.142
10064591,K05759.01,,CANDIDATE,CANDIDATE,,0,0,0,0,284.942127840,,,359.5238684,,,,,,3.20000,,,,,,,,,,,,,,,,1,q1_q16_tce,,,,,,,,,,287.094120,47.075359,13.248
10074700,K05760.01,,FALSE POSITIVE,FALSE POSITIVE,,0,1,0,0,365.620697000,2.9170000e-03,-2.9170000e-03,238.9840000,4.370000e-03,-4.370000e-03,0.4173,0.0430,-0.1914,32.26300,0.42800,-0.42800,2.7188e+04,2.380e+02,-2.380e+02,12.75,3.290e+00,-1.290e+00,215.0,,,0.50,0.41,-0.14,671.10,1,q1_q17_dr24_tce,5273.00,176.00,-138.00,4.531,0.069,-0.210,0.7680,0.1980,-0.0780,291.626190,47.081230,14.622
10083325,K05761.01,,CANDIDATE,CANDIDATE,0.9860,0,0,0,0,6.132927330,3.6090000e-05,-3.6090000e-05,131.9926000,5.260000e-03,-5.260000e-03,0.2250,0.2300,-0.2250,1.56100,0.14900,-0.14900,5.8700e+01,7.500e+00,-7.500e+00,1.56,2.000e-01,-4.800e-01,1379.0,,,854.43,296.02,-461.05,10.00,1,q1_q17_dr25_tce,5877.00,79.00,-79.00,3.941,0.264,-0.066,2.0340,0.2640,-0.6160,294.973300,47.015369,13.421
10090854,K05762.01,,CANDIDATE,CANDIDATE,1.0000,0,0,0,0,12.630631290,8.9280000e-05,-8.9280000e-05,136.7039800,5.650000e-03,-5.650000e-03,0.0170,0.4260,-0.0170,2.21200,0.16900,-0.16900,3.0080e+02,3.580e+01,-3.580e+01,1.37,2.800e-01,-1.200e-01,689.0,,,53.17,32.22,-13.87,9.50,1,q1_q17_dr25_tce,5579.00,150.00,-167.00,4.580,0.034,-0.136,0.7980,0.1610,-0.0690,297.393220,47.011459,15.633
10096697,K05763.01,,FALSE POSITIVE,FALSE POSITIVE,,1,0,0,0,191.272501000,5.3060000e-03,-5.3060000e-03,293.2441000,1.480000e-02,-1.480000e-02,0.5040,0.4851,-0.2889,3.06400,0.70700,-0.70700,2.8650e+02,6.400e+01,-6.400e+01,1.59,6.600e-01,-2.100e-01,310.0,,,2.18,2.70,-0.69,5.80,1,q1_q16_tce,5727.00,167.00,-138.00,4.430,0.108,-0.266,0.9180,0.3790,-0.1220,299.025180,47.079071,13.955
10098540,K05764.01,,CANDIDATE,CANDIDATE,,0,0,0,0,286.022660000,1.6650000e-02,-1.6650000e-02,373.7304000,3.980000e-02,-3.980000e-02,0.3591,0.1081,-0.3590,10.43000,1.60000,-1.60000,1.0360e+03,1.700e+02,-1.700e+02,2.03,1.600e-01,-2.000e-01,180.0,,,0.25,0.08,-0.07,9.80,1,q1_q16_tce,4368.00,131.00,-128.00,4.624,0.055,-0.025,0.6370,0.0490,-0.0640,299.584630,47.000771,15.450
7377343,K05384.01,,CANDIDATE,CANDIDATE,1.0000,0,0,0,0,7.954457790,3.4960000e-05,-3.4960000e-05,135.4846200,5.430000e-03,-5.430000e-03,0.0210,0.1730,-0.0210,4.60120,0.01790,-0.01790,6.2694e+03,3.130e+01,-3.130e+01,9.50,3.000e+00,-1.620e+00,1064.0,,,303.36,290.77,-127.33,228.40,1,q1_q17_dr25_tce,6217.00,194.00,-259.00,4.306,0.132,-0.198,1.1960,0.3780,-0.2040,295.908910,42.988209,14.406
7383840,K05385.01,,CANDIDATE,CANDIDATE,,0,0,0,0,331.709180000,2.8250000e-02,-2.8250000e-02,312.6153000,7.120000e-02,-7.120000e-02,78.4871,22.4600,-17.3400,7.44000,1.50000,-1.50000,3.4630e+03,7.410e+02,-7.410e+02,6815.75,2.159e+03,-5.249e+02,221.0,,,0.56,0.58,-0.14,9.50,1,q1_q16_tce,5282.00,205.00,-164.00,4.565,0.029,-0.194,0.8050,0.2550,-0.0620,297.398560,42.991539,15.540
7386200,K05386.01,,FALSE POSITIVE,FALSE POSITIVE,,1,0,0,0,575.420020000,2.9300000e-02,-2.9300000e-02,369.5923000,4.260000e-02,-4.260000e-02,0.1538,0.2953,-0.1538,17.22000,1.80000,-1.80000,4.0170e+02,4.300e+01,-4.300e+01,1.91,7.100e-01,-2.300e-01,225.0,,,0.61,0.68,-0.19,11.70,1,q1_q16_tce,6025.00,165.00,-181.00,4.448,0.078,-0.268,0.9490,0.3560,-0.1110,297.888520,42.993031,14.693
7416016,K05387.01,,CANDIDATE,CANDIDATE,,0,0,0,0,297.782820000,1.4450000e-02,-1.4450000e-02,233.4002000,3.470000e-02,-3.470000e-02,0.2697,0.2080,-0.2696,18.38000,1.60000,-1.60000,3.9240e+02,4.430e+01,-4.430e+01,1.17,9.000e-02,-1.400e-01,167.0,,,0.18,0.06,-0.06,10.80,1,q1_q16_tce,4192.00,120.00,-141.00,4.657,0.071,-0.030,0.5900,0.0490,-0.0720,280.354520,43.056671,14.587
7416306,K05388.01,,CANDIDATE,CANDIDATE,0.0860,0,0,0,0,137.396194000,6.1330000e-03,-6.1330000e-03,158.9242000,3.340000e-02,-3.340000e-02,0.5250,0.4530,-0.3110,17.61000,1.40000,-1.40000,1.5540e+02,1.360e+01,-1.360e+01,3.38,1.000e+00,-2.160e+00,517.0,,,16.87,15.30,-14.90,13.20,1,q1_q17_dr25_tce,5425.00,177.00,-145.00,3.704,0.784,-0.196,2.6550,0.7830,-1.6970,280.521330,43.077068,13.668
7416646,K05389.01,,CANDIDATE,CANDIDATE,,0,0,0,0,365.739893000,6.5290000e-03,-6.5290000e-03,278.5810000,1.320000e-02,-1.320000e-02,0.6206,0.2197,-0.3689,1.21800,0.47000,-0.47000,3.0070e+02,7.060e+01,-7.060e+01,1.73,9.100e-01,-2.500e-01,241.0,,,0.80,1.28,-0.28,4.70,1,q1_q16_tce,5420.00,160.00,-139.00,4.396,0.135,-0.334,0.9530,0.5010,-0.1390,280.722870,43.065472,12.962
7440715,K05390.01,,CANDIDATE,CANDIDATE,,0,0,0,0,104.198102000,1.1400000e-03,-1.1400000e-03,161.4469000,1.030000e-02,-1.030000e-02,0.3437,0.1235,-0.3436,3.20000,0.28200,-0.28200,6.5220e+02,8.080e+01,-8.080e+01,5.13,3.280e+00,-3.400e+00,497.0,,,14.46,29.25,-12.99,8.90,1,q1_q16_tce,5087.00,149.00,-144.00,3.759,0.849,-0.352,2.0240,1.2970,-1.3410,290.507050,43.015041,14.457
7456380,K05391.01,,FALSE POSITIVE,FALSE POSITIVE,,1,0,0,0,368.727150000,1.9320000e-02,-1.9320000e-02,434.3780000,3.680000e-02,-3.680000e-02,0.3411,0.1381,-0.3245,5.06000,1.10000,-1.10000,4.2660e+02,8.160e+01,-8.160e+01,1.55,4.500e-01,-1.300e-01,215.0,,,0.51,0.45,-0.13,6.40,1,q1_q16_tce,5401.00,178.00,-148.00,4.569,0.046,-0.162,0.7490,0.2170,-0.0640,295.060790,43.058811,14.598
8395870,K05511.01,,CANDIDATE,CANDIDATE,,0,0,0,0,74.833577000,3.0130000e-03,-3.0130000e-03,196.5293000,3.320000e-02,-3.320000e-02,0.1101,0.3385,-0.1101,3.24700,0.77900,-0.77900,8.6400e+01,1.610e+01,-1.610e+01,1.68,6.900e-01,-6.400e-01,590.0,,,28.65,34.78,-18.91,6.40,1,q1_q16_tce,5933.00,164.00,-165.00,3.953,0.355,-0.211,1.8070,0.7390,-0.6920,300.932370,44.344540,12.395
8396288,K05512.01,,CANDIDATE,CANDIDATE,1.0000,0,0,0,0,8.585287200,1.0410000e-04,-1.0410000e-04,137.3966200,9.950000e-03,-9.950000e-03,0.0290,0.4090,-0.0290,2.83400,0.20300,-0.20300,1.4060e+03,1.500e+02,-1.500e+02,3.02,7.400e-01,-2.500e-01,777.0,,,85.95,65.51,-22.55,11.00,1,q1_q17_dr25_tce,5488.00,180.00,-180.00,4.570,0.040,-0.160,0.8180,0.2000,-0.0670,301.055180,44.306229,16.565
8414914,K05513.01,,FALSE POSITIVE,FALSE POSITIVE,0.0000,0,1,0,0,100.303613000,1.6720000e-04,-1.6720000e-04,176.7582700,1.870000e-03,-1.870000e-03,0.3880,0.0300,-0.0280,10.57800,0.03470,-0.03470,4.8804e+05,1.604e+03,-1.604e+03,78.77,2.433e+01,-1.220e+01,421.0,,,7.41,7.14,-2.88,354.70,1,q1_q17_dr25_tce,6060.00,210.00,-231.00,4.397,0.105,-0.195,1.0460,0.3230,-0.1620,284.520870,44.455078,17.908
8415353,K05514.01,,CANDIDATE,CANDIDATE,,0,0,0,0,102.100752000,2.5420000e-03,-2.5420000e-03,148.9663000,1.870000e-02,-1.870000e-02,0.4920,0.1348,-0.4317,2.00900,0.63900,-0.63900,1.9420e+02,4.130e+01,-4.130e+01,2.63,1.170e+00,-8.900e-01,551.0,,,21.84,29.21,-13.68,5.20,1,q1_q16_tce,6359.00,175.00,-248.00,4.046,0.259,-0.257,1.8300,0.8200,-0.6190,284.764400,44.485004,13.845
8429817,K05515.01,,CANDIDATE,CANDIDATE,1.0000,0,0,0,0,6.263491873,7.3200000e-06,-7.3200000e-06,134.8979060,9.710000e-04,-9.710000e-04,0.0480,0.4100,-0.0480,0.85130,0.04320,-0.04320,2.8290e+03,1.100e+02,-1.100e+02,6.46,1.780e+00,-1.460e+00,1180.0,,,458.50,373.16,-218.54,35.10,1,q1_q17_dr25_tce,6247.00,170.00,-207.00,4.255,0.214,-0.175,1.1940,0.3300,-0.2700,291.452270,44.431751,13.952
8432034,K05516.01,,FALSE POSITIVE,FALSE POSITIVE,0.0000,0,1,0,0,0.836200250,4.9150000e-06,-4.9150000e-06,131.9166300,5.200000e-03,-5.200000e-03,0.5600,0.1660,-0.0930,3.71270,0.04910,-0.04910,3.3128e+05,3.393e+03,-3.393e+03,65.64,0.000e+00,0.000e+00,1932.0,,,3299.29,0.00,0.00,145.40,1,q1_q17_dr25_tce,5780.00,,,4.438,,,1.0000,,,292.305940,44.459366,20.003
8432249,K05517.01,,CANDIDATE,CANDIDATE,,0,0,0,0,335.431430000,2.4620000e-02,-2.4620000e-02,395.1813000,5.110000e-02,-5.110000e-02,0.4062,0.0547,-0.4060,10.30000,1.30000,-1.30000,2.2810e+02,3.950e+01,-3.950e+01,7.12,3.010e+00,-2.770e+00,468.0,,,11.31,13.66,-7.64,6.80,1,q1_q16_tce,5172.00,115.00,-175.00,3.315,0.284,-0.282,4.7210,1.9930,-1.8390,292.393890,44.476212,13.938
8439618,K05518.01,,CANDIDATE,CANDIDATE,0.0000,0,0,0,0,558.218860000,1.1640000e-02,-1.1640000e-02,419.8232000,1.510000e-02,-1.510000e-02,0.0220,0.5160,-0.0220,13.55600,0.87200,-0.87200,1.5394e+03,9.700e+01,-9.700e+01,3.10,6.600e-01,-2.400e-01,198.0,,,0.36,0.23,-0.08,19.10,1,q1_q17_dr25_tce,5679.00,152.00,-152.00,4.581,0.036,-0.144,0.7940,0.1690,-0.0610,295.065730,44.477032,15.326
9209981,K05638.01,,CANDIDATE,CANDIDATE,,0,0,0,0,290.020020000,2.0260000e-02,-2.0260000e-02,138.2587000,5.190000e-02,-5.190000e-02,0.5367,0.0052,-0.4904,23.87000,2.00000,-2.00000,1.7250e+02,2.420e+01,-2.420e+01,1.56,8.100e-01,-1.800e-01,321.0,,,2.51,3.87,-0.83,7.60,1,q1_q16_tce,6452.00,153.00,-240.00,4.384,0.068,-0.308,1.1480,0.5990,-0.1350,288.011170,45.687160,14.737
9210738,K05639.01,,CANDIDATE,CANDIDATE,,0,0,0,0,279.219570000,1.7560000e-02,-1.7560000e-02,179.9274000,4.990000e-02,-4.990000e-02,0.6009,0.0070,-0.5088,10.01500,0.96300,-0.96300,3.3350e+02,3.870e+01,-3.870e+01,4.92,2.690e+00,-1.360e+00,395.0,,,5.77,9.43,-3.08,10.50,1,q1_q16_tce,5159.00,127.00,-144.00,3.648,0.243,-0.338,2.6040,1.4240,-0.7220,288.401820,45.677029,13.845
9214176,K05640.01,,CANDIDATE,CANDIDATE,,0,0,0,0,348.665961000,6.5180000e-03,-6.5180000e-03,165.8497000,1.740000e-02,-1.740000e-02,0.0873,0.3565,-0.0873,3.84900,0.41900,-0.41900,3.9120e+02,4.540e+01,-4.540e+01,9.56,1.030e+00,-1.480e+00,493.0,,,13.93,4.57,-4.84,10.80,1,q1_q16_tce,5183.00,102.00,-116.00,3.166,0.029,-0.031,4.8900,0.5290,-0.7570,290.153140,45.635471,12.038
9216231,K05641.01,,FALSE POSITIVE,FALSE POSITIVE,,1,0,0,0,616.341320000,1.5310000e-02,-1.5310000e-02,154.1680000,1.930000e-02,-1.930000e-02,0.2800,0.1792,-0.2799,12.72400,0.75300,-0.75300,1.2870e+03,1.360e+02,-1.360e+02,2.11,1.700e-01,-2.600e-01,131.0,,,0.07,0.02,-0.02,12.50,1,q1_q16_tce,4197.00,120.00,-138.00,4.659,0.070,-0.030,0.5880,0.0490,-0.0700,291.032440,45.641060,15.894
9217583,K05642.01,,CANDIDATE,CANDIDATE,,0,0,0,0,222.280560000,4.8310000e-03,-4.8310000e-03,131.8546000,1.730000e-02,-1.730000e-02,0.2151,0.2405,-0.2151,3.03500,0.73500,-0.73500,2.7190e+02,4.970e+01,-4.970e+01,2.56,1.500e+00,-6.100e-01,405.0,,,6.37,11.33,-3.11,8.00,1,q1_q16_tce,6543.00,161.00,-201.00,4.170,0.171,-0.322,1.5310,0.9000,-0.3650,291.574550,45.618389,12.401
9220614,K05643.01,,CANDIDATE,CANDIDATE,,0,0,0,0,570.018860000,1.4420000e-02,-1.4420000e-02,375.0523000,1.750000e-02,-1.750000e-02,0.1946,0.2543,-0.1942,3.52000,0.61600,-0.61600,4.2850e+02,8.290e+01,-8.290e+01,1.62,4.400e-01,-1.200e-01,190.0,,,0.31,0.25,-0.07,6.80,1,q1_q16_tce,5496.00,151.00,-143.00,4.579,0.029,-0.172,0.7900,0.2150,-0.0600,292.793580,45.687859,14.441
9224514,K05644.01,,CANDIDATE,CANDIDATE,,0,0,0,0,378.931391060,,,254.5741017,,,,,,14.11000,,,,,,,,,,,,,,,,1,q1_q16_tce,,,,,,,,,,294.260190,45.694080,15.316
9229807,K05645.01,,CANDIDATE,CANDIDATE,,0,0,0,0,580.853267880,,,386.2877879,,,,,,16.63000,,,,,,,,,,,,,,,,1,q1_q16_tce,,,,,,,,,,296.129850,45.681862,15.927
10130646,K05765.01,,FALSE POSITIVE,FALSE POSITIVE,,1,0,0,0,390.408320000,1.8430000e-02,-1.8430000e-02,265.4360000,4.120000e-02,-4.120000e-02,0.0407,0.4160,-0.0406,7.91600,0.92300,-0.92300,2.5190e+02,3.490e+01,-3.490e+01,0.63,1.400e-01,-1.100e-01,115.0,,,0.04,0.03,-0.01,8.50,1,q1_q16_tce,3659.00,88.00,-85.00,4.858,0.080,-0.110,0.4000,0.0900,-0.0700,287.429530,47.127609,13.974
10132552,K05766.01,,FALSE POSITIVE,FALSE POSITIVE,,1,0,0,0,191.528018000,3.3800000e-03,-3.3800000e-03,260.9129000,1.220000e-02,-1.220000e-02,0.0258,0.4529,-0.0258,2.34200,0.40300,-0.40300,1.7180e+02,3.660e+01,-3.660e+01,1.32,5.000e-01,-1.500e-01,334.0,,,2.95,3.19,-0.89,6.40,1,q1_q16_tce,6054.00,149.00,-170.00,4.416,0.079,-0.264,1.0090,0.3760,-0.1180,288.355500,47.106468,13.337
10132908,K05767.01,,FALSE POSITIVE,FALSE POSITIVE,,1,0,0,0,386.599460000,1.2550000e-02,-1.2550000e-02,221.2945000,2.360000e-02,-2.360000e-02,0.2307,0.2537,-0.2306,3.30500,0.76000,-0.76000,3.8070e+02,9.490e+01,-9.490e+01,1.89,7.000e-01,-1.900e-01,259.0,,,1.06,1.22,-0.34,5.80,1,q1_q16_tce,6137.00,212.00,-276.00,4.487,0.049,-0.269,0.9630,0.3540,-0.0970,288.509310,47.120701,14.790
10141271,K05768.01,,FALSE POSITIVE,FALSE POSITIVE,0.0000,0,0,1,0,15.403276500,2.5510000e-04,-2.5510000e-04,137.9906000,1.450000e-02,-1.450000e-02,0.6230,0.0430,-0.4700,3.24600,0.42400,-0.42400,2.5300e+02,3.320e+01,-3.320e+01,1.32,1.700e-01,-1.500e-01,626.0,,,36.41,15.70,-11.10,9.20,1,q1_q17_dr25_tce,5272.00,158.00,-158.00,4.508,0.099,-0.081,0.7990,0.1020,-0.0910,291.909610,47.174339,15.555
10146103,K05769.01,,CANDIDATE,CANDIDATE,0.8990,0,0,0,0,7.580628930,7.7090000e-05,-7.7090000e-05,132.8980900,9.050000e-03,-9.050000e-03,0.3820,0.0690,-0.3820,3.48400,0.24500,-0.24500,8.6100e+01,9.200e+00,-9.200e+00,0.97,1.500e-01,-8.000e-02,937.0,,,182.01,73.60,-36.47,10.90,1,q1_q17_dr25_tce,5753.00,68.00,-85.00,4.417,0.063,-0.117,1.0410,0.1640,-0.0820,293.746250,47.154060,14.498
10158715,K05770.01,,FALSE POSITIVE,FALSE POSITIVE,,1,0,0,0,61.001109500,8.6990000e-04,-8.6990000e-04,144.8461400,7.370000e-03,-7.370000e-03,0.7091,0.0509,-0.5957,1.04900,0.31700,-0.31700,4.0800e+02,1.180e+02,-1.180e+02,2.55,1.390e+00,-3.200e-01,536.0,,,19.57,32.71,-7.03,4.60,1,q1_q16_tce,6418.00,182.00,-277.00,4.395,0.062,-0.318,1.1710,0.6390,-0.1470,297.720640,47.134892,15.227
10161534,K05771.01,,FALSE POSITIVE,FALSE POSITIVE,,1,0,0,0,198.232389000,2.7920000e-03,-2.7920000e-03,294.7351500,7.760000e-03,-7.760000e-03,0.0297,0.4175,-0.0297,1.91900,0.34400,-0.34400,4.1640e+02,6.690e+01,-6.690e+01,2.28,1.290e+00,-2.500e-01,352.0,,,3.64,6.19,-1.10,5.70,1,q1_q16_tce,6263.00,159.00,-200.00,4.382,0.074,-0.323,1.1130,0.6270,-0.1210,298.494450,47.187271,13.991
7458433,K05392.01,,FALSE POSITIVE,FALSE POSITIVE,0.0000,0,1,0,1,0.660627150,1.3560000e-05,-1.3560000e-05,131.8646000,2.130000e-02,-2.130000e-02,1.2080,1.1170,-0.2370,4.56000,1.10000,-1.10000,2.4850e+02,4.310e+01,-4.310e+01,26.13,8.480e+00,-2.820e+00,2327.0,,,6966.29,6617.87,-2110.35,7.80,1,q1_q17_dr25_tce,6322.00,169.00,-206.00,4.426,0.054,-0.216,1.0750,0.3490,-0.1160,295.579470,43.063560,14.162
7458743,K05393.01,,CANDIDATE,CANDIDATE,,0,0,0,0,248.421771000,5.0930000e-03,-5.0930000e-03,230.3790000,1.250000e-02,-1.250000e-02,0.7838,0.0168,-0.5609,4.18700,0.55900,-0.55900,7.0400e+02,9.870e+01,-9.870e+01,18.92,2.540e+00,-3.530e+00,579.0,,,26.64,10.58,-10.72,8.80,1,q1_q16_tce,4895.00,102.00,-124.00,3.008,0.030,-0.032,6.4280,0.8630,-1.1980,295.645170,43.065338,13.586
7468295,K05394.01,,FALSE POSITIVE,FALSE POSITIVE,,1,0,0,0,456.573400000,1.1740000e-02,-1.1740000e-02,228.3838000,1.560000e-02,-1.560000e-02,0.1768,0.2634,-0.1762,5.46500,0.50800,-0.50800,3.9750e+02,6.410e+01,-6.410e+01,7.88,1.370e+00,-4.900e-01,413.0,,,6.88,3.63,-1.32,7.60,1,q1_q16_tce,5002.00,131.00,-102.00,3.216,0.031,-0.029,4.0420,0.7010,-0.2550,297.687040,43.060162,13.731
7516073,K05395.01,,FALSE POSITIVE,FALSE POSITIVE,0.0000,1,0,0,0,601.137970000,4.0550000e-02,-4.0550000e-02,226.6860000,5.150000e-02,-5.150000e-02,0.0570,0.4130,-0.0560,15.26000,1.60000,-1.60000,1.7280e+02,1.940e+01,-1.940e+01,1.81,4.600e-01,-5.600e-01,254.0,,,0.99,0.76,-0.58,9.90,1,q1_q17_dr25_tce,5786.00,173.00,-190.00,4.155,0.293,-0.158,1.3880,0.3530,-0.4310,287.962620,43.132195,13.170
7538450,K05396.01,,FALSE POSITIVE,FALSE POSITIVE,0.0000,1,0,0,0,344.062480000,2.8430000e-02,-2.8430000e-02,451.4323000,2.310000e-02,-2.310000e-02,0.9350,0.0260,-0.6670,15.60000,1.30000,-1.30000,1.3630e+02,9.500e+00,-9.500e+00,5.26,8.800e-01,-2.650e+00,589.0,,,28.42,14.80,-22.58,17.70,1,q1_q17_dr25_tce,7664.00,212.00,-345.00,3.611,0.522,-0.058,3.6970,0.6200,-1.8600,294.804570,43.138699,11.566
7539174,K05397.01,,FALSE POSITIVE,FALSE POSITIVE,,1,0,0,0,39.943447310,,,170.5021796,,,,,,1.71000,,,,,,,,,,,,,,,,1,q1_q16_tce,,,,,,,,,,295.001530,43.171341,12.218
7539277,K05398.01,,CANDIDATE,CANDIDATE,,0,0,0,0,551.223960000,1.8280000e-02,-1.8280000e-02,185.7811000,2.330000e-02,-2.330000e-02,0.2134,0.2319,-0.2133,5.89600,0.81200,-0.81200,5.7070e+02,7.440e+01,-7.440e+01,2.10,8.900e-01,-1.400e-01,206.0,,,0.42,0.54,-0.09,17.20,1,q1_q16_tce,5691.00,156.00,-158.00,4.544,0.023,-0.305,0.8870,0.3730,-0.0600,295.029850,43.129421,14.465
7550875,K05399.01,,FALSE POSITIVE,FALSE POSITIVE,,1,0,0,0,466.908240000,1.1940000e-02,-1.1940000e-02,136.3731000,1.900000e-02,-1.900000e-02,0.0868,0.4330,-0.0867,2.64000,0.69300,-0.69300,6.6000e+02,1.830e+02,-1.830e+02,2.19,1.130e+00,-2.600e-01,210.0,,,0.46,0.76,-0.14,5.40,1,q1_q16_tce,5340.00,185.00,-146.00,4.456,0.102,-0.361,0.8670,0.4480,-0.1030,297.654360,43.178551,15.202
8442463,K05519.01,,FALSE POSITIVE,FALSE POSITIVE,,1,0,0,0,361.309910000,1.2090000e-02,-1.2090000e-02,469.7513000,2.320000e-02,-2.320000e-02,0.0802,0.3690,-0.0800,12.96800,0.72800,-0.72800,2.7560e+02,2.660e+01,-2.660e+01,7.07,3.660e+00,-2.440e+00,422.0,,,7.50,11.30,-4.64,10.60,1,q1_q16_tce,4911.00,106.00,-140.00,3.354,0.258,-0.313,4.4190,2.2840,-1.5270,295.944670,44.445938,13.851
8474892,K05520.01,,FALSE POSITIVE,FALSE POSITIVE,,0,1,0,0,199.442413400,2.0460000e-04,-2.0460000e-04,240.8521000,1.040000e-03,-1.040000e-03,1.1877,0.1605,-0.1407,7.25330,0.01700,-0.01700,3.2172e+04,7.100e+01,-7.100e+01,56.11,2.115e+01,-1.017e+01,344.0,,,3.32,3.80,-1.37,486.40,1,q1_q16_tce,5869.00,183.00,-194.00,4.288,0.164,-0.230,1.1700,0.4410,-0.2120,281.763120,44.577190,14.372
8480642,K05521.01,,FALSE POSITIVE,FALSE POSITIVE,0.0000,0,1,0,0,31.591158760,3.1750000e-05,-3.1750000e-05,162.5018850,8.190000e-04,-8.190000e-04,1.2470,6.6880,-0.1400,2.64310,0.04060,-0.04060,1.4344e+03,2.050e+01,-2.050e+01,72.91,3.869e+01,-4.731e+01,783.0,,,88.84,145.57,-79.03,83.50,1,q1_q17_dr25_tce,5178.00,156.00,-141.00,3.714,0.878,-0.293,2.2950,1.2180,-1.4890,285.000400,44.544991,13.687
8482513,K05522.01,,FALSE POSITIVE,FALSE POSITIVE,,1,0,0,0,356.991350000,1.5240000e-02,-1.5240000e-02,235.7367000,2.830000e-02,-2.830000e-02,0.2437,0.2189,-0.2435,17.03000,1.20000,-1.20000,7.4780e+02,7.880e+01,-7.880e+01,2.47,9.700e-01,-2.500e-01,240.0,,,0.78,0.93,-0.22,13.80,1,q1_q16_tce,5539.00,177.00,-152.00,4.467,0.072,-0.258,0.9130,0.3560,-0.0940,286.115690,44.592941,15.684
8487777,K05523.01,,FALSE POSITIVE,FALSE POSITIVE,,1,0,0,0,96.120478000,1.2300000e-03,-1.2300000e-03,166.9531000,1.030000e-02,-1.030000e-02,0.5381,0.0463,-0.5125,1.12500,0.48100,-0.48100,2.8540e+02,6.780e+01,-6.780e+01,2.08,6.900e-01,-4.300e-01,460.0,,,10.62,10.25,-4.65,6.00,1,q1_q16_tce,6038.00,164.00,-169.00,4.245,0.203,-0.212,1.1860,0.3900,-0.2450,288.925050,44.535770,13.917
8495232,K05524.01,,FALSE POSITIVE,FALSE POSITIVE,0.5110,0,0,1,0,9.636476720,9.4020000e-05,-9.4020000e-05,134.9342900,7.980000e-03,-7.980000e-03,0.0460,0.4090,-0.0460,2.99900,0.33700,-0.33700,4.7600e+01,5.400e+00,-5.400e+00,2.02,3.300e-01,-5.000e-01,1243.0,,,565.04,245.16,-267.39,11.10,1,q1_q17_dr25_tce,5125.00,71.00,-92.00,3.631,0.168,-0.112,3.0070,0.4960,-0.7440,291.803650,44.534592,12.162
8499922,K05525.01,,FALSE POSITIVE,FALSE POSITIVE,,1,0,0,0,45.680876000,1.0080000e-03,-1.0080000e-03,142.3574000,2.050000e-02,-2.050000e-02,0.2060,0.2770,-0.2060,2.29300,0.63000,-0.63000,3.5030e+02,8.580e+01,-8.580e+01,14.50,2.120e+00,-6.700e-01,1215.0,,,514.91,227.75,-89.28,3.70,1,q1_q16_tce,4835.00,114.00,-115.00,2.608,0.030,-0.033,7.9170,1.1580,-0.3640,293.662450,44.527512,13.409
8505674,K05526.01,,FALSE POSITIVE,FALSE POSITIVE,,1,0,0,0,43.169798000,1.0840000e-03,-1.0840000e-03,159.0860000,2.030000e-02,-2.030000e-02,0.5639,0.0289,-0.4689,9.68600,0.85300,-0.85300,1.2080e+02,1.270e+01,-1.270e+01,1.47,5.800e-01,-3.600e-01,615.0,,,33.77,40.68,-16.68,6.90,1,q1_q16_tce,5929.00,195.00,-181.00,4.176,0.241,-0.227,1.2920,0.5060,-0.3140,295.580600,44.568977,13.158
11444772,K05897.01,,CANDIDATE,CANDIDATE,,0,0,0,0,395.943270000,2.7070000e-02,-2.7070000e-02,183.6179000,5.640000e-02,-5.640000e-02,0.1116,0.3376,-0.1116,16.09000,1.40000,-1.40000,1.5060e+03,1.450e+02,-1.450e+02,2.53,2.400e-01,-2.000e-01,172.0,,,0.21,0.07,-0.05,14.50,1,q1_q16_tce,4596.00,146.00,-134.00,4.630,0.032,-0.050,0.6780,0.0650,-0.0530,285.705410,49.342628,15.921
11444974,K05898.01,,CANDIDATE,CANDIDATE,,0,0,0,0,76.379240000,1.0230000e-03,-1.0230000e-03,205.0612000,1.130000e-02,-1.130000e-02,0.7333,0.0854,-0.6096,0.64500,0.37800,-0.37800,2.7630e+02,6.580e+01,-6.580e+01,1.73,9.800e-01,-2.500e-01,406.0,,,6.41,11.45,-2.18,5.70,1,q1_q16_tce,5451.00,170.00,-141.00,4.404,0.131,-0.354,0.9360,0.5330,-0.1350,285.829830,49.394310,13.717
11446961,K05899.01,,CANDIDATE,CANDIDATE,,0,0,0,0,58.669218000,1.0770000e-03,-1.0770000e-03,168.6211000,1.140000e-02,-1.140000e-02,0.3320,0.1192,-0.3319,3.71200,0.38100,-0.38100,1.6940e+02,2.160e+01,-2.160e+01,1.28,4.700e-01,-1.400e-01,450.0,,,9.68,10.48,-2.74,10.00,1,q1_q17_dr24_tce,5548.00,156.00,-141.00,4.433,0.080,-0.252,0.9860,0.3600,-0.1070,287.153720,49.331970,13.899
11453930,K05900.01,,CANDIDATE,CANDIDATE,,0,0,0,0,355.847310000,2.0860000e-02,-2.0860000e-02,447.6570000,3.980000e-02,-3.980000e-02,0.1578,0.3081,-0.1577,16.68000,2.10000,-2.10000,1.2390e+02,1.490e+01,-1.490e+01,1.68,1.040e+00,-3.200e-01,354.0,,,3.71,6.93,-1.62,9.80,1,q1_q16_tce,6823.00,165.00,-242.00,4.212,0.121,-0.344,1.4930,0.9190,-0.2880,291.145320,49.365318,13.127
11456256,K05901.01,,CANDIDATE,CANDIDATE,0.9250,0,0,0,0,61.611129000,1.3720000e-03,-1.3720000e-03,133.8909000,1.860000e-02,-1.860000e-02,0.3640,0.0780,-0.3640,14.96000,0.58000,-0.58000,8.2900e+01,4.500e+00,-4.500e+00,1.29,2.600e-01,-2.200e-01,597.0,,,30.02,17.90,-11.53,22.00,1,q1_q17_dr25_tce,6533.00,149.00,-182.00,4.227,0.135,-0.135,1.3860,0.2880,-0.2350,292.431370,49.368561,12.332
11457664,K05902.01,,CANDIDATE,CANDIDATE,,0,0,0,0,150.728285000,2.3270000e-03,-2.3270000e-03,223.0487000,1.140000e-02,-1.140000e-02,0.2751,0.3162,-0.2750,2.71800,0.62900,-0.62900,2.1350e+02,7.610e+01,-7.610e+01,1.27,5.400e-01,-1.000e-01,321.0,,,2.51,3.11,-0.60,5.60,1,q1_q16_tce,5778.00,155.00,-156.00,4.544,0.029,-0.299,0.8710,0.3640,-0.0690,293.163090,49.383331,14.396
11465658,K05903.01,,CANDIDATE,CANDIDATE,,0,0,0,0,253.790434000,6.6370000e-03,-6.6370000e-03,267.5242000,2.140000e-02,-2.140000e-02,0.1412,0.3404,-0.1411,3.70200,0.96200,-0.96200,6.0400e+02,1.430e+02,-1.430e+02,2.06,7.500e-01,-1.700e-01,253.0,,,0.97,1.09,-0.23,6.40,1,q1_q16_tce,5426.00,172.00,-144.00,4.535,0.036,-0.245,0.8500,0.3110,-0.0670,296.631810,49.363312,15.327
11465869,K05904.01,,FALSE POSITIVE,FALSE POSITIVE,,0,0,0,0,322.544807000,6.9120000e-03,-6.9120000e-03,267.9262000,1.290000e-02,-1.290000e-02,0.0183,0.4357,-0.0182,11.23600,0.42700,-0.42700,8.8000e+01,7.900e+00,-7.900e+00,0.68,1.800e-01,-5.000e-02,219.0,,,0.55,0.43,-0.12,12.10,1,q1_q16_tce,5359.00,167.00,-134.00,4.611,0.028,-0.157,0.7410,0.1940,-0.0530,296.719180,49.359940,11.697
11493378,K05905.01,,CANDIDATE,CANDIDATE,,0,0,0,0,35.660616700,,,151.4719632,,,,,,1.59000,,,,,,,,,,,,,,,,1,q1_q16_tce,,,,,,,,,,283.469970,49.416962,13.951
11506938,K05906.01,,FALSE POSITIVE,FALSE POSITIVE,0.0000,0,1,0,0,22.574947490,8.2180000e-05,-8.2180000e-05,149.0961700,2.880000e-03,-2.880000e-03,1.2710,0.0940,-0.0990,36.75600,0.17700,-0.17700,1.3441e+03,5.600e+00,-5.600e+00,49.49,1.035e+01,-1.035e+01,860.0,,,129.25,77.42,-57.03,302.60,1,q1_q17_dr25_tce,6581.00,149.00,-183.00,4.192,0.154,-0.126,1.4680,0.3070,-0.3070,291.646510,49.493408,11.612
11513366,K05907.01,,CANDIDATE,CANDIDATE,,0,0,0,0,587.381620000,2.2220000e-02,-2.2220000e-02,188.1143000,1.690000e-02,-1.690000e-02,0.6822,0.2685,-0.4440,11.97300,0.79800,-0.79800,8.6360e+02,7.750e+01,-7.750e+01,36.77,2.180e+00,-1.047e+01,527.0,,,18.29,3.51,-10.23,12.80,1,q1_q16_tce,4784.00,73.00,-175.00,2.711,0.029,-0.033,11.8390,0.7010,-3.3730,294.729550,49.428478,13.715
11513441,K05908.01,,FALSE POSITIVE,FALSE POSITIVE,0.0000,0,0,1,0,85.569222300,6.8850000e-04,-6.8850000e-04,188.0660700,6.640000e-03,-6.640000e-03,0.9800,4.9720,-0.1380,4.95400,0.35200,-0.35200,5.3920e+02,3.470e+01,-3.470e+01,6.85,3.200e+00,-3.910e+00,536.0,,,19.51,28.60,-16.35,18.20,1,q1_q17_dr25_tce,5361.00,185.00,-167.00,3.856,0.658,-0.282,1.9510,0.9120,-1.1140,294.762700,49.430069,13.982
11520114,K05909.01,,CANDIDATE,CANDIDATE,1.0000,0,0,0,0,7.079876630,9.1010000e-05,-9.1010000e-05,131.6046000,1.190000e-02,-1.190000e-02,0.0340,0.4330,-0.0340,2.58900,0.26200,-0.26200,3.0980e+02,3.790e+01,-3.790e+01,1.36,9.000e-02,-1.300e-01,738.0,,,70.05,20.67,-20.92,10.00,1,q1_q17_dr25_tce,4808.00,172.00,-172.00,4.521,0.078,-0.045,0.8060,0.0490,-0.0800,297.394960,49.484940,15.975
11520465,K05910.01,,CANDIDATE,CANDIDATE,,0,0,0,0,91.240335000,3.1910000e-03,-3.1910000e-03,155.7237000,1.830000e-02,-1.830000e-02,0.1436,0.3656,-0.1435,2.31400,0.63400,-0.63400,2.0610e+02,5.320e+01,-5.320e+01,1.75,9.100e-01,-2.600e-01,494.0,,,14.03,21.89,-5.12,5.70,1,q1_q16_tce,6493.00,165.00,-220.00,4.305,0.112,-0.295,1.2050,0.6290,-0.1760,297.527070,49.404499,13.890
11559493,K05911.01,,CANDIDATE,CANDIDATE,,0,0,0,0,357.413820000,1.2350000e-02,-1.2350000e-02,311.3642000,2.800000e-02,-2.800000e-02,0.1438,0.3365,-0.1437,3.67500,0.64700,-0.64700,7.7700e+02,1.290e+02,-1.290e+02,3.01,1.590e+00,-3.200e-01,283.0,,,1.52,2.44,-0.48,6.70,1,q1_q16_tce,6233.00,176.00,-242.00,4.412,0.062,-0.320,1.0760,0.5670,-0.1140,292.077880,49.529610,15.388
11598638,K05912.01,,CANDIDATE,CANDIDATE,,0,0,0,0,359.854745000,9.4530000e-03,-9.4530000e-03,305.6179000,1.940000e-02,-1.940000e-02,0.8071,0.1400,-0.5764,3.42900,0.64000,-0.64000,3.0240e+02,4.910e+01,-4.910e+01,2.25,1.400e+00,-2.600e-01,302.0,,,1.97,3.71,-0.63,6.10,1,q1_q16_tce,6495.00,152.00,-221.00,4.379,0.065,-0.355,1.1680,0.7260,-0.1370,284.553680,49.684700,13.728
11598894,K05913.01,,CANDIDATE,CANDIDATE,,0,0,0,0,89.366114000,2.0000000e-03,-2.0000000e-03,208.8930000,1.680000e-02,-1.680000e-02,0.3900,0.0731,-0.3900,3.94500,0.85600,-0.85600,4.9400e+02,8.770e+01,-8.770e+01,1.97,8.400e-01,-1.700e-01,391.0,,,5.54,7.05,-1.39,6.30,1,q1_q16_tce,5861.00,161.00,-159.00,4.522,0.039,-0.296,0.8750,0.3740,-0.0750,284.748470,49.606258,15.409
11599800,K05914.01,,FALSE POSITIVE,FALSE POSITIVE,,0,0,1,0,422.255426000,7.5890000e-03,-7.5890000e-03,160.6562000,1.690000e-02,-1.690000e-02,0.3769,0.0697,-0.3769,4.97400,0.39000,-0.39000,1.9350e+03,1.920e+02,-1.920e+02,5.09,2.740e+00,-6.100e-01,277.0,,,1.39,2.29,-0.47,17.40,1,q1_q16_tce,6273.00,180.00,-238.00,4.364,0.084,-0.305,1.1390,0.6110,-0.1380,285.363890,49.629608,15.170
11599937,K05915.01,,CANDIDATE,CANDIDATE,0.0240,0,0,0,0,37.625903900,4.2190000e-04,-4.2190000e-04,167.2207200,7.150000e-03,-7.150000e-03,0.4900,0.4440,-0.2850,3.91000,0.25600,-0.25600,4.1100e+02,4.170e+01,-4.170e+01,1.81,4.800e-01,-1.700e-01,519.0,,,17.13,13.14,-4.56,11.70,1,q1_q17_dr25_tce,5874.00,141.00,-177.00,4.542,0.034,-0.184,0.8710,0.2330,-0.0780,285.459170,49.661942,15.013
11600299,K05916.01,,CANDIDATE,CANDIDATE,,0,0,0,0,100.414751980,,,134.1167095,,,,,,1.72000,,,,,,,,,,,,,,,,1,q1_q16_tce,,,,,,,,,,285.691100,49.690311,12.124
11601425,K05917.01,,CANDIDATE,CANDIDATE,0.7990,0,0,0,0,41.993467300,4.9720000e-04,-4.9720000e-04,143.8929700,9.160000e-03,-9.160000e-03,0.0460,0.4190,-0.0460,3.22600,0.37800,-0.37800,2.9370e+02,3.800e+01,-3.800e+01,1.56,4.600e-01,-1.600e-01,503.0,,,15.19,13.30,-4.28,9.40,1,q1_q17_dr25_tce,5766.00,156.00,-173.00,4.498,0.050,-0.200,0.9150,0.2730,-0.0910,286.356200,49.690128,14.847
11601633,K05918.01,,CANDIDATE,CANDIDATE,,0,0,0,0,94.677820000,6.5660000e-03,-6.5660000e-03,187.4731000,3.710000e-02,-3.710000e-02,0.3614,0.1712,-0.3612,2.21500,0.50700,-0.50700,2.8700e+02,9.010e+01,-9.010e+01,1.46,5.100e-01,-1.300e-01,353.0,,,3.67,3.86,-0.93,5.90,1,q1_q16_tce,5360.00,169.00,-138.00,4.503,0.057,-0.228,0.8660,0.3000,-0.0780,286.496860,49.614578,14.258
11601972,K05919.01,,CANDIDATE,CANDIDATE,0.1850,0,0,0,0,290.196139000,5.6280000e-03,-5.6280000e-03,264.8759000,1.190000e-02,-1.190000e-02,0.0170,0.4320,-0.0170,13.69800,0.51800,-0.51800,2.8100e+02,2.010e+01,-2.010e+01,2.35,7.700e-01,-5.000e-01,341.0,,,3.20,3.14,-1.51,15.70,1,q1_q17_dr25_tce,6238.00,195.00,-239.00,4.224,0.162,-0.198,1.4030,0.4530,-0.3020,286.732450,49.683189,13.511
11603298,K05920.01,,FALSE POSITIVE,FALSE POSITIVE,,0,0,0,0,471.396980000,2.1990000e-02,-2.1990000e-02,247.0802000,2.420000e-02,-2.420000e-02,0.3379,0.1274,-0.3379,10.71400,0.77300,-0.77300,3.2990e+02,3.340e+01,-3.340e+01,1.87,6.500e-01,-1.700e-01,265.0,,,1.16,1.16,-0.31,13.10,1,q1_q16_tce,6587.00,156.00,-197.00,4.463,0.045,-0.256,1.0080,0.3530,-0.0880,287.651610,49.686501,13.731
11614808,K05921.01,,CANDIDATE,CANDIDATE,,0,0,0,0,175.452812000,3.9080000e-03,-3.9080000e-03,204.8241000,2.120000e-02,-2.120000e-02,0.1526,0.3334,-0.1526,2.73400,0.65500,-0.65500,1.4180e+02,3.020e+01,-3.020e+01,3.96,1.400e+00,-2.240e+00,591.0,,,28.77,31.13,-24.09,6.10,1,q1_q16_tce,6184.00,198.00,-226.00,3.580,0.546,-0.208,3.3040,1.1720,-1.8680,293.960270,49.619312,13.086
11615258,K05922.01,,CANDIDATE,CANDIDATE,0.0000,0,0,0,0,367.074460000,1.9500000e-02,-1.9500000e-02,182.8380000,4.140000e-02,-4.140000e-02,0.0930,0.3710,-0.0930,5.88700,0.98900,-0.98900,3.6830e+02,7.090e+01,-7.090e+01,2.15,7.100e-01,-2.400e-01,287.0,,,1.59,1.55,-0.48,6.60,1,q1_q17_dr25_tce,6315.00,168.00,-205.00,4.407,0.067,-0.216,1.1160,0.3700,-0.1230,294.157750,49.614971,14.666
11615521,K05923.01,,CANDIDATE,CANDIDATE,,0,0,0,0,366.684634000,6.6680000e-03,-6.6680000e-03,315.0914300,9.320000e-03,-9.320000e-03,0.5294,0.4048,-0.3309,3.28400,0.34600,-0.34600,4.5630e+02,6.000e+01,-6.000e+01,10.75,4.470e+00,-4.810e+00,444.0,,,9.18,11.21,-6.80,9.10,1,q1_q16_tce,5090.00,132.00,-205.00,3.353,0.327,-0.260,4.9620,2.0620,-2.2210,294.271820,49.633869,13.026
11616434,K05924.01,,CANDIDATE,CANDIDATE,,0,0,0,0,291.306507000,5.5530000e-03,-5.5530000e-03,362.2906000,1.210000e-02,-1.210000e-02,0.3377,0.1493,-0.3377,2.91000,0.47400,-0.47400,1.1320e+03,1.840e+02,-1.840e+02,2.49,3.800e-01,-2.400e-01,219.0,,,0.54,0.27,-0.15,7.10,1,q1_q16_tce,5031.00,162.00,-131.00,4.548,0.062,-0.107,0.7480,0.1130,-0.0730,294.690860,49.626991,15.789
11651240,K05925.01,,CANDIDATE,CANDIDATE,,0,0,0,0,93.006000000,2.2150000e-03,-2.2150000e-03,144.3600000,2.210000e-02,-2.210000e-02,0.4428,0.0283,-0.4426,2.46100,0.86800,-0.86800,1.2540e+02,2.970e+01,-2.970e+01,1.97,1.020e+00,-7.800e-01,503.0,,,15.18,24.12,-10.19,6.70,1,q1_q16_tce,5518.00,167.00,-131.00,3.973,0.391,-0.264,1.7420,0.8990,-0.6940,285.408420,49.763641,12.979
11652427,K05926.01,,CANDIDATE,CANDIDATE,,0,0,0,0,26.462880740,,,133.4096502,,,,,,1.40000,,,,,,,,,,,,,,,,1,q1_q16_tce,,,,,,,,,,286.171050,49.710320,13.023
11654039,K05927.01,,FALSE POSITIVE,FALSE POSITIVE,,0,0,0,0,436.428520000,2.4020000e-02,-2.4020000e-02,452.2705000,4.110000e-02,-4.110000e-02,0.3772,0.0804,-0.3772,13.80000,1.90000,-1.90000,1.6390e+02,2.210e+01,-2.210e+01,1.26,5.000e-01,-1.300e-01,245.0,,,0.86,1.00,-0.24,9.20,1,q1_q16_tce,5997.00,148.00,-170.00,4.466,0.054,-0.285,0.9710,0.3900,-0.0960,287.298460,49.703049,13.298
11674709,K05928.01,,CANDIDATE,CANDIDATE,0.4670,0,0,0,0,20.699207370,,,132.7199526,,,,,,2.17000,,,,,,,,,,,,,,,,2,q1_q17_dr25_tce,,,,,,,,,,297.745670,49.707630,11.957
11716643,K05929.01,,CANDIDATE,CANDIDATE,0.9390,0,0,0,0,466.002988000,3.1450000e-03,-3.1450000e-03,435.0115600,4.660000e-03,-4.660000e-03,0.8670,0.0380,-0.4110,10.27800,0.59900,-0.59900,2.3636e+03,6.430e+01,-6.430e+01,4.92,1.320e+00,-4.300e-01,223.0,,,0.58,0.45,-0.15,42.30,1,q1_q17_dr25_tce,5830.00,140.00,-175.00,4.540,0.035,-0.184,0.8760,0.2340,-0.0780,293.865260,49.800289,14.692
11722217,K05930.01,,CANDIDATE,CANDIDATE,,0,0,0,0,302.775710000,8.6560000e-03,-8.6560000e-03,323.5739000,2.070000e-02,-2.070000e-02,0.1265,0.3335,-0.1262,3.18300,0.96200,-0.96200,1.1060e+03,2.370e+02,-2.370e+02,1.00,3.300e-01,-1.700e-01,106.0,,,0.03,0.03,-0.01,7.10,1,q1_q16_tce,3358.00,79.00,-72.00,4.944,0.060,-0.140,0.3030,0.1000,-0.0500,296.252500,49.886559,15.755
11773174,K05931.01,,CANDIDATE,CANDIDATE,,0,0,0,0,115.199529220,,,218.1108918,,,,,,2.67000,,,,,,,,,,,,,,,,1,q1_q16_tce,,,,,,,,,,296.554690,49.958092,11.794
11803074,K05932.01,,CANDIDATE,CANDIDATE,0.9020,0,0,0,0,355.861340000,1.7290000e-02,-1.7290000e-02,358.0075000,3.180000e-02,-3.180000e-02,0.0030,0.4330,-0.0030,23.39000,1.50000,-1.50000,1.2207e+03,9.260e+01,-9.260e+01,2.79,7.400e-01,-2.500e-01,233.0,,,0.70,0.54,-0.18,15.20,1,q1_q17_dr25_tce,5736.00,155.00,-155.00,4.576,0.042,-0.168,0.8010,0.2120,-0.0710,285.337830,50.066132,15.887
11807906,K05933.01,,CANDIDATE,CANDIDATE,,0,0,0,0,236.506437000,3.3750000e-03,-3.3750000e-03,361.9687000,1.120000e-02,-1.120000e-02,0.1474,0.3101,-0.1474,5.00400,0.43100,-0.43100,7.4440e+02,8.700e+01,-8.700e+01,10.37,5.080e+00,-3.220e+00,480.0,,,12.54,17.82,-7.26,10.60,1,q1_q16_tce,5066.00,112.00,-152.00,3.414,0.240,-0.303,3.9000,1.9080,-1.2100,288.436650,50.075722,13.856
11811382,K05934.01,,CANDIDATE,CANDIDATE,,0,0,0,0,19.385489400,6.3560000e-04,-6.3560000e-04,142.3485900,5.120000e-03,-5.120000e-03,0.0074,0.5030,-0.0073,1.03100,0.23800,-0.23800,4.5600e+03,1.128e+03,-1.128e+03,6.13,2.970e+00,-8.300e-01,632.0,,,37.73,56.56,-12.21,2.70,1,q1_q17_dr24_tce,5432.00,172.00,-133.00,4.420,0.122,-0.314,0.9130,0.4430,-0.1240,290.363650,50.052608,13.891
11818566,K05935.01,,CANDIDATE,CANDIDATE,,0,0,0,0,416.878931210,,,227.5106644,,,,,,4.45000,,,,,,,,,,,,,,,,1,q1_q16_tce,,,,,,,,,,294.206300,50.045399,15.690
11819396,K05936.01,,CANDIDATE,CANDIDATE,,0,0,0,0,48.387984130,,,176.4653521,,,,,,1.23000,,,,,,,,,,,,,,,,1,q1_q16_tce,,,,,,,,,,294.567380,50.069721,15.025
11824578,K05937.01,,CANDIDATE,CANDIDATE,,0,0,0,0,357.588538000,6.4620000e-03,-6.4620000e-03,250.4138000,1.080000e-02,-1.080000e-02,0.1542,0.3024,-0.1539,3.36700,0.44100,-0.44100,3.4480e+02,5.180e+01,-5.180e+01,3.53,1.950e+00,-7.100e-01,420.0,,,7.38,12.76,-3.41,7.20,1,q1_q16_tce,7435.00,240.00,-311.00,4.082,0.123,-0.318,1.8760,1.0320,-0.3780,296.755400,50.055271,13.382
11860294,K05938.01,,CANDIDATE,CANDIDATE,,0,0,0,0,545.205601000,7.3260000e-03,-7.3260000e-03,237.2409100,8.570000e-03,-8.570000e-03,0.3515,0.0941,-0.3514,3.29600,0.32900,-0.32900,1.9970e+02,2.760e+01,-2.760e+01,1.66,1.000e+00,-2.200e-01,257.0,,,1.03,1.92,-0.36,7.10,1,q1_q16_tce,6273.00,168.00,-229.00,4.345,0.094,-0.334,1.1550,0.7000,-0.1490,289.653470,50.128010,12.812
11868941,K05939.01,,CANDIDATE,CANDIDATE,,0,0,0,0,105.053389000,1.6210000e-03,-1.6210000e-03,208.7282000,1.630000e-02,-1.630000e-02,0.2199,0.2964,-0.2196,1.98800,0.44000,-0.44000,1.7670e+02,4.150e+01,-4.150e+01,1.52,7.800e-01,-1.700e-01,449.0,,,9.61,14.56,-2.97,5.80,1,q1_q16_tce,6471.00,153.00,-218.00,4.392,0.063,-0.308,1.1300,0.5800,-0.1240,294.352750,50.185989,13.724
11905398,K05940.01,,CANDIDATE,CANDIDATE,0.3830,0,0,0,0,24.796729400,3.4390000e-04,-3.4390000e-04,131.9100000,1.190000e-02,-1.190000e-02,0.9520,6.8380,-0.0330,4.27800,0.40100,-0.40100,9.7050e+02,8.540e+01,-8.540e+01,3.14,6.200e-01,-2.600e-01,537.0,,,19.62,12.17,-5.35,13.80,1,q1_q17_dr25_tce,5496.00,174.00,-194.00,4.592,0.040,-0.120,0.7760,0.1520,-0.0650,286.489870,50.230068,15.627
11910670,K05941.01,,CANDIDATE,CANDIDATE,,0,0,0,0,44.706019100,1.8750000e-04,-1.8750000e-04,154.4028200,3.410000e-03,-3.410000e-03,1.6552,6.2200,-1.6460,0.25000,0.21600,-0.21600,2.9200e+02,5.670e+01,-5.670e+01,60.47,6.875e+01,-7.530e+00,465.0,,,11.01,46.29,-3.49,6.60,1,q1_q16_tce,5509.00,183.00,-156.00,4.482,0.104,-0.620,0.8110,0.9220,-0.1010,289.651520,50.282619,13.783
11911929,K05942.01,,CANDIDATE,CANDIDATE,,0,0,0,0,125.277815000,3.0230000e-03,-3.0230000e-03,170.8865000,1.560000e-02,-1.560000e-02,0.1310,0.3174,-0.1308,4.44200,0.43900,-0.43900,4.3230e+02,4.600e+01,-4.600e+01,15.75,1.050e+00,-3.970e+00,799.0,,,96.53,20.33,-49.37,11.00,1,q1_q16_tce,5119.00,79.00,-171.00,2.961,0.028,-0.032,7.7380,0.5190,-1.9490,290.368900,50.270550,13.325
11923213,K05943.01,,CANDIDATE,CANDIDATE,0.4000,0,0,0,0,27.202067200,2.5330000e-04,-2.5330000e-04,151.8660600,8.010000e-03,-8.010000e-03,0.2230,0.2240,-0.2230,1.81100,0.24800,-0.24800,1.8030e+02,2.480e+01,-2.480e+01,1.87,3.300e-01,-3.600e-01,719.0,,,63.31,29.08,-24.30,8.70,1,q1_q17_dr25_tce,5869.00,79.00,-79.00,4.175,0.162,-0.108,1.3960,0.2460,-0.2700,296.204590,50.236328,14.172
11924426,K05944.01,,FALSE POSITIVE,FALSE POSITIVE,0.0000,0,1,0,0,64.713168094,3.1830000e-06,-3.1830000e-06,171.3677102,3.860000e-05,-3.860000e-05,0.5730,0.0110,-0.0120,5.69869,0.00103,-0.00103,3.1297e+05,3.420e+01,-3.420e+01,62.03,1.841e+01,-7.900e+00,482.0,,,12.80,11.12,-4.17,3582.50,1,q1_q17_dr25_tce,6175.00,166.00,-185.00,4.440,0.084,-0.196,0.9740,0.2890,-0.1240,296.703830,50.281551,13.882
11959893,K05945.01,,CANDIDATE,CANDIDATE,,0,0,0,0,40.728231400,6.9080000e-04,-6.9080000e-04,162.1513000,1.540000e-02,-1.540000e-02,0.9828,0.0248,-0.0093,13.67700,0.61800,-0.61800,2.2180e+02,1.350e+01,-1.350e+01,4.58,1.680e+00,-1.520e+00,829.0,,,111.83,120.45,-69.84,19.40,1,q1_q16_tce,6531.00,179.00,-273.00,3.936,0.250,-0.218,2.2310,0.8150,-0.7420,289.583560,50.348137,12.717
11966643,K05946.01,,CANDIDATE,CANDIDATE,,0,0,0,0,183.380484520,,,298.0782368,,,,,,3.25000,,,,,,,,,,,,,,,,1,q1_q16_tce,,,,,,,,,,293.522640,50.308079,13.612
11968514,K05947.01,,FALSE POSITIVE,FALSE POSITIVE,0.0000,0,1,1,1,1.036592136,5.1400000e-07,-5.1400000e-07,132.0895450,4.340000e-04,-4.340000e-04,1.2500,1.1900,-0.1880,2.29600,0.02170,-0.02170,2.1182e+03,1.640e+01,-1.640e+01,293.01,5.038e+01,-7.557e+01,4194.0,,,73013.77,32116.38,-35125.08,150.60,1,q1_q17_dr25_tce,4884.00,58.00,-72.00,2.737,0.162,-0.108,8.7470,1.5040,-2.2560,294.361720,50.307598,11.449
12007270,K05948.01,,CANDIDATE,CANDIDATE,,0,0,0,0,398.513120000,1.9300000e-02,-1.9300000e-02,165.2177000,3.880000e-02,-3.880000e-02,0.5091,0.4959,-0.2889,5.41000,1.10000,-1.10000,2.4920e+02,6.040e+01,-6.040e+01,1.23,5.500e-01,-8.000e-02,222.0,,,0.58,0.77,-0.12,5.90,1,q1_q16_tce,5776.00,161.00,-140.00,4.596,0.029,-0.287,0.7590,0.3390,-0.0500,288.182560,50.498360,13.843
12009917,K05949.01,,CANDIDATE,CANDIDATE,,0,0,0,0,559.785594000,8.7320000e-03,-8.7320000e-03,433.1966000,1.460000e-02,-1.460000e-02,0.4110,0.0489,-0.4108,3.49600,0.50400,-0.50400,2.7480e+02,4.350e+01,-4.350e+01,1.88,8.900e-01,-2.400e-01,249.0,,,0.92,1.28,-0.30,7.30,1,q1_q16_tce,6201.00,154.00,-188.00,4.352,0.101,-0.290,1.1110,0.5280,-0.1420,289.685490,50.409229,13.295
12020376,K05950.01,,CANDIDATE,CANDIDATE,,0,0,0,0,109.439460000,3.0220000e-03,-3.0220000e-03,223.4128000,2.360000e-02,-2.360000e-02,0.0905,0.3729,-0.0903,3.80100,0.84000,-0.84000,1.8710e+02,3.040e+01,-3.040e+01,1.00,2.500e-01,-7.000e-02,314.0,,,2.31,1.78,-0.52,7.30,1,q1_q16_tce,5359.00,170.00,-137.00,4.611,0.028,-0.152,0.7410,0.1860,-0.0530,295.480100,50.421280,13.718
12066767,K05951.01,,CANDIDATE,CANDIDATE,,0,0,0,0,194.258353420,,,288.4461343,,,,,,3.15000,,,,,,,,,,,,,,,,1,q1_q16_tce,,,,,,,,,,294.170590,50.593632,15.779
12071775,K05952.01,,CANDIDATE,CANDIDATE,,0,0,0,0,164.507439000,4.5200000e-03,-4.5200000e-03,212.7605000,2.090000e-02,-2.090000e-02,0.3819,0.0915,-0.3818,11.42800,0.62300,-0.62300,4.3380e+02,4.510e+01,-4.510e+01,2.15,7.700e-01,-3.100e-01,346.0,,,3.39,3.63,-1.19,11.70,1,q1_q16_tce,5866.00,169.00,-175.00,4.382,0.114,-0.246,1.0200,0.3680,-0.1460,296.408870,50.585171,15.025
12102775,K05953.01,,CANDIDATE,CANDIDATE,,0,0,0,0,370.847860000,1.0900000e-02,-1.0900000e-02,260.7921000,1.980000e-02,-1.980000e-02,0.8847,0.0061,-0.6280,13.96600,0.78000,-0.78000,1.4400e+03,1.060e+02,-1.060e+02,4.03,1.130e+00,-2.600e-01,219.0,,,0.54,0.47,-0.11,15.20,1,q1_q16_tce,5291.00,169.00,-140.00,4.539,0.027,-0.215,0.8860,0.2490,-0.0570,286.399440,50.625679,15.479
12105086,K05954.01,,CANDIDATE,CANDIDATE,,0,0,0,0,73.908995000,1.8850000e-03,-1.8850000e-03,159.8067000,2.220000e-02,-2.220000e-02,0.4947,0.0429,-0.4491,3.91600,0.79600,-0.79600,1.0050e+02,2.130e+01,-2.130e+01,0.94,3.900e-01,-8.000e-02,421.0,,,7.44,8.86,-1.85,7.00,1,q1_q16_tce,5865.00,146.00,-170.00,4.518,0.033,-0.296,0.9180,0.3760,-0.0740,288.055730,50.653690,13.144
12110901,K05955.01,,CANDIDATE,CANDIDATE,,0,0,0,0,96.325614560,,,153.0316267,,,,,,2.28000,,,,,,,,,,,,,,,,1,q1_q16_tce,,,,,,,,,,291.599880,50.635891,14.451
12121701,K05956.01,,CANDIDATE,CANDIDATE,,0,0,0,0,212.646179000,4.1070000e-03,-4.1070000e-03,221.6137000,1.260000e-02,-1.260000e-02,0.1739,0.3041,-0.1738,2.53900,0.47900,-0.47900,9.5300e+02,1.980e+02,-1.980e+02,3.19,1.240e+00,-2.800e-01,321.0,,,2.50,2.81,-0.69,5.40,1,q1_q16_tce,6108.00,146.00,-212.00,4.466,0.041,-0.270,1.0300,0.4020,-0.0890,296.900570,50.628059,15.611
12156805,K05957.01,,FALSE POSITIVE,FALSE POSITIVE,,0,0,1,0,371.548790000,1.6170000e-02,-1.6170000e-02,183.5693000,2.740000e-02,-2.740000e-02,0.6743,0.0107,-0.5335,9.84100,0.79800,-0.79800,1.2560e+02,1.440e+01,-1.440e+01,1.13,5.900e-01,-1.500e-01,230.0,,,0.66,1.09,-0.22,10.10,1,q1_q16_tce,5225.00,181.00,-144.00,4.410,0.124,-0.349,0.9540,0.5000,-0.1280,289.964420,50.791859,12.235
12165063,K05958.01,,FALSE POSITIVE,FALSE POSITIVE,,1,0,0,0,226.499243000,2.9380000e-03,-2.9380000e-03,131.6622000,1.130000e-02,-1.130000e-02,0.2660,0.3645,-0.2300,1.32800,0.44300,-0.44300,1.2740e+02,3.000e+01,-3.000e+01,0.89,2.000e-01,-8.000e-02,245.0,,,0.86,0.64,-0.24,4.70,1,q1_q16_tce,5093.00,210.00,-155.00,4.525,0.059,-0.180,0.7980,0.1770,-0.0750,294.521610,50.795456,12.059
12168895,K05959.01,,CANDIDATE,CANDIDATE,,0,0,0,0,251.488080000,3.7830000e-02,-3.7830000e-02,192.4610000,1.390000e-01,-1.390000e-01,0.8011,0.0146,-0.6006,6.80000,2.60000,-2.60000,3.0500e+02,1.360e+02,-1.360e+02,1.74,7.100e-01,-1.400e-01,284.0,,,1.55,1.84,-0.40,6.40,1,q1_q16_tce,5979.00,156.00,-175.00,4.520,0.036,-0.294,0.9020,0.3660,-0.0760,296.241550,50.780510,14.495
12170767,K05960.01,,CANDIDATE,CANDIDATE,,0,0,0,0,32.418526500,8.0690000e-04,-8.0690000e-04,161.4252000,1.690000e-02,-1.690000e-02,0.7105,0.0784,-0.5043,5.15400,0.53300,-0.53300,1.1070e+02,1.590e+01,-1.590e+01,1.62,8.700e-01,-6.300e-01,687.0,,,52.70,88.01,-34.81,7.90,1,q1_q16_tce,5622.00,172.00,-140.00,4.044,0.422,-0.300,1.4410,0.7760,-0.5580,297.021700,50.769112,13.325
12253490,K05961.01,,CANDIDATE,CANDIDATE,0.0000,0,0,0,0,19.159760875,1.9990000e-06,-1.9990000e-06,141.5680129,8.470000e-05,-8.470000e-05,1.1910,0.1160,-0.0890,3.10166,0.00389,-0.00389,3.2491e+04,2.570e+01,-2.570e+01,25.24,1.760e+00,-2.100e+00,424.0,,,7.65,2.26,-2.07,900.30,1,q1_q17_dr25_tce,4492.00,141.00,-157.00,4.727,0.054,-0.032,0.5160,0.0360,-0.0430,288.643250,50.901180,15.053
12257851,K05962.01,,FALSE POSITIVE,FALSE POSITIVE,0.0000,1,0,1,1,2.615942880,7.7590000e-05,-7.7590000e-05,132.4150000,2.630000e-02,-2.630000e-02,0.7110,0.2580,-0.4700,6.45000,1.20000,-1.20000,7.2100e+01,6.400e+00,-6.400e+00,0.92,2.600e-01,-9.000e-02,1370.0,,,831.27,679.99,-241.82,13.40,1,q1_q17_dr25_tce,6063.00,163.00,-199.00,4.476,0.048,-0.192,1.0120,0.2820,-0.1010,291.207240,50.916630,15.367
12265150,K05963.01,,FALSE POSITIVE,FALSE POSITIVE,0.0000,0,1,1,0,1.686009643,1.8920000e-06,-1.8920000e-06,133.0605750,8.810000e-04,-8.810000e-04,0.5660,0.3110,-0.3560,1.18180,0.03090,-0.03090,3.9040e+02,9.800e+00,-9.800e+00,1.81,5.300e-01,-1.800e-01,1442.0,,,1024.99,866.34,-278.07,48.50,1,q1_q17_dr25_tce,5783.00,144.00,-158.00,4.539,0.038,-0.212,0.8800,0.2580,-0.0860,295.125430,50.906052,14.391
12300524,K05964.01,,CANDIDATE,CANDIDATE,0.8320,0,0,0,0,32.033211000,5.1890000e-04,-5.1890000e-04,146.8143000,1.350000e-02,-1.350000e-02,0.0070,0.4380,-0.0070,5.28900,0.34300,-0.34300,7.1300e+01,9.000e+00,-9.000e+00,0.85,2.800e-01,-8.000e-02,591.0,,,28.78,28.04,-7.87,9.20,1,q1_q17_dr25_tce,6039.00,163.00,-199.00,4.478,0.052,-0.221,1.0050,0.3340,-0.0890,287.090060,51.016060,13.186
12349560,K05965.01,,CANDIDATE,CANDIDATE,0.3700,0,0,0,0,43.397562200,8.8300000e-04,-8.8300000e-04,153.9340000,1.710000e-02,-1.710000e-02,0.0800,0.3800,-0.0800,3.90800,0.58900,-0.58900,5.8530e+02,7.690e+01,-7.690e+01,1.69,1.700e-01,-1.200e-01,388.0,,,5.35,2.01,-1.31,8.60,1,q1_q17_dr25_tce,4871.00,160.00,-160.00,4.608,0.032,-0.054,0.7250,0.0720,-0.0520,286.937840,51.123508,15.944
12350136,K05966.01,,CANDIDATE,CANDIDATE,,0,0,0,0,478.791850210,,,184.4598838,,,,,,4.06000,,,,,,,,,,,,,,,,1,q1_q16_tce,,,,,,,,,,287.358730,51.158321,14.630
10964747,K05844.01,,FALSE POSITIVE,FALSE POSITIVE,,1,0,0,0,344.961485000,6.2510000e-03,-6.2510000e-03,208.2266000,1.420000e-02,-1.420000e-02,0.3073,0.1864,-0.3071,3.02300,0.52100,-0.52100,4.2790e+02,7.950e+01,-7.950e+01,1.61,9.400e-01,-1.900e-01,230.0,,,0.66,1.25,-0.20,6.20,1,q1_q16_tce,5481.00,197.00,-162.00,4.510,0.092,-0.439,0.7750,0.4560,-0.0880,285.866670,48.407742,15.023
10967168,K05845.01,,CANDIDATE,CANDIDATE,1.0000,0,0,0,0,22.265959900,6.1590000e-04,-6.1590000e-04,144.8700000,2.270000e-02,-2.270000e-02,0.0300,0.4260,-0.0300,4.81600,0.60100,-0.60100,6.1300e+01,8.900e+00,-8.900e+00,1.18,2.500e-01,-2.100e-01,896.0,,,152.29,98.17,-66.16,8.30,1,q1_q17_dr25_tce,6888.00,192.00,-312.00,4.223,0.112,-0.138,1.4920,0.3190,-0.2610,287.372830,48.465542,11.299
10977671,K05846.01,,CANDIDATE,CANDIDATE,0.4330,0,0,0,0,199.064336000,6.7040000e-03,-6.7040000e-03,180.0893000,2.970000e-02,-2.970000e-02,0.7630,0.0030,-0.5540,13.62300,0.96500,-0.96500,2.6500e+02,2.030e+01,-2.030e+01,6.12,8.700e-01,-1.620e+00,483.0,,,12.81,4.93,-6.61,15.40,1,q1_q17_dr25_tce,5157.00,77.00,-141.00,3.541,0.168,-0.112,3.4360,0.4890,-0.9090,292.815770,48.422169,14.323
10978581,K05847.01,,CANDIDATE,CANDIDATE,,0,0,0,0,277.114286000,3.3820000e-03,-3.3820000e-03,196.1886800,7.240000e-03,-7.240000e-03,0.0288,0.4302,-0.0286,3.92600,0.24800,-0.24800,5.6710e+02,5.640e+01,-5.640e+01,17.56,1.140e+00,-4.410e+00,605.0,,,31.66,6.53,-16.14,10.40,1,q1_q16_tce,5117.00,80.00,-169.00,2.986,0.027,-0.032,7.5490,0.4890,-1.8970,293.265080,48.426399,12.348
10979952,K05848.01,,CANDIDATE,CANDIDATE,,0,0,0,0,323.159363000,5.6510000e-03,-5.6510000e-03,149.1299000,1.570000e-02,-1.570000e-02,0.0504,0.4372,-0.0503,2.42700,0.65300,-0.65300,3.6860e+02,7.110e+01,-7.110e+01,3.41,2.820e+00,-1.870e+00,331.0,,,2.83,7.84,-2.32,7.40,1,q1_q16_tce,5251.00,163.00,-154.00,3.872,0.647,-0.424,1.8110,1.4950,-0.9960,293.886020,48.469292,13.789
10989620,K05849.01,,CANDIDATE,CANDIDATE,,0,0,0,0,21.512259000,5.1580000e-04,-5.1580000e-04,139.0225000,1.530000e-02,-1.530000e-02,0.1017,0.3344,-0.1017,4.33700,0.52700,-0.52700,1.3130e+02,2.100e+01,-2.100e+01,1.13,4.200e-01,-1.300e-01,639.0,,,39.45,43.32,-11.70,7.10,1,q1_q16_tce,5611.00,154.00,-151.00,4.424,0.085,-0.254,0.9970,0.3710,-0.1140,297.617070,48.408089,14.489
10991389,K05850.01,,CANDIDATE,CANDIDATE,,0,0,0,0,303.226376000,2.4610000e-03,-2.4610000e-03,344.0540900,7.850000e-03,-7.850000e-03,0.1097,0.3787,-0.1096,1.80200,0.14400,-0.14400,1.4640e+03,1.700e+02,-1.700e+02,3.66,1.480e+00,-3.800e-01,274.0,,,1.33,1.61,-0.39,12.70,1,q1_q17_dr24_tce,5952.00,173.00,-194.00,4.469,0.057,-0.284,0.9550,0.3870,-0.0980,298.291810,48.465691,14.897
12401859,K05967.01,,CANDIDATE,CANDIDATE,,0,0,0,0,22.863151700,3.5940000e-04,-3.5940000e-04,143.1523000,1.060000e-02,-1.060000e-02,0.1918,0.2789,-0.1914,1.65900,0.33800,-0.33800,1.0330e+02,2.120e+01,-2.120e+01,4.84,2.170e+00,-2.010e+00,1112.0,,,361.26,468.91,-253.88,8.50,1,q1_q16_tce,5043.00,116.00,-176.00,3.339,0.303,-0.274,4.8740,2.1860,-2.0210,288.142000,51.245602,12.260
12402588,K05968.01,,CANDIDATE,CANDIDATE,,0,0,0,0,97.942437000,1.1830000e-03,-1.1830000e-03,157.9732500,8.880000e-03,-8.880000e-03,0.0071,0.4483,-0.0070,2.57500,0.33000,-0.33000,1.0020e+02,1.600e+01,-1.600e+01,2.29,7.300e-01,-1.090e+00,600.0,,,30.59,30.22,-23.28,7.80,1,q1_q16_tce,5997.00,206.00,-198.00,3.806,0.445,-0.194,2.2840,0.7260,-1.0900,288.537690,51.280384,11.366
12405436,K05969.01,,FALSE POSITIVE,FALSE POSITIVE,,1,0,1,0,163.820347000,2.2960000e-03,-2.2960000e-03,232.6163000,1.080000e-02,-1.080000e-02,0.2012,0.3268,-0.2011,1.33100,0.84500,-0.84500,1.1960e+03,2.490e+02,-2.490e+02,2.59,2.600e-01,-1.300e-01,251.0,,,0.93,0.38,-0.19,7.00,1,q1_q16_tce,4822.00,185.00,-146.00,4.594,0.016,-0.075,0.7710,0.0770,-0.0400,290.144900,51.257710,15.001
12417572,K05970.01,,FALSE POSITIVE,FALSE POSITIVE,,1,0,1,0,151.577009000,2.8640000e-03,-2.8640000e-03,194.7958000,1.550000e-02,-1.550000e-02,0.0653,0.3855,-0.0652,2.59000,0.50300,-0.50300,4.6790e+02,7.640e+01,-7.640e+01,3.67,1.880e+00,-9.500e-01,502.0,,,14.96,23.09,-7.92,9.30,1,q1_q16_tce,6854.00,183.00,-260.00,4.106,0.186,-0.288,1.6740,0.8590,-0.4330,295.918430,51.250118,13.965
12418418,K05971.01,,CANDIDATE,CANDIDATE,,0,0,0,0,493.305720000,1.0140000e-02,-1.0140000e-02,361.8842000,1.340000e-02,-1.340000e-02,0.3270,0.1407,-0.3270,5.42500,0.50900,-0.50900,4.0450e+02,4.850e+01,-4.850e+01,1.08,8.000e-02,-8.000e-02,149.0,,,0.12,0.03,-0.03,7.20,1,q1_q16_tce,4558.00,130.00,-122.00,4.697,0.053,-0.034,0.5480,0.0400,-0.0390,296.263240,51.266090,13.771
12505590,K05972.01,,CANDIDATE,CANDIDATE,,0,0,0,0,449.872030000,1.2000000e-02,-1.2000000e-02,298.1950000,1.570000e-02,-1.570000e-02,0.1377,0.3263,-0.1376,6.53900,0.51700,-0.51700,1.1300e+03,1.350e+02,-1.350e+02,2.59,7.500e-01,-1.900e-01,199.0,,,0.37,0.33,-0.09,10.50,1,q1_q16_tce,5310.00,172.00,-139.00,4.578,0.029,-0.175,0.7860,0.2260,-0.0590,288.627690,51.400131,15.290
12506986,K05973.01,,CANDIDATE,CANDIDATE,,0,0,0,0,419.933730000,4.0540000e-02,-4.0540000e-02,391.9313000,2.890000e-02,-2.890000e-02,0.4097,0.0296,-0.4095,10.29000,1.10000,-1.10000,2.8500e+02,3.280e+01,-3.280e+01,1.82,7.200e-01,-1.700e-01,285.0,,,1.57,1.74,-0.44,12.00,1,q1_q16_tce,6686.00,149.00,-203.00,4.425,0.053,-0.273,1.0530,0.4120,-0.1000,289.402400,51.441738,12.710
10991431,K05851.01,,CANDIDATE,CANDIDATE,,0,0,0,0,322.221973000,8.7060000e-03,-8.7060000e-03,217.0496000,2.060000e-02,-2.060000e-02,0.2141,0.2287,-0.2138,7.53100,0.74700,-0.74700,4.6560e+02,6.420e+01,-6.420e+01,2.18,8.800e-01,-2.400e-01,277.0,,,1.40,1.68,-0.43,8.90,1,q1_q16_tce,6026.00,164.00,-200.00,4.437,0.064,-0.282,1.0060,0.4080,-0.1090,298.307250,48.482460,14.718
11021266,K05852.01,,CANDIDATE,CANDIDATE,,0,0,0,0,235.413973000,5.3500000e-03,-5.3500000e-03,307.0728000,1.570000e-02,-1.570000e-02,0.1095,0.3364,-0.1094,3.06500,0.32500,-0.32500,1.0270e+03,1.800e+02,-1.800e+02,3.20,1.410e+00,-3.000e-01,304.0,,,2.03,2.66,-0.61,6.90,1,q1_q16_tce,6028.00,166.00,-224.00,4.468,0.048,-0.304,1.0010,0.4410,-0.0960,287.360440,48.556400,15.583
11021676,K05853.01,,CANDIDATE,CANDIDATE,,0,0,0,0,366.682930000,1.0660000e-02,-1.0660000e-02,257.6476000,2.380000e-02,-2.380000e-02,0.7820,0.1925,-0.5551,3.85400,0.56800,-0.56800,1.0750e+03,1.930e+02,-1.930e+02,3.15,1.320e+00,-3.500e-01,222.0,,,0.58,0.79,-0.18,6.40,1,q1_q16_tce,5217.00,217.00,-162.00,4.462,0.096,-0.325,0.8690,0.3640,-0.0960,287.603060,48.599289,15.847
11026582,K05854.01,,CANDIDATE,CANDIDATE,0.9820,0,0,0,0,240.571350000,1.3070000e-03,-1.3070000e-03,239.5035300,4.390000e-03,-4.390000e-03,0.4570,0.4010,-0.2590,11.16400,0.16200,-0.16200,9.2150e+02,2.930e+01,-2.930e+01,2.93,8.900e-01,-3.000e-01,302.0,,,1.96,1.75,-0.57,36.90,1,q1_q17_dr25_tce,6146.00,170.00,-192.00,4.497,0.052,-0.208,0.9430,0.2870,-0.0960,290.250850,48.558701,14.466
11036168,K05855.01,,CANDIDATE,CANDIDATE,0.8580,0,0,0,0,217.792748000,3.1160000e-03,-3.1160000e-03,210.6893000,1.210000e-02,-1.210000e-02,0.9260,0.0130,-0.6590,4.69500,0.21600,-0.21600,1.4870e+03,1.040e+02,-1.040e+02,6.15,9.600e-01,-1.170e+00,334.0,,,2.94,1.23,-1.11,16.60,1,q1_q17_dr25_tce,5600.00,84.00,-67.00,4.209,0.182,-0.112,1.2830,0.2000,-0.2450,294.796510,48.557861,15.138
11037818,K05856.01,Kepler-1638 b,CONFIRMED,CANDIDATE,0.8480,0,0,0,0,259.343040000,1.2560000e-02,-1.2560000e-02,165.6794000,4.260000e-02,-4.260000e-02,0.4470,0.5160,-0.2420,16.04000,1.10000,-1.10000,3.4970e+02,3.030e+01,-3.030e+01,6.04,1.020e+00,-2.230e+00,449.0,,,9.65,4.36,-6.03,13.10,1,q1_q17_dr25_tce,5490.00,82.00,-82.00,3.629,0.262,-0.087,3.2040,0.5450,-1.1800,295.482420,48.524441,14.759
11046723,K05857.01,,CANDIDATE,CANDIDATE,,0,0,0,0,388.038848510,,,513.4051356,,,,,,4.44000,,,,,,,,,,,,,,,,1,q1_q16_tce,,,,,,,,,,298.713470,48.545479,13.583
11046870,K05858.01,,FALSE POSITIVE,FALSE POSITIVE,0.0000,0,0,1,1,8.344107910,5.8230000e-05,-5.8230000e-05,136.5452800,4.980000e-03,-4.980000e-03,0.5460,0.4330,-0.3400,1.60600,0.19700,-0.19700,2.5520e+02,3.400e+01,-3.400e+01,1.75,5.500e-01,-1.900e-01,993.0,,,229.93,208.94,-73.91,9.90,1,q1_q17_dr25_tce,6321.00,175.00,-241.00,4.434,0.065,-0.195,1.0580,0.3260,-0.1160,298.758330,48.597790,15.067
12554212,K05974.01,,CANDIDATE,CANDIDATE,0.9930,0,0,0,0,4.768155070,4.9010000e-05,-4.9010000e-05,131.8568600,7.580000e-03,-7.580000e-03,0.0460,0.4140,-0.0460,2.11500,0.24900,-0.24900,6.1000e+01,7.900e+00,-7.900e+00,0.49,4.000e-02,-4.000e-02,761.0,,,79.48,28.73,-22.30,9.20,1,q1_q17_dr25_tce,4680.00,167.00,-167.00,4.618,0.056,-0.032,0.6490,0.0570,-0.0570,288.916200,51.534962,13.442
12645262,K05975.01,,FALSE POSITIVE,FALSE POSITIVE,,1,0,0,0,545.456239720,,,131.6984103,,,,,,5.91000,,,,,,,,,,,,,,,,1,q1_q16_tce,,,,,,,,,,289.403170,51.736649,12.104
12645761,K05976.01,,FALSE POSITIVE,FALSE POSITIVE,0.0000,0,1,0,0,2.709570339,4.9400000e-07,-4.9400000e-07,134.0848910,1.490000e-04,-1.490000e-04,1.2380,0.0590,-0.0670,5.57527,0.00756,-0.00756,1.3171e+04,1.660e+01,-1.660e+01,223.75,7.763e+01,-1.035e+02,2427.0,,,8211.89,8071.72,-6068.60,900.90,1,q1_q17_dr25_tce,5030.00,113.00,-125.00,3.180,0.378,-0.252,5.2080,1.8070,-2.4100,289.703950,51.714401,13.368
12690465,K05977.01,,CANDIDATE,CANDIDATE,,0,0,0,0,49.490598180,,,160.3970528,,,,,,1.61000,,,,,,,,,,,,,,,,1,q1_q16_tce,,,,,,,,,,289.703950,51.871689,13.841
12734110,K05978.01,,CANDIDATE,CANDIDATE,,0,0,0,0,364.181290000,2.2350000e-02,-2.2350000e-02,245.1789000,3.060000e-02,-3.060000e-02,0.0594,0.4299,-0.0592,6.65000,1.10000,-1.10000,4.6950e+02,9.580e+01,-9.580e+01,1.78,7.000e-01,-1.600e-01,209.0,,,0.45,0.59,-0.12,7.00,1,q1_q16_tce,4988.00,209.00,-153.00,4.498,0.070,-0.407,0.8500,0.3340,-0.0760,288.719060,51.914211,14.923
12735793,K05979.01,,CANDIDATE,CANDIDATE,,0,0,0,0,37.793511300,5.6080000e-04,-5.6080000e-04,167.4179000,1.190000e-02,-1.190000e-02,0.0794,0.3883,-0.0793,1.71800,0.44900,-0.44900,6.7200e+01,1.340e+01,-1.340e+01,0.89,4.800e-01,-9.000e-02,592.0,,,29.06,47.29,-8.07,6.90,1,q1_q16_tce,6178.00,141.00,-183.00,4.417,0.056,-0.329,1.0760,0.5910,-0.1050,289.791660,51.993721,11.982
12736658,K05980.01,,FALSE POSITIVE,FALSE POSITIVE,0.0000,1,0,1,0,0.855294909,8.7000000e-08,-8.7000000e-08,131.6579596,8.360000e-05,-8.360000e-05,1.2690,0.0480,-0.0440,2.89112,0.00353,-0.00353,6.7716e+03,5.200e+00,-5.200e+00,49.03,1.328e+01,-1.089e+01,2137.0,,,4916.23,3918.55,-2283.26,870.30,1,q1_q17_dr25_tce,5846.00,158.00,-176.00,4.270,0.204,-0.167,1.2070,0.3270,-0.2680,290.269560,51.916302,13.683
12835139,K05981.01,,FALSE POSITIVE,FALSE POSITIVE,,1,0,0,0,350.609298000,7.8180000e-03,-7.8180000e-03,163.1091000,1.680000e-02,-1.680000e-02,0.0409,0.5581,-0.0409,1.62100,0.35600,-0.35600,3.6950e+02,9.850e+01,-9.850e+01,3.88,1.400e+00,-1.420e+00,405.0,,,6.37,6.82,-4.17,3.60,1,q1_q16_tce,6658.00,188.00,-249.00,3.934,0.311,-0.184,1.9920,0.7200,-0.7290,290.389770,52.171055,13.329
11069681,K05859.01,,CANDIDATE,CANDIDATE,,0,0,0,0,172.621943000,4.2080000e-03,-4.2080000e-03,170.0140000,1.370000e-02,-1.370000e-02,0.3131,0.1442,-0.3131,4.43500,0.62100,-0.62100,7.8800e+02,1.390e+02,-1.390e+02,26.09,1.330e+00,-6.640e+00,790.0,,,92.12,15.43,-46.23,3.40,1,q1_q16_tce,5119.00,72.00,-138.00,2.795,0.029,-0.032,9.3430,0.4740,-2.3780,283.309170,48.685829,13.414
11072982,K05860.01,,CANDIDATE,CANDIDATE,,0,0,0,0,264.708077000,7.8770000e-03,-7.8770000e-03,370.4525000,2.030000e-02,-2.030000e-02,0.2277,0.2282,-0.2276,3.97500,0.81100,-0.81100,4.6130e+02,7.230e+01,-7.230e+01,6.17,2.810e+00,-2.160e+00,425.0,,,7.68,10.46,-4.84,6.30,1,q1_q16_tce,5283.00,146.00,-174.00,3.617,0.306,-0.301,2.9070,1.3230,-1.0160,285.568790,48.632099,13.581
11073238,K05861.01,,FALSE POSITIVE,FALSE POSITIVE,,1,0,0,0,452.404280000,4.8070000e-02,-4.8070000e-02,189.0844000,4.000000e-02,-4.000000e-02,0.6038,0.3739,-0.3855,17.20000,1.80000,-1.80000,2.1670e+02,3.220e+01,-3.220e+01,1.58,7.400e-01,-1.500e-01,256.0,,,1.01,1.39,-0.28,8.20,1,q1_q16_tce,6195.00,151.00,-188.00,4.437,0.053,-0.306,1.0290,0.4820,-0.0980,285.724730,48.607632,13.752
11076176,K05862.01,,FALSE POSITIVE,FALSE POSITIVE,0.0000,0,1,0,0,0.699985822,9.2000000e-08,-9.2000000e-08,131.8405330,1.010000e-04,-1.010000e-04,0.2800,0.0190,-0.0060,3.02633,0.00881,-0.00881,3.8943e+05,8.470e+02,-8.470e+02,46.27,7.160e+00,-3.830e+00,1653.0,,,1761.47,882.07,-449.89,626.90,1,q1_q17_dr25_tce,5264.00,158.00,-158.00,4.617,0.036,-0.096,0.7240,0.1120,-0.0600,287.576570,48.679379,15.667
11080702,K05863.01,,CANDIDATE,CANDIDATE,,0,0,0,0,8.672379680,7.6920000e-05,-7.6920000e-05,132.5507300,7.150000e-03,-7.150000e-03,0.1385,0.3109,-0.1385,2.82600,0.25800,-0.25800,9.9100e+01,1.060e+01,-1.060e+01,0.87,3.600e-01,-8.000e-02,825.0,,,109.61,132.51,-28.23,12.30,1,q1_q17_dr24_tce,5620.00,156.00,-139.00,4.498,0.054,-0.271,0.8820,0.3590,-0.0830,290.002080,48.655361,14.219
11082795,K05864.01,,CANDIDATE,CANDIDATE,,0,0,0,0,35.921691200,2.9730000e-04,-2.9730000e-04,148.9344100,7.140000e-03,-7.140000e-03,0.7193,0.2353,-0.4049,0.58500,0.31800,-0.31800,2.2130e+02,4.300e+01,-4.300e+01,1.38,5.000e-01,-1.400e-01,468.0,,,11.38,12.73,-3.20,5.60,1,q1_q16_tce,5161.00,172.00,-138.00,4.490,0.083,-0.462,0.8290,0.3010,-0.0870,291.170840,48.649261,13.791
11090561,K05865.01,,FALSE POSITIVE,FALSE POSITIVE,0.0000,0,0,1,0,35.872691800,2.0100000e-04,-2.0100000e-04,131.5668000,4.700000e-03,-4.700000e-03,0.9630,0.0680,-0.5840,4.40200,0.51500,-0.51500,9.1630e+02,5.350e+01,-5.350e+01,62.51,3.880e+00,-2.072e+01,1670.0,,,1837.31,541.40,-1187.68,24.60,1,q1_q17_dr25_tce,5254.00,184.00,-299.00,2.494,0.030,-0.030,15.3690,0.9550,-5.0940,294.868190,48.649578,13.375
11090926,K05866.01,,CANDIDATE,CANDIDATE,,0,0,0,0,102.300622000,1.7120000e-03,-1.7120000e-03,208.6092000,1.260000e-02,-1.260000e-02,0.9599,0.0149,-0.6621,4.47300,0.25600,-0.25600,7.8120e+02,8.790e+01,-8.790e+01,35.36,6.140e+00,-4.710e+00,984.0,,,221.33,104.27,-72.98,13.00,1,q1_q16_tce,4895.00,81.00,-138.00,2.566,0.029,-0.027,9.4350,1.6390,-1.2560,295.023250,48.680649,13.830
11097752,K05867.01,,CANDIDATE,CANDIDATE,,0,0,0,0,359.845500000,2.7540000e-02,-2.7540000e-02,210.5057000,4.630000e-02,-4.630000e-02,0.4022,0.0117,-0.4022,34.84000,9.30000,-9.30000,5.0390e+02,4.610e+01,-4.610e+01,14.76,1.460e+00,-3.420e+00,510.0,,,16.01,4.73,-7.65,12.30,1,q1_q16_tce,4945.00,88.00,-149.00,3.058,0.032,-0.028,6.6320,0.6560,-1.5360,297.650700,48.617802,12.117
11098704,K05868.01,,CANDIDATE,CANDIDATE,,0,0,0,0,22.778312100,1.6990000e-04,-1.6990000e-04,145.9679800,5.400000e-03,-5.400000e-03,0.3499,0.1412,-0.3497,1.03700,0.25200,-0.25200,1.5560e+02,3.200e+01,-3.200e+01,1.89,1.010e+00,-4.500e-01,863.0,,,130.87,211.18,-64.79,7.30,1,q1_q16_tce,6538.00,166.00,-226.00,4.162,0.188,-0.287,1.4770,0.7940,-0.3510,298.021360,48.626141,13.787
11100170,K05869.01,,CANDIDATE,CANDIDATE,,0,0,0,0,114.406187000,1.5000000e-03,-1.5000000e-03,225.7127000,9.050000e-03,-9.050000e-03,0.2729,0.2012,-0.2728,4.92000,0.29400,-0.29400,1.3060e+03,1.430e+02,-1.430e+02,2.42,2.300e-01,-2.300e-01,267.0,,,1.21,0.47,-0.35,11.40,1,q1_q16_tce,4641.00,177.00,-160.00,4.589,0.051,-0.037,0.6910,0.0650,-0.0670,298.575230,48.668362,15.746
11129145,K05870.01,,CANDIDATE,CANDIDATE,,0,0,0,0,132.114000000,2.4690000e-03,-2.4690000e-03,238.0080000,1.420000e-02,-1.420000e-02,0.2502,0.2276,-0.2502,2.51400,0.48100,-0.48100,2.1680e+02,3.920e+01,-3.920e+01,0.75,5.000e-02,-7.000e-02,217.0,,,0.52,0.17,-0.14,5.70,1,q1_q16_tce,4342.00,135.00,-141.00,4.715,0.060,-0.035,0.5230,0.0400,-0.0480,287.468230,48.758659,13.586
11145391,K05871.01,,CANDIDATE,CANDIDATE,,0,0,0,0,623.234400000,1.4150000e-02,-1.4150000e-02,274.3089000,1.780000e-02,-1.780000e-02,0.0831,0.3252,-0.0830,14.44800,0.65200,-0.65200,6.0280e+02,4.670e+01,-4.670e+01,2.04,9.000e-01,-2.100e-01,196.0,,,0.35,0.47,-0.10,15.80,1,q1_q16_tce,5600.00,180.00,-145.00,4.496,0.071,-0.275,0.8390,0.3680,-0.0890,295.476900,48.765079,14.645
11145637,K05872.01,,CANDIDATE,CANDIDATE,,0,0,0,0,46.160515790,,,137.0802908,,,,,,2.37000,,,,,,,,,,,,,,,,1,q1_q16_tce,,,,,,,,,,295.568120,48.759811,15.655
11147785,K05873.01,,CANDIDATE,CANDIDATE,,0,0,0,0,217.170081000,3.5110000e-03,-3.5110000e-03,229.9068000,1.110000e-02,-1.110000e-02,86.1724,14.8000,-24.3500,4.29100,0.64600,-0.64600,9.3700e+02,1.120e+02,-1.120e+02,109061.00,1.748e+04,-3.265e+04,802.0,,,97.62,40.97,-56.81,9.50,1,q1_q16_tce,5083.00,68.00,-200.00,2.638,0.029,-0.030,11.7230,1.8790,-3.5100,296.324710,48.783112,12.446
11152511,K05874.01,,CANDIDATE,CANDIDATE,0.5340,0,0,0,0,287.331140000,1.1330000e-02,-1.1330000e-02,360.8412000,3.060000e-02,-3.060000e-02,0.5290,0.4120,-0.3140,12.72200,0.56700,-0.56700,4.0670e+02,2.440e+01,-2.440e+01,2.07,2.600e-01,-2.500e-01,266.0,,,1.18,0.39,-0.33,19.70,1,q1_q17_dr25_tce,5426.00,76.00,-76.00,4.378,0.126,-0.084,1.0070,0.1240,-0.1240,298.062290,48.724918,13.618
11176166,K05875.01,Kepler-1639 b,CONFIRMED,CANDIDATE,1.0000,0,0,0,0,9.878850200,3.5930000e-04,-3.5930000e-04,134.3829000,3.430000e-02,-3.430000e-02,0.7320,0.2380,-0.5000,2.95100,0.21100,-0.21100,4.5470e+02,3.840e+01,-3.840e+01,2.64,8.300e-01,-3.600e-01,1003.0,,,238.98,216.59,-86.23,13.40,1,q1_q17_dr25_tce,6477.00,159.00,-250.00,4.361,0.087,-0.203,1.1480,0.3620,-0.1550,283.068630,48.802078,14.496
11182213,K05876.01,,CANDIDATE,CANDIDATE,,0,0,0,0,189.456089000,4.5650000e-03,-4.5650000e-03,233.6331000,1.490000e-02,-1.490000e-02,0.2906,0.3454,-0.2904,3.07700,0.92900,-0.92900,4.5300e+02,1.750e+02,-1.750e+02,2.20,7.900e-01,-3.000e-01,337.0,,,3.04,3.21,-1.03,5.40,1,q1_q16_tce,5991.00,166.00,-176.00,4.387,0.104,-0.250,1.0260,0.3670,-0.1400,287.223510,48.813251,15.242
11183752,K05877.01,,CANDIDATE,CANDIDATE,,0,0,0,0,230.358183000,4.6990000e-03,-4.6990000e-03,233.7677000,1.710000e-02,-1.710000e-02,0.4159,0.0643,-0.4157,2.03100,0.44200,-0.44200,1.0230e+03,1.800e+02,-1.800e+02,2.87,1.220e+00,-3.400e-01,289.0,,,1.66,2.17,-0.51,6.20,1,q1_q16_tce,5803.00,194.00,-165.00,4.465,0.086,-0.276,0.8840,0.3750,-0.1050,288.218540,48.886742,15.571
11191364,K05878.01,,CANDIDATE,CANDIDATE,,0,0,0,0,211.541140000,1.5940000e-02,-1.5940000e-02,236.2702000,4.720000e-02,-4.720000e-02,0.1723,0.3262,-0.1720,5.40000,1.60000,-1.60000,7.5100e+02,1.740e+02,-1.740e+02,1.88,4.300e-01,-1.300e-01,251.0,,,0.94,0.71,-0.23,5.30,1,q1_q16_tce,5433.00,222.00,-184.00,4.629,0.034,-0.126,0.6890,0.1550,-0.0490,292.335020,48.872520,15.784
11198419,K05879.01,,CANDIDATE,CANDIDATE,,0,0,0,0,88.523517000,2.3370000e-03,-2.3370000e-03,189.2756000,2.320000e-02,-2.320000e-02,0.9117,0.0087,-0.6588,7.22000,1.00000,-1.00000,8.2800e+02,1.040e+02,-1.040e+02,1.60,1.700e-01,-2.400e-01,209.0,,,0.45,0.13,-0.15,7.70,1,q1_q16_tce,3827.00,56.00,-75.00,4.782,0.060,-0.070,0.4620,0.0500,-0.0700,295.576290,48.897861,15.841
11199233,K05880.01,,FALSE POSITIVE,FALSE POSITIVE,,1,0,1,0,386.224009080,,,506.1610851,,,,,,4.93000,,,,,,,,,,,,,,,,1,q1_q16_tce,,,,,,,,,,295.895260,48.832939,14.166
11251991,K05881.01,,CANDIDATE,CANDIDATE,,0,0,0,0,134.358720000,5.2210000e-03,-5.2210000e-03,201.2636000,3.790000e-02,-3.790000e-02,0.2786,0.1768,-0.2784,13.30000,1.20000,-1.20000,7.5200e+01,5.400e+00,-5.400e+00,1.27,6.200e-01,-2.500e-01,499.0,,,14.61,21.24,-6.23,16.50,1,q1_q16_tce,6948.00,173.00,-221.00,4.194,0.147,-0.275,1.4330,0.7040,-0.2750,295.461490,48.903751,11.083
11298442,K05882.01,,CANDIDATE,CANDIDATE,,0,0,0,0,55.014691830,,,156.7945344,,,,,,2.34000,,,,,,,,,,,,,,,,1,q1_q16_tce,,,,,,,,,,292.615970,49.003139,13.113
11305417,K05883.01,,CANDIDATE,CANDIDATE,,0,0,0,0,198.781156000,5.7550000e-03,-5.7550000e-03,284.3868000,2.200000e-02,-2.200000e-02,0.1924,0.2733,-0.1921,6.77000,0.66700,-0.66700,1.3830e+02,1.640e+01,-1.640e+01,1.69,9.700e-01,-3.700e-01,404.0,,,6.33,10.86,-2.99,10.30,1,q1_q16_tce,6493.00,157.00,-223.00,4.220,0.154,-0.317,1.4240,0.8140,-0.3150,295.740020,49.011520,12.752
11338918,K05884.01,,FALSE POSITIVE,FALSE POSITIVE,,0,0,0,0,588.637590000,1.3980000e-02,-1.3980000e-02,246.5250000,1.730000e-02,-1.730000e-02,0.3978,0.0902,-0.3978,3.84000,0.81200,-0.81200,3.2210e+02,8.110e+01,-8.110e+01,1.52,2.140e+00,-1.600e-01,185.0,,,0.28,1.55,-0.08,7.40,1,q1_q16_tce,5135.00,167.00,-139.00,4.479,0.087,-0.711,0.8490,1.2000,-0.0890,285.336150,49.190769,13.714
11340218,K05885.01,,CANDIDATE,CANDIDATE,,0,0,0,0,111.149082000,2.3760000e-03,-2.3760000e-03,193.6316000,1.420000e-02,-1.420000e-02,0.1665,0.3080,-0.1664,2.91100,0.67600,-0.67600,3.9420e+02,8.420e+01,-8.420e+01,1.87,8.000e-01,-1.500e-01,364.0,,,4.16,5.30,-1.05,5.90,1,q1_q16_tce,5763.00,157.00,-181.00,4.511,0.032,-0.309,0.9480,0.4070,-0.0740,286.123570,49.105289,14.889
11341266,K05886.01,,CANDIDATE,CANDIDATE,,0,0,0,0,284.871770000,1.6850000e-02,-1.6850000e-02,333.9721000,4.870000e-02,-4.870000e-02,0.0404,0.3910,-0.0402,15.63000,1.40000,-1.40000,1.0670e+02,1.250e+01,-1.250e+01,1.84,8.000e-01,-6.200e-01,401.0,,,6.10,7.91,-3.81,10.10,1,q1_q16_tce,6437.00,191.00,-239.00,4.004,0.292,-0.221,1.7730,0.7620,-0.6020,286.796110,49.194260,13.074
11341314,K05887.01,,FALSE POSITIVE,FALSE POSITIVE,0.0000,0,0,0,1,9.833847400,1.6540000e-04,-1.6540000e-04,132.5363000,1.750000e-02,-1.750000e-02,0.7330,0.2020,-0.5080,14.58500,0.43900,-0.43900,5.7600e+01,2.700e+00,-2.700e+00,0.98,1.500e-01,-1.200e-01,946.0,,,188.78,74.85,-51.21,23.80,1,q1_q17_dr25_tce,5929.00,71.00,-79.00,4.308,0.121,-0.110,1.2020,0.1850,-0.1480,286.831510,49.188240,12.792
11348610,K05888.01,,CANDIDATE,CANDIDATE,,0,0,0,0,190.860818000,4.5240000e-03,-4.5240000e-03,256.5195000,1.040000e-02,-1.040000e-02,0.4668,0.0488,-0.4668,2.82300,0.67200,-0.67200,5.1200e+02,1.330e+02,-1.330e+02,1.84,6.800e-01,-1.400e-01,273.0,,,1.32,1.45,-0.30,6.20,1,q1_q16_tce,5463.00,164.00,-142.00,4.578,0.026,-0.240,0.8030,0.2950,-0.0590,290.868800,49.105068,15.491
11351454,K05889.01,,CANDIDATE,CANDIDATE,,0,0,0,0,374.418130000,2.9510000e-02,-2.9510000e-02,462.0983000,3.500000e-02,-3.500000e-02,0.5723,0.3901,-0.3536,17.90000,1.30000,-1.30000,4.3020e+02,5.450e+01,-5.450e+01,2.42,1.370e+00,-2.800e-01,280.0,,,1.44,2.52,-0.47,8.90,1,q1_q17_dr24_tce,6195.00,167.00,-243.00,4.407,0.061,-0.331,1.1240,0.6400,-0.1270,292.399260,49.173641,15.429
11355925,K05890.01,,CANDIDATE,CANDIDATE,,0,0,0,0,263.301980000,5.0960000e-03,-5.0960000e-03,308.8678000,1.260000e-02,-1.260000e-02,0.1782,0.3054,-0.1781,2.21300,0.54100,-0.54100,3.7760e+02,7.320e+01,-7.320e+01,2.19,7.400e-01,-4.300e-01,308.0,,,2.11,2.09,-0.88,5.60,1,q1_q16_tce,5758.00,161.00,-146.00,4.277,0.190,-0.214,1.1320,0.3780,-0.2230,294.526820,49.175072,14.225
11391512,K05891.01,,CANDIDATE,CANDIDATE,,0,0,0,0,370.317610000,1.1940000e-02,-1.1940000e-02,230.3001000,2.350000e-02,-2.350000e-02,0.3565,0.1197,-0.3565,12.58800,0.72800,-0.72800,1.8850e+03,1.510e+02,-1.510e+02,2.98,2.600e-01,-2.700e-01,182.0,,,0.26,0.09,-0.07,15.10,1,q1_q16_tce,4665.00,145.00,-125.00,4.584,0.046,-0.034,0.7010,0.0610,-0.0630,285.208500,49.207829,15.988
11393248,K05892.01,,CANDIDATE,CANDIDATE,,0,0,0,0,37.959659000,1.0950000e-03,-1.0950000e-03,145.2340000,1.700000e-02,-1.700000e-02,0.3842,0.1241,-0.3492,2.79300,0.48700,-0.48700,2.8790e+02,5.580e+01,-5.580e+01,1.41,4.700e-01,-1.100e-01,484.0,,,12.93,12.58,-3.09,6.90,1,q1_q16_tce,5573.00,154.00,-146.00,4.558,0.030,-0.223,0.8270,0.2730,-0.0660,286.300840,49.211319,15.337
11393633,K05893.01,,CANDIDATE,CANDIDATE,,0,0,0,0,405.629600000,2.6320000e-02,-2.6320000e-02,245.7373000,5.570000e-02,-5.570000e-02,0.4652,0.0064,-0.4489,11.26000,2.10000,-2.10000,3.0430e+02,5.910e+01,-5.910e+01,1.40,5.300e-01,-1.100e-01,216.0,,,0.52,0.58,-0.12,5.80,1,q1_q16_tce,5583.00,159.00,-144.00,4.580,0.030,-0.240,0.7900,0.2990,-0.0590,286.555540,49.240501,15.006
11401845,K05894.01,,FALSE POSITIVE,FALSE POSITIVE,0.0000,0,1,0,0,1.080695116,6.2290000e-06,-6.2290000e-06,131.8682200,5.250000e-03,-5.250000e-03,0.6200,0.1430,-0.1370,7.44900,0.10700,-0.10700,3.1277e+05,3.150e+03,-3.150e+03,155.22,2.892e+01,-5.373e+01,3344.0,,,29671.05,17565.38,-18972.82,198.80,1,q1_q17_dr25_tce,7796.00,244.00,-325.00,3.937,0.280,-0.120,2.3400,0.4360,-0.8100,291.297000,49.244469,14.355
11407847,K05895.01,,CANDIDATE,CANDIDATE,0.9490,0,0,0,0,11.830772400,2.9400000e-04,-2.9400000e-04,140.1105000,2.340000e-02,-2.340000e-02,0.5920,0.3690,-0.3830,8.79100,0.53200,-0.53200,1.3600e+02,1.290e+01,-1.290e+01,1.16,2.900e-01,-1.700e-01,770.0,,,83.17,63.41,-29.60,12.40,1,q1_q17_dr25_tce,5550.00,166.00,-166.00,4.411,0.124,-0.186,0.9580,0.2410,-0.1410,294.300840,49.240311,15.337
11414368,K05896.01,,CANDIDATE,CANDIDATE,,0,0,0,0,434.281750000,1.8430000e-02,-1.8430000e-02,363.3130000,2.700000e-02,-2.700000e-02,0.3094,0.1312,-0.3093,8.14000,1.00000,-1.00000,6.6310e+02,9.390e+01,-9.390e+01,1.94,1.080e+00,-2.100e-01,212.0,,,0.48,0.87,-0.14,12.80,1,q1_q16_tce,5544.00,196.00,-158.00,4.529,0.087,-0.445,0.7500,0.4210,-0.0790,296.964230,49.202339,14.886
8355178,K06178.02,,CANDIDATE,CANDIDATE,,0,0,0,0,33.814176000,1.0910000e-03,-1.0910000e-03,142.4542000,3.750000e-02,-3.750000e-02,0.1563,0.3021,-0.1563,7.69000,1.70000,-1.70000,2.2260e+02,4.600e+01,-4.600e+01,1.49,5.100e-01,-1.400e-01,589.0,,,28.41,28.02,-8.17,8.10,2,q1_q16_tce,6122.00,146.00,-209.00,4.471,0.047,-0.255,0.9960,0.3430,-0.0950,287.531770,44.308010,15.863
8374077,K06179.01,,CANDIDATE,CANDIDATE,0.9790,0,0,0,0,16.295784700,2.5490000e-04,-2.5490000e-04,133.6205000,1.520000e-02,-1.520000e-02,0.6030,0.3620,-0.3790,5.16000,0.43600,-0.43600,4.0980e+02,3.390e+01,-3.390e+01,2.13,6.700e-01,-2.200e-01,744.0,,,72.62,69.28,-22.83,14.20,1,q1_q17_dr25_tce,6063.00,190.00,-232.00,4.476,0.054,-0.216,1.0120,0.3180,-0.1060,294.856600,44.322041,15.735
8494783,K06180.01,,CANDIDATE,CANDIDATE,,0,0,0,0,28.201998000,,,146.9903597,,,,,,3.86000,,,,,,,,,,,,,,,,6,q1_q16_tce,,,,,,,,,,291.637330,44.564220,12.044
8494783,K06180.02,,CANDIDATE,CANDIDATE,,0,0,0,0,58.925650000,1.7300000e-02,-1.7300000e-02,176.6709000,5.780000e-02,-5.780000e-02,0.0655,0.3635,-0.0654,14.56000,2.00000,-2.00000,4.4700e+01,7.400e+00,-7.400e+00,1.50,6.700e-01,-3.800e-01,809.0,,,101.17,137.12,-54.02,5.30,7,q1_q16_tce,7282.00,231.00,-303.00,3.961,0.182,-0.256,2.2160,0.9790,-0.5690,291.637330,44.564220,12.044
8517303,K06181.01,,FALSE POSITIVE,FALSE POSITIVE,0.0000,0,1,0,0,24.073377500,1.9120000e-04,-1.9120000e-04,141.1353900,6.420000e-03,-6.420000e-03,0.9140,0.0080,-0.0110,19.61200,0.43700,-0.43700,1.3257e+03,2.080e+01,-2.080e+01,27.78,8.970e+00,-3.840e+00,1263.0,,,601.46,514.73,-178.16,76.90,1,q1_q17_dr25_tce,4647.00,69.00,-62.00,2.843,0.140,-0.171,6.0550,1.9540,-0.8370,298.750000,44.572540,11.430
8590149,K06182.01,,CANDIDATE,CANDIDATE,0.5600,0,0,0,0,19.240582100,7.9350000e-04,-7.9350000e-04,138.7454000,3.000000e-02,-3.000000e-02,0.2580,0.2120,-0.2580,4.99000,0.58000,-0.58000,2.0740e+02,2.680e+01,-2.680e+01,1.19,6.000e-02,-9.000e-02,565.0,,,24.17,4.00,-4.81,9.00,1,q1_q17_dr25_tce,5031.00,83.00,-75.00,4.485,0.080,-0.025,0.8480,0.0380,-0.0660,300.902470,44.612610,15.099
10055126,K01608.03,Kepler-311 d,CONFIRMED,CANDIDATE,0.9600,0,0,0,0,232.040326000,6.9020000e-03,-6.9020000e-03,262.2531000,2.650000e-02,-2.650000e-02,0.6100,0.3410,-0.3880,12.23500,0.76500,-0.76500,2.9080e+02,2.190e+01,-2.190e+01,2.05,3.300e-01,-2.900e-01,327.0,,,2.71,1.20,-0.88,15.20,3,q1_q17_dr25_tce,5903.00,106.00,-117.00,4.300,0.150,-0.100,1.1560,0.1850,-0.1660,282.061280,47.085491,13.797
8590149,K06182.02,,CANDIDATE,CANDIDATE,,0,0,0,0,28.684308000,1.3290000e-03,-1.3290000e-03,148.2364000,3.340000e-02,-3.340000e-02,0.0138,0.4465,-0.0134,4.64000,0.96900,-0.96900,2.8230e+02,4.190e+01,-4.190e+01,1.35,5.400e-01,-1.500e-01,512.0,,,16.27,20.45,-4.77,9.10,2,q1_q16_tce,5243.00,180.00,-144.00,4.490,0.086,-0.404,0.8210,0.3320,-0.0910,300.902470,44.612610,15.099
3559935,K00492.02,,CANDIDATE,CANDIDATE,,0,0,0,0,265.296170000,1.5480000e-02,-1.5480000e-02,297.8704000,2.360000e-02,-2.360000e-02,0.3323,0.1105,-0.3321,4.10000,0.92300,-0.92300,6.0800e+02,1.340e+02,-1.340e+02,2.99,1.160e+00,-6.000e-01,302.0,,,1.97,2.29,-0.84,5.90,2,q1_q16_tce,5589.00,163.00,-154.00,4.270,0.175,-0.230,1.2180,0.4720,-0.2440,295.182920,38.654228,14.424
9285265,K03410.02,Kepler-1491 c,CONFIRMED,CANDIDATE,0.9790,0,0,0,0,61.569765000,1.8040000e-03,-1.8040000e-03,182.0201000,2.480000e-02,-2.480000e-02,0.4860,0.0740,-0.4090,9.75000,0.63500,-0.63500,2.9830e+02,3.090e+01,-3.090e+01,2.44,3.900e-01,-5.300e-01,530.0,,,18.66,7.87,-7.77,10.90,2,q1_q17_dr25_tce,5626.00,77.00,-77.00,4.149,0.188,-0.101,1.3890,0.2230,-0.2980,293.629760,45.740650,15.589
3559860,K03440.02,,CANDIDATE,CANDIDATE,0.0940,0,0,0,0,58.940569000,1.2130000e-03,-1.2130000e-03,159.6218000,1.440000e-02,-1.440000e-02,0.6430,0.3240,-0.4120,4.76900,0.54400,-0.54400,5.7030e+02,7.420e+01,-7.420e+01,2.48,4.100e-01,-1.400e-01,465.0,,,11.06,4.67,-1.75,9.20,2,q1_q17_dr25_tce,5819.00,69.00,-87.00,4.468,0.032,-0.128,0.9900,0.1630,-0.0540,295.167210,38.637081,15.606
5384713,K03444.04,,CANDIDATE,CANDIDATE,0.0000,0,0,0,0,14.150231100,1.3120000e-04,-1.3120000e-04,141.4734400,7.680000e-03,-7.680000e-03,0.0130,0.4500,-0.0130,1.50300,0.28200,-0.28200,2.0810e+02,3.040e+01,-3.040e+01,0.74,5.000e-02,-5.000e-02,390.0,,,5.44,1.14,-1.11,9.30,5,q1_q17_dr25_tce,3705.00,74.00,-74.00,4.721,0.039,-0.021,0.5290,0.0300,-0.0380,297.429200,40.561909,13.693
6364582,K03456.02,,CANDIDATE,CANDIDATE,,0,0,0,0,486.127020000,2.1850000e-02,-2.1850000e-02,426.1722000,3.080000e-02,-3.080000e-02,0.3621,0.0933,-0.3621,9.49500,0.82000,-0.82000,1.2060e+02,1.560e+01,-1.560e+01,1.18,4.400e-01,-1.600e-01,249.0,,,0.91,1.00,-0.30,8.10,2,q1_q16_tce,6008.00,156.00,-174.00,4.373,0.103,-0.255,1.0620,0.3970,-0.1410,292.002040,41.786961,12.988
6525209,K03479.02,,FALSE POSITIVE,FALSE POSITIVE,0.0000,0,0,1,1,1.710294740,1.4920000e-05,-1.4920000e-05,131.6130700,7.360000e-03,-7.360000e-03,0.8250,0.1430,-0.5880,2.94600,0.27300,-0.27300,1.5890e+02,1.450e+01,-1.450e+01,1.04,1.400e-01,-9.000e-02,1267.0,,,610.77,286.16,-154.94,14.50,4,q1_q17_dr25_tce,5365.00,160.00,-144.00,4.586,0.052,-0.078,0.7290,0.1040,-0.0640,292.721370,41.904919,14.658
6368175,K03503.02,Kepler-1703 c,CONFIRMED,CANDIDATE,,0,0,0,0,31.824530400,7.9280000e-04,-7.9280000e-04,144.5289000,1.770000e-02,-1.770000e-02,0.6810,0.0462,-0.4878,4.17000,1.00000,-1.00000,7.9000e+01,2.300e+01,-2.300e+01,0.80,3.400e-01,-5.000e-02,589.0,,,28.37,36.25,-6.36,7.70,2,q1_q17_dr24_tce,6338.00,171.00,-179.00,4.545,0.031,-0.319,0.8470,0.3650,-0.0570,293.150850,41.729252,13.827
5471158,K03504.02,,CANDIDATE,CANDIDATE,,0,0,0,0,140.244087490,,,217.2997957,,,,,,5.43000,,,,,,,,,,,,,,,,3,q1_q16_tce,,,,,,,,,,297.579800,40.603001,15.717
10407086,K04568.02,,CANDIDATE,CANDIDATE,,0,0,0,0,48.040666360,,,162.9114822,,,,,,1.62000,,,,,,,,,,,,,,,,2,q1_q16_tce,,,,,,,,,,292.792540,47.576721,12.877
9947653,K04647.02,,CANDIDATE,CANDIDATE,0.9720,0,0,0,0,12.008552000,1.6800000e-04,-1.6800000e-04,141.7017000,1.400000e-02,-1.400000e-02,0.9010,0.0020,-0.6240,4.61300,0.35400,-0.35400,7.6600e+01,7.400e+00,-7.400e+00,2.08,8.100e-01,-1.230e+00,1016.0,,,251.93,305.18,-214.46,11.80,2,q1_q17_dr25_tce,5303.00,175.00,-159.00,3.870,0.630,-0.270,1.9640,0.7730,-1.1590,290.259310,46.885109,13.726
6527078,K04657.02,,CANDIDATE,CANDIDATE,0.9690,0,0,0,0,10.431484700,7.3800000e-05,-7.3800000e-05,135.5422900,6.490000e-03,-6.490000e-03,0.9500,0.0010,-0.7340,2.09000,0.16100,-0.16100,5.9100e+01,6.800e+00,-6.800e+00,0.77,1.300e-01,-7.000e-02,700.0,,,56.67,30.80,-15.22,9.60,2,q1_q17_dr25_tce,5361.00,159.00,-159.00,4.588,0.038,-0.113,0.7740,0.1330,-0.0710,293.292790,41.997589,13.241
12416597,K04895.02,,CANDIDATE,CANDIDATE,,0,0,0,0,47.557135200,7.2510000e-04,-7.2510000e-04,135.8497000,1.320000e-02,-1.320000e-02,0.6234,0.3427,-0.3939,1.70800,0.45400,-0.45400,3.3900e+02,6.870e+01,-6.870e+01,1.85,7.100e-01,-2.200e-01,507.0,,,15.58,17.75,-4.81,6.70,2,q1_q16_tce,5861.00,166.00,-167.00,4.436,0.084,-0.263,0.9580,0.3670,-0.1140,295.514950,51.203739,14.732
2309587,K05982.01,,FALSE POSITIVE,FALSE POSITIVE,0.0030,0,1,0,0,1.838514245,3.8800000e-07,-3.8800000e-07,132.1012590,1.780000e-04,-1.780000e-04,0.9470,0.1340,-0.0950,3.26010,0.01030,-0.01030,1.1896e+05,2.800e+02,-2.800e+02,57.60,1.698e+01,-1.272e+01,1572.0,,,1447.16,1252.57,-659.98,470.00,1,q1_q17_dr25_tce,5799.00,157.00,-157.00,4.326,0.190,-0.190,1.0550,0.3110,-0.2330,292.899720,37.659309,13.925
2445134,K05983.01,,FALSE POSITIVE,FALSE POSITIVE,0.0010,0,1,0,0,8.412008943,2.3600000e-07,-2.3600000e-07,139.6485198,2.380000e-05,-2.380000e-05,0.5390,0.0040,-0.0010,5.41096,0.00120,-0.00120,1.3611e+05,2.820e+01,-2.820e+01,50.83,1.443e+01,-1.180e+01,1100.0,,,345.76,288.38,-167.47,5696.20,1,q1_q17_dr25_tce,6247.00,169.00,-206.00,4.225,0.185,-0.185,1.3140,0.3730,-0.3050,291.849700,37.738621,13.551
3241344,K05984.01,,FALSE POSITIVE,FALSE POSITIVE,0.0000,0,1,0,0,3.912679136,,,133.4288498,,,23.1270,,,3.55600,,,2.9151e+05,,,1794.20,2.143e+02,-1.944e+02,1018.0,,,253.12,107.99,-74.89,1229.90,1,q1_q17_dr25_tce,5616.00,185.00,-168.00,4.553,0.099,-0.081,0.7200,0.0860,-0.0780,293.016540,38.318451,14.756
3347485,K05985.01,,FALSE POSITIVE,FALSE POSITIVE,0.0000,0,1,0,0,7.544804312,3.2080000e-06,-3.2080000e-06,137.1196300,3.440000e-04,-3.440000e-04,1.2660,0.0970,-0.0660,8.26780,0.01780,-0.01780,6.5017e+03,1.330e+01,-1.330e+01,63.99,1.877e+01,-2.816e+01,1233.0,,,546.03,468.91,-392.38,587.20,1,q1_q17_dr25_tce,5953.00,159.00,-159.00,3.984,0.495,-0.165,1.6090,0.4720,-0.7080,292.779720,38.448551,12.920
2019477,K06093.02,,CANDIDATE,CANDIDATE,0.4790,0,0,0,0,27.249752100,7.0380000e-04,-7.0380000e-04,131.8837000,2.540000e-02,-2.540000e-02,0.1940,0.2600,-0.1940,11.60900,0.75200,-0.75200,1.0200e+02,8.000e+00,-8.000e+00,4.49,4.100e-01,-1.650e+00,1090.0,,,333.56,90.22,-207.63,14.60,2,q1_q17_dr25_tce,5440.00,87.00,-76.00,3.404,0.289,-0.051,4.5240,0.4160,-1.6650,292.551940,37.421211,13.330
2161623,K06094.01,,FALSE POSITIVE,FALSE POSITIVE,0.0000,0,1,0,0,2.283466438,3.0230000e-06,-3.0230000e-06,132.3488300,1.650000e-03,-1.650000e-03,0.4570,0.0110,-0.0090,7.79990,0.01550,-0.01550,8.6426e+05,1.028e+03,-1.028e+03,218.79,6.402e+01,-6.402e+01,2014.0,,,3883.24,3366.01,-2223.68,1103.10,1,q1_q17_dr25_tce,6723.00,189.00,-260.00,4.089,0.240,-0.180,1.7190,0.5030,-0.5030,291.744450,37.591019,14.312
2707097,K06095.01,,FALSE POSITIVE,FALSE POSITIVE,0.0000,0,1,0,0,0.692807507,1.1390000e-06,-1.1390000e-06,131.8809400,1.750000e-03,-1.750000e-03,1.1960,0.3440,-0.1740,1.49242,0.00778,-0.00778,2.5338e+04,6.490e+01,-6.490e+01,46.44,0.000e+00,0.000e+00,2057.0,,,4211.90,0.00,0.00,260.90,1,q1_q17_dr25_tce,5780.00,,,4.438,,,1.0000,,,290.045530,37.939384,15.726
2719873,K06096.01,,FALSE POSITIVE,FALSE POSITIVE,0.0000,0,1,0,0,17.279290765,8.8900000e-07,-8.8900000e-07,135.2741342,4.150000e-05,-4.150000e-05,0.4960,0.0050,-0.0010,5.07591,0.00139,-0.00139,1.6431e+05,7.650e+01,-7.650e+01,27.66,2.900e+00,-2.190e+00,556.0,,,22.63,8.42,-5.62,2841.50,1,q1_q17_dr25_tce,5251.00,156.00,-156.00,4.623,0.055,-0.055,0.6580,0.0690,-0.0520,292.930600,37.964420,15.160
8158127,K01015.03,,CANDIDATE,CANDIDATE,0.7050,0,0,0,0,16.997289400,1.2860000e-04,-1.2860000e-04,143.8730100,5.610000e-03,-5.610000e-03,0.8250,0.1420,-0.5930,2.58500,0.20900,-0.20900,2.2500e+02,2.290e+01,-2.290e+01,3.14,4.300e-01,-8.100e-01,956.0,,,197.18,72.73,-94.49,11.10,3,q1_q17_dr25_tce,5897.00,79.00,-79.00,3.980,0.203,-0.072,1.8600,0.2590,-0.4810,289.096890,44.004379,14.500
2852810,K06097.01,,CANDIDATE,CANDIDATE,,0,0,0,0,93.056543640,,,174.8833198,,,,,,2.34000,,,,,,,,,,,,,,,,2,q1_q16_tce,,,,,,,,,,291.515750,38.058418,12.749
2852810,K06097.02,,CANDIDATE,CANDIDATE,,0,0,0,0,88.433122000,6.1030000e-03,-6.1030000e-03,212.6803000,3.440000e-02,-3.440000e-02,0.0210,0.5142,-0.0208,2.39200,0.80100,-0.80100,1.2040e+02,4.760e+01,-4.760e+01,1.70,9.100e-01,-3.500e-01,595.0,,,29.68,48.41,-13.60,4.00,3,q1_q16_tce,7092.00,195.00,-264.00,4.176,0.144,-0.298,1.5250,0.8180,-0.3140,291.515750,38.058418,12.749
2852810,K06097.03,,CANDIDATE,CANDIDATE,,0,0,0,0,282.343150000,1.0910000e-02,-1.0910000e-02,261.7746000,2.700000e-02,-2.700000e-02,0.5038,0.0229,-0.4531,3.95600,0.79400,-0.79400,2.2050e+02,4.280e+01,-4.280e+01,2.35,1.250e+00,-4.900e-01,404.0,,,6.31,10.30,-2.89,3.70,4,q1_q16_tce,7092.00,195.00,-264.00,4.176,0.144,-0.298,1.5250,0.8180,-0.3140,291.515750,38.058418,12.749
8590780,K06183.01,,FALSE POSITIVE,FALSE POSITIVE,0.0000,0,1,0,0,4.326946311,1.4900000e-07,-1.4900000e-07,132.1921929,2.820000e-05,-2.820000e-05,0.4820,0.0030,-0.0030,5.55905,0.00063,-0.00063,4.0903e+05,3.370e+01,-3.370e+01,106.99,2.922e+01,-3.571e+01,1481.0,,,1137.15,938.80,-696.22,4247.80,1,q1_q17_dr25_tce,6231.00,188.00,-207.00,4.078,0.350,-0.150,1.5010,0.4100,-0.5010,301.169160,44.645962,13.253
8613338,K06184.01,,FALSE POSITIVE,FALSE POSITIVE,,1,0,0,0,527.290930000,1.3210000e-02,-1.3210000e-02,209.2180000,2.110000e-02,-2.110000e-02,0.2371,0.2146,-0.2369,14.30500,0.58100,-0.58100,2.0080e+02,1.620e+01,-1.620e+01,1.30,5.200e-01,-1.400e-01,216.0,,,0.51,0.61,-0.14,16.00,2,q1_q16_tce,5671.00,160.00,-141.00,4.466,0.070,-0.268,0.9190,0.3680,-0.0960,286.857270,44.766392,12.796
8646141,K06185.01,,FALSE POSITIVE,FALSE POSITIVE,,1,0,0,0,168.858303000,7.5280000e-03,-7.5280000e-03,237.5792000,3.810000e-02,-3.810000e-02,0.0436,0.4268,-0.0436,12.96400,0.88600,-0.88600,1.1910e+02,1.330e+01,-1.330e+01,2.41,8.000e-01,-9.000e-01,526.0,,,18.16,17.62,-12.00,9.70,2,q1_q16_tce,6608.00,174.00,-244.00,3.907,0.300,-0.180,2.1890,0.7280,-0.8150,298.540650,44.767578,13.409
8653134,K06186.01,Kepler-1643 b,CONFIRMED,CANDIDATE,1.0000,0,0,0,0,5.342641430,2.0740000e-05,-2.0740000e-05,134.3812200,3.160000e-03,-3.160000e-03,0.0210,0.4400,-0.0210,2.45300,0.10000,-0.10000,6.9130e+02,3.950e+01,-3.950e+01,1.72,2.100e-01,-1.300e-01,799.0,,,96.47,42.82,-25.84,19.90,1,q1_q17_dr25_tce,5101.00,184.00,-184.00,4.630,0.045,-0.060,0.6700,0.0800,-0.0530,300.431000,44.751015,13.116
8702921,K06187.01,,FALSE POSITIVE,FALSE POSITIVE,0.0000,0,1,0,0,19.384442450,1.3790000e-05,-1.3790000e-05,137.2148820,5.940000e-04,-5.940000e-04,0.2030,0.1040,-0.1160,20.58990,0.04560,-0.04560,3.3720e+03,5.600e+00,-5.600e+00,28.30,4.030e+00,-8.720e+00,1185.0,,,466.04,166.38,-263.61,685.30,1,q1_q17_dr25_tce,4968.00,49.00,-119.00,3.291,0.195,-0.105,5.0260,0.7150,-1.5490,296.665010,44.853069,11.980
8822421,K06188.01,,CANDIDATE,CANDIDATE,0.0000,0,0,0,0,1.645319649,9.0520000e-06,-9.0520000e-06,132.1307700,4.380000e-03,-4.380000e-03,0.1180,0.3430,-0.1180,1.63500,0.14100,-0.14100,1.0820e+03,1.090e+02,-1.090e+02,2.46,4.400e-01,-1.900e-01,1296.0,,,666.35,375.03,-157.14,11.80,1,q1_q17_dr25_tce,5416.00,162.00,-146.00,4.603,0.035,-0.112,0.7560,0.1350,-0.0580,293.247010,45.056461,15.517
8957954,K06189.01,,FALSE POSITIVE,FALSE POSITIVE,0.0000,0,1,0,0,2.179924994,6.5000000e-08,-6.5000000e-08,132.1293516,2.480000e-05,-2.480000e-05,0.7110,0.0040,-0.0080,4.87581,0.00085,-0.00085,2.5315e+05,6.910e+01,-6.910e+01,60.99,2.046e+01,-6.380e+00,1448.0,,,1040.63,1021.36,-309.80,4541.10,1,q1_q17_dr25_tce,6106.00,163.00,-199.00,4.487,0.054,-0.229,0.9660,0.3240,-0.1010,293.685910,45.238609,13.960
8984706,K06190.01,,FALSE POSITIVE,FALSE POSITIVE,0.0000,0,1,0,0,10.135401047,3.8600000e-07,-3.8600000e-07,132.3238999,3.170000e-05,-3.170000e-05,0.7040,0.0050,-0.0070,5.68310,0.00096,-0.00096,2.5606e+05,2.610e+01,-2.610e+01,89.16,2.482e+01,-3.037e+01,1035.0,,,270.76,226.71,-166.41,4311.30,1,q1_q17_dr25_tce,5895.00,175.00,-175.00,4.103,0.344,-0.159,1.4150,0.3940,-0.4820,300.935880,45.205688,13.920
4247807,K03748.02,,FALSE POSITIVE,FALSE POSITIVE,,0,0,1,1,2.024879340,3.7660000e-05,-3.7660000e-05,131.9026000,1.650000e-02,-1.650000e-02,0.3797,0.2154,-0.3797,1.62100,0.55800,-0.55800,1.4580e+02,5.230e+01,-5.230e+01,1.00,4.300e-01,-1.100e-01,1284.0,,,643.17,897.63,-195.32,7.70,2,q1_q16_tce,5440.00,219.00,-168.00,4.496,0.079,-0.273,0.8250,0.3550,-0.0920,287.168490,39.379581,14.808
4472818,K03878.02,,CANDIDATE,CANDIDATE,0.9990,0,0,0,0,15.357344500,1.0610000e-04,-1.0610000e-04,132.6016600,5.710000e-03,-5.710000e-03,0.9660,0.0050,-0.7200,1.63400,0.21800,-0.21800,1.1710e+02,1.550e+01,-1.550e+01,1.42,2.200e-01,-7.000e-02,729.0,,,66.65,26.33,-10.11,9.60,2,q1_q17_dr25_tce,5818.00,78.00,-78.00,4.464,0.040,-0.120,0.9860,0.1480,-0.0530,293.885410,39.519810,12.720
8030339,K03954.02,Kepler-1534 b,CONFIRMED,CANDIDATE,1.0000,0,0,0,0,5.716687870,3.3220000e-05,-3.3220000e-05,136.3227400,4.240000e-03,-4.240000e-03,0.6160,0.3470,-0.3960,1.97000,0.13800,-0.13800,4.3170e+02,3.900e+01,-3.900e+01,1.92,4.900e-01,-2.200e-01,955.0,,,196.51,158.34,-60.70,11.80,2,q1_q17_dr25_tce,5638.00,186.00,-186.00,4.488,0.075,-0.175,0.8830,0.2290,-0.0980,292.395390,43.869068,15.665
8037145,K00520.04,Kepler-176 e,CONFIRMED,CANDIDATE,0.9050,0,0,0,0,51.165801900,4.3080000e-04,-4.3080000e-04,172.3092100,6.730000e-03,-6.730000e-03,0.8170,0.0400,-0.5640,4.63700,0.19400,-0.19400,2.5920e+02,2.200e+01,-2.200e+01,1.51,5.000e-02,-1.100e-01,398.0,,,5.96,0.90,-1.14,12.20,4,q1_q17_dr25_tce,4963.00,81.00,-74.00,4.501,0.072,-0.022,0.8260,0.0320,-0.0600,294.667970,43.853260,14.550
5471059,K03956.02,,FALSE POSITIVE,FALSE POSITIVE,0.0000,1,0,1,1,12.424955900,3.7930000e-04,-3.7930000e-04,141.5823000,2.560000e-02,-2.560000e-02,0.1740,0.2790,-0.1740,16.33200,0.54600,-0.54600,1.1040e+02,7.500e+00,-7.500e+00,0.88,2.200e-01,-7.000e-02,703.0,,,57.80,44.11,-15.37,17.60,3,q1_q17_dr25_tce,5524.00,166.00,-182.00,4.540,0.040,-0.160,0.8470,0.2130,-0.0710,297.558590,40.634670,14.720
5471675,K04000.02,,FALSE POSITIVE,FALSE POSITIVE,,1,0,0,1,12.427135000,1.1170000e-03,-1.1170000e-03,141.4159000,8.090000e-02,-8.090000e-02,0.0110,0.4339,-0.0110,12.81000,5.00000,-5.00000,3.2500e+01,1.160e+01,-1.160e+01,1.05,4.800e-01,-3.300e-01,1143.0,,,403.80,558.12,-240.61,4.20,2,q1_q17_dr24_tce,6561.00,168.00,-247.00,4.054,0.229,-0.270,1.8210,0.8510,-0.5710,297.720370,40.650200,13.306
8934103,K04009.02,,CANDIDATE,CANDIDATE,0.9300,0,0,0,0,77.792718000,2.6040000e-03,-2.6040000e-03,190.1476000,3.290000e-02,-3.290000e-02,0.5760,0.3870,-0.3670,6.08000,1.40000,-1.40000,2.8790e+02,4.160e+01,-4.160e+01,2.17,3.100e-01,-4.200e-01,453.0,,,10.00,3.94,-3.85,9.10,2,q1_q17_dr25_tce,5497.00,83.00,-74.00,4.243,0.176,-0.108,1.2410,0.1810,-0.2410,283.345700,45.274460,15.245
9551430,K04030.02,,CANDIDATE,CANDIDATE,,0,0,0,0,163.514898470,,,144.8531292,,,,,,3.08000,,,,,,,,,,,,,,,,2,q1_q16_tce,,,,,,,,,,300.188630,46.185768,15.553
3530668,K05986.01,,FALSE POSITIVE,FALSE POSITIVE,0.0020,0,1,0,0,1.946198513,2.6800000e-07,-2.6800000e-07,132.3140910,1.130000e-04,-1.130000e-04,0.2490,0.0340,-0.0250,4.03360,0.00664,-0.00664,1.3072e+05,1.820e+02,-1.820e+02,52.58,1.468e+01,-1.321e+01,1853.0,,,2779.44,2378.35,-1450.57,902.80,1,q1_q17_dr25_tce,6224.00,199.00,-243.00,4.165,0.240,-0.180,1.4330,0.4000,-0.3600,287.039670,38.640308,13.993
3532985,K05987.01,,CANDIDATE,CANDIDATE,0.0490,0,0,0,0,5.288547653,2.4710000e-06,-2.4710000e-06,135.8072130,3.750000e-04,-3.750000e-04,0.9300,0.0040,-0.0010,3.26460,0.02530,-0.02530,2.1853e+03,1.400e+01,-1.400e+01,55.28,1.719e+01,-2.100e+01,2333.0,,,6999.38,5534.17,-4553.64,218.90,1,q1_q17_dr25_tce,4918.00,51.00,-116.00,2.889,0.228,-0.152,9.1690,2.8500,-3.4840,287.915160,38.640781,11.317
10718726,K00600.02,,CANDIDATE,CANDIDATE,,0,0,0,0,294.055263000,7.4950000e-03,-7.4950000e-03,421.8530000,1.490000e-02,-1.490000e-02,0.0617,0.3971,-0.0617,14.32000,0.37700,-0.37700,7.7000e+02,3.970e+01,-3.970e+01,2.80,1.290e+00,-2.600e-01,288.0,,,1.64,2.21,-0.47,21.10,2,q1_q16_tce,6108.00,152.00,-200.00,4.453,0.049,-0.308,1.0110,0.4650,-0.0950,286.249820,48.060940,14.827
3831911,K05988.01,,FALSE POSITIVE,FALSE POSITIVE,0.0000,0,1,1,0,30.483800600,2.5200000e-04,-2.5200000e-04,149.8133000,6.750000e-03,-6.750000e-03,1.2220,6.8610,-0.1490,2.60000,0.43100,-0.43100,1.8441e+04,2.542e+03,-2.542e+03,23.87,1.300e+00,-1.710e+00,315.0,,,2.32,0.53,-0.52,9.40,1,q1_q17_dr25_tce,3857.00,97.00,-97.00,4.717,0.039,-0.021,0.5310,0.0290,-0.0380,285.055150,38.985008,15.021
3852258,K05989.01,,FALSE POSITIVE,FALSE POSITIVE,0.0000,0,1,1,0,5.758436700,2.1340000e-05,-2.1340000e-05,135.1127900,2.990000e-03,-2.990000e-03,0.1010,0.5060,-0.1010,2.58700,0.26400,-0.26400,7.3660e+02,3.890e+01,-3.890e+01,66.22,1.430e+00,-2.717e+01,3389.0,,,31195.25,4188.67,-21400.10,26.80,1,q1_q17_dr25_tce,4754.00,100.00,-120.00,2.194,0.033,-0.030,25.2870,0.5460,-10.3740,291.980960,38.971180,13.819
3858919,K05990.01,,FALSE POSITIVE,FALSE POSITIVE,0.0000,1,0,1,1,25.952291300,8.4630000e-04,-8.4630000e-04,154.8689000,2.050000e-02,-2.050000e-02,0.1420,0.3170,-0.1420,10.97700,0.62200,-0.62200,5.5780e+02,4.710e+01,-4.710e+01,2.03,5.100e-01,-1.800e-01,567.0,,,24.49,18.81,-6.88,14.00,2,q1_q17_dr25_tce,5692.00,177.00,-197.00,4.547,0.032,-0.179,0.8660,0.2170,-0.0780,293.702910,38.956291,15.999
3869326,K05991.01,,FALSE POSITIVE,FALSE POSITIVE,0.0000,0,1,0,0,8.585995370,2.5550000e-05,-2.5550000e-05,136.2136700,2.940000e-03,-2.940000e-03,0.3160,0.1280,-0.3160,2.40780,0.08670,-0.08670,8.1800e+02,2.690e+01,-2.690e+01,39.03,2.410e+00,-9.640e+00,2319.0,,,6831.52,1115.35,-3374.36,36.90,1,q1_q17_dr25_tce,4805.00,38.00,-135.00,2.605,0.030,-0.033,13.9410,0.8600,-3.4420,296.033020,38.936691,11.598
3971315,K05992.01,,FALSE POSITIVE,FALSE POSITIVE,0.0000,0,1,1,0,9.892240848,3.7150000e-06,-3.7150000e-06,136.6938560,3.290000e-04,-3.290000e-04,1.2800,0.1410,-0.0930,4.17740,0.01630,-0.01630,5.2832e+03,2.010e+01,-2.010e+01,40.38,1.281e+01,-4.280e+00,907.0,,,160.25,149.21,-48.31,314.00,1,q1_q17_dr25_tce,6225.00,169.00,-206.00,4.461,0.052,-0.208,1.0090,0.3200,-0.1070,295.693240,39.006538,13.664
2852810,K06097.04,,CANDIDATE,CANDIDATE,,0,0,0,0,126.505657000,7.8690000e-03,-7.8690000e-03,239.6930000,4.890000e-02,-4.890000e-02,0.1855,0.2709,-0.1855,8.83600,0.93900,-0.93900,9.5500e+01,1.590e+01,-1.590e+01,1.51,8.200e-01,-3.100e-01,528.0,,,18.42,30.03,-8.44,3.70,5,q1_q16_tce,7092.00,195.00,-264.00,4.176,0.144,-0.298,1.5250,0.8180,-0.3140,291.515750,38.058418,12.749
2997455,K06098.01,,FALSE POSITIVE,FALSE POSITIVE,0.0000,0,1,1,0,1.129848432,1.5600000e-07,-1.5600000e-07,131.7898710,1.140000e-04,-1.140000e-04,1.0420,0.2650,-0.0200,2.07578,0.00363,-0.00363,4.6585e+03,7.600e+00,-7.600e+00,120.13,2.027e+01,-3.762e+01,3553.0,,,37690.90,15945.97,-21235.95,490.60,1,q1_q17_dr25_tce,4846.00,50.00,-93.00,2.984,0.174,-0.116,7.1020,1.1980,-2.2240,293.130400,38.127789,13.800
3003991,K06099.01,,FALSE POSITIVE,FALSE POSITIVE,0.0000,0,1,0,0,7.244778994,3.8900000e-07,-3.8900000e-07,131.8598491,4.430000e-05,-4.430000e-05,0.5220,0.0160,-0.0030,3.38730,0.00315,-0.00315,9.9147e+04,7.200e+01,-7.200e+01,25.68,5.740e+00,-1.920e+00,818.0,,,105.76,72.40,-24.61,1761.40,1,q1_q17_dr25_tce,5530.00,166.00,-149.00,4.586,0.034,-0.144,0.7880,0.1760,-0.0590,294.489960,38.199619,13.926
3003991,K06099.02,,FALSE POSITIVE,FALSE POSITIVE,,1,0,0,0,110.155272700,,,211.5620379,,,,,,2.04000,,,,,,,,,,,,,,,,3,q1_q16_tce,,,,,,,,,,294.489960,38.199619,13.926
3229028,K06100.01,,FALSE POSITIVE,FALSE POSITIVE,0.0000,0,1,0,1,0.730964241,3.5440000e-06,-3.5440000e-06,132.1944800,5.070000e-03,-5.070000e-03,0.4590,0.0620,-0.4590,2.48300,0.13500,-0.13500,4.4000e+01,2.000e+00,-2.000e+00,0.99,1.600e-01,-1.900e-01,2467.0,,,8801.05,3669.67,-3393.08,28.70,1,q1_q17_dr25_tce,5929.00,79.00,-79.00,4.152,0.162,-0.108,1.4630,0.2330,-0.2850,289.811430,38.324951,13.036
3229028,K06100.02,,CANDIDATE,CANDIDATE,,0,0,0,0,117.684591000,2.1070000e-03,-2.1070000e-03,157.4182000,1.430000e-02,-1.430000e-02,0.4466,0.0822,-0.4257,2.21900,0.54300,-0.54300,1.3460e+02,3.070e+01,-3.070e+01,1.52,8.200e-01,-2.800e-01,459.0,,,10.46,16.71,-4.43,5.30,2,q1_q16_tce,6362.00,158.00,-211.00,4.248,0.158,-0.283,1.2790,0.6840,-0.2400,289.811430,38.324951,13.036
3230787,K06101.01,,FALSE POSITIVE,FALSE POSITIVE,0.0000,0,1,0,0,17.734020239,1.0060000e-06,-1.0060000e-06,143.9226707,4.700000e-05,-4.700000e-05,0.8370,0.0160,-0.0200,7.27595,0.00266,-0.00266,1.8668e+05,4.560e+01,-4.560e+01,93.52,1.890e+01,-2.840e+01,892.0,,,149.48,91.31,-83.35,2905.90,1,q1_q17_dr25_tce,5883.00,162.00,-133.00,4.040,0.280,-0.120,1.5540,0.3140,-0.4720,290.254850,38.341660,12.553
5956656,K01053.02,,CANDIDATE,CANDIDATE,0.9080,0,0,0,0,46.245164000,4.9250000e-04,-4.9250000e-04,136.4789100,9.650000e-03,-9.650000e-03,0.3920,0.0710,-0.3920,5.66300,0.25300,-0.25300,4.9210e+02,3.350e+01,-3.350e+01,2.46,3.600e-01,-3.600e-01,519.0,,,17.15,6.57,-5.28,15.50,2,q1_q17_dr25_tce,5553.00,74.00,-74.00,4.320,0.137,-0.100,1.1070,0.1610,-0.1610,290.607940,41.201092,15.376
9093086,K06191.01,,CANDIDATE,CANDIDATE,0.6900,0,0,0,0,9.704337900,1.7440000e-04,-1.7440000e-04,138.1975000,1.450000e-02,-1.450000e-02,0.0700,0.3740,-0.0700,3.51500,0.38400,-0.38400,1.2900e+02,1.690e+01,-1.690e+01,1.19,4.000e-01,-1.300e-01,932.0,,,178.46,174.90,-56.62,8.60,1,q1_q17_dr25_tce,6273.00,169.00,-225.00,4.442,0.056,-0.224,1.0440,0.3490,-0.1160,293.403230,45.493809,14.752
9015738,K01616.02,,CANDIDATE,CANDIDATE,,0,0,0,0,34.775371000,1.2740000e-03,-1.2740000e-03,162.2065000,2.840000e-02,-2.840000e-02,0.4758,0.0127,-0.4755,2.93000,1.20000,-1.20000,3.8800e+01,1.490e+01,-1.490e+01,0.67,1.100e-01,-4.000e-02,582.0,,,27.11,12.10,-4.88,5.70,2,q1_q16_tce,6028.00,96.00,-138.00,4.459,0.025,-0.135,1.0470,0.1730,-0.0540,289.506350,45.370998,11.538
7954278,K07859.01,,CANDIDATE,CANDIDATE,0.9990,0,0,0,0,0.306702491,7.1900000e-07,-7.1900000e-07,131.5121600,2.070000e-03,-2.070000e-03,0.1730,0.2830,-0.1730,0.90740,0.05890,-0.05890,1.3880e+02,7.700e+00,-7.700e+00,0.93,1.300e-01,-1.200e-01,2318.0,,,6868.33,3494.56,-2311.57,21.90,1,q1_q17_dr25_tce,5310.00,202.00,-184.00,4.512,0.095,-0.085,0.7860,0.1100,-0.0990,289.825990,43.725231,15.229
9093086,K06191.02,,CANDIDATE,CANDIDATE,0.7370,0,0,0,0,12.771382600,2.1230000e-04,-2.1230000e-04,141.3553000,1.470000e-02,-1.470000e-02,0.3740,0.0840,-0.3740,3.34700,0.36900,-0.36900,1.4180e+02,1.980e+01,-1.980e+01,1.26,4.300e-01,-1.400e-01,851.0,,,123.93,121.46,-39.32,8.00,2,q1_q17_dr25_tce,6273.00,169.00,-225.00,4.442,0.056,-0.224,1.0440,0.3490,-0.1160,293.403230,45.493809,14.752
9101400,K06192.01,,FALSE POSITIVE,FALSE POSITIVE,0.0000,0,1,1,0,0.829019343,2.3670000e-06,-2.3670000e-06,131.4666700,4.010000e-03,-4.010000e-03,0.7200,0.0750,-0.0940,4.84010,0.01870,-0.01870,2.7826e+05,5.640e+02,-5.640e+02,90.08,2.767e+01,-1.492e+01,2492.0,,,9089.67,8256.71,-3678.95,631.10,1,q1_q17_dr25_tce,6645.00,186.00,-255.00,4.271,0.124,-0.186,1.3280,0.4080,-0.2200,296.034850,45.490822,14.661
9119652,K06193.01,,FALSE POSITIVE,FALSE POSITIVE,0.0000,0,1,0,0,1.108099900,1.2200000e-05,-1.2200000e-05,131.7222000,1.530000e-02,-1.530000e-02,0.5250,0.0770,-0.0690,3.35420,0.03330,-0.03330,3.8093e+05,3.151e+03,-3.151e+03,124.19,7.588e+01,-7.589e+01,2212.0,,,5632.60,11371.95,-4883.05,155.40,1,q1_q17_dr25_tce,5299.00,204.00,-167.00,3.865,0.742,-0.318,1.7690,1.0810,-1.0810,300.957030,45.449188,14.305
9145861,K06194.01,,CANDIDATE,CANDIDATE,0.9540,0,0,0,0,42.294739000,1.5690000e-03,-1.5690000e-03,133.8808000,3.230000e-02,-3.230000e-02,1.1450,6.9270,-0.0170,34.63000,1.80000,-1.80000,2.5420e+02,1.240e+01,-1.240e+01,140.14,5.600e+00,-3.180e+01,1083.0,,,324.71,40.09,-157.77,25.20,1,q1_q17_dr25_tce,4926.00,47.00,-182.00,3.020,0.033,-0.027,7.8490,0.3140,-1.7810,287.840420,45.599751,12.057
9145861,K06194.02,,FALSE POSITIVE,FALSE POSITIVE,,1,0,0,0,215.778765000,6.4390000e-03,-6.4390000e-03,180.3240000,2.260000e-02,-2.260000e-02,0.7163,0.0159,-0.5390,3.73700,0.77800,-0.77800,3.7760e+02,6.550e+01,-6.550e+01,14.71,1.050e+00,-3.580e+00,610.0,,,32.65,7.70,-16.02,5.80,2,q1_q16_tce,4902.00,92.00,-142.00,3.042,0.029,-0.031,7.0560,0.5020,-1.7160,287.840420,45.599751,12.057
9153823,K06195.01,,CANDIDATE,CANDIDATE,0.0000,0,0,0,0,1.444486083,6.9140000e-06,-6.9140000e-06,132.3109600,3.890000e-03,-3.890000e-03,0.3050,0.1650,-0.3050,1.43700,0.12800,-0.12800,9.8070e+02,9.840e+01,-9.840e+01,1.73,1.200e-01,-1.400e-01,1051.0,,,290.01,84.76,-72.08,12.00,1,q1_q17_dr25_tce,4569.00,137.00,-137.00,4.686,0.054,-0.031,0.5590,0.0400,-0.0440,291.484950,45.545670,15.356
7100673,K04032.03,Kepler-1542 d,CONFIRMED,CANDIDATE,0.9970,0,0,0,0,5.992732650,2.3570000e-05,-2.3570000e-05,131.7507900,3.100000e-03,-3.100000e-03,0.5050,0.4190,-0.3020,2.65020,0.09440,-0.09440,6.9800e+01,3.900e+00,-3.900e+00,0.91,1.400e-01,-1.300e-01,1010.0,,,245.32,109.34,-76.88,19.20,3,q1_q17_dr25_tce,5574.00,111.00,-100.00,4.354,0.132,-0.108,1.0650,0.1660,-0.1500,285.728490,42.654530,12.639
7100673,K04032.04,Kepler-1542 e,CONFIRMED,CANDIDATE,1.0000,0,0,0,0,5.101106660,2.3550000e-05,-2.3550000e-05,132.4295500,3.590000e-03,-3.590000e-03,0.0830,0.3550,-0.0830,2.65700,0.11200,-0.11200,6.5100e+01,3.700e+00,-3.700e+00,0.85,1.300e-01,-1.200e-01,1065.0,,,304.80,135.84,-95.53,19.50,2,q1_q17_dr25_tce,5574.00,111.00,-100.00,4.354,0.132,-0.108,1.0650,0.1660,-0.1500,285.728490,42.654530,12.639
10089911,K04034.02,,CANDIDATE,CANDIDATE,0.2160,0,0,0,0,11.608935100,1.4850000e-04,-1.4850000e-04,142.7362500,9.040000e-03,-9.040000e-03,1.1050,7.3420,-0.0630,2.95700,0.49900,-0.49900,1.9960e+02,2.890e+01,-2.890e+01,46.44,3.350e+00,-1.420e+01,1496.0,,,1184.51,248.82,-640.60,8.70,2,q1_q17_dr25_tce,6303.00,82.00,-75.00,3.595,0.263,-0.031,3.5300,0.2540,-1.0800,297.124300,47.037022,13.487
4150496,K04046.02,,FALSE POSITIVE,FALSE POSITIVE,0.0000,1,0,1,1,94.224980000,3.0050000e-03,-3.0050000e-03,196.1757000,2.570000e-02,-2.570000e-02,0.8010,0.1390,-0.5580,22.44500,0.72000,-0.72000,3.4630e+02,2.400e+01,-2.400e+01,1.84,5.700e-01,-1.900e-01,387.0,,,5.28,4.75,-1.56,15.50,3,q1_q17_dr25_tce,5880.00,159.00,-194.00,4.525,0.039,-0.208,0.8930,0.2740,-0.0910,289.714870,39.283871,15.534
3747817,K04103.02,,CANDIDATE,CANDIDATE,0.8680,0,0,0,0,14.237841700,3.1880000e-04,-3.1880000e-04,140.4771000,1.280000e-02,-1.280000e-02,0.3140,0.1540,-0.3140,4.86000,1.10000,-1.10000,1.9300e+02,3.370e+01,-3.370e+01,1.10,1.000e-01,-4.000e-02,629.0,,,37.02,10.57,-5.62,10.50,2,q1_q17_dr25_tce,5273.00,105.00,-105.00,4.566,0.025,-0.070,0.8010,0.0720,-0.0330,291.676820,38.874908,14.838
6129694,K04131.02,,FALSE POSITIVE,FALSE POSITIVE,,1,0,0,0,241.012200000,1.0520000e-01,-1.0520000e-01,263.0770000,2.030000e-01,-2.030000e-01,0.4046,0.3290,-0.3469,1.19000,2.60000,-2.60000,2.1610e+02,7.640e+01,-7.640e+01,4.41,1.220e+00,-1.320e+00,600.0,,,30.56,25.34,-17.75,4.10,2,q1_q16_tce,7843.00,225.00,-311.00,3.829,0.239,-0.183,2.9090,0.8090,-0.8670,293.718110,41.430939,13.205
8162789,K00521.02,,CANDIDATE,CANDIDATE,0.9780,0,0,0,0,10.820603400,1.5680000e-04,-1.5680000e-04,140.5078000,1.200000e-02,-1.200000e-02,0.5920,0.3800,-0.3950,2.84800,0.40100,-0.40100,1.1670e+02,1.930e+01,-1.930e+01,1.19,3.500e-01,-1.900e-01,885.0,,,145.06,129.87,-57.26,7.30,2,q1_q17_dr25_tce,6032.00,189.00,-232.00,4.387,0.108,-0.201,1.0600,0.3120,-0.1680,290.735170,44.091320,14.633
9899315,K04181.02,,FALSE POSITIVE,FALSE POSITIVE,,1,0,0,0,164.689421000,3.7760000e-03,-3.7760000e-03,287.2483000,1.470000e-02,-1.470000e-02,0.5312,0.0524,-0.4692,1.84700,0.59200,-0.59200,5.2100e+02,1.360e+02,-1.360e+02,2.24,8.200e-01,-2.100e-01,340.0,,,3.15,3.33,-0.88,4.60,2,q1_q16_tce,6089.00,153.00,-198.00,4.495,0.044,-0.272,0.9500,0.3470,-0.0880,295.199830,46.731731,15.377
4037428,K05993.01,,FALSE POSITIVE,FALSE POSITIVE,0.2920,0,1,0,0,4.264729569,1.5000000e-06,-1.5000000e-06,135.1984950,2.910000e-04,-2.910000e-04,0.9240,0.4830,-0.0570,2.20750,0.01480,-0.01480,2.2672e+04,1.370e+02,-1.370e+02,29.95,8.570e+00,-1.141e+01,1428.0,,,983.86,825.22,-645.98,201.60,1,q1_q17_dr25_tce,6052.00,163.00,-163.00,4.084,0.392,-0.168,1.4170,0.4050,-0.5400,285.144960,39.186989,12.873
4049124,K05994.01,,FALSE POSITIVE,FALSE POSITIVE,0.0000,0,1,0,0,4.804469712,4.3200000e-07,-4.3200000e-07,136.0047256,7.340000e-05,-7.340000e-05,0.5670,0.0080,-0.0050,3.51946,0.00317,-0.00317,1.3262e+05,1.610e+02,-1.610e+02,30.97,7.080e+00,-2.830e+00,958.0,,,198.67,138.93,-53.51,1177.80,1,q1_q17_dr25_tce,5561.00,167.00,-167.00,4.558,0.048,-0.152,0.8090,0.1850,-0.0740,289.314210,39.131359,14.654
4275328,K05995.01,,FALSE POSITIVE,FALSE POSITIVE,0.0000,0,1,1,0,6.150529292,2.6550000e-06,-2.6550000e-06,132.5221410,3.540000e-04,-3.540000e-04,1.2360,0.2950,-0.1040,4.45620,0.01830,-0.01830,2.4171e+03,9.400e+00,-9.400e+00,49.79,1.326e+01,-1.623e+01,1421.0,,,964.26,765.61,-585.16,301.40,1,q1_q17_dr25_tce,6691.00,190.00,-238.00,4.084,0.293,-0.158,1.5650,0.4170,-0.5100,294.686430,39.396561,13.303
4753561,K05996.01,,FALSE POSITIVE,FALSE POSITIVE,0.0000,0,1,1,0,4.944927575,8.0880000e-06,-8.0880000e-06,131.6112400,1.360000e-03,-1.360000e-03,1.2150,6.7540,-0.0180,3.46480,0.07020,-0.07020,1.0287e+03,1.960e+01,-1.960e+01,19.43,5.500e-01,-9.400e-01,728.0,,,66.56,9.01,-10.49,62.50,1,q1_q17_dr25_tce,4428.00,79.00,-79.00,4.590,0.042,-0.012,0.7010,0.0200,-0.0340,293.737150,39.825859,14.928
4912991,K05997.01,,FALSE POSITIVE,FALSE POSITIVE,0.0000,0,1,0,0,4.442517008,8.4400000e-07,-8.4400000e-07,133.6081140,1.580000e-04,-1.580000e-04,0.9360,0.2100,-0.0020,2.43922,0.00983,-0.00983,2.5342e+04,7.870e+01,-7.870e+01,26.08,5.730e+00,-3.340e+00,1258.0,,,593.85,379.79,-197.16,396.20,1,q1_q17_dr25_tce,6316.00,155.00,-202.00,4.387,0.066,-0.154,1.1190,0.2460,-0.1430,288.472140,40.087662,11.297
5613330,K00649.02,,CANDIDATE,CANDIDATE,0.6160,0,0,0,0,10.209026800,1.8790000e-04,-1.8790000e-04,140.6805000,1.850000e-02,-1.850000e-02,0.2130,0.2320,-0.2130,6.26400,0.56400,-0.56400,3.6700e+01,4.400e+00,-4.400e+00,0.92,1.700e-01,-1.300e-01,1058.0,,,296.42,148.26,-100.16,9.80,2,q1_q17_dr25_tce,6188.00,110.00,-135.00,4.196,0.115,-0.126,1.5240,0.2780,-0.2280,289.773250,40.800720,13.310
5036966,K05998.01,,FALSE POSITIVE,FALSE POSITIVE,0.0000,0,1,0,0,62.735643900,1.0740000e-04,-1.0740000e-04,152.2202600,2.100000e-03,-2.100000e-03,0.7300,0.0340,-0.0340,10.79250,0.01310,-0.01310,2.4370e+05,2.710e+02,-2.710e+02,90.12,2.610e+01,-2.873e+01,590.0,,,28.65,26.07,-17.13,1115.30,1,q1_q17_dr25_tce,6211.00,219.00,-219.00,4.127,0.293,-0.158,1.4400,0.4170,-0.4590,297.953580,40.153252,14.270
5254230,K05999.01,,FALSE POSITIVE,FALSE POSITIVE,0.0000,0,1,1,0,7.035518449,8.0270000e-06,-8.0270000e-06,137.9500870,9.440000e-04,-9.440000e-04,1.2680,6.4440,-0.2060,3.52860,0.04970,-0.04970,2.1390e+03,2.730e+01,-2.730e+01,24.91,2.810e+00,-2.520e+00,782.0,,,88.60,34.71,-25.18,91.50,1,q1_q17_dr25_tce,5288.00,157.00,-157.00,4.566,0.082,-0.060,0.7100,0.0800,-0.0720,284.048430,40.408539,14.884
3545840,K06102.01,,CANDIDATE,CANDIDATE,,0,0,0,0,54.291633600,8.2700000e-04,-8.2700000e-04,172.0219000,1.150000e-02,-1.150000e-02,0.7285,0.0407,-0.5362,3.36400,0.46200,-0.46200,9.7800e+01,1.320e+01,-1.320e+01,1.67,1.060e+00,-3.500e-01,665.0,,,46.21,88.28,-20.75,7.90,3,q1_q16_tce,6711.00,140.00,-218.00,4.179,0.135,-0.355,1.5650,0.9970,-0.3240,291.752040,38.662540,10.915
3634051,K06103.01,Kepler-1981 b,CONFIRMED,CANDIDATE,0.0000,0,0,0,0,453.542120000,3.5010000e-03,-3.5010000e-03,360.0617000,4.730000e-03,-4.730000e-03,0.6330,0.2190,-0.4050,17.02600,0.24000,-0.24000,8.6100e+02,1.860e+01,-1.860e+01,9.23,1.760e+00,-4.100e+00,390.0,,,5.45,2.74,-3.85,48.80,1,q1_q17_dr25_tce,5874.00,87.00,-79.00,3.664,0.375,-0.125,3.0060,0.5720,-1.3350,287.975460,38.740280,13.436
7967517,K07860.01,,FALSE POSITIVE,FALSE POSITIVE,0.0000,0,0,1,0,0.579516759,3.6290000e-06,-3.6290000e-06,132.0025600,4.900000e-03,-4.900000e-03,0.6380,0.3420,-0.4310,1.34200,0.16800,-0.16800,2.7000e+01,3.900e+00,-3.900e+00,0.60,2.000e-01,-8.000e-02,2484.0,,,8953.61,8451.18,-3243.26,9.80,1,q1_q17_dr25_tce,6339.00,175.00,-241.00,4.387,0.087,-0.203,1.1020,0.3530,-0.1510,294.416930,43.799587,13.559
3634051,K06103.02,,CANDIDATE,CANDIDATE,0.7550,0,0,0,0,122.805441600,9.1810000e-04,-9.1810000e-04,179.3173200,6.210000e-03,-6.210000e-03,1.3460,6.9450,-0.0620,2.66300,0.26100,-0.26100,3.1300e+02,3.370e+01,-3.370e+01,118.62,2.257e+01,-5.268e+01,602.0,,,31.11,15.64,-22.00,10.60,2,q1_q17_dr25_tce,5874.00,87.00,-79.00,3.664,0.375,-0.125,3.0060,0.5720,-1.3350,287.975460,38.740280,13.436
3761319,K06104.01,,FALSE POSITIVE,FALSE POSITIVE,0.2280,1,0,0,0,16.248086500,1.6320000e-04,-1.6320000e-04,143.9670800,9.570000e-03,-9.570000e-03,0.9280,0.0180,-0.6680,8.23200,0.19400,-0.19400,4.3870e+02,2.280e+01,-2.280e+01,2.38,6.400e-01,-3.500e-01,704.0,,,58.10,47.16,-20.06,21.10,1,q1_q17_dr25_tce,5729.00,172.00,-155.00,4.436,0.116,-0.174,0.9230,0.2480,-0.1340,295.059940,38.855911,14.708
3761319,K06104.02,,FALSE POSITIVE,FALSE POSITIVE,,1,0,0,0,466.940700000,1.4970000e-01,-1.4970000e-01,244.7508000,3.500000e-02,-3.500000e-02,0.2921,0.1534,-0.2919,30.56000,2.20000,-2.20000,9.7920e+02,7.310e+01,-7.310e+01,2.90,1.160e+00,-3.700e-01,230.0,,,0.66,0.80,-0.21,13.70,2,q1_q16_tce,5729.00,171.00,-145.00,4.436,0.099,-0.263,0.9230,0.3720,-0.1170,295.059940,38.855911,14.708
3762553,K06105.01,,FALSE POSITIVE,FALSE POSITIVE,,1,0,0,0,289.788624000,7.0310000e-03,-7.0310000e-03,370.8039000,2.380000e-02,-2.380000e-02,0.6187,0.0443,-0.4673,2.85700,0.35200,-0.35200,4.7390e+02,7.620e+01,-7.620e+01,5.51,1.920e+00,-1.470e+00,537.0,,,19.60,20.37,-10.60,6.60,2,q1_q16_tce,8057.00,239.00,-312.00,3.946,0.201,-0.220,2.4070,0.8350,-0.6420,295.328280,38.847500,10.924
3965879,K06106.01,,FALSE POSITIVE,FALSE POSITIVE,,1,0,0,0,55.004029060,,,134.2268671,,,,,,6.06000,,,,,,,,,,,,,,,,4,q1_q16_tce,,,,,,,,,,294.475400,39.003880,13.335
4035675,K06107.01,,FALSE POSITIVE,FALSE POSITIVE,0.0000,0,1,0,0,2.873657901,2.9690000e-06,-2.9690000e-06,132.5847000,8.500000e-04,-8.500000e-04,1.1300,6.5890,-0.1230,2.10540,0.04670,-0.04670,4.3895e+04,7.840e+02,-7.840e+02,110.29,2.513e+01,-5.859e+01,1830.0,,,2645.12,1837.53,-2129.96,65.60,1,q1_q17_dr25_tce,5692.00,169.00,-169.00,3.829,0.536,-0.134,2.2870,0.5210,-1.2150,284.624630,39.178780,12.702
9282687,K06196.01,,FALSE POSITIVE,FALSE POSITIVE,0.0000,0,1,0,0,1.680425996,8.0220000e-06,-8.0220000e-06,132.3317300,6.690000e-03,-6.690000e-03,0.6460,0.0480,-0.0380,5.45480,0.01800,-0.01800,2.7725e+05,8.160e+02,-8.160e+02,102.31,3.103e+01,-2.537e+01,2203.0,,,5564.77,4980.91,-2911.86,440.10,1,q1_q17_dr25_tce,6844.00,190.00,-286.00,4.145,0.175,-0.175,1.6290,0.4940,-0.4040,292.572780,45.757729,14.110
9289960,K06197.01,,FALSE POSITIVE,FALSE POSITIVE,,1,0,0,0,0.533458310,,,132.0014590,,,,,,1.32000,,,,,,,,,,,,,,,,1,q1_q17_dr24_tce,,,,,,,,,,295.345860,45.768803,11.957
9291629,K06198.01,,FALSE POSITIVE,FALSE POSITIVE,0.0000,1,0,0,0,20.686460198,,,133.8900931,,,0.0020,,,37.74240,,,1.3615e+05,,,184.22,8.658e+01,-7.082e+01,1210.0,,,506.27,701.04,-331.10,1656.70,3,q1_q17_dr25_tce,4809.00,120.00,-108.00,3.106,0.385,-0.315,5.1450,2.4180,-1.9780,295.906740,45.724098,13.957
9304842,K06199.01,,FALSE POSITIVE,FALSE POSITIVE,,1,0,0,0,131.680180000,1.5920000e-02,-1.5920000e-02,229.6497000,8.930000e-02,-8.930000e-02,0.1224,0.3718,-0.1222,14.73000,2.40000,-2.40000,2.0670e+03,3.120e+02,-3.120e+02,5.96,3.910e+00,-1.010e+00,444.0,,,9.15,18.67,-3.70,9.20,1,q1_q16_tce,6468.00,170.00,-231.00,4.288,0.109,-0.356,1.3020,0.8530,-0.2220,299.772580,45.778999,12.714
6975129,K01628.03,,CANDIDATE,CANDIDATE,0.0000,0,0,0,0,37.840423200,2.6580000e-04,-2.6580000e-04,146.7762400,5.720000e-03,-5.720000e-03,0.2110,0.2330,-0.2110,6.40800,0.16500,-0.16500,2.3260e+02,1.050e+01,-1.050e+01,1.76,3.100e-01,-1.000e-01,607.0,,,32.14,15.12,-6.04,23.70,3,q1_q17_dr25_tce,6243.00,99.00,-136.00,4.406,0.026,-0.136,1.1490,0.2010,-0.0670,298.395750,42.459751,12.949
9304923,K06200.01,,FALSE POSITIVE,FALSE POSITIVE,,1,0,0,0,200.762693000,3.6320000e-03,-3.6320000e-03,308.7451000,1.610000e-02,-1.610000e-02,42.7780,24.3300,-27.7600,2.21500,0.43900,-0.43900,1.9200e+03,3.300e+02,-3.300e+02,15056.90,2.803e+03,-5.342e+03,692.0,,,54.06,31.12,-34.93,5.50,2,q1_q16_tce,7981.00,229.00,-318.00,3.716,0.297,-0.098,3.2980,0.6140,-1.1700,299.799010,45.735371,12.377
9343862,K06201.01,,FALSE POSITIVE,FALSE POSITIVE,0.0000,0,1,0,0,1.123258617,2.3050000e-06,-2.3050000e-06,132.0267100,2.870000e-03,-2.870000e-03,0.5130,0.0160,-0.0220,4.27355,0.00742,-0.00742,3.7758e+05,4.960e+02,-4.960e+02,150.94,3.262e+01,-4.355e+01,3215.0,,,25226.88,15842.48,-14606.42,779.20,1,q1_q17_dr25_tce,7945.00,193.00,-358.00,4.023,0.204,-0.136,2.1700,0.4690,-0.6260,292.432740,45.853409,15.010
9389245,K06202.01,,CANDIDATE,CANDIDATE,,0,0,0,0,47.256432910,,,158.8207171,,,,,,2.00000,,,,,,,,,,,,,,,,2,q1_q16_tce,,,,,,,,,,284.141140,45.944641,11.543
9828127,K04192.02,,CANDIDATE,CANDIDATE,0.9950,0,0,0,0,32.027316900,9.1440000e-04,-9.1440000e-04,150.6350000,2.360000e-02,-2.360000e-02,0.2590,0.1890,-0.2590,5.14400,0.53900,-0.53900,1.6170e+02,2.030e+01,-2.030e+01,1.14,1.500e-01,-6.000e-02,525.0,,,17.95,5.99,-2.92,8.80,2,q1_q17_dr25_tce,5505.00,74.00,-82.00,4.501,0.038,-0.105,0.9090,0.1130,-0.0520,290.586120,46.642689,15.004
5177859,K04246.02,,CANDIDATE,CANDIDATE,0.9800,0,0,0,0,8.756306280,9.9760000e-05,-9.9760000e-05,132.4700900,8.870000e-03,-8.870000e-03,0.3710,0.0830,-0.3710,2.85200,0.25700,-0.25700,8.1900e+01,9.500e+00,-9.500e+00,1.12,3.300e-01,-2.500e-01,982.0,,,219.87,188.86,-101.36,9.80,2,q1_q17_dr25_tce,5839.00,156.00,-174.00,4.279,0.175,-0.175,1.2270,0.3600,-0.2700,289.073970,40.366009,13.382
11081504,K04287.02,,CANDIDATE,CANDIDATE,1.0000,0,0,0,0,9.618311100,1.0660000e-04,-1.0660000e-04,138.3435000,9.200000e-03,-9.200000e-03,0.4470,0.5020,-0.2480,4.21500,0.21600,-0.21600,2.5000e+01,2.400e+00,-2.400e+00,0.85,1.500e-01,-1.800e-01,1142.0,,,402.64,200.59,-173.99,11.90,2,q1_q17_dr25_tce,6134.00,124.00,-124.00,4.065,0.182,-0.098,1.6650,0.2930,-0.3580,290.458310,48.661369,11.265
5385410,K04323.02,,FALSE POSITIVE,FALSE POSITIVE,0.0000,1,0,1,1,12.425031900,,,141.4868672,,,0.7770,,,1.44460,,,2.9500e+01,,,0.89,2.700e-01,-2.300e-01,1030.0,,,266.45,230.56,-140.83,2.70,2,q1_q17_dr25_tce,6290.00,170.00,-208.00,4.133,0.252,-0.168,1.5060,0.4440,-0.4000,297.581940,40.531300,13.582
3645438,K04385.02,Kepler-1600 b,CONFIRMED,CANDIDATE,0.9110,0,0,0,0,386.370512000,8.2550000e-03,-8.2550000e-03,452.8740000,1.030000e-02,-1.030000e-02,0.0100,0.4410,-0.0100,11.00700,0.37500,-0.37500,1.3364e+03,9.440e+01,-9.440e+01,2.96,1.700e-01,-1.900e-01,209.0,,,0.45,0.09,-0.08,13.10,1,q1_q17_dr25_tce,5119.00,82.00,-82.00,4.508,0.060,-0.040,0.8340,0.0470,-0.0520,291.399380,38.787750,15.825
8110757,K07865.01,,CANDIDATE,CANDIDATE,0.9750,0,1,0,0,0.518060209,3.7470000e-06,-3.7470000e-06,131.9425000,1.000000e-02,-1.000000e-02,1.2620,0.9640,-0.0180,1.80620,0.02030,-0.02030,2.2584e+03,2.020e+01,-2.020e+01,61.49,3.897e+01,-3.897e+01,2921.0,,,17224.79,36246.56,-15191.50,140.60,1,q1_q17_dr25_tce,5405.00,208.00,-170.00,3.853,0.770,-0.330,1.7720,1.1230,-1.1230,296.184780,43.980751,14.463
3645438,K04385.03,,CANDIDATE,CANDIDATE,0.9460,0,0,0,0,17.369511200,4.8960000e-04,-4.8960000e-04,136.6159000,2.390000e-02,-2.390000e-02,0.2800,0.1820,-0.2800,4.01200,0.74000,-0.74000,3.1400e+02,5.640e+01,-5.640e+01,1.45,8.000e-02,-9.000e-02,588.0,,,28.35,5.36,-4.99,8.60,3,q1_q17_dr25_tce,5119.00,82.00,-82.00,4.508,0.060,-0.040,0.8340,0.0470,-0.0520,291.399380,38.787750,15.825
8278685,K04435.02,,CANDIDATE,CANDIDATE,,0,0,0,0,17.869375900,4.7030000e-04,-4.7030000e-04,140.2811000,1.790000e-02,-1.790000e-02,0.2590,0.1898,-0.2589,6.88600,0.50700,-0.50700,6.3000e+01,6.800e+00,-6.800e+00,0.81,3.300e-01,-7.000e-02,759.0,,,78.58,90.61,-21.01,9.80,2,q1_q16_tce,6328.00,151.00,-188.00,4.456,0.047,-0.279,1.0130,0.4050,-0.0920,281.955690,44.261532,13.517
5511659,K04541.02,,CANDIDATE,CANDIDATE,0.6290,0,0,0,0,17.236085000,2.2370000e-04,-2.2370000e-04,148.4127000,1.090000e-02,-1.090000e-02,0.0400,0.4260,-0.0400,4.20900,0.40700,-0.40700,3.3000e+02,3.560e+01,-3.560e+01,1.98,3.100e-01,-3.000e-01,721.0,,,63.85,25.66,-20.44,10.40,2,q1_q17_dr25_tce,5543.00,74.00,-74.00,4.318,0.137,-0.100,1.1110,0.1700,-0.1700,283.251190,40.723110,15.377
5385139,K06000.01,,FALSE POSITIVE,FALSE POSITIVE,0.0000,1,0,1,0,12.429716100,4.7240000e-04,-4.7240000e-04,141.2846000,4.200000e-02,-4.200000e-02,0.2930,0.1840,-0.2930,15.07800,0.83400,-0.83400,1.9270e+02,1.540e+01,-1.540e+01,1.26,3.800e-01,-1.300e-01,742.0,,,71.78,65.79,-21.00,13.30,1,q1_q17_dr25_tce,5754.00,160.00,-200.00,4.534,0.037,-0.213,0.9050,0.2810,-0.0880,297.520720,40.585419,15.842
5385150,K06001.01,,FALSE POSITIVE,FALSE POSITIVE,0.0000,1,0,1,1,12.428847600,4.8750000e-04,-4.8750000e-04,141.2012000,3.170000e-02,-3.170000e-02,0.0310,0.4320,-0.0300,16.43000,0.72600,-0.72600,1.6540e+02,1.260e+01,-1.260e+01,1.12,2.900e-01,-1.200e-01,725.0,,,65.27,52.55,-20.17,15.20,1,q1_q17_dr25_tce,5595.00,186.00,-186.00,4.513,0.048,-0.180,0.8860,0.2290,-0.0980,297.522770,40.581341,15.470
5385269,K06002.01,,FALSE POSITIVE,FALSE POSITIVE,0.0000,1,0,1,1,12.425825200,2.4650000e-04,-2.4650000e-04,141.5229000,1.550000e-02,-1.550000e-02,0.6890,0.2340,-0.4680,21.84100,0.37200,-0.37200,1.3020e+02,5.000e+00,-5.000e+00,1.27,4.000e-01,-1.700e-01,822.0,,,108.10,103.86,-39.02,30.00,1,q1_q17_dr25_tce,5968.00,184.00,-226.00,4.426,0.072,-0.203,1.0480,0.3330,-0.1430,297.551030,40.557388,14.332
8210370,K07872.01,,FALSE POSITIVE,FALSE POSITIVE,0.0000,0,1,0,0,153.725848000,1.7310000e-03,-1.7310000e-03,284.0725800,8.000000e-03,-8.000000e-03,1.2550,6.9340,-4.6520,117.52000,2.00000,-2.00000,5.2577e+03,4.760e+01,-4.760e+01,259.36,6.986e+01,-4.076e+01,734.0,,,68.48,49.12,-22.10,302.30,1,q1_q17_dr25_tce,4794.00,77.00,-57.00,2.781,0.135,-0.135,6.8160,1.8360,-1.0710,280.772130,44.188740,11.167
5385509,K06003.01,,FALSE POSITIVE,FALSE POSITIVE,0.0000,1,0,1,1,12.425790700,3.2390000e-04,-3.2390000e-04,141.5345000,2.690000e-02,-2.690000e-02,0.3840,0.0670,-0.3830,19.85900,0.63900,-0.63900,3.4010e+02,1.390e+01,-1.390e+01,1.27,1.100e-01,-1.300e-01,589.0,,,28.51,9.57,-8.04,28.20,1,q1_q17_dr25_tce,4873.00,146.00,-146.00,4.586,0.060,-0.035,0.6930,0.0620,-0.0690,297.604400,40.532860,15.710
5385566,K06004.01,,FALSE POSITIVE,FALSE POSITIVE,0.0000,1,0,1,1,12.425335600,3.6810000e-04,-3.6810000e-04,141.5800000,2.760000e-02,-2.760000e-02,0.9660,0.0140,-0.0150,27.49000,2.10000,-2.10000,3.7440e+02,1.700e+01,-1.700e+01,2.02,3.700e-01,-2.000e-01,683.0,,,51.57,31.57,-15.53,35.40,1,q1_q17_dr25_tce,5442.00,206.00,-187.00,4.541,0.072,-0.108,0.7830,0.1400,-0.0810,297.617580,40.506771,15.539
5385773,K06005.01,,FALSE POSITIVE,FALSE POSITIVE,0.0000,1,0,1,1,12.425420100,3.6020000e-04,-3.6020000e-04,141.5458000,2.670000e-02,-2.670000e-02,0.4280,0.2340,-0.4280,18.56000,2.30000,-2.30000,1.4450e+02,7.900e+00,-7.900e+00,0.84,1.400e-01,-5.000e-02,659.0,,,44.57,23.41,-9.59,24.90,1,q1_q17_dr25_tce,5571.00,165.00,-148.00,4.643,0.028,-0.105,0.6910,0.1140,-0.0450,297.667270,40.514130,14.667
5386163,K06006.01,,FALSE POSITIVE,FALSE POSITIVE,0.0000,1,0,1,1,12.424995000,3.1760000e-04,-3.1760000e-04,141.5904000,2.500000e-02,-2.500000e-02,0.7460,0.2340,-0.5030,20.28200,0.63100,-0.63100,5.1500e+01,2.800e+00,-2.800e+00,2.06,3.500e-01,-7.600e-01,1293.0,,,660.61,368.51,-427.21,21.40,1,q1_q17_dr25_tce,6098.00,200.00,-182.00,3.707,0.344,-0.108,2.6570,0.4520,-0.9790,297.753570,40.552620,13.262
5470960,K06007.01,,FALSE POSITIVE,FALSE POSITIVE,0.0000,1,0,1,1,12.422791800,9.3030000e-04,-9.3030000e-04,141.7972000,7.650000e-02,-7.650000e-02,0.9790,1.7350,-0.0110,27.29000,2.10000,-2.10000,2.0260e+02,1.620e+01,-1.620e+01,1.44,2.300e-01,-1.200e-01,634.0,,,38.29,19.25,-9.79,15.50,1,q1_q17_dr25_tce,5279.00,158.00,-158.00,4.620,0.036,-0.090,0.7200,0.1120,-0.0600,297.534300,40.653389,15.955
4139254,K06108.01,,CANDIDATE,CANDIDATE,,0,0,0,0,485.922970000,1.1670000e-02,-1.1670000e-02,299.5015000,1.500000e-02,-1.500000e-02,0.4516,0.0439,-0.4516,3.75600,0.81900,-0.81900,1.2290e+02,2.710e+01,-2.710e+01,1.07,4.700e-01,-1.600e-01,225.0,,,0.61,0.79,-0.21,5.50,3,q1_q16_tce,5551.00,159.00,-131.00,4.386,0.143,-0.273,0.9570,0.4120,-0.1470,285.862700,39.205280,12.120
4144236,K06109.01,,FALSE POSITIVE,FALSE POSITIVE,0.0000,0,1,0,0,22.913446297,4.0600000e-07,-4.0600000e-07,140.6466918,1.430000e-05,-1.430000e-05,0.7090,0.0080,-0.0040,4.11699,0.00079,-0.00079,2.5184e+05,3.710e+01,-3.710e+01,81.61,1.775e+01,-1.183e+01,811.0,,,102.27,63.41,-36.79,6512.70,1,q1_q17_dr25_tce,6621.00,149.00,-216.00,4.294,0.092,-0.138,1.2970,0.2820,-0.1880,287.833340,39.221272,11.856
10141900,K01082.04,,CANDIDATE,CANDIDATE,0.8000,0,0,0,0,9.655047300,7.3300000e-05,-7.3300000e-05,137.0750500,6.920000e-03,-6.920000e-03,0.1240,0.3300,-0.1240,2.75200,0.20500,-0.20500,3.1310e+02,2.740e+01,-2.740e+01,1.45,6.000e-02,-1.100e-01,705.0,,,58.36,9.81,-11.12,12.20,4,q1_q17_dr25_tce,4999.00,79.00,-79.00,4.490,0.075,-0.030,0.8430,0.0400,-0.0600,292.144470,47.157349,15.692
4144236,K06109.02,,FALSE POSITIVE,FALSE POSITIVE,,1,0,0,0,10.004688100,1.1640000e-04,-1.1640000e-04,136.4771900,9.790000e-03,-9.790000e-03,0.0164,0.4550,-0.0164,2.38900,0.25000,-0.25000,5.0600e+01,7.400e+00,-7.400e+00,1.90,4.500e-01,-8.000e-01,1466.0,,,1091.58,749.69,-766.80,8.30,3,q1_q17_dr24_tce,6620.00,158.00,-211.00,3.779,0.351,-0.124,2.6410,0.6310,-1.1040,287.833340,39.221272,11.856
4150701,K06110.01,,FALSE POSITIVE,FALSE POSITIVE,0.0000,0,1,1,1,8.653156020,5.3150000e-05,-5.3150000e-05,136.6473500,4.890000e-03,-4.890000e-03,0.0490,0.4030,-0.0490,2.62700,0.22700,-0.22700,4.1750e+02,4.490e+01,-4.490e+01,1.37,1.300e-01,-1.100e-01,643.0,,,40.50,14.94,-11.00,13.60,1,q1_q17_dr25_tce,4746.00,170.00,-170.00,4.605,0.040,-0.040,0.6960,0.0630,-0.0570,289.763120,39.245178,15.863
4255944,K06111.01,,CANDIDATE,CANDIDATE,,0,0,0,0,228.654120000,6.3420000e-03,-6.3420000e-03,282.7548000,2.420000e-02,-2.420000e-02,0.2250,0.2337,-0.2248,2.48700,0.50000,-0.50000,1.7910e+02,3.610e+01,-3.610e+01,3.63,1.270e+00,-1.170e+00,521.0,,,17.44,18.26,-10.78,6.60,3,q1_q16_tce,6845.00,203.00,-309.00,3.849,0.251,-0.213,2.6740,0.9350,-0.8620,289.848180,39.331463,12.914
4285087,K06112.01,,FALSE POSITIVE,FALSE POSITIVE,0.0000,0,1,0,0,2.243015737,4.5000000e-08,-4.5000000e-08,133.4508250,1.740000e-05,-1.740000e-05,0.6610,0.0040,-0.0060,4.31675,0.00095,-0.00095,2.7795e+05,6.040e+01,-6.040e+01,92.34,2.564e+01,-3.421e+01,1813.0,,,2547.31,2085.03,-1654.61,5552.20,1,q1_q17_dr25_tce,6181.00,169.00,-187.00,4.084,0.364,-0.156,1.4440,0.4010,-0.5350,296.648830,39.318588,12.785
4346875,K06113.01,,FALSE POSITIVE,FALSE POSITIVE,0.0000,0,1,0,0,4.694218481,8.1700000e-07,-8.1700000e-07,133.7803340,1.440000e-04,-1.440000e-04,0.6160,0.0160,-0.0050,4.53365,0.00955,-0.00955,1.7547e+05,3.980e+02,-3.980e+02,35.81,8.000e+00,-3.190e+00,946.0,,,189.23,129.80,-48.47,739.80,1,q1_q17_dr25_tce,5512.00,166.00,-149.00,4.575,0.036,-0.135,0.7870,0.1760,-0.0700,285.585780,39.479130,15.584
9394605,K06203.01,,FALSE POSITIVE,FALSE POSITIVE,0.0000,0,1,0,1,0.876831820,,,132.0614200,,,,,,1.96000,,,,,,,,,,,,3077.39,3788.91,-1032.58,,1,q1_q17_dr25_tce,,,,,,,,,,287.156130,45.979259,15.397
9471755,K06204.01,,FALSE POSITIVE,FALSE POSITIVE,0.0000,0,1,1,0,0.953734449,4.4900000e-07,-4.4900000e-07,132.4132330,3.840000e-04,-3.840000e-04,1.2620,2.4530,-0.0780,1.76160,0.02130,-0.02130,1.2404e+03,1.170e+01,-1.170e+01,47.65,1.589e+01,-1.749e+01,2672.0,,,12038.60,15921.15,-10133.47,120.50,1,q1_q17_dr25_tce,7332.00,506.00,-1519.00,4.265,0.215,-0.193,1.4600,0.4870,-0.5360,294.488070,46.002289,12.771
9479460,K06205.01,,FALSE POSITIVE,FALSE POSITIVE,0.0000,0,1,0,0,2.073873563,6.7870000e-06,-6.7870000e-06,132.5975400,4.580000e-03,-4.580000e-03,0.1980,0.0150,-0.0120,6.56050,0.01440,-0.01440,6.0381e+05,1.811e+03,-1.811e+03,274.78,4.350e+01,-1.391e+02,3150.0,,,23242.18,11558.04,-18467.59,637.10,1,q1_q17_dr25_tce,7803.00,217.00,-326.00,3.688,0.477,-0.079,3.3730,0.5340,-1.7080,297.110750,46.089600,14.701
9549472,K06206.01,,FALSE POSITIVE,FALSE POSITIVE,0.0000,0,1,0,0,15.713787218,1.3890000e-06,-1.3890000e-06,132.0981464,7.150000e-05,-7.150000e-05,0.7620,0.0010,-0.0010,11.31220,0.00442,-0.00442,6.0384e+04,2.790e+01,-2.790e+01,27.64,7.860e+00,-4.230e+00,747.0,,,73.68,61.54,-26.92,3602.00,1,q1_q17_dr25_tce,5843.00,158.00,-176.00,4.399,0.124,-0.186,1.0060,0.2860,-0.1540,299.609100,46.118240,14.049
9576197,K06207.01,,FALSE POSITIVE,FALSE POSITIVE,0.0000,0,1,0,0,7.964440392,3.0380000e-06,-3.0380000e-06,136.1946740,3.110000e-04,-3.110000e-04,0.0010,0.0320,-0.0010,9.17010,0.01080,-0.01080,6.8454e+04,1.120e+02,-1.120e+02,18.98,2.170e+00,-1.960e+00,755.0,,,76.69,30.49,-21.43,693.80,1,q1_q17_dr25_tce,5250.00,158.00,-142.00,4.548,0.084,-0.056,0.7360,0.0840,-0.0760,285.884490,46.289829,14.641
8110758,K07866.01,,FALSE POSITIVE,FALSE POSITIVE,0.0000,0,1,1,0,0.518071538,3.0440000e-06,-3.0440000e-06,131.9271500,4.870000e-03,-4.870000e-03,1.2640,0.6930,-0.1670,1.78650,0.01820,-0.01820,2.1955e+03,1.790e+01,-1.790e+01,42.10,1.243e+01,-9.330e+00,2536.0,,,9823.05,8821.02,-4660.26,152.10,1,q1_q17_dr25_tce,5876.00,184.00,-205.00,4.273,0.185,-0.185,1.2090,0.3570,-0.2680,296.185180,43.978649,14.013
9579860,K06208.01,,FALSE POSITIVE,FALSE POSITIVE,0.0000,0,0,1,0,2.151214629,7.5260000e-06,-7.5260000e-06,131.7439100,3.000000e-03,-3.000000e-03,0.2350,0.2890,-0.2350,2.22600,0.16200,-0.16200,3.3260e+02,1.570e+01,-1.570e+01,14.54,2.600e+00,-9.300e-01,3287.0,,,27604.18,13376.12,-4689.36,28.50,1,q1_q17_dr25_tce,4748.00,79.00,-64.00,2.635,0.030,-0.030,8.1790,1.4630,-0.5220,288.016510,46.206921,11.576
9655711,K06209.01,,CANDIDATE,CANDIDATE,1.0000,0,0,0,0,12.714363500,1.1120000e-04,-1.1120000e-04,134.7981800,9.460000e-03,-9.460000e-03,0.0710,0.3910,-0.0710,3.10100,0.26800,-0.26800,5.2480e+02,6.090e+01,-6.090e+01,2.20,7.100e-01,-2.400e-01,785.0,,,89.81,88.13,-28.62,9.90,1,q1_q17_dr25_tce,5947.00,184.00,-226.00,4.481,0.054,-0.216,0.9620,0.3120,-0.1040,294.444000,46.335972,16.154
5856571,K01839.02,,CANDIDATE,CANDIDATE,0.9850,0,0,0,0,80.410378300,6.0010000e-04,-6.0010000e-04,171.2962600,5.610000e-03,-5.610000e-03,0.9130,0.0680,-0.6380,3.48700,0.19200,-0.19200,5.9140e+02,4.680e+01,-4.680e+01,4.93,2.860e+00,-2.860e+00,535.0,,,19.35,35.61,-16.29,14.00,2,q1_q17_dr25_tce,5476.00,179.00,-146.00,3.904,0.693,-0.297,1.6730,0.9710,-0.9710,284.094570,41.182819,13.237
8222395,K07873.01,,CANDIDATE,CANDIDATE,0.9650,0,0,0,0,1.931887680,1.0350000e-05,-1.0350000e-05,133.1676000,4.780000e-03,-4.780000e-03,0.2560,0.2090,-0.2560,1.08700,0.17800,-0.17800,3.7800e+01,5.900e+00,-5.900e+00,0.57,1.600e-01,-6.000e-02,1427.0,,,977.65,808.79,-272.06,8.80,1,q1_q17_dr25_tce,5896.00,132.00,-176.00,4.516,0.050,-0.200,0.9140,0.2680,-0.0890,287.370390,44.187988,13.500
5796186,K00651.02,,FALSE POSITIVE,FALSE POSITIVE,,1,0,0,0,320.184718580,,,423.2096375,,,,,,11.94000,,,,,,,,,,,,,,,,2,q1_q16_tce,,,,,,,,,,293.456120,41.048222,13.909
5471068,K06008.01,,FALSE POSITIVE,FALSE POSITIVE,0.0000,1,0,1,1,12.426469000,5.8640000e-04,-5.8640000e-04,141.4649000,4.810000e-02,-4.810000e-02,0.9780,0.2920,-0.1030,25.71000,2.20000,-2.20000,1.8050e+02,1.210e+01,-1.210e+01,1.66,4.600e-01,-1.300e-01,729.0,,,66.74,57.03,-17.19,24.20,1,q1_q17_dr25_tce,5691.00,180.00,-200.00,4.544,0.033,-0.198,0.8870,0.2480,-0.0660,297.559540,40.639469,15.178
5471192,K06009.01,,FALSE POSITIVE,FALSE POSITIVE,0.0000,1,0,1,1,12.426288900,3.0170000e-04,-3.0170000e-04,141.4617000,1.850000e-02,-1.850000e-02,0.8790,0.0540,-0.6440,18.76400,0.52500,-0.52500,9.4200e+01,6.200e+00,-6.200e+00,1.23,4.100e-01,-1.400e-01,864.0,,,131.83,129.96,-44.08,20.50,1,q1_q17_dr25_tce,6246.00,173.00,-260.00,4.433,0.056,-0.224,1.0920,0.3650,-0.1220,297.587680,40.632092,14.285
5471217,K06010.01,,FALSE POSITIVE,FALSE POSITIVE,0.0000,1,0,1,1,12.424747000,2.4570000e-04,-2.4570000e-04,141.6151000,1.740000e-02,-1.740000e-02,0.9760,0.0110,-0.6840,25.24000,1.80000,-1.80000,1.3900e+02,5.200e+00,-5.200e+00,1.35,3.200e-01,-1.100e-01,691.0,,,53.94,39.94,-13.64,30.70,1,q1_q17_dr25_tce,5514.00,166.00,-166.00,4.569,0.030,-0.170,0.8260,0.2010,-0.0670,297.595310,40.660728,14.418
5471769,K06011.01,,FALSE POSITIVE,FALSE POSITIVE,0.0000,1,0,1,1,12.425570500,5.9960000e-04,-5.9960000e-04,141.5298000,4.800000e-02,-4.800000e-02,0.9840,0.0310,-0.7220,28.88000,1.40000,-1.40000,1.3940e+02,7.400e+00,-7.400e+00,1.37,3.300e-01,-1.100e-01,721.0,,,63.95,45.55,-15.41,21.10,1,q1_q17_dr25_tce,5742.00,155.00,-155.00,4.564,0.040,-0.160,0.8270,0.1990,-0.0660,297.745510,40.674290,14.961
5471770,K06012.01,,FALSE POSITIVE,FALSE POSITIVE,0.0000,1,0,1,1,12.426173000,3.4840000e-04,-3.4840000e-04,141.5013000,2.680000e-02,-2.680000e-02,0.9970,0.1090,-0.0130,30.64000,1.20000,-1.20000,1.1510e+02,3.900e+00,-3.900e+00,2.67,7.200e-01,-7.200e-01,1006.0,,,242.41,193.71,-130.24,36.90,1,q1_q17_dr25_tce,6367.00,177.00,-222.00,4.181,0.246,-0.164,1.3570,0.3660,-0.3660,297.745670,40.652519,13.605
5556804,K06013.01,,FALSE POSITIVE,FALSE POSITIVE,0.0000,1,0,1,1,12.424430600,8.5590000e-04,-8.5590000e-04,141.6470000,7.460000e-02,-7.460000e-02,0.9800,0.0020,-0.6850,26.15000,1.00000,-1.00000,2.1410e+02,1.390e+01,-1.390e+01,1.59,4.200e-01,-1.300e-01,714.0,,,61.31,49.37,-16.52,15.50,1,q1_q17_dr25_tce,5761.00,190.00,-190.00,4.581,0.042,-0.168,0.7910,0.2050,-0.0680,297.632630,40.709129,15.899
5597970,K06014.01,,FALSE POSITIVE,FALSE POSITIVE,0.0000,0,1,0,0,6.717383280,5.3400000e-07,-5.3400000e-07,137.2100078,6.530000e-05,-6.530000e-05,0.1590,0.0090,-0.1160,3.60057,0.00155,-0.00155,1.6498e+05,1.510e+02,-1.510e+02,37.65,8.690e+00,-5.070e+00,883.0,,,143.87,106.12,-50.40,1208.20,1,q1_q17_dr25_tce,5301.00,185.00,-185.00,4.416,0.139,-0.186,0.9360,0.2160,-0.1260,283.439820,40.836220,12.778
4459068,K06114.01,,FALSE POSITIVE,FALSE POSITIVE,0.0000,0,1,0,0,24.955998503,3.7980000e-06,-3.7980000e-06,149.0944370,1.260000e-04,-1.260000e-04,0.9960,0.0620,-0.0120,2.76331,0.00816,-0.00816,4.8561e+03,1.140e+01,-1.140e+01,36.91,5.210e+00,-1.562e+01,1438.0,,,1011.42,515.91,-778.54,555.60,1,q1_q17_dr25_tce,8617.00,325.00,-758.00,3.780,0.408,-0.072,3.0180,0.4260,-1.2770,290.024350,39.563389,11.458
8107150,K07863.01,,CANDIDATE,CANDIDATE,0.6910,0,0,0,0,5.244915600,1.3320000e-04,-1.3320000e-04,136.0365000,2.120000e-02,-2.120000e-02,0.0190,0.4320,-0.0180,8.36700,0.58700,-0.58700,3.5500e+01,3.500e+00,-3.500e+00,0.52,1.400e-01,-6.000e-02,1015.0,,,251.14,189.47,-74.04,11.70,1,q1_q17_dr25_tce,5823.00,140.00,-158.00,4.486,0.078,-0.182,0.8780,0.2310,-0.0990,295.080900,43.953239,13.695
4464394,K06115.01,,CANDIDATE,CANDIDATE,,0,0,0,0,168.669347820,,,132.5942053,,,,,,4.07000,,,,,,,,,,,,,,,,3,q1_q16_tce,,,,,,,,,,291.597750,39.536060,13.497
4547480,K06116.01,,FALSE POSITIVE,FALSE POSITIVE,0.0000,0,1,0,0,4.426942241,3.5250000e-06,-3.5250000e-06,133.5643830,6.700000e-04,-6.700000e-04,0.9510,0.1190,-0.0330,1.61160,0.05650,-0.05650,2.8966e+03,5.480e+01,-5.480e+01,5.43,9.200e-01,-5.000e-01,958.0,,,199.40,111.13,-53.33,68.90,1,q1_q17_dr25_tce,5511.00,180.00,-163.00,4.569,0.056,-0.096,0.7460,0.1270,-0.0680,287.138150,39.673592,15.469
4739229,K06118.01,,CANDIDATE,CANDIDATE,,0,0,0,0,571.280892000,5.5830000e-03,-5.5830000e-03,368.0081000,6.560000e-03,-6.560000e-03,0.6109,0.0726,-0.4752,21.82700,0.33200,-0.33200,4.6070e+02,1.250e+01,-1.250e+01,3.65,2.310e+00,-7.500e-01,324.0,,,2.62,5.15,-1.21,37.80,1,q1_q16_tce,7081.00,193.00,-276.00,4.160,0.129,-0.354,1.6190,1.0260,-0.3300,289.533360,39.836639,12.767
4739229,K06118.02,,CANDIDATE,CANDIDATE,,0,0,0,0,4.661859240,3.8040000e-05,-3.8040000e-05,133.5851400,7.030000e-03,-7.030000e-03,0.2695,0.1784,-0.2695,3.16400,0.21100,-0.21100,4.9300e+01,3.800e+00,-3.800e+00,1.16,7.300e-01,-2.400e-01,1610.0,,,1590.18,3136.08,-730.39,15.80,2,q1_q16_tce,7081.00,193.00,-276.00,4.160,0.129,-0.354,1.6190,1.0260,-0.3300,289.533360,39.836639,12.767
8620565,K01250.02,,CANDIDATE,CANDIDATE,,0,0,0,0,1.213672208,2.1490000e-06,-2.1490000e-06,131.9497800,1.500000e-03,-1.500000e-03,7.3743,3.1980,-5.8140,1.36440,0.08160,-0.08160,2.7310e+03,1.250e+02,-1.250e+02,697.14,3.055e+02,-6.586e+01,1789.0,,,2422.45,3108.91,-682.38,24.80,2,q1_q16_tce,6113.00,153.00,-199.00,4.463,0.049,-0.303,0.9950,0.4360,-0.0940,290.267670,44.712849,14.912
4740676,K06119.01,,FALSE POSITIVE,FALSE POSITIVE,0.0000,0,1,0,0,3.454241684,7.2000000e-08,-7.2000000e-08,131.7112530,1.730000e-05,-1.730000e-05,0.5050,0.0090,-0.0050,4.69505,0.00153,-0.00153,8.8195e+04,1.310e+01,-1.310e+01,75.11,1.592e+01,-2.587e+01,2010.0,,,3867.02,2448.66,-2394.00,6581.30,1,q1_q17_dr25_tce,6562.00,176.00,-195.00,3.822,0.292,-0.097,2.4330,0.5160,-0.8380,289.964360,39.811352,13.198
4742420,K06120.01,,CANDIDATE,CANDIDATE,0.9970,0,0,0,0,90.097375000,2.8060000e-03,-2.8060000e-03,143.8471000,2.260000e-02,-2.260000e-02,0.0420,0.4200,-0.0420,12.69700,0.66000,-0.66000,2.8260e+02,2.750e+01,-2.750e+01,1.70,5.500e-01,-2.300e-01,430.0,,,8.05,8.01,-2.78,11.50,1,q1_q17_dr25_tce,6116.00,190.00,-211.00,4.444,0.070,-0.210,1.0080,0.3310,-0.1330,290.450260,39.862011,15.416
9655711,K06209.02,,CANDIDATE,CANDIDATE,0.6120,0,0,0,0,7.729669410,6.3560000e-05,-6.3560000e-05,138.9256600,8.840000e-03,-8.840000e-03,0.6680,0.2840,-0.4540,2.09100,0.48800,-0.48800,4.2670e+02,7.230e+01,-7.230e+01,2.10,6.900e-01,-2.200e-01,927.0,,,174.28,170.99,-55.55,8.40,2,q1_q17_dr25_tce,5947.00,184.00,-226.00,4.481,0.054,-0.216,0.9620,0.3120,-0.1040,294.444000,46.335972,16.154
9727765,K06210.01,,CANDIDATE,CANDIDATE,,0,0,0,0,51.856565560,,,167.3402050,,,,,,2.21000,,,,,,,,,,,,,,,,2,q1_q16_tce,,,,,,,,,,298.065490,46.436298,13.173
9767392,K06211.01,,FALSE POSITIVE,FALSE POSITIVE,0.0000,0,1,0,0,1.457256942,4.8200000e-07,-4.8200000e-07,131.6089100,3.310000e-04,-3.310000e-04,0.5490,0.0090,-0.0030,6.51381,0.00365,-0.00365,3.6490e+05,1.420e+02,-1.420e+02,98.16,3.057e+01,-1.782e+01,2112.0,,,4686.52,4322.28,-2007.72,2443.80,1,q1_q17_dr25_tce,6630.00,187.00,-258.00,4.235,0.128,-0.192,1.4160,0.4410,-0.2570,290.478030,46.537949,14.713
9774400,K06212.01,,FALSE POSITIVE,FALSE POSITIVE,0.0000,0,1,0,0,10.818248422,9.6690000e-06,-9.6690000e-06,137.1702600,7.690000e-04,-7.690000e-04,0.8130,0.0020,-0.0020,18.28480,0.04520,-0.04520,1.3696e+04,2.990e+01,-2.990e+01,11.71,2.890e+00,-1.560e+00,830.0,,,112.55,81.98,-36.65,581.00,1,q1_q17_dr25_tce,5955.00,159.00,-159.00,4.446,0.116,-0.174,0.8940,0.2210,-0.1190,293.455140,46.521751,13.392
9839081,K06213.01,,FALSE POSITIVE,FALSE POSITIVE,0.0000,1,0,0,0,2.559236603,3.0440000e-06,-3.0440000e-06,132.2638630,9.910000e-04,-9.910000e-04,1.2510,6.9900,-0.5340,1.67060,0.05350,-0.05350,1.1273e+04,3.010e+02,-3.010e+02,37.66,1.160e+01,-3.880e+00,1296.0,,,665.95,600.96,-191.43,45.70,1,q1_q17_dr25_tce,5955.00,160.00,-178.00,4.534,0.038,-0.212,0.8830,0.2720,-0.0910,295.071140,46.687820,14.752
9974142,K06214.01,,FALSE POSITIVE,FALSE POSITIVE,,1,0,0,0,281.358770000,6.5750000e-02,-6.5750000e-02,390.5820000,1.980000e-01,-1.980000e-01,0.0371,0.4145,-0.0368,7.74000,1.60000,-1.60000,2.7850e+02,4.360e+01,-4.360e+01,4.22,1.480e+00,-2.190e+00,446.0,,,9.34,10.09,-7.44,6.20,5,q1_q16_tce,6049.00,201.00,-193.00,3.728,0.503,-0.207,2.5220,0.8860,-1.3090,299.871310,46.822491,13.654
9974142,K06214.02,,CANDIDATE,CANDIDATE,,0,0,0,0,154.536881000,5.4390000e-03,-5.4390000e-03,177.6970000,5.700000e-02,-5.700000e-02,0.3257,0.1155,-0.3257,15.44000,4.40000,-4.40000,2.5850e+02,5.730e+01,-5.730e+01,4.10,1.440e+00,-2.130e+00,544.0,,,20.76,22.44,-16.54,3.50,6,q1_q16_tce,6049.00,201.00,-193.00,3.728,0.503,-0.207,2.5220,0.8860,-1.3090,299.871310,46.822491,13.654
10163066,K06215.01,,FALSE POSITIVE,FALSE POSITIVE,,1,0,0,0,462.123450000,2.1370000e-02,-2.1370000e-02,408.2031000,2.600000e-02,-2.600000e-02,0.2396,0.2508,-0.2395,8.46000,1.30000,-1.30000,6.9900e+02,1.300e+02,-1.300e+02,1.90,9.000e-02,-1.400e-01,169.0,,,0.19,0.05,-0.04,6.90,2,q1_q16_tce,4547.00,152.00,-121.00,4.559,0.046,-0.033,0.7470,0.0370,-0.0560,298.900120,47.146481,15.165
9008103,K03283.03,,CANDIDATE,CANDIDATE,,0,0,0,0,87.707513000,1.1190000e-03,-1.1190000e-03,205.7369000,1.060000e-02,-1.060000e-02,0.4000,0.0522,-0.3999,2.18400,0.37700,-0.37700,5.7800e+02,1.030e+02,-1.030e+02,1.72,2.200e-01,-1.300e-01,310.0,,,2.20,0.92,-0.52,7.10,2,q1_q16_tce,4944.00,145.00,-136.00,4.614,0.029,-0.076,0.7210,0.0900,-0.0550,286.089080,45.369011,15.322
8780959,K03741.03,Kepler-1518 b,CONFIRMED,CANDIDATE,0.9960,0,0,0,0,5.111754700,4.8040000e-05,-4.8040000e-05,133.7612200,7.910000e-03,-7.910000e-03,0.9620,0.0110,-0.7650,3.28100,0.16900,-0.16900,2.6780e+02,2.410e+01,-2.410e+01,2.81,8.000e-01,-6.500e-01,1351.0,,,788.00,641.01,-382.81,12.10,2,q1_q17_dr25_tce,6432.00,155.00,-214.00,4.207,0.190,-0.171,1.3450,0.3820,-0.3130,300.332370,44.986141,13.306
8780959,K03741.04,Kepler-1518 c,CONFIRMED,CANDIDATE,0.0000,0,0,0,0,9.631025800,1.2570000e-04,-1.2570000e-04,132.7273000,1.010000e-02,-1.010000e-02,0.9510,0.0270,-0.6500,5.25500,0.24100,-0.24100,2.9720e+02,2.510e+01,-2.510e+01,2.90,8.200e-01,-6.800e-01,1094.0,,,338.33,275.21,-164.36,12.70,3,q1_q17_dr25_tce,6432.00,155.00,-214.00,4.207,0.190,-0.171,1.3450,0.3820,-0.3130,300.332370,44.986141,13.306
7429287,K04260.02,,FALSE POSITIVE,FALSE POSITIVE,,1,0,0,0,101.889228000,2.1410000e-03,-2.1410000e-03,213.9353000,1.760000e-02,-1.760000e-02,0.0237,0.4450,-0.0236,2.71000,1.00000,-1.00000,8.0900e+01,1.560e+01,-1.560e+01,1.43,9.000e-02,-6.000e-02,487.0,,,13.26,2.16,-1.64,8.50,5,q1_q16_tce,5802.00,60.00,-60.00,4.073,0.012,-0.012,1.5900,0.0900,-0.0700,286.395840,43.075821,11.443
11296045,K04396.04,,CANDIDATE,CANDIDATE,,0,0,0,0,437.515861390,,,522.0553193,,,,,,4.16000,,,,,,,,,,,,,,,,1,q1_q16_tce,,,,,,,,,,291.361880,49.021980,12.981
6592335,K04777.02,,FALSE POSITIVE,FALSE POSITIVE,,1,0,0,0,48.502366900,4.9340000e-04,-4.9340000e-04,168.2091000,7.750000e-03,-7.750000e-03,30.6120,33.8200,-28.6100,1.05300,0.32300,-0.32300,7.4000e+02,1.410e+02,-1.410e+02,906.03,1.618e+02,-1.618e+02,192.0,,,0.32,0.15,-0.12,5.50,1,q1_q16_tce,3396.00,50.00,-50.00,4.991,0.060,-0.060,0.2800,0.0500,-0.0500,287.262150,42.032310,15.896
5951416,K04781.02,,FALSE POSITIVE,FALSE POSITIVE,,1,0,0,0,524.141390000,2.0040000e-02,-2.0040000e-02,344.9169000,2.560000e-02,-2.560000e-02,0.1508,0.3052,-0.1508,11.60300,0.86300,-0.86300,4.0370e+02,5.620e+01,-5.620e+01,1.88,7.500e-01,-1.800e-01,237.0,,,0.74,0.87,-0.21,9.20,1,q1_q16_tce,6225.00,171.00,-197.00,4.481,0.055,-0.290,0.9310,0.3710,-0.0900,288.975740,41.279121,14.892
5769810,K04913.02,,CANDIDATE,CANDIDATE,0.3010,0,0,0,0,8.973772210,7.6030000e-05,-7.6030000e-05,139.7397800,7.350000e-03,-7.350000e-03,0.2370,0.2180,-0.2370,2.13500,0.23800,-0.23800,1.0650e+02,1.370e+01,-1.370e+01,2.96,4.800e-01,-1.120e+00,1530.0,,,1294.96,648.06,-849.93,9.40,1,q1_q17_dr25_tce,6537.00,176.00,-195.00,3.760,0.285,-0.095,2.8290,0.4570,-1.0670,283.678800,41.096882,13.360
5643492,K06015.01,,FALSE POSITIVE,FALSE POSITIVE,0.0000,0,1,1,0,41.865397230,8.4990000e-05,-8.4990000e-05,161.1767900,1.540000e-03,-1.540000e-03,1.2860,6.5520,-0.1100,6.66300,0.07890,-0.07890,4.3093e+03,4.960e+01,-4.960e+01,31.14,7.390e+00,-2.450e+00,500.0,,,14.79,10.41,-3.67,103.40,1,q1_q17_dr25_tce,6063.00,164.00,-182.00,4.584,0.033,-0.176,0.7880,0.1870,-0.0620,297.760530,40.829948,14.528
5795648,K06016.01,,FALSE POSITIVE,FALSE POSITIVE,0.8020,0,1,0,0,4.553370029,7.6900000e-07,-7.6900000e-07,135.4338980,1.400000e-04,-1.400000e-04,0.9510,0.1030,-0.0070,3.22090,0.01160,-0.01160,2.3692e+04,5.940e+01,-5.940e+01,25.84,5.690e+00,-3.770e+00,1264.0,,,603.58,387.69,-213.90,570.60,1,q1_q17_dr25_tce,6306.00,157.00,-189.00,4.346,0.113,-0.137,1.1090,0.2440,-0.1620,293.294400,41.035351,11.471
5961350,K06017.01,,FALSE POSITIVE,FALSE POSITIVE,0.0000,0,1,0,0,5.262652179,2.1300000e-07,-2.1300000e-07,135.6269856,3.250000e-05,-3.250000e-05,0.9600,0.0540,-0.0120,2.85554,0.00154,-0.00154,2.2651e+04,7.400e+00,-7.400e+00,35.99,6.490e+00,-2.990e+00,1499.0,,,1191.71,538.75,-243.14,2246.90,1,q1_q17_dr25_tce,7049.00,74.00,-95.00,4.212,0.054,-0.126,1.5490,0.2790,-0.1290,292.174500,41.290661,13.537
10340423,K00736.03,,FALSE POSITIVE,FALSE POSITIVE,,1,0,0,0,345.982072830,,,392.1763832,,,,,,2.97000,,,,,,,,,,,,,,,,3,q1_q16_tce,,,,,,,,,,292.193970,47.457088,15.962
5979863,K06018.01,,FALSE POSITIVE,FALSE POSITIVE,0.0000,0,1,0,0,16.621853404,9.2400000e-07,-9.2400000e-07,133.5526451,4.650000e-05,-4.650000e-05,0.5800,0.0130,-0.0040,3.91517,0.00391,-0.00391,5.5297e+04,3.860e+01,-3.860e+01,22.32,5.960e+00,-3.200e+00,719.0,,,63.30,50.92,-22.64,1872.60,1,q1_q17_dr25_tce,5949.00,177.00,-195.00,4.451,0.101,-0.174,0.9070,0.2420,-0.1300,297.000060,41.290031,15.229
6117415,K06019.01,,FALSE POSITIVE,FALSE POSITIVE,0.0000,0,1,0,0,19.741616041,8.0600000e-07,-8.0600000e-07,136.4469220,3.410000e-05,-3.410000e-05,1.0400,0.0210,-0.0610,3.07231,0.00144,-0.00144,8.8822e+04,3.380e+01,-3.380e+01,82.98,1.781e+01,-1.601e+01,902.0,,,156.60,95.89,-65.38,2153.00,1,q1_q17_dr25_tce,6535.00,147.00,-180.00,4.183,0.140,-0.140,1.5290,0.3280,-0.2950,289.861050,41.408192,10.543
6128027,K06020.01,,FALSE POSITIVE,FALSE POSITIVE,0.0000,0,1,0,0,5.455766383,8.6600000e-07,-8.6600000e-07,136.9072170,1.310000e-04,-1.310000e-04,0.7940,0.4040,-0.0380,2.89230,0.01130,-0.01130,1.0454e+05,2.250e+02,-2.250e+02,28.20,3.490e+00,-2.360e+00,795.0,,,94.27,39.66,-24.12,536.80,1,q1_q17_dr25_tce,5067.00,151.00,-151.00,4.625,0.039,-0.066,0.6940,0.0860,-0.0580,293.218540,41.417339,15.863
6146418,K06021.01,,FALSE POSITIVE,FALSE POSITIVE,0.0000,0,1,1,0,22.446207040,3.0830000e-05,-3.0830000e-05,149.1595000,1.100000e-03,-1.100000e-03,1.2560,0.6890,-0.1600,7.54910,0.05920,-0.05920,1.6268e+03,1.400e+01,-1.400e+01,58.20,1.087e+01,-1.864e+01,894.0,,,150.81,85.67,-88.39,138.80,1,q1_q17_dr25_tce,6070.00,165.00,-165.00,3.969,0.273,-0.117,1.7770,0.3320,-0.5690,297.793700,41.402401,11.878
4742420,K06120.02,,CANDIDATE,CANDIDATE,,0,0,0,0,205.414150000,1.1820000e-02,-1.1820000e-02,295.6538000,3.330000e-02,-3.330000e-02,0.0856,0.3578,-0.0854,10.26000,1.40000,-1.40000,2.8380e+02,5.020e+01,-5.020e+01,1.67,7.400e-01,-1.600e-01,323.0,,,2.58,3.36,-0.75,7.90,2,q1_q16_tce,6123.00,164.00,-211.00,4.465,0.050,-0.304,0.9910,0.4350,-0.0960,290.450260,39.862011,15.416
4826439,K06121.01,,FALSE POSITIVE,FALSE POSITIVE,0.0000,0,1,0,0,1.237147407,4.2000000e-08,-4.2000000e-08,132.6581514,2.820000e-05,-2.820000e-05,0.4660,0.0020,-0.0020,7.06623,0.00226,-0.00226,4.3536e+05,9.970e+01,-9.970e+01,106.18,1.831e+01,-2.030e+01,2107.0,,,4680.26,2109.48,-1780.67,5557.40,1,q1_q17_dr25_tce,6064.00,82.00,-82.00,4.160,0.168,-0.112,1.4490,0.2500,-0.2770,289.029820,39.951889,13.820
4933476,K06122.01,,FALSE POSITIVE,FALSE POSITIVE,0.0000,0,1,1,0,1.286196710,1.5300000e-05,-1.5300000e-05,131.8746200,7.760000e-03,-7.760000e-03,0.8740,0.1510,-0.5860,1.11400,0.33800,-0.33800,1.3720e+02,3.820e+01,-3.820e+01,1.27,3.500e-01,-2.300e-01,1646.0,,,1740.01,1428.24,-694.58,5.90,2,q1_q17_dr25_tce,5650.00,169.00,-152.00,4.391,0.167,-0.204,0.9260,0.2520,-0.1680,294.443360,40.061340,14.256
4990977,K06123.01,,FALSE POSITIVE,FALSE POSITIVE,0.0000,0,1,0,0,2.649026189,1.0030000e-06,-1.0030000e-06,133.3792810,3.120000e-04,-3.120000e-04,0.9140,0.9960,-0.0810,2.46980,0.02320,-0.02320,5.2172e+04,3.270e+02,-3.270e+02,32.70,9.640e+00,-7.210e+00,1377.0,,,852.59,738.32,-388.89,190.10,1,q1_q17_dr25_tce,5838.00,159.00,-159.00,4.342,0.205,-0.205,0.9880,0.2910,-0.2180,284.345030,40.196091,13.870
5034333,K06124.01,,FALSE POSITIVE,FALSE POSITIVE,0.0000,0,1,0,0,6.932281325,7.2290000e-06,-7.2290000e-06,134.8761980,8.630000e-04,-8.630000e-04,1.2910,0.1510,-0.0900,11.03010,0.04290,-0.04290,6.4059e+03,2.350e+01,-2.350e+01,90.57,2.034e+01,-2.260e+01,1872.0,,,2902.34,1948.04,-1554.25,325.80,1,q1_q17_dr25_tce,8675.00,238.00,-408.00,4.080,0.150,-0.150,2.1680,0.4870,-0.5410,297.400390,40.149479,11.520
5039441,K06125.01,,FALSE POSITIVE,FALSE POSITIVE,0.0010,0,1,0,0,2.151384476,8.1000000e-08,-8.1000000e-08,133.1088143,3.130000e-05,-3.130000e-05,0.2370,0.0270,-0.0120,3.34471,0.00272,-0.00272,2.6386e+05,8.700e+01,-8.700e+01,66.20,1.822e+01,-1.822e+01,1725.0,,,2097.48,1699.67,-1122.47,2657.60,1,q1_q17_dr25_tce,6184.00,168.00,-186.00,4.190,0.270,-0.180,1.2570,0.3460,-0.3460,298.409850,40.156792,12.916
8231299,K07874.01,,FALSE POSITIVE,FALSE POSITIVE,0.0000,0,1,0,0,0.562273947,1.6390000e-06,-1.6390000e-06,131.5243300,3.040000e-03,-3.040000e-03,0.6620,0.1120,-0.3830,3.15720,0.08700,-0.08700,6.7000e+01,1.700e+00,-1.700e+00,0.73,6.000e-02,-9.000e-02,2083.0,,,4412.19,1134.12,-1175.22,52.40,1,q1_q17_dr25_tce,5632.00,90.00,-78.00,4.450,0.117,-0.063,0.8470,0.0730,-0.1010,291.064180,44.170399,13.042
5121173,K06126.01,,FALSE POSITIVE,FALSE POSITIVE,0.0000,1,0,0,0,17.435221800,2.1440000e-04,-2.1440000e-04,143.2261000,9.830000e-03,-9.830000e-03,1.2110,0.5050,-0.0630,51.66600,0.54500,-0.54500,6.0330e+02,5.900e+00,-5.900e+00,67.91,1.103e+01,-2.577e+01,1195.0,,,482.16,258.20,-321.87,121.80,1,q1_q17_dr25_tce,6313.00,205.00,-228.00,3.706,0.336,-0.105,2.6410,0.4290,-1.0020,297.168430,40.275520,13.439
5306984,K06127.01,,CANDIDATE,CANDIDATE,,0,0,0,0,114.271739020,,,163.3628542,,,,,,2.19000,,,,,,,,,,,,,,,,2,q1_q16_tce,,,,,,,,,,299.236790,40.425819,13.050
10198662,K06216.01,,CANDIDATE,CANDIDATE,,0,0,0,0,26.408055320,,,155.7466070,,,,,,2.70000,,,,,,,,,,,,,,,,4,q1_q16_tce,,,,,,,,,,287.784610,47.228043,12.655
10198662,K06216.02,,CANDIDATE,CANDIDATE,,0,0,0,0,46.079313170,,,159.6728081,,,,,,1.87000,,,,,,,,,,,,,,,,5,q1_q16_tce,,,,,,,,,,287.784610,47.228043,12.655
4157325,K01860.04,,CANDIDATE,CANDIDATE,0.0850,0,0,0,0,24.843483700,4.2810000e-04,-4.2810000e-04,148.1777000,1.530000e-02,-1.530000e-02,0.6410,0.3130,-0.4200,4.80000,0.36700,-0.36700,2.1740e+02,1.790e+01,-1.790e+01,1.58,2.300e-01,-1.700e-01,625.0,,,35.97,15.07,-9.45,14.20,4,q1_q17_dr25_tce,5670.00,114.00,-114.00,4.397,0.095,-0.105,1.0220,0.1480,-0.1080,291.556950,39.227291,14.028
10200627,K06217.01,,CANDIDATE,CANDIDATE,0.9560,0,0,0,0,7.701669400,1.4170000e-04,-1.4170000e-04,134.2294000,1.670000e-02,-1.670000e-02,0.0100,0.4520,-0.0100,10.89800,0.41300,-0.41300,1.5570e+02,1.010e+01,-1.010e+01,4.44,4.700e-01,-1.600e-01,1627.0,,,1656.27,586.28,-222.45,17.80,1,q1_q17_dr25_tce,5174.00,134.00,-93.00,3.228,0.036,-0.024,3.6080,0.3810,-0.1270,288.795530,47.203651,15.268
10219361,K06218.01,,FALSE POSITIVE,FALSE POSITIVE,,1,0,0,0,117.634213000,2.5640000e-03,-2.5640000e-03,176.0874000,1.250000e-02,-1.250000e-02,0.5206,0.4167,-0.3103,3.82000,0.34600,-0.34600,2.5310e+02,3.220e+01,-3.220e+01,3.78,2.330e+00,-1.370e+00,513.0,,,16.34,30.82,-10.43,8.70,2,q1_q16_tce,5236.00,134.00,-150.00,3.711,0.390,-0.361,2.3320,1.4350,-0.8460,296.108460,47.222279,12.742
10228942,K06219.01,,FALSE POSITIVE,FALSE POSITIVE,0.0000,0,1,0,0,21.025447023,7.8200000e-07,-7.8200000e-07,148.2226428,3.060000e-05,-3.060000e-05,0.9780,0.0240,-0.0190,6.52216,0.00184,-0.00184,1.1574e+05,2.810e+01,-2.810e+01,135.84,2.535e+01,-5.070e+01,1123.0,,,376.40,213.53,-245.60,4881.90,1,q1_q17_dr25_tce,6631.00,180.00,-200.00,3.798,0.328,-0.082,2.4380,0.4550,-0.9100,298.827390,47.257740,13.079
10341878,K06220.01,,FALSE POSITIVE,FALSE POSITIVE,0.0000,0,0,0,1,0.933753371,8.9690000e-06,-8.9690000e-06,131.5094500,9.540000e-03,-9.540000e-03,0.3110,0.1880,-0.3110,4.43800,0.22100,-0.22100,4.7300e+01,3.100e+00,-3.100e+00,1.44,3.800e-01,-4.700e-01,3137.0,,,22850.90,18485.42,-14161.44,19.80,1,q1_q17_dr25_tce,7286.00,228.00,-330.00,3.998,0.246,-0.164,2.0560,0.5440,-0.6650,292.760280,47.448299,13.231
10357831,K06221.01,,FALSE POSITIVE,FALSE POSITIVE,0.0000,0,1,0,0,1.721535880,1.4760000e-05,-1.4760000e-05,131.7292000,1.130000e-02,-1.130000e-02,0.0020,0.4300,-0.0020,1.92270,0.09540,-0.09540,3.9929e+04,1.663e+03,-1.663e+03,12.89,9.200e-01,-1.160e+00,1045.0,,,281.41,89.68,-79.30,29.30,1,q1_q17_dr25_tce,4535.00,159.00,-159.00,4.607,0.054,-0.027,0.6680,0.0480,-0.0600,298.108340,47.487919,16.459
8332521,K04567.02,,CANDIDATE,CANDIDATE,0.9940,0,0,0,0,4.672503770,3.8370000e-05,-3.8370000e-05,135.2367800,7.470000e-03,-7.470000e-03,0.9500,0.0010,-0.7280,4.44100,0.17700,-0.17700,7.9600e+01,6.400e+00,-6.400e+00,1.11,3.700e-01,-1.200e-01,1149.0,,,412.73,404.38,-125.06,13.80,1,q1_q17_dr25_tce,6146.00,170.00,-192.00,4.454,0.070,-0.210,0.9870,0.3280,-0.1090,301.562840,44.240391,13.775
6150977,K06022.01,,FALSE POSITIVE,FALSE POSITIVE,0.0000,0,1,1,0,2.765621941,9.9600000e-07,-9.9600000e-07,133.6800950,2.980000e-04,-2.980000e-04,1.2620,0.1650,-0.1060,2.31910,0.01800,-0.01800,8.3422e+03,5.880e+01,-5.880e+01,34.42,7.030e+00,-3.240e+00,1134.0,,,391.86,254.17,-106.86,173.20,1,q1_q17_dr25_tce,5423.00,177.00,-161.00,4.542,0.045,-0.135,0.8280,0.1690,-0.0780,298.824430,41.435921,15.664
6182019,K06023.01,,FALSE POSITIVE,FALSE POSITIVE,0.0010,0,1,0,0,3.664964374,9.9900000e-07,-9.9900000e-07,134.1528790,2.360000e-04,-2.360000e-04,0.5520,0.0160,-0.0020,3.90580,0.01570,-0.01570,9.0827e+04,2.800e+02,-2.800e+02,30.98,8.780e+00,-4.740e+00,1184.0,,,464.89,400.40,-174.95,437.80,1,q1_q17_dr25_tce,5726.00,177.00,-197.00,4.403,0.128,-0.192,0.9870,0.2800,-0.1510,282.684910,41.587959,15.643
6191945,K06024.01,,FALSE POSITIVE,FALSE POSITIVE,0.0000,0,1,0,0,6.807284200,1.7350000e-04,-1.7350000e-04,135.5474000,3.280000e-02,-3.280000e-02,0.9230,6.9980,-0.3050,1.94770,0.07960,-0.07960,1.4578e+04,5.200e+02,-5.200e+02,31.15,1.365e+01,-1.667e+01,1156.0,,,421.16,592.24,-342.26,32.90,1,q1_q17_dr25_tce,5182.00,200.00,-182.00,3.935,0.595,-0.255,1.8240,0.7990,-0.9760,287.332700,41.506672,14.044
6209347,K06025.01,,FALSE POSITIVE,FALSE POSITIVE,0.0340,0,1,0,0,2.136577151,1.2930000e-06,-1.2930000e-06,133.0265790,4.830000e-04,-4.830000e-04,0.9960,6.6910,-0.0200,2.46820,0.03310,-0.03310,7.9078e+04,7.100e+02,-7.100e+02,43.89,9.690e+00,-6.450e+00,1311.0,,,698.75,473.95,-248.71,124.30,1,q1_q17_dr25_tce,5457.00,164.00,-164.00,4.442,0.126,-0.168,0.9050,0.2000,-0.1330,293.198330,41.558311,15.281
6268722,K06026.01,,FALSE POSITIVE,FALSE POSITIVE,0.0050,0,1,0,0,2.638432816,3.5600000e-07,-3.5600000e-07,133.0039460,1.120000e-04,-1.120000e-04,0.8630,0.1050,-0.0130,2.42989,0.00854,-0.00854,4.8488e+04,1.260e+02,-1.260e+02,49.77,9.970e+00,-1.496e+01,1933.0,,,3299.02,1923.00,-1852.23,529.40,1,q1_q17_dr25_tce,6502.00,155.00,-175.00,3.991,0.280,-0.120,1.7530,0.3510,-0.5270,285.518400,41.660469,12.601
6301030,K06027.01,,FALSE POSITIVE,FALSE POSITIVE,0.0000,1,0,0,0,11.991000357,5.9860000e-06,-5.9860000e-06,139.5983370,5.490000e-04,-5.490000e-04,0.5340,0.0150,-0.0160,6.46480,0.01040,-0.01040,3.7594e+05,5.580e+02,-5.580e+02,78.78,2.280e+01,-1.861e+01,897.0,,,153.29,136.79,-75.08,802.90,1,q1_q17_dr25_tce,5988.00,197.00,-197.00,4.271,0.225,-0.184,1.1300,0.3270,-0.2670,296.296360,41.604561,17.777
10480982,K00744.02,,FALSE POSITIVE,FALSE POSITIVE,0.0000,0,0,1,1,2.037464140,1.4720000e-05,-1.4720000e-05,131.5456700,5.740000e-03,-5.740000e-03,0.0080,0.4600,-0.0080,2.89500,0.23600,-0.23600,1.3880e+02,1.180e+01,-1.180e+01,1.12,3.600e-01,-1.200e-01,1474.0,,,1118.26,1090.07,-327.66,14.10,2,q1_q17_dr25_tce,6117.00,182.00,-200.00,4.496,0.052,-0.208,0.9470,0.3080,-0.0960,295.814540,47.690350,15.341
6606934,K06028.01,,FALSE POSITIVE,FALSE POSITIVE,0.0000,0,1,0,0,37.806940720,2.5910000e-06,-2.5910000e-06,153.8409531,5.610000e-05,-5.610000e-05,1.1110,0.0970,-0.1300,3.84264,0.00293,-0.00293,1.0633e+05,4.650e+01,-4.650e+01,72.01,2.261e+01,-8.080e+00,617.0,,,34.14,31.42,-10.62,1571.80,1,q1_q17_dr25_tce,6387.00,172.00,-211.00,4.410,0.065,-0.208,1.1050,0.3470,-0.1240,292.071660,42.076382,14.898
8242769,K07875.01,,CANDIDATE,CANDIDATE,0.8260,0,0,0,0,21.971157400,6.0410000e-04,-6.0410000e-04,137.6914000,2.140000e-02,-2.140000e-02,0.1190,0.3280,-0.1180,5.01200,0.80500,-0.80500,1.7810e+02,2.590e+01,-2.590e+01,1.32,3.900e-01,-1.700e-01,649.0,,,41.86,37.75,-14.55,7.80,2,q1_q17_dr25_tce,5763.00,182.00,-222.00,4.436,0.084,-0.196,0.9970,0.2950,-0.1260,295.066310,44.162449,15.570
10964440,K01310.02,,CANDIDATE,CANDIDATE,0.9130,0,0,0,0,144.688915000,5.0600000e-03,-5.0600000e-03,256.3430000,1.730000e-02,-1.730000e-02,0.0870,0.3780,-0.0870,9.46800,0.62100,-0.62100,3.9710e+02,3.960e+01,-3.960e+01,3.33,4.800e-01,-8.300e-01,416.0,,,7.09,2.84,-3.29,11.60,2,q1_q17_dr25_tce,5372.00,88.00,-64.00,4.007,0.218,-0.087,1.7100,0.2490,-0.4270,285.662690,48.435371,14.569
5385548,K06128.01,,FALSE POSITIVE,FALSE POSITIVE,0.0000,1,0,1,1,12.425550550,9.4170000e-05,-9.4170000e-05,141.5457000,7.180000e-03,-7.180000e-03,0.9730,0.0010,-0.0020,28.49200,0.45500,-0.45500,4.0900e+02,5.700e+00,-5.700e+00,3.79,1.060e+00,-1.070e+00,1027.0,,,262.42,212.71,-144.55,123.70,1,q1_q17_dr25_tce,6381.00,155.00,-214.00,4.155,0.246,-0.164,1.4230,0.4020,-0.4020,297.613530,40.584942,13.244
5385778,K06129.01,,FALSE POSITIVE,FALSE POSITIVE,0.0000,1,0,1,1,12.425922470,4.6360000e-05,-4.6360000e-05,141.5484800,3.230000e-03,-3.230000e-03,0.8850,0.0030,-0.0040,31.50000,0.24900,-0.24900,8.7076e+03,5.090e+01,-5.090e+01,79.21,1.422e+01,-2.844e+01,1547.0,,,1353.90,605.42,-848.59,190.80,1,q1_q17_dr25_tce,4849.00,48.00,-115.00,3.060,0.180,-0.105,6.9520,1.2480,-2.4960,297.667880,40.580280,12.696
5428657,K06130.01,,CANDIDATE,CANDIDATE,0.9990,0,0,0,0,1.542874340,3.6930000e-06,-3.6930000e-06,132.6169700,2.040000e-03,-2.040000e-03,0.0130,0.4350,-0.0130,1.11210,0.08350,-0.08350,4.0140e+02,2.500e+01,-2.500e+01,1.05,8.000e-02,-7.000e-02,1007.0,,,243.62,72.53,-58.55,20.70,1,q1_q17_dr25_tce,4530.00,139.00,-139.00,4.704,0.052,-0.032,0.5390,0.0390,-0.0390,284.441010,40.625000,15.121
5471617,K06131.01,,FALSE POSITIVE,FALSE POSITIVE,,0,1,0,1,12.423732700,7.9740000e-04,-7.9740000e-04,133.9642000,5.790000e-02,-5.790000e-02,0.1320,0.3478,-0.1320,18.15000,1.90000,-1.90000,3.0100e+01,4.300e+00,-4.300e+00,1.12,8.800e-01,-7.200e-01,1057.0,,,294.63,746.39,-260.39,20.10,1,q1_q16_tce,5221.00,127.00,-116.00,3.720,0.821,-0.402,2.0670,1.6360,-1.3300,297.702700,40.686230,12.409
5471617,K06131.02,,FALSE POSITIVE,FALSE POSITIVE,,1,0,0,0,94.381630000,1.1630000e-02,-1.1630000e-02,171.3362000,7.250000e-02,-7.250000e-02,0.5930,0.0552,-0.4628,11.87000,2.80000,-2.80000,9.1200e+01,1.630e+01,-1.630e+01,2.04,1.620e+00,-1.310e+00,537.0,,,19.72,49.95,-17.43,7.50,3,q1_q16_tce,5221.00,127.00,-116.00,3.720,0.821,-0.402,2.0670,1.6360,-1.3300,297.702700,40.686230,12.409
5629353,K06132.01,,CANDIDATE,CANDIDATE,0.9960,0,0,0,0,33.320090800,5.4120000e-04,-5.4120000e-04,150.0494000,2.110000e-02,-2.110000e-02,0.0690,0.2530,-0.0690,6.52650,0.08430,-0.08430,6.1869e+03,7.740e+01,-7.740e+01,13.00,3.950e+00,-3.550e+00,750.0,,,74.79,67.39,-41.55,84.50,1,q1_q17_dr25_tce,6264.00,177.00,-265.00,4.133,0.200,-0.180,1.6510,0.5020,-0.4510,294.557890,40.850498,14.624
5629353,K06132.02,Kepler-1640 b,CONFIRMED,CANDIDATE,1.0000,0,0,0,0,7.584424100,2.8540000e-04,-2.8540000e-04,137.8470000,4.970000e-02,-4.970000e-02,0.8150,0.0320,-0.5690,3.91800,0.12500,-0.12500,1.0050e+03,4.700e+01,-4.700e+01,5.83,1.780e+00,-1.590e+00,1228.0,,,537.40,484.24,-298.58,23.80,2,q1_q17_dr25_tce,6264.00,177.00,-265.00,4.133,0.200,-0.180,1.6510,0.5020,-0.4510,294.557890,40.850498,14.624
10363233,K06222.01,,FALSE POSITIVE,FALSE POSITIVE,,1,0,1,0,210.899577000,5.9920000e-03,-5.9920000e-03,230.1954000,2.640000e-02,-2.640000e-02,0.3202,0.1361,-0.3201,2.16700,0.42800,-0.42800,3.3450e+03,4.770e+02,-4.770e+02,4.85,1.830e+00,-4.900e-01,268.0,,,1.22,1.49,-0.35,7.80,2,q1_q16_tce,5332.00,211.00,-164.00,4.500,0.066,-0.245,0.8430,0.3190,-0.0840,299.617070,47.406021,14.788
10385682,K06223.01,,FALSE POSITIVE,FALSE POSITIVE,0.0000,0,1,0,0,3.103730697,1.1200000e-07,-1.1200000e-07,132.8744585,2.990000e-05,-2.990000e-05,0.5390,0.0020,-0.0030,6.93402,0.00173,-0.00173,3.6923e+05,8.640e+01,-8.640e+01,75.28,2.415e+01,-8.620e+00,1340.0,,,763.25,722.73,-243.77,5143.60,1,q1_q17_dr25_tce,6075.00,169.00,-211.00,4.422,0.070,-0.224,1.0910,0.3500,-0.1250,282.189640,47.523762,15.001
10414727,K06224.01,,CANDIDATE,CANDIDATE,,0,0,0,0,91.205730370,,,210.1533987,,,,,,4.17000,,,,,,,,,,,,,,,,2,q1_q16_tce,,,,,,,,,,295.681920,47.591881,12.962
10414727,K06224.02,,FALSE POSITIVE,FALSE POSITIVE,,1,0,0,0,253.405380000,1.4800000e-02,-1.4800000e-02,273.6514000,3.760000e-02,-3.760000e-02,0.3967,0.0460,-0.3967,7.43000,1.60000,-1.60000,2.4080e+02,4.960e+01,-4.960e+01,2.69,1.610e+00,-5.500e-01,443.0,,,9.13,17.19,-4.35,5.00,3,q1_q16_tce,7304.00,228.00,-341.00,4.151,0.120,-0.346,1.6900,1.0080,-0.3450,295.681920,47.591881,12.962
10483644,K06225.01,,FALSE POSITIVE,FALSE POSITIVE,0.0000,0,1,0,0,5.110771787,9.4000000e-07,-9.4000000e-07,133.3153440,1.470000e-04,-1.470000e-04,0.8780,0.2140,-0.0330,2.48392,0.00863,-0.00863,5.0681e+04,1.560e+02,-1.560e+02,26.98,8.330e+00,-2.780e+00,1048.0,,,284.85,257.97,-81.92,394.00,1,q1_q17_dr25_tce,6029.00,163.00,-181.00,4.523,0.052,-0.208,0.8940,0.2760,-0.0920,296.681700,47.600342,13.985
4736569,K01996.02,,CANDIDATE,CANDIDATE,0.9500,0,0,0,0,7.073945280,6.3580000e-05,-6.3580000e-05,136.6437100,7.910000e-03,-7.910000e-03,0.2770,0.1760,-0.2770,2.31900,0.17200,-0.17200,2.2830e+02,2.680e+01,-2.680e+01,0.84,6.000e-02,-5.000e-02,647.0,,,41.43,12.76,-10.20,9.50,2,q1_q17_dr25_tce,4777.00,167.00,-167.00,4.689,0.048,-0.032,0.5610,0.0380,-0.0380,288.668910,39.824009,15.629
10601549,K06226.01,,FALSE POSITIVE,FALSE POSITIVE,0.0000,1,0,0,0,1.463773705,7.2100000e-07,-7.2100000e-07,132.8075890,4.060000e-04,-4.060000e-04,0.8380,6.4290,-0.0810,1.91230,0.02880,-0.02880,6.4776e+04,6.200e+02,-6.200e+02,21.79,2.050e+00,-1.830e+00,1329.0,,,739.19,256.13,-189.33,119.70,1,q1_q17_dr25_tce,5446.00,162.00,-162.00,4.599,0.077,-0.056,0.6680,0.0630,-0.0560,292.479430,47.834610,13.318
10614158,K06227.01,,FALSE POSITIVE,FALSE POSITIVE,0.0000,1,0,0,0,4.462553120,3.9050000e-05,-3.9050000e-05,133.6497700,8.510000e-03,-8.510000e-03,0.0040,0.1020,-0.0040,14.09570,0.07070,-0.07070,2.2720e+04,1.830e+02,-1.830e+02,52.74,2.974e+01,-1.602e+01,1795.0,,,2458.34,4318.08,-1370.94,140.90,1,q1_q17_dr25_tce,4847.00,147.00,-110.00,3.277,0.325,-0.325,3.6190,2.0410,-1.0990,296.975220,47.886551,14.673
8505215,K00099.02,,FALSE POSITIVE,FALSE POSITIVE,,1,0,0,0,79.878049450,,,184.7704412,,,,,,3.19000,,,,,,,,,,,,,,,,1,q1_q16_tce,,,,,,,,,,295.434330,44.531120,12.960
10662202,K00750.03,,CANDIDATE,CANDIDATE,0.9290,0,0,0,0,14.516741000,1.5640000e-04,-1.5640000e-04,138.8379900,8.780000e-03,-8.780000e-03,0.8510,0.1010,-0.6430,2.70600,0.24300,-0.24300,2.2720e+02,2.510e+01,-2.510e+01,1.45,6.000e-02,-1.100e-01,606.0,,,31.80,4.75,-6.48,10.10,3,q1_q17_dr25_tce,4954.00,79.00,-79.00,4.500,0.075,-0.020,0.8280,0.0320,-0.0650,290.465120,47.929180,15.377
9008103,K03283.02,,CANDIDATE,CANDIDATE,0.9890,0,0,0,0,20.571810700,2.1750000e-04,-2.1750000e-04,142.8026700,8.320000e-03,-8.320000e-03,0.1230,0.3380,-0.1230,3.39900,0.27200,-0.27200,3.7900e+02,3.350e+01,-3.350e+01,1.34,1.400e-01,-1.000e-01,498.0,,,14.51,5.57,-3.24,13.00,1,q1_q17_dr25_tce,4922.00,148.00,-133.00,4.624,0.025,-0.065,0.7080,0.0770,-0.0490,286.089080,45.369011,15.322
6614926,K06029.01,,FALSE POSITIVE,FALSE POSITIVE,0.0190,0,1,0,0,3.026764871,2.6300000e-07,-2.6300000e-07,133.3279059,6.940000e-05,-6.940000e-05,0.1980,0.0660,-0.0170,4.32532,0.00322,-0.00322,6.6720e+04,5.380e+01,-5.380e+01,26.36,7.810e+00,-2.790e+00,1360.0,,,810.38,685.56,-243.47,1561.20,1,q1_q17_dr25_tce,6283.00,150.00,-206.00,4.459,0.052,-0.208,1.0100,0.2990,-0.1070,294.331390,42.093979,14.044
6628237,K06030.01,,FALSE POSITIVE,FALSE POSITIVE,0.0010,0,1,0,0,3.840130917,1.1860000e-06,-1.1860000e-06,135.1397650,2.590000e-04,-2.590000e-04,0.8720,0.9870,-0.0550,2.89510,0.02330,-0.02330,6.0401e+04,2.760e+02,-2.760e+02,33.44,9.950e+00,-4.990e+00,1205.0,,,498.48,434.89,-183.04,275.60,1,q1_q17_dr25_tce,5931.00,160.00,-196.00,4.418,0.101,-0.188,1.0120,0.3010,-0.1510,297.471040,42.087898,14.479
6694186,K06031.01,,FALSE POSITIVE,FALSE POSITIVE,0.0000,0,1,0,0,5.554227226,4.9900000e-07,-4.9900000e-07,135.1620300,7.460000e-05,-7.460000e-05,0.1740,0.0360,-0.0110,4.77434,0.00376,-0.00376,1.4231e+05,1.150e+02,-1.150e+02,31.71,6.810e+00,-4.550e+00,930.0,,,176.70,113.00,-60.38,1517.70,1,q1_q17_dr25_tce,5433.00,145.00,-145.00,4.465,0.124,-0.171,0.8430,0.1810,-0.1210,292.631130,42.180779,12.376
6934587,K06032.01,,FALSE POSITIVE,FALSE POSITIVE,0.0000,0,1,0,0,1.570919281,4.7400000e-07,-4.7400000e-07,132.4736200,2.550000e-04,-2.550000e-04,1.0830,0.1000,-0.0830,3.22320,0.01410,-0.01410,6.5124e+04,2.380e+02,-2.380e+02,59.12,1.846e+01,-9.920e+00,1797.0,,,2473.29,2346.12,-1008.02,316.90,1,q1_q17_dr25_tce,6192.00,194.00,-237.00,4.326,0.128,-0.208,1.1620,0.3630,-0.1950,286.997650,42.465160,13.406
7219906,K06033.01,,FALSE POSITIVE,FALSE POSITIVE,0.0000,0,1,1,0,35.089769020,2.4190000e-05,-2.4190000e-05,153.3967020,5.700000e-04,-5.700000e-04,1.2640,1.1710,-0.1600,3.96230,0.02770,-0.02770,5.7546e+03,4.010e+01,-4.010e+01,33.10,8.610e+00,-2.860e+00,501.0,,,14.95,11.47,-3.91,170.80,1,q1_q17_dr25_tce,5603.00,152.00,-169.00,4.556,0.031,-0.178,0.8460,0.2200,-0.0730,297.014590,42.789169,14.266
7257373,K06034.01,,FALSE POSITIVE,FALSE POSITIVE,0.0000,0,1,0,0,5.233450136,2.8600000e-07,-2.8600000e-07,133.1261573,4.370000e-05,-4.370000e-05,0.4570,0.0030,-0.0020,8.57374,0.00258,-0.00258,4.3042e+05,1.180e+02,-1.180e+02,70.33,2.095e+01,-7.490e+00,1050.0,,,287.60,253.58,-88.55,3921.80,1,q1_q17_dr25_tce,5841.00,164.00,-205.00,4.454,0.067,-0.202,0.9770,0.2910,-0.1040,282.053280,42.864952,13.424
7295570,K06035.01,,FALSE POSITIVE,FALSE POSITIVE,0.0000,0,1,0,0,3.603701100,1.3930000e-04,-1.3930000e-04,131.6711000,4.990000e-02,-4.990000e-02,1.2250,6.8300,-0.4820,2.99400,0.11100,-0.11100,1.6112e+04,5.680e+02,-5.680e+02,66.94,1.995e+01,-2.990e+01,1464.0,,,1089.00,1024.86,-793.83,33.40,1,q1_q17_dr25_tce,5633.00,203.00,-169.00,4.016,0.495,-0.165,1.5470,0.4610,-0.6910,295.657990,42.801239,14.492
7362852,K06036.01,,FALSE POSITIVE,FALSE POSITIVE,0.0000,0,1,0,0,3.518356021,2.0800000e-07,-2.0800000e-07,131.8005089,4.930000e-05,-4.930000e-05,0.5930,0.0060,-0.0130,6.90375,0.00218,-0.00218,3.1675e+05,8.300e+01,-8.300e+01,64.49,1.858e+01,-7.960e+00,1266.0,,,606.41,518.34,-202.81,3217.60,1,q1_q17_dr25_tce,6201.00,175.00,-219.00,4.472,0.052,-0.195,0.9890,0.2850,-0.1220,291.809660,42.981609,15.168
5629353,K06132.03,,CANDIDATE,CANDIDATE,0.9980,0,0,0,0,11.867172000,9.2870000e-04,-9.2870000e-04,142.9850000,1.040000e-01,-1.040000e-01,0.0010,0.4470,-0.0010,4.81500,0.25200,-0.25200,5.9560e+02,4.850e+01,-4.850e+01,4.03,1.230e+00,-1.100e+00,1058.0,,,296.23,266.93,-164.58,13.40,3,q1_q17_dr25_tce,6264.00,177.00,-265.00,4.133,0.200,-0.180,1.6510,0.5020,-0.4510,294.557890,40.850498,14.624
5641294,K06133.01,,FALSE POSITIVE,FALSE POSITIVE,,0,1,0,0,2.616094300,2.2030000e-04,-2.2030000e-04,132.5162000,4.650000e-02,-4.650000e-02,0.6458,0.3318,-0.4113,21.34000,4.00000,-4.00000,2.9300e+01,3.100e+00,-3.100e+00,0.81,4.600e-01,-1.700e-01,1744.0,,,2188.14,3803.54,-1028.47,5.60,2,q1_q16_tce,6645.00,170.00,-278.00,4.232,0.137,-0.321,1.4200,0.8140,-0.2940,297.315430,40.874981,12.754
5738698,K06134.01,,FALSE POSITIVE,FALSE POSITIVE,0.0000,0,1,0,0,2.404386969,5.5000000e-08,-5.5000000e-08,133.2105484,1.890000e-05,-1.890000e-05,0.6130,0.0020,-0.0020,7.40348,0.00058,-0.00058,3.1317e+05,8.640e+01,-8.640e+01,79.72,2.246e+01,-1.496e+01,1670.0,,,1838.11,1462.17,-753.15,8577.40,1,q1_q17_dr25_tce,6466.00,145.00,-178.00,4.278,0.165,-0.182,1.2100,0.3410,-0.2270,299.719790,40.903961,11.941
4078157,K01319.02,,CANDIDATE,CANDIDATE,,0,0,0,0,142.685885000,7.1640000e-03,-7.1640000e-03,175.9722000,3.800000e-02,-3.800000e-02,0.1086,0.3769,-0.1085,3.79200,0.78500,-0.78500,1.1950e+03,3.030e+02,-3.030e+02,2.76,1.170e+00,-2.200e-01,319.0,,,2.43,3.22,-0.59,9.30,3,q1_q16_tce,5767.00,197.00,-167.00,4.570,0.034,-0.281,0.7990,0.3390,-0.0630,296.479370,39.127571,15.484
5768927,K06135.01,,FALSE POSITIVE,FALSE POSITIVE,0.0210,0,1,0,0,4.390513938,1.3040000e-06,-1.3040000e-06,132.5507610,2.420000e-04,-2.420000e-04,0.8790,0.4970,-0.0430,2.94720,0.01570,-0.01570,4.6829e+04,2.080e+02,-2.080e+02,41.83,1.213e+01,-1.335e+01,1401.0,,,910.71,776.72,-537.08,290.70,1,q1_q17_dr25_tce,6081.00,165.00,-183.00,4.133,0.286,-0.154,1.4540,0.4220,-0.4640,283.261720,41.084480,13.209
5814635,K06136.01,,FALSE POSITIVE,FALSE POSITIVE,0.0000,1,0,0,0,3.869638220,,,131.6242000,,,,,,2.29000,,,,,,,,,,,,3728.91,8476.49,-1338.71,,1,q1_q17_dr25_tce,,,,,,,,,,297.834930,41.058319,11.399
5816144,K06137.01,,CANDIDATE,CANDIDATE,1.0000,0,0,0,0,12.497059900,1.5330000e-04,-1.5330000e-04,140.8987000,1.030000e-02,-1.030000e-02,0.6500,0.3030,-0.4490,3.87700,0.28300,-0.28300,1.8000e+02,1.890e+01,-1.890e+01,1.44,5.000e-01,-1.600e-01,839.0,,,117.30,120.38,-36.67,10.60,1,q1_q17_dr25_tce,6174.00,185.00,-203.00,4.445,0.070,-0.224,1.0210,0.3490,-0.1160,298.194120,41.029331,14.191
5816144,K06137.02,,FALSE POSITIVE,FALSE POSITIVE,0.0000,0,0,1,0,7.384681000,1.0030000e-04,-1.0030000e-04,132.1721000,1.120000e-02,-1.120000e-02,0.0680,0.3830,-0.0680,3.54800,0.27900,-0.27900,1.4280e+02,1.530e+01,-1.530e+01,1.22,4.200e-01,-1.400e-01,1000.0,,,236.56,242.75,-73.97,10.60,2,q1_q17_dr25_tce,6174.00,185.00,-203.00,4.445,0.070,-0.224,1.0210,0.3490,-0.1160,298.194120,41.029331,14.191
10717220,K06228.01,Kepler-1644 b,CONFIRMED,CANDIDATE,1.0000,0,0,0,0,21.090790900,1.4670000e-04,-1.4670000e-04,133.9631600,5.810000e-03,-5.810000e-03,0.8320,0.0220,-0.5740,4.75100,0.15900,-0.15900,4.1760e+02,2.410e+01,-2.410e+01,1.88,4.800e-01,-1.600e-01,606.0,,,31.86,23.55,-8.17,19.70,1,q1_q17_dr25_tce,5723.00,154.00,-154.00,4.546,0.055,-0.165,0.8180,0.2050,-0.0730,285.475040,48.034931,14.223
10728219,K06229.01,,FALSE POSITIVE,FALSE POSITIVE,0.0000,0,1,0,0,3.371796653,6.8200000e-07,-6.8200000e-07,134.8762890,1.830000e-04,-1.830000e-04,3.2190,0.2480,-0.7430,3.44210,0.01850,-0.01850,3.6690e+05,8.320e+02,-8.320e+02,306.28,7.523e+01,-4.064e+01,1155.0,,,419.47,313.32,-136.73,560.20,1,q1_q17_dr25_tce,5615.00,169.00,-152.00,4.455,0.094,-0.175,0.9120,0.2240,-0.1210,290.660580,48.046150,15.909
10735988,K06230.01,,FALSE POSITIVE,FALSE POSITIVE,0.6440,0,1,0,0,1.927177921,7.8300000e-07,-7.8300000e-07,132.5714740,3.440000e-04,-3.440000e-04,0.3990,0.0610,-0.0090,2.77420,0.02940,-0.02940,1.3614e+05,8.750e+02,-8.750e+02,28.94,3.290e+00,-3.290e+00,1219.0,,,523.16,213.86,-154.17,204.70,1,q1_q17_dr25_tce,5193.00,168.00,-138.00,4.525,0.080,-0.064,0.7740,0.0880,-0.0880,293.740110,48.011501,15.706
8112324,K07867.01,,FALSE POSITIVE,FALSE POSITIVE,0.0000,0,1,0,0,0.575925434,1.1800000e-07,-1.1800000e-07,131.9245800,1.730000e-04,-1.730000e-04,0.9050,0.0360,-0.0430,2.46760,0.01280,-0.01280,1.3740e+05,4.900e+02,-4.900e+02,38.24,4.420e+00,-3.190e+00,1834.0,,,2666.70,1114.99,-683.75,354.40,2,q1_q17_dr25_tce,5461.00,181.00,-164.00,4.586,0.082,-0.067,0.6830,0.0790,-0.0570,296.647640,43.995041,14.563
10971944,K06231.01,,FALSE POSITIVE,FALSE POSITIVE,,1,0,0,0,496.175660000,4.1990000e-02,-4.1990000e-02,174.0663000,3.520000e-02,-3.520000e-02,0.4188,0.0557,-0.4183,11.63000,2.30000,-2.30000,2.9300e+02,4.060e+01,-4.060e+01,3.46,1.300e+00,-1.240e+00,358.0,,,3.88,4.27,-2.52,11.30,2,q1_q16_tce,6643.00,184.00,-252.00,3.946,0.302,-0.192,1.9760,0.7370,-0.7110,289.909670,48.489231,13.515
10973583,K06232.01,,FALSE POSITIVE,FALSE POSITIVE,0.0000,0,1,0,0,6.256352128,3.9670000e-06,-3.9670000e-06,133.5431810,5.420000e-04,-5.420000e-04,1.2690,6.1590,-0.1690,2.35120,0.02580,-0.02580,3.2893e+03,3.120e+01,-3.120e+01,30.76,8.680e+00,-2.910e+00,918.0,,,167.92,139.06,-45.93,120.40,1,q1_q17_dr25_tce,5772.00,155.00,-172.00,4.549,0.046,-0.184,0.8360,0.2360,-0.0790,290.798800,48.483929,15.798
10989274,K06233.01,Kepler-1645 b,CONFIRMED,CANDIDATE,1.0000,0,0,0,0,16.178030000,5.0990000e-02,-5.0990000e-02,132.3260000,3.450000e-01,-3.450000e-01,0.0810,0.2650,-0.0810,5.18000,5.90000,-5.90000,4.4900e+02,2.273e+03,-2.273e+03,2.25,7.000e-01,-3.000e-01,754.0,,,76.54,69.28,-26.12,6.00,1,q1_q17_dr25_tce,5929.00,160.00,-196.00,4.413,0.070,-0.210,1.0690,0.3300,-0.1410,297.479460,48.418571,14.472
11099351,K06234.01,,FALSE POSITIVE,FALSE POSITIVE,0.0000,0,1,0,0,2.377955070,6.9200000e-07,-6.9200000e-07,132.5573330,2.310000e-04,-2.310000e-04,1.2980,1.3160,-0.1060,2.43290,0.01300,-0.01300,4.3911e+03,1.890e+01,-1.890e+01,92.61,3.407e+01,-2.787e+01,2965.0,,,18261.57,20432.30,-10792.03,257.50,1,q1_q17_dr25_tce,9565.00,302.00,-416.00,4.088,0.171,-0.209,2.2860,0.8410,-0.6880,298.277370,48.640820,11.639
11147460,K06235.01,,FALSE POSITIVE,FALSE POSITIVE,0.0000,0,1,0,0,2.053866175,7.8600000e-07,-7.8600000e-07,132.9440620,3.130000e-04,-3.130000e-04,1.2650,0.1820,-0.0950,4.80450,0.01630,-0.01630,5.0213e+03,1.570e+01,-1.570e+01,158.25,7.272e+01,-4.849e+01,2528.0,,,9631.57,13028.40,-5402.76,380.50,1,q1_q17_dr25_tce,5051.00,127.00,-114.00,3.220,0.330,-0.270,4.0890,1.8790,-1.2530,296.205020,48.766811,13.912
10662202,K00750.04,,FALSE POSITIVE,FALSE POSITIVE,,1,0,0,0,36.552131300,7.0780000e-04,-7.0780000e-04,165.0716000,1.490000e-02,-1.490000e-02,0.4969,0.4653,-0.3028,2.48100,0.38900,-0.38900,2.8290e+02,4.340e+01,-4.340e+01,0.90,5.000e-02,-6.000e-02,361.0,,,4.03,0.94,-0.95,7.70,3,q1_q16_tce,4722.00,131.00,-144.00,4.723,0.053,-0.026,0.5270,0.0270,-0.0370,290.465120,47.929180,15.377
11607193,K00983.02,,FALSE POSITIVE,FALSE POSITIVE,0.0000,0,1,1,0,5.177577252,,,132.9009561,,,1.3410,,,2.47770,,,1.3254e+03,,,73.82,2.240e+01,-1.381e+01,1671.0,,,1846.90,1653.75,-832.10,23.60,1,q1_q17_dr25_tce,7429.00,206.00,-335.00,4.143,0.105,-0.195,1.7960,0.5450,-0.3360,289.874110,49.685490,12.616
10743597,K00989.04,,FALSE POSITIVE,FALSE POSITIVE,,0,0,1,0,4.080293280,1.0590000e-05,-1.0590000e-05,131.7047000,2.010000e-03,-2.010000e-03,0.2428,0.2128,-0.2427,2.83430,0.07020,-0.07020,1.1284e+03,3.490e+01,-3.490e+01,2.92,1.220e+00,-2.300e-01,1044.0,,,280.40,356.79,-66.81,43.10,2,q1_q17_dr24_tce,5619.00,173.00,-156.00,4.536,0.030,-0.291,0.8740,0.3660,-0.0670,296.382290,48.045311,15.488
4247991,K02311.03,Kepler-1185 b,CONFIRMED,CANDIDATE,0.9760,0,0,0,0,104.351962400,6.9730000e-04,-6.9730000e-04,190.1026100,5.250000e-03,-5.250000e-03,0.5320,0.0230,-0.4610,3.69500,0.14100,-0.14100,2.4380e+02,1.630e+01,-1.630e+01,1.39,2.000e-01,-6.000e-02,355.0,,,3.74,1.54,-0.59,15.80,1,q1_q17_dr25_tce,5650.00,112.00,-112.00,4.546,0.021,-0.119,0.8700,0.1240,-0.0390,287.241180,39.332760,12.570
11968463,K02433.06,,CANDIDATE,CANDIDATE,,0,0,0,0,6.063302980,5.5640000e-05,-5.5640000e-05,136.1760700,7.690000e-03,-7.690000e-03,0.0214,0.4317,-0.0213,3.27500,0.19600,-0.19600,2.0070e+02,1.680e+01,-1.680e+01,1.64,9.500e-01,-2.000e-01,1153.0,,,418.40,751.96,-145.12,13.10,6,q1_q17_dr24_tce,6308.00,178.00,-246.00,4.353,0.088,-0.323,1.1530,0.6710,-0.1440,294.338470,50.336540,15.212
11968463,K02433.07,,CANDIDATE,CANDIDATE,0.0000,0,0,0,0,86.431871000,1.7190000e-03,-1.7190000e-03,423.0356000,1.500000e-02,-1.500000e-02,0.9500,0.0110,-0.6460,7.37400,0.41400,-0.41400,4.1510e+02,4.000e+01,-4.000e+01,2.85,9.900e-01,-3.300e-01,464.0,,,10.97,11.28,-3.73,11.20,6,q1_q17_dr25_tce,6325.00,174.00,-261.00,4.409,0.058,-0.218,1.1120,0.3880,-0.1290,294.338470,50.336540,15.212
11074835,K02533.03,,CANDIDATE,CANDIDATE,,0,0,0,0,26.115288700,9.8690000e-04,-9.8690000e-04,145.5641000,3.050000e-02,-3.050000e-02,0.1382,0.3270,-0.1381,12.54000,1.10000,-1.10000,7.0000e+01,7.200e+00,-7.200e+00,2.38,1.140e+00,-7.600e-01,898.0,,,153.98,217.07,-91.92,10.60,2,q1_q16_tce,5190.00,135.00,-165.00,3.630,0.274,-0.318,2.9120,1.3820,-0.9400,286.715640,48.645279,13.274
8042747,K07861.01,,FALSE POSITIVE,FALSE POSITIVE,0.0000,1,0,0,0,469.523030000,9.5310000e-03,-9.5310000e-03,381.4073000,1.460000e-02,-1.460000e-02,0.7330,0.0050,-0.5450,5.48700,0.56500,-0.56500,3.5570e+02,4.160e+01,-4.160e+01,2.10,7.100e-01,-2.300e-01,252.0,,,0.95,0.94,-0.30,10.50,1,q1_q17_dr25_tce,6197.00,172.00,-216.00,4.449,0.056,-0.224,1.0350,0.3490,-0.1160,296.389040,43.850510,14.091
9008737,K02768.03,,FALSE POSITIVE,FALSE POSITIVE,1.0000,1,0,0,0,11.832710130,5.3470000e-05,-5.3470000e-05,137.5928634,8.310000e-05,-8.310000e-05,0.5480,0.0410,-0.4440,6.15200,0.92200,-0.92200,1.7630e+02,2.800e+01,-2.800e+01,1.17,3.000e-01,-1.000e-01,728.0,,,66.51,51.58,-17.21,12.70,1,q1_q17_dr25_tce,5639.00,169.00,-169.00,4.551,0.031,-0.178,0.8590,0.2200,-0.0730,286.398620,45.343529,15.228
7373877,K06037.01,,FALSE POSITIVE,FALSE POSITIVE,0.0000,0,1,1,0,32.669962587,,,159.4801924,,,0.1800,,,3.58100,,,3.6540e+02,,,1.37,1.300e-01,-9.000e-02,428.0,,,7.96,2.71,-1.82,6.20,1,q1_q17_dr25_tce,4871.00,145.00,-145.00,4.606,0.027,-0.059,0.7410,0.0680,-0.0500,295.030330,42.983501,15.536
5792202,K00841.04,,CANDIDATE,CANDIDATE,0.0000,0,0,0,0,269.306232000,7.2510000e-03,-7.2510000e-03,285.6272000,1.600000e-02,-1.600000e-02,1.2190,69.5500,-1.0870,14.93100,0.97800,-0.97800,1.7080e+03,1.090e+02,-1.090e+02,24.00,2.350e+00,-8.500e-01,235.0,,,0.72,0.21,-0.11,18.10,4,q1_q17_dr25_tce,5251.00,105.00,-105.00,4.581,0.010,-0.085,0.8170,0.0800,-0.0290,292.236760,41.085880,15.855
7436177,K06038.01,,FALSE POSITIVE,FALSE POSITIVE,0.0000,0,1,0,0,19.933647110,1.9390000e-05,-1.9390000e-05,143.9404100,1.190000e-03,-1.190000e-03,0.8520,0.0300,-0.0270,8.61220,0.00590,-0.00590,1.7483e+05,1.080e+02,-1.080e+02,75.88,2.194e+01,-1.647e+01,848.0,,,122.24,104.48,-58.18,1863.40,1,q1_q17_dr25_tce,6505.00,181.00,-250.00,4.250,0.153,-0.187,1.2900,0.3730,-0.2800,289.110960,43.013641,14.575
7537945,K06039.01,,FALSE POSITIVE,FALSE POSITIVE,0.0000,0,1,1,0,1.071911311,3.0500000e-07,-3.0500000e-07,131.6075290,2.300000e-04,-2.300000e-04,1.2720,0.0480,-0.0550,3.85590,0.01410,-0.01410,9.8178e+03,2.950e+01,-2.950e+01,40.32,1.046e+01,-7.000e+00,1809.0,,,2534.86,1991.46,-1002.89,397.60,1,q1_q17_dr25_tce,5885.00,177.00,-177.00,4.413,0.144,-0.176,0.9330,0.2420,-0.1620,294.678040,43.199261,15.083
7624297,K06040.01,,FALSE POSITIVE,FALSE POSITIVE,0.0000,0,1,0,0,18.019651402,7.9000000e-07,-7.9000000e-07,148.6673673,3.630000e-05,-3.630000e-05,0.6750,0.0100,-0.0090,5.08572,0.00156,-0.00156,1.7700e+05,7.190e+01,-7.190e+01,31.77,4.530e+00,-1.930e+00,544.0,,,20.70,9.69,-4.31,3373.30,1,q1_q17_dr25_tce,5278.00,157.00,-141.00,4.658,0.033,-0.083,0.6590,0.0940,-0.0400,296.459990,43.285530,14.928
8109692,K07864.01,,FALSE POSITIVE,FALSE POSITIVE,0.0000,1,0,1,0,117.934158000,4.9530000e-03,-4.9530000e-03,197.8657000,3.880000e-02,-3.880000e-02,0.6580,0.3200,-0.4290,9.25000,1.40000,-1.40000,1.8750e+02,1.730e+01,-1.730e+01,3.76,7.000e-01,-1.400e+00,648.0,,,41.73,23.67,-27.42,12.90,1,q1_q17_dr25_tce,6790.00,184.00,-225.00,3.822,0.292,-0.097,2.5970,0.4850,-0.9700,295.869080,43.997959,13.232
7695093,K06041.01,,FALSE POSITIVE,FALSE POSITIVE,0.0000,0,1,0,0,4.032762189,3.2300000e-07,-3.2300000e-07,133.3016604,6.580000e-05,-6.580000e-05,0.5990,0.0050,-0.0030,4.14212,0.00279,-0.00279,1.1935e+05,1.130e+02,-1.130e+02,35.22,1.018e+01,-5.090e+00,1173.0,,,447.97,380.06,-154.12,1520.00,1,q1_q17_dr25_tce,5960.00,161.00,-161.00,4.438,0.098,-0.196,0.9620,0.2780,-0.1390,295.808500,43.303108,13.861
7749318,K06042.01,,FALSE POSITIVE,FALSE POSITIVE,0.0000,0,1,0,0,2.371589507,6.3100000e-07,-6.3100000e-07,132.7432930,2.200000e-04,-2.200000e-04,1.6530,0.2560,-0.3710,3.51160,0.02850,-0.02850,2.3510e+05,8.050e+02,-8.050e+02,88.22,9.840e+00,-3.960e+00,1043.0,,,278.90,109.12,-51.02,386.00,1,q1_q17_dr25_tce,5340.00,161.00,-145.00,4.715,0.015,-0.085,0.6010,0.0670,-0.0270,290.496830,43.490910,14.528
7777397,K06043.01,,FALSE POSITIVE,FALSE POSITIVE,0.0000,0,1,1,1,5.091121240,3.8310000e-05,-3.8310000e-05,135.1794500,6.600000e-03,-6.600000e-03,0.2240,0.2410,-0.2240,2.15900,0.23600,-0.23600,1.1510e+02,1.250e+01,-1.250e+01,3.58,4.500e-01,-1.330e+00,2044.0,,,4131.88,1779.36,-2719.93,11.40,1,q1_q17_dr25_tce,6705.00,212.00,-236.00,3.629,0.296,-0.056,3.2930,0.4080,-1.2250,298.843020,43.402031,11.585
5817566,K06138.01,,FALSE POSITIVE,FALSE POSITIVE,0.0010,0,1,0,0,4.206070484,2.5350000e-06,-2.5350000e-06,132.2484230,5.000000e-04,-5.000000e-04,0.9490,0.0490,-0.0480,10.69880,0.02730,-0.02730,1.1981e+05,2.750e+02,-2.750e+02,172.66,4.277e+01,-7.942e+01,2547.0,,,9955.22,7345.63,-7507.45,508.00,1,q1_q17_dr25_tce,8212.00,229.00,-343.00,3.736,0.432,-0.108,3.1850,0.7890,-1.4650,298.476040,41.079910,11.684
5952403,K06139.01,,FALSE POSITIVE,FALSE POSITIVE,0.0000,0,1,0,1,0.905677864,5.3900000e-07,-5.3900000e-07,132.1976870,4.030000e-04,-4.030000e-04,1.3210,1.4940,-0.1000,2.24320,0.03040,-0.03040,3.6704e+03,4.200e+01,-4.200e+01,325.51,9.215e+01,-1.229e+02,3989.0,,,60020.95,42771.27,-39069.91,107.40,1,q1_q17_dr25_tce,5037.00,50.00,-130.00,3.002,0.201,-0.108,7.5530,2.1380,-2.8510,289.287410,41.264809,6.966
6032730,K06141.01,,CANDIDATE,CANDIDATE,,0,0,0,0,96.509214000,1.0840000e-03,-1.0840000e-03,223.8080000,8.440000e-03,-8.440000e-03,3.6303,44.3300,-2.4790,0.58900,0.22900,-0.22900,1.5280e+03,3.890e+02,-3.890e+02,860.30,2.218e+02,-2.742e+02,787.0,,,90.63,71.08,-55.32,3.80,3,q1_q16_tce,7343.00,224.00,-314.00,3.751,0.269,-0.133,2.9550,0.7620,-0.9420,288.592900,41.307339,8.655
6116172,K06142.01,,CANDIDATE,CANDIDATE,,0,0,0,0,69.646793110,,,138.2830560,,,,,,3.71000,,,,,,,,,,,,,,,,3,q1_q16_tce,,,,,,,,,,289.481450,41.499420,13.735
6116172,K06142.02,,CANDIDATE,CANDIDATE,,0,0,0,0,111.655460000,6.7370000e-04,-6.7370000e-04,148.8939000,5.380000e-03,-5.380000e-03,11.3832,2.7140,-10.4000,1.05100,0.36900,-0.36900,2.8870e+03,6.890e+02,-6.890e+02,2121.00,1.289e+03,-4.668e+02,579.0,,,26.58,50.57,-13.25,7.00,4,q1_q16_tce,6967.00,205.00,-328.00,4.086,0.141,-0.350,1.8630,1.1320,-0.4100,289.481450,41.499420,13.735
6116172,K06142.03,,CANDIDATE,CANDIDATE,,0,0,0,0,86.132018640,,,164.2236993,,,,,,3.11000,,,,,,,,,,,,,,,,5,q1_q16_tce,,,,,,,,,,289.481450,41.499420,13.735
4150539,K01330.02,,FALSE POSITIVE,FALSE POSITIVE,0.0000,0,0,1,1,94.219289000,1.5480000e-03,-1.5480000e-03,196.1952000,1.270000e-02,-1.270000e-02,0.1730,0.3120,-0.1730,24.31200,0.47600,-0.47600,1.0259e+03,2.860e+01,-2.860e+01,2.15,1.500e-01,-1.900e-01,285.0,,,1.57,0.46,-0.40,37.60,3,q1_q17_dr25_tce,4641.00,139.00,-125.00,4.589,0.054,-0.027,0.6940,0.0500,-0.0610,289.726100,39.272831,15.703
6182093,K06143.01,,FALSE POSITIVE,FALSE POSITIVE,,1,0,0,0,297.113395000,6.4560000e-03,-6.4560000e-03,309.1459000,1.330000e-02,-1.330000e-02,0.0322,0.4265,-0.0321,4.52900,0.75800,-0.75800,2.7540e+02,3.640e+01,-3.640e+01,5.37,9.800e-01,-2.300e+00,509.0,,,15.89,8.39,-11.30,10.10,2,q1_q16_tce,6626.00,146.00,-201.00,3.676,0.351,-0.111,3.2060,0.5880,-1.3740,282.719910,41.519379,9.666
9839821,K02012.02,Kepler-1052 c,CONFIRMED,CANDIDATE,0.8770,0,0,0,0,180.921729000,2.8260000e-03,-2.8260000e-03,234.3344000,1.330000e-02,-1.330000e-02,0.0250,0.4200,-0.0250,8.99000,0.37700,-0.37700,7.4240e+02,5.040e+01,-5.040e+01,2.30,5.400e-01,-1.900e-01,302.0,,,1.96,1.32,-0.49,16.20,2,q1_q17_dr25_tce,5818.00,139.00,-157.00,4.554,0.042,-0.168,0.8480,0.1990,-0.0710,295.342710,46.602261,14.876
11252617,K06236.01,,FALSE POSITIVE,FALSE POSITIVE,0.0000,0,1,0,0,4.478116695,1.2600000e-07,-1.2600000e-07,132.8719936,2.320000e-05,-2.320000e-05,0.6220,0.0010,-0.0010,3.35700,0.00151,-0.00151,1.1798e+05,5.270e+01,-5.270e+01,38.85,1.175e+01,-4.700e+00,1218.0,,,521.12,461.59,-172.94,3665.40,1,q1_q17_dr25_tce,6304.00,169.00,-225.00,4.435,0.065,-0.195,1.0580,0.3200,-0.1280,295.691380,48.903770,15.534
8245108,K07876.01,,FALSE POSITIVE,FALSE POSITIVE,0.0000,1,0,1,1,0.579108481,8.4100000e-06,-8.4100000e-06,131.7753000,1.360000e-02,-1.360000e-02,0.4240,0.0440,-0.4240,1.65900,0.31400,-0.31400,6.8400e+01,9.900e+00,-9.900e+00,0.42,3.000e-02,-3.000e-02,1377.0,,,849.52,216.37,-204.15,9.30,1,q1_q17_dr25_tce,4604.00,138.00,-152.00,4.749,0.048,-0.024,0.5010,0.0280,-0.0340,295.814850,44.193340,15.815
11252617,K06236.02,,FALSE POSITIVE,FALSE POSITIVE,0.0010,0,0,1,0,1.276208990,1.3180000e-05,-1.3180000e-05,131.6866000,1.020000e-02,-1.020000e-02,0.2760,0.1850,-0.2760,2.16900,0.24600,-0.24600,1.8620e+02,1.850e+01,-1.850e+01,1.46,4.400e-01,-1.800e-01,1851.0,,,2769.80,2453.35,-919.23,11.40,3,q1_q17_dr25_tce,6304.00,169.00,-225.00,4.435,0.065,-0.195,1.0580,0.3200,-0.1280,295.691380,48.903770,15.534
11296437,K06237.01,,FALSE POSITIVE,FALSE POSITIVE,,1,0,0,0,528.503440000,1.2650000e-02,-1.2650000e-02,209.8264000,1.330000e-02,-1.330000e-02,0.0094,0.4485,-0.0091,6.39400,0.62600,-0.62600,1.3380e+02,1.400e+01,-1.400e+01,2.20,1.250e+00,-4.900e-01,354.0,,,3.73,6.46,-1.78,11.70,2,q1_q16_tce,7102.00,187.00,-253.00,4.068,0.148,-0.323,1.8740,1.0680,-0.4170,291.573120,49.097771,11.741
11296437,K06237.02,,CANDIDATE,CANDIDATE,,0,0,0,0,47.144047830,,,172.8557680,,,,,,4.35000,,,,,,,,,,,,,,,,3,q1_q16_tce,,,,,,,,,,291.573120,49.097771,11.741
11341164,K06238.01,,CANDIDATE,CANDIDATE,,0,0,0,0,197.054315740,,,266.1346771,,,,,,6.38000,,,,,,,,,,,,,,,,3,q1_q16_tce,,,,,,,,,,286.728970,49.154945,12.366
11462969,K06239.01,,CANDIDATE,CANDIDATE,,0,0,0,0,406.496216000,7.6380000e-03,-7.6380000e-03,325.9025000,1.740000e-02,-1.740000e-02,0.5052,0.0318,-0.4452,3.49500,0.60700,-0.60700,3.8020e+02,5.860e+01,-5.860e+01,1.77,7.600e-01,-1.500e-01,236.0,,,0.73,0.93,-0.18,6.90,1,q1_q16_tce,5847.00,151.00,-159.00,4.525,0.035,-0.303,0.8840,0.3830,-0.0730,295.566830,49.378029,13.893
11462969,K06239.02,,CANDIDATE,CANDIDATE,,0,0,0,0,491.615168140,,,295.3512988,,,,,,6.31000,,,,,,,,,,,,,,,,2,q1_q16_tce,,,,,,,,,,295.566830,49.378029,13.893
7830321,K06044.01,,FALSE POSITIVE,FALSE POSITIVE,0.0000,0,1,0,0,2.027383251,8.4700000e-07,-8.4700000e-07,131.6861170,3.410000e-04,-3.410000e-04,1.2480,6.0550,-0.0530,1.55280,0.01850,-0.01850,3.8562e+03,3.260e+01,-3.260e+01,31.12,8.280e+00,-4.840e+00,1352.0,,,791.38,653.61,-291.52,126.10,1,q1_q17_dr25_tce,5544.00,183.00,-166.00,4.435,0.158,-0.228,0.8750,0.2330,-0.1360,294.454440,43.500511,15.476
7841986,K06045.01,,FALSE POSITIVE,FALSE POSITIVE,0.0000,1,0,1,0,10.733707370,1.0560000e-05,-1.0560000e-05,141.1117600,8.150000e-04,-8.150000e-04,0.8950,0.0030,-0.0030,7.67060,0.04670,-0.04670,6.1553e+03,3.490e+01,-3.490e+01,18.70,3.730e+00,-8.100e+00,1171.0,,,444.77,277.54,-320.24,239.50,1,q1_q17_dr25_tce,5971.00,183.00,-201.00,3.914,0.448,-0.112,2.0030,0.4000,-0.8680,297.739810,43.510319,13.602
7877820,K06046.01,,FALSE POSITIVE,FALSE POSITIVE,0.0000,1,0,1,1,9.449438672,7.1380000e-06,-7.1380000e-06,136.0257790,5.930000e-04,-5.930000e-04,1.2430,0.1120,-0.0620,5.54790,0.03150,-0.03150,1.2867e+04,6.930e+01,-6.930e+01,60.59,1.626e+01,-1.465e+01,1152.0,,,415.72,321.61,-203.78,231.40,1,q1_q17_dr25_tce,6558.00,162.00,-194.00,4.167,0.209,-0.171,1.4310,0.3840,-0.3460,286.286930,43.613640,13.099
7914906,K06047.01,,FALSE POSITIVE,FALSE POSITIVE,0.0000,0,1,0,0,8.752913958,2.7970000e-06,-2.7970000e-06,138.7249330,2.600000e-04,-2.600000e-04,1.1240,0.8350,-0.1830,3.45460,0.01830,-0.01830,4.1770e+04,1.550e+02,-1.550e+02,119.91,2.427e+01,-4.848e+01,1635.0,,,1689.12,1070.49,-1190.46,326.10,1,q1_q17_dr25_tce,7279.00,226.00,-327.00,3.856,0.315,-0.135,2.6240,0.5310,-1.0610,298.816470,43.673321,11.961
5792202,K00841.05,,CANDIDATE,CANDIDATE,0.0000,1,0,0,0,499.473380000,1.1870000e-02,-1.1870000e-02,455.5672000,1.360000e-02,-1.360000e-02,0.7930,0.1590,-0.5600,12.24800,0.57500,-0.57500,1.6620e+03,1.120e+02,-1.120e+02,3.71,3.600e-01,-1.400e-01,191.0,,,0.31,0.10,-0.04,15.70,5,q1_q17_dr25_tce,5251.00,105.00,-105.00,4.581,0.010,-0.085,0.8170,0.0800,-0.0290,292.236760,41.085880,15.855
8019043,K06048.01,,FALSE POSITIVE,FALSE POSITIVE,0.0000,0,1,0,0,1.985586627,9.5000000e-08,-9.5000000e-08,132.9336782,3.950000e-05,-3.950000e-05,0.8040,0.0070,-0.0090,2.53163,0.00387,-0.00387,7.2584e+04,7.120e+01,-7.120e+01,105.22,1.409e+01,-3.948e+01,2796.0,,,14480.75,6236.12,-9416.55,1594.10,1,q1_q17_dr25_tce,6651.00,180.00,-180.00,3.600,0.330,-0.110,3.2190,0.4310,-1.2080,288.087490,43.876141,11.427
8023317,K06049.01,,FALSE POSITIVE,FALSE POSITIVE,0.0000,0,1,0,0,16.579028045,8.2930000e-06,-8.2930000e-06,146.7330980,4.150000e-04,-4.150000e-04,0.7450,0.0030,-0.0020,7.80300,0.01390,-0.01390,3.7980e+04,5.750e+01,-5.750e+01,49.01,9.440e+00,-1.754e+01,1062.0,,,300.36,180.12,-188.37,813.60,1,q1_q17_dr25_tce,5870.00,175.00,-146.00,3.808,0.323,-0.108,2.3000,0.4430,-0.8230,289.970340,43.820530,12.887
8126531,K07868.01,,FALSE POSITIVE,FALSE POSITIVE,0.1280,1,0,0,0,513.427840000,1.7990000e-02,-1.7990000e-02,174.3904000,2.040000e-02,-2.040000e-02,0.7140,0.2290,-0.5200,6.27800,0.83600,-0.83600,5.2320e+02,5.650e+01,-5.650e+01,14.87,2.430e+00,-4.530e+00,424.0,,,7.67,3.16,-4.26,11.50,1,q1_q17_dr25_tce,4833.00,50.00,-101.00,3.130,0.180,-0.105,6.0650,0.9950,-1.8480,300.161590,43.992931,13.175
8121067,K06050.01,,FALSE POSITIVE,FALSE POSITIVE,0.0000,0,1,1,0,2.064900876,1.2330000e-06,-1.2330000e-06,132.8744850,4.740000e-04,-4.740000e-04,1.2530,0.0630,-0.0570,6.87690,0.02990,-0.02990,1.0939e+04,3.680e+01,-3.680e+01,38.19,1.077e+01,-3.860e+00,1357.0,,,800.75,660.82,-226.81,364.00,1,q1_q17_dr25_tce,5714.00,152.00,-169.00,4.501,0.062,-0.188,0.9010,0.2540,-0.0910,298.755740,43.964642,14.597
6197038,K06144.01,,FALSE POSITIVE,FALSE POSITIVE,0.0000,0,1,0,0,9.751720174,2.4890000e-06,-2.4890000e-06,138.5383190,2.050000e-04,-2.050000e-04,0.1500,0.0090,-0.0090,16.19370,0.01560,-0.01560,3.3290e+05,2.680e+02,-2.680e+02,182.09,8.482e+01,-5.651e+01,1356.0,,,800.41,1098.38,-452.88,1767.30,1,q1_q17_dr25_tce,5147.00,129.00,-116.00,3.424,0.285,-0.285,3.1450,1.4650,-0.9760,289.300810,41.526508,13.531
6221385,K06145.01,Kepler-1641 b,CONFIRMED,CANDIDATE,0.9370,0,0,0,0,19.672324000,1.1160000e-03,-1.1160000e-03,134.3013000,6.920000e-02,-6.920000e-02,0.7210,0.0100,-0.5380,4.81200,0.18100,-0.18100,6.4990e+02,3.390e+01,-3.390e+01,4.07,1.100e+00,-1.110e+00,908.0,,,160.98,129.20,-86.73,20.60,1,q1_q17_dr25_tce,6486.00,181.00,-227.00,4.136,0.246,-0.164,1.4850,0.4020,-0.4020,296.359440,41.574532,14.263
6221385,K06145.02,Kepler-1641 c,CONFIRMED,CANDIDATE,0.9990,0,0,0,0,32.657035000,3.0330000e-03,-3.0330000e-03,152.8810000,1.140000e-01,-1.140000e-01,0.0070,0.4310,-0.0070,5.95300,0.23900,-0.23900,6.2040e+02,3.710e+01,-3.710e+01,3.73,1.010e+00,-1.010e+00,767.0,,,81.91,65.74,-44.13,17.90,2,q1_q17_dr25_tce,6486.00,181.00,-227.00,4.136,0.246,-0.164,1.4850,0.4020,-0.4020,296.359440,41.574532,14.263
6221385,K06145.03,,CANDIDATE,CANDIDATE,0.8020,0,0,0,0,7.313845400,6.8710000e-04,-6.8710000e-04,137.5610000,1.180000e-01,-1.180000e-01,0.8930,0.0260,-0.6100,2.27300,0.26600,-0.26600,2.4770e+02,3.070e+01,-3.070e+01,2.73,7.400e-01,-7.400e-01,1263.0,,,601.53,482.81,-324.09,9.20,3,q1_q17_dr25_tce,6486.00,181.00,-227.00,4.136,0.246,-0.164,1.4850,0.4020,-0.4020,296.359440,41.574532,14.263
6362386,K06146.01,,FALSE POSITIVE,FALSE POSITIVE,0.0000,0,1,0,0,4.592401261,1.1200000e-07,-1.1200000e-07,133.1397910,1.980000e-05,-1.980000e-05,0.2720,0.0020,-0.0020,4.96038,0.00157,-0.00157,8.7426e+04,1.830e+01,-1.830e+01,52.18,1.652e+01,-1.102e+01,1678.0,,,1872.74,1805.19,-897.69,5784.80,1,q1_q17_dr25_tce,7201.00,228.00,-314.00,4.138,0.132,-0.198,1.7240,0.5460,-0.3640,291.264160,41.748840,12.930
8260269,K07877.01,,FALSE POSITIVE,FALSE POSITIVE,0.1350,0,0,1,0,6.709952530,5.5090000e-05,-5.5090000e-05,134.0235200,6.300000e-03,-6.300000e-03,0.6160,0.3490,-0.4040,2.29700,0.20000,-0.20000,8.6000e+01,1.030e+01,-1.030e+01,1.10,3.300e-01,-1.400e-01,1120.0,,,372.31,315.03,-121.67,9.80,1,q1_q17_dr25_tce,6461.00,145.00,-193.00,4.396,0.065,-0.195,1.1310,0.3390,-0.1450,299.796750,44.163071,13.872
6449358,K06147.01,,FALSE POSITIVE,FALSE POSITIVE,0.0000,0,1,0,0,5.776794344,1.3000000e-07,-1.3000000e-07,133.6275034,1.840000e-05,-1.840000e-05,0.3660,0.0010,-0.0010,6.33505,0.00134,-0.00134,1.2154e+05,1.890e+01,-1.890e+01,129.20,2.601e+01,-5.637e+01,2249.0,,,6048.96,3687.39,-4440.39,8022.80,1,q1_q17_dr25_tce,7666.00,212.00,-334.00,3.658,0.432,-0.108,3.6010,0.7250,-1.5710,293.896420,41.831772,11.610
6593968,K06148.01,,FALSE POSITIVE,FALSE POSITIVE,,1,0,0,0,23.199232560,,,146.6907294,,,,,,2.09000,,,,,,,,,,,,,,,,4,q1_q16_tce,,,,,,,,,,287.911040,42.014042,15.778
6674908,K06149.01,,FALSE POSITIVE,FALSE POSITIVE,0.0000,0,0,1,0,0.503199724,2.6770000e-06,-2.6770000e-06,131.9062700,4.570000e-03,-4.570000e-03,0.4920,0.4770,-0.2940,1.11700,0.18700,-0.18700,2.7560e+02,3.690e+01,-3.690e+01,1.06,5.000e-02,-1.100e-01,1363.0,,,819.89,209.11,-254.01,10.10,1,q1_q17_dr25_tce,4013.00,140.00,-154.00,4.639,0.053,-0.021,0.6300,0.0290,-0.0640,286.176700,42.196529,14.155
11516930,K06240.01,,FALSE POSITIVE,FALSE POSITIVE,0.0000,0,1,1,0,4.768540307,,,133.8648842,,,0.8060,,,0.99380,,,3.4760e+02,,,1.84,4.900e-01,-2.800e-01,1010.0,,,246.11,196.87,-90.25,4.00,1,q1_q17_dr25_tce,5491.00,164.00,-164.00,4.432,0.130,-0.222,0.8870,0.2350,-0.1370,296.206210,49.472050,14.189
11558882,K06241.01,,FALSE POSITIVE,FALSE POSITIVE,0.0000,0,1,0,0,73.918586150,2.3020000e-05,-2.3020000e-05,154.6967980,2.910000e-04,-2.910000e-04,1.1370,0.0730,-0.1090,6.97350,0.02010,-0.02010,1.8407e+05,2.600e+02,-2.600e+02,89.96,2.971e+01,-1.191e+01,484.0,,,12.95,12.53,-4.52,933.50,1,q1_q17_dr25_tce,6300.00,169.00,-225.00,4.404,0.084,-0.210,1.0570,0.3490,-0.1400,291.739930,49.570808,15.401
11656928,K06242.01,,CANDIDATE,CANDIDATE,,0,0,0,0,212.435036740,,,239.8349648,,,,,,4.26000,,,,,,,,,,,,,,,,4,q1_q16_tce,,,,,,,,,,289.037720,49.712601,12.914
11566064,K00353.03,,CANDIDATE,CANDIDATE,0.9750,0,0,0,0,11.161938400,1.6770000e-04,-1.6770000e-04,133.5538000,1.300000e-02,-1.300000e-02,0.7390,0.2350,-0.5320,5.19500,0.40700,-0.40700,1.2440e+02,1.090e+01,-1.090e+01,1.97,3.400e-01,-4.100e-01,1093.0,,,337.23,163.60,-142.69,13.40,3,q1_q17_dr25_tce,6200.00,124.00,-124.00,4.072,0.188,-0.101,1.6400,0.2810,-0.3430,295.212680,49.562180,13.374
8042835,K07862.01,,FALSE POSITIVE,FALSE POSITIVE,0.0000,1,0,0,0,2.387936960,3.5570000e-05,-3.5570000e-05,133.2290200,8.500000e-03,-8.500000e-03,1.1930,0.1380,-0.1330,17.30200,0.73500,-0.73500,1.1430e+02,3.800e+00,-3.800e+00,25.56,7.330e+00,-2.620e+00,1674.0,,,1860.02,1531.48,-578.24,41.70,1,q1_q17_dr25_tce,6769.00,165.00,-259.00,4.379,0.060,-0.180,1.1610,0.3330,-0.1190,296.409670,43.876019,14.394
2853780,K02081.02,,FALSE POSITIVE,FALSE POSITIVE,,1,0,0,0,589.179680000,4.2560000e-02,-4.2560000e-02,185.0175000,5.180000e-02,-5.180000e-02,0.0431,0.4354,-0.0430,10.20000,2.30000,-2.30000,2.5340e+02,3.790e+01,-3.790e+01,4.91,2.180e+00,-2.480e+00,330.0,,,2.82,3.96,-2.24,7.70,2,q1_q16_tce,5295.00,191.00,-211.00,3.617,0.477,-0.278,3.1520,1.4030,-1.5940,291.729160,38.070019,13.439
11656928,K06242.02,,CANDIDATE,CANDIDATE,,0,0,0,0,76.839945970,,,171.7707187,,,,,,3.11000,,,,,,,,,,,,,,,,5,q1_q16_tce,,,,,,,,,,289.037720,49.712601,12.914
11656928,K06242.03,,CANDIDATE,CANDIDATE,,0,0,0,0,78.866840000,3.0500000e-03,-3.0500000e-03,143.7314000,3.300000e-02,-3.300000e-02,0.2074,0.2603,-0.2074,4.50000,1.00000,-1.00000,8.6100e+01,1.700e+01,-1.700e+01,1.30,7.700e-01,-2.100e-01,573.0,,,25.44,45.85,-9.86,4.80,6,q1_q16_tce,6907.00,172.00,-237.00,4.264,0.097,-0.336,1.3810,0.8200,-0.2220,289.037720,49.712601,12.914
11673686,K06243.01,,FALSE POSITIVE,FALSE POSITIVE,0.3090,0,1,0,0,4.618767943,1.1000000e-06,-1.1000000e-06,133.3866550,1.970000e-04,-1.970000e-04,0.0040,0.1170,-0.0040,6.03000,0.01050,-0.01050,3.2609e+04,5.580e+01,-5.580e+01,32.36,8.000e+00,-1.482e+01,1565.0,,,1418.08,1037.91,-1049.80,674.90,1,q1_q17_dr25_tce,6195.00,169.00,-187.00,3.937,0.472,-0.157,1.7810,0.4400,-0.8160,297.315370,49.706081,11.685
8153568,K06051.01,,FALSE POSITIVE,FALSE POSITIVE,0.0000,0,1,0,0,3.607274170,2.1280000e-05,-2.1280000e-05,133.7754800,8.280000e-03,-8.280000e-03,0.4630,0.0150,-0.0140,14.08410,0.04390,-0.04390,8.4190e+05,1.513e+03,-1.513e+03,221.55,5.933e+01,-6.591e+01,1833.0,,,2671.63,2175.34,-1572.15,710.90,1,q1_q17_dr25_tce,7026.00,216.00,-312.00,4.068,0.240,-0.160,1.7850,0.4780,-0.5310,286.904450,44.005508,15.076
8167938,K06052.01,,FALSE POSITIVE,FALSE POSITIVE,0.0000,1,0,0,0,2.565717939,3.1260000e-06,-3.1260000e-06,133.2214800,1.010000e-03,-1.010000e-03,1.3130,6.9090,-0.3210,1.70840,0.05200,-0.05200,1.9417e+03,5.210e+01,-5.210e+01,180.80,2.179e+01,-8.722e+01,4607.0,,,106664.85,57167.91,-92102.08,45.80,1,q1_q17_dr25_tce,11360.00,587.00,-1762.00,3.636,0.451,-0.106,4.7120,0.5680,-2.2730,292.617460,44.002048,10.846
8167978,K06053.01,,FALSE POSITIVE,FALSE POSITIVE,0.0000,0,1,0,0,22.052745330,1.0360000e-05,-1.0360000e-05,151.5524570,3.820000e-04,-3.820000e-04,1.2470,0.1660,-0.1560,5.59240,0.02020,-0.02020,1.3858e+04,4.710e+01,-4.710e+01,32.56,6.550e+00,-2.810e+00,552.0,,,21.93,14.36,-6.04,343.50,1,q1_q17_dr25_tce,5510.00,192.00,-192.00,4.608,0.032,-0.128,0.7410,0.1490,-0.0640,292.633390,44.001839,15.440
8168581,K06054.01,,FALSE POSITIVE,FALSE POSITIVE,0.0000,0,1,0,0,2.881338104,3.2820000e-06,-3.2820000e-06,132.9093190,9.610000e-04,-9.610000e-04,1.2710,4.2060,-0.0400,3.59430,0.04080,-0.04080,2.5337e+03,2.730e+01,-2.730e+01,31.58,9.400e+00,-2.940e+00,1206.0,,,501.88,442.73,-144.40,111.30,1,q1_q17_dr25_tce,5783.00,163.00,-204.00,4.539,0.035,-0.196,0.8800,0.2620,-0.0820,292.849730,44.060638,15.139
8230809,K06055.01,,FALSE POSITIVE,FALSE POSITIVE,0.4290,0,1,0,0,4.078355243,2.4540000e-06,-2.4540000e-06,132.1600730,5.100000e-04,-5.100000e-04,0.3680,0.0470,-0.0330,6.46490,0.04220,-0.04220,3.6133e+04,1.410e+02,-1.410e+02,16.73,4.260e+00,-1.970e+00,1113.0,,,362.07,280.03,-115.80,310.00,1,q1_q17_dr25_tce,5872.00,177.00,-195.00,4.481,0.091,-0.169,0.8670,0.2210,-0.1020,290.891720,44.168850,14.936
8364115,K06056.01,,FALSE POSITIVE,FALSE POSITIVE,0.0000,0,1,1,1,7.735904410,1.8120000e-05,-1.8120000e-05,137.9878500,2.100000e-03,-2.100000e-03,1.2050,6.8120,-0.1020,4.43890,0.09940,-0.09940,4.6530e+02,9.500e+00,-9.500e+00,21.30,6.540e+00,-1.730e+00,884.0,,,144.83,126.97,-35.21,59.50,1,q1_q17_dr25_tce,5927.00,141.00,-159.00,4.544,0.038,-0.212,0.8600,0.2640,-0.0700,291.271510,44.376362,13.241
8458207,K06057.01,,FALSE POSITIVE,FALSE POSITIVE,0.0180,0,1,0,0,3.530164642,5.8200000e-07,-5.8200000e-07,134.7753500,1.360000e-04,-1.360000e-04,0.0190,0.1600,-0.0190,4.11466,0.00974,-0.00974,6.9923e+04,1.180e+02,-1.180e+02,35.71,1.127e+01,-7.520e+00,1465.0,,,1086.97,1004.72,-501.78,731.20,1,q1_q17_dr25_tce,6208.00,167.00,-223.00,4.226,0.185,-0.185,1.3440,0.4240,-0.2830,300.091550,44.414810,13.924
7825899,K00896.03,,CANDIDATE,CANDIDATE,1.0000,0,0,0,0,28.867210700,3.3800000e-04,-3.3800000e-04,156.1957800,9.350000e-03,-9.350000e-03,0.0410,0.4150,-0.0410,3.78200,0.31200,-0.31200,3.4710e+02,2.850e+01,-2.850e+01,1.51,1.400e-01,-5.000e-02,493.0,,,14.00,4.10,-1.98,12.00,3,q1_q17_dr25_tce,5191.00,103.00,-103.00,4.564,0.016,-0.088,0.8370,0.0780,-0.0300,293.061400,43.581360,15.258
6946681,K06150.01,,CANDIDATE,CANDIDATE,,0,0,0,0,48.952811300,,,139.6768278,,,,,,1.66000,,,,,,,,,,,,,,,,3,q1_q16_tce,,,,,,,,,,291.192930,42.494450,12.182
4150624,K01334.02,,FALSE POSITIVE,FALSE POSITIVE,0.0000,1,0,1,1,94.225938000,2.3680000e-03,-2.3680000e-03,196.1319000,1.930000e-02,-1.930000e-02,0.2130,0.2320,-0.2130,22.08000,0.53200,-0.53200,5.3040e+02,2.210e+01,-2.210e+01,1.93,4.500e-01,-1.400e-01,348.0,,,3.48,2.48,-0.83,25.40,3,q1_q17_dr25_tce,5421.00,164.00,-164.00,4.564,0.028,-0.171,0.8520,0.1980,-0.0620,289.743900,39.286301,15.454
6946708,K06151.01,,CANDIDATE,CANDIDATE,,0,0,0,0,431.785560000,1.9360000e-02,-1.9360000e-02,507.3561000,2.730000e-02,-2.730000e-02,0.1960,0.2674,-0.1958,9.13500,0.86200,-0.86200,3.3260e+02,4.010e+01,-4.010e+01,1.36,4.700e-01,-9.000e-02,211.0,,,0.47,0.48,-0.10,9.40,1,q1_q16_tce,5642.00,175.00,-137.00,4.600,0.030,-0.207,0.7470,0.2580,-0.0500,291.200960,42.449989,14.401
6967278,K06152.01,,FALSE POSITIVE,FALSE POSITIVE,0.0000,0,1,0,0,395.073330000,1.0440000e-02,-1.0440000e-02,244.4858000,2.270000e-02,-2.270000e-02,0.0130,0.4210,-0.0130,7.84400,0.55600,-0.55600,6.4510e+02,4.800e+01,-4.800e+01,230.33,7.600e+00,-4.307e+01,1406.0,,,923.00,152.46,-376.71,16.40,2,q1_q17_dr25_tce,3599.00,80.00,-98.00,0.679,0.030,-0.030,98.3800,3.2470,-18.3970,296.765350,42.404987,13.544
7108433,K06153.01,,FALSE POSITIVE,FALSE POSITIVE,0.0000,0,1,0,0,1.519183350,1.0340000e-06,-1.0340000e-06,131.9135320,6.920000e-04,-6.920000e-04,0.3360,0.0170,-0.0120,5.45573,0.00804,-0.00804,4.9999e+05,7.960e+02,-7.960e+02,128.17,3.457e+01,-3.457e+01,2517.0,,,9460.59,7798.13,-5208.86,899.30,1,q1_q17_dr25_tce,7426.00,233.00,-311.00,4.116,0.198,-0.162,1.6980,0.4580,-0.4580,288.823790,42.602341,15.106
7119080,K06154.01,,FALSE POSITIVE,FALSE POSITIVE,,1,0,0,0,13.599401180,,,133.0874188,,,,,,2.52000,,,,,,,,,,,,,,,,1,q1_q17_dr24_tce,,,,,,,,,,292.202970,42.640499,15.191
7129465,K06155.01,,FALSE POSITIVE,FALSE POSITIVE,0.0000,0,1,0,0,2.745910734,1.7200000e-07,-1.7200000e-07,133.1719105,5.150000e-05,-5.150000e-05,0.6390,0.0090,-0.0070,4.02594,0.00177,-0.00177,2.8681e+05,1.200e+02,-1.200e+02,61.16,1.739e+01,-1.070e+01,1221.0,,,524.18,460.23,-208.06,1550.90,1,q1_q17_dr25_tce,5372.00,177.00,-160.00,4.396,0.140,-0.210,0.9600,0.2730,-0.1680,295.137050,42.646999,15.316
7174617,K06156.01,,FALSE POSITIVE,FALSE POSITIVE,0.8690,0,1,0,0,1.608363345,3.6000000e-07,-3.6000000e-07,131.5843200,1.870000e-04,-1.870000e-04,0.6080,0.0250,-0.0320,2.19880,0.01250,-0.01250,9.6134e+04,4.860e+02,-4.860e+02,19.36,1.340e+00,-1.220e+00,1133.0,,,390.10,112.35,-86.86,312.30,1,q1_q17_dr25_tce,5022.00,151.00,-151.00,4.668,0.052,-0.036,0.5890,0.0410,-0.0370,281.593810,42.710011,13.819
11724210,K06244.01,,FALSE POSITIVE,FALSE POSITIVE,0.0000,0,1,0,0,5.746017234,1.5810000e-06,-1.5810000e-06,132.0425490,2.260000e-04,-2.260000e-04,1.0080,0.6300,-0.0760,3.63470,0.01400,-0.01400,2.9236e+04,8.740e+01,-8.740e+01,29.32,8.520e+00,-4.250e+00,1042.0,,,278.69,237.60,-98.22,393.90,1,q1_q17_dr25_tce,5940.00,160.00,-178.00,4.429,0.101,-0.188,0.9600,0.2790,-0.1390,297.024380,49.892170,14.737
11775507,K06245.01,,CANDIDATE,CANDIDATE,,0,0,0,0,144.102562000,2.8150000e-03,-2.8150000e-03,198.0696000,1.660000e-02,-1.660000e-02,0.0879,0.3602,-0.0879,2.75300,0.63300,-0.63300,1.7130e+02,3.300e+01,-3.300e+01,1.67,7.200e-01,-3.000e-01,437.0,,,8.64,11.25,-3.68,4.10,2,q1_q16_tce,6528.00,185.00,-252.00,4.257,0.151,-0.249,1.2600,0.5480,-0.2270,297.517820,49.917702,12.431
11775507,K06245.02,,CANDIDATE,CANDIDATE,,0,0,0,0,112.317402000,2.0420000e-03,-2.0420000e-03,241.6462000,1.170000e-02,-1.170000e-02,0.5434,0.4220,-0.3447,3.47100,0.48700,-0.48700,1.8240e+02,2.560e+01,-2.560e+01,1.77,7.600e-01,-3.200e-01,475.0,,,12.05,15.69,-5.13,7.80,3,q1_q16_tce,6528.00,185.00,-252.00,4.257,0.151,-0.249,1.2600,0.5480,-0.2270,297.517820,49.917702,12.431
11856178,K06246.01,,CANDIDATE,CANDIDATE,1.0000,0,0,0,0,9.133150620,3.1830000e-05,-3.1830000e-05,139.9861000,2.800000e-03,-2.800000e-03,0.2750,0.1760,-0.2750,2.15570,0.08350,-0.08350,2.3120e+02,1.170e+01,-1.170e+01,1.48,4.900e-01,-1.600e-01,900.0,,,155.42,149.48,-45.03,23.00,1,q1_q17_dr25_tce,6122.00,151.00,-182.00,4.487,0.054,-0.216,0.9640,0.3220,-0.1010,287.165040,50.113232,11.767
11867071,K06247.01,,FALSE POSITIVE,FALSE POSITIVE,0.0000,0,1,0,0,3.963787093,2.8240000e-06,-2.8240000e-06,135.0299510,6.340000e-04,-6.340000e-04,0.9500,0.0850,-0.0010,3.10316,0.00845,-0.00845,2.5015e+04,5.570e+01,-5.570e+01,28.11,9.820e+00,-3.260e+00,1389.0,,,880.12,909.75,-292.53,584.80,1,q1_q17_dr25_tce,6617.00,186.00,-255.00,4.373,0.072,-0.217,1.1800,0.4120,-0.1370,293.483920,50.125130,14.281
11975363,K06248.01,,FALSE POSITIVE,FALSE POSITIVE,0.0000,0,1,0,0,1.759208679,1.1600000e-07,-1.1600000e-07,132.6537254,5.380000e-05,-5.380000e-05,0.5480,0.0070,-0.0070,4.60837,0.00322,-0.00322,3.6233e+05,2.210e+02,-2.210e+02,66.06,1.932e+01,-8.250e+00,1475.0,,,1121.32,988.66,-371.08,1967.20,1,q1_q17_dr25_tce,5721.00,173.00,-190.00,4.453,0.081,-0.189,0.9610,0.2810,-0.1200,297.334200,50.311138,15.409
12207117,K06249.01,,FALSE POSITIVE,FALSE POSITIVE,0.0000,1,0,0,0,1.603179400,,,131.5678000,,,,,,0.91000,,,,,,,,,,,,676.51,505.39,-182.01,,1,q1_q17_dr25_tce,,,,,,,,,,290.557280,50.832722,14.653
6768394,K02086.04,,CANDIDATE,CANDIDATE,,0,0,0,0,335.563110000,3.8820000e-02,-3.8820000e-02,340.6688000,6.440000e-02,-6.440000e-02,0.1200,0.3300,-0.1200,13.06000,2.30000,-2.30000,1.5800e+02,2.670e+01,-2.670e+01,1.83,1.010e+00,-4.700e-01,333.0,,,2.90,4.85,-1.49,7.20,4,q1_q16_tce,6200.00,160.00,-199.00,4.160,0.218,-0.280,1.4480,0.8010,-0.3700,288.961240,42.265011,13.959
8580438,K06058.01,,FALSE POSITIVE,FALSE POSITIVE,0.0000,0,1,0,0,6.496031958,5.4300000e-07,-5.4300000e-07,135.4687416,6.790000e-05,-6.790000e-05,0.0650,0.0770,-0.0020,5.21924,0.00326,-0.00326,1.0889e+05,7.410e+01,-7.410e+01,32.33,9.200e+00,-6.120e+00,957.0,,,198.07,169.83,-81.39,1797.60,1,q1_q17_dr25_tce,5516.00,166.00,-149.00,4.364,0.171,-0.209,0.9880,0.2810,-0.1870,298.382720,44.615570,14.502
8581232,K06059.01,,FALSE POSITIVE,FALSE POSITIVE,0.0000,0,1,1,0,4.012537983,1.5800000e-06,-1.5800000e-06,134.6524060,3.310000e-04,-3.310000e-04,0.7830,0.0340,-0.0030,2.01010,0.03020,-0.03020,1.9796e+04,1.800e+02,-1.800e+02,9.96,7.100e-01,-9.800e-01,765.0,,,80.95,22.33,-22.62,166.00,1,q1_q17_dr25_tce,4483.00,120.00,-133.00,4.629,0.056,-0.024,0.6300,0.0450,-0.0620,298.575990,44.683788,15.381
8655458,K06060.01,,FALSE POSITIVE,FALSE POSITIVE,0.0000,0,1,1,0,1.594162001,6.3000000e-07,-6.3000000e-07,132.6346790,3.220000e-04,-3.220000e-04,1.1280,0.1570,-0.0840,5.49580,0.01830,-0.01830,9.8763e+03,2.880e+01,-2.880e+01,26.11,5.290e+00,-3.510e+00,1419.0,,,960.51,599.12,-322.19,415.00,1,q1_q17_dr25_tce,5388.00,159.00,-159.00,4.449,0.121,-0.148,0.8850,0.1790,-0.1190,301.098570,44.760590,14.585
8695779,K06061.01,,FALSE POSITIVE,FALSE POSITIVE,0.0000,0,1,0,0,10.238939876,2.6670000e-06,-2.6670000e-06,132.7225520,2.150000e-04,-2.150000e-04,1.0220,0.1200,-0.0350,3.48510,0.01500,-0.01500,3.1531e+03,9.800e+00,-9.800e+00,22.09,5.580e+00,-9.040e+00,1190.0,,,474.05,370.95,-333.50,427.60,1,q1_q17_dr25_tce,6244.00,203.00,-248.00,3.986,0.390,-0.130,1.8070,0.4560,-0.7400,294.333500,44.870853,13.897
8953059,K06062.01,,FALSE POSITIVE,FALSE POSITIVE,0.0080,0,1,0,0,5.499941387,1.5830000e-06,-1.5830000e-06,136.8694030,2.360000e-04,-2.360000e-04,0.0020,0.1450,-0.0020,5.13390,0.01320,-0.01320,4.0110e+04,9.280e+01,-9.280e+01,23.34,7.460e+00,-2.990e+00,1202.0,,,492.27,449.70,-164.63,506.40,1,q1_q17_dr25_tce,6435.00,153.00,-211.00,4.385,0.065,-0.208,1.1570,0.3700,-0.1480,291.842220,45.239300,15.480
9048145,K06063.01,,FALSE POSITIVE,FALSE POSITIVE,0.0000,0,1,0,0,8.667826242,2.8400000e-07,-2.8400000e-07,137.3415297,2.680000e-05,-2.680000e-05,0.8220,0.0030,-0.0010,5.06514,0.00075,-0.00075,4.3491e+04,1.280e+01,-1.280e+01,37.51,1.163e+01,-8.730e+00,1225.0,,,531.63,471.65,-261.44,4638.10,1,q1_q17_dr25_tce,6712.00,161.00,-242.00,4.174,0.175,-0.193,1.5380,0.4770,-0.3580,299.397950,45.318230,13.089
9214712,K06064.01,,FALSE POSITIVE,FALSE POSITIVE,0.0000,0,1,0,0,265.299622700,8.8430000e-05,-8.8430000e-05,316.9197700,2.270000e-04,-2.270000e-04,0.7980,0.0290,-0.0220,8.84520,0.01870,-0.01870,1.0016e+05,2.760e+02,-2.760e+02,33.81,8.810e+00,-2.940e+00,270.0,,,1.25,0.93,-0.33,616.30,1,q1_q17_dr25_tce,5873.00,139.00,-174.00,4.547,0.033,-0.187,0.8630,0.2250,-0.0750,290.389620,45.681438,15.518
9214715,K06065.01,,FALSE POSITIVE,FALSE POSITIVE,0.0000,0,1,0,1,265.299962300,4.7940000e-04,-4.7940000e-04,316.9182100,1.070000e-03,-1.070000e-03,0.9280,5.1840,-0.0560,8.85770,0.05650,-0.05650,3.1778e+04,2.630e+02,-2.630e+02,25.56,8.000e+00,-2.670e+00,296.0,,,1.81,1.66,-0.56,154.70,1,q1_q17_dr25_tce,6108.00,165.00,-220.00,4.471,0.052,-0.208,0.9970,0.3120,-0.1040,290.391240,45.681610,15.279
7190639,K06157.01,,FALSE POSITIVE,FALSE POSITIVE,,1,0,0,0,98.102098300,9.8480000e-04,-9.8480000e-04,170.3318900,8.960000e-03,-8.960000e-03,0.1865,0.4593,-0.1178,1.22500,0.23300,-0.23300,1.8440e+02,3.960e+01,-3.960e+01,1.97,1.110e+00,-4.000e-01,525.0,,,17.96,30.30,-8.03,6.90,2,q1_q16_tce,6669.00,152.00,-235.00,4.224,0.136,-0.317,1.4270,0.8090,-0.2870,288.720830,42.716980,13.557
7198881,K06158.01,,FALSE POSITIVE,FALSE POSITIVE,,1,0,0,0,182.467019000,3.9230000e-03,-3.9230000e-03,215.0190000,2.310000e-02,-2.310000e-02,0.0158,0.4376,-0.0156,7.60700,0.91200,-0.91200,1.0200e+03,1.630e+02,-1.630e+02,3.73,2.560e+00,-4.200e-01,364.0,,,4.17,8.79,-1.34,12.50,1,q1_q16_tce,6299.00,143.00,-230.00,4.401,0.055,-0.381,1.1670,0.8010,-0.1300,291.348050,42.794540,13.408
7198881,K06158.02,,FALSE POSITIVE,FALSE POSITIVE,,1,0,0,0,126.578372670,,,198.1194352,,,,,,2.50000,,,,,,,,,,,,,,,,2,q1_q16_tce,,,,,,,,,,291.348050,42.794540,13.408
7422883,K06159.01,,FALSE POSITIVE,FALSE POSITIVE,0.0000,0,1,0,0,11.414375050,6.0080000e-05,-6.0080000e-05,142.5964900,4.390000e-03,-4.390000e-03,0.8950,7.1450,-0.0750,6.27600,0.20600,-0.20600,4.5966e+04,1.567e+03,-1.567e+03,44.08,1.297e+01,-8.640e+00,1128.0,,,383.45,317.82,-166.05,34.20,1,q1_q17_dr25_tce,6826.00,152.00,-220.00,4.187,0.153,-0.187,1.5200,0.4470,-0.2980,283.607330,43.004189,11.254
10545066,K00337.02,,CANDIDATE,CANDIDATE,,0,0,0,0,154.607419000,4.2790000e-03,-4.2790000e-03,250.5204000,2.070000e-02,-2.070000e-02,0.0898,0.3465,-0.0897,9.22500,0.52400,-0.52400,2.7990e+02,2.290e+01,-2.290e+01,1.56,6.400e-01,-1.300e-01,340.0,,,3.16,3.79,-0.81,13.40,2,q1_q16_tce,6017.00,152.00,-176.00,4.508,0.038,-0.297,0.9310,0.3830,-0.0790,295.684810,47.748081,13.936
7663405,K01519.02,,CANDIDATE,CANDIDATE,0.7420,0,0,0,0,57.132855000,1.0690000e-03,-1.0690000e-03,152.9919000,1.400000e-02,-1.400000e-02,0.3200,0.1410,-0.3200,4.95800,0.37600,-0.37600,4.1410e+02,4.070e+01,-4.070e+01,1.81,1.300e-01,-1.700e-01,414.0,,,6.94,1.50,-1.64,11.00,2,q1_q17_dr25_tce,5157.00,77.00,-84.00,4.445,0.091,-0.049,0.9040,0.0640,-0.0880,283.478180,43.383781,15.369
7464205,K06160.01,,FALSE POSITIVE,FALSE POSITIVE,,1,0,0,0,151.318470000,1.0590000e-02,-1.0590000e-02,148.9275000,8.100000e-02,-8.100000e-02,0.3788,0.0973,-0.3786,16.45000,2.40000,-2.40000,1.0540e+02,2.670e+01,-2.670e+01,1.13,4.000e-01,-1.700e-01,373.0,,,4.57,4.74,-1.61,6.00,2,q1_q16_tce,6003.00,152.00,-166.00,4.346,0.124,-0.243,1.0850,0.3880,-0.1610,296.855830,43.058311,12.744
7622059,K06161.01,,FALSE POSITIVE,FALSE POSITIVE,0.0000,0,1,0,0,10.403239900,2.6400000e-05,-2.6400000e-05,138.1844300,2.140000e-03,-2.140000e-03,1.2960,0.1680,-0.1880,23.85000,0.12200,-0.12200,1.0562e+03,4.800e+00,-4.800e+00,51.47,1.114e+01,-1.226e+01,1104.0,,,350.59,220.19,-170.58,272.80,1,q1_q17_dr25_tce,6428.00,155.00,-194.00,4.144,0.204,-0.119,1.4360,0.3110,-0.3420,295.919980,43.281750,13.272
12367464,K06250.01,,FALSE POSITIVE,FALSE POSITIVE,0.9910,0,1,0,0,1.853209359,4.4900000e-07,-4.4900000e-07,132.2496610,2.010000e-04,-2.010000e-04,0.9900,2.1220,-0.0350,1.75430,0.00965,-0.00965,1.2319e+04,5.130e+01,-5.130e+01,32.99,8.440e+00,-1.265e+01,2100.0,,,4584.55,3501.28,-3076.77,238.90,1,q1_q17_dr25_tce,6384.00,181.00,-227.00,4.026,0.312,-0.144,1.7160,0.4390,-0.6580,296.414370,51.162006,13.085
12470041,K06251.01,,FALSE POSITIVE,FALSE POSITIVE,0.0000,0,1,0,0,14.667694620,1.2750000e-05,-1.2750000e-05,139.1617360,7.120000e-04,-7.120000e-04,1.1690,6.6300,-0.2350,2.44620,0.03790,-0.03790,2.9862e+04,4.060e+02,-4.060e+02,145.18,1.742e+01,-6.967e+01,1552.0,,,1370.60,573.83,-1057.96,86.50,1,q1_q17_dr25_tce,7517.00,235.00,-314.00,3.717,0.434,-0.077,3.2260,0.3870,-1.5480,296.014830,51.346970,13.415
11358389,K02163.03,,CANDIDATE,CANDIDATE,0.7910,0,0,0,0,28.225104900,3.3770000e-04,-3.3770000e-04,153.7452000,1.120000e-02,-1.120000e-02,0.7780,0.0370,-0.5410,2.35400,0.34200,-0.34200,2.0130e+02,2.800e+01,-2.800e+01,1.59,5.200e-01,-2.100e-01,625.0,,,36.13,35.82,-12.44,8.90,3,q1_q17_dr25_tce,6014.00,190.00,-211.00,4.436,0.072,-0.217,1.0210,0.3330,-0.1330,295.626590,49.130428,14.651
5706595,K02183.03,,CANDIDATE,CANDIDATE,0.4040,0,0,0,0,150.381954000,4.4010000e-03,-4.4010000e-03,205.2811000,1.960000e-02,-1.960000e-02,0.8920,0.0780,-0.6420,4.96800,0.47600,-0.47600,3.9610e+02,5.600e+01,-5.600e+01,2.26,3.100e-01,-1.600e-01,325.0,,,2.63,0.94,-0.50,7.80,3,q1_q17_dr25_tce,5569.00,75.00,-83.00,4.459,0.059,-0.110,0.9540,0.1280,-0.0690,292.171140,40.916309,15.198
12885212,K02184.02,,CANDIDATE,CANDIDATE,0.6380,0,0,0,0,95.906433000,1.2580000e-03,-1.2580000e-03,226.9210000,1.070000e-02,-1.070000e-02,0.5760,0.0090,-0.4880,4.08000,0.28500,-0.28500,8.3620e+02,8.080e+01,-8.080e+01,2.17,7.000e-02,-1.200e-01,288.0,,,1.63,0.20,-0.29,11.00,2,q1_q17_dr25_tce,4620.00,73.00,-82.00,4.564,0.052,-0.014,0.7360,0.0210,-0.0430,290.175020,52.220341,15.504
8179286,K07869.01,,FALSE POSITIVE,FALSE POSITIVE,0.0000,0,1,1,0,11.413214400,1.3380000e-04,-1.3380000e-04,140.1198800,8.260000e-03,-8.260000e-03,0.4390,0.0100,-0.4380,2.37100,0.26600,-0.26600,7.6400e+01,8.800e+00,-8.800e+00,1.03,3.300e-01,-1.700e-01,925.0,,,172.97,159.19,-68.40,10.40,1,q1_q17_dr25_tce,6188.00,166.00,-203.00,4.330,0.128,-0.192,1.1550,0.3630,-0.1950,296.273930,44.010441,13.746
3548044,K02194.03,,CANDIDATE,CANDIDATE,0.4960,0,0,0,0,445.216850000,1.8120000e-02,-1.8120000e-02,202.8470000,3.960000e-02,-3.960000e-02,0.0000,0.4440,0.0000,16.37000,1.00000,-1.00000,2.1160e+02,2.060e+01,-2.060e+01,1.37,1.800e-01,-1.800e-01,237.0,,,0.74,0.29,-0.22,11.10,3,q1_q17_dr25_tce,5670.00,113.00,-102.00,4.387,0.138,-0.092,0.9500,0.1240,-0.1240,292.326450,38.657581,13.865
2581191,K02203.02,,FALSE POSITIVE,FALSE POSITIVE,,1,0,0,0,172.178768000,2.0680000e-03,-2.0680000e-03,139.4420000,1.120000e-02,-1.120000e-02,0.2431,0.3551,-0.2428,1.19000,0.30900,-0.30900,5.0100e+02,1.170e+02,-1.170e+02,2.29,1.010e+00,-2.200e-01,349.0,,,3.51,4.54,-0.98,4.70,2,q1_q16_tce,6208.00,156.00,-202.00,4.462,0.047,-0.303,1.0090,0.4450,-0.0940,292.600250,37.832069,14.349
8168187,K02209.02,,CANDIDATE,CANDIDATE,0.9010,0,0,0,0,35.502865000,1.0710000e-03,-1.0710000e-03,150.4186000,2.570000e-02,-2.570000e-02,0.7830,0.0190,-0.5570,8.14900,0.78100,-0.78100,1.1590e+02,1.200e+01,-1.200e+01,2.18,5.200e-01,-3.500e-01,724.0,,,64.83,41.23,-21.51,11.00,2,q1_q17_dr25_tce,5528.00,88.00,-77.00,3.892,0.120,-0.120,1.8390,0.4400,-0.2930,292.714450,44.082329,14.310
9221398,K06066.01,,FALSE POSITIVE,FALSE POSITIVE,0.0000,0,1,0,0,13.787520532,4.9100000e-07,-4.9100000e-07,136.7620970,2.870000e-05,-2.870000e-05,0.9900,0.1020,-0.0330,2.55435,0.00192,-0.00192,1.2978e+04,3.300e+00,-3.300e+00,25.33,4.260e+00,-2.300e+00,921.0,,,170.01,72.38,-37.12,2126.10,1,q1_q17_dr25_tce,6399.00,70.00,-89.00,4.312,0.056,-0.112,1.2890,0.2170,-0.1170,293.092860,45.691841,12.140
9411317,K06067.01,,FALSE POSITIVE,FALSE POSITIVE,0.0000,0,1,0,0,8.290459700,3.4090000e-05,-3.4090000e-05,132.2495600,4.910000e-03,-4.910000e-03,0.4260,0.0370,-0.0830,2.60020,0.01690,-0.01690,1.7301e+05,8.600e+02,-8.600e+02,23.96,1.820e+00,-1.990e+00,594.0,,,29.41,9.69,-8.29,297.20,1,q1_q17_dr25_tce,4601.00,162.00,-178.00,4.681,0.056,-0.032,0.5660,0.0430,-0.0470,294.668520,45.966431,17.409
9605514,K00945.03,,CANDIDATE,CANDIDATE,0.1370,0,0,0,0,66.789347000,1.1330000e-03,-1.1330000e-03,184.4713000,1.440000e-02,-1.440000e-02,0.6670,0.0490,-0.4840,4.08000,0.39700,-0.39700,3.5850e+02,4.180e+01,-4.180e+01,2.07,6.400e-01,-2.200e-01,490.0,,,13.61,12.37,-4.16,9.50,3,q1_q17_dr25_tce,6297.00,169.00,-225.00,4.448,0.052,-0.208,1.0310,0.3200,-0.1070,297.951600,46.264721,15.083
9418619,K06068.01,,CANDIDATE,CANDIDATE,0.0000,0,0,0,0,6.150251376,7.0000000e-07,-7.0000000e-07,134.4228253,8.790000e-05,-8.790000e-05,1.2700,0.2470,-0.1160,1.68923,0.00306,-0.00306,2.1287e+03,2.200e+00,-2.200e+00,100.03,3.446e+01,-3.793e+01,2251.0,,,6066.49,6163.40,-4172.88,471.00,1,q1_q17_dr25_tce,8914.00,246.00,-458.00,3.896,0.270,-0.180,2.8670,0.9880,-1.0870,297.181760,45.988441,10.622
9532123,K06069.01,,FALSE POSITIVE,FALSE POSITIVE,0.0000,1,0,0,0,8.214204254,8.0590000e-06,-8.0590000e-06,135.0140300,1.270000e-03,-1.270000e-03,1.0920,0.2020,-0.0860,4.59050,0.01200,-0.01200,7.4177e+04,1.360e+02,-1.360e+02,42.29,9.230e+00,-3.990e+00,798.0,,,96.12,65.39,-27.75,613.10,1,q1_q17_dr25_tce,5654.00,178.00,-198.00,4.590,0.036,-0.144,0.7740,0.1690,-0.0730,294.178960,46.188431,16.356
9549471,K06070.01,,FALSE POSITIVE,FALSE POSITIVE,0.0000,0,1,1,1,15.713773750,7.2660000e-05,-7.2660000e-05,132.0997300,4.000000e-03,-4.000000e-03,0.8640,0.3120,-0.0530,7.46400,0.33100,-0.33100,9.4820e+03,1.660e+02,-1.660e+02,10.85,2.970e+00,-1.360e+00,728.0,,,66.24,53.08,-21.44,98.10,1,q1_q17_dr25_tce,5812.00,156.00,-174.00,4.434,0.101,-0.188,0.9600,0.2620,-0.1210,299.608980,46.115662,14.292
9649222,K06071.01,,FALSE POSITIVE,FALSE POSITIVE,0.0000,0,1,0,0,5.918619554,7.1200000e-07,-7.1200000e-07,132.9247160,1.010000e-04,-1.010000e-04,0.2580,0.0500,-0.0060,3.94804,0.00396,-0.00396,9.4124e+04,1.030e+02,-1.030e+02,29.98,9.640e+00,-3.210e+00,1009.0,,,245.42,235.97,-76.04,1117.00,1,q1_q17_dr25_tce,5957.00,176.00,-211.00,4.498,0.039,-0.221,0.9710,0.3120,-0.1040,291.858460,46.386452,15.678
9664215,K06072.01,,FALSE POSITIVE,FALSE POSITIVE,0.0000,0,1,0,0,3.319523463,1.2770000e-06,-1.2770000e-06,131.9230460,3.000000e-04,-3.000000e-04,1.1620,0.4420,-0.1590,3.34650,0.02090,-0.02090,3.8832e+04,1.810e+02,-1.810e+02,38.37,9.360e+00,-3.110e+00,1108.0,,,356.42,256.95,-86.46,249.40,1,q1_q17_dr25_tce,5761.00,155.00,-155.00,4.581,0.040,-0.160,0.7910,0.1930,-0.0640,297.359620,46.343552,15.101
7750740,K06162.01,,FALSE POSITIVE,FALSE POSITIVE,0.0000,0,1,0,0,5.874197307,3.1500000e-07,-3.1500000e-07,134.3187261,4.460000e-05,-4.460000e-05,0.7000,0.1160,-0.0170,4.26585,0.00253,-0.00253,2.0570e+05,9.920e+01,-9.920e+01,59.20,1.825e+01,-9.840e+00,1112.0,,,361.15,337.78,-143.18,2200.00,1,q1_q17_dr25_tce,6103.00,190.00,-212.00,4.363,0.124,-0.201,1.0830,0.3340,-0.1800,290.996430,43.458752,14.857
7779942,K06163.01,,FALSE POSITIVE,FALSE POSITIVE,0.0000,1,0,0,0,19.795973100,1.3120000e-04,-1.3120000e-04,135.9366700,5.850000e-03,-5.850000e-03,0.1560,0.1840,-0.1560,5.34200,0.14100,-0.14100,3.3400e+02,2.250e+01,-2.250e+01,3.47,1.040e+00,-1.040e+00,1014.0,,,249.43,221.55,-145.00,16.60,1,q1_q17_dr25_tce,6731.00,189.00,-259.00,4.043,0.231,-0.168,1.8760,0.5630,-0.5630,299.443450,43.449886,9.816
7835312,K06164.01,,CANDIDATE,CANDIDATE,0.9590,0,0,0,0,29.512615300,5.8330000e-04,-5.8330000e-04,134.7234000,1.710000e-02,-1.710000e-02,0.1880,0.2690,-0.1880,6.31400,0.49200,-0.49200,1.8820e+02,2.290e+01,-2.290e+01,1.84,3.000e-01,-3.700e-01,678.0,,,49.95,21.25,-19.56,9.40,1,q1_q17_dr25_tce,5746.00,78.00,-78.00,4.189,0.176,-0.095,1.3510,0.2190,-0.2680,295.970790,43.529690,15.334
7835312,K06164.02,,FALSE POSITIVE,FALSE POSITIVE,,1,0,0,0,209.000550190,,,149.8223238,,,,,,2.52000,,,,,,,,,,,,,,,,2,q1_q16_tce,,,,,,,,,,295.970790,43.529690,15.334
7838906,K06165.01,,FALSE POSITIVE,FALSE POSITIVE,0.0000,0,1,1,0,5.614892073,5.2540000e-06,-5.2540000e-06,132.8429640,7.720000e-04,-7.720000e-04,1.2430,5.0640,-0.1040,3.72940,0.04010,-0.04010,2.3730e+03,2.280e+01,-2.280e+01,1192.79,4.558e+01,-2.583e+02,4097.0,,,66631.18,11767.38,-29984.84,122.30,1,q1_q17_dr25_tce,4289.00,95.00,-116.00,1.603,0.033,-0.027,35.6950,1.3640,-7.7310,296.985630,43.581352,11.925
7908367,K06166.01,Kepler-1642 b,CONFIRMED,CANDIDATE,1.0000,0,0,0,0,12.206430400,9.9360000e-04,-9.9360000e-04,134.0530000,1.120000e-01,-1.120000e-01,0.1040,0.3650,-0.1040,2.40700,0.12600,-0.12600,1.3372e+03,9.230e+01,-9.230e+01,5.41,2.220e+00,-2.450e+00,895.0,,,151.44,199.67,-111.51,16.20,2,q1_q17_dr25_tce,5254.00,203.00,-166.00,4.050,0.490,-0.245,1.5140,0.6230,-0.6850,297.212160,43.643719,14.130
7908367,K06166.02,Kepler-1642 c,CONFIRMED,CANDIDATE,1.0000,0,0,0,0,6.651318900,6.0420000e-04,-6.0420000e-04,135.2890000,1.260000e-01,-1.260000e-01,0.0640,0.3890,-0.0640,2.13500,0.15100,-0.15100,1.0584e+03,8.000e+01,-8.000e+01,4.81,1.980e+00,-2.180e+00,1095.0,,,340.06,448.39,-250.39,15.30,1,q1_q17_dr25_tce,5254.00,203.00,-166.00,4.050,0.490,-0.245,1.5140,0.6230,-0.6850,297.212160,43.643719,14.130
7940533,K06167.01,,FALSE POSITIVE,FALSE POSITIVE,0.0000,0,1,0,0,3.905532605,2.0980000e-06,-2.0980000e-06,133.3493610,4.450000e-04,-4.450000e-04,0.0020,0.0890,-0.0020,6.80910,0.01920,-0.01920,7.3081e+04,2.360e+02,-2.360e+02,21.37,4.070e+00,-2.190e+00,1017.0,,,253.21,146.19,-70.59,350.40,1,q1_q17_dr25_tce,5495.00,149.00,-149.00,4.543,0.063,-0.117,0.7980,0.1520,-0.0820,283.066280,43.743591,12.862
4142847,K02210.02,Kepler-1143 c,CONFIRMED,CANDIDATE,1.0000,0,0,0,0,210.631486000,1.5120000e-03,-1.5120000e-03,300.7229200,6.180000e-03,-6.180000e-03,0.6420,0.0160,-0.4930,8.41900,0.22300,-0.22300,1.6578e+03,6.520e+01,-6.520e+01,3.23,1.700e-01,-1.300e-01,234.0,,,0.71,0.13,-0.10,25.90,1,q1_q17_dr25_tce,4895.00,78.00,-78.00,4.589,0.018,-0.046,0.7590,0.0410,-0.0300,287.302830,39.289688,15.195
9221517,K02281.02,,CANDIDATE,CANDIDATE,,0,0,0,0,455.274050000,5.6540000e-02,-5.6540000e-02,367.9500000,1.440000e-02,-1.440000e-02,0.2429,0.3335,-0.2428,2.40000,1.10000,-1.10000,3.6600e+02,1.220e+02,-1.220e+02,1.54,3.400e-01,-1.100e-01,196.0,,,0.35,0.25,-0.08,4.50,2,q1_q16_tce,5178.00,172.00,-136.00,4.556,0.028,-0.149,0.8180,0.1860,-0.0560,293.131100,45.663551,13.829
11623629,K00365.02,,CANDIDATE,CANDIDATE,,0,0,0,0,117.761000000,2.2470000e-03,-2.2470000e-03,175.5599000,1.630000e-02,-1.630000e-02,0.2505,0.2007,-0.2504,3.45400,0.39900,-0.39900,5.3900e+01,8.200e+00,-8.200e+00,0.62,1.000e-01,-3.000e-02,337.0,,,3.06,1.40,-0.52,7.10,2,q1_q16_tce,5564.00,109.00,-104.00,4.522,0.033,-0.127,0.8500,0.1380,-0.0450,297.486910,49.623451,11.195
10730703,K02327.02,,CANDIDATE,CANDIDATE,,0,0,0,0,46.331703000,8.2850000e-04,-8.2850000e-04,173.2164000,1.600000e-02,-1.600000e-02,0.1484,0.3026,-0.1484,4.51400,0.41100,-0.41100,2.9990e+02,3.420e+01,-3.420e+01,1.39,5.200e-01,-1.000e-01,441.0,,,8.98,10.12,-2.09,9.40,2,q1_q17_dr24_tce,5477.00,163.00,-151.00,4.571,0.026,-0.252,0.8150,0.3060,-0.0600,291.657780,48.009312,15.378
4665571,K02393.02,Kepler-1834 c,CONFIRMED,CANDIDATE,1.0000,0,0,0,0,0.766691517,1.2730000e-06,-1.2730000e-06,132.1966700,1.380000e-03,-1.380000e-03,0.3880,0.0530,-0.3880,1.26380,0.05070,-0.05070,2.4400e+02,1.010e+01,-1.010e+01,1.22,5.000e-02,-8.000e-02,1541.0,,,1334.22,188.87,-238.99,29.50,1,q1_q17_dr25_tce,4821.00,76.00,-76.00,4.529,0.060,-0.020,0.7880,0.0280,-0.0510,294.664700,39.783829,14.903
6364215,K02404.02,,FALSE POSITIVE,FALSE POSITIVE,0.0000,1,0,1,1,5.243852800,1.3900000e-04,-1.3900000e-04,132.6659000,2.710000e-02,-2.710000e-02,0.5830,0.3840,-0.3780,10.53900,0.56600,-0.56600,1.3580e+02,8.800e+00,-8.800e+00,1.11,3.300e-01,-1.300e-01,1016.0,,,251.99,227.17,-83.48,17.80,1,q1_q17_dr25_tce,5815.00,175.00,-210.00,4.500,0.052,-0.195,0.9180,0.2750,-0.1100,291.877990,41.769581,15.656
7047363,K02432.02,,FALSE POSITIVE,FALSE POSITIVE,,1,0,0,0,93.627325100,,,222.5881699,,,,,,1.92000,,,,,,,,,,,,,,,,2,q1_q16_tce,,,,,,,,,,295.624690,42.545898,15.956
7289317,K02450.02,,CANDIDATE,CANDIDATE,0.9820,0,0,0,0,7.193119300,7.9720000e-05,-7.9720000e-05,137.2737000,1.020000e-02,-1.020000e-02,0.2960,0.1620,-0.2960,2.93500,0.21300,-0.21300,1.2560e+02,1.330e+01,-1.330e+01,1.12,1.500e-01,-1.100e-01,916.0,,,166.30,60.02,-39.02,10.70,2,q1_q17_dr25_tce,5518.00,74.00,-83.00,4.400,0.100,-0.100,1.0080,0.1370,-0.0990,294.009460,42.880772,14.834
9714358,K06073.01,,FALSE POSITIVE,FALSE POSITIVE,0.0000,0,1,0,0,6.474202359,7.0500000e-07,-7.0500000e-07,134.3950738,8.990000e-05,-8.990000e-05,0.4480,0.0040,-0.0060,3.35989,0.00583,-0.00583,2.0349e+05,2.060e+02,-2.060e+02,28.96,2.510e+00,-2.270e+00,717.0,,,62.47,20.51,-15.49,1284.00,1,q1_q17_dr25_tce,4947.00,148.00,-148.00,4.636,0.065,-0.035,0.6240,0.0540,-0.0490,293.540280,46.437279,14.998
9851123,K06074.01,,FALSE POSITIVE,FALSE POSITIVE,0.0000,0,1,1,1,8.480304800,1.7600000e-05,-1.7600000e-05,135.8522800,1.700000e-03,-1.700000e-03,0.0270,0.1770,-0.0270,7.53480,0.05410,-0.05410,2.6729e+03,4.780e+01,-4.780e+01,4.13,9.600e-01,-3.800e-01,777.0,,,86.01,62.45,-23.26,70.10,1,q1_q17_dr25_tce,5478.00,180.00,-164.00,4.573,0.038,-0.142,0.8120,0.1880,-0.0750,298.794370,46.680771,15.736
9966115,K06075.01,,FALSE POSITIVE,FALSE POSITIVE,0.0000,0,1,0,0,8.947426242,1.5300000e-07,-1.5300000e-07,132.0457395,1.330000e-05,-1.330000e-05,0.5170,0.0070,-0.0050,4.89701,0.00141,-0.00141,8.5995e+04,9.800e+00,-9.800e+00,45.87,1.039e+01,-1.142e+01,1141.0,,,401.11,272.96,-205.01,7878.00,1,q1_q17_dr25_tce,6297.00,177.00,-221.00,4.155,0.198,-0.132,1.5060,0.3410,-0.3750,297.447940,46.884319,12.985
10026458,K06076.01,,FALSE POSITIVE,FALSE POSITIVE,0.0000,0,1,1,1,9.934437950,2.3310000e-05,-2.3310000e-05,132.8730700,1.970000e-03,-1.970000e-03,1.2640,6.5980,-0.1850,8.09800,0.10900,-0.10900,2.7500e+03,3.470e+01,-3.470e+01,35.54,7.730e+00,-3.310e+00,830.0,,,112.23,72.62,-32.45,92.80,1,q1_q17_dr25_tce,5763.00,154.00,-206.00,4.484,0.040,-0.160,0.9980,0.2170,-0.0930,297.259430,46.987629,15.777
10139305,K06077.01,,FALSE POSITIVE,FALSE POSITIVE,0.0000,0,1,0,0,2.173552528,3.0920000e-06,-3.0920000e-06,132.3118000,1.180000e-03,-1.180000e-03,1.2970,6.8540,-0.8020,1.61070,0.06790,-0.06790,3.0260e+03,1.020e+02,-1.020e+02,23.51,1.660e+00,-1.500e+00,1025.0,,,260.75,79.82,-58.63,35.90,1,q1_q17_dr25_tce,5008.00,166.00,-151.00,4.663,0.058,-0.036,0.5940,0.0420,-0.0380,291.144010,47.185459,14.605
7375348,K00266.02,,CANDIDATE,CANDIDATE,1.0000,0,0,0,0,47.743950900,3.3490000e-04,-3.3490000e-04,160.1590500,5.750000e-03,-5.750000e-03,0.9770,0.0140,-0.6920,2.99000,0.12900,-0.12900,9.6900e+01,7.300e+00,-7.300e+00,1.74,2.800e-01,-2.800e-01,575.0,,,25.84,11.59,-9.08,15.00,2,q1_q17_dr25_tce,5949.00,106.00,-118.00,4.272,0.120,-0.120,1.2920,0.2090,-0.2090,295.404330,42.981422,11.472
1432789,K00992.02,,CANDIDATE,CANDIDATE,0.9610,0,0,0,0,4.578343670,6.3820000e-05,-6.3820000e-05,132.2982000,1.090000e-02,-1.090000e-02,0.2320,0.2300,-0.2320,3.98700,0.28900,-0.28900,1.4070e+02,1.360e+01,-1.360e+01,1.44,2.300e-01,-2.100e-01,1206.0,,,499.41,210.40,-153.04,11.40,2,q1_q17_dr25_tce,5782.00,78.00,-78.00,4.280,0.137,-0.112,1.2200,0.1960,-0.1760,291.499420,37.059280,15.214
10288922,K06078.01,,FALSE POSITIVE,FALSE POSITIVE,0.0000,0,1,1,0,10.157715971,5.0720000e-06,-5.0720000e-06,139.4422750,3.960000e-04,-3.960000e-04,1.2680,1.8090,-0.2060,2.95260,0.02250,-0.02250,9.5201e+03,6.720e+01,-6.720e+01,42.27,1.308e+01,-4.070e+00,853.0,,,125.42,118.65,-38.51,168.00,1,q1_q17_dr25_tce,5993.00,193.00,-241.00,4.489,0.050,-0.212,0.9860,0.3050,-0.0950,297.158940,47.319191,15.589
12266636,K01522.02,,CANDIDATE,CANDIDATE,0.9580,0,0,0,0,12.654896000,1.7400000e-04,-1.7400000e-04,134.6826000,1.300000e-02,-1.300000e-02,0.0090,0.4320,-0.0090,4.32500,0.28100,-0.28100,1.0060e+02,1.080e+01,-1.080e+01,1.02,2.800e-01,-1.600e-01,801.0,,,97.41,80.57,-35.35,10.40,2,q1_q17_dr25_tce,5833.00,157.00,-175.00,4.407,0.101,-0.188,1.0220,0.2880,-0.1550,295.806580,50.909801,14.264
7974634,K06168.01,,CANDIDATE,CANDIDATE,,0,0,0,0,131.258668000,3.6520000e-03,-3.6520000e-03,182.3187000,2.280000e-02,-2.280000e-02,0.4901,0.4832,-0.2885,4.89000,0.63900,-0.63900,1.5300e+02,2.020e+01,-2.020e+01,1.59,1.090e+00,-2.300e-01,433.0,,,8.31,17.61,-3.02,8.50,2,q1_q16_tce,6443.00,153.00,-215.00,4.325,0.086,-0.373,1.2480,0.8550,-0.1820,296.586980,43.766918,12.236
8182107,K07870.01,,CANDIDATE,CANDIDATE,0.9820,0,0,0,0,92.552007000,1.3100000e-03,-1.3100000e-03,221.5872000,1.030000e-02,-1.030000e-02,0.5130,0.0030,-0.4840,2.13500,0.42400,-0.42400,2.8260e+02,4.900e+01,-4.900e+01,2.10,6.000e-01,-4.000e-01,440.0,,,8.87,7.40,-3.78,7.30,1,q1_q17_dr25_tce,5808.00,156.00,-191.00,4.306,0.136,-0.187,1.2200,0.3470,-0.2320,297.067200,44.067600,14.452
7974634,K06168.02,,CANDIDATE,CANDIDATE,,0,0,0,0,75.072964000,4.9140000e-03,-4.9140000e-03,147.1591000,3.730000e-02,-3.730000e-02,0.2602,0.1842,-0.2601,9.21000,1.90000,-1.90000,7.4300e+01,1.480e+01,-1.480e+01,1.09,7.400e-01,-1.600e-01,522.0,,,17.51,37.10,-6.36,7.10,3,q1_q16_tce,6443.00,153.00,-215.00,4.325,0.086,-0.373,1.2480,0.8550,-0.1820,296.586980,43.766918,12.236
7974634,K06168.03,,FALSE POSITIVE,FALSE POSITIVE,,1,0,0,0,404.701927000,5.7110000e-03,-5.7110000e-03,196.6089000,1.160000e-02,-1.160000e-02,0.2598,0.1773,-0.2598,3.98100,0.45800,-0.45800,2.3620e+02,3.310e+01,-3.310e+01,1.94,1.330e+00,-2.800e-01,298.0,,,1.85,3.93,-0.67,7.80,4,q1_q16_tce,6443.00,153.00,-215.00,4.325,0.086,-0.373,1.2480,0.8550,-0.1820,296.586980,43.766918,12.236
8043882,K06169.01,,FALSE POSITIVE,FALSE POSITIVE,0.0000,0,0,1,1,0.779609509,6.1320000e-06,-6.1320000e-06,131.6784300,7.140000e-03,-7.140000e-03,0.6760,0.0350,-0.5120,4.01300,0.20800,-0.20800,8.8500e+01,5.500e+00,-5.500e+00,1.07,3.200e-01,-1.800e-01,2097.0,,,4557.44,4164.03,-1777.12,21.00,1,q1_q17_dr25_tce,5899.00,184.00,-205.00,4.370,0.124,-0.201,1.0700,0.3220,-0.1730,296.711400,43.858150,15.211
8058507,K06170.01,,FALSE POSITIVE,FALSE POSITIVE,,1,0,0,0,15.805296280,,,135.9561178,,,,,,1.56000,,,,,,,,,,,,,,,,2,q1_q16_tce,,,,,,,,,,300.292690,43.811508,13.148
8095099,K06171.01,,FALSE POSITIVE,FALSE POSITIVE,0.0000,0,1,0,0,2.103239235,1.3500000e-07,-1.3500000e-07,132.8681395,5.240000e-05,-5.240000e-05,0.6200,0.0120,-0.0140,7.08365,0.00326,-0.00326,3.1493e+05,9.110e+01,-9.110e+01,64.15,2.015e+01,-6.710e+00,1470.0,,,1100.91,1012.28,-329.01,3069.40,1,q1_q17_dr25_tce,6074.00,163.00,-200.00,4.466,0.067,-0.202,0.9650,0.3030,-0.1010,290.910580,43.929470,14.169
8163784,K06172.01,,CANDIDATE,CANDIDATE,,0,0,0,0,31.813489200,3.0230000e-04,-3.0230000e-04,137.8233100,7.710000e-03,-7.710000e-03,0.2316,0.3380,-0.2316,1.42200,0.35300,-0.35300,2.3420e+02,7.300e+01,-7.300e+01,1.18,4.400e-01,-9.000e-02,496.0,,,14.31,16.65,-3.67,5.20,2,q1_q16_tce,5505.00,197.00,-179.00,4.586,0.031,-0.221,0.7760,0.2880,-0.0610,291.066990,44.071201,14.458
2305866,K02610.02,,CANDIDATE,CANDIDATE,0.4410,0,0,0,0,115.230655000,2.0970000e-03,-2.0970000e-03,176.6440000,1.340000e-02,-1.340000e-02,0.9500,0.0020,-0.6590,17.73500,0.37300,-0.37300,1.6440e+02,8.000e+00,-8.000e+00,4.02,9.600e-01,-1.920e+00,632.0,,,37.80,26.92,-28.99,21.30,2,q1_q17_dr25_tce,6585.00,182.00,-250.00,3.813,0.448,-0.112,2.5170,0.6020,-1.2040,292.093320,37.613480,12.605
12206313,K02714.03,Kepler-401 d,CONFIRMED,CANDIDATE,0.9550,0,0,0,0,184.262741000,2.6940000e-03,-2.6940000e-03,255.2287000,1.120000e-02,-1.120000e-02,0.8850,0.0230,-0.6320,11.94000,0.23300,-0.23300,2.9220e+02,1.420e+01,-1.420e+01,2.57,4.400e-01,-4.300e-01,380.0,,,4.93,2.34,-1.80,21.10,3,q1_q17_dr25_tce,6115.00,122.00,-135.00,4.249,0.137,-0.112,1.2910,0.2160,-0.2160,290.082760,50.863480,13.312
5184911,K02719.02,,CANDIDATE,CANDIDATE,0.9900,0,0,0,0,106.259760000,2.6070000e-03,-2.6070000e-03,132.2417000,2.160000e-02,-2.160000e-02,0.2090,0.2430,-0.2090,6.10100,0.84900,-0.84900,3.5400e+02,5.530e+01,-5.530e+01,1.50,1.000e-01,-1.600e-01,303.0,,,1.99,0.53,-0.58,7.70,2,q1_q17_dr25_tce,4827.00,129.00,-144.00,4.508,0.084,-0.070,0.8230,0.0560,-0.0860,291.184970,40.311211,15.141
6436029,K02828.02,,CANDIDATE,CANDIDATE,0.7670,0,0,0,0,505.462916000,8.2920000e-03,-8.2920000e-03,458.0775500,8.630000e-03,-8.630000e-03,0.4890,0.0100,-0.4500,10.12700,0.38100,-0.38100,1.7240e+03,1.040e+02,-1.040e+02,3.46,2.800e-01,-3.500e-01,181.0,,,0.25,0.09,-0.07,17.60,2,q1_q17_dr25_tce,4817.00,184.00,-167.00,4.499,0.095,-0.114,0.8330,0.0680,-0.0840,289.538820,41.892818,15.768
7767162,K02869.02,,CANDIDATE,CANDIDATE,,0,0,0,0,274.743032000,8.6180000e-03,-8.6180000e-03,300.5018000,1.640000e-02,-1.640000e-02,0.4073,0.0684,-0.4073,9.13700,0.69800,-0.69800,3.0900e+02,2.840e+01,-2.840e+01,2.16,1.340e+00,-3.200e-01,330.0,,,2.82,5.35,-1.04,12.20,2,q1_q16_tce,6277.00,158.00,-206.00,4.306,0.116,-0.330,1.2070,0.7490,-0.1810,296.293550,43.403271,13.749
9478990,K00423.02,,CANDIDATE,CANDIDATE,,0,0,0,0,360.477635000,9.8770000e-03,-9.8770000e-03,253.9112000,2.010000e-02,-2.010000e-02,72.8480,28.1200,-10.4500,4.33200,0.95300,-0.95300,6.0400e+02,1.170e+02,-1.170e+02,11943.80,2.456e+03,-2.393e+03,339.0,,,3.11,1.79,-1.28,7.30,2,q1_q16_tce,6266.00,126.00,-134.00,4.101,0.161,-0.120,1.5220,0.3130,-0.3050,296.960270,46.034302,14.327
10793172,K02871.03,,CANDIDATE,CANDIDATE,,0,0,0,0,18.081142900,5.3160000e-04,-5.3160000e-04,140.5222000,3.320000e-02,-3.320000e-02,0.6214,0.0392,-0.4841,4.44000,1.00000,-1.00000,7.1200e+01,2.160e+01,-2.160e+01,0.75,3.300e-01,-5.000e-02,638.0,,,39.18,50.79,-9.05,5.70,3,q1_q17_dr24_tce,5693.00,163.00,-147.00,4.551,0.028,-0.302,0.8560,0.3700,-0.0650,290.201630,48.185822,14.754
10122538,K02926.03,Kepler-1388 d,CONFIRMED,CANDIDATE,1.0000,0,0,0,0,20.956998500,1.7930000e-04,-1.7930000e-04,139.0766400,9.680000e-03,-9.680000e-03,0.1120,0.3340,-0.1120,3.49300,0.13400,-0.13400,1.9179e+03,9.090e+01,-9.090e+01,2.38,1.500e-01,-1.100e-01,363.0,,,4.11,0.87,-0.69,22.70,3,q1_q17_dr25_tce,3891.00,70.00,-86.00,4.718,0.018,-0.042,0.5640,0.0350,-0.0260,283.336060,47.174541,16.279
10659313,K06079.01,,FALSE POSITIVE,FALSE POSITIVE,0.0000,0,1,0,0,15.249335907,2.7310000e-06,-2.7310000e-06,143.6628290,1.480000e-04,-1.480000e-04,1.0770,0.1860,-0.0900,3.82224,0.00786,-0.00786,3.4565e+04,5.820e+01,-5.820e+01,45.92,1.467e+01,-7.340e+00,875.0,,,138.77,128.02,-52.07,635.50,1,q1_q17_dr25_tce,6385.00,160.00,-192.00,4.316,0.105,-0.195,1.1890,0.3800,-0.1900,289.222750,47.913891,13.593
10710755,K06080.01,,FALSE POSITIVE,FALSE POSITIVE,0.0000,0,1,0,0,4.816610903,7.3600000e-07,-7.3600000e-07,133.7636360,1.280000e-04,-1.280000e-04,0.4310,0.0250,-0.0180,3.82353,0.00743,-0.00743,8.0226e+04,1.340e+02,-1.340e+02,26.15,6.860e+00,-3.180e+00,1050.0,,,287.30,217.25,-88.86,759.10,1,q1_q17_dr25_tce,5796.00,143.00,-158.00,4.472,0.091,-0.182,0.9040,0.2370,-0.1100,281.936400,48.010059,14.843
10727668,K06081.01,,FALSE POSITIVE,FALSE POSITIVE,0.0000,0,1,0,0,2.305903447,,,131.7928588,,,0.0030,,,3.38280,,,2.3269e+04,,,39.04,1.348e+01,-1.347e+01,3147.0,,,23214.46,23702.76,-15042.03,511.70,1,q1_q17_dr25_tce,9696.00,272.00,-467.00,4.033,0.215,-0.194,2.4920,0.8600,-0.8600,290.439940,48.045101,16.321
10735519,K06082.01,,FALSE POSITIVE,FALSE POSITIVE,0.0000,0,1,0,0,1.814128042,1.0370000e-06,-1.0370000e-06,131.9388710,4.730000e-04,-4.730000e-04,1.2460,0.9630,-0.1150,3.06460,0.02500,-0.02500,2.0636e+03,1.480e+01,-1.480e+01,426.98,8.762e+01,-1.627e+02,3773.0,,,47891.79,23891.36,-31232.44,163.90,1,q1_q17_dr25_tce,4822.00,38.00,-115.00,2.662,0.174,-0.116,12.8990,2.6470,-4.9150,293.557370,48.041740,11.780
8197767,K07871.01,,FALSE POSITIVE,FALSE POSITIVE,0.0000,1,0,1,0,1.247121237,5.2890000e-06,-5.2890000e-06,132.3946100,1.960000e-03,-1.960000e-03,1.2230,0.4130,-0.1440,9.36300,0.21300,-0.21300,9.6670e+02,1.290e+01,-1.290e+01,18.39,1.640e+00,-1.640e+00,1237.0,,,552.82,184.86,-141.69,92.10,2,q1_q17_dr25_tce,4852.00,145.00,-131.00,4.613,0.065,-0.035,0.6510,0.0580,-0.0580,301.039640,44.036179,13.704
10935310,K06083.01,,FALSE POSITIVE,FALSE POSITIVE,0.0000,0,1,0,0,4.128795314,3.0200000e-07,-3.0200000e-07,132.5796644,5.850000e-05,-5.850000e-05,0.7390,0.2560,-0.0090,2.77100,0.00465,-0.00465,1.5487e+05,1.130e+02,-1.130e+02,52.00,1.402e+01,-1.148e+01,1244.0,,,565.91,448.47,-257.72,1041.80,1,q1_q17_dr25_tce,5949.00,160.00,-160.00,4.311,0.209,-0.190,1.0830,0.2920,-0.2390,297.915920,48.332050,13.100
11021252,K06084.01,,FALSE POSITIVE,FALSE POSITIVE,0.0000,0,1,0,0,3.269176601,5.1600000e-07,-5.1600000e-07,133.2578250,1.260000e-04,-1.260000e-04,2.1950,0.7990,-0.8480,2.72330,0.01620,-0.01620,5.9095e+04,1.280e+02,-1.280e+02,164.61,5.400e+01,-1.801e+01,1349.0,,,781.57,750.06,-238.32,515.50,1,q1_q17_dr25_tce,6372.00,170.00,-207.00,4.453,0.056,-0.210,1.0150,0.3330,-0.1110,287.356080,48.543091,14.966
11404644,K06085.01,,CANDIDATE,CANDIDATE,0.0190,0,0,0,0,5.902596818,1.7660000e-06,-1.7660000e-06,136.3889940,2.470000e-04,-2.470000e-04,0.1680,0.0790,-0.0130,5.57110,0.02050,-0.02050,5.4894e+04,1.250e+02,-1.250e+02,25.80,8.450e+00,-3.630e+00,1123.0,,,376.53,369.76,-136.36,533.90,1,q1_q17_dr25_tce,6184.00,185.00,-222.00,4.371,0.090,-0.210,1.0940,0.3580,-0.1540,292.756100,49.264561,15.179
11408935,K06086.01,,FALSE POSITIVE,FALSE POSITIVE,0.0000,0,1,0,0,15.995094054,1.8240000e-06,-1.8240000e-06,147.3054070,9.580000e-05,-9.580000e-05,0.2720,0.0190,-0.0170,8.45037,0.00572,-0.00572,4.4315e+04,2.640e+01,-2.640e+01,17.09,4.630e+00,-1.230e+00,676.0,,,49.26,39.22,-11.71,2019.70,1,q1_q17_dr25_tce,5899.00,159.00,-177.00,4.574,0.034,-0.195,0.8050,0.2180,-0.0580,294.780790,49.273621,15.284
8165617,K06173.01,,CANDIDATE,CANDIDATE,,0,0,0,0,214.013044000,7.1680000e-03,-7.1680000e-03,179.8607000,2.330000e-02,-2.330000e-02,0.1289,0.3159,-0.1289,7.87000,2.20000,-2.20000,1.2320e+02,1.870e+01,-1.870e+01,1.54,9.200e-01,-2.600e-01,397.0,,,5.89,10.57,-2.33,9.00,5,q1_q16_tce,6698.00,151.00,-216.00,4.267,0.102,-0.339,1.3700,0.8210,-0.2320,291.742310,44.074871,12.445
8181016,K06174.01,,FALSE POSITIVE,FALSE POSITIVE,,0,1,1,0,0.709142320,3.7600000e-07,-3.7600000e-07,132.1761000,2.950000e-04,-2.950000e-04,1.0094,0.0618,-0.1098,1.93600,0.22000,-0.22000,2.5600e+03,1.510e+02,-1.510e+02,7.27,1.320e+00,-6.900e-01,1685.0,,,1903.76,1105.26,-513.99,2.60,1,q1_q17_dr24_tce,5350.00,168.00,-151.00,4.578,0.071,-0.135,0.6930,0.1260,-0.0660,296.784300,44.069012,14.677
8197761,K06175.01,,FALSE POSITIVE,FALSE POSITIVE,0.0000,0,1,0,0,9.868695890,5.4670000e-05,-5.4670000e-05,138.9958400,4.420000e-03,-4.420000e-03,0.9840,0.0030,-0.6970,2.87600,0.27000,-0.27000,5.9150e+03,4.340e+02,-4.340e+02,21.68,6.350e+00,-5.770e+00,1332.0,,,743.72,663.81,-406.45,15.80,1,q1_q17_dr25_tce,7301.00,230.00,-307.00,4.110,0.204,-0.167,1.7170,0.5030,-0.4570,301.038760,44.071098,10.656
4840513,K01541.02,,FALSE POSITIVE,FALSE POSITIVE,,1,0,0,0,66.344551220,,,153.3142060,,,,,,3.64000,,,,,,,,,,,,,,,,3,q1_q16_tce,,,,,,,,,,293.195070,39.907280,15.189
8223568,K06176.01,,CANDIDATE,CANDIDATE,,0,0,0,0,143.096880000,1.5270000e-02,-1.5270000e-02,143.7010000,1.570000e-01,-1.570000e-01,0.1129,0.3352,-0.1128,17.74000,6.50000,-6.50000,1.2500e+02,2.140e+01,-2.140e+01,1.48,3.900e-01,-1.300e-01,441.0,,,8.94,6.25,-2.19,6.40,2,q1_q16_tce,6725.00,110.00,-159.00,4.335,0.037,-0.188,1.3100,0.3430,-0.1160,287.985600,44.147202,11.538
8223568,K06176.02,,CANDIDATE,CANDIDATE,,0,0,0,0,73.456757300,,,172.3647107,,,,,,2.74000,,,,,,,,,,,,,,,,3,q1_q16_tce,,,,,,,,,,287.985600,44.147202,11.538
8265156,K06177.01,,FALSE POSITIVE,FALSE POSITIVE,0.0010,0,0,1,0,0.978362973,4.3240000e-06,-4.3240000e-06,132.1260000,3.890000e-03,-3.890000e-03,0.2670,0.1900,-0.2670,1.20600,0.12700,-0.12700,3.7100e+01,2.900e+00,-2.900e+00,1.04,3.300e-01,-2.200e-01,2772.0,,,13948.03,12934.31,-6596.83,15.90,2,q1_q17_dr25_tce,7193.00,200.00,-300.00,4.156,0.128,-0.192,1.6710,0.5250,-0.3500,301.134280,44.100128,12.340
8355178,K06178.01,,CANDIDATE,CANDIDATE,0.9890,0,0,0,0,13.032730100,1.5000000e-04,-1.5000000e-04,133.6778000,1.010000e-02,-1.010000e-02,0.6700,0.2840,-0.4570,3.90200,0.31300,-0.31300,2.4230e+02,2.500e+01,-2.500e+01,1.64,4.600e-01,-2.000e-01,809.0,,,101.40,84.06,-34.19,11.10,1,q1_q17_dr25_tce,6122.00,168.00,-232.00,4.471,0.050,-0.200,0.9960,0.2800,-0.1200,287.531770,44.308010,15.863
10122538,K02926.04,Kepler-1388 e,CONFIRMED,CANDIDATE,1.0000,0,0,0,0,37.633386800,7.7940000e-04,-7.7940000e-04,158.8156000,2.380000e-02,-2.380000e-02,0.3380,0.1350,-0.3380,4.49000,0.22100,-0.22100,1.6617e+03,9.800e+01,-9.800e+01,2.25,1.400e-01,-1.000e-01,299.0,,,1.88,0.40,-0.31,18.60,4,q1_q17_dr25_tce,3891.00,70.00,-86.00,4.718,0.018,-0.042,0.5640,0.0350,-0.0260,283.336060,47.174541,16.279
4770174,K02971.02,,CANDIDATE,CANDIDATE,0.9990,0,0,0,0,31.953367900,6.6670000e-04,-6.6670000e-04,159.6588000,1.810000e-02,-1.810000e-02,0.7730,0.0580,-0.5330,8.42400,0.48600,-0.48600,1.0610e+02,7.600e+00,-7.600e+00,1.65,2.900e-01,-2.100e-01,725.0,,,65.15,31.66,-19.85,15.20,2,q1_q17_dr25_tce,6313.00,113.00,-139.00,4.228,0.084,-0.126,1.4670,0.2590,-0.1880,297.393710,39.829041,12.742
9838804,K03028.02,,CANDIDATE,CANDIDATE,,0,0,0,0,458.167540000,3.1530000e-02,-3.1530000e-02,462.2522000,5.040000e-02,-5.040000e-02,0.1573,0.3167,-0.1569,6.97000,2.80000,-2.80000,6.8300e+02,1.820e+02,-1.820e+02,2.11,8.300e-01,-1.600e-01,208.0,,,0.45,0.55,-0.11,5.60,2,q1_q16_tce,5536.00,195.00,-162.00,4.566,0.029,-0.263,0.8160,0.3240,-0.0620,294.962460,46.676289,15.983
9020114,K03088.02,,CANDIDATE,CANDIDATE,,0,0,0,0,67.876660500,7.9650000e-04,-7.9650000e-04,187.3703000,1.050000e-02,-1.050000e-02,0.0011,0.4505,-0.0010,2.59800,0.22900,-0.22900,3.8920e+02,4.540e+01,-4.540e+01,1.92,8.200e-01,-1.700e-01,455.0,,,10.11,12.69,-2.79,9.10,2,q1_q16_tce,6018.00,158.00,-194.00,4.485,0.044,-0.302,0.9750,0.4150,-0.0890,291.164370,45.318291,14.953
6609270,K03090.02,,FALSE POSITIVE,FALSE POSITIVE,0.0220,0,0,1,0,15.036777600,1.6120000e-04,-1.6120000e-04,133.6558000,1.020000e-02,-1.020000e-02,1.1150,70.9200,-5.3330,3.04200,0.34600,-0.34600,5.0350e+02,5.610e+01,-5.610e+01,8.02,4.500e-01,-5.800e-01,381.0,,,4.96,1.04,-0.99,10.80,2,q1_q17_dr25_tce,3729.00,75.00,-67.00,4.733,0.039,-0.021,0.5140,0.0290,-0.0370,292.737640,42.014832,15.665
7983117,K03214.02,,CANDIDATE,CANDIDATE,1.0000,0,0,0,0,25.090157400,4.8220000e-04,-4.8220000e-04,138.4988000,1.620000e-02,-1.620000e-02,0.9350,0.0430,-0.6510,8.27300,0.54500,-0.54500,3.7700e+01,3.400e+00,-3.400e+00,1.35,2.700e-01,-4.300e-01,852.0,,,124.33,76.20,-73.41,12.10,2,q1_q17_dr25_tce,6033.00,183.00,-183.00,3.985,0.266,-0.114,1.7880,0.3510,-0.5710,298.673770,43.795479,12.014
11125797,K03371.02,Kepler-1482 b,CONFIRMED,CANDIDATE,1.0000,0,0,0,0,12.253843480,8.8370000e-05,-8.8370000e-05,143.7054900,5.110000e-03,-5.110000e-03,0.4410,0.5290,-0.2440,2.37300,0.19800,-0.19800,1.4770e+02,1.430e+01,-1.430e+01,1.00,1.300e-01,-3.000e-02,678.0,,,50.05,16.42,-5.98,12.30,2,q1_q17_dr25_tce,5413.00,73.00,-81.00,4.579,0.011,-0.105,0.8200,0.1000,-0.0270,285.313810,48.725250,13.747
9966219,K03401.02,,CANDIDATE,CANDIDATE,,0,0,0,0,326.670800000,1.6080000e-02,-1.6080000e-02,327.7185000,3.850000e-02,-3.850000e-02,0.6133,0.0169,-0.4804,10.84000,1.50000,-1.50000,3.8640e+02,3.960e+01,-3.960e+01,2.20,7.500e-01,-3.500e-01,283.0,,,1.52,1.54,-0.57,10.80,1,q1_q16_tce,5896.00,162.00,-169.00,4.343,0.138,-0.232,1.0720,0.3680,-0.1720,297.478390,46.815750,14.388
11974540,K00129.02,,CANDIDATE,CANDIDATE,,0,0,0,0,143.211093620,,,221.7556468,,,,,,2.71000,,,,,,,,,,,,,,,,2,q1_q16_tce,,,,,,,,,,297.009430,50.372318,13.224
7219825,K00238.03,,CANDIDATE,CANDIDATE,0.7840,0,0,0,0,362.978280000,1.5990000e-02,-1.5990000e-02,256.5011000,2.580000e-02,-2.580000e-02,0.0550,0.4090,-0.0550,14.08300,0.74400,-0.74400,2.6060e+02,2.050e+01,-2.050e+01,1.96,3.300e-01,-2.900e-01,296.0,,,1.81,0.87,-0.60,13.00,2,q1_q17_dr25_tce,6086.00,133.00,-133.00,4.274,0.137,-0.112,1.2160,0.1990,-0.1790,296.998630,42.781960,14.061
9958962,K00593.04,,CANDIDATE,CANDIDATE,0.7440,0,0,0,0,240.192808000,8.9890000e-03,-8.9890000e-03,168.3047000,3.070000e-02,-3.070000e-02,0.8140,0.1410,-0.5750,9.72000,0.62700,-0.62700,6.0580e+02,5.400e+01,-5.400e+01,2.68,8.300e-01,-2.800e-01,298.0,,,1.86,1.74,-0.55,12.00,4,q1_q17_dr25_tce,6004.00,181.00,-199.00,4.484,0.052,-0.208,0.9770,0.3020,-0.1010,294.989140,46.838329,14.957
11519226,K06087.01,,FALSE POSITIVE,FALSE POSITIVE,0.0000,0,1,0,0,22.161271780,4.7720000e-05,-4.7720000e-05,148.4637800,1.810000e-03,-1.810000e-03,1.2770,6.8140,-0.4100,3.69900,0.08680,-0.08680,5.2590e+03,1.100e+02,-1.100e+02,69.44,1.476e+01,-2.213e+01,877.0,,,139.67,89.23,-80.49,56.60,1,q1_q17_dr25_tce,5893.00,162.00,-133.00,3.945,0.315,-0.105,1.7450,0.3710,-0.5560,297.070680,49.442451,13.034
1718189,K00993.03,,CANDIDATE,CANDIDATE,0.1490,0,0,0,0,86.723653000,1.7580000e-03,-1.7580000e-03,195.3511000,1.680000e-02,-1.680000e-02,0.6620,0.3100,-0.4660,4.85200,0.50600,-0.50600,2.4100e+02,2.800e+01,-2.800e+01,1.43,3.900e-01,-1.200e-01,391.0,,,5.50,4.24,-1.42,9.40,3,q1_q17_dr25_tce,5830.00,146.00,-161.00,4.540,0.044,-0.187,0.8760,0.2340,-0.0780,290.728670,37.252651,14.246
11756821,K06088.01,,FALSE POSITIVE,FALSE POSITIVE,0.0000,0,1,0,0,2.745121487,2.6650000e-06,-2.6650000e-06,133.6192760,8.290000e-04,-8.290000e-04,0.8610,0.0720,-0.0250,2.98450,0.07690,-0.07690,1.4608e+04,2.860e+02,-2.860e+02,9.55,1.000e+00,-5.800e-01,893.0,,,150.25,60.52,-35.50,86.70,1,q1_q17_dr25_tce,4608.00,163.00,-163.00,4.648,0.024,-0.056,0.6580,0.0690,-0.0400,288.229130,49.904129,15.187
11769146,K06089.01,,FALSE POSITIVE,FALSE POSITIVE,0.0000,0,1,0,0,282.965653800,1.2850000e-04,-1.2850000e-04,193.5027580,3.230000e-04,-3.230000e-04,0.4260,0.0070,-0.0070,21.42590,0.02220,-0.02220,4.6786e+05,4.180e+02,-4.180e+02,71.61,2.240e+01,-7.470e+00,280.0,,,1.45,1.33,-0.44,1365.90,1,q1_q17_dr25_tce,5999.00,162.00,-217.00,4.494,0.054,-0.216,0.9590,0.3000,-0.1000,294.819210,49.963631,13.974
11812199,K06090.01,,FALSE POSITIVE,FALSE POSITIVE,0.0000,0,1,1,0,37.320309540,4.4820000e-05,-4.4820000e-05,135.4269460,9.830000e-04,-9.830000e-04,1.2820,0.6510,-0.2180,6.96160,0.05060,-0.05060,4.3250e+03,3.170e+01,-3.170e+01,36.96,1.168e+01,-3.890e+00,538.0,,,19.77,18.43,-5.83,171.30,1,q1_q17_dr25_tce,5910.00,164.00,-184.00,4.505,0.052,-0.221,0.9400,0.2970,-0.0990,290.871250,50.052601,14.277
8263187,K07878.01,,CANDIDATE,CANDIDATE,0.1750,0,0,0,0,36.566324000,1.1420000e-03,-1.1420000e-03,141.4473000,3.130000e-02,-3.130000e-02,0.0180,0.4130,-0.0180,4.83200,0.48800,-0.48800,2.9430e+03,4.250e+02,-4.250e+02,15.41,5.920e+00,-1.099e+01,828.0,,,110.92,136.29,-103.02,8.10,1,q1_q17_dr25_tce,5294.00,204.00,-186.00,3.599,0.944,-0.295,2.8840,1.1080,-2.0570,300.638090,44.156269,17.195
11826400,K06091.01,,FALSE POSITIVE,FALSE POSITIVE,0.0000,0,1,0,0,5.889372452,1.9200000e-07,-1.9200000e-07,134.7796850,2.620000e-05,-2.620000e-05,0.4030,0.0210,-0.0110,4.94674,0.00088,-0.00088,5.6841e+04,1.660e+01,-1.660e+01,50.78,1.302e+01,-1.736e+01,1695.0,,,1951.40,1485.07,-1238.46,4146.70,1,q1_q17_dr25_tce,7249.00,201.00,-302.00,3.993,0.266,-0.143,2.0710,0.5310,-0.7080,297.513430,50.074810,12.472
12010534,K06092.01,,FALSE POSITIVE,FALSE POSITIVE,0.0000,0,1,0,0,2.581595167,1.0640000e-06,-1.0640000e-06,132.9474140,3.490000e-04,-3.490000e-04,0.1240,0.0740,-0.0490,4.91530,0.02370,-0.02370,1.7113e+05,6.140e+02,-6.140e+02,40.94,1.159e+01,-6.250e+00,1328.0,,,735.27,609.16,-267.06,338.20,1,q1_q17_dr25_tce,5720.00,152.00,-169.00,4.407,0.120,-0.180,0.9890,0.2800,-0.1510,290.026820,50.455391,15.350
2019477,K06093.01,,CANDIDATE,CANDIDATE,0.2830,0,0,0,0,20.573611300,8.8220000e-04,-8.8220000e-04,149.1939000,3.280000e-02,-3.280000e-02,0.0320,0.4140,-0.0320,11.22200,0.93900,-0.93900,7.6000e+01,6.200e+00,-6.200e+00,3.86,3.500e-01,-1.420e+00,1197.0,,,484.82,131.14,-301.79,12.30,1,q1_q17_dr25_tce,5440.00,87.00,-76.00,3.404,0.289,-0.051,4.5240,0.4160,-1.6650,292.551940,37.421211,13.330
7116117,K03163.01,,FALSE POSITIVE,FALSE POSITIVE,,0,0,0,1,0.566801886,5.4740000e-06,-5.4740000e-06,131.8258000,1.010000e-02,-1.010000e-02,0.3733,0.1400,-0.3732,5.73300,0.63000,-0.63000,5.9000e+00,9.000e-01,-9.000e-01,0.54,3.100e-01,-1.000e-01,3862.0,,,52564.19,94611.36,-22419.93,16.30,1,q1_q17_dr24_tce,7589.00,230.00,-303.00,4.023,0.114,-0.340,2.1690,1.2500,-0.3870,291.269900,42.692009,10.238
7868092,K03169.01,,FALSE POSITIVE,FALSE POSITIVE,,1,0,0,0,180.718090000,2.9890000e-02,-2.9890000e-02,222.2962000,4.610000e-02,-4.610000e-02,0.8856,0.0870,-0.6346,10.85000,1.80000,-1.80000,3.1200e+01,5.200e+00,-5.200e+00,1.28,8.100e-01,-2.000e-01,546.0,,,20.98,41.75,-8.31,8.60,,,7608.00,223.00,-312.00,4.080,0.093,-0.367,1.9910,1.2580,-0.3090,280.747500,43.601841,10.505
3337061,K03172.01,,FALSE POSITIVE,FALSE POSITIVE,0.0000,0,1,0,0,6.558370600,4.3460000e-05,-4.3460000e-05,133.8303100,5.530000e-03,-5.530000e-03,1.2130,28.0000,-1.1800,3.28600,0.21700,-0.21700,1.3600e+02,8.500e+00,-8.500e+00,39.06,6.740e+00,-8.240e+00,1283.0,,,639.83,290.04,-260.45,18.10,1,q1_q17_dr25_tce,6144.00,86.00,-74.00,4.083,0.168,-0.098,1.6060,0.2770,-0.3390,290.033140,38.426861,10.609
9826171,K03173.01,,FALSE POSITIVE,FALSE POSITIVE,,1,0,0,0,434.391480000,1.0740000e-02,-1.0740000e-02,131.4436000,2.560000e-02,-2.560000e-02,0.9936,0.2663,-0.0845,13.02000,1.30000,-1.30000,1.2030e+02,1.220e+01,-1.220e+01,1.59,6.500e-01,-1.500e-01,236.0,,,0.73,0.88,-0.18,10.40,,,5971.00,147.00,-150.00,4.514,0.048,-0.289,0.8680,0.3590,-0.0780,289.734680,46.645340,10.614
3936658,K03180.01,,FALSE POSITIVE,FALSE POSITIVE,,1,0,0,0,71.157705400,,,178.2961100,,,,,,4.85000,,,,,,,,,,,,,,,,,,,,,,,,,,,285.547120,39.063290,10.923
4577484,K03181.01,,FALSE POSITIVE,FALSE POSITIVE,,1,0,0,0,73.264170000,1.2600000e-02,-1.2600000e-02,173.8331000,4.680000e-02,-4.680000e-02,0.4719,0.0639,-0.4709,5.54000,2.60000,-2.60000,3.8400e+01,1.950e+01,-1.950e+01,1.32,7.000e-02,-8.000e-02,584.0,,,27.47,4.64,-4.57,3.00,,,5424.00,74.00,-74.00,3.832,0.018,-0.020,2.1100,0.1100,-0.1300,295.682800,39.618729,11.026
4735826,K03184.02,Kepler-1972 c,CONFIRMED,FALSE POSITIVE,,1,0,0,0,11.322010400,5.6690000e-04,-5.6690000e-04,142.7143000,3.220000e-02,-3.220000e-02,0.1749,0.2837,-0.1749,5.86000,0.84000,-0.84000,1.7100e+01,2.100e+00,-2.100e+00,0.91,3.000e-01,-4.200e-01,1215.0,,,515.77,523.80,-386.82,8.10,,,6003.00,202.00,-199.00,3.825,0.436,-0.198,2.1930,0.7210,-1.0200,288.395290,39.872627,11.158
5005618,K03186.01,,FALSE POSITIVE,FALSE POSITIVE,,0,1,0,0,681.936310200,2.9930000e-05,-2.9930000e-05,289.0653808,2.110000e-05,-2.110000e-05,0.8280,0.0131,-0.0157,7.94066,0.00192,-0.00192,1.8653e+05,3.950e+01,-3.950e+01,61.52,2.758e+01,-6.070e+00,220.0,,,0.56,0.72,-0.16,5388.30,,,6095.00,136.00,-177.00,4.427,0.059,-0.295,1.0350,0.4640,-0.1020,290.127080,40.159470,11.300
4663658,K03187.01,,FALSE POSITIVE,FALSE POSITIVE,0.0000,1,0,0,0,0.705891195,3.8040000e-06,-3.8040000e-06,131.6206200,4.160000e-03,-4.160000e-03,0.5110,0.4420,-0.5110,5.28100,0.29800,-0.29800,1.5000e+01,6.200e+00,-6.200e+00,1.00,3.400e-01,-3.400e-01,4884.0,,,134291.26,135507.26,-85924.08,32.90,1,q1_q17_dr25_tce,10346.00,286.00,-464.00,4.077,0.242,-0.198,2.4490,0.8380,-0.8380,294.207820,39.789291,11.321
10467815,K03191.01,,FALSE POSITIVE,FALSE POSITIVE,,1,0,0,0,377.889090000,1.2130000e-02,-1.2130000e-02,143.4845000,2.300000e-02,-2.300000e-02,0.1164,0.3290,-0.1163,9.25900,0.71600,-0.71600,9.2800e+01,1.010e+01,-1.010e+01,3.17,1.330e+00,-1.010e+00,606.0,,,31.87,40.38,-19.58,11.60,,,9030.00,272.00,-412.00,3.822,0.243,-0.199,3.2180,1.3480,-1.0240,290.816040,47.682892,11.471
10847721,K03192.01,,FALSE POSITIVE,FALSE POSITIVE,,1,0,0,0,199.216380000,1.8720000e-02,-1.8720000e-02,293.6619000,4.040000e-02,-4.040000e-02,0.5000,0.0767,-0.4090,9.23000,1.80000,-1.80000,6.2500e+01,1.100e+01,-1.100e+01,2.36,9.800e-01,-6.600e-01,706.0,,,58.73,73.33,-33.29,10.60,,,8914.00,260.00,-399.00,3.896,0.217,-0.218,2.8670,1.1920,-0.7990,285.136570,48.257301,11.472
10118942,K03195.01,,FALSE POSITIVE,FALSE POSITIVE,,1,0,0,0,121.707470000,1.1820000e-02,-1.1820000e-02,229.2617000,6.960000e-02,-6.960000e-02,0.9778,0.0224,-0.6789,1.37000,2.40000,-2.40000,9.8200e+01,1.770e+01,-1.770e+01,3.02,1.100e-01,-1.100e-01,580.0,,,26.67,3.28,-2.78,6.90,,,6362.00,61.00,-61.00,3.858,0.016,-0.015,2.2700,0.0900,-0.0800,281.122890,47.164890,11.496
9471539,K03198.01,,FALSE POSITIVE,FALSE POSITIVE,,1,0,0,0,273.528359000,4.6090000e-03,-4.6090000e-03,246.3207000,1.160000e-02,-1.160000e-02,1.3630,0.3110,-0.3229,22.34600,0.63900,-0.63900,4.0850e+02,1.150e+01,-1.150e+01,115.40,3.293e+01,-3.404e+01,557.0,,,22.75,19.52,-13.13,32.10,,,7682.00,229.00,-305.00,3.838,0.235,-0.176,2.7830,0.7940,-0.8210,294.418330,46.038712,11.575
5482603,K03199.01,,FALSE POSITIVE,FALSE POSITIVE,0.0000,0,0,1,0,3.882589050,3.8130000e-05,-3.8130000e-05,134.8211100,6.810000e-03,-6.810000e-03,0.5530,0.0040,-0.4780,2.74100,0.23200,-0.23200,5.7800e+01,5.100e+00,-5.100e+00,0.78,0.000e+00,0.000e+00,1158.0,,,426.41,0.00,0.00,13.20,1,q1_q17_dr25_tce,5780.00,,,4.438,,,1.0000,,,299.873570,40.607719,11.706
2305819,K03201.01,,FALSE POSITIVE,FALSE POSITIVE,,1,0,0,0,135.571860000,1.3220000e-02,-1.3220000e-02,245.3504000,5.170000e-02,-5.170000e-02,0.2687,0.2103,-0.2687,9.94000,1.60000,-1.60000,4.1200e+01,8.500e+00,-8.500e+00,0.83,3.300e-01,-2.700e-01,439.0,,,8.77,10.26,-5.15,5.70,,,6070.00,167.00,-149.00,4.117,0.347,-0.258,1.2770,0.5050,-0.4140,292.080470,37.674610,11.766
9518710,K03207.01,,CANDIDATE,CANDIDATE,0.0000,0,0,0,0,0.954388314,3.9670000e-06,-3.9670000e-06,132.4453700,3.260000e-03,-3.260000e-03,0.7370,0.2170,-0.6870,6.26000,1.90000,-1.90000,5.7200e+01,6.700e+00,-6.700e+00,2.27,3.800e-01,-7.100e-01,3406.0,,,31694.26,15870.19,-18758.80,56.30,1,q1_q17_dr25_tce,7056.00,169.00,-253.00,3.813,0.259,-0.111,2.7850,0.4690,-0.8710,288.238620,46.118061,11.872
10284575,K03210.01,,FALSE POSITIVE,FALSE POSITIVE,,1,0,0,0,173.069290000,1.3210000e-02,-1.3210000e-02,221.2582000,2.160000e-02,-2.160000e-02,1.1262,0.4818,-0.1481,12.84000,2.00000,-2.00000,5.7670e+02,6.370e+01,-6.370e+01,30.29,1.781e+01,-6.160e+00,518.0,,,17.08,31.46,-7.97,19.90,,,7296.00,221.00,-310.00,4.103,0.124,-0.338,1.8180,1.0690,-0.3700,295.831940,47.393810,11.943
3342952,K03215.01,,FALSE POSITIVE,FALSE POSITIVE,0.0050,0,0,1,0,1.039046871,8.4110000e-06,-8.4110000e-06,131.5427200,6.930000e-03,-6.930000e-03,0.0960,0.3680,-0.0960,1.68900,0.20700,-0.20700,2.4400e+01,3.200e+00,-3.200e+00,0.48,1.000e-01,-7.000e-02,1774.0,,,2348.45,1421.05,-768.84,9.30,1,q1_q17_dr25_tce,5689.00,152.00,-152.00,4.422,0.104,-0.138,0.9760,0.1970,-0.1310,291.650180,38.409370,12.023
10338624,K03222.01,,FALSE POSITIVE,FALSE POSITIVE,,1,0,0,0,0.607538435,3.9930000e-06,-3.9930000e-06,131.7098900,4.240000e-03,-4.240000e-03,0.9849,0.0000,-0.6835,5.54900,0.30800,-0.30800,3.4900e+01,1.800e+00,-1.800e+00,1.34,9.100e-01,-2.500e-01,3219.0,,,25377.69,53505.20,-10965.57,30.40,2,q1_q17_dr24_tce,7076.00,188.00,-259.00,4.147,0.115,-0.377,1.6910,1.1380,-0.3180,291.497220,47.463509,12.156
5307990,K03228.01,,FALSE POSITIVE,FALSE POSITIVE,0.0010,0,0,1,0,0.987625130,3.8500000e-06,-3.8500000e-06,131.9721200,2.940000e-03,-2.940000e-03,0.5470,0.4150,-0.3530,1.12700,0.10100,-0.10100,2.8600e+01,2.300e+00,-2.300e+00,1.14,4.200e-01,-2.800e-01,3728.0,,,45704.50,51313.06,-24322.84,14.80,1,q1_q17_dr25_tce,9456.00,301.00,-451.00,4.172,0.136,-0.204,2.0220,0.7450,-0.4970,299.436000,40.477852,12.234
2142501,K03233.01,,FALSE POSITIVE,FALSE POSITIVE,,1,0,0,0,113.070757400,,,171.7050000,,,,,,9.03000,,,,,,,,,,,,,,,,,,,,,,,,,,,286.619020,37.504044,12.267
2713018,K03235.01,,FALSE POSITIVE,FALSE POSITIVE,,1,0,0,0,66.713573000,1.9300000e-03,-1.9300000e-03,170.0750000,1.600000e-02,-1.600000e-02,0.4916,0.0689,-0.4211,4.48700,0.64400,-0.64400,6.3900e+01,1.150e+01,-1.150e+01,0.98,4.200e-01,-1.200e-01,555.0,,,22.47,27.75,-7.14,6.70,,,6745.00,138.00,-219.00,4.361,0.068,-0.275,1.1820,0.5150,-0.1390,291.432500,37.936180,12.301
8413968,K03251.01,,FALSE POSITIVE,FALSE POSITIVE,,1,0,0,0,135.223193000,7.9230000e-03,-7.9230000e-03,246.3872000,2.360000e-02,-2.360000e-02,0.0177,0.4196,-0.0174,8.98900,0.99600,-0.99600,5.6300e+01,8.500e+00,-8.500e+00,0.92,4.900e-01,-1.600e-01,417.0,,,7.18,11.39,-2.80,8.90,,,6181.00,148.00,-178.00,4.279,0.146,-0.286,1.2270,0.6550,-0.2110,284.011020,44.494320,12.452
9008103,K03283.01,,FALSE POSITIVE,FALSE POSITIVE,,1,0,0,0,195.709385500,,,177.4118000,,,,,,10.78000,,,,,,,,,,,,,,,,,,,,,,,,,,,286.089080,45.369011,15.322
4376629,K03378.01,,FALSE POSITIVE,FALSE POSITIVE,0.0000,0,0,1,1,27.677521200,2.1060000e-04,-2.1060000e-04,146.1243000,4.070000e-03,-4.070000e-03,1.2380,69.8800,-2.2390,2.51300,0.29300,-0.29300,2.9390e+02,2.930e+01,-2.930e+01,23.04,2.980e+00,-9.500e-01,558.0,,,22.91,7.91,-2.95,12.30,1,q1_q17_dr25_tce,5797.00,78.00,-78.00,4.563,0.020,-0.111,0.8280,0.1070,-0.0340,294.509160,39.461109,13.678
3958301,K03381.01,,FALSE POSITIVE,FALSE POSITIVE,,0,0,1,0,35.234041300,7.7670000e-04,-7.7670000e-04,164.0831000,1.480000e-02,-1.480000e-02,0.2713,0.1900,-0.2712,11.87400,0.56800,-0.56800,4.6550e+02,3.660e+01,-3.660e+01,2.21,8.700e-01,-2.100e-01,602.0,,,31.14,35.76,-9.04,14.70,,,6295.00,170.00,-223.00,4.456,0.049,-0.273,1.0140,0.3950,-0.0960,292.550020,39.023811,15.598
8211605,K03405.01,,FALSE POSITIVE,FALSE POSITIVE,0.0000,0,1,1,0,20.979433800,2.0680000e-04,-2.0680000e-04,147.7260500,8.980000e-03,-8.980000e-03,1.2840,70.3100,-3.7640,3.76200,0.22700,-0.22700,2.3882e+03,4.000e-01,-4.000e-01,24.76,2.600e+00,-2.120e+00,520.0,,,17.28,7.30,-4.57,32.20,1,q1_q17_dr25_tce,5182.00,201.00,-164.00,4.601,0.072,-0.048,0.6660,0.0700,-0.0570,281.606050,44.184761,15.486
11098573,K03406.01,,FALSE POSITIVE,FALSE POSITIVE,,0,0,1,0,15.693785500,3.5910000e-04,-3.5910000e-04,131.9841000,1.860000e-02,-1.860000e-02,0.2227,0.2440,-0.2226,5.14900,0.33900,-0.33900,3.6770e+02,3.370e+01,-3.370e+01,1.99,7.500e-01,-2.600e-01,755.0,,,76.79,88.12,-26.18,14.20,,,5868.00,179.00,-199.00,4.397,0.094,-0.259,1.0370,0.3940,-0.1350,297.972690,48.672981,15.281
7289338,K03420.01,,CANDIDATE,CANDIDATE,0.9660,0,0,0,0,5.774511170,5.8050000e-05,-5.8050000e-05,134.5143400,8.180000e-03,-8.180000e-03,0.3480,0.1140,-0.3480,3.75200,0.26200,-0.26200,1.5630e+02,1.570e+01,-1.570e+01,1.87,3.100e-01,-3.700e-01,1232.0,,,544.74,230.38,-211.98,11.20,2,q1_q17_dr25_tce,5821.00,78.00,-78.00,4.127,0.182,-0.098,1.4920,0.2410,-0.2940,294.015290,42.824371,15.589
9837586,K03442.01,,FALSE POSITIVE,FALSE POSITIVE,0.0000,0,1,1,1,20.733763010,3.6440000e-05,-3.6440000e-05,132.8449300,1.790000e-03,-1.790000e-03,0.9930,0.3420,-0.2310,5.80430,0.08130,-0.08130,1.0460e+05,1.304e+03,-1.304e+03,54.58,0.000e+00,0.000e+00,663.0,,,45.60,0.00,0.00,97.30,1,q1_q17_dr25_tce,5780.00,,,4.438,,,1.0000,,,294.498140,46.691032,17.474
6021655,K03488.01,,FALSE POSITIVE,FALSE POSITIVE,,1,0,0,0,63.571688000,8.5830000e-03,-8.5830000e-03,186.4598000,3.270000e-02,-3.270000e-02,0.7182,0.2484,-0.4791,6.01000,1.80000,-1.80000,5.9100e+02,1.500e+02,-1.500e+02,2.14,7.600e-01,-1.700e-01,399.0,,,6.02,6.50,-1.38,5.40,,,5504.00,172.00,-138.00,4.572,0.026,-0.244,0.8190,0.2920,-0.0620,283.425870,41.325531,15.635
8308682,K03507.01,,FALSE POSITIVE,FALSE POSITIVE,,1,0,0,0,338.200750000,5.2850000e-02,-5.2850000e-02,263.5018000,8.310000e-02,-8.310000e-02,0.2434,0.2208,-0.2433,15.23000,2.90000,-2.90000,6.7820e+02,9.900e+01,-9.900e+01,2.08,7.000e-01,-1.400e-01,223.0,,,0.59,0.59,-0.14,11.10,,,5381.00,171.00,-143.00,4.575,0.024,-0.221,0.8110,0.2700,-0.0570,294.999330,44.213531,15.650
11442793,K00351.07,Kepler-90 f,CONFIRMED,CANDIDATE,0.9950,0,0,0,0,124.922516000,2.8160000e-03,-2.8160000e-03,129.7295000,2.160000e-02,-2.160000e-02,0.9430,0.0280,-0.6450,11.94200,0.45100,-0.45100,4.9870e+02,2.160e+01,-2.160e+01,3.37,5.500e-01,-4.500e-01,407.0,,,6.45,2.92,-2.01,24.40,5,q1_q17_dr25_tce,5970.00,107.00,-131.00,4.317,0.110,-0.121,1.2000,0.1950,-0.1600,284.433500,49.305161,13.804
3344427,K03764.01,,FALSE POSITIVE,FALSE POSITIVE,0.0000,1,0,0,0,1.303570451,3.2400000e-07,-3.2400000e-07,146.1459850,2.770000e-04,-2.770000e-04,0.5480,0.0270,-0.0230,2.28163,0.00616,-0.00616,3.3234e+05,7.230e+02,-7.230e+02,235.58,1.307e+02,-7.040e+01,2720.0,,,12920.56,22282.74,-7126.36,573.20,1,q1_q17_dr25_tce,4884.00,148.00,-111.00,3.279,0.320,-0.320,3.5840,1.9890,-1.0710,292.002380,38.435200,15.832
6205481,K03774.01,,FALSE POSITIVE,FALSE POSITIVE,,1,0,1,0,3.722772640,2.2890000e-05,-2.2890000e-05,136.5175700,5.620000e-03,-5.620000e-03,1.2672,0.3721,-0.0945,15.86900,0.33100,-0.33100,1.1146e+03,1.680e+01,-1.680e+01,22.78,4.340e+00,-1.660e+00,945.0,,,188.82,122.78,-47.06,58.10,,,5333.00,207.00,-178.00,4.633,0.033,-0.107,0.6880,0.1310,-0.0500,291.986180,41.557030,15.673
4474637,K03829.01,,FALSE POSITIVE,FALSE POSITIVE,0.0000,0,1,0,0,3.886730304,9.6260000e-06,-9.6260000e-06,135.0201000,2.730000e-03,-2.730000e-03,0.0000,0.0320,0.0000,16.17230,0.07360,-0.07360,3.7242e+05,1.728e+03,-1.728e+03,61.58,0.000e+00,0.000e+00,1158.0,,,424.65,0.00,0.00,280.60,1,q1_q17_dr25_tce,5780.00,,,4.438,,,1.0000,,,294.340790,39.563118,16.810
8435232,K03833.01,,FALSE POSITIVE,FALSE POSITIVE,0.0000,0,1,0,0,49.574015400,3.8340000e-04,-3.8340000e-04,201.9717700,5.870000e-03,-5.870000e-03,0.4720,0.0370,-0.0830,63.19600,0.47200,-0.47200,8.7729e+03,5.110e+01,-5.110e+01,5.01,5.300e-01,-7.900e-01,280.0,,,1.46,0.56,-0.58,200.60,1,q1_q17_dr25_tce,4040.00,129.00,-158.00,4.714,0.084,-0.039,0.5270,0.0550,-0.0830,293.534090,44.477085,13.534
6462874,K01231.02,,FALSE POSITIVE,FALSE POSITIVE,0.0000,0,0,1,1,10.423608210,8.5770000e-05,-8.5770000e-05,138.0150400,7.620000e-03,-7.620000e-03,0.0010,0.4550,-0.0010,5.40400,0.19900,-0.19900,8.7830e+02,4.780e+01,-4.780e+01,1.67,1.300e-01,-1.700e-01,515.0,,,16.64,4.78,-4.94,18.70,3,q1_q17_dr25_tce,4260.00,115.00,-140.00,4.663,0.060,-0.024,0.5800,0.0440,-0.0600,297.335630,41.890480,15.719
8218379,K01920.02,,CANDIDATE,CANDIDATE,0.8470,0,0,0,0,10.138469100,1.9190000e-04,-1.9190000e-04,137.7149000,1.290000e-02,-1.290000e-02,0.2070,0.2630,-0.2070,4.02600,0.41700,-0.41700,9.2800e+01,1.230e+01,-1.230e+01,0.74,1.600e-01,-5.000e-02,723.0,,,64.55,42.03,-15.16,9.10,2,q1_q17_dr25_tce,5483.00,166.00,-149.00,4.589,0.034,-0.136,0.7790,0.1640,-0.0590,285.122040,44.110600,14.640
11450414,K01992.03,Kepler-347 d,CONFIRMED,CANDIDATE,0.0170,0,0,0,0,85.517344000,1.8460000e-03,-1.8460000e-03,181.3510000,1.980000e-02,-1.980000e-02,0.9440,0.0260,-0.6790,9.33100,0.38000,-0.38000,2.7020e+02,2.160e+01,-2.160e+01,3.04,4.500e-01,-7.100e-01,482.0,,,12.75,4.89,-5.70,12.90,3,q1_q17_dr25_tce,5592.00,75.00,-75.00,4.115,0.195,-0.090,1.4510,0.2110,-0.3420,289.199580,49.305721,14.513
5217733,K03155.01,,FALSE POSITIVE,FALSE POSITIVE,0.0000,1,0,0,0,161.252903100,3.2880000e-04,-3.2880000e-04,189.1044600,1.490000e-03,-1.490000e-03,0.2270,0.0250,-0.0430,24.37110,0.07190,-0.07190,9.4008e+04,1.850e+02,-1.850e+02,59.07,2.744e+01,-1.179e+01,652.0,,,42.81,59.83,-20.30,576.60,1,q1_q17_dr25_tce,9341.00,263.00,-451.00,4.222,0.105,-0.245,1.8700,0.8690,-0.3730,298.936460,40.391750,7.391
4150611,K03156.01,,FALSE POSITIVE,FALSE POSITIVE,1.0000,0,1,0,0,0.761119678,3.6720000e-06,-3.6720000e-06,131.6898600,3.990000e-03,-3.990000e-03,1.1290,20.8000,-0.1790,1.43000,0.25900,-0.25900,1.1120e+03,1.540e+02,-1.540e+02,27.81,6.870e+00,-1.117e+01,2977.0,,,18660.94,13763.80,-12869.27,9.70,4,q1_q17_dr25_tce,6911.00,194.00,-242.00,4.038,0.406,-0.145,1.5010,0.3710,-0.6030,289.742490,39.267059,7.899
4150611,K03156.04,,FALSE POSITIVE,FALSE POSITIVE,0.0000,0,1,0,0,94.212787000,1.5470000e-03,-1.5470000e-03,196.3636000,1.710000e-02,-1.710000e-02,0.0010,64.0000,-0.8620,14.48000,2.70000,-2.70000,5.5654e+04,1.033e+03,-1.033e+03,35.89,8.870e+00,-1.442e+01,597.0,,,30.09,22.19,-20.75,112.30,3,q1_q17_dr25_tce,6911.00,194.00,-242.00,4.038,0.406,-0.145,1.5010,0.3710,-0.6030,289.742490,39.267059,7.899
5706592,K06618.01,,CANDIDATE,CANDIDATE,,0,0,0,0,8.604085800,1.7640000e-04,-1.7640000e-04,138.1630000,1.540000e-02,-1.540000e-02,0.4146,0.0848,-0.4145,3.01000,1.10000,-1.10000,8.7600e+01,4.020e+01,-4.020e+01,0.94,3.000e-01,-9.000e-02,947.0,,,189.96,175.18,-52.48,6.40,1,q1_q17_dr24_tce,6250.00,164.00,-196.00,4.472,0.048,-0.048,0.9860,0.3120,-0.0920,292.170290,40.907162,15.173
5716244,K06619.01,,FALSE POSITIVE,FALSE POSITIVE,0.6720,0,1,0,0,1.330333096,2.8200000e-07,-2.8200000e-07,132.7855550,1.760000e-04,-1.760000e-04,0.6920,0.0040,-0.0020,5.04500,0.01500,-0.01500,6.1867e+04,1.270e+02,-1.270e+02,24.30,6.620e+00,-2.360e+00,1634.0,,,1691.25,1366.66,-495.34,700.50,1,q1_q17_dr25_tce,5984.00,167.00,-209.00,4.521,0.048,-0.192,0.9060,0.2470,-0.0880,294.960270,40.986980,15.423
5725851,K06620.01,,FALSE POSITIVE,FALSE POSITIVE,0.0000,1,0,0,1,1.140133012,4.7910000e-06,-4.7910000e-06,132.3407700,3.390000e-03,-3.390000e-03,1.1810,0.0370,-0.1610,9.25100,0.40400,-0.40400,2.2320e+02,4.800e+00,-4.800e+00,126.77,3.255e+01,-6.511e+01,4370.0,,,86385.22,65994.82,-68659.66,63.40,1,q1_q17_dr25_tce,6715.00,188.00,-235.00,3.211,0.488,-0.122,5.9700,1.5330,-3.0660,297.131160,40.921341,13.411
5731312,K06621.01,,FALSE POSITIVE,FALSE POSITIVE,0.0000,0,1,0,0,7.946367138,4.7800000e-07,-4.7800000e-07,135.0947711,4.390000e-05,-4.390000e-05,0.6360,0.0190,-0.0170,2.58667,0.00240,-0.00240,2.7809e+05,1.240e+02,-1.240e+02,36.01,2.580e+00,-2.580e+00,629.0,,,36.92,10.77,-8.73,1228.90,1,q1_q17_dr25_tce,4789.00,143.00,-143.00,4.678,0.052,-0.032,0.5730,0.0410,-0.0410,298.251830,40.903530,13.811
5735878,K06622.01,,FALSE POSITIVE,FALSE POSITIVE,0.0000,0,1,0,0,16.832079803,6.9900000e-07,-6.9900000e-07,133.1746947,3.510000e-05,-3.510000e-05,0.2180,0.0270,-0.0080,7.79748,0.00285,-0.00285,4.8375e+04,1.130e+01,-1.130e+01,61.35,1.305e+01,-2.423e+01,1243.0,,,565.17,359.40,-381.98,5156.60,1,q1_q17_dr25_tce,6300.00,170.00,-189.00,3.646,0.322,-0.115,2.7550,0.5860,-1.0880,299.161740,40.927010,13.125
5736461,K06623.01,,FALSE POSITIVE,FALSE POSITIVE,0.0000,1,0,0,0,7.346159047,5.6600000e-07,-5.6600000e-07,136.8912771,6.360000e-05,-6.360000e-05,0.9450,0.0300,-0.0280,6.59740,0.00336,-0.00336,1.2181e+05,4.600e+01,-4.600e+01,44.48,1.136e+01,-3.790e+00,835.0,,,114.57,88.79,-29.72,2541.20,1,q1_q17_dr25_tce,5616.00,169.00,-169.00,4.574,0.042,-0.168,0.8100,0.2070,-0.0690,299.271700,40.972389,15.630
5737869,K06624.01,,FALSE POSITIVE,FALSE POSITIVE,0.1120,0,0,1,0,26.240243800,3.8540000e-04,-3.8540000e-04,151.5242000,1.460000e-02,-1.460000e-02,0.3600,0.1000,-0.3600,3.02400,0.39100,-0.39100,1.7400e+02,2.830e+01,-2.830e+01,1.16,2.700e-01,-1.800e-01,583.0,,,27.36,19.36,-10.08,7.90,1,q1_q17_dr25_tce,5649.00,169.00,-169.00,4.450,0.120,-0.165,0.8750,0.2030,-0.1360,299.555390,40.996132,14.680
5771589,K06625.01,,FALSE POSITIVE,FALSE POSITIVE,0.0000,0,1,0,0,10.738427243,6.7840000e-06,-6.7840000e-06,139.8939620,4.810000e-04,-4.810000e-04,0.0360,0.2630,-0.0360,2.35440,0.01680,-0.01680,1.6842e+03,1.660e+01,-1.660e+01,6.96,1.390e+00,-2.070e+00,1137.0,,,394.40,238.47,-221.07,112.80,1,q1_q17_dr25_tce,6180.00,173.00,-173.00,4.007,0.292,-0.117,1.6860,0.3350,-0.5030,284.585510,41.009579,11.809
8364232,K07882.01,,CANDIDATE,CANDIDATE,0.5290,0,0,0,0,65.415183000,1.2680000e-03,-1.2680000e-03,140.2325000,1.640000e-02,-1.640000e-02,0.3770,0.0820,-0.3770,4.22400,0.56100,-0.56100,4.1710e+02,5.670e+01,-5.670e+01,1.31,8.000e-02,-1.200e-01,295.0,,,1.79,0.49,-0.47,8.90,1,q1_q17_dr25_tce,4348.00,130.00,-130.00,4.620,0.049,-0.021,0.6460,0.0410,-0.0560,291.312810,44.381920,15.559
6670742,K06753.01,,CANDIDATE,CANDIDATE,,0,0,0,0,72.281980000,1.1880000e-03,-1.1880000e-03,156.7530000,1.630000e-02,-1.630000e-02,0.2405,0.2332,-0.2405,2.47800,0.74800,-0.74800,1.2650e+03,3.760e+02,-3.760e+02,13.11,1.980e+00,-4.570e+00,984.0,,,221.28,106.93,-141.89,5.40,3,q1_q17_dr24_tce,7694.00,221.00,-315.00,3.631,0.274,-0.274,3.6270,0.5470,-1.2650,284.332610,42.127090,9.277
6672229,K06754.01,,FALSE POSITIVE,FALSE POSITIVE,0.0000,0,1,0,0,23.832382513,2.0080000e-06,-2.0080000e-06,143.2182023,6.810000e-05,-6.810000e-05,0.6640,0.0080,-0.0080,7.06068,0.00358,-0.00358,2.7900e+05,1.200e+02,-1.200e+02,63.78,1.882e+01,-7.520e+00,623.0,,,35.58,30.78,-11.36,2389.20,1,q1_q17_dr25_tce,5722.00,154.00,-188.00,4.454,0.067,-0.202,1.0000,0.2950,-0.1180,284.941070,42.113159,15.581
6676725,K06755.01,,FALSE POSITIVE,FALSE POSITIVE,0.0000,0,1,1,0,1.428766771,,,132.1908553,,,0.3540,,,3.97530,,,9.2200e+01,,,1.01,3.000e-01,-1.100e-01,1737.0,,,2157.42,1901.51,-665.43,3.60,1,q1_q17_dr25_tce,6197.00,172.00,-216.00,4.449,0.050,-0.200,1.0350,0.3090,-0.1110,286.926910,42.108849,14.701
6695622,K06756.01,,FALSE POSITIVE,FALSE POSITIVE,,0,0,1,0,14.556742700,1.0120000e-04,-1.0120000e-04,135.6994000,5.600000e-03,-5.600000e-03,0.4308,0.0832,-0.4308,1.42100,0.41200,-0.41200,1.8510e+02,4.900e+01,-4.900e+01,1.38,5.100e-01,-1.300e-01,783.0,,,89.02,94.78,-24.63,8.90,1,q1_q17_dr24_tce,6153.00,154.00,-196.00,4.471,0.046,-0.046,0.9930,0.3650,-0.0920,293.042480,42.112320,14.927
6695889,K06757.01,,FALSE POSITIVE,FALSE POSITIVE,0.0010,0,1,0,0,1.106560721,1.3200000e-07,-1.3200000e-07,132.3745985,9.890000e-05,-9.890000e-05,0.5310,0.1870,-0.0600,2.64151,0.00370,-0.00370,2.5368e+05,4.680e+02,-4.680e+02,47.63,1.397e+01,-4.370e+00,1782.0,,,2382.70,2068.44,-677.61,643.60,1,q1_q17_dr25_tce,6205.00,174.00,-217.00,4.534,0.048,-0.204,0.8730,0.2560,-0.0800,293.107420,42.122589,15.415
6697716,K06758.01,,FALSE POSITIVE,FALSE POSITIVE,0.0000,0,1,0,0,0.721624431,1.0500000e-07,-1.0500000e-07,131.8596720,1.210000e-04,-1.210000e-04,0.8550,0.0400,-0.0320,2.54242,0.00612,-0.00612,1.5775e+05,2.410e+02,-2.410e+02,40.61,4.940e+00,-4.030e+00,1604.0,,,1560.97,647.76,-438.96,514.40,1,q1_q17_dr25_tce,5067.00,151.00,-151.00,4.565,0.071,-0.065,0.7150,0.0870,-0.0710,293.594670,42.143082,14.424
6697976,K06759.01,,CANDIDATE,CANDIDATE,,0,0,0,0,371.709657090,,,163.4814151,,,,,,4.65000,,,,,,,,,,,,,,,,1,q1_q17_dr24_tce,,,,,,,,,,293.663300,42.113079,14.936
6698670,K06760.01,,FALSE POSITIVE,FALSE POSITIVE,0.0000,0,1,0,0,10.815890540,3.3200000e-07,-3.3200000e-07,139.7935811,2.550000e-05,-2.550000e-05,0.2190,0.0680,-0.0480,4.73495,0.00302,-0.00302,4.5400e+04,1.310e+01,-1.310e+01,32.48,6.870e+00,-8.400e+00,1086.0,,,328.64,208.24,-166.81,4313.40,1,q1_q17_dr25_tce,6269.00,170.00,-170.00,4.109,0.228,-0.123,1.5080,0.3190,-0.3900,293.838260,42.122211,12.960
7541746,K06886.01,,FALSE POSITIVE,FALSE POSITIVE,0.0000,1,0,0,0,4.174707200,,,134.6040000,,,,,,11.13000,,,,,,,,,,,,1914.16,3045.94,-1004.18,,1,q1_q17_dr25_tce,,,,,,,,,,295.635310,43.115688,12.472
7584778,K06887.01,,FALSE POSITIVE,FALSE POSITIVE,0.0000,0,0,0,1,0.622303871,6.9350000e-06,-6.9350000e-06,132.0916000,1.150000e-02,-1.150000e-02,0.3380,0.1300,-0.3380,1.84000,0.28000,-0.28000,8.0900e+01,9.400e+00,-9.400e+00,0.77,1.700e-01,-1.100e-01,2032.0,,,4050.15,2595.68,-1434.70,9.90,1,q1_q17_dr25_tce,5672.00,170.00,-153.00,4.447,0.140,-0.155,0.8530,0.1770,-0.1290,282.315120,43.266312,14.519
7588436,K06888.01,,FALSE POSITIVE,FALSE POSITIVE,,1,0,0,0,23.392406300,3.8390000e-04,-3.8390000e-04,139.7612000,1.530000e-02,-1.530000e-02,0.3153,0.1412,-0.3153,3.41600,0.44300,-0.44300,6.2300e+01,9.400e+00,-9.400e+00,0.84,3.700e-01,-9.000e-02,701.0,,,57.23,73.47,-16.87,8.10,1,q1_q17_dr24_tce,6221.00,150.00,-183.00,4.400,0.074,-0.074,1.0500,0.4630,-0.1140,284.171720,43.200809,12.845
7592529,K06889.01,,CANDIDATE,CANDIDATE,,0,0,0,0,75.906736000,3.8780000e-03,-3.8780000e-03,185.6963000,4.080000e-02,-4.080000e-02,0.0506,0.4031,-0.0506,11.64000,1.60000,-1.60000,2.6900e+01,4.800e+00,-4.800e+00,0.63,2.300e-01,-1.200e-01,507.0,,,15.65,16.64,-6.60,9.20,1,q1_q17_dr24_tce,6140.00,151.00,-170.00,4.248,0.189,-0.189,1.2060,0.4440,-0.2360,286.142910,43.236351,11.649
7592922,K06890.01,,CANDIDATE,CANDIDATE,0.9520,0,0,0,0,2.158889110,1.5620000e-05,-1.5620000e-05,131.9775200,6.300000e-03,-6.300000e-03,0.2240,0.2500,-0.2240,1.79100,0.20500,-0.20500,1.0240e+02,1.240e+01,-1.240e+01,0.72,1.000e-01,-7.000e-02,1130.0,,,384.49,175.63,-95.37,9.90,1,q1_q17_dr25_tce,5269.00,142.00,-142.00,4.627,0.036,-0.084,0.7130,0.1030,-0.0600,286.330690,43.267929,15.377
7597703,K06891.01,,FALSE POSITIVE,FALSE POSITIVE,0.0000,0,1,0,0,4.608901433,4.0400000e-07,-4.0400000e-07,133.9949845,7.310000e-05,-7.310000e-05,0.3860,0.0030,-0.0010,8.73393,0.00391,-0.00391,3.7855e+05,2.720e+02,-2.720e+02,48.72,1.020e+01,-3.420e+00,1007.0,,,242.90,152.41,-54.77,2624.60,1,q1_q17_dr25_tce,5938.00,161.00,-161.00,4.605,0.036,-0.153,0.7550,0.1580,-0.0530,288.374110,43.294319,15.322
7602351,K06892.01,,CANDIDATE,CANDIDATE,0.7860,0,0,0,0,17.580602600,5.3890000e-04,-5.3890000e-04,148.6715000,2.760000e-02,-2.760000e-02,0.8790,0.1050,-0.6140,4.17000,0.60900,-0.60900,1.3880e+02,2.230e+01,-2.230e+01,1.87,2.900e-01,-3.500e-01,816.0,,,104.96,42.51,-39.51,8.40,1,q1_q17_dr25_tce,5839.00,79.00,-79.00,4.199,0.169,-0.104,1.3580,0.2090,-0.2560,290.120880,43.243610,14.989
7605600,K06893.01,,FALSE POSITIVE,FALSE POSITIVE,0.0000,0,1,0,0,3.326193904,4.1200000e-07,-4.1200000e-07,133.3297740,1.040000e-04,-1.040000e-04,0.0010,0.1460,-0.0010,2.08375,0.00683,-0.00683,1.7847e+05,3.470e+02,-3.470e+02,14.72,1.260e+00,-1.440e+00,521.0,,,17.41,4.25,-3.97,502.00,1,q1_q17_dr25_tce,3520.00,47.00,-47.00,4.906,0.035,-0.032,0.3490,0.0300,-0.0340,291.150670,43.285301,14.888
8312222,K07017.01,,FALSE POSITIVE,FALSE POSITIVE,0.0000,0,1,0,0,12.823275455,7.7300000e-07,-7.7300000e-07,136.1765764,4.890000e-05,-4.890000e-05,0.9300,0.0370,-0.0270,5.32062,0.00229,-0.00229,1.2199e+05,3.710e+01,-3.710e+01,44.29,1.276e+01,-3.970e+00,743.0,,,72.00,62.44,-19.82,2541.70,1,q1_q17_dr25_tce,5973.00,179.00,-197.00,4.562,0.036,-0.204,0.8260,0.2380,-0.0740,296.117400,44.232841,15.626
8314801,K07018.01,,FALSE POSITIVE,FALSE POSITIVE,0.0000,0,1,0,0,37.183276326,5.6980000e-06,-5.6980000e-06,158.6457580,1.230000e-04,-1.230000e-04,0.0030,0.0030,-0.0030,14.09960,0.00541,-0.00541,2.2120e+05,9.910e+01,-9.910e+01,55.00,1.634e+01,-1.474e+01,594.0,,,29.41,26.25,-15.28,2648.40,1,q1_q17_dr25_tce,5657.00,169.00,-152.00,4.230,0.294,-0.196,1.1680,0.3470,-0.3130,296.873200,44.241341,13.840
8316503,K07019.01,,FALSE POSITIVE,FALSE POSITIVE,0.0000,0,1,0,0,5.065329723,1.2900000e-07,-1.2900000e-07,134.9819163,2.100000e-05,-2.100000e-05,0.7250,0.0120,-0.0070,4.90392,0.00071,-0.00071,1.5561e+05,2.400e+01,-2.400e+01,60.35,1.694e+01,-1.234e+01,1315.0,,,705.60,580.75,-314.53,5497.00,1,q1_q17_dr25_tce,6350.00,170.00,-207.00,4.233,0.185,-0.185,1.2860,0.3610,-0.2630,297.297820,44.281658,13.955
8330575,K07020.01,,FALSE POSITIVE,FALSE POSITIVE,0.0000,0,1,0,0,0.957079167,3.6000000e-08,-3.6000000e-08,131.7737065,3.090000e-05,-3.090000e-05,1.1350,0.0140,-0.0240,3.85011,0.00094,-0.00094,4.8674e+04,2.070e+01,-2.070e+01,72.76,1.992e+01,-1.993e+01,2441.0,,,8421.62,6809.43,-4548.45,3062.60,1,q1_q17_dr25_tce,6367.00,175.00,-214.00,4.133,0.252,-0.168,1.4680,0.4020,-0.4020,301.020900,44.232239,13.484
8345358,K07021.01,,FALSE POSITIVE,FALSE POSITIVE,0.0000,0,1,0,0,9.380632783,1.0660000e-06,-1.0660000e-06,132.5586444,9.250000e-05,-9.250000e-05,1.0840,0.0610,-0.0710,4.29500,0.00467,-0.00467,6.5833e+04,5.700e+01,-5.700e+01,46.72,1.331e+01,-4.450e+00,846.0,,,120.99,98.43,-34.36,1053.10,1,q1_q17_dr25_tce,5926.00,141.00,-195.00,4.519,0.048,-0.192,0.9130,0.2600,-0.0870,282.116390,44.373489,15.435
8358008,K07022.01,,FALSE POSITIVE,FALSE POSITIVE,0.0000,0,1,0,0,10.064687893,1.9230000e-06,-1.9230000e-06,135.2510880,1.570000e-04,-1.570000e-04,1.2610,0.0660,-0.0630,3.59854,0.00746,-0.00746,1.0088e+04,1.850e+01,-1.850e+01,30.11,3.200e+00,-3.210e+00,679.0,,,50.11,18.95,-14.25,585.40,1,q1_q17_dr25_tce,5185.00,156.00,-140.00,4.571,0.077,-0.056,0.7050,0.0750,-0.0750,288.966400,44.356930,14.674
8362974,K07023.01,,CANDIDATE,CANDIDATE,1.0000,0,0,0,0,2.717723230,3.9650000e-05,-3.9650000e-05,133.9451000,1.370000e-02,-1.370000e-02,0.1970,0.2660,-0.1970,3.22000,0.72600,-0.72600,7.0300e+01,1.040e+01,-1.040e+01,0.72,3.000e-02,-7.000e-02,1123.0,,,375.05,66.46,-80.72,9.30,1,q1_q17_dr25_tce,5135.00,84.00,-77.00,4.464,0.090,-0.036,0.8740,0.0440,-0.0760,290.859710,44.350922,14.520
8364119,K07024.01,,FALSE POSITIVE,FALSE POSITIVE,0.0000,0,1,0,0,7.735910110,2.9300000e-07,-2.9300000e-07,137.9876592,3.090000e-05,-3.090000e-05,0.6130,0.0050,-0.0050,5.01919,0.00089,-0.00089,3.1513e+05,2.570e+01,-2.570e+01,50.46,1.117e+01,-3.710e+00,806.0,,,99.92,65.95,-23.04,3786.70,1,q1_q17_dr25_tce,5623.00,152.00,-152.00,4.596,0.036,-0.144,0.7630,0.1690,-0.0560,291.273770,44.371239,12.408
9278021,K07152.01,,FALSE POSITIVE,FALSE POSITIVE,0.0000,0,1,0,0,3.359470825,4.5600000e-07,-4.5600000e-07,133.9523720,1.110000e-04,-1.110000e-04,1.2810,0.1870,-0.0920,2.14715,0.00460,-0.00460,2.7078e+03,3.900e+00,-3.900e+00,129.93,2.273e+01,-5.306e+01,2421.0,,,8125.70,4341.07,-5635.01,504.10,1,q1_q17_dr25_tce,6587.00,176.00,-215.00,3.531,0.360,-0.112,3.5140,0.6150,-1.4350,290.650090,45.782429,12.983
9284741,K07153.01,,FALSE POSITIVE,FALSE POSITIVE,0.0000,0,1,0,0,20.729255112,1.4600000e-06,-1.4600000e-06,134.5503400,5.690000e-05,-5.690000e-05,0.5750,0.0030,-0.0070,7.53677,0.00294,-0.00294,3.4197e+05,1.050e+02,-1.050e+02,53.87,8.060e+00,-6.580e+00,567.0,,,24.47,11.93,-7.57,2957.70,1,q1_q17_dr25_tce,5256.00,158.00,-142.00,4.502,0.100,-0.137,0.8020,0.1200,-0.0980,293.425420,45.760849,14.807
9286728,K07154.01,,FALSE POSITIVE,FALSE POSITIVE,0.0000,0,0,0,1,3.044597390,4.5910000e-05,-4.5910000e-05,132.4989000,1.530000e-02,-1.530000e-02,0.3850,0.0930,-0.3850,7.63800,0.33800,-0.33800,6.6100e+01,4.200e+00,-4.200e+00,0.62,1.100e-01,-5.000e-02,1076.0,,,317.36,179.87,-79.26,18.20,1,q1_q17_dr25_tce,5525.00,148.00,-165.00,4.603,0.037,-0.120,0.7530,0.1410,-0.0600,294.155030,45.707230,14.567
9291368,K07155.01,,FALSE POSITIVE,FALSE POSITIVE,0.0000,0,1,0,0,3.796448299,9.9940000e-06,-9.9940000e-06,131.3703700,3.700000e-03,-3.700000e-03,0.2490,0.0050,-0.0040,11.59170,0.01030,-0.01030,5.2288e+05,6.330e+02,-6.330e+02,232.39,2.044e+01,-1.090e+02,2577.0,,,10412.56,3508.68,-7931.36,1487.20,1,q1_q17_dr25_tce,8117.00,251.00,-334.00,3.748,0.442,-0.078,3.0700,0.2700,-1.4400,295.826170,45.787640,14.005
9291368,K07155.02,,FALSE POSITIVE,FALSE POSITIVE,0.0000,0,1,0,0,3.796543670,6.1140000e-05,-6.1140000e-05,133.2353000,2.260000e-02,-2.260000e-02,1.0810,0.0690,-0.0700,11.40710,0.05490,-0.05490,7.0781e+04,3.040e+02,-3.040e+02,159.34,1.401e+01,-7.474e+01,2577.0,,,10412.56,3508.68,-7931.36,283.70,2,q1_q17_dr25_tce,8117.00,251.00,-334.00,3.748,0.442,-0.078,3.0700,0.2700,-1.4400,295.826170,45.787640,14.005
9291748,K07156.01,,FALSE POSITIVE,FALSE POSITIVE,0.0000,0,1,0,0,15.926990634,1.6390000e-06,-1.6390000e-06,144.4526221,8.660000e-05,-8.660000e-05,1.3680,0.0110,-0.0230,11.51420,0.00848,-0.00848,3.9423e+05,1.680e+02,-1.680e+02,93.94,8.240e+00,-8.240e+00,566.0,,,24.16,8.02,-6.36,3458.30,1,q1_q17_dr25_tce,5191.00,156.00,-156.00,4.615,0.071,-0.044,0.6500,0.0570,-0.0570,295.947050,45.741562,15.538
9301564,K07157.01,,CANDIDATE,CANDIDATE,0.5500,0,0,0,0,23.983052300,9.7880000e-04,-9.7880000e-04,136.7741000,3.130000e-02,-3.130000e-02,0.0960,0.3480,-0.0960,8.77000,1.70000,-1.70000,8.3200e+01,7.500e+00,-7.500e+00,1.17,3.300e-01,-3.600e-01,718.0,,,62.83,52.92,-35.89,11.30,2,q1_q17_dr25_tce,5696.00,169.00,-152.00,4.178,0.312,-0.168,1.2920,0.3620,-0.3990,298.805570,45.759998,13.863
9304561,K07158.01,,FALSE POSITIVE,FALSE POSITIVE,,0,0,0,1,1.219049953,8.3300000e-06,-8.3300000e-06,132.0945500,5.700000e-03,-5.700000e-03,0.0517,0.4028,-0.0515,1.47700,0.19200,-0.19200,5.3500e+01,6.700e+00,-6.700e+00,2.48,9.600e-01,-1.350e+00,2948.0,,,17862.90,22204.71,-14919.79,10.10,1,q1_q17_dr24_tce,5742.00,222.00,-313.00,3.521,0.521,-0.521,3.3740,1.3100,-1.8420,299.682710,45.711330,13.920
9328852,K07159.01,,FALSE POSITIVE,FALSE POSITIVE,0.0000,1,0,0,0,0.645851770,4.6000000e-08,-4.6000000e-08,131.8891360,5.890000e-05,-5.890000e-05,1.1380,0.1610,-0.1690,1.97644,0.00624,-0.00624,3.0850e+05,1.700e+02,-1.700e+02,51.10,3.200e+00,-6.070e+00,1234.0,,,543.24,142.93,-178.13,808.30,2,q1_q17_dr25_tce,4399.00,125.00,-156.00,4.788,0.075,-0.030,0.4630,0.0290,-0.0550,284.997130,45.886688,15.330
10089123,K07283.01,,CANDIDATE,CANDIDATE,,0,0,0,0,134.413808000,4.7970000e-03,-4.7970000e-03,227.9768000,2.700000e-02,-2.700000e-02,0.1857,0.2759,-0.1857,13.90700,0.85400,-0.85400,2.0610e+02,2.000e+01,-2.000e+01,1.69,8.600e-01,-2.300e-01,391.0,,,5.51,8.34,-2.07,12.50,1,q1_q17_dr24_tce,6013.00,162.00,-252.00,4.370,0.083,-0.083,1.1870,0.5970,-0.1660,296.898280,47.081059,14.262
10091257,K07284.01,,FALSE POSITIVE,FALSE POSITIVE,0.0000,0,1,0,0,1.701923710,4.2200000e-07,-4.2200000e-07,131.9554980,1.940000e-04,-1.940000e-04,0.9060,0.4010,-0.0460,3.02710,0.01210,-0.01210,4.9833e+04,1.680e+02,-1.680e+02,40.15,6.650e+00,-6.650e+00,1704.0,,,1993.63,863.01,-678.50,351.10,1,q1_q17_dr25_tce,5826.00,78.00,-78.00,4.273,0.125,-0.112,1.2620,0.2090,-0.2090,297.509860,47.054489,12.533
10093664,K07285.01,,FALSE POSITIVE,FALSE POSITIVE,0.0000,1,0,0,0,1.206939630,9.4770000e-06,-9.4770000e-06,132.6395300,6.300000e-03,-6.300000e-03,0.7010,0.0300,-0.5230,6.88100,0.20800,-0.20800,2.0000e+01,1.100e+00,-1.100e+00,0.97,2.600e-01,-2.200e-01,2847.0,,,15568.09,12398.10,-7974.37,24.30,1,q1_q17_dr25_tce,7331.00,228.00,-330.00,4.041,0.170,-0.170,2.0410,0.5320,-0.4780,298.200290,47.062920,12.317
10095512,K07286.01,,FALSE POSITIVE,FALSE POSITIVE,0.0000,0,1,0,0,3.008602107,6.0400000e-07,-6.0400000e-07,132.9230230,1.530000e-04,-1.530000e-04,0.9480,0.0210,-0.0200,4.34296,0.00886,-0.00886,1.2027e+05,2.840e+02,-2.840e+02,56.15,1.636e+01,-8.810e+00,1343.0,,,768.47,657.38,-284.91,502.00,1,q1_q17_dr25_tce,6033.00,163.00,-181.00,4.398,0.108,-0.201,1.0260,0.2990,-0.1610,298.716550,47.014519,13.053
10098534,K07287.01,,FALSE POSITIVE,FALSE POSITIVE,,1,0,0,0,41.811450000,7.0410000e-03,-7.0410000e-03,166.5262000,4.220000e-02,-4.220000e-02,0.0121,0.8093,-0.0121,2.20800,0.80100,-0.80100,3.0200e+02,1.384e+04,-1.384e+04,1.40,7.000e-01,-1.700e-01,483.0,,,12.88,20.17,-4.06,5.90,1,q1_q17_dr24_tce,5593.00,196.00,-152.00,4.478,0.109,-0.109,0.8120,0.4020,-0.1020,299.583530,47.022888,15.017
10129482,K07288.01,,FALSE POSITIVE,FALSE POSITIVE,0.0000,0,1,0,0,0.846291334,4.3000000e-08,-4.3000000e-08,132.1935855,4.230000e-05,-4.230000e-05,0.7790,0.0470,-0.0300,1.79962,0.00338,-0.00338,1.9019e+05,0.000e+00,0.000e+00,30.80,1.820e+00,-1.990e+00,1243.0,,,562.86,147.63,-126.97,1049.30,1,q1_q17_dr25_tce,4627.00,139.00,-139.00,4.721,0.048,-0.028,0.5260,0.0310,-0.0340,286.840360,47.173309,15.994
10155080,K07289.01,,FALSE POSITIVE,FALSE POSITIVE,0.0000,0,1,0,0,1.930451347,3.5200000e-07,-3.5200000e-07,131.7707480,1.400000e-04,-1.400000e-04,1.1210,0.1020,-0.0800,3.87956,0.00810,-0.00810,5.3075e+04,9.610e+01,-9.610e+01,58.77,1.992e+01,-6.640e+00,1623.0,,,1637.68,1684.78,-557.25,602.30,1,q1_q17_dr25_tce,6154.00,193.00,-265.00,4.399,0.070,-0.210,1.1680,0.3960,-0.1320,296.698580,47.137741,13.017
10156064,K07290.01,,FALSE POSITIVE,FALSE POSITIVE,0.0000,0,1,0,0,2.427967843,6.0900000e-07,-6.0900000e-07,133.5987720,1.980000e-04,-1.980000e-04,0.9540,0.0200,-0.0190,4.78470,0.01200,-0.01200,1.2698e+05,3.290e+02,-3.290e+02,108.33,3.046e+01,-2.030e+01,2275.0,,,6328.22,5269.33,-2809.79,472.80,1,q1_q17_dr25_tce,7652.00,214.00,-322.00,4.104,0.135,-0.165,1.9210,0.5400,-0.3600,296.993410,47.146648,10.367
8555967,K07894.01,,CANDIDATE,CANDIDATE,0.8370,0,0,0,0,347.976110000,1.2680000e-02,-1.2680000e-02,169.4330000,3.050000e-02,-3.050000e-02,0.0570,0.3830,-0.0570,16.77000,1.10000,-1.10000,3.4130e+02,3.490e+01,-3.490e+01,1.62,4.900e-01,-1.500e-01,253.0,,,0.97,0.87,-0.27,11.90,1,q1_q17_dr25_tce,5995.00,163.00,-181.00,4.536,0.038,-0.200,0.8780,0.2660,-0.0830,290.303100,44.678089,14.648
11198723,K07417.01,,FALSE POSITIVE,FALSE POSITIVE,0.0000,0,1,0,0,6.840305932,4.2400000e-07,-4.2400000e-07,137.5713643,5.100000e-05,-5.100000e-05,1.0940,0.0840,-0.1300,4.32742,0.00366,-0.00366,1.2493e+05,5.060e+01,-5.060e+01,62.08,1.812e+01,-6.020e+00,945.0,,,188.58,161.49,-54.10,2025.70,1,q1_q17_dr25_tce,5970.00,161.00,-197.00,4.521,0.050,-0.200,0.9080,0.2650,-0.0880,295.700440,48.834229,15.445
11199725,K07418.01,,FALSE POSITIVE,FALSE POSITIVE,0.3370,0,0,1,0,1.032967155,7.7730000e-06,-7.7730000e-06,131.9228400,5.700000e-03,-5.700000e-03,0.0250,0.4280,-0.0250,1.17000,0.25600,-0.25600,1.2730e+02,2.160e+01,-2.160e+01,21.22,1.240e+00,-7.060e+00,5990.0,,,304226.71,78019.45,-207674.66,8.30,1,q1_q17_dr25_tce,5283.00,153.00,-429.00,2.352,0.032,-0.025,18.9590,1.1130,-6.3070,296.074920,48.859100,12.698
11200773,K07419.01,,FALSE POSITIVE,FALSE POSITIVE,0.0000,0,1,0,0,2.489550708,4.9000000e-07,-4.9000000e-07,132.0441380,1.650000e-04,-1.650000e-04,1.1850,0.1990,-0.1050,2.84685,0.00873,-0.00873,2.9839e+04,6.950e+01,-6.950e+01,36.91,9.300e+00,-3.110e+00,1281.0,,,636.43,473.53,-158.38,443.60,1,q1_q17_dr25_tce,6018.00,163.00,-163.00,4.569,0.044,-0.176,0.7940,0.2000,-0.0670,296.477360,48.853710,13.669
11228612,K07420.01,,FALSE POSITIVE,FALSE POSITIVE,0.0000,0,1,0,0,2.980479588,1.7800000e-07,-1.7800000e-07,134.4020600,4.970000e-05,-4.970000e-05,0.4790,0.0240,-0.0120,3.72527,0.00164,-0.00164,3.7534e+05,1.480e+02,-1.480e+02,70.52,2.081e+01,-1.125e+01,1370.0,,,833.83,722.33,-312.37,1737.70,1,q1_q17_dr25_tce,6065.00,164.00,-182.00,4.377,0.124,-0.186,1.0470,0.3090,-0.1670,282.607210,48.968250,14.647
11232745,K07421.01,,FALSE POSITIVE,FALSE POSITIVE,0.0000,0,1,0,0,4.817121820,6.6700000e-07,-6.6700000e-07,133.1027600,1.110000e-04,-1.110000e-04,1.2330,0.0090,-0.1410,2.45699,0.00482,-0.00482,3.5756e+04,7.020e+01,-7.020e+01,43.45,8.680e+00,-3.720e+00,922.0,,,170.42,105.47,-44.11,445.30,1,q1_q17_dr25_tce,5419.00,161.00,-161.00,4.581,0.032,-0.128,0.7950,0.1590,-0.0680,285.470640,48.927292,15.973
11233911,K07422.01,,FALSE POSITIVE,FALSE POSITIVE,0.0000,0,1,0,0,2.479948394,8.5200000e-07,-8.5200000e-07,133.6431690,2.770000e-04,-2.770000e-04,0.6700,0.0300,-0.0150,5.72190,0.02040,-0.02040,1.5068e+05,5.170e+02,-5.170e+02,35.62,6.760e+00,-3.120e+00,1169.0,,,441.85,261.24,-111.77,489.60,1,q1_q17_dr25_tce,5391.00,160.00,-144.00,4.539,0.051,-0.119,0.8220,0.1560,-0.0720,286.122680,48.923439,14.742
11234677,K07423.01,,FALSE POSITIVE,FALSE POSITIVE,0.0000,0,1,0,0,1.587426950,1.1200000e-07,-1.1200000e-07,131.9849807,5.630000e-05,-5.630000e-05,0.7180,0.0120,-0.0020,2.66475,0.00216,-0.00216,7.6162e+04,1.140e+02,-1.140e+02,37.64,1.268e+01,-5.430e+00,1893.0,,,3023.98,2879.99,-1061.95,1150.70,1,q1_q17_dr25_tce,6440.00,144.00,-192.00,4.313,0.090,-0.195,1.2410,0.4180,-0.1790,286.617680,48.996811,13.296
11235323,K07424.01,,FALSE POSITIVE,FALSE POSITIVE,0.0000,0,1,0,0,19.668404822,6.1630000e-06,-6.1630000e-06,132.5238580,2.490000e-04,-2.490000e-04,0.0000,0.0030,0.0000,21.17640,0.01230,-0.01230,3.5281e+05,2.270e+02,-2.270e+02,42.91,4.790e+00,-4.300e+00,555.0,,,22.36,8.72,-6.13,1834.50,1,q1_q17_dr25_tce,5260.00,157.00,-141.00,4.560,0.083,-0.060,0.7170,0.0800,-0.0720,287.046570,48.993229,13.486
3765917,K04526.02,,CANDIDATE,CANDIDATE,1.0000,0,0,0,0,11.818728800,1.1480000e-04,-1.1480000e-04,132.5100000,1.010000e-02,-1.010000e-02,0.2820,0.1910,-0.2820,4.01700,0.35800,-0.35800,2.4900e+02,2.200e+01,-2.200e+01,2.09,3.500e-01,-3.800e-01,919.0,,,168.38,73.59,-62.10,10.30,2,q1_q17_dr25_tce,5803.00,78.00,-78.00,4.211,0.162,-0.108,1.3280,0.2220,-0.2440,295.968930,38.867168,15.271
3547760,K04535.02,,CANDIDATE,CANDIDATE,,0,0,0,0,5.789019360,7.8960000e-05,-7.8960000e-05,136.9845000,1.140000e-02,-1.140000e-02,0.1847,0.2588,-0.1846,3.10200,0.32200,-0.32200,1.1030e+02,1.500e+01,-1.500e+01,0.78,1.700e-01,-8.000e-02,849.0,,,122.75,87.99,-33.37,7.80,2,q1_q17_dr24_tce,5289.00,173.00,-142.00,4.546,0.066,-0.066,0.7480,0.1710,-0.0740,292.252840,38.608990,14.791
8652360,K04562.02,,FALSE POSITIVE,FALSE POSITIVE,0.0000,1,0,1,0,0.968065631,6.1150000e-06,-6.1150000e-06,131.9721400,5.540000e-03,-5.540000e-03,0.5180,0.4510,-0.2990,1.77200,0.25900,-0.25900,9.2500e+01,9.300e+00,-9.300e+00,0.68,1.000e-01,-5.000e-02,1487.0,,,1157.58,577.08,-273.07,14.00,1,q1_q17_dr25_tce,5367.00,160.00,-160.00,4.639,0.032,-0.091,0.6870,0.1060,-0.0490,300.235870,44.769520,15.247
5476671,K04598.02,,FALSE POSITIVE,FALSE POSITIVE,0.0000,1,0,1,0,0.824181335,1.4920000e-06,-1.4920000e-06,131.6890600,1.540000e-03,-1.540000e-03,1.1740,1.6120,-0.1600,2.48640,0.09380,-0.09380,2.2470e+02,6.900e+00,-6.900e+00,18.20,5.130e+00,-1.710e+00,1912.0,,,3155.32,2608.45,-860.33,40.20,1,q1_q17_dr25_tce,5977.00,160.00,-178.00,4.514,0.065,-0.195,0.8830,0.2490,-0.0830,298.755280,40.665218,14.638
11290515,K04716.02,,CANDIDATE,CANDIDATE,,0,0,0,0,12.267083060,,,141.2841427,,,,,,2.70000,,,,,,,,,,,,,,,,2,q1_q17_dr24_tce,,,,,,,,,,288.344880,49.021938,12.322
4919550,K04766.02,,FALSE POSITIVE,FALSE POSITIVE,,0,0,1,0,2.452618410,2.1750000e-05,-2.1750000e-05,133.6087900,7.660000e-03,-7.660000e-03,0.3595,0.1057,-0.3595,1.90000,0.22600,-0.22600,8.5500e+01,1.230e+01,-1.230e+01,0.69,1.500e-01,-6.000e-02,1108.0,,,355.92,232.09,-88.94,8.80,2,q1_q17_dr24_tce,5216.00,165.00,-137.00,4.564,0.046,-0.046,0.7510,0.1560,-0.0650,290.467560,40.056438,15.223
8216763,K04838.02,,CANDIDATE,CANDIDATE,0.8040,0,0,0,0,6.333423090,9.8620000e-05,-9.8620000e-05,133.7198000,1.270000e-02,-1.270000e-02,1.1010,71.0400,-2.3330,3.46000,0.63300,-0.63300,1.2330e+02,2.220e+01,-2.220e+01,7.62,6.900e-01,-6.200e-01,625.0,,,36.11,11.53,-9.10,7.50,3,q1_q17_dr25_tce,4352.00,116.00,-129.00,4.671,0.032,-0.042,0.6130,0.0550,-0.0500,284.268590,44.197540,15.073
6767227,K04871.02,,CANDIDATE,CANDIDATE,,0,0,0,0,5.522479000,6.6320000e-05,-6.6320000e-05,133.1184000,1.110000e-02,-1.110000e-02,0.6606,0.0203,-0.4984,2.66600,0.27800,-0.27800,3.3100e+01,4.700e+00,-4.700e+00,0.76,3.500e-01,-1.300e-01,1288.0,,,650.66,871.96,-251.27,8.60,2,q1_q17_dr24_tce,6532.00,159.00,-201.00,4.271,0.135,-0.135,1.2470,0.5710,-0.2070,288.529020,42.276260,13.050
8094120,K04881.02,,FALSE POSITIVE,FALSE POSITIVE,0.0000,0,0,0,1,0.706423768,2.0630000e-06,-2.0630000e-06,132.1522800,2.750000e-03,-2.750000e-03,0.7100,0.2660,-0.4710,1.05970,0.08840,-0.08840,4.6100e+01,3.600e+00,-3.600e+00,1.16,3.400e-01,-3.700e-01,2845.0,,,15425.08,13143.69,-9187.64,15.90,1,q1_q17_dr25_tce,6514.00,181.00,-227.00,4.090,0.258,-0.172,1.5850,0.4570,-0.5030,290.550870,43.994362,12.892
3854496,K06368.01,,CANDIDATE,CANDIDATE,1.0000,0,0,0,0,9.458805400,1.6450000e-04,-1.6450000e-04,136.8156000,1.490000e-02,-1.490000e-02,0.3650,0.0940,-0.3650,3.66000,0.38900,-0.38900,2.7000e+02,3.600e+01,-3.600e+01,1.78,4.900e-01,-2.100e-01,943.0,,,187.04,153.75,-62.88,8.60,1,q1_q17_dr25_tce,6247.00,174.00,-239.00,4.433,0.060,-0.180,1.0660,0.2960,-0.1270,292.564210,38.931129,15.812
3858757,K06369.01,,FALSE POSITIVE,FALSE POSITIVE,,0,0,0,1,25.953449400,8.0780000e-04,-8.0780000e-04,154.8716000,2.800000e-02,-2.800000e-02,0.6188,0.0017,-0.5092,6.00100,0.61000,-0.61000,5.2890e+02,6.350e+01,-6.350e+01,2.06,7.400e-01,-1.500e-01,554.0,,,22.30,24.59,-5.39,10.50,1,q1_q17_dr24_tce,5591.00,181.00,-168.00,4.559,0.024,-0.024,0.8600,0.3100,-0.0640,293.660060,38.964008,15.790
3858767,K06370.01,,FALSE POSITIVE,FALSE POSITIVE,,0,0,0,1,3.495503350,9.2090000e-05,-9.2090000e-05,132.0754000,2.770000e-02,-2.770000e-02,0.0843,0.3691,-0.0842,3.79900,0.45100,-0.45100,6.0900e+01,8.200e+00,-8.200e+00,0.66,2.600e-01,-5.000e-02,1081.0,,,322.80,382.84,-73.27,9.60,1,q1_q17_dr24_tce,5582.00,152.00,-139.00,4.551,0.028,-0.028,0.8500,0.3410,-0.0640,293.661770,38.964748,14.248
3858884,K06371.01,,FALSE POSITIVE,FALSE POSITIVE,0.0000,1,0,0,0,25.951937210,1.1020000e-05,-1.1020000e-05,154.8812530,3.360000e-04,-3.360000e-04,0.5100,0.0100,-0.0110,15.98970,0.02170,-0.02170,3.9917e+05,4.640e+02,-4.640e+02,123.34,3.053e+01,-4.580e+01,904.0,,,157.59,116.98,-103.78,915.30,1,q1_q17_dr25_tce,6569.00,188.00,-236.00,4.008,0.357,-0.153,1.7290,0.4280,-0.6420,293.695430,38.982792,9.277
3936061,K06372.01,,CANDIDATE,CANDIDATE,,0,0,0,0,71.008017000,3.0610000e-03,-3.0610000e-03,140.8650000,3.130000e-02,-3.130000e-02,0.1788,0.2744,-0.1788,5.39500,0.90300,-0.90300,1.7020e+02,3.280e+01,-3.280e+01,1.11,4.800e-01,-1.000e-01,419.0,,,7.27,9.38,-1.84,6.60,1,q1_q17_dr24_tce,5847.00,161.00,-150.00,4.526,0.045,-0.045,0.8490,0.3680,-0.0760,285.278230,39.088428,14.603
3938073,K06373.01,,FALSE POSITIVE,FALSE POSITIVE,0.0000,0,1,0,0,31.024310431,1.5590000e-06,-1.5590000e-06,158.8651537,3.940000e-05,-3.940000e-05,1.0090,0.0170,-0.0180,7.63621,0.00212,-0.00212,9.6480e+04,2.230e+01,-2.230e+01,93.29,1.880e+01,-2.824e+01,783.0,,,88.89,54.05,-50.19,4403.80,1,q1_q17_dr25_tce,6011.00,164.00,-164.00,3.998,0.273,-0.117,1.7410,0.3510,-0.5270,286.154210,39.065708,12.512
3972391,K06374.01,,FALSE POSITIVE,FALSE POSITIVE,,0,1,0,0,0.634131057,5.7960000e-06,-5.7960000e-06,131.7895100,8.150000e-03,-8.150000e-03,0.0891,0.3761,-0.0891,2.85100,0.24100,-0.24100,2.7100e+01,3.000e+00,-3.000e+00,0.58,2.300e-01,-8.000e-02,2488.0,,,9062.53,10254.02,-3119.30,11.70,1,q1_q17_dr24_tce,6428.00,163.00,-201.00,4.345,0.109,-0.109,1.1090,0.4310,-0.1520,295.888430,39.027901,12.939
3972432,K06375.01,,CANDIDATE,CANDIDATE,0.9990,0,0,0,0,2.908051470,5.2320000e-05,-5.2320000e-05,134.3193000,1.440000e-02,-1.440000e-02,0.7710,0.0590,-0.5270,2.81200,0.59100,-0.59100,1.0310e+02,1.600e+01,-1.600e+01,0.97,2.800e-01,-8.000e-02,1220.0,,,523.63,446.86,-130.85,8.30,1,q1_q17_dr25_tce,5889.00,142.00,-177.00,4.543,0.037,-0.213,0.8690,0.2590,-0.0690,295.896510,39.076359,14.557
3973002,K06376.01,,FALSE POSITIVE,FALSE POSITIVE,0.0000,0,1,0,0,1.992098705,1.9300000e-07,-1.9300000e-07,132.8910520,8.060000e-05,-8.060000e-05,1.0690,0.0410,-0.0200,4.03833,0.00379,-0.00379,6.9414e+04,5.250e+01,-5.250e+01,45.85,1.339e+01,-4.490e+00,1435.0,,,1006.31,863.45,-290.16,1186.00,1,q1_q17_dr25_tce,6024.00,163.00,-199.00,4.523,0.050,-0.200,0.9000,0.2630,-0.0880,296.002110,39.000511,14.985
5025217,K06496.01,,FALSE POSITIVE,FALSE POSITIVE,0.0000,1,0,0,0,1.787529210,3.8360000e-05,-3.8360000e-05,132.4646000,2.290000e-02,-2.290000e-02,0.0640,0.4640,-0.0640,5.31500,0.18900,-0.18900,6.2900e+01,4.200e+00,-4.200e+00,5.86,1.530e+00,-2.850e+00,3868.0,,,52997.01,40149.91,-40621.66,16.00,1,q1_q17_dr25_tce,6286.00,157.00,-188.00,3.056,0.435,-0.145,7.3420,1.9230,-3.5720,295.437710,40.120998,11.800
5025234,K06497.01,,FALSE POSITIVE,FALSE POSITIVE,,1,0,0,0,1.775553330,4.2890000e-05,-4.2890000e-05,131.9200000,2.380000e-02,-2.380000e-02,0.9299,0.0253,-0.6658,14.41000,1.10000,-1.10000,8.3500e+01,6.900e+00,-6.900e+00,1.26,7.000e-01,-1.400e-01,1786.0,,,2402.56,3994.21,-732.83,14.10,2,q1_q17_dr24_tce,6594.00,158.00,-219.00,4.390,0.060,-0.060,1.1380,0.6330,-0.1230,295.439360,40.147449,13.335
5025294,K06498.01,,FALSE POSITIVE,FALSE POSITIVE,0.0000,0,1,1,0,5.462689263,6.5430000e-06,-6.5430000e-06,134.2651600,9.710000e-04,-9.710000e-04,1.2980,6.7200,-0.2070,3.26050,0.05230,-0.05230,4.1846e+03,6.130e+01,-6.130e+01,36.25,9.720e+00,-4.160e+00,1024.0,,,260.14,204.83,-77.33,82.60,1,q1_q17_dr25_tce,5929.00,159.00,-159.00,4.479,0.078,-0.182,0.8880,0.2380,-0.1020,295.451050,40.175652,13.266
5026187,K06499.01,,FALSE POSITIVE,FALSE POSITIVE,0.1250,1,0,0,0,3.589666810,1.9140000e-05,-1.9140000e-05,134.5662100,4.280000e-03,-4.280000e-03,1.2090,0.1490,-0.1120,18.53400,0.29900,-0.29900,4.2130e+02,5.300e+00,-5.300e+00,95.86,9.470e+00,-3.783e+01,2410.0,,,7969.78,2745.47,-5354.43,102.30,1,q1_q17_dr25_tce,6564.00,179.00,-179.00,3.515,0.368,-0.092,3.8370,0.3790,-1.5140,295.639860,40.198250,13.391
5031804,K06500.01,,FALSE POSITIVE,FALSE POSITIVE,,1,0,0,0,1.373478670,1.1980000e-05,-1.1980000e-05,132.2210500,6.890000e-03,-6.890000e-03,0.9848,0.0059,-0.0074,12.62000,1.80000,-1.80000,2.8990e+02,3.130e+01,-3.130e+01,4.25,1.850e+00,-1.260e+00,2505.0,,,9313.26,12127.45,-5327.20,27.20,2,q1_q17_dr24_tce,6877.00,191.00,-250.00,4.028,0.248,-0.248,1.7530,0.7650,-0.5180,296.833710,40.161240,12.821
5031882,K06501.01,,FALSE POSITIVE,FALSE POSITIVE,0.0000,1,0,0,0,1.009602350,1.8980000e-05,-1.8980000e-05,131.6797000,1.460000e-02,-1.460000e-02,0.9920,0.0220,-0.7570,7.84700,0.29300,-0.29300,3.1900e+01,3.200e+00,-3.200e+00,1.94,4.900e-01,-1.140e+00,2885.0,,,16358.66,12882.59,-13919.15,12.50,1,q1_q17_dr25_tce,6028.00,200.00,-181.00,3.724,0.664,-0.166,2.4120,0.6090,-1.4220,296.852200,40.166519,13.572
5036516,K06502.01,,FALSE POSITIVE,FALSE POSITIVE,0.0000,0,1,0,1,1.060996585,3.6950000e-06,-3.6950000e-06,132.5345700,4.150000e-03,-4.150000e-03,1.1410,0.0800,-0.0710,2.64940,0.01030,-0.01030,4.1142e+04,1.250e+02,-1.250e+02,64.99,1.779e+01,-2.175e+01,1968.0,,,3542.31,3084.77,-2154.77,339.50,1,q1_q17_dr25_tce,5433.00,197.00,-164.00,4.154,0.331,-0.178,1.3480,0.3690,-0.4510,297.875640,40.107460,14.340
5036530,K06503.01,,FALSE POSITIVE,FALSE POSITIVE,0.0000,1,0,0,0,2.735152701,,,133.6322499,,,0.9550,,,0.10460,,,2.8330e+02,,,3.27,5.500e-01,-4.600e-01,1679.0,,,1875.08,805.70,-561.31,4.70,1,q1_q17_dr25_tce,6333.00,69.00,-88.00,4.198,0.110,-0.110,1.5230,0.2590,-0.2120,297.877410,40.120781,13.911
5781192,K06626.01,,FALSE POSITIVE,FALSE POSITIVE,0.0000,0,1,0,0,9.459993213,4.4800000e-07,-4.4800000e-07,138.3433458,3.860000e-05,-3.860000e-05,0.7430,0.0110,-0.0270,5.30120,0.00195,-0.00195,2.3760e+05,3.850e+01,-3.850e+01,51.89,1.177e+01,-4.690e+00,766.0,,,81.31,54.69,-20.96,3164.40,1,q1_q17_dr25_tce,5569.00,149.00,-149.00,4.566,0.038,-0.152,0.8290,0.1880,-0.0750,288.697420,41.059231,12.989
5802285,K06627.01,,FALSE POSITIVE,FALSE POSITIVE,0.0000,0,1,1,0,1.208524388,3.8100000e-07,-3.8100000e-07,131.9851950,2.380000e-04,-2.380000e-04,1.2590,2.6440,-0.1670,1.84780,0.01490,-0.01490,4.7596e+03,2.750e+01,-2.750e+01,26.71,2.700e+00,-2.210e+00,1286.0,,,647.48,227.48,-166.04,181.30,1,q1_q17_dr25_tce,4963.00,136.00,-151.00,4.630,0.030,-0.060,0.7010,0.0710,-0.0580,295.108430,41.074059,15.349
5802470,K06628.01,,FALSE POSITIVE,FALSE POSITIVE,0.0000,0,1,0,0,3.791874430,3.2600000e-07,-3.2600000e-07,134.1343680,7.070000e-05,-7.070000e-05,0.7980,0.0110,-0.1170,3.55210,0.00473,-0.00473,2.3074e+05,1.430e+02,-1.430e+02,47.49,9.590e+00,-3.220e+00,1004.0,,,240.31,150.25,-53.02,1111.90,1,q1_q17_dr25_tce,5622.00,168.00,-151.00,4.619,0.032,-0.128,0.7230,0.1460,-0.0490,295.156280,41.052559,13.764
5807579,K06629.01,,FALSE POSITIVE,FALSE POSITIVE,0.0000,0,1,0,0,17.844323157,5.9700000e-07,-5.9700000e-07,133.6947708,2.760000e-05,-2.760000e-05,0.7570,0.0090,-0.0060,5.07999,0.00068,-0.00068,2.2236e+05,6.150e+01,-6.150e+01,90.67,2.412e+01,-2.949e+01,874.0,,,138.25,112.80,-83.71,4456.60,1,q1_q17_dr25_tce,5993.00,190.00,-211.00,4.114,0.299,-0.161,1.4850,0.3950,-0.4830,296.349300,41.072968,13.745
5809372,K06630.01,,FALSE POSITIVE,FALSE POSITIVE,0.9700,1,0,0,0,34.650636800,5.1680000e-04,-5.1680000e-04,143.0279000,1.330000e-02,-1.330000e-02,0.9730,3.8300,-0.1140,10.28700,0.71300,-0.71300,5.0250e+02,3.290e+01,-3.290e+01,12.35,1.640e+00,-4.940e+00,1191.0,,,476.15,204.06,-324.24,21.60,1,q1_q17_dr25_tce,6681.00,180.00,-200.00,3.465,0.360,-0.090,4.1850,0.5580,-1.6730,296.736760,41.000660,12.954
5860347,K06631.01,,CANDIDATE,CANDIDATE,0.8310,0,0,0,0,2.562712320,2.5040000e-05,-2.5040000e-05,131.6966500,8.280000e-03,-8.280000e-03,0.3460,0.1200,-0.3460,2.16300,0.44400,-0.44400,2.9400e+01,5.200e+00,-5.200e+00,0.48,5.000e-02,-4.000e-02,1171.0,,,443.49,117.75,-96.78,8.20,1,q1_q17_dr25_tce,5190.00,85.00,-77.00,4.446,0.088,-0.064,0.8990,0.0800,-0.0800,285.952180,41.144390,13.273
5871918,K06632.01,,FALSE POSITIVE,FALSE POSITIVE,0.0000,0,1,0,0,12.643303542,6.7900000e-07,-6.7900000e-07,139.7603975,4.480000e-05,-4.480000e-05,0.7390,0.0150,-0.0260,5.48853,0.00252,-0.00252,2.3672e+05,5.340e+01,-5.340e+01,34.94,2.110e+00,-2.300e+00,443.0,,,9.07,1.96,-1.77,2907.60,1,q1_q17_dr25_tce,3977.00,79.00,-79.00,4.697,0.033,-0.025,0.5620,0.0340,-0.0370,290.348910,41.137829,15.701
5894825,K06633.01,,FALSE POSITIVE,FALSE POSITIVE,0.0000,1,0,0,0,1.362939430,2.5340000e-05,-2.5340000e-05,132.7485000,1.550000e-02,-1.550000e-02,1.1300,0.0480,-0.1420,10.32000,1.50000,-1.50000,5.4400e+01,4.700e+00,-4.700e+00,31.28,8.730e+00,-1.068e+01,2630.0,,,11346.02,9373.55,-7198.57,15.80,1,q1_q17_dr25_tce,6831.00,190.00,-286.00,3.971,0.293,-0.158,2.1060,0.5880,-0.7190,296.828060,41.192028,13.658
8374394,K07883.01,,FALSE POSITIVE,FALSE POSITIVE,0.2290,1,0,0,0,185.103836000,4.7910000e-03,-4.7910000e-03,296.7426000,1.330000e-02,-1.330000e-02,0.0190,0.4500,-0.0190,4.19000,0.47800,-0.47800,5.8140e+02,6.510e+01,-6.510e+01,14.63,1.700e+00,-1.700e+00,670.0,,,47.72,17.11,-13.60,10.90,1,q1_q17_dr25_tce,4992.00,109.00,-109.00,2.921,0.033,-0.027,6.2260,0.7240,-0.7240,294.965240,44.360481,13.623
6706287,K06761.01,,FALSE POSITIVE,FALSE POSITIVE,0.0000,0,1,0,0,1.267693801,1.7500000e-07,-1.7500000e-07,132.1203970,1.120000e-04,-1.120000e-04,0.5890,0.0180,-0.0250,3.57993,0.00624,-0.00624,3.3364e+05,3.910e+02,-3.910e+02,64.84,1.754e+01,-1.167e+01,1606.0,,,1572.85,1341.59,-642.72,713.80,1,q1_q17_dr25_tce,5446.00,191.00,-172.00,4.388,0.162,-0.198,0.9610,0.2600,-0.1730,295.677060,42.111355,13.620
6715997,K06762.01,,CANDIDATE,CANDIDATE,,0,0,0,0,15.081860000,3.2590000e-04,-3.2590000e-04,141.7289000,1.920000e-02,-1.920000e-02,0.7171,0.2547,-0.4897,4.00400,0.62100,-0.62100,8.1600e+01,1.750e+01,-1.750e+01,0.98,3.500e-01,-1.500e-01,758.0,,,78.11,83.47,-27.42,7.10,1,q1_q17_dr24_tce,5794.00,163.00,-156.00,4.377,0.126,-0.126,1.0120,0.3650,-0.1510,297.835450,42.110390,14.450
6763884,K06763.01,,CANDIDATE,CANDIDATE,0.9710,0,0,0,0,2.446938230,1.0670000e-05,-1.0670000e-05,133.0009200,3.450000e-03,-3.450000e-03,0.6110,0.0070,-0.4920,0.95400,0.15200,-0.15200,2.6400e+01,4.000e+00,-4.000e+00,0.56,8.000e-02,-5.000e-02,1379.0,,,855.53,328.61,-174.26,9.00,1,q1_q17_dr25_tce,5821.00,69.00,-87.00,4.419,0.063,-0.117,1.0330,0.1540,-0.0830,287.234860,42.263309,12.160
6766748,K06764.01,,FALSE POSITIVE,FALSE POSITIVE,0.0000,0,1,0,0,7.002865192,1.3700000e-07,-1.3700000e-07,136.0132970,1.610000e-05,-1.610000e-05,0.3580,0.0030,0.0000,5.90232,0.00127,-0.00127,3.4970e+05,3.180e+01,-3.180e+01,75.09,2.748e+01,-7.350e+00,1197.0,,,486.09,513.04,-147.88,8168.60,1,q1_q17_dr25_tce,6818.00,167.00,-262.00,4.357,0.056,-0.224,1.2160,0.4450,-0.1190,288.363620,42.248070,13.934
6768616,K06765.01,,CANDIDATE,CANDIDATE,0.9550,0,0,0,0,13.056090000,1.7890000e-04,-1.7890000e-04,140.7128000,1.040000e-02,-1.040000e-02,0.0970,0.3560,-0.0970,3.49800,0.33900,-0.33900,1.7080e+02,1.790e+01,-1.790e+01,1.30,3.900e-01,-1.600e-01,814.0,,,103.85,92.83,-34.74,10.80,1,q1_q17_dr25_tce,6078.00,181.00,-200.00,4.434,0.084,-0.210,0.9940,0.2960,-0.1270,289.044340,42.280022,15.154
6774408,K06766.01,,FALSE POSITIVE,FALSE POSITIVE,,0,1,0,0,0.854509410,1.7470000e-05,-1.7470000e-05,132.2059000,1.510000e-02,-1.510000e-02,0.4204,0.0281,-0.4202,3.72300,0.72300,-0.72300,1.3700e+01,2.100e+00,-2.100e+00,0.35,1.300e-01,-4.000e-02,1928.0,,,3269.09,3748.30,-953.19,9.00,1,q1_q17_dr24_tce,5922.00,156.00,-150.00,4.454,0.080,-0.080,0.9210,0.3600,-0.1050,290.873410,42.277828,12.812
6778289,K06767.01,,FALSE POSITIVE,FALSE POSITIVE,0.0000,0,1,0,0,30.130130001,4.3660000e-06,-4.3660000e-06,152.2311150,1.160000e-04,-1.160000e-04,0.6310,0.0150,-0.0150,13.49190,0.00630,-0.00630,2.8075e+05,1.420e+02,-1.420e+02,83.75,1.866e+01,-1.243e+01,753.0,,,76.07,48.23,-27.78,2583.70,1,q1_q17_dr25_tce,6674.00,150.00,-218.00,4.286,0.088,-0.143,1.3470,0.3000,-0.2000,292.102360,42.252239,13.076
6781047,K06768.01,,FALSE POSITIVE,FALSE POSITIVE,0.0000,1,0,0,0,7.043576200,,,136.2789000,,,,,,15.76000,,,,,,,,,,,,567.89,895.12,-321.58,,1,q1_q17_dr25_tce,,,,,,,,,,292.939640,42.244156,12.484
6781535,K06769.01,,FALSE POSITIVE,FALSE POSITIVE,0.0000,0,1,0,0,9.122087110,7.9400000e-07,-7.9400000e-07,138.8352077,7.160000e-05,-7.160000e-05,1.1040,0.0380,-0.0570,4.62417,0.00326,-0.00326,5.8790e+04,3.300e+01,-3.300e+01,52.66,7.800e+00,-5.220e+00,904.0,,,157.73,61.68,-36.49,1599.10,1,q1_q17_dr25_tce,5857.00,79.00,-79.00,4.396,0.090,-0.110,1.0390,0.1540,-0.1030,293.074520,42.280258,13.666
8440062,K07886.01,,FALSE POSITIVE,FALSE POSITIVE,0.3150,1,0,0,0,366.719230000,2.0950000e-02,-2.0950000e-02,185.6459000,3.550000e-02,-3.550000e-02,0.5920,0.3870,-0.3810,9.80000,1.10000,-1.10000,2.4640e+02,2.940e+01,-2.940e+01,3.35,7.400e-01,-1.100e+00,383.0,,,5.09,3.34,-3.04,9.80,1,q1_q17_dr25_tce,6295.00,173.00,-173.00,3.907,0.285,-0.114,2.0490,0.4490,-0.6730,295.198390,44.419601,13.302
7622072,K06894.01,,FALSE POSITIVE,FALSE POSITIVE,0.0000,0,1,1,0,6.373454978,3.0400000e-06,-3.0400000e-06,136.8998320,3.980000e-04,-3.980000e-04,1.2840,0.1610,-0.1040,3.93770,0.01980,-0.01980,6.0846e+03,2.820e+01,-2.820e+01,51.60,1.436e+01,-1.597e+01,1169.0,,,441.10,369.32,-252.32,258.10,1,q1_q17_dr25_tce,5953.00,177.00,-159.00,4.161,0.344,-0.185,1.2540,0.3490,-0.3880,295.922700,43.285881,13.583
7630658,K06895.01,,FALSE POSITIVE,FALSE POSITIVE,0.0000,0,1,1,0,1.075577069,7.8000000e-08,-7.8000000e-08,131.5585510,6.150000e-05,-6.150000e-05,0.8860,0.0290,-0.0270,4.11779,0.00227,-0.00227,1.4058e+05,6.290e+01,-6.290e+01,69.11,1.866e+01,-1.865e+01,2094.0,,,4551.51,3756.45,-2447.20,1589.60,1,q1_q17_dr25_tce,6011.00,189.00,-210.00,4.217,0.246,-0.184,1.2670,0.3420,-0.3420,297.915190,43.256203,13.893
7631194,K06896.01,,FALSE POSITIVE,FALSE POSITIVE,0.0000,1,0,1,0,0.811390968,2.4230000e-06,-2.4230000e-06,131.8759000,2.310000e-03,-2.310000e-03,0.3450,0.1250,-0.3450,1.01140,0.08470,-0.08470,1.3990e+02,9.100e+00,-9.100e+00,14.74,9.900e-01,-3.940e+00,5043.0,,,153237.23,26432.64,-80502.32,19.20,1,q1_q17_dr25_tce,4994.00,37.00,-150.00,2.682,0.033,-0.027,12.4870,0.8360,-3.3430,298.050320,43.233170,11.817
7662209,K06897.01,,FALSE POSITIVE,FALSE POSITIVE,,1,0,0,0,14.649459900,2.5390000e-04,-2.5390000e-04,132.1027000,1.280000e-02,-1.280000e-02,0.1750,0.3078,-0.1748,2.88300,0.39600,-0.39600,2.2100e+02,3.450e+01,-3.450e+01,1.00,1.400e-01,-9.000e-02,574.0,,,25.65,12.04,-6.72,7.40,1,q1_q17_dr24_tce,5017.00,151.00,-134.00,4.585,0.062,-0.062,0.6880,0.0980,-0.0640,282.792420,43.374859,15.376
7663804,K06898.01,,FALSE POSITIVE,FALSE POSITIVE,,1,0,0,0,321.007420000,2.0800000e-02,-2.0800000e-02,301.0957000,3.650000e-02,-3.650000e-02,0.6639,0.0057,-0.5141,13.01000,1.60000,-1.60000,3.0710e+02,3.520e+01,-3.520e+01,3.70,2.940e+00,-2.240e+00,351.0,,,3.59,9.19,-3.09,11.10,1,q1_q17_dr24_tce,5258.00,133.00,-137.00,3.771,0.745,-0.745,2.0040,1.5920,-1.2130,283.690980,43.367691,13.636
7668648,K06899.01,,FALSE POSITIVE,FALSE POSITIVE,0.0000,0,1,0,0,27.818923820,4.4070000e-05,-4.4070000e-05,158.1028200,1.260000e-03,-1.260000e-03,0.6060,0.1830,-0.0670,8.37770,0.06700,-0.06700,2.3822e+05,1.804e+03,-1.804e+03,50.00,1.563e+01,-5.190e+00,610.0,,,32.75,30.00,-9.73,156.80,1,q1_q17_dr25_tce,6126.00,165.00,-201.00,4.513,0.054,-0.216,0.9150,0.2860,-0.0950,286.276980,43.339142,15.325
7670485,K06900.01,,FALSE POSITIVE,FALSE POSITIVE,0.0000,1,0,0,0,8.467706136,1.0580000e-06,-1.0580000e-06,139.4123020,1.030000e-04,-1.030000e-04,1.0540,0.0160,-0.0160,4.05376,0.00499,-0.00499,7.7324e+04,7.540e+01,-7.540e+01,43.98,1.294e+01,-4.330e+00,844.0,,,120.02,101.76,-32.73,976.00,1,q1_q17_dr25_tce,5873.00,146.00,-161.00,4.554,0.036,-0.204,0.8430,0.2480,-0.0830,287.129430,43.344131,14.408
7670617,K06901.01,,FALSE POSITIVE,FALSE POSITIVE,0.0000,0,1,0,0,24.703619950,1.1720000e-05,-1.1720000e-05,136.1342900,3.480000e-04,-3.480000e-04,0.2060,0.0310,-0.0320,6.97190,0.02380,-0.02380,2.1754e+05,1.156e+03,-1.156e+03,30.13,3.890e+00,-2.090e+00,464.0,,,10.99,4.79,-2.46,268.70,1,q1_q17_dr25_tce,5030.00,151.00,-136.00,4.665,0.028,-0.077,0.6500,0.0840,-0.0450,287.184480,43.367088,15.517
8367298,K07025.01,,FALSE POSITIVE,FALSE POSITIVE,0.0000,0,1,0,0,5.134868900,1.8150000e-04,-1.8150000e-04,134.2360000,2.860000e-02,-2.860000e-02,1.1370,0.0780,-0.0970,48.69000,4.20000,-4.20000,1.1580e+02,4.800e+00,-4.800e+00,16.17,5.090e+00,-3.140e+00,1040.0,,,276.25,261.35,-115.34,36.10,1,q1_q17_dr25_tce,5515.00,166.00,-149.00,4.357,0.175,-0.214,1.0010,0.3150,-0.1940,292.493100,44.333439,14.490
8374499,K07026.01,,FALSE POSITIVE,FALSE POSITIVE,0.0000,0,1,0,0,5.251918489,1.1900000e-07,-1.1900000e-07,136.7409800,1.860000e-05,-1.860000e-05,0.3170,0.0060,-0.0010,5.59653,0.00000,0.00000,2.9648e+05,3.340e+01,-3.340e+01,51.51,1.542e+01,-5.150e+00,1060.0,,,299.43,262.62,-87.22,6979.70,1,q1_q17_dr25_tce,6099.00,164.00,-200.00,4.511,0.050,-0.200,0.9190,0.2750,-0.0920,295.000550,44.321018,14.912
8378656,K07027.01,,FALSE POSITIVE,FALSE POSITIVE,0.0000,0,1,0,0,3.629440080,1.2100000e-07,-1.2100000e-07,134.7011640,2.760000e-05,-2.760000e-05,0.2530,0.0150,-0.0040,5.94104,0.00389,-0.00389,1.3008e+05,2.950e+01,-2.950e+01,40.08,1.199e+01,-6.450e+00,1351.0,,,787.91,690.91,-296.76,5131.40,1,q1_q17_dr25_tce,6284.00,169.00,-188.00,4.355,0.108,-0.186,1.0930,0.3270,-0.1760,296.297390,44.333000,12.789
8378922,K07028.01,,FALSE POSITIVE,FALSE POSITIVE,0.0000,0,1,0,0,43.263305017,5.1850000e-06,-5.1850000e-06,150.3780757,9.750000e-05,-9.750000e-05,0.5550,0.0060,-0.0040,10.09150,0.00540,-0.00540,3.5909e+05,1.730e+02,-1.730e+02,62.75,1.656e+01,-1.102e+01,505.0,,,15.38,12.27,-6.13,2415.60,1,q1_q17_dr25_tce,5623.00,169.00,-169.00,4.400,0.167,-0.204,0.9170,0.2420,-0.1610,296.371700,44.383541,14.977
8379547,K07029.01,,FALSE POSITIVE,FALSE POSITIVE,0.0000,0,1,0,0,6.042029838,4.4020000e-06,-4.4020000e-06,132.2053670,6.060000e-04,-6.060000e-04,0.6890,0.0330,-0.0250,8.06660,0.04260,-0.04260,1.3286e+05,6.930e+02,-6.930e+02,23.94,2.080e+00,-1.670e+00,729.0,,,66.70,22.96,-16.20,312.50,1,q1_q17_dr25_tce,5030.00,165.00,-165.00,4.670,0.055,-0.055,0.5870,0.0510,-0.0410,296.557560,44.310230,13.373
8381592,K07030.01,,FALSE POSITIVE,FALSE POSITIVE,0.0000,0,1,0,0,2.892087553,4.3000000e-07,-4.3000000e-07,133.2017420,1.260000e-04,-1.260000e-04,1.0620,0.0430,-0.0390,3.16757,0.00549,-0.00549,7.1631e+04,1.240e+02,-1.240e+02,47.55,1.307e+01,-6.530e+00,1225.0,,,531.42,440.96,-181.48,563.90,1,q1_q17_dr25_tce,5622.00,169.00,-169.00,4.443,0.101,-0.174,0.9240,0.2540,-0.1270,297.110500,44.399872,15.599
8382339,K07031.01,,FALSE POSITIVE,FALSE POSITIVE,0.0000,0,0,1,0,5.405976080,2.8970000e-05,-2.8970000e-05,131.6105200,3.150000e-03,-3.150000e-03,0.0130,0.4460,-0.0130,2.79000,0.13300,-0.13300,4.6100e+02,2.340e+01,-2.340e+01,31.78,1.360e+00,-7.670e+00,2818.0,,,14885.10,2447.80,-7139.29,23.50,1,q1_q17_dr25_tce,4840.00,84.00,-120.00,2.560,0.030,-0.030,15.3550,0.6540,-3.7080,297.293060,44.355251,12.504
8394475,K07032.01,,CANDIDATE,CANDIDATE,0.9140,0,0,0,0,3.640492420,2.1230000e-05,-2.1230000e-05,134.9678600,5.060000e-03,-5.060000e-03,0.1810,0.2900,-0.1810,1.19400,0.17600,-0.17600,4.2100e+01,5.800e+00,-5.800e+00,0.61,9.000e-02,-3.000e-02,1136.0,,,393.32,158.33,-60.03,9.50,1,q1_q17_dr25_tce,5745.00,78.00,-86.00,4.503,0.030,-0.120,0.9360,0.1430,-0.0480,300.424320,44.343601,12.646
8398290,K07033.01,,FALSE POSITIVE,FALSE POSITIVE,0.0000,1,0,0,0,0.510804497,4.4850000e-06,-4.4850000e-06,131.8805700,6.960000e-03,-6.960000e-03,0.8100,0.1600,-0.5570,2.53900,0.22200,-0.22200,4.2700e+01,3.700e+00,-3.700e+00,1.58,3.600e-01,-7.400e-01,3622.0,,,40925.32,28397.40,-30751.83,15.40,1,q1_q17_dr25_tce,6596.00,182.00,-228.00,3.913,0.390,-0.130,2.1760,0.5060,-1.0120,301.700320,44.380005,11.513
9328864,K07160.01,,FALSE POSITIVE,FALSE POSITIVE,0.0000,0,1,1,1,0.645850521,2.1910000e-06,-2.1910000e-06,131.8891100,3.200000e-03,-3.200000e-03,0.4760,0.4530,-0.2730,1.20820,0.09310,-0.09310,5.4900e+01,4.000e+00,-4.000e+00,0.69,1.500e-01,-1.100e-01,1941.0,,,3366.81,2330.27,-1190.35,16.80,1,q1_q17_dr25_tce,5381.00,159.00,-143.00,4.426,0.144,-0.192,0.9110,0.2070,-0.1380,285.003540,45.887951,14.107
9334490,K07161.01,,FALSE POSITIVE,FALSE POSITIVE,0.0000,0,1,1,0,18.844971130,3.4570000e-05,-3.4570000e-05,149.9475900,1.470000e-03,-1.470000e-03,0.8950,0.0080,-0.0070,4.94420,0.08650,-0.08650,4.1434e+03,6.630e+01,-6.630e+01,5.35,5.700e-01,-5.100e-01,552.0,,,21.89,8.64,-6.02,79.80,1,q1_q17_dr25_tce,5220.00,173.00,-157.00,4.578,0.084,-0.056,0.6950,0.0740,-0.0660,288.271210,45.876610,15.695
9340411,K07162.01,,CANDIDATE,CANDIDATE,0.9790,0,0,0,0,5.158131700,1.1110000e-04,-1.1110000e-04,131.7314000,2.100000e-02,-2.100000e-02,0.0320,0.4250,-0.0320,7.77300,0.57300,-0.57300,3.7900e+01,3.500e+00,-3.500e+00,2.02,4.000e-01,-5.000e-01,1642.0,,,1720.62,983.70,-840.06,13.00,1,q1_q17_dr25_tce,5155.00,116.00,-142.00,3.511,0.192,-0.157,3.3550,0.6680,-0.8170,291.052700,45.835129,13.031
9344623,K07163.01,,FALSE POSITIVE,FALSE POSITIVE,0.0000,0,1,0,0,14.759477667,1.0700000e-06,-1.0700000e-06,139.7828128,5.850000e-05,-5.850000e-05,0.5600,0.0030,-0.0030,9.77460,0.00312,-0.00312,3.5747e+05,9.720e+01,-9.720e+01,76.06,2.333e+01,-9.370e+00,862.0,,,130.69,114.92,-41.85,3813.50,1,q1_q17_dr25_tce,6522.00,158.00,-198.00,4.407,0.065,-0.208,1.1050,0.3390,-0.1360,292.740200,45.801510,13.822
9353182,K07164.01,,FALSE POSITIVE,FALSE POSITIVE,0.0000,0,1,0,0,10.476258265,2.8800000e-07,-2.8800000e-07,136.5282906,2.210000e-05,-2.210000e-05,0.3180,0.0080,-0.0020,7.77203,0.00138,-0.00138,1.2021e+05,1.750e+01,-1.750e+01,54.13,1.195e+01,-1.459e+01,1077.0,,,318.44,210.12,-168.29,8251.50,1,q1_q17_dr25_tce,6109.00,167.00,-186.00,4.097,0.228,-0.123,1.5360,0.3390,-0.4140,295.854430,45.892208,12.421
9357275,K07165.01,,FALSE POSITIVE,FALSE POSITIVE,0.0000,0,1,0,0,1.588298157,1.8100000e-07,-1.8100000e-07,132.1833032,9.030000e-05,-9.030000e-05,0.8550,0.0160,-0.0130,4.37027,0.00538,-0.00538,1.6503e+05,1.460e+02,-1.460e+02,120.00,3.020e+01,-3.020e+01,2773.0,,,13941.82,10787.08,-7268.88,1071.60,1,q1_q17_dr25_tce,7742.00,244.00,-298.00,4.024,0.187,-0.153,2.0940,0.5270,-0.5270,297.202450,45.849861,12.186
9357375,K07166.01,,FALSE POSITIVE,FALSE POSITIVE,0.0000,0,0,0,1,1.588262630,1.8160000e-05,-1.8160000e-05,132.1913900,9.880000e-03,-9.880000e-03,0.0210,0.4480,-0.0210,2.65500,0.31600,-0.31600,7.8900e+01,1.100e+01,-1.100e+01,0.47,3.000e-02,-3.000e-02,862.0,,,130.67,28.35,-25.50,8.50,1,q1_q17_dr25_tce,3931.00,78.00,-78.00,4.717,0.030,-0.030,0.5440,0.0330,-0.0360,297.233550,45.843262,15.455
9392702,K07167.01,,FALSE POSITIVE,FALSE POSITIVE,0.0000,0,1,0,0,3.909314318,6.5600000e-07,-6.5600000e-07,131.8944811,8.300000e-05,-8.300000e-05,0.7760,0.0140,-0.0020,5.36124,0.00585,-0.00585,9.7123e+04,9.740e+01,-9.740e+01,42.54,1.302e+01,-6.520e+00,1364.0,,,819.78,733.88,-298.33,1587.60,1,q1_q17_dr25_tce,6425.00,171.00,-190.00,4.341,0.101,-0.188,1.1430,0.3500,-0.1750,286.069580,45.900581,14.618
9394920,K07168.01,,FALSE POSITIVE,FALSE POSITIVE,0.0000,1,0,0,0,1.383858220,,,132.7620000,,,,,,1.00000,,,,,,,,,,,,234049.39,56956.46,-156186.97,,1,q1_q17_dr25_tce,,,,,,,,,,287.334170,45.924709,14.367
8524110,K07891.01,,FALSE POSITIVE,FALSE POSITIVE,0.0000,0,0,1,1,0.797089750,1.1020000e-05,-1.1020000e-05,131.8481000,1.170000e-02,-1.170000e-02,0.5300,0.0300,-0.4680,3.30100,0.40100,-0.40100,1.9300e+01,2.500e+00,-2.500e+00,0.54,1.600e-01,-1.300e-01,2262.0,,,6174.20,5209.90,-2980.47,9.80,1,q1_q17_dr25_tce,6056.00,163.00,-181.00,4.271,0.185,-0.185,1.1960,0.3440,-0.2820,300.558230,44.570061,13.391
10163067,K07291.01,,CANDIDATE,CANDIDATE,0.9830,0,0,0,0,25.913667400,5.8820000e-04,-5.8820000e-04,131.8232000,1.950000e-02,-1.950000e-02,0.9820,0.0020,-0.6820,10.49800,0.30600,-0.30600,1.0970e+02,7.600e+00,-7.600e+00,3.37,6.000e-01,-1.210e+00,966.0,,,205.72,117.18,-130.12,16.10,1,q1_q17_dr25_tce,6167.00,189.00,-170.00,3.804,0.293,-0.098,2.3460,0.4210,-0.8420,298.900600,47.107769,12.556
10164018,K07292.01,,FALSE POSITIVE,FALSE POSITIVE,0.0010,0,0,1,0,8.541241100,1.2670000e-04,-1.2670000e-04,131.6163000,1.270000e-02,-1.270000e-02,0.7930,0.1740,-0.5750,3.65400,0.38500,-0.38500,2.9880e+02,3.490e+01,-3.490e+01,1.40,2.900e-01,-1.000e-01,767.0,,,81.55,52.01,-18.88,10.70,1,q1_q17_dr25_tce,5602.00,168.00,-168.00,4.614,0.032,-0.136,0.7320,0.1510,-0.0500,299.167390,47.185692,15.661
10189523,K07293.01,,FALSE POSITIVE,FALSE POSITIVE,0.0000,1,0,0,0,1.013922622,7.0300000e-07,-7.0300000e-07,132.4141570,5.450000e-04,-5.450000e-04,1.1780,6.7270,-0.0970,1.63930,0.03300,-0.03300,3.4957e+04,5.070e+02,-5.070e+02,31.98,3.070e+00,-2.820e+00,1392.0,,,883.90,325.05,-233.04,79.80,1,q1_q17_dr25_tce,5110.00,169.00,-153.00,4.618,0.066,-0.044,0.6470,0.0620,-0.0570,283.011960,47.238602,15.856
10198109,K07294.01,,FALSE POSITIVE,FALSE POSITIVE,0.0010,0,1,0,0,17.918743061,4.9000000e-07,-4.9000000e-07,146.3929572,2.300000e-05,-2.300000e-05,0.2520,0.0320,-0.0190,4.36387,0.00174,-0.00174,1.1836e+05,2.860e+01,-2.860e+01,56.94,2.256e+01,-3.385e+01,942.0,,,186.00,224.30,-158.69,4696.80,1,q1_q17_dr25_tce,5870.00,184.00,-164.00,3.903,0.705,-0.235,1.6300,0.6460,-0.9690,287.493530,47.224659,13.776
10208759,K07295.01,,FALSE POSITIVE,FALSE POSITIVE,0.0000,0,1,0,0,2.287515702,2.1800000e-07,-2.1800000e-07,132.3567704,7.800000e-05,-7.800000e-05,0.3460,0.0020,-0.0020,10.08790,0.00572,-0.00572,3.5858e+05,1.950e+02,-1.950e+02,86.76,2.919e+01,-1.042e+01,1801.0,,,2484.21,2404.08,-840.48,3017.90,1,q1_q17_dr25_tce,6773.00,166.00,-261.00,4.306,0.056,-0.210,1.3910,0.4680,-0.1670,292.255650,47.286301,13.990
10214328,K07296.01,,FALSE POSITIVE,FALSE POSITIVE,0.0000,1,0,0,0,659.290700000,1.1970000e-02,-1.1970000e-02,254.3300000,1.710000e-02,-1.710000e-02,0.9820,0.3020,-0.0420,22.10600,0.89500,-0.89500,3.3810e+02,1.730e+01,-1.730e+01,4.66,3.100e-01,-3.200e-01,322.0,,,2.53,0.50,-0.43,27.00,1,q1_q17_dr25_tce,6917.00,83.00,-83.00,4.050,0.018,-0.018,1.8370,0.1240,-0.1240,294.377080,47.289928,10.629
10215422,K07297.01,,FALSE POSITIVE,FALSE POSITIVE,0.0000,0,1,0,0,24.847087207,7.5100000e-07,-7.5100000e-07,154.1275658,2.460000e-05,-2.460000e-05,0.5200,0.0050,-0.0010,7.28274,0.00088,-0.00088,3.1767e+05,6.290e+01,-6.290e+01,52.38,1.430e+01,-4.780e+00,569.0,,,24.75,20.36,-6.43,6707.70,1,q1_q17_dr25_tce,5644.00,169.00,-152.00,4.550,0.035,-0.196,0.8540,0.2330,-0.0780,294.759860,47.201931,14.608
10257903,K07298.01,,FALSE POSITIVE,FALSE POSITIVE,,1,0,0,0,0.855747310,,,131.8240876,,,,,,2.01000,,,,,,,,,,,,,,,,1,q1_q17_dr24_tce,,,,,,,,,,284.084200,47.373589,15.482
10258558,K07299.01,,FALSE POSITIVE,FALSE POSITIVE,0.0000,0,1,0,0,20.867855659,1.1740000e-06,-1.1740000e-06,136.4038679,4.620000e-05,-4.620000e-05,1.0450,0.0240,-0.0370,5.73122,0.00230,-0.00230,8.2601e+04,2.110e+01,-2.110e+01,53.53,1.480e+01,-9.120e+00,716.0,,,62.09,50.50,-24.28,2768.60,1,q1_q17_dr25_tce,6095.00,165.00,-184.00,4.378,0.144,-0.192,1.0160,0.2810,-0.1730,284.454530,47.311951,14.492
11240948,K07425.01,,FALSE POSITIVE,FALSE POSITIVE,0.1360,0,1,0,0,3.401949837,5.4420000e-06,-5.4420000e-06,134.6247000,1.380000e-03,-1.380000e-03,0.9580,0.0030,-0.0030,16.57970,0.08990,-0.08990,2.4770e+03,1.290e+01,-1.290e+01,14.32,2.960e+00,-4.440e+00,2076.0,,,4391.35,2730.29,-2565.99,304.00,1,q1_q17_dr25_tce,7094.00,193.00,-236.00,3.905,0.277,-0.092,2.1700,0.4490,-0.6730,290.106780,48.903389,12.471
11241560,K07426.01,,CANDIDATE,CANDIDATE,1.0000,0,0,0,0,6.961973040,7.9330000e-05,-7.9330000e-05,135.5502100,8.900000e-03,-8.900000e-03,0.1030,0.3550,-0.1030,2.80600,0.26400,-0.26400,1.5130e+02,2.040e+01,-2.040e+01,0.97,1.000e-01,-1.000e-01,778.0,,,86.68,30.80,-25.51,8.80,1,q1_q17_dr25_tce,5008.00,151.00,-151.00,4.506,0.093,-0.085,0.8140,0.0790,-0.0870,290.436770,48.983452,15.352
11244571,K07427.01,,CANDIDATE,CANDIDATE,0.8510,0,0,0,0,7.893532400,1.9060000e-04,-1.9060000e-04,133.8053000,1.890000e-02,-1.890000e-02,0.3030,0.1680,-0.3030,3.44400,0.60200,-0.60200,4.7600e+01,5.600e+00,-5.600e+00,0.78,2.200e-01,-1.300e-01,1052.0,,,289.79,250.64,-110.32,8.30,1,q1_q17_dr25_tce,6306.00,170.00,-207.00,4.346,0.108,-0.186,1.1090,0.3270,-0.1760,292.081850,48.967110,13.954
11250867,K07428.01,,FALSE POSITIVE,FALSE POSITIVE,0.0000,0,1,0,0,2.252822538,1.3400000e-07,-1.3400000e-07,131.6331462,4.860000e-05,-4.860000e-05,0.6210,0.0440,-0.0120,3.41062,0.00162,-0.00162,2.6985e+05,9.220e+01,-9.220e+01,57.60,1.502e+01,-8.120e+00,1462.0,,,1078.82,827.50,-373.23,1575.90,1,q1_q17_dr25_tce,6116.00,164.00,-182.00,4.431,0.105,-0.180,0.9510,0.2480,-0.1340,294.974150,48.944580,13.387
11251058,K07429.01,,FALSE POSITIVE,FALSE POSITIVE,0.0000,0,0,0,1,2.252848170,2.7550000e-05,-2.7550000e-05,131.6206000,1.150000e-02,-1.150000e-02,1.0430,5.9760,-0.0430,3.06900,0.55700,-0.55700,6.0000e+01,8.500e+00,-8.500e+00,8.61,1.430e+00,-1.070e+00,1940.0,,,3351.24,1396.92,-919.63,8.80,1,q1_q17_dr25_tce,6850.00,71.00,-92.00,4.196,0.080,-0.120,1.5300,0.2540,-0.1910,295.057010,48.976349,13.178
11282568,K07430.01,,CANDIDATE,CANDIDATE,1.0000,0,0,0,0,1.320499473,5.7820000e-06,-5.7820000e-06,132.6148800,3.920000e-03,-3.920000e-03,0.1500,0.2960,-0.1500,1.18400,0.13900,-0.13900,2.0400e+02,2.230e+01,-2.230e+01,18.94,3.990e+00,-9.980e+00,4477.0,,,95168.65,56930.15,-78336.29,12.00,1,q1_q17_dr25_tce,5172.00,113.00,-296.00,2.693,0.252,-0.147,13.4540,2.8350,-7.0880,282.939940,49.050289,11.466
11285625,K07431.01,,FALSE POSITIVE,FALSE POSITIVE,0.0000,0,1,0,0,5.395255730,6.8130000e-06,-6.8130000e-06,131.5425530,1.000000e-03,-1.000000e-03,1.0000,0.2070,-0.1380,7.83770,0.05680,-0.05680,1.0424e+05,6.890e+02,-6.890e+02,152.74,2.773e+01,-6.466e+01,1992.0,,,3721.55,2077.25,-2647.35,175.70,1,q1_q17_dr25_tce,7216.00,201.00,-251.00,3.768,0.392,-0.098,2.8040,0.5090,-1.1870,285.216190,49.089470,10.143
11286311,K07432.01,,CANDIDATE,CANDIDATE,0.6350,0,0,0,0,13.153840900,5.2670000e-04,-5.2670000e-04,143.3100000,3.070000e-02,-3.070000e-02,0.3900,0.0600,-0.3900,11.56000,1.10000,-1.10000,1.0460e+02,1.200e+01,-1.200e+01,1.03,3.100e-01,-1.800e-01,750.0,,,74.80,67.02,-29.60,10.60,1,q1_q17_dr25_tce,5443.00,164.00,-164.00,4.360,0.175,-0.214,1.0080,0.3000,-0.1750,285.636810,49.009109,15.007
4732015,K05076.02,,FALSE POSITIVE,FALSE POSITIVE,,1,0,0,0,0.939740093,1.0510000e-06,-1.0510000e-06,131.7401000,1.050000e-03,-1.050000e-03,0.5488,0.3038,-0.2178,3.68200,0.41300,-0.41300,1.0650e+02,1.340e+01,-1.340e+01,34.87,9.240e+00,-1.358e+01,7200.0,,,635197.09,498644.54,-424497.64,14.30,2,q1_q17_dr24_tce,4297.00,119.00,-123.00,1.663,0.308,-0.308,33.4740,8.8710,-13.0420,286.825200,39.802509,10.147
8043638,K00460.02,,CANDIDATE,CANDIDATE,,0,0,0,0,36.048479800,9.4480000e-04,-9.4480000e-04,150.0591000,2.150000e-02,-2.150000e-02,0.2940,0.1641,-0.2939,5.76300,0.83400,-0.83400,1.2760e+02,2.010e+01,-2.010e+01,1.24,4.300e-01,-2.100e-01,566.0,,,24.28,25.58,-9.10,8.50,2,q1_q17_dr24_tce,5602.00,164.00,-152.00,4.330,0.147,-0.147,1.1000,0.3880,-0.1810,296.636840,43.802792,14.743
11176166,K05875.02,,CANDIDATE,CANDIDATE,0.0360,0,0,0,0,4.274260500,1.2080000e-04,-1.2080000e-04,133.0463000,2.550000e-02,-2.550000e-02,0.0890,0.3490,-0.0890,2.68700,0.17500,-0.17500,2.6380e+02,2.650e+01,-2.650e+01,1.88,5.900e-01,-2.500e-01,1326.0,,,730.69,662.25,-263.64,11.40,2,q1_q17_dr25_tce,6477.00,159.00,-250.00,4.361,0.087,-0.203,1.1480,0.3620,-0.1550,283.068630,48.802078,14.496
9214712,K06064.02,,FALSE POSITIVE,FALSE POSITIVE,0.0000,1,1,0,0,265.299451000,1.0950000e-03,-1.0950000e-03,326.2637500,2.880000e-03,-2.880000e-03,0.8800,0.0460,-0.3460,4.56300,0.30400,-0.30400,4.9460e+03,1.770e+02,-1.770e+02,7.10,1.850e+00,-6.200e-01,270.0,,,1.25,0.93,-0.33,34.30,2,q1_q17_dr25_tce,5873.00,139.00,-174.00,4.547,0.033,-0.187,0.8630,0.2250,-0.0750,290.389620,45.681438,15.518
9214715,K06065.02,,FALSE POSITIVE,FALSE POSITIVE,0.0000,1,1,1,1,265.310499000,3.5270000e-03,-3.5270000e-03,326.2451100,6.130000e-03,-6.130000e-03,0.9130,0.0520,-0.6330,4.01300,0.24300,-0.24300,1.5300e+03,1.470e+02,-1.470e+02,4.69,1.470e+00,-4.900e-01,296.0,,,1.81,1.66,-0.56,11.60,2,q1_q17_dr25_tce,6108.00,165.00,-220.00,4.471,0.052,-0.208,0.9970,0.3120,-0.1040,290.391240,45.681610,15.279
7838906,K06165.02,,FALSE POSITIVE,FALSE POSITIVE,0.0010,0,1,0,0,35.426182700,7.3490000e-04,-7.3490000e-04,161.1640000,1.670000e-02,-1.670000e-02,1.0040,0.0320,-0.7300,4.39300,0.68000,-0.68000,3.1760e+02,5.220e+01,-5.220e+01,153.72,5.880e+00,-3.329e+01,2217.0,,,5712.61,1008.87,-2570.75,7.10,3,q1_q17_dr25_tce,4289.00,95.00,-116.00,1.603,0.033,-0.027,35.6950,1.3640,-7.7310,296.985630,43.581352,11.925
1026032,K06252.01,,FALSE POSITIVE,FALSE POSITIVE,0.0000,0,1,0,0,8.460438928,6.2900000e-07,-6.2900000e-07,133.7744903,6.270000e-05,-6.270000e-05,1.0610,0.0170,-0.0080,4.73492,0.00252,-0.00252,7.6413e+04,3.280e+01,-3.280e+01,36.62,6.360e+00,-2.140e+00,804.0,,,98.60,52.46,-21.18,1797.40,1,q1_q17_dr25_tce,5951.00,160.00,-178.00,4.638,0.032,-0.128,0.7020,0.1220,-0.0410,291.044070,36.729271,14.813
1293379,K06253.01,,CANDIDATE,CANDIDATE,,0,0,0,0,27.556452000,2.9280000e-03,-2.9280000e-03,132.1916000,7.860000e-02,-7.860000e-02,0.1438,0.2960,-0.1437,8.23000,1.80000,-1.80000,2.8920e+02,5.540e+01,-5.540e+01,1.40,5.400e-01,-1.000e-01,531.0,,,18.86,22.40,-4.48,6.70,1,q1_q17_dr24_tce,5509.00,184.00,-162.00,4.565,0.024,-0.024,0.8360,0.3220,-0.0610,291.113980,36.994061,15.979
3973504,K06377.01,,FALSE POSITIVE,FALSE POSITIVE,0.0000,0,1,0,0,4.318726936,8.6800000e-07,-8.6800000e-07,131.6056750,1.720000e-04,-1.720000e-04,0.8670,0.4100,-0.0580,2.67349,0.00993,-0.00993,5.9429e+04,1.810e+02,-1.810e+02,29.74,9.150e+00,-3.050e+00,1091.0,,,334.31,308.93,-98.65,394.40,1,q1_q17_dr25_tce,5896.00,176.00,-193.00,4.518,0.050,-0.213,0.9160,0.2820,-0.0940,296.095060,39.055439,15.690
4042088,K06378.01,,FALSE POSITIVE,FALSE POSITIVE,,1,0,0,0,3.225986840,,,134.7245837,,,,,,1.67000,,,,,,,,,,,,,,,,1,q1_q17_dr24_tce,,,,,,,,,,286.889500,39.107368,13.430
4055092,K06379.01,,FALSE POSITIVE,FALSE POSITIVE,0.0000,0,1,0,0,76.453158130,7.9820000e-05,-7.9820000e-05,133.9863080,8.420000e-04,-8.420000e-04,1.2600,0.5760,-0.1860,5.18220,0.04320,-0.04320,9.6622e+03,7.580e+01,-7.580e+01,22.89,1.100e+00,-1.490e+00,291.0,,,1.70,0.40,-0.40,151.80,1,q1_q17_dr25_tce,4831.00,144.00,-158.00,4.713,0.049,-0.025,0.5400,0.0260,-0.0350,290.980130,39.186489,15.312
4067549,K06380.01,,FALSE POSITIVE,FALSE POSITIVE,0.0000,0,1,1,0,7.698431197,1.2050000e-06,-1.2050000e-06,137.8680330,1.290000e-04,-1.290000e-04,1.1490,0.0400,-0.0410,5.43677,0.00677,-0.00677,4.2549e+04,5.030e+01,-5.030e+01,42.72,1.214e+01,-4.050e+00,878.0,,,140.16,116.84,-38.39,942.60,1,q1_q17_dr25_tce,5774.00,155.00,-172.00,4.508,0.062,-0.188,0.8760,0.2490,-0.0830,294.199710,39.172379,15.451
4069063,K06381.01,,FALSE POSITIVE,FALSE POSITIVE,,0,1,0,0,0.504296702,1.3600000e-07,-1.3600000e-07,131.9052850,1.870000e-04,-1.870000e-04,1.2942,0.1195,-0.2473,1.41450,0.03770,-0.03770,5.9954e+03,4.970e+01,-4.970e+01,50.41,1.669e+01,-1.045e+01,2694.0,,,12445.73,12088.67,-5492.41,231.80,1,q1_q17_dr24_tce,6140.00,166.00,-178.00,4.243,0.204,-0.204,1.1870,0.3930,-0.2460,294.558440,39.137650,13.318
4069213,K06382.01,,FALSE POSITIVE,FALSE POSITIVE,0.0000,0,1,0,0,5.194256813,4.1600000e-07,-4.1600000e-07,134.5723735,6.510000e-05,-6.510000e-05,0.3780,0.0150,-0.0040,7.25775,0.00373,-0.00373,3.8851e+04,1.990e+01,-1.990e+01,41.77,5.670e+00,-1.053e+01,1546.0,,,1349.96,497.38,-630.47,2390.40,1,q1_q17_dr25_tce,6100.00,91.00,-73.00,3.895,0.196,-0.084,2.0860,0.2830,-0.5260,294.595700,39.193748,12.739
4075064,K06383.01,,FALSE POSITIVE,FALSE POSITIVE,0.0000,0,1,0,0,61.422526570,7.3210000e-06,-7.3210000e-06,161.2406686,9.790000e-05,-9.790000e-05,0.5740,0.0160,-0.0130,3.76585,0.00529,-0.00529,3.3754e+05,3.600e+02,-3.600e+02,41.01,4.690e+00,-2.340e+00,326.0,,,2.66,1.05,-0.56,850.40,1,q1_q17_dr25_tce,4867.00,145.00,-145.00,4.687,0.025,-0.065,0.6130,0.0700,-0.0350,295.869260,39.148201,14.951
4076061,K06384.01,,CANDIDATE,CANDIDATE,,0,0,0,0,566.281760000,3.4690000e-02,-3.4690000e-02,440.2605000,3.260000e-02,-3.260000e-02,0.2065,0.2442,-0.2065,20.39000,1.50000,-1.50000,1.2000e+03,1.520e+02,-1.520e+02,2.79,1.070e+00,-2.200e-01,203.0,,,0.40,0.48,-0.10,8.90,1,q1_q17_dr24_tce,5829.00,193.00,-175.00,4.575,0.031,-0.031,0.8020,0.3090,-0.0610,296.074070,39.158192,15.992
4076952,K06385.01,,FALSE POSITIVE,FALSE POSITIVE,0.0000,0,1,0,0,9.761172507,9.2300000e-07,-9.2300000e-07,133.7034265,7.860000e-05,-7.860000e-05,0.3430,0.0030,0.0000,11.40070,0.00522,-0.00522,2.0587e+05,8.100e+01,-8.100e+01,95.58,2.268e+01,-4.214e+01,1325.0,,,729.48,517.66,-534.72,3150.90,1,q1_q17_dr25_tce,6468.00,181.00,-250.00,3.893,0.428,-0.114,2.0480,0.4860,-0.9030,296.244840,39.185139,13.773
5036530,K06503.02,,FALSE POSITIVE,FALSE POSITIVE,,1,0,0,0,1.365138390,,,132.0907941,,,,,,1.86000,,,,,,,,,,,,,,,,2,q1_q17_dr24_tce,,,,,,,,,,297.877410,40.120781,13.911
5036538,K06504.01,,FALSE POSITIVE,FALSE POSITIVE,0.0000,0,1,0,0,1.061008464,8.3000000e-08,-8.3000000e-08,132.5213941,6.560000e-05,-6.560000e-05,0.4770,0.0150,-0.0100,2.80290,0.00210,-0.00210,4.0877e+05,2.200e+02,-2.200e+02,32.58,2.800e+00,-5.170e+00,1002.0,,,238.59,73.69,-92.34,997.70,1,q1_q17_dr25_tce,4239.00,112.00,-150.00,4.793,0.091,-0.039,0.4540,0.0390,-0.0720,297.877990,40.107960,13.349
5038469,K06505.01,,FALSE POSITIVE,FALSE POSITIVE,,1,0,0,0,1.368401670,,,131.5320332,,,,,,4.58000,,,,,,,,,,,,,,,,1,q1_q17_dr24_tce,,,,,,,,,,298.223110,40.172298,12.103
5039687,K06506.01,,FALSE POSITIVE,FALSE POSITIVE,,1,0,0,0,5.895706900,2.5800000e-04,-2.5800000e-04,136.3002000,3.920000e-02,-3.920000e-02,1.3087,0.0152,-0.0924,56.84000,5.20000,-5.20000,1.2970e+02,9.300e+00,-9.300e+00,32.41,1.332e+01,-2.850e+00,1002.0,,,238.37,287.32,-63.30,24.10,1,q1_q17_dr24_tce,5956.00,154.00,-183.00,4.504,0.040,-0.040,0.9340,0.3840,-0.0820,298.459500,40.161560,14.087
5042785,K06507.01,,FALSE POSITIVE,FALSE POSITIVE,0.0000,1,0,0,0,1.674737790,,,132.7799000,,,,,,5.67000,,,,,,,,,,,,16598.34,14831.23,-10024.09,,1,q1_q17_dr25_tce,,,,,,,,,,299.095460,40.198170,11.480
5078879,K06508.01,,FALSE POSITIVE,FALSE POSITIVE,0.0000,0,1,1,0,1.039370613,2.2300000e-07,-2.2300000e-07,131.6241900,1.760000e-04,-1.760000e-04,0.9760,0.0670,-0.0020,1.07130,0.01310,-0.01310,7.4360e+02,2.700e+00,-2.700e+00,12.60,2.030e+00,-5.100e+00,3320.0,,,28690.60,14463.62,-19586.35,182.90,1,q1_q17_dr25_tce,6429.00,176.00,-176.00,3.615,0.360,-0.090,3.1370,0.5080,-1.2690,284.115140,40.243561,13.028
5080346,K06509.01,,FALSE POSITIVE,FALSE POSITIVE,0.0000,1,0,0,0,2.311694250,5.5390000e-05,-5.5390000e-05,132.3203000,1.490000e-02,-1.490000e-02,0.6280,0.2450,-0.4290,8.68900,0.46300,-0.46300,3.8400e+01,2.800e+00,-2.800e+00,1.76,5.400e-01,-6.700e-01,3178.0,,,24113.62,22695.98,-16154.91,16.00,1,q1_q17_dr25_tce,9451.00,302.00,-378.00,3.970,0.247,-0.180,2.6790,0.8260,-1.0090,284.853970,40.208569,13.234
5080652,K06510.01,,FALSE POSITIVE,FALSE POSITIVE,0.0000,0,1,0,0,2.072177815,3.9400000e-07,-3.9400000e-07,133.0957270,1.580000e-04,-1.580000e-04,0.6410,0.0150,-0.0120,4.54864,0.00921,-0.00921,2.9372e+05,5.870e+02,-5.870e+02,46.55,7.650e+00,-3.570e+00,1204.0,,,495.23,259.05,-116.19,590.70,1,q1_q17_dr25_tce,5519.00,163.00,-147.00,4.621,0.035,-0.105,0.7180,0.1180,-0.0550,285.020420,40.298500,15.080
5894972,K06634.01,,FALSE POSITIVE,FALSE POSITIVE,0.0000,1,0,0,0,3.343285340,4.3750000e-05,-4.3750000e-05,134.8451000,1.120000e-02,-1.120000e-02,1.2100,0.0110,-0.1230,27.29000,4.60000,-4.60000,1.6680e+02,7.000e+00,-7.000e+00,64.00,1.045e+01,-2.266e+01,2094.0,,,4535.97,2293.97,-2861.36,79.50,2,q1_q17_dr25_tce,6541.00,177.00,-197.00,3.773,0.293,-0.098,2.6520,0.4330,-0.9390,296.862580,41.147419,13.276
5951140,K06635.01,,CANDIDATE,CANDIDATE,,0,0,0,0,0.527401210,1.0160000e-05,-1.0160000e-05,131.6718000,1.460000e-02,-1.460000e-02,0.4309,0.2537,-0.3909,4.80700,0.77600,-0.77600,1.3160e+03,4.330e+02,-4.330e+02,1.49,1.900e-01,-1.800e-01,1027.0,,,263.23,87.78,-71.82,31.10,1,q1_q17_dr24_tce,3582.00,52.00,-52.00,4.847,0.060,-0.060,0.4100,0.0500,-0.0500,288.888490,41.246738,14.353
5952309,K06636.01,,FALSE POSITIVE,FALSE POSITIVE,0.0000,0,1,1,1,0.905678252,4.6960000e-06,-4.6960000e-06,132.1964700,4.590000e-03,-4.590000e-03,0.3570,0.0980,-0.3570,1.24900,0.14900,-0.14900,7.0400e+01,8.100e+00,-8.100e+00,0.78,2.300e-01,-8.000e-02,1901.0,,,3074.42,2708.48,-898.25,11.10,1,q1_q17_dr25_tce,6075.00,164.00,-201.00,4.501,0.052,-0.208,0.9090,0.2730,-0.0910,289.263000,41.266380,14.920
5952457,K06637.01,,FALSE POSITIVE,FALSE POSITIVE,0.0000,0,0,1,1,0.905672916,3.9100000e-06,-3.9100000e-06,132.2045300,3.420000e-03,-3.420000e-03,0.0330,0.4120,-0.0330,1.00000,0.15100,-0.15100,1.1040e+02,1.240e+01,-1.240e+01,0.76,7.000e-02,-7.000e-02,1468.0,,,1096.04,366.38,-296.88,12.10,1,q1_q17_dr25_tce,4949.00,151.00,-136.00,4.552,0.072,-0.044,0.7410,0.0650,-0.0720,289.299770,41.278751,15.283
5962514,K06639.01,,FALSE POSITIVE,FALSE POSITIVE,0.0000,0,1,0,0,0.790046373,4.9360000e-06,-4.9360000e-06,132.1225000,7.710000e-03,-7.710000e-03,0.6500,1.1760,-0.0560,4.99390,0.07940,-0.07940,1.4930e+05,1.306e+03,-1.306e+03,56.93,2.130e+01,-7.080e+00,2541.0,,,9873.85,10934.21,-3490.55,174.50,1,q1_q17_dr25_tce,6785.00,189.00,-283.00,4.321,0.058,-0.232,1.3420,0.5020,-0.1670,292.539860,41.211590,14.838
5962716,K06640.01,,FALSE POSITIVE,FALSE POSITIVE,0.0000,0,1,0,0,1.804591904,1.2100000e-07,-1.2100000e-07,132.3963298,5.490000e-05,-5.490000e-05,0.8790,0.0310,-0.0210,3.85009,0.00217,-0.00217,1.3730e+05,4.990e+01,-4.990e+01,80.87,1.532e+01,-1.377e+01,1923.0,,,3221.97,1558.37,-1116.34,1666.60,1,q1_q17_dr25_tce,6271.00,75.00,-81.00,4.178,0.143,-0.117,1.5150,0.2870,-0.2580,292.608310,41.225201,13.877
5966732,K06641.01,,CANDIDATE,CANDIDATE,0.9650,0,0,0,0,1.400903699,8.3650000e-06,-8.3650000e-06,131.8456200,5.280000e-03,-5.280000e-03,0.1960,0.2670,-0.1960,0.88300,0.17300,-0.17300,1.3650e+02,1.920e+01,-1.920e+01,1.16,3.400e-01,-1.100e-01,1764.0,,,2284.73,1999.71,-696.16,9.80,1,q1_q17_dr25_tce,6375.00,177.00,-244.00,4.474,0.065,-0.195,0.9750,0.2890,-0.0960,293.793700,41.204491,15.514
5977541,K06642.01,,FALSE POSITIVE,FALSE POSITIVE,0.0000,0,1,1,0,1.140735280,2.4520000e-05,-2.4520000e-05,132.5852000,1.980000e-02,-1.980000e-02,0.7680,0.2280,-0.5210,2.39400,0.52300,-0.52300,1.3500e+01,2.100e+00,-2.100e+00,0.68,1.400e-01,-1.400e-01,3190.0,,,24512.67,16034.25,-11157.51,7.80,1,q1_q17_dr25_tce,8847.00,247.00,-371.00,4.200,0.130,-0.159,1.6850,0.3660,-0.3300,296.475460,41.241116,12.500
5977804,K06643.01,,FALSE POSITIVE,FALSE POSITIVE,,0,0,1,0,3.319766830,5.3960000e-05,-5.3960000e-05,131.7956000,1.350000e-02,-1.350000e-02,0.7130,0.2567,-0.4743,4.52300,0.83000,-0.83000,4.8000e+01,1.000e+01,-1.000e+01,0.70,2.600e-01,-9.000e-02,1276.0,,,626.66,699.01,-198.75,8.50,1,q1_q17_dr24_tce,6100.00,175.00,-181.00,4.438,0.090,-0.090,0.9400,0.3520,-0.1150,296.535710,41.239010,14.644
6792124,K06770.01,,FALSE POSITIVE,FALSE POSITIVE,0.0000,0,1,0,1,0.528808170,1.9060000e-06,-1.9060000e-06,131.6784400,3.780000e-03,-3.780000e-03,0.4320,0.2490,-0.2940,2.28650,0.09100,-0.09100,5.7700e+01,1.900e+00,-1.900e+00,1.84,3.400e-01,-6.400e-01,3558.0,,,37880.12,21611.18,-23436.66,38.80,1,q1_q17_dr25_tce,6224.00,171.00,-171.00,3.815,0.304,-0.095,2.3680,0.4430,-0.8220,295.784820,42.285679,13.274
6804648,K06771.01,,FALSE POSITIVE,FALSE POSITIVE,0.0000,0,1,1,0,0.700606479,3.6420000e-06,-3.6420000e-06,131.5976700,4.510000e-03,-4.510000e-03,0.3700,0.1300,-0.3700,0.99300,0.28500,-0.28500,2.3500e+01,4.100e+00,-4.100e+00,1.22,2.200e-01,-4.500e-01,3312.0,,,28551.69,16084.64,-18382.91,9.00,1,q1_q17_dr25_tce,6280.00,172.00,-172.00,3.795,0.304,-0.095,2.4490,0.4520,-0.9040,298.482570,42.240379,12.609
6806632,K06772.01,,FALSE POSITIVE,FALSE POSITIVE,0.0000,1,0,0,0,9.469191607,5.8900000e-07,-5.8900000e-07,140.9753434,5.110000e-05,-5.110000e-05,0.6270,0.0010,-0.0010,9.55999,0.00257,-0.00257,6.3502e+04,1.830e+01,-1.830e+01,49.17,2.171e+01,-1.087e+01,1679.0,,,1875.84,2543.21,-924.35,4419.30,1,q1_q17_dr25_tce,9454.00,301.00,-414.00,4.244,0.108,-0.234,1.8320,0.8090,-0.4050,298.890750,42.209862,13.292
6841577,K06773.01,,FALSE POSITIVE,FALSE POSITIVE,0.0000,0,1,0,0,15.537533780,9.1000000e-07,-9.1000000e-07,140.2734399,4.720000e-05,-4.720000e-05,0.4250,0.0040,-0.0030,5.82620,0.00229,-0.00229,2.0901e+05,1.060e+02,-1.060e+02,40.90,9.950e+00,-5.370e+00,694.0,,,54.73,39.35,-17.71,2807.80,1,q1_q17_dr25_tce,5704.00,154.00,-154.00,4.476,0.104,-0.169,0.8680,0.2110,-0.1140,283.775850,42.359322,14.875
6842345,K06774.01,,CANDIDATE,CANDIDATE,0.9460,0,0,0,0,17.381622400,1.2550000e-06,-1.2550000e-06,142.4067834,6.180000e-05,-6.180000e-05,0.6660,0.0150,-0.0020,2.73456,0.00508,-0.00508,5.9099e+04,7.240e+01,-7.240e+01,26.55,7.700e+00,-4.140e+00,756.0,,,77.09,67.29,-29.03,1149.70,1,q1_q17_dr25_tce,6116.00,183.00,-201.00,4.407,0.090,-0.195,1.0200,0.2960,-0.1590,284.132080,42.350441,15.567
6852488,K06775.01,,FALSE POSITIVE,FALSE POSITIVE,0.0000,0,1,0,0,2.172042913,8.7900000e-07,-8.7900000e-07,131.7646410,3.370000e-04,-3.370000e-04,0.8810,0.0170,-0.0200,8.03310,0.02400,-0.02400,1.5438e+05,3.200e+02,-3.200e+02,100.79,1.908e+01,-1.590e+01,2169.0,,,5231.88,2467.49,-1694.32,583.60,1,q1_q17_dr25_tce,7128.00,71.00,-85.00,4.105,0.115,-0.126,1.7750,0.3360,-0.2800,288.473140,42.380070,13.908
6853172,K06776.01,,CANDIDATE,CANDIDATE,0.9790,0,0,0,0,28.655498000,1.0630000e-03,-1.0630000e-03,157.1618000,3.310000e-02,-3.310000e-02,0.0790,0.3670,-0.0790,8.58000,1.20000,-1.20000,1.7360e+02,2.200e+01,-2.200e+01,1.45,4.400e-01,-1.700e-01,658.0,,,44.37,39.87,-15.08,10.10,1,q1_q17_dr25_tce,6268.00,174.00,-239.00,4.429,0.052,-0.208,1.1000,0.3350,-0.1340,288.730290,42.334011,15.426
6859546,K06777.01,,CANDIDATE,CANDIDATE,0.7180,0,0,0,0,13.445017400,1.2610000e-04,-1.2610000e-04,137.2478800,8.350000e-03,-8.350000e-03,0.5310,0.4500,-0.3180,2.11800,0.24600,-0.24600,1.9620e+02,2.900e+01,-2.900e+01,1.08,1.000e-01,-1.000e-01,606.0,,,31.92,11.17,-8.79,8.30,1,q1_q17_dr25_tce,5003.00,151.00,-151.00,4.553,0.061,-0.050,0.7590,0.0720,-0.0720,290.721950,42.391571,15.256
8460634,K07887.01,,FALSE POSITIVE,FALSE POSITIVE,0.0000,0,0,1,1,6.352164750,9.1350000e-05,-9.1350000e-05,134.1982000,1.160000e-02,-1.160000e-02,0.1960,0.2710,-0.1960,3.25100,0.30300,-0.30300,1.8570e+02,1.990e+01,-1.990e+01,18.10,3.460e+00,-3.830e+00,2698.0,,,12523.45,5874.42,-5370.43,10.90,1,q1_q17_dr25_tce,4820.00,43.00,-100.00,2.471,0.027,-0.033,13.6540,2.6040,-2.8930,300.783080,44.489269,11.673
7671594,K06902.01,,FALSE POSITIVE,FALSE POSITIVE,,0,1,0,0,0.705174384,9.4000000e-08,-9.4000000e-08,131.6948660,1.090000e-04,-1.090000e-04,13.5485,1.0680,-3.5340,1.11196,0.00744,-0.00744,3.7523e+05,1.728e+03,-1.728e+03,366.76,7.336e+01,-7.335e+01,751.0,,,75.23,39.71,-29.89,222.80,1,q1_q17_dr24_tce,3354.00,50.00,-50.00,5.031,0.060,-0.060,0.2500,0.0500,-0.0500,287.635860,43.370770,15.815
7677005,K06903.01,,FALSE POSITIVE,FALSE POSITIVE,0.0000,0,1,0,0,38.058140058,2.5340000e-06,-2.5340000e-06,142.4101791,5.640000e-05,-5.640000e-05,0.6300,0.0040,-0.0050,8.82403,0.00292,-0.00292,3.0887e+05,8.640e+01,-8.640e+01,94.10,2.189e+01,-1.459e+01,736.0,,,69.39,46.43,-26.57,3602.00,1,q1_q17_dr25_tce,6894.00,164.00,-247.00,4.250,0.092,-0.138,1.4190,0.3300,-0.2200,289.915740,43.390789,12.178
7687365,K06904.01,,CANDIDATE,CANDIDATE,,0,0,0,0,26.155676700,3.3360000e-04,-3.3360000e-04,154.3522300,9.110000e-03,-9.110000e-03,0.1660,0.3354,-0.1657,1.54200,0.35700,-0.35700,2.9500e+02,7.630e+01,-7.630e+01,1.28,2.800e-01,-1.000e-01,501.0,,,14.92,10.18,-3.66,7.00,1,q1_q17_dr24_tce,5204.00,171.00,-139.00,4.573,0.037,-0.037,0.7600,0.1640,-0.0630,293.417850,43.342850,15.425
7691527,K06905.01,,FALSE POSITIVE,FALSE POSITIVE,0.0000,1,0,0,0,4.800232532,5.4400000e-07,-5.4400000e-07,135.7829072,9.470000e-05,-9.470000e-05,0.6690,0.0270,-0.0260,3.57105,0.00480,-0.00480,2.7700e+05,2.520e+02,-2.520e+02,48.67,1.017e+01,-3.600e+00,941.0,,,184.84,119.52,-44.68,893.60,1,q1_q17_dr25_tce,5591.00,169.00,-169.00,4.590,0.043,-0.136,0.7560,0.1580,-0.0560,294.732600,43.349522,15.431
7695445,K06906.01,,FALSE POSITIVE,FALSE POSITIVE,,1,0,0,0,1.743366270,2.7890000e-05,-2.7890000e-05,132.8574000,1.270000e-02,-1.270000e-02,1.8550,0.0034,-0.6454,10.40500,0.77000,-0.77000,4.5100e+02,2.870e+01,-2.870e+01,140.49,8.554e+01,-2.995e+01,2029.0,,,4006.15,7393.99,-1866.64,20.80,1,q1_q17_dr24_tce,6640.00,159.00,-241.00,4.208,0.141,-0.141,1.4780,0.9000,-0.3150,295.907440,43.385979,13.142
7700500,K06907.01,,CANDIDATE,CANDIDATE,0.9090,0,0,0,0,4.606877170,8.5060000e-05,-8.5060000e-05,133.8738000,1.620000e-02,-1.620000e-02,0.3410,0.1090,-0.3410,2.29500,0.36100,-0.36100,2.5870e+02,4.370e+01,-4.370e+01,1.14,1.200e-01,-1.200e-01,865.0,,,132.78,57.50,-39.27,7.50,1,q1_q17_dr25_tce,5110.00,194.00,-176.00,4.582,0.061,-0.055,0.7110,0.0790,-0.0710,297.240390,43.397678,15.930
7700578,K06908.01,,FALSE POSITIVE,FALSE POSITIVE,0.0000,1,0,0,1,1.507100589,4.2990000e-06,-4.2990000e-06,132.0932200,4.000000e-03,-4.000000e-03,0.3360,0.0140,-0.0130,5.80970,0.01160,-0.01160,4.9766e+05,9.460e+02,-9.460e+02,131.16,3.789e+01,-3.407e+01,2378.0,,,7555.78,6432.98,-4106.75,711.80,1,q1_q17_dr25_tce,6919.00,190.00,-309.00,4.099,0.190,-0.171,1.7480,0.5050,-0.4540,297.260190,43.306358,14.150
7707736,K06909.01,,FALSE POSITIVE,FALSE POSITIVE,0.0000,1,0,0,1,0.758355704,5.5400000e-07,-5.5400000e-07,131.8639720,6.010000e-04,-6.010000e-04,0.8460,0.0060,-0.0040,4.41350,0.05400,-0.05400,9.5683e+03,7.610e+01,-7.610e+01,8.78,2.040e+00,-6.900e-01,1765.0,,,2292.94,1627.29,-545.55,153.30,2,q1_q17_dr25_tce,5629.00,169.00,-152.00,4.586,0.036,-0.144,0.7830,0.1820,-0.0610,298.897640,43.394459,15.617
7733540,K06910.01,,FALSE POSITIVE,FALSE POSITIVE,,1,0,0,0,0.772586080,,,131.7134714,,,,,,2.70000,,,,,,,,,,,,,,,,1,q1_q17_dr24_tce,,,,,,,,,,283.013820,43.483109,15.214
8411947,K07034.01,,FALSE POSITIVE,FALSE POSITIVE,0.0000,0,1,0,0,0.898837525,1.9900000e-07,-1.9900000e-07,132.1340500,1.910000e-04,-1.910000e-04,0.4960,0.0350,-0.0300,3.53420,0.01240,-0.01240,3.9978e+05,9.960e+02,-9.960e+02,57.14,8.570e+00,-6.230e+00,1615.0,,,1609.86,833.10,-501.74,445.60,1,q1_q17_dr25_tce,5284.00,185.00,-185.00,4.518,0.081,-0.099,0.8070,0.1210,-0.0880,282.887360,44.439110,15.300
8414159,K07035.01,,FALSE POSITIVE,FALSE POSITIVE,0.0000,0,1,0,0,11.931131598,3.5700000e-07,-3.5700000e-07,142.8536843,2.450000e-05,-2.450000e-05,1.0370,0.0170,-0.0230,5.56983,0.00136,-0.00136,3.0051e+05,3.620e+01,-3.620e+01,93.46,2.602e+01,-1.111e+01,831.0,,,112.47,92.09,-35.19,5606.70,1,q1_q17_dr25_tce,6089.00,165.00,-183.00,4.449,0.084,-0.196,0.9590,0.2670,-0.1140,284.123690,44.440350,14.378
8414216,K07036.01,,FALSE POSITIVE,FALSE POSITIVE,0.0000,0,0,0,1,11.931379920,9.6720000e-05,-9.6720000e-05,142.8236600,7.540000e-03,-7.540000e-03,0.4120,0.0450,-0.4120,3.63900,0.17900,-0.17900,1.2210e+02,9.700e+00,-9.700e+00,0.56,3.000e-02,-3.000e-02,415.0,,,7.00,1.07,-1.09,14.70,1,q1_q17_dr25_tce,3787.00,51.00,-51.00,4.742,0.032,-0.017,0.5050,0.0230,-0.0280,284.157990,44.459110,14.003
8415863,K07037.01,,FALSE POSITIVE,FALSE POSITIVE,0.0000,0,1,0,0,27.533803402,5.5900000e-07,-5.5900000e-07,147.2410009,1.670000e-05,-1.670000e-05,0.9080,0.0230,-0.0060,3.96227,0.00291,-0.00291,4.8153e+04,5.000e+00,-5.000e+00,50.02,1.230e+01,-1.847e+01,777.0,,,85.95,65.69,-56.38,5446.90,1,q1_q17_dr25_tce,5925.00,193.00,-211.00,4.052,0.350,-0.150,1.6110,0.3960,-0.5950,285.051480,44.485138,12.921
8423903,K07038.01,,FALSE POSITIVE,FALSE POSITIVE,0.0000,1,0,0,0,12.496434600,2.2130000e-04,-2.2130000e-04,132.0358000,1.430000e-02,-1.430000e-02,1.1700,0.0780,-0.0850,84.32000,1.20000,-1.20000,2.7170e+02,2.500e+00,-2.500e+00,55.34,1.084e+01,-2.530e+01,1397.0,,,899.44,536.52,-676.12,141.50,1,q1_q17_dr25_tce,6821.00,190.00,-286.00,3.805,0.390,-0.130,2.7300,0.5350,-1.2480,289.230800,44.412483,13.054
8429450,K07039.01,,FALSE POSITIVE,FALSE POSITIVE,0.0000,0,1,0,0,1.352576807,1.5600000e-07,-1.5600000e-07,132.0374311,9.520000e-05,-9.520000e-05,0.6160,0.0140,-0.0140,5.49531,0.00583,-0.00583,3.1748e+05,2.550e+02,-2.550e+02,161.02,3.259e+01,-7.603e+01,2866.0,,,15932.27,10104.48,-12184.18,1365.10,1,q1_q17_dr25_tce,6881.00,214.00,-285.00,3.831,0.456,-0.114,2.4060,0.4870,-1.1360,291.315950,44.462849,13.106
8442795,K07040.01,,CANDIDATE,CANDIDATE,,0,0,0,0,502.206420000,4.7420000e-02,-4.7420000e-02,162.9131000,7.550000e-02,-7.550000e-02,0.9802,0.0245,-0.7023,9.39000,1.60000,-1.60000,4.4790e+02,8.520e+01,-8.520e+01,2.18,7.600e-01,-1.100e-01,212.0,,,0.48,0.49,-0.10,7.10,1,q1_q17_dr24_tce,6018.00,182.00,-164.00,4.615,0.024,-0.024,0.7330,0.2550,-0.0380,296.057280,44.461079,14.948
8443812,K07041.01,,CANDIDATE,CANDIDATE,0.8880,0,0,0,0,8.361373200,1.3080000e-04,-1.3080000e-04,139.2515000,1.430000e-02,-1.430000e-02,0.0670,0.4050,-0.0670,3.64900,0.38000,-0.38000,1.0470e+02,1.320e+01,-1.320e+01,0.79,1.200e-01,-9.000e-02,793.0,,,93.31,46.67,-29.43,9.50,1,q1_q17_dr25_tce,5470.00,180.00,-163.00,4.509,0.105,-0.105,0.7770,0.1150,-0.0940,296.384220,44.433418,15.122
8445775,K07042.01,,FALSE POSITIVE,FALSE POSITIVE,0.0000,0,1,0,0,13.254134073,7.3300000e-07,-7.3300000e-07,136.3679147,4.660000e-05,-4.660000e-05,1.0510,0.1350,-0.0090,4.34991,0.00182,-0.00182,4.4980e+04,1.640e+01,-1.640e+01,58.51,1.602e+01,-1.956e+01,990.0,,,227.51,188.61,-139.47,2281.00,1,q1_q17_dr25_tce,6175.00,188.00,-206.00,4.111,0.319,-0.147,1.4360,0.3930,-0.4800,296.953250,44.464230,13.876
9397900,K07169.01,,CANDIDATE,CANDIDATE,0.7290,0,0,0,0,10.511377900,4.0060000e-04,-4.0060000e-04,140.9553000,3.700000e-02,-3.700000e-02,0.1980,0.2520,-0.1980,4.74000,0.86200,-0.86200,2.9900e+01,3.800e+00,-3.800e+00,0.72,2.300e-01,-1.200e-01,1052.0,,,289.46,263.92,-117.48,8.80,1,q1_q17_dr25_tce,6575.00,181.00,-250.00,4.278,0.124,-0.201,1.3050,0.4040,-0.2180,289.041960,45.977081,12.931
9411943,K07170.01,,FALSE POSITIVE,FALSE POSITIVE,0.0000,0,1,1,0,1.922009494,6.2500000e-07,-6.2500000e-07,132.1612850,2.680000e-04,-2.680000e-04,1.3120,0.3620,-0.1810,3.10100,0.01410,-0.01410,6.5478e+03,2.660e+01,-2.660e+01,48.61,1.382e+01,-1.006e+01,1596.0,,,1534.66,1279.75,-679.43,284.40,1,q1_q17_dr25_tce,5880.00,158.00,-175.00,4.296,0.225,-0.184,1.0870,0.3090,-0.2250,294.941770,45.929562,14.738
9412462,K07171.01,,FALSE POSITIVE,FALSE POSITIVE,0.0000,0,1,0,0,10.186578749,5.0900000e-07,-5.0900000e-07,132.5289587,4.120000e-05,-4.120000e-05,0.6770,0.0050,-0.0120,10.63040,0.00441,-0.00441,3.4067e+05,7.450e+01,-7.450e+01,67.45,1.679e+01,-9.060e+00,793.0,,,93.53,70.58,-30.65,5867.80,1,q1_q17_dr25_tce,5557.00,166.00,-149.00,4.448,0.108,-0.175,0.9160,0.2280,-0.1230,295.120390,45.968552,14.846
9418994,K07172.01,,FALSE POSITIVE,FALSE POSITIVE,0.0000,0,1,0,0,32.003815635,5.7980000e-06,-5.7980000e-06,136.4948200,1.410000e-04,-1.410000e-04,1.2260,0.0480,-0.0470,4.31197,0.00748,-0.00748,1.7120e+04,2.630e+01,-2.630e+01,180.25,5.005e+01,-1.252e+02,960.0,,,201.25,175.18,-185.16,711.40,1,q1_q17_dr25_tce,5260.00,182.00,-200.00,3.459,0.808,-0.202,4.0620,1.1280,-2.8210,297.283870,45.953110,13.396
9451096,K07173.01,,FALSE POSITIVE,FALSE POSITIVE,0.0000,0,1,0,0,1.250390814,6.2000000e-08,-6.2000000e-08,131.7337519,4.070000e-05,-4.070000e-05,0.7300,0.0090,-0.0080,3.71840,0.00136,-0.00136,2.3117e+05,4.160e+01,-4.160e+01,101.37,2.628e+01,-3.938e+01,2367.0,,,7420.89,5904.33,-5051.36,2046.80,1,q1_q17_dr25_tce,6297.00,199.00,-244.00,4.006,0.385,-0.137,1.6630,0.4310,-0.6460,284.807100,46.098003,12.640
9458266,K07174.01,,CANDIDATE,CANDIDATE,0.8010,0,0,0,0,1.584878980,1.4710000e-05,-1.4710000e-05,132.6977200,8.700000e-03,-8.700000e-03,0.4170,0.0330,-0.4170,1.79100,0.23300,-0.23300,4.2900e+01,6.000e+00,-6.000e+00,0.37,3.000e-02,-4.000e-02,943.0,,,187.91,62.01,-56.77,9.30,1,q1_q17_dr25_tce,4201.00,127.00,-140.00,4.675,0.065,-0.025,0.5660,0.0490,-0.0600,288.877690,46.059139,13.742
9466042,K07175.01,,FALSE POSITIVE,FALSE POSITIVE,0.0000,1,0,0,0,9.274268500,,,133.5990000,,,,,,13.39000,,,,,,,,,,,,134.36,151.08,-39.00,,1,q1_q17_dr25_tce,,,,,,,,,,292.311400,46.073318,12.997
9468296,K07176.01,,FALSE POSITIVE,FALSE POSITIVE,0.0000,0,1,0,0,5.748815953,7.8350000e-06,-7.8350000e-06,132.2802100,1.120000e-03,-1.120000e-03,1.1720,6.8490,-0.4420,1.92160,0.05970,-0.05970,1.1657e+04,3.270e+02,-3.270e+02,26.94,2.540e+00,-2.830e+00,799.0,,,96.29,33.71,-27.26,43.30,1,q1_q17_dr25_tce,4961.00,151.00,-136.00,4.545,0.078,-0.058,0.7530,0.0710,-0.0790,293.219760,46.053730,15.311
10264202,K07300.01,,FALSE POSITIVE,FALSE POSITIVE,0.0000,0,1,0,0,0.517573708,4.7000000e-08,-4.7000000e-08,131.5161551,7.480000e-05,-7.480000e-05,1.0210,0.0560,-0.0530,2.23102,0.00487,-0.00487,8.7205e+04,1.480e+02,-1.480e+02,37.02,6.190e+00,-2.480e+00,1863.0,,,2827.01,1504.83,-647.74,740.20,1,q1_q17_dr25_tce,5427.00,162.00,-162.00,4.633,0.032,-0.104,0.7000,0.1170,-0.0470,287.423650,47.373341,15.777
10264293,K07301.01,,CANDIDATE,CANDIDATE,0.3970,0,0,0,0,20.952560400,2.6780000e-04,-2.6780000e-04,146.3809000,1.150000e-02,-1.150000e-02,0.7400,0.2200,-0.5240,3.98600,0.35600,-0.35600,2.3290e+02,2.820e+01,-2.820e+01,1.19,1.100e-01,-9.000e-02,495.0,,,14.20,4.94,-3.37,9.80,1,q1_q17_dr25_tce,4885.00,146.00,-131.00,4.610,0.028,-0.056,0.7200,0.0680,-0.0560,287.479860,47.360161,15.645
10268809,K07302.01,,FALSE POSITIVE,FALSE POSITIVE,0.0000,0,1,0,0,24.709326860,1.3030000e-05,-1.3030000e-05,138.9965520,3.700000e-04,-3.700000e-04,0.9280,0.1120,-0.0340,5.06980,0.02950,-0.02950,2.9265e+04,1.440e+02,-1.440e+02,25.10,8.090e+00,-3.240e+00,662.0,,,45.33,43.81,-14.85,284.70,1,q1_q17_dr25_tce,6065.00,180.00,-180.00,4.427,0.072,-0.217,1.0230,0.3300,-0.1320,289.680570,47.317810,13.737
10274244,K07303.01,,FALSE POSITIVE,FALSE POSITIVE,0.0000,0,1,0,0,13.683692590,4.6200000e-07,-4.6200000e-07,135.2108067,2.670000e-05,-2.670000e-05,0.0890,0.0600,-0.0310,4.22504,0.00190,-0.00190,1.8551e+05,5.530e+01,-5.530e+01,30.60,3.240e+00,-3.240e+00,635.0,,,38.37,13.81,-10.87,3641.60,1,q1_q17_dr25_tce,5359.00,144.00,-144.00,4.566,0.090,-0.060,0.7080,0.0750,-0.0750,291.936400,47.309689,11.544
10275887,K07304.01,,FALSE POSITIVE,FALSE POSITIVE,0.0000,0,1,0,0,9.726748645,1.1300000e-06,-1.1300000e-06,139.4774644,9.890000e-05,-9.890000e-05,1.8830,0.0180,-0.0240,19.40930,0.01110,-0.01110,3.9341e+05,1.140e+02,-1.140e+02,277.38,7.971e+01,-1.061e+02,997.0,,,233.38,207.21,-154.66,4414.30,1,q1_q17_dr25_tce,5618.00,186.00,-169.00,4.107,0.378,-0.162,1.4060,0.4040,-0.5380,292.592220,47.392277,13.040
10290021,K07305.01,,CANDIDATE,CANDIDATE,,0,0,0,0,3.729209720,9.0680000e-05,-9.0680000e-05,131.9326000,2.100000e-02,-2.100000e-02,0.5232,0.0133,-0.4559,5.01200,0.57200,-0.57200,1.4400e+01,1.900e+00,-1.900e+00,0.80,3.000e-02,-2.000e-02,1713.0,,,2035.92,199.72,-204.19,9.60,1,q1_q17_dr24_tce,6215.00,56.00,-56.00,3.955,0.014,-0.014,2.0500,0.0600,-0.0700,297.471620,47.399940,9.976
10290447,K07306.01,,FALSE POSITIVE,FALSE POSITIVE,,1,0,0,0,0.691561191,5.0430000e-06,-5.0430000e-06,131.6477000,8.170000e-03,-8.170000e-03,1.0183,0.0048,-0.6841,5.23000,0.68600,-0.68600,1.9010e+03,1.470e+02,-1.470e+02,5.91,6.200e-01,-4.300e-01,1460.0,,,1074.31,472.57,-271.30,3.40,1,q1_q17_dr24_tce,4892.00,204.00,-171.00,4.669,0.052,-0.052,0.5860,0.0620,-0.0420,297.592320,47.345360,14.353
10292465,K07307.01,,FALSE POSITIVE,FALSE POSITIVE,0.0000,0,1,0,0,1.353370910,3.0300000e-07,-3.0300000e-07,131.9369540,1.780000e-04,-1.780000e-04,0.5790,0.0280,-0.0340,2.23960,0.01350,-0.01350,1.0456e+05,5.360e+02,-5.360e+02,26.69,3.980e+00,-3.270e+00,1444.0,,,1031.53,518.62,-319.26,303.00,1,q1_q17_dr25_tce,5426.00,178.00,-146.00,4.511,0.100,-0.100,0.7840,0.1170,-0.0960,298.136320,47.384529,14.956
10294608,K07308.01,,FALSE POSITIVE,FALSE POSITIVE,0.0000,0,1,0,0,1.854491777,2.2600000e-07,-2.2600000e-07,132.4915806,9.520000e-05,-9.520000e-05,0.2850,0.0070,-0.0030,5.14771,0.00653,-0.00653,3.8343e+05,5.570e+02,-5.570e+02,63.08,1.746e+01,-9.430e+00,1511.0,,,1232.64,976.35,-443.67,1070.60,1,q1_q17_dr25_tce,5843.00,140.00,-176.00,4.413,0.105,-0.180,0.9900,0.2740,-0.1480,298.736330,47.377430,13.344
11287726,K07433.01,,FALSE POSITIVE,FALSE POSITIVE,0.0000,0,1,0,0,4.737713268,1.8280000e-06,-1.8280000e-06,132.3252530,3.070000e-04,-3.070000e-04,0.8000,0.1930,-0.0660,6.38400,0.02090,-0.02090,1.0526e+05,3.140e+02,-3.140e+02,29.25,4.800e+00,-2.230e+00,882.0,,,143.54,75.22,-33.73,476.70,1,q1_q17_dr25_tce,5335.00,159.00,-143.00,4.624,0.032,-0.097,0.7190,0.1180,-0.0550,286.521940,49.069149,14.176
11288492,K07434.01,,CANDIDATE,CANDIDATE,0.9860,0,0,0,0,5.704593000,4.4390000e-05,-4.4390000e-05,134.4010200,6.660000e-03,-6.660000e-03,0.2850,0.1820,-0.2850,1.14900,0.23100,-0.23100,1.2990e+02,2.270e+01,-2.270e+01,0.95,2.000e-01,-8.000e-02,900.0,,,154.92,98.02,-39.91,8.50,1,q1_q17_dr25_tce,5523.00,149.00,-166.00,4.566,0.034,-0.145,0.8320,0.1760,-0.0700,287.048430,49.028610,14.572
11288772,K07435.01,,CANDIDATE,CANDIDATE,1.0000,0,0,0,0,1.367523160,6.4420000e-06,-6.4420000e-06,131.7716300,4.140000e-03,-4.140000e-03,0.2990,0.1530,-0.2990,1.20800,0.11500,-0.11500,6.1000e+01,6.200e+00,-6.200e+00,0.82,1.300e-01,-6.000e-02,1684.0,,,1899.59,788.47,-373.37,11.70,1,q1_q17_dr25_tce,5836.00,78.00,-78.00,4.417,0.063,-0.117,1.0480,0.1660,-0.0830,287.220090,49.053501,13.861
11295085,K07436.01,,FALSE POSITIVE,FALSE POSITIVE,0.0000,1,0,0,0,2.497774540,,,133.7602628,,,0.7780,,,5.24100,,,7.8700e+01,,,2.14,4.500e-01,-5.500e-01,2264.0,,,6214.34,3782.73,-3248.77,51.10,2,q1_q17_dr25_tce,7117.00,170.00,-255.00,3.964,0.208,-0.128,2.2110,0.4640,-0.5680,290.858520,49.052189,12.321
11296724,K07437.01,,CANDIDATE,CANDIDATE,0.6680,0,0,0,0,1.999724400,1.9790000e-05,-1.9790000e-05,131.9304500,9.060000e-03,-9.060000e-03,0.3700,0.0960,-0.3700,1.97600,0.32200,-0.32200,8.5100e+01,1.650e+01,-1.650e+01,0.84,2.000e-01,-9.000e-02,1385.0,,,870.41,608.84,-251.28,8.90,1,q1_q17_dr25_tce,5838.00,146.00,-175.00,4.529,0.042,-0.178,0.8970,0.2160,-0.0930,291.720180,49.084541,15.512
11350389,K07438.01,,FALSE POSITIVE,FALSE POSITIVE,0.0000,0,1,0,0,1.512642080,3.2400000e-07,-3.2400000e-07,132.0259840,1.720000e-04,-1.720000e-04,1.1920,1.0480,-0.1300,1.87100,0.01330,-0.01330,2.3842e+04,8.170e+01,-8.170e+01,36.72,5.070e+00,-4.120e+00,1357.0,,,801.00,366.96,-235.15,262.60,1,q1_q17_dr25_tce,5258.00,158.00,-142.00,4.508,0.090,-0.090,0.8110,0.1120,-0.0910,291.842900,49.119099,15.724
11356602,K07439.01,,FALSE POSITIVE,FALSE POSITIVE,0.0000,1,0,0,0,323.257500000,1.6510000e-02,-1.6510000e-02,191.3655000,2.720000e-02,-2.720000e-02,0.0340,0.3990,-0.0340,17.26000,1.20000,-1.20000,2.8680e+02,1.420e+01,-1.420e+01,2.01,3.100e-01,-2.800e-01,293.0,,,1.73,0.71,-0.52,20.00,1,q1_q17_dr25_tce,5866.00,79.00,-79.00,4.301,0.132,-0.108,1.1980,0.1850,-0.1680,294.823910,49.158642,13.011
11358392,K07440.01,,FALSE POSITIVE,FALSE POSITIVE,0.0000,0,1,0,0,0.984971822,1.8500000e-07,-1.8500000e-07,132.4028870,1.580000e-04,-1.580000e-04,1.2740,0.8160,-0.1970,1.64247,0.00743,-0.00743,6.6835e+03,1.760e+01,-1.760e+01,56.10,1.709e+01,-1.139e+01,2321.0,,,6852.37,6029.40,-3001.82,279.10,1,q1_q17_dr25_tce,6437.00,162.00,-194.00,4.237,0.149,-0.182,1.3690,0.4170,-0.2780,295.627720,49.178242,13.548
1433531,K06254.01,,FALSE POSITIVE,FALSE POSITIVE,,1,0,0,0,567.713290000,2.8320000e-02,-2.8320000e-02,436.4746000,4.200000e-02,-4.200000e-02,0.4247,0.0307,-0.4246,12.85000,1.50000,-1.50000,2.5940e+02,4.070e+01,-4.070e+01,3.28,1.120e+00,-1.320e+00,325.0,,,2.64,2.67,-1.82,6.60,1,q1_q17_dr24_tce,6248.00,176.00,-205.00,3.924,0.351,-0.351,1.9960,0.6820,-0.8040,291.665470,37.076118,13.240
1717528,K06255.01,,FALSE POSITIVE,FALSE POSITIVE,,0,0,1,0,9.313920710,6.9180000e-05,-6.9180000e-05,135.7783000,6.050000e-03,-6.050000e-03,0.1287,0.3959,-0.1286,0.97100,0.24000,-0.24000,1.6370e+02,4.040e+01,-4.040e+01,1.25,5.300e-01,-1.100e-01,884.0,,,144.19,176.89,-39.76,6.60,1,q1_q17_dr24_tce,6032.00,153.00,-194.00,4.485,0.044,-0.044,0.9730,0.4080,-0.0890,290.576570,37.290539,14.574
1871483,K06256.01,,CANDIDATE,CANDIDATE,,0,0,0,0,14.137062000,1.5840000e-04,-1.5840000e-04,136.6982600,8.670000e-03,-8.670000e-03,0.2133,0.2498,-0.2133,2.26400,0.29200,-0.29200,3.9300e+02,5.860e+01,-5.860e+01,1.37,1.900e-01,-1.300e-01,568.0,,,24.62,11.37,-6.47,7.50,1,q1_q17_dr24_tce,4861.00,155.00,-128.00,4.574,0.056,-0.056,0.7090,0.0960,-0.0670,292.132390,37.388481,15.729
2012722,K06257.01,,FALSE POSITIVE,FALSE POSITIVE,0.0000,1,0,0,0,2.325399680,1.5350000e-05,-1.5350000e-05,132.1298500,6.720000e-03,-6.720000e-03,1.0040,0.0870,-0.0180,16.79100,0.36400,-0.36400,2.8810e+02,5.000e+00,-5.000e+00,9.76,1.660e+00,-3.080e+00,2501.0,,,9234.82,4664.22,-5456.68,79.90,2,q1_q17_dr25_tce,7046.00,168.00,-232.00,3.831,0.234,-0.108,2.7240,0.4640,-0.8610,291.011470,37.433640,11.661
2013883,K06258.01,,FALSE POSITIVE,FALSE POSITIVE,0.0000,0,0,1,0,0.764597756,3.6990000e-06,-3.6990000e-06,131.6955200,4.230000e-03,-4.230000e-03,0.3450,0.1280,-0.3450,1.11900,0.14900,-0.14900,1.6600e+01,1.700e+00,-1.700e+00,0.72,1.200e-01,-1.600e-01,2708.0,,,12721.72,5872.32,-5342.80,12.00,1,q1_q17_dr25_tce,6218.00,80.00,-80.00,4.066,0.174,-0.116,1.7260,0.3080,-0.3770,291.283200,37.419601,11.215
2161949,K06259.01,,CANDIDATE,CANDIDATE,0.8130,0,0,0,0,4.781139420,6.0370000e-05,-6.0370000e-05,131.7043000,1.110000e-02,-1.110000e-02,0.1180,0.3450,-0.1180,2.73300,0.29700,-0.29700,1.0580e+02,1.280e+01,-1.280e+01,1.14,3.100e-01,-2.200e-01,1130.0,,,386.46,316.02,-156.84,9.60,1,q1_q17_dr25_tce,5683.00,154.00,-154.00,4.326,0.170,-0.187,1.1150,0.3100,-0.2070,291.812900,37.555870,14.595
2161949,K06259.02,,CANDIDATE,CANDIDATE,0.9670,0,0,0,0,7.188640640,7.7580000e-05,-7.7580000e-05,133.1456600,9.610000e-03,-9.610000e-03,0.4240,0.0290,-0.4240,2.36400,0.33400,-0.33400,1.3350e+02,1.750e+01,-1.750e+01,1.30,3.600e-01,-2.400e-01,987.0,,,223.87,183.07,-90.85,9.30,2,q1_q17_dr25_tce,5683.00,154.00,-154.00,4.326,0.170,-0.187,1.1150,0.3100,-0.2070,291.812900,37.555870,14.595
2162994,K06260.01,,FALSE POSITIVE,FALSE POSITIVE,0.0000,0,1,0,0,4.101595158,1.7400000e-07,-1.7400000e-07,132.6324315,3.520000e-05,-3.520000e-05,0.3940,0.0010,-0.0010,6.10362,0.00222,-0.00222,3.6658e+05,1.690e+02,-1.690e+02,51.08,1.144e+01,-4.870e+00,1028.0,,,264.23,176.33,-70.46,3809.80,1,q1_q17_dr25_tce,5610.00,152.00,-152.00,4.533,0.074,-0.137,0.8080,0.1810,-0.0770,292.058010,37.592049,14.162
2167444,K06261.01,,FALSE POSITIVE,FALSE POSITIVE,0.0000,1,0,0,0,2.435740460,2.5980000e-05,-2.5980000e-05,133.4740400,9.310000e-03,-9.310000e-03,0.9970,0.4090,-0.0500,22.25000,6.20000,-6.20000,6.2230e+03,4.220e+02,-4.220e+02,24.62,7.790e+00,-5.180e+00,2102.0,,,4614.94,4444.25,-2288.69,74.60,1,q1_q17_dr25_tce,7239.00,230.00,-374.00,4.129,0.128,-0.192,1.7810,0.5630,-0.3750,292.999910,37.580139,14.141
4078693,K06386.01,,FALSE POSITIVE,FALSE POSITIVE,0.0000,0,1,0,0,2.756536015,1.3430000e-06,-1.3430000e-06,133.0256520,4.030000e-04,-4.030000e-04,1.2390,6.2300,-0.1470,1.59080,0.02290,-0.02290,3.5908e+03,3.850e+01,-3.850e+01,57.46,1.284e+01,-2.386e+01,1580.0,,,1472.73,1006.97,-1020.86,100.10,1,q1_q17_dr25_tce,5496.00,164.00,-147.00,4.020,0.420,-0.140,1.6690,0.3730,-0.6930,296.577910,39.111519,13.485
4142768,K06387.01,,FALSE POSITIVE,FALSE POSITIVE,0.0000,1,0,0,0,13.995853650,1.7100000e-05,-1.7100000e-05,131.6592400,1.030000e-03,-1.030000e-03,2.0950,6.2220,-0.2600,5.03080,0.05130,-0.05130,1.9681e+04,1.960e+02,-1.960e+02,368.42,1.435e+02,-2.666e+02,1202.0,,,493.55,604.30,-461.00,118.10,1,q1_q17_dr25_tce,5638.00,203.00,-203.00,3.597,0.944,-0.236,2.7030,1.0530,-1.9560,287.262850,39.260021,12.120
4149684,K06388.01,,FALSE POSITIVE,FALSE POSITIVE,0.0000,0,1,0,0,4.320850062,3.3200000e-07,-3.3200000e-07,132.4183917,6.500000e-05,-6.500000e-05,1.0870,0.0060,-0.0700,4.26661,0.00274,-0.00274,7.5927e+04,3.200e+01,-3.200e+01,59.16,1.912e+01,-8.190e+00,1221.0,,,524.62,515.80,-192.13,1691.50,1,q1_q17_dr25_tce,6098.00,193.00,-236.00,4.384,0.090,-0.210,1.0830,0.3500,-0.1500,289.502290,39.211605,13.928
4150703,K06389.01,,FALSE POSITIVE,FALSE POSITIVE,0.0000,0,0,1,1,8.653237800,1.3610000e-04,-1.3610000e-04,134.3027000,1.070000e-02,-1.070000e-02,0.3590,0.0880,-0.3590,2.97400,0.40200,-0.40200,1.2600e+02,1.800e+01,-1.800e+01,0.96,1.200e-01,-4.000e-02,793.0,,,93.75,32.28,-12.37,9.00,1,q1_q17_dr25_tce,5561.00,75.00,-83.00,4.561,0.012,-0.108,0.8540,0.1100,-0.0340,289.764370,39.246231,14.815
4157488,K06390.01,,FALSE POSITIVE,FALSE POSITIVE,0.0000,0,1,0,0,5.197420145,2.4400000e-07,-2.4400000e-07,132.5674705,3.930000e-05,-3.930000e-05,1.0250,0.0130,-0.0140,6.78534,0.00171,-0.00171,9.1307e+04,1.990e+01,-1.990e+01,81.49,2.054e+01,-3.082e+01,1416.0,,,949.86,735.81,-626.86,4262.10,1,q1_q17_dr25_tce,6248.00,197.00,-197.00,4.050,0.405,-0.162,1.5280,0.3850,-0.5780,291.603180,39.228329,13.961
4160669,K06391.01,,FALSE POSITIVE,FALSE POSITIVE,0.0000,0,1,1,0,2.183517999,1.8910000e-06,-1.8910000e-06,132.6929380,8.070000e-04,-8.070000e-04,1.2140,1.4640,-0.0520,4.27030,0.03630,-0.03630,1.3216e+03,1.080e+01,-1.080e+01,4633.66,2.023e+02,-6.070e+02,9791.0,,,2169685.72,467872.58,-642965.70,147.70,1,q1_q17_dr25_tce,3198.00,89.00,-56.00,0.047,0.160,-0.040,162.7250,7.1050,-21.3150,292.323910,39.299351,11.296
4171955,K06392.01,,FALSE POSITIVE,FALSE POSITIVE,,1,0,0,0,383.612480000,2.7320000e-02,-2.7320000e-02,254.3616000,3.240000e-02,-3.240000e-02,0.4658,0.4952,-0.2620,12.26300,0.92600,-0.92600,6.1930e+02,8.800e+01,-8.800e+01,2.30,7.900e-01,-1.900e-01,248.0,,,0.90,0.90,-0.22,10.20,1,q1_q17_dr24_tce,6011.00,154.00,-169.00,4.522,0.034,-0.034,0.9020,0.3140,-0.0730,294.928830,39.201401,14.481
4174507,K06393.01,,FALSE POSITIVE,FALSE POSITIVE,0.0000,0,1,0,0,1.945914237,5.6400000e-07,-5.6400000e-07,133.0420810,2.390000e-04,-2.390000e-04,1.2730,0.1930,-0.1340,2.87120,0.01250,-0.01250,9.8805e+03,3.780e+01,-3.780e+01,35.94,8.320e+00,-4.150e+00,1417.0,,,955.56,675.04,-293.98,299.20,1,q1_q17_dr25_tce,5967.00,179.00,-179.00,4.516,0.075,-0.162,0.8300,0.1920,-0.0960,295.473850,39.213829,15.439
5083138,K06511.01,,CANDIDATE,CANDIDATE,,0,0,0,0,27.122801000,1.0090000e-03,-1.0090000e-03,141.9673000,3.250000e-02,-3.250000e-02,0.3462,0.1180,-0.3462,5.25500,0.94400,-0.94400,2.3470e+02,3.740e+01,-3.740e+01,1.46,5.700e-01,-1.300e-01,594.0,,,29.38,33.94,-7.78,8.10,1,q1_q17_dr24_tce,5878.00,157.00,-189.00,4.512,0.034,-0.034,0.9450,0.3710,-0.0800,286.215390,40.203411,15.747
5083252,K06512.01,,FALSE POSITIVE,FALSE POSITIVE,0.0000,1,0,0,0,2.500560859,,,131.6761907,,,0.1040,,,7.59020,,,2.0400e+01,,,0.48,1.600e-01,-6.000e-02,1486.0,,,1149.55,1116.77,-352.76,4.50,1,q1_q17_dr25_tce,6305.00,169.00,-206.00,4.422,0.070,-0.210,1.0520,0.3490,-0.1160,286.277890,40.273029,15.039
5087223,K06513.01,,CANDIDATE,CANDIDATE,,0,0,0,0,5.622411110,3.8760000e-05,-3.8760000e-05,132.7470200,5.210000e-03,-5.210000e-03,0.4026,0.0574,-0.4025,1.18500,0.15800,-0.15800,4.6410e+02,6.590e+01,-6.590e+01,1.17,1.100e-01,-1.100e-01,561.0,,,23.43,6.60,-5.95,8.50,1,q1_q17_dr24_tce,3894.00,70.00,-95.00,4.710,0.060,-0.060,0.5410,0.0500,-0.0500,287.974550,40.255230,15.627
5091075,K06514.01,,FALSE POSITIVE,FALSE POSITIVE,,1,0,0,0,1.256257380,2.2930000e-05,-2.2930000e-05,131.7577000,1.600000e-02,-1.600000e-02,0.8208,0.0202,-0.5803,9.72600,0.54600,-0.54600,1.5200e+01,1.600e+00,-1.600e+00,1.32,2.800e-01,-5.700e-01,3507.0,,,35745.58,23536.57,-26126.36,50.10,1,q1_q17_dr24_tce,7450.00,235.00,-304.00,3.680,0.380,-0.380,3.0630,0.6440,-1.3360,289.312350,40.288189,11.857
5091614,K06515.01,,FALSE POSITIVE,FALSE POSITIVE,0.0000,0,1,0,0,21.142458554,7.9100000e-07,-7.9100000e-07,138.3916328,3.170000e-05,-3.170000e-05,0.9710,0.1710,-0.0030,5.17846,0.00221,-0.00221,7.3961e+04,1.500e+01,-1.500e+01,41.68,1.341e+01,-4.450e+00,672.0,,,48.12,45.69,-14.31,3830.90,1,q1_q17_dr25_tce,6079.00,169.00,-190.00,4.495,0.054,-0.229,0.9450,0.3040,-0.1010,289.482970,40.292751,14.083
5092799,K06516.01,,CANDIDATE,CANDIDATE,,0,0,0,0,11.290155900,6.1360000e-04,-6.1360000e-04,135.3964000,5.260000e-02,-5.260000e-02,0.6285,0.3256,-0.4156,10.47500,0.92400,-0.92400,1.6380e+02,2.290e+01,-2.290e+01,0.88,1.200e-01,-8.000e-02,617.0,,,34.17,17.51,-9.46,8.60,1,q1_q17_dr24_tce,5025.00,187.00,-168.00,4.609,0.061,-0.061,0.6570,0.0940,-0.0590,289.844020,40.262741,15.929
5092799,K06516.02,,CANDIDATE,CANDIDATE,,0,0,0,0,28.247533030,,,136.0869137,,,,,,13.20000,,,,,,,,,,,,,,,,2,q1_q17_dr24_tce,,,,,,,,,,289.844020,40.262741,15.929
5094301,K06517.01,,FALSE POSITIVE,FALSE POSITIVE,,0,1,0,0,0.995195590,1.5010000e-05,-1.5010000e-05,132.4712000,1.220000e-02,-1.220000e-02,0.0372,0.4223,-0.0371,2.29300,0.53200,-0.53200,1.3700e+01,2.900e+00,-2.900e+00,0.29,1.200e-01,-3.000e-02,1624.0,,,1642.44,2171.70,-465.38,7.40,1,q1_q17_dr24_tce,5506.00,176.00,-140.00,4.512,0.085,-0.085,0.7820,0.3370,-0.0850,290.269100,40.202160,10.291
5983348,K06644.01,,FALSE POSITIVE,FALSE POSITIVE,0.0000,0,1,0,0,25.150788449,3.8780000e-06,-3.8780000e-06,150.3455570,1.220000e-04,-1.220000e-04,1.0250,0.0860,-0.0200,7.72717,0.00830,-0.00830,3.7583e+04,3.320e+01,-3.320e+01,39.12,1.137e+01,-7.570e+00,686.0,,,52.23,46.29,-22.78,1504.90,1,q1_q17_dr25_tce,6015.00,190.00,-211.00,4.329,0.175,-0.193,1.1010,0.3200,-0.2130,297.733640,41.250912,15.048
5990753,K06645.01,,FALSE POSITIVE,FALSE POSITIVE,0.0000,0,1,0,0,7.216360910,1.7210000e-05,-1.7210000e-05,133.8892400,1.990000e-03,-1.990000e-03,0.0170,0.8800,-0.0170,2.21800,0.40100,-0.40100,3.8470e+02,2.130e+01,-2.130e+01,18.03,9.600e-01,-4.070e+00,2146.0,,,5009.17,720.23,-2367.61,37.20,1,q1_q17_dr25_tce,5029.00,39.00,-159.00,2.909,0.035,-0.039,9.4760,0.5030,-2.1380,299.305510,41.263519,10.916
6019971,K06646.01,,CANDIDATE,CANDIDATE,1.0000,0,0,0,0,7.135663300,5.4570000e-05,-5.4570000e-05,135.0964600,6.660000e-03,-6.660000e-03,0.7350,0.2370,-0.5240,1.78900,0.20200,-0.20200,2.5550e+02,3.260e+01,-3.260e+01,1.38,1.000e-01,-1.400e-01,751.0,,,75.39,22.57,-21.14,9.80,1,q1_q17_dr25_tce,4926.00,148.00,-148.00,4.522,0.084,-0.045,0.7930,0.0590,-0.0780,282.588010,41.347092,15.125
6029130,K06647.01,,FALSE POSITIVE,FALSE POSITIVE,0.0000,0,1,0,0,12.591656377,5.0600000e-07,-5.0600000e-07,134.7421233,3.260000e-05,-3.260000e-05,0.6290,0.0060,-0.0060,5.53385,0.00112,-0.00112,3.0258e+05,4.430e+01,-4.430e+01,49.21,7.940e+00,-3.710e+00,642.0,,,40.23,20.85,-9.41,3990.50,1,q1_q17_dr25_tce,5293.00,159.00,-143.00,4.604,0.032,-0.097,0.7560,0.1220,-0.0570,287.039790,41.328869,14.832
6035335,K06648.01,,FALSE POSITIVE,FALSE POSITIVE,,1,0,0,0,1.044408447,8.4770000e-06,-8.4770000e-06,132.3111600,7.170000e-03,-7.170000e-03,0.1512,0.3045,-0.1511,3.63300,0.26800,-0.26800,4.6200e+01,3.600e+00,-3.600e+00,1.17,8.200e-01,-1.900e-01,2745.0,,,13421.48,30144.16,-5459.30,15.10,4,q1_q17_dr24_tce,7274.00,219.00,-303.00,4.161,0.096,-0.096,1.6980,1.1850,-0.2740,289.517910,41.343632,11.865
6041511,K06649.01,,FALSE POSITIVE,FALSE POSITIVE,0.0000,1,0,0,0,0.977051140,2.9690000e-05,-2.9690000e-05,132.1871000,1.840000e-02,-1.840000e-02,0.6030,0.3680,-0.3880,2.33000,1.00000,-1.00000,2.0100e+01,2.700e+00,-2.700e+00,0.77,1.300e-01,-1.000e-01,2501.0,,,9261.10,4225.37,-2580.21,7.40,1,q1_q17_dr25_tce,6527.00,78.00,-78.00,4.162,0.105,-0.116,1.6310,0.2910,-0.2120,291.531250,41.389069,13.566
6042116,K06650.01,,FALSE POSITIVE,FALSE POSITIVE,0.0000,1,0,0,0,5.407157086,3.1800000e-07,-3.1800000e-07,136.5956575,4.730000e-05,-4.730000e-05,1.0620,0.0200,-0.0250,5.89190,0.00212,-0.00212,7.4653e+04,2.010e+01,-2.010e+01,125.96,2.273e+01,-5.298e+01,1984.0,,,3667.86,2115.00,-2630.44,2882.00,1,q1_q17_dr25_tce,7617.00,239.00,-319.00,3.856,0.392,-0.098,2.4390,0.4400,-1.0260,291.718110,41.389969,11.300
6042663,K06651.01,,FALSE POSITIVE,FALSE POSITIVE,0.0000,0,1,0,0,30.971766472,2.3620000e-06,-2.3620000e-06,151.5322506,6.220000e-05,-6.220000e-05,0.7630,0.0190,-0.0350,8.31171,0.00435,-0.00435,2.2868e+05,7.030e+01,-7.030e+01,51.72,1.373e+01,-4.550e+00,523.0,,,17.73,14.22,-4.68,3245.90,1,q1_q17_dr25_tce,5633.00,169.00,-169.00,4.558,0.042,-0.168,0.8290,0.2200,-0.0730,291.899540,41.305889,15.596
6044064,K06652.01,,FALSE POSITIVE,FALSE POSITIVE,0.0000,0,1,0,0,5.063188030,1.2100000e-06,-1.2100000e-06,133.7072850,1.960000e-04,-1.960000e-04,3.4000,0.1080,-0.1310,13.89130,0.02100,-0.02100,6.6268e+05,5.050e+02,-5.050e+02,302.18,4.098e+01,-3.697e+01,908.0,,,160.52,77.18,-51.79,1602.70,1,q1_q17_dr25_tce,5375.00,189.00,-170.00,4.531,0.099,-0.081,0.7520,0.1020,-0.0920,292.353150,41.324242,15.001
6859813,K06778.01,,FALSE POSITIVE,FALSE POSITIVE,0.0000,0,1,0,0,10.882422090,3.9700000e-07,-3.9700000e-07,132.6767451,2.970000e-05,-2.970000e-05,0.7880,0.0070,-0.0090,5.51934,0.00089,-0.00089,2.0681e+05,3.130e+01,-3.130e+01,63.14,1.372e+01,-7.370e+00,894.0,,,150.98,97.66,-46.63,4284.20,1,q1_q17_dr25_tce,6200.00,166.00,-185.00,4.422,0.066,-0.154,1.0450,0.2270,-0.1220,290.806700,42.343929,12.068
6863840,K06779.01,,FALSE POSITIVE,FALSE POSITIVE,0.0000,1,0,0,0,1.926366998,1.8900000e-07,-1.8900000e-07,131.7468446,8.090000e-05,-8.090000e-05,0.4980,0.0100,-0.0100,3.98088,0.00406,-0.00406,3.9953e+05,2.770e+02,-2.770e+02,53.63,5.640e+00,-5.650e+00,1204.0,,,497.84,185.48,-144.37,1093.20,1,q1_q17_dr25_tce,5176.00,153.00,-153.00,4.542,0.077,-0.063,0.7600,0.0800,-0.0800,292.054870,42.334969,15.138
6864569,K06780.01,,FALSE POSITIVE,FALSE POSITIVE,0.0000,1,0,0,0,2.325185422,2.0390000e-06,-2.0390000e-06,133.2652180,8.380000e-04,-8.380000e-04,1.2470,0.1640,-0.1240,7.28710,0.06810,-0.06810,2.6850e+02,1.600e+00,-1.600e+00,81.88,1.849e+01,-2.774e+01,3738.0,,,46102.70,31234.11,-29534.09,256.30,2,q1_q17_dr25_tce,11076.00,309.00,-530.00,3.989,0.253,-0.156,2.8960,0.6540,-0.9810,292.267150,42.321289,10.052
6864706,K06781.01,,CANDIDATE,CANDIDATE,,0,0,0,0,14.590924900,2.2850000e-04,-2.2850000e-04,142.7200000,1.310000e-02,-1.310000e-02,0.3084,0.1822,-0.3084,1.59100,0.41900,-0.41900,1.4690e+02,3.200e+01,-3.200e+01,0.93,4.300e-01,-1.000e-01,622.0,,,35.34,50.41,-10.05,6.30,1,q1_q17_dr24_tce,5214.00,163.00,-139.00,4.527,0.076,-0.076,0.7660,0.3560,-0.0820,292.305660,42.302479,14.953
6864859,K06782.01,,FALSE POSITIVE,FALSE POSITIVE,0.0000,0,1,0,0,40.877841988,2.1420000e-06,-2.1420000e-06,158.3207395,4.530000e-05,-4.530000e-05,0.7100,0.0050,-0.0050,9.88456,0.00221,-0.00221,2.5609e+05,4.710e+01,-4.710e+01,164.06,3.719e+01,-6.911e+01,915.0,,,166.06,113.21,-118.57,5260.30,1,q1_q17_dr25_tce,6807.00,192.00,-264.00,3.848,0.350,-0.150,2.5900,0.5870,-1.0910,292.350250,42.393429,11.663
6867219,K06783.01,,CANDIDATE,CANDIDATE,0.8660,0,0,0,0,11.849635100,2.0420000e-04,-2.0420000e-04,140.3663000,1.270000e-02,-1.270000e-02,0.6070,0.3660,-0.3940,3.31900,0.37200,-0.37200,1.8380e+02,2.260e+01,-2.260e+01,1.31,4.000e-01,-1.300e-01,802.0,,,97.71,87.81,-28.47,9.60,1,q1_q17_dr25_tce,6032.00,180.00,-198.00,4.508,0.050,-0.200,0.9290,0.2780,-0.0930,293.024720,42.325089,15.472
6877673,K06784.01,,FALSE POSITIVE,FALSE POSITIVE,0.0000,0,1,0,0,36.758927250,3.9600000e-06,-3.9600000e-06,156.0924573,8.590000e-05,-8.590000e-05,0.2980,0.0020,-0.0010,15.57230,0.00564,-0.00564,2.6173e+05,8.280e+01,-8.280e+01,51.31,1.540e+01,-6.610e+00,575.0,,,25.82,22.74,-8.46,4263.60,1,q1_q17_dr25_tce,6085.00,164.00,-182.00,4.438,0.084,-0.196,0.9790,0.2940,-0.1260,295.765840,42.391331,13.676
6877871,K06785.01,,FALSE POSITIVE,FALSE POSITIVE,,1,0,0,0,0.536869783,2.6940000e-06,-2.6940000e-06,131.8455700,3.850000e-03,-3.850000e-03,0.5604,0.0023,-0.5037,4.16400,0.19200,-0.19200,2.2170e+02,1.040e+01,-1.040e+01,1.81,8.800e-01,-2.200e-01,2645.0,,,11576.28,16891.91,-3951.37,27.80,2,q1_q17_dr24_tce,6495.00,165.00,-252.00,4.379,0.067,-0.067,1.1680,0.5740,-0.1420,295.807250,42.372341,14.801
6878408,K06786.01,,CANDIDATE,CANDIDATE,0.5560,0,0,0,0,455.623950000,2.6220000e-02,-2.6220000e-02,581.8806000,2.390000e-02,-2.390000e-02,0.3350,0.1260,-0.3350,13.07000,0.79400,-0.79400,1.1121e+03,9.270e+01,-9.270e+01,3.00,8.700e-01,-3.000e-01,228.0,,,0.64,0.56,-0.19,14.00,1,q1_q17_dr25_tce,5883.00,165.00,-206.00,4.530,0.048,-0.204,0.8920,0.2600,-0.0870,295.932830,42.396690,15.975
7741048,K06911.01,,FALSE POSITIVE,FALSE POSITIVE,0.0010,0,0,1,0,0.843400322,2.8870000e-06,-2.8870000e-06,131.5703900,3.000000e-03,-3.000000e-03,0.4890,0.0040,-0.4820,1.76060,0.08030,-0.08030,4.3700e+01,2.100e+00,-2.100e+00,0.65,2.100e-01,-6.000e-02,1941.0,,,3371.24,3246.15,-887.08,23.80,1,q1_q17_dr25_tce,5982.00,162.00,-180.00,4.493,0.040,-0.229,0.9600,0.3150,-0.0840,287.026860,43.405682,13.018
7751562,K06912.01,,FALSE POSITIVE,FALSE POSITIVE,0.0000,0,1,0,0,17.042155208,1.7360000e-06,-1.7360000e-06,142.4257555,8.300000e-05,-8.300000e-05,0.4550,0.0070,-0.0080,7.80412,0.00517,-0.00517,5.5165e+04,3.130e+01,-3.130e+01,24.93,7.570e+00,-3.030e+00,760.0,,,78.98,70.71,-26.12,2046.20,1,q1_q17_dr25_tce,6197.00,172.00,-216.00,4.449,0.052,-0.195,1.0350,0.3140,-0.1260,291.284610,43.405289,15.252
7755741,K06913.01,,FALSE POSITIVE,FALSE POSITIVE,,1,0,0,0,0.874236216,8.6760000e-06,-8.6760000e-06,131.7986000,7.590000e-03,-7.590000e-03,0.2375,0.2186,-0.2374,2.35200,0.28400,-0.28400,5.8400e+01,7.000e+00,-7.000e+00,3.46,4.800e-01,-1.210e+00,6177.0,,,344046.45,145931.07,-222348.38,11.10,1,q1_q17_dr24_tce,10894.00,261.00,-461.00,3.667,0.303,-0.303,4.3780,0.6050,-1.5390,292.787020,43.416039,13.752
7755741,K06913.02,,CANDIDATE,CANDIDATE,,0,0,0,0,1.751736470,3.7630000e-05,-3.7630000e-05,132.2995000,2.100000e-02,-2.100000e-02,0.6637,0.2752,-0.4477,5.12200,0.67500,-0.67500,6.8400e+01,8.200e+00,-8.200e+00,3.86,5.300e-01,-1.360e+00,4900.0,,,136315.31,57819.63,-88097.08,10.20,3,q1_q17_dr24_tce,10894.00,261.00,-461.00,3.667,0.303,-0.303,4.3780,0.6050,-1.5390,292.787020,43.416039,13.752
7769072,K06914.01,,FALSE POSITIVE,FALSE POSITIVE,0.0000,0,1,0,0,0.608862990,5.8000000e-08,-5.8000000e-08,132.0506751,7.940000e-05,-7.940000e-05,1.2940,0.1780,-0.1600,1.27896,0.00536,-0.00536,2.0195e+03,0.000e+00,0.000e+00,158.50,5.854e+01,-5.854e+01,3651.0,,,42225.89,45132.61,-27041.54,457.80,1,q1_q17_dr25_tce,5022.00,125.00,-125.00,3.311,0.360,-0.270,4.1670,1.5390,-1.5390,296.839690,43.408051,13.886
7769815,K06915.01,,FALSE POSITIVE,FALSE POSITIVE,0.0000,0,0,1,0,4.435296750,5.3280000e-05,-5.3280000e-05,134.7488000,1.150000e-02,-1.150000e-02,0.3530,0.1150,-0.3530,2.11700,0.34800,-0.34800,1.8190e+02,2.470e+01,-2.470e+01,1.15,2.900e-01,-1.300e-01,1026.0,,,261.33,207.37,-79.93,9.60,1,q1_q17_dr25_tce,5659.00,186.00,-186.00,4.511,0.069,-0.161,0.8420,0.2150,-0.0920,297.019290,43.478802,15.738
7777365,K06916.01,,FALSE POSITIVE,FALSE POSITIVE,0.0000,0,0,1,1,0.885121870,1.6030000e-05,-1.6030000e-05,131.8821000,1.750000e-02,-1.750000e-02,0.7660,0.2080,-0.5150,3.34900,0.34600,-0.34600,1.3600e+02,1.710e+01,-1.710e+01,1.05,1.900e-01,-1.200e-01,1659.0,,,1797.86,1088.40,-552.27,9.90,1,q1_q17_dr25_tce,5392.00,185.00,-185.00,4.521,0.067,-0.114,0.8190,0.1510,-0.0880,298.834930,43.419510,15.871
7798259,K06917.01,,FALSE POSITIVE,FALSE POSITIVE,0.0000,0,1,0,0,1.734221252,4.7500000e-07,-4.7500000e-07,132.8334390,2.210000e-04,-2.210000e-04,0.5530,0.2010,-0.0480,2.45770,0.01560,-0.01560,2.8982e+05,2.292e+03,-2.292e+03,42.06,3.300e+00,-4.010e+00,1114.0,,,363.79,111.97,-100.05,542.20,1,q1_q17_dr25_tce,4765.00,142.00,-142.00,4.584,0.056,-0.032,0.7020,0.0550,-0.0670,280.343840,43.596142,15.726
8453191,K07043.01,,FALSE POSITIVE,FALSE POSITIVE,0.0000,0,1,0,0,5.776764285,3.2600000e-07,-3.2600000e-07,131.5421677,4.650000e-05,-4.650000e-05,0.8800,0.0050,-0.0070,6.99715,0.00173,-0.00173,1.5390e+05,4.340e+01,-4.340e+01,117.51,2.552e+01,-3.828e+01,1542.0,,,1336.82,900.76,-800.99,3033.40,1,q1_q17_dr25_tce,6263.00,194.00,-194.00,3.875,0.300,-0.100,2.0720,0.4500,-0.6750,298.797520,44.417992,13.356
8453324,K07044.01,,FALSE POSITIVE,FALSE POSITIVE,0.0000,0,1,0,0,1.262273170,1.0700000e-07,-1.0700000e-07,132.0407385,6.880000e-05,-6.880000e-05,1.2470,0.0860,-0.0800,3.30141,0.00328,-0.00328,7.3425e+03,4.200e+00,-4.200e+00,369.20,1.013e+02,-1.392e+02,3790.0,,,48665.04,33215.31,-31526.86,1159.90,1,q1_q17_dr25_tce,4927.00,44.00,-118.00,2.882,0.234,-0.126,9.3560,2.5660,-3.5280,298.828610,44.489140,11.516
8479107,K07045.01,,FALSE POSITIVE,FALSE POSITIVE,0.6700,0,1,0,0,0.767576690,1.1500000e-07,-1.1500000e-07,131.8190820,1.210000e-04,-1.210000e-04,0.8210,0.0870,-0.0170,2.04757,0.00578,-0.00578,1.5761e+05,2.410e+02,-2.410e+02,34.23,2.730e+00,-2.730e+00,1530.0,,,1294.42,406.05,-312.74,431.30,1,q1_q17_dr25_tce,5182.00,157.00,-141.00,4.635,0.066,-0.039,0.6270,0.0500,-0.0500,284.125610,44.550571,14.952
8479386,K07046.01,,FALSE POSITIVE,FALSE POSITIVE,0.0000,0,1,0,0,5.860377067,4.8700000e-07,-4.8700000e-07,134.8440004,6.690000e-05,-6.690000e-05,0.5260,0.0040,-0.0050,10.46340,0.00338,-0.00338,3.6162e+05,1.320e+02,-1.320e+02,78.14,2.078e+01,-1.512e+01,1191.0,,,475.44,372.65,-201.80,3044.10,1,q1_q17_dr25_tce,6267.00,170.00,-189.00,4.284,0.198,-0.180,1.1580,0.3080,-0.2240,284.278530,44.594028,13.955
8488876,K07047.01,,FALSE POSITIVE,FALSE POSITIVE,0.0000,0,1,0,1,5.801881299,2.0500000e-07,-2.0500000e-07,136.9821453,2.890000e-05,-2.890000e-05,0.8100,0.0030,0.0000,4.21133,0.00212,-0.00212,3.4470e+04,1.660e+01,-1.660e+01,62.90,9.240e+00,-2.588e+01,2001.0,,,3784.87,1768.34,-2678.69,3642.00,1,q1_q17_dr25_tce,7259.00,201.00,-302.00,3.739,0.392,-0.098,3.0090,0.4420,-1.2380,289.405150,44.515480,12.368
8504570,K07048.01,,FALSE POSITIVE,FALSE POSITIVE,0.0000,0,1,0,0,4.007704530,3.5500000e-07,-3.5500000e-07,134.8009815,7.230000e-05,-7.230000e-05,0.8350,0.0580,-0.0410,5.50884,0.00438,-0.00438,1.6878e+05,9.520e+01,-9.520e+01,92.08,3.083e+01,-1.660e+01,1699.0,,,1969.22,1947.75,-854.12,1753.50,1,q1_q17_dr25_tce,7162.00,200.00,-300.00,4.185,0.105,-0.210,1.6310,0.5460,-0.2940,295.236880,44.507671,13.251
8509346,K07049.01,,FALSE POSITIVE,FALSE POSITIVE,0.0000,0,1,0,0,6.099032889,3.0500000e-07,-3.0500000e-07,135.5223947,4.070000e-05,-4.070000e-05,0.8910,0.0150,-0.0130,4.82208,0.00217,-0.00217,5.5374e+04,2.540e+01,-2.540e+01,36.68,1.002e+01,-6.690e+00,1183.0,,,462.81,371.79,-192.10,2884.00,1,q1_q17_dr25_tce,6356.00,171.00,-209.00,4.297,0.175,-0.175,1.1410,0.3120,-0.2080,296.714080,44.577209,13.745
8517433,K07050.01,,FALSE POSITIVE,FALSE POSITIVE,0.0010,1,0,0,0,0.652956712,1.4530000e-06,-1.4530000e-06,131.5236100,2.010000e-03,-2.010000e-03,0.2600,0.2370,-0.2600,0.62700,0.12900,-0.12900,5.0000e+01,5.000e+00,-5.000e+00,0.76,1.300e-01,-5.000e-02,2146.0,,,4984.96,2031.15,-902.27,12.70,1,q1_q17_dr25_tce,5812.00,70.00,-87.00,4.419,0.059,-0.119,1.0550,0.1670,-0.0710,298.782680,44.574650,13.506
9474222,K07177.01,,FALSE POSITIVE,FALSE POSITIVE,0.0000,0,1,0,0,13.691790011,2.5700000e-07,-2.5700000e-07,133.7914664,1.570000e-05,-1.570000e-05,0.2690,0.0190,-0.0130,5.64674,0.00118,-0.00118,9.7564e+04,1.260e+01,-1.260e+01,49.20,9.080e+00,-9.090e+00,994.0,,,230.66,108.77,-84.51,8326.30,1,q1_q17_dr25_tce,6295.00,75.00,-75.00,4.158,0.149,-0.135,1.5540,0.2870,-0.2870,295.374020,46.042740,13.275
9474969,K07178.01,,FALSE POSITIVE,FALSE POSITIVE,0.0000,1,0,0,0,21.570508432,9.5500000e-07,-9.5500000e-07,151.7931354,3.640000e-05,-3.640000e-05,0.3880,0.0010,-0.0010,13.86040,0.00213,-0.00213,1.3418e+05,1.860e+01,-1.860e+01,63.68,1.264e+01,-1.901e+01,923.0,,,171.91,103.55,-96.29,8616.10,1,q1_q17_dr25_tce,6322.00,175.00,-175.00,4.003,0.273,-0.117,1.6920,0.3360,-0.5050,295.628910,46.051350,12.462
9480398,K07179.01,,CANDIDATE,CANDIDATE,,0,0,0,0,407.146560000,5.8960000e-02,-5.8960000e-02,509.2570000,7.430000e-02,-7.430000e-02,0.7466,0.0484,-0.5277,23.26000,3.70000,-3.70000,8.2300e+01,1.220e+01,-1.220e+01,1.18,4.900e-01,-2.200e-01,272.0,,,1.29,1.66,-0.54,8.20,1,q1_q17_dr24_tce,5845.00,181.00,-197.00,4.282,0.162,-0.162,1.1980,0.5030,-0.2200,297.374270,46.054806,13.310
9490342,K07180.01,,CANDIDATE,CANDIDATE,,0,0,0,0,487.838940000,6.7530000e-02,-6.7530000e-02,606.1226000,1.920000e-02,-1.920000e-02,0.1252,0.3226,-0.1252,32.77000,1.50000,-1.50000,4.5330e+02,4.260e+01,-4.260e+01,3.94,2.550e+00,-1.930e+00,298.0,,,1.88,3.96,-1.46,8.80,1,q1_q17_dr24_tce,5421.00,189.00,-179.00,3.882,0.539,-0.539,1.8770,1.2150,-0.9220,300.138550,46.061691,13.728
9509207,K07181.01,,FALSE POSITIVE,FALSE POSITIVE,0.0000,1,0,0,0,14.199840087,1.7900000e-06,-1.7900000e-06,135.7480910,1.020000e-04,-1.020000e-04,0.7720,0.0080,-0.0080,5.98531,0.00551,-0.00551,2.1460e+05,1.660e+02,-1.660e+02,85.76,2.220e+01,-2.711e+01,907.0,,,159.99,125.37,-94.54,1408.60,1,q1_q17_dr25_tce,5864.00,176.00,-193.00,4.139,0.299,-0.161,1.4140,0.3660,-0.4470,282.668210,46.160130,13.135
9513168,K07182.01,,CANDIDATE,CANDIDATE,0.9860,0,0,0,0,6.853888000,3.9330000e-04,-3.9330000e-04,136.5231000,7.320000e-02,-7.320000e-02,0.4690,0.5010,-0.2630,2.56100,0.31300,-0.31300,6.5380e+02,9.600e+01,-9.600e+01,1.74,6.000e-02,-1.400e-01,613.0,,,33.32,7.50,-9.22,8.20,1,q1_q17_dr25_tce,4199.00,146.00,-161.00,4.609,0.046,-0.018,0.6840,0.0230,-0.0550,284.957610,46.143810,16.538
9520700,K07183.01,,FALSE POSITIVE,FALSE POSITIVE,0.0000,1,0,0,0,2.136834989,3.5200000e-07,-3.5200000e-07,133.6179750,1.360000e-04,-1.360000e-04,0.5590,0.0100,-0.0080,4.34882,0.00752,-0.00752,3.4618e+05,6.050e+02,-6.050e+02,66.59,1.844e+01,-9.900e+00,1415.0,,,948.25,772.89,-332.51,644.70,1,q1_q17_dr25_tce,5753.00,156.00,-156.00,4.420,0.101,-0.188,0.9890,0.2740,-0.1470,289.338170,46.152828,14.902
9529294,K07184.01,,FALSE POSITIVE,FALSE POSITIVE,0.0000,0,1,1,0,2.516901330,2.9260000e-05,-2.9260000e-05,133.4935300,9.720000e-03,-9.720000e-03,0.0930,0.3630,-0.0920,2.52100,0.24900,-0.24900,5.9600e+01,6.900e+00,-6.900e+00,0.97,2.800e-01,-2.800e-01,1430.0,,,986.60,863.00,-540.86,10.00,1,q1_q17_dr25_tce,5403.00,164.00,-147.00,4.201,0.282,-0.188,1.2840,0.3720,-0.3720,293.013000,46.166561,14.587
12116489,K00547.02,,CANDIDATE,CANDIDATE,,0,0,0,0,7.346724850,8.2640000e-05,-8.2640000e-05,134.5155000,1.080000e-02,-1.080000e-02,0.2525,0.1849,-0.2525,2.13600,0.29300,-0.29300,1.4300e+02,1.850e+01,-1.850e+01,0.97,2.800e-01,-6.000e-02,784.0,,,89.33,82.58,-19.03,10.10,2,q1_q17_dr24_tce,5271.00,185.00,-148.00,4.578,0.019,-0.019,0.8210,0.2420,-0.0500,294.570400,50.673019,14.773
10296163,K07309.01,,FALSE POSITIVE,FALSE POSITIVE,0.0000,0,1,0,0,9.296746368,4.2200000e-07,-4.2200000e-07,135.6856399,3.600000e-05,-3.600000e-05,1.6230,0.0570,-0.0450,6.88069,0.00330,-0.00330,2.1384e+05,5.910e+01,-5.910e+01,400.40,6.497e+01,-1.626e+02,1552.0,,,1370.16,666.11,-942.81,4407.80,1,q1_q17_dr25_tce,6461.00,156.00,-196.00,3.670,0.330,-0.088,2.8840,0.4680,-1.1710,299.166930,47.356098,13.211
10330495,K07310.01,,FALSE POSITIVE,FALSE POSITIVE,0.0000,0,1,0,0,18.060078203,3.2120000e-06,-3.2120000e-06,138.6111050,1.470000e-04,-1.470000e-04,0.3280,0.0110,-0.0010,11.57590,0.01080,-0.01080,5.8975e+04,4.000e+01,-4.000e+01,20.71,3.650e+00,-2.740e+00,618.0,,,34.40,19.79,-11.45,1797.60,1,q1_q17_dr25_tce,5330.00,175.00,-159.00,4.464,0.117,-0.130,0.8550,0.1510,-0.1130,287.875090,47.445759,14.724
10332789,K07311.01,,FALSE POSITIVE,FALSE POSITIVE,0.0000,0,1,0,0,18.740725340,9.2000000e-07,-9.2000000e-07,135.2072208,4.060000e-05,-4.060000e-05,0.2030,0.0250,-0.0050,5.19791,0.00148,-0.00148,1.2548e+05,4.940e+01,-4.940e+01,35.61,1.040e+01,-3.720e+00,717.0,,,62.46,53.98,-19.01,2964.70,1,q1_q17_dr25_tce,6122.00,171.00,-214.00,4.471,0.050,-0.200,0.9960,0.2910,-0.1040,289.036800,47.465950,15.861
10340228,K07312.01,,FALSE POSITIVE,FALSE POSITIVE,0.0000,0,0,1,1,0.933713130,2.7600000e-05,-2.7600000e-05,131.5534000,2.640000e-02,-2.640000e-02,0.1330,0.3380,-0.1330,2.97100,0.53800,-0.53800,6.6000e+01,8.500e+00,-8.500e+00,0.69,1.600e-01,-5.000e-02,1642.0,,,1724.34,1214.47,-425.02,8.90,1,q1_q17_dr25_tce,5436.00,164.00,-164.00,4.548,0.030,-0.170,0.8690,0.2000,-0.0670,292.119720,47.485619,15.788
10341787,K07313.01,,FALSE POSITIVE,FALSE POSITIVE,0.0000,0,0,1,1,0.933737160,8.5730000e-06,-8.5730000e-06,132.4682800,8.600000e-03,-8.600000e-03,0.7930,0.0640,-0.5510,5.01500,0.21500,-0.21500,1.4490e+02,1.150e+01,-1.150e+01,1.14,2.100e-01,-1.500e-01,1666.0,,,1811.10,1153.46,-606.88,16.00,1,q1_q17_dr25_tce,5390.00,204.00,-185.00,4.479,0.096,-0.132,0.8520,0.1600,-0.1070,292.721980,47.454800,15.926
10342097,K07314.01,,FALSE POSITIVE,FALSE POSITIVE,0.0000,0,0,1,1,0.933735579,5.6860000e-06,-5.6860000e-06,131.5350900,4.860000e-03,-4.860000e-03,0.5650,0.7680,-0.3850,3.89200,0.66000,-0.66000,3.5140e+02,2.260e+01,-2.260e+01,10.28,4.710e+00,-3.850e+00,3696.0,,,43890.28,59102.11,-28239.14,27.10,1,q1_q17_dr25_tce,5016.00,125.00,-113.00,3.013,0.396,-0.264,5.3440,2.4490,-2.0040,292.852360,47.498039,13.505
10345862,K07315.01,,FALSE POSITIVE,FALSE POSITIVE,0.0000,0,1,0,0,58.288190560,1.2600000e-05,-1.2600000e-05,135.8764200,1.640000e-04,-1.640000e-04,0.4990,0.0010,-0.0010,21.60140,0.01100,-0.01100,1.5616e+05,7.220e+01,-7.220e+01,42.57,1.166e+01,-7.790e+00,462.0,,,10.79,8.92,-4.42,2927.40,1,q1_q17_dr25_tce,5463.00,164.00,-164.00,4.353,0.162,-0.198,1.0440,0.2860,-0.1910,294.254180,47.437790,14.231
10346522,K07316.01,,FALSE POSITIVE,FALSE POSITIVE,0.0000,0,1,0,0,3.989144446,9.1200000e-07,-9.1200000e-07,132.5724370,1.890000e-04,-1.890000e-04,0.2520,0.0030,-0.0020,20.79470,0.01660,-0.01660,6.3052e+05,3.660e+02,-3.660e+02,60.26,7.370e+00,-6.630e+00,996.0,,,233.19,97.41,-69.60,2055.90,1,q1_q17_dr25_tce,5538.00,166.00,-166.00,4.555,0.095,-0.086,0.7190,0.0880,-0.0790,294.483370,47.452660,14.404
10352603,K07317.01,,FALSE POSITIVE,FALSE POSITIVE,0.0000,0,1,0,0,32.778973030,8.4450000e-06,-8.4450000e-06,136.1820370,2.050000e-04,-2.050000e-04,0.4960,0.0040,-0.0040,19.13780,0.01210,-0.01210,4.1008e+05,2.280e+02,-2.280e+02,69.08,2.028e+01,-7.240e+00,588.0,,,28.29,24.50,-8.30,2126.10,1,q1_q17_dr25_tce,6122.00,169.00,-190.00,4.487,0.050,-0.200,0.9640,0.2830,-0.1010,296.590420,47.416908,14.520
11359305,K07441.01,,FALSE POSITIVE,FALSE POSITIVE,0.0000,0,1,0,0,28.487107336,5.0440000e-06,-5.0440000e-06,132.8724850,1.400000e-04,-1.400000e-04,1.1750,0.0320,-0.0330,3.77887,0.00709,-0.00709,3.7663e+04,6.030e+01,-6.030e+01,116.84,2.161e+01,-4.012e+01,963.0,,,202.98,110.67,-124.62,658.20,1,q1_q17_dr25_tce,6351.00,154.00,-173.00,3.814,0.285,-0.095,2.3850,0.4410,-0.8190,295.984280,49.130249,13.363
11391181,K07442.01,,FALSE POSITIVE,FALSE POSITIVE,0.0000,0,1,0,0,8.617339070,6.6000000e-07,-6.6000000e-07,139.0692516,6.030000e-05,-6.030000e-05,0.8250,0.0320,-0.0440,4.05563,0.00333,-0.00333,1.8586e+05,7.570e+01,-7.570e+01,51.79,9.890e+00,-6.070e+00,796.0,,,94.74,58.03,-29.30,1542.60,1,q1_q17_dr25_tce,5387.00,176.00,-160.00,4.482,0.088,-0.132,0.8700,0.1660,-0.1020,284.994540,49.228161,15.257
11401869,K07443.01,,FALSE POSITIVE,FALSE POSITIVE,0.0000,0,1,0,1,2.161469080,4.2740000e-05,-4.2740000e-05,131.8342000,1.660000e-02,-1.660000e-02,0.4100,0.0740,-0.4100,3.64300,0.98900,-0.98900,8.4800e+01,9.300e+00,-9.300e+00,0.95,2.900e-01,-1.300e-01,1487.0,,,1155.45,1089.87,-401.56,11.80,1,q1_q17_dr25_tce,6047.00,198.00,-216.00,4.422,0.087,-0.203,1.0130,0.3110,-0.1330,291.309540,49.242439,15.535
11409698,K07444.01,,FALSE POSITIVE,FALSE POSITIVE,0.0000,0,1,0,0,10.267826760,3.1200000e-07,-3.1200000e-07,139.1769796,2.470000e-05,-2.470000e-05,0.2770,0.0070,-0.0010,6.02685,0.00073,-0.00073,2.4718e+05,4.840e+01,-4.840e+01,73.59,2.095e+01,-1.717e+01,1136.0,,,393.02,321.08,-191.41,5758.70,1,q1_q17_dr25_tce,6664.00,162.00,-223.00,4.176,0.185,-0.167,1.4400,0.4100,-0.3360,295.146850,49.282410,13.691
11411639,K07445.01,,CANDIDATE,CANDIDATE,0.9480,0,0,0,0,6.933574000,1.1990000e-04,-1.1990000e-04,134.5580000,1.430000e-02,-1.430000e-02,0.0500,0.4010,-0.0500,2.43000,0.54300,-0.54300,2.7670e+02,4.940e+01,-4.940e+01,1.30,2.500e-01,-1.000e-01,829.0,,,111.53,64.69,-28.36,8.00,1,q1_q17_dr25_tce,5510.00,149.00,-166.00,4.584,0.034,-0.127,0.7930,0.1520,-0.0650,295.924040,49.220188,15.804
11455795,K07446.01,,FALSE POSITIVE,FALSE POSITIVE,0.3680,0,1,0,0,1.057335679,1.2300000e-07,-1.2300000e-07,131.7920070,9.610000e-05,-9.610000e-05,0.2620,0.2740,-0.1130,1.57950,0.01520,-0.01520,4.7337e+04,1.200e+02,-1.200e+02,14.59,1.150e+00,-1.280e+00,1276.0,,,623.51,184.18,-164.28,476.00,1,q1_q17_dr25_tce,4664.00,126.00,-140.00,4.594,0.054,-0.027,0.6830,0.0540,-0.0600,292.184170,49.310040,15.414
11457191,K07447.01,,FALSE POSITIVE,FALSE POSITIVE,0.0000,0,1,0,0,1.149198426,8.9400000e-07,-8.9400000e-07,131.8173740,6.460000e-04,-6.460000e-04,1.1670,0.6260,-0.2030,4.16030,0.03810,-0.03810,3.7721e+04,2.730e+02,-2.730e+02,42.03,1.101e+01,-4.700e+00,1690.0,,,1922.43,1484.56,-564.14,164.20,1,q1_q17_dr25_tce,5858.00,159.00,-159.00,4.486,0.091,-0.169,0.8670,0.2270,-0.0970,292.925630,49.347340,14.554
11462556,K07448.01,,FALSE POSITIVE,FALSE POSITIVE,,1,0,0,0,2.500127750,4.0110000e-05,-4.0110000e-05,131.5829000,1.810000e-02,-1.810000e-02,0.9917,0.0068,-0.3783,28.20000,5.20000,-5.20000,4.9900e+01,8.600e+00,-8.600e+00,1.66,8.600e-01,-4.100e-01,1977.0,,,3611.69,5553.07,-1819.47,17.60,2,q1_q17_dr24_tce,6923.00,166.00,-227.00,4.120,0.172,-0.172,1.6640,0.8640,-0.4110,295.384770,49.333672,11.270
2283362,K06262.01,,CANDIDATE,CANDIDATE,,0,0,0,0,0.673141323,2.1410000e-06,-2.1410000e-06,131.6875100,2.600000e-03,-2.600000e-03,0.1065,0.3486,-0.1064,0.92100,0.11200,-0.11200,2.2950e+02,2.510e+01,-2.510e+01,1.29,4.400e-01,-9.000e-02,1834.0,,,2675.15,2685.11,-594.10,10.50,1,q1_q17_dr24_tce,5461.00,156.00,-143.00,4.552,0.025,-0.025,0.8580,0.2900,-0.0600,286.110750,37.611851,15.771
2301068,K06263.01,,CANDIDATE,CANDIDATE,0.9940,0,0,0,0,8.609653520,7.0200000e-05,-7.0200000e-05,134.3882900,6.530000e-03,-6.530000e-03,0.2130,0.2450,-0.2130,2.21800,0.22500,-0.22500,6.3200e+01,7.900e+00,-7.900e+00,3.33,6.100e-01,-2.470e+00,1550.0,,,1365.41,838.61,-1285.19,9.90,1,q1_q17_dr25_tce,5418.00,191.00,-171.00,3.447,0.884,-0.156,4.2330,0.7850,-3.1390,291.027190,37.613911,12.765
2305372,K06264.01,,FALSE POSITIVE,FALSE POSITIVE,0.0000,0,1,0,0,1.404691820,8.3000000e-08,-8.3000000e-08,131.5520840,4.930000e-05,-4.930000e-05,0.5970,0.0060,-0.0070,6.26327,0.00622,-0.00622,7.0244e+05,3.690e+02,-3.690e+02,217.25,4.035e+01,-4.932e+01,2263.0,,,6187.57,2938.30,-2693.03,2651.10,1,q1_q17_dr25_tce,6230.00,75.00,-87.00,4.043,0.180,-0.120,1.8630,0.3460,-0.4230,291.990330,37.672749,13.821
2306740,K06265.01,,FALSE POSITIVE,FALSE POSITIVE,0.0000,0,1,0,0,10.306982793,8.6500000e-07,-8.6500000e-07,143.7331641,6.950000e-05,-6.950000e-05,0.5640,0.0030,-0.0040,11.42770,0.00381,-0.00381,3.4179e+05,1.030e+02,-1.030e+02,81.21,2.175e+01,-2.175e+01,960.0,,,200.80,158.38,-104.35,3691.90,1,q1_q17_dr25_tce,5912.00,160.00,-160.00,4.225,0.258,-0.172,1.2170,0.3260,-0.3260,292.269810,37.698200,13.545
2308957,K06266.01,,FALSE POSITIVE,FALSE POSITIVE,0.0000,0,1,0,0,1.109841858,1.1700000e-07,-1.1700000e-07,132.1655985,8.810000e-05,-8.810000e-05,0.1200,0.0150,-0.0010,8.11952,0.00928,-0.00928,3.0071e+05,2.220e+02,-2.220e+02,177.78,3.693e+01,-6.461e+01,2944.0,,,17830.70,9607.62,-10987.17,2082.60,1,q1_q17_dr25_tce,5788.00,78.00,-78.00,3.607,0.277,-0.111,3.2110,0.6670,-1.1670,292.751830,37.603539,14.520
2422820,K06267.01,,CANDIDATE,CANDIDATE,1.0000,0,0,0,0,13.891115200,2.0160000e-04,-2.0160000e-04,137.3481000,1.050000e-02,-1.050000e-02,0.1680,0.2840,-0.1680,5.06200,0.37200,-0.37200,2.0490e+02,2.380e+01,-2.380e+01,1.12,1.800e-01,-1.400e-01,674.0,,,48.80,25.50,-15.91,10.30,1,q1_q17_dr25_tce,5472.00,179.00,-163.00,4.499,0.115,-0.115,0.7900,0.1240,-0.1010,286.134580,37.799881,15.365
2437452,K06268.01,,FALSE POSITIVE,FALSE POSITIVE,0.0000,0,1,0,0,7.234965722,1.8120000e-06,-1.8120000e-06,134.5823070,2.070000e-04,-2.070000e-04,0.5480,0.0050,-0.0030,7.02450,0.01330,-0.01330,1.6485e+05,3.690e+02,-3.690e+02,34.03,8.790e+00,-2.940e+00,843.0,,,119.12,95.50,-32.16,671.30,1,q1_q17_dr25_tce,5653.00,186.00,-186.00,4.573,0.040,-0.160,0.7980,0.2060,-0.0690,290.226170,37.759640,16.981
2437804,K06269.01,,FALSE POSITIVE,FALSE POSITIVE,0.0000,0,1,1,1,7.453017170,7.2070000e-05,-7.2070000e-05,131.7761800,7.380000e-03,-7.380000e-03,0.0350,0.4090,-0.0350,3.68500,0.26200,-0.26200,5.5150e+02,3.630e+01,-3.630e+01,37.37,7.100e+00,-6.400e+00,2595.0,,,10730.53,5328.87,-3983.96,18.30,1,q1_q17_dr25_tce,4475.00,62.00,-98.00,2.329,0.033,-0.027,16.7550,3.1860,-2.8680,290.253570,37.759418,14.158
2438061,K06270.01,,FALSE POSITIVE,FALSE POSITIVE,0.0000,0,1,0,0,2.442941283,1.7910000e-06,-1.7910000e-06,132.0114680,7.250000e-04,-7.250000e-04,1.1640,1.7920,-0.1330,4.18470,0.03100,-0.03100,3.7338e+04,1.930e+02,-1.930e+02,48.18,0.000e+00,0.000e+00,1352.0,,,788.17,0.00,0.00,229.70,1,q1_q17_dr25_tce,5780.00,,,4.438,,,1.0000,,,290.277010,37.790970,
4180396,K06394.01,,FALSE POSITIVE,FALSE POSITIVE,0.0000,1,0,0,0,3.684337918,7.4680000e-06,-7.4680000e-06,132.6112100,1.650000e-03,-1.650000e-03,1.0450,3.8730,-0.0460,2.19310,0.08300,-0.08300,7.6700e+01,2.900e+00,-2.900e+00,12.52,5.030e+00,-3.360e+00,2481.0,,,8964.20,10731.72,-4961.53,31.40,1,q1_q17_dr25_tce,9609.00,272.00,-428.00,4.149,0.152,-0.228,2.1080,0.8470,-0.5650,296.546690,39.226372,10.483
4245897,K06395.01,,FALSE POSITIVE,FALSE POSITIVE,0.0000,0,1,0,0,11.257061600,2.2890000e-05,-2.2890000e-05,140.8157600,1.980000e-03,-1.980000e-03,0.0000,0.0130,0.0000,29.05900,0.10700,-0.10700,6.9024e+05,2.899e+03,-2.899e+03,162.84,4.533e+01,-5.541e+01,1272.0,,,619.07,525.79,-396.95,655.20,1,q1_q17_dr25_tce,6915.00,217.00,-326.00,4.012,0.286,-0.154,1.8750,0.5220,-0.6380,286.390900,39.334389,12.538
4252226,K06396.01,,FALSE POSITIVE,FALSE POSITIVE,0.0000,0,1,0,0,21.858963291,1.3490000e-06,-1.3490000e-06,151.2628164,5.050000e-05,-5.050000e-05,0.9690,0.0250,-0.0410,6.32492,0.00277,-0.00277,1.1711e+05,3.230e+01,-3.230e+01,114.63,2.264e+01,-5.292e+01,925.0,,,172.73,106.15,-128.97,2951.20,1,q1_q17_dr25_tce,5923.00,178.00,-196.00,3.904,0.456,-0.114,2.0600,0.4070,-0.9510,288.726930,39.337742,13.916
4261960,K06397.01,,FALSE POSITIVE,FALSE POSITIVE,0.0000,1,0,1,0,1.461270059,5.7350000e-06,-5.7350000e-06,131.7815400,3.640000e-03,-3.640000e-03,1.2880,0.1930,-0.0970,16.46700,0.84900,-0.84900,3.3487e+03,5.400e+01,-5.400e+01,26.29,4.130e+00,-1.760e+00,1253.0,,,583.36,312.57,-142.46,131.00,1,q1_q17_dr25_tce,5226.00,182.00,-182.00,4.651,0.030,-0.090,0.6740,0.1060,-0.0450,291.490630,39.388592,15.722
4269252,K06398.01,,FALSE POSITIVE,FALSE POSITIVE,0.0000,0,0,1,0,9.402233300,1.0980000e-04,-1.0980000e-04,134.8876000,1.020000e-02,-1.020000e-02,0.0190,0.4500,-0.0190,2.79000,0.39700,-0.39700,3.1600e+02,4.020e+01,-4.020e+01,23.61,5.220e+00,-4.690e+00,2309.0,,,6719.57,4121.83,-2772.79,9.80,1,q1_q17_dr25_tce,4597.00,92.00,-101.00,2.420,0.033,-0.030,13.8740,3.0640,-2.7580,293.279790,39.393318,10.590
4274071,K06399.01,,CANDIDATE,CANDIDATE,0.8270,0,0,0,0,6.768900760,7.3790000e-05,-7.3790000e-05,133.0772400,8.440000e-03,-8.440000e-03,0.1500,0.3050,-0.1500,3.61600,0.30600,-0.30600,1.2310e+02,1.320e+01,-1.320e+01,1.24,3.400e-01,-2.300e-01,1017.0,,,253.30,204.89,-103.87,10.80,1,q1_q17_dr25_tce,5737.00,154.00,-171.00,4.327,0.153,-0.187,1.1250,0.3100,-0.2070,294.404720,39.351681,14.725
4281895,K06400.01,,FALSE POSITIVE,FALSE POSITIVE,0.0000,0,1,0,0,9.543584955,2.8800000e-07,-2.8800000e-07,137.7738831,2.500000e-05,-2.500000e-05,0.9850,0.1110,-0.0100,3.72007,0.00177,-0.00177,6.8184e+04,7.000e-01,-7.000e-01,77.97,2.346e+01,-4.696e+01,1141.0,,,401.55,371.79,-343.86,3442.20,1,q1_q17_dr25_tce,5537.00,182.00,-132.00,3.837,0.704,-0.176,1.7850,0.5370,-1.0750,296.051790,39.394970,12.256
4282390,K06401.01,,CANDIDATE,CANDIDATE,0.9980,0,0,0,0,1.961343110,1.1260000e-05,-1.1260000e-05,132.3056300,4.880000e-03,-4.880000e-03,1.1590,0.2630,-0.1110,11.85600,0.35900,-0.35900,2.0780e+02,4.500e+00,-4.500e+00,41.53,7.990e+00,-9.770e+00,2167.0,,,5197.02,2550.73,-2310.66,59.50,1,q1_q17_dr25_tce,6221.00,74.00,-80.00,3.935,0.180,-0.120,2.1980,0.4230,-0.5170,296.146550,39.396938,13.749
5095269,K06518.01,,FALSE POSITIVE,FALSE POSITIVE,0.0000,0,1,0,0,18.611957253,8.6200000e-07,-8.6200000e-07,133.8661994,3.760000e-05,-3.760000e-05,0.9520,0.0220,-0.0300,4.24721,0.00121,-0.00121,1.2483e+05,2.500e+01,-2.500e+01,65.50,1.926e+01,-1.036e+01,829.0,,,111.83,94.82,-41.63,2671.70,1,q1_q17_dr25_tce,6492.00,162.00,-194.00,4.320,0.105,-0.195,1.1700,0.3440,-0.1850,290.551940,40.235020,13.528
5097278,K06519.01,,FALSE POSITIVE,FALSE POSITIVE,,1,0,0,0,0.732406620,6.8290000e-05,-6.8290000e-05,131.5735000,6.160000e-02,-6.160000e-02,0.8618,0.1380,-0.6011,4.33000,1.20000,-1.20000,3.2900e+02,2.640e+01,-2.640e+01,3.65,2.410e+00,-6.200e-01,3191.0,,,24515.44,51936.38,-10374.89,15.30,3,q1_q17_dr24_tce,7392.00,229.00,-324.00,4.135,0.100,-0.100,1.7720,1.1720,-0.3000,291.196200,40.261959,11.396
5098757,K06520.01,,FALSE POSITIVE,FALSE POSITIVE,,1,0,0,0,2.954598000,1.1040000e-04,-1.1040000e-04,134.3663000,4.210000e-02,-4.210000e-02,1.3662,0.0059,-0.2651,24.79000,3.20000,-3.20000,3.3780e+02,2.120e+01,-2.120e+01,89.95,2.776e+01,-3.434e+01,2148.0,,,5028.39,4703.75,-3396.81,18.10,1,q1_q17_dr24_tce,6955.00,216.00,-279.00,3.885,0.328,-0.328,2.1610,0.6670,-0.8250,291.655610,40.253944,12.734
5111801,K06521.01,,FALSE POSITIVE,FALSE POSITIVE,0.0000,1,0,0,0,0.562006231,7.2040000e-06,-7.2040000e-06,132.0289000,1.250000e-02,-1.250000e-02,0.6780,0.0200,-0.5300,3.49600,0.44200,-0.44200,1.4200e+01,1.600e+00,-1.600e+00,0.58,1.600e-01,-1.400e-01,2978.0,,,18708.86,15237.89,-9507.76,12.80,1,q1_q17_dr25_tce,6609.00,188.00,-235.00,4.170,0.209,-0.171,1.4550,0.3980,-0.3580,295.173680,40.290157,9.807
5112198,K06522.01,,FALSE POSITIVE,FALSE POSITIVE,0.0000,1,0,0,0,3.215590540,4.2150000e-05,-4.2150000e-05,133.5375000,1.150000e-02,-1.150000e-02,1.1530,0.0270,-0.1150,16.26100,0.38700,-0.38700,2.0240e+02,7.700e+00,-7.700e+00,18.80,5.900e+00,-2.100e+00,1366.0,,,822.20,755.26,-254.93,87.10,1,q1_q17_dr25_tce,6300.00,169.00,-207.00,4.414,0.084,-0.210,1.0360,0.3250,-0.1160,295.256650,40.257511,14.128
5113809,K06523.01,,FALSE POSITIVE,FALSE POSITIVE,0.0000,1,0,0,0,1.547426532,,,132.8859128,,,0.9470,,,16.13460,,,5.3290e+02,,,3.62,1.080e+00,-5.800e-01,1973.0,,,3587.69,3058.33,-1377.09,210.10,1,q1_q17_dr25_tce,6612.00,158.00,-218.00,4.303,0.101,-0.188,1.2640,0.3770,-0.2030,295.556030,40.233089,13.755
5115178,K06524.01,,FALSE POSITIVE,FALSE POSITIVE,0.0000,0,1,0,0,12.851722103,1.3160000e-06,-1.3160000e-06,132.8395131,8.140000e-05,-8.140000e-05,1.1500,0.0560,-0.0520,5.71731,0.00460,-0.00460,4.2519e+04,3.230e+01,-3.230e+01,47.26,1.378e+01,-5.910e+00,781.0,,,88.01,75.36,-29.17,1537.80,1,q1_q17_dr25_tce,5838.00,158.00,-194.00,4.438,0.098,-0.196,0.9670,0.2820,-0.1210,295.844850,40.280869,15.205
5115379,K06525.01,,FALSE POSITIVE,FALSE POSITIVE,,1,0,1,0,4.205579700,1.2570000e-04,-1.2570000e-04,132.1233000,2.450000e-02,-2.450000e-02,0.9883,0.0066,-0.0052,19.40000,20.20000,-20.20000,1.0050e+02,4.000e+00,-4.000e+00,1.80,1.000e+00,-3.300e-01,1345.0,,,773.19,1301.61,-319.95,71.70,1,q1_q17_dr24_tce,6190.00,158.00,-196.00,4.261,0.156,-0.156,1.2590,0.7020,-0.2310,295.884370,40.277660,13.394
5115688,K06526.01,,CANDIDATE,CANDIDATE,,0,0,0,0,486.778320000,1.9700000e-02,-1.9700000e-02,529.0865000,2.450000e-02,-2.450000e-02,0.1737,0.3112,-0.1736,15.29000,1.30000,-1.30000,3.7080e+02,3.870e+01,-3.870e+01,9.30,5.700e-01,-2.360e+00,409.0,,,6.60,1.45,-3.29,10.40,1,q1_q17_dr24_tce,5039.00,103.00,-131.00,3.295,0.032,-0.032,4.9500,0.3020,-1.2560,295.949250,40.247829,13.892
6045093,K06653.01,,CANDIDATE,CANDIDATE,,0,0,0,0,28.268216700,4.5560000e-04,-4.5560000e-04,135.5505000,1.350000e-02,-1.350000e-02,0.5643,0.0139,-0.4888,1.35500,0.55100,-0.55100,1.9700e+02,5.210e+01,-5.210e+01,1.22,4.700e-01,-9.000e-02,526.0,,,18.12,21.38,-4.12,6.00,1,q1_q17_dr24_tce,5496.00,168.00,-152.00,4.564,0.024,-0.024,0.8380,0.3270,-0.0590,292.645940,41.353039,14.927
6046311,K06654.01,,FALSE POSITIVE,FALSE POSITIVE,0.0000,1,0,0,0,0.957476003,1.6310000e-06,-1.6310000e-06,131.9126300,1.440000e-03,-1.440000e-03,0.3270,0.1380,-0.3270,0.66240,0.06650,-0.06650,4.5070e+02,3.320e+01,-3.320e+01,2.47,7.200e-01,-3.900e-01,2138.0,,,4953.98,4229.46,-1872.03,20.20,2,q1_q17_dr25_tce,6312.00,169.00,-207.00,4.338,0.124,-0.186,1.1220,0.3270,-0.1760,293.021330,41.355999,13.483
6048106,K06655.01,,FALSE POSITIVE,FALSE POSITIVE,0.0000,0,1,0,0,1.559360638,4.1350000e-06,-4.1350000e-06,132.5395500,3.300000e-03,-3.300000e-03,0.6470,0.0310,-0.0290,5.44580,0.01840,-0.01840,2.8007e+05,7.560e+02,-7.560e+02,94.20,2.710e+01,-1.975e+01,2234.0,,,5905.62,5151.19,-2831.72,419.90,1,q1_q17_dr25_tce,7002.00,216.00,-312.00,4.193,0.153,-0.187,1.4880,0.4280,-0.3120,293.558440,41.395351,14.091
6048255,K06656.01,,FALSE POSITIVE,FALSE POSITIVE,0.0000,0,1,0,0,0.576272480,,,132.0811000,,,,,,1.75000,,,,,,,,,,,,31519.61,55406.99,-15480.71,,1,q1_q17_dr25_tce,,,,,,,,,,293.606480,41.306278,13.865
6057750,K06657.01,,CANDIDATE,CANDIDATE,0.1840,0,0,0,0,1.603705800,2.5910000e-05,-2.5910000e-05,131.9529000,1.840000e-02,-1.840000e-02,0.7290,0.2280,-0.4830,9.06700,0.78400,-0.78400,3.2800e+01,2.000e+00,-2.000e+00,1.54,3.700e-01,-3.300e-01,2492.0,,,9138.09,5555.35,-3791.05,22.40,1,q1_q17_dr25_tce,6400.00,76.00,-76.00,3.877,0.165,-0.135,2.5120,0.5990,-0.5440,296.104000,41.369270,13.700
6060580,K06658.01,,FALSE POSITIVE,FALSE POSITIVE,0.0000,0,1,0,0,2.313367981,2.4000000e-07,-2.4000000e-07,133.1999763,8.530000e-05,-8.530000e-05,1.2470,0.0470,-0.0490,2.42645,0.00286,-0.00286,1.3438e+04,1.120e+01,-1.120e+01,33.55,6.580e+00,-2.810e+00,1180.0,,,458.02,271.88,-113.73,733.60,1,q1_q17_dr25_tce,5508.00,150.00,-150.00,4.598,0.034,-0.127,0.7640,0.1500,-0.0640,296.768620,41.319538,13.460
6063448,K06659.01,,FALSE POSITIVE,FALSE POSITIVE,0.0000,0,1,0,0,76.018113750,5.0730000e-05,-5.0730000e-05,139.9432960,5.290000e-04,-5.290000e-04,0.7880,0.0150,-0.0120,13.48490,0.03850,-0.03850,8.0671e+04,2.140e+02,-2.140e+02,63.58,1.603e+01,-2.205e+01,652.0,,,42.65,32.09,-27.11,604.30,1,q1_q17_dr25_tce,6703.00,189.00,-260.00,4.018,0.299,-0.161,1.8920,0.4770,-0.6560,297.407320,41.329769,13.755
6066107,K06660.01,,FALSE POSITIVE,FALSE POSITIVE,,1,0,0,0,0.828839440,,,132.0134430,,,,,,1.83000,,,,,,,,,,,,,,,,1,q1_q17_dr24_tce,,,,,,,,,,298.064540,41.308311,11.597
8391983,K07884.01,,CANDIDATE,CANDIDATE,0.1180,0,0,0,0,0.709650420,3.5450000e-05,-3.5450000e-05,131.9769500,5.670000e-03,-5.670000e-03,0.1450,0.3230,-0.1450,1.31800,0.20500,-0.20500,2.2340e+02,3.100e+01,-3.100e+01,1.49,4.000e-01,-2.700e-01,2036.0,,,4086.46,3316.23,-1646.68,9.40,1,q1_q17_dr25_tce,5618.00,169.00,-169.00,4.373,0.153,-0.187,1.0020,0.2690,-0.1790,299.772280,44.363022,15.444
6890618,K06787.01,,FALSE POSITIVE,FALSE POSITIVE,0.0000,0,0,1,0,1.574063832,1.8390000e-06,-1.8390000e-06,133.0551400,1.040000e-03,-1.040000e-03,1.2370,0.4080,-0.1420,5.63570,0.05080,-0.05080,1.1181e+03,9.500e+00,-9.500e+00,28.63,7.380e+00,-4.290e+00,1619.0,,,1622.84,1232.03,-583.69,145.30,1,q1_q17_dr25_tce,5951.00,160.00,-178.00,4.411,0.120,-0.180,0.9620,0.2480,-0.1440,298.621640,42.394230,14.636
6925263,K06788.01,,FALSE POSITIVE,FALSE POSITIVE,,1,0,0,0,2.519899350,3.3080000e-05,-3.3080000e-05,133.7109000,7.520000e-03,-7.520000e-03,0.4448,0.0313,-0.4448,1.55000,0.45800,-0.45800,1.4720e+02,3.500e+01,-3.500e+01,1.04,4.400e-01,-9.000e-02,1217.0,,,519.13,660.61,-122.30,7.70,1,q1_q17_dr24_tce,5646.00,167.00,-143.00,4.549,0.031,-0.031,0.8410,0.3550,-0.0670,282.808410,42.486778,15.604
6927629,K06789.01,,FALSE POSITIVE,FALSE POSITIVE,0.0000,0,1,0,0,3.867613816,3.4200000e-07,-3.4200000e-07,135.3438766,7.130000e-05,-7.130000e-05,0.5530,0.0060,-0.0080,5.36467,0.00351,-0.00351,3.4091e+05,2.520e+02,-2.520e+02,69.23,1.972e+01,-1.218e+01,1203.0,,,494.75,413.88,-197.21,1379.10,1,q1_q17_dr25_tce,5780.00,156.00,-173.00,4.364,0.149,-0.182,1.0460,0.2980,-0.1840,283.905430,42.441891,15.244
6929016,K06790.01,,FALSE POSITIVE,FALSE POSITIVE,0.0000,0,1,0,1,0.733726452,6.0560000e-06,-6.0560000e-06,132.0200500,7.950000e-03,-7.950000e-03,0.2910,0.1930,-0.2910,2.30900,0.28200,-0.28200,1.1460e+02,9.300e+00,-9.300e+00,0.86,2.300e-01,-6.000e-02,1867.0,,,2891.64,2253.61,-677.78,13.80,1,q1_q17_dr25_tce,5855.00,158.00,-175.00,4.578,0.033,-0.187,0.7970,0.2110,-0.0560,284.503910,42.463860,15.770
6936977,K06791.01,,FALSE POSITIVE,FALSE POSITIVE,0.0000,0,1,0,0,36.473115046,1.4890000e-06,-1.4890000e-06,159.7666622,3.180000e-05,-3.180000e-05,1.0030,0.0180,-0.1730,2.91005,0.00408,-0.00408,1.6193e+05,2.120e+01,-2.120e+01,53.10,1.019e+01,-4.720e+00,467.0,,,11.24,6.71,-2.87,1899.10,1,q1_q17_dr25_tce,5452.00,162.00,-146.00,4.594,0.032,-0.128,0.7660,0.1470,-0.0680,287.951510,42.413189,14.359
6939670,K06792.01,,FALSE POSITIVE,FALSE POSITIVE,0.0000,0,1,0,0,4.238855579,1.7370000e-06,-1.7370000e-06,135.2014640,3.360000e-04,-3.360000e-04,1.0310,0.3180,-0.0400,5.22350,0.01950,-0.01950,6.8002e+04,2.130e+02,-2.130e+02,38.01,6.810e+00,-5.580e+00,1044.0,,,280.82,157.80,-99.48,374.80,1,q1_q17_dr25_tce,5655.00,167.00,-167.00,4.482,0.135,-0.135,0.8040,0.1440,-0.1180,288.964940,42.469391,14.858
6947623,K06793.01,,CANDIDATE,CANDIDATE,0.9720,0,0,0,0,3.626573920,2.4860000e-05,-2.4860000e-05,133.5765800,6.170000e-03,-6.170000e-03,0.3060,0.1540,-0.3060,1.79100,0.19800,-0.19800,9.8500e+01,1.130e+01,-1.130e+01,0.79,1.600e-01,-7.000e-02,1014.0,,,250.00,153.91,-64.50,10.70,1,q1_q17_dr25_tce,5416.00,161.00,-161.00,4.579,0.034,-0.136,0.8000,0.1590,-0.0680,291.495850,42.478130,14.835
6947837,K06794.01,,FALSE POSITIVE,FALSE POSITIVE,,1,0,0,0,1.170338480,4.8810000e-05,-4.8810000e-05,132.4153000,4.130000e-02,-4.130000e-02,0.1381,0.3486,-0.1380,11.56000,3.20000,-3.20000,1.7300e+01,2.900e+00,-2.900e+00,0.98,4.600e-01,-2.200e-01,3272.0,,,27090.00,39086.30,-13188.75,13.40,1,q1_q17_dr24_tce,8027.00,230.00,-324.00,3.997,0.149,-0.149,2.3140,1.1040,-0.5140,291.563600,42.476871,12.331
6949550,K06795.01,,FALSE POSITIVE,FALSE POSITIVE,0.0000,0,1,0,0,7.841066931,3.6700000e-07,-3.6700000e-07,136.5883392,3.860000e-05,-3.860000e-05,0.5790,0.0030,-0.0050,5.47901,0.00135,-0.00135,3.4209e+05,5.680e+01,-5.680e+01,56.33,1.596e+01,-5.300e+00,876.0,,,139.18,115.82,-38.05,3314.70,1,q1_q17_dr25_tce,5973.00,161.00,-179.00,4.562,0.037,-0.200,0.8290,0.2350,-0.0780,292.117460,42.456280,15.144
7811211,K06918.01,,CANDIDATE,CANDIDATE,,0,0,0,0,0.902403563,2.3100000e-07,-2.3100000e-07,131.8272730,2.050000e-04,-2.050000e-04,0.8925,0.0064,-0.0096,1.71290,0.02700,-0.02700,4.7595e+03,3.690e+01,-3.690e+01,6.17,2.590e+00,-4.100e-01,1688.0,,,1919.35,2407.97,-410.85,220.30,1,q1_q17_dr24_tce,5776.00,161.00,-148.00,4.599,0.029,-0.029,0.7550,0.3180,-0.0500,287.570620,43.531738,14.596
7812893,K06919.01,,CANDIDATE,CANDIDATE,0.4090,0,0,0,0,8.799872200,1.0380000e-04,-1.0380000e-04,136.3774400,9.810000e-03,-9.810000e-03,0.3440,0.1500,-0.3440,1.15300,0.38200,-0.38200,2.7030e+02,5.390e+01,-5.390e+01,1.09,5.000e-02,-9.000e-02,577.0,,,26.18,5.79,-6.99,7.40,1,q1_q17_dr25_tce,4298.00,129.00,-142.00,4.603,0.053,-0.018,0.6750,0.0280,-0.0570,288.372130,43.591221,15.860
7816680,K06920.01,,FALSE POSITIVE,FALSE POSITIVE,0.0000,0,1,0,0,4.292599454,3.9300000e-07,-3.9300000e-07,131.7702811,7.640000e-05,-7.640000e-05,0.8900,0.0210,-0.0080,4.73293,0.00256,-0.00256,1.4003e+05,9.880e+01,-9.880e+01,64.04,1.882e+01,-8.070e+00,1319.0,,,715.83,616.01,-237.04,1329.60,1,q1_q17_dr25_tce,6467.00,173.00,-211.00,4.377,0.062,-0.188,1.1740,0.3450,-0.1480,289.921330,43.508221,15.573
7816935,K06921.01,,CANDIDATE,CANDIDATE,0.9540,0,0,0,0,6.877780290,9.0340000e-05,-9.0340000e-05,133.0417600,8.930000e-03,-8.930000e-03,0.0800,0.3650,-0.0790,3.19900,0.26200,-0.26200,1.2400e+02,1.460e+01,-1.460e+01,1.19,4.000e-01,-1.400e-01,1052.0,,,289.51,290.38,-91.78,10.10,1,q1_q17_dr25_tce,6274.00,174.00,-218.00,4.434,0.056,-0.224,1.0620,0.3610,-0.1200,290.007840,43.502129,15.099
7838639,K06922.01,,FALSE POSITIVE,FALSE POSITIVE,0.0000,0,1,0,0,2.113197701,2.0400000e-07,-2.0400000e-07,132.3310213,8.070000e-05,-8.070000e-05,0.9090,0.1170,-0.0120,3.46341,0.00578,-0.00578,5.7316e+04,7.200e+01,-7.200e+01,50.13,1.429e+01,-1.429e+01,1825.0,,,2624.42,2257.94,-1452.08,1048.10,1,q1_q17_dr25_tce,6215.00,188.00,-206.00,4.138,0.258,-0.172,1.4630,0.4170,-0.4170,296.914430,43.519451,13.774
7846730,K06923.01,,FALSE POSITIVE,FALSE POSITIVE,0.0000,0,1,0,0,11.028226740,3.9550000e-05,-3.9550000e-05,136.9673200,2.970000e-03,-2.970000e-03,0.3510,2.7990,-0.3500,8.27500,0.23000,-0.23000,2.7804e+05,7.095e+03,-7.095e+03,75.47,2.215e+01,-1.812e+01,1028.0,,,264.14,236.59,-133.91,4680.20,1,q1_q17_dr25_tce,6271.00,199.00,-243.00,4.199,0.190,-0.190,1.3870,0.4070,-0.3330,298.856020,43.536968,12.956
7847927,K06924.01,,FALSE POSITIVE,FALSE POSITIVE,0.0000,0,1,0,0,70.376269870,1.9860000e-05,-1.9860000e-05,151.2284450,2.000000e-04,-2.000000e-04,0.9440,0.0450,-0.0360,6.42050,0.01080,-0.01080,1.1605e+05,1.830e+02,-1.830e+02,40.43,8.080e+00,-3.220e+00,373.0,,,4.59,2.84,-1.10,759.70,1,q1_q17_dr25_tce,5458.00,163.00,-147.00,4.603,0.032,-0.128,0.7550,0.1510,-0.0600,299.133030,43.527111,15.108
7868967,K06925.01,,CANDIDATE,CANDIDATE,,0,0,0,0,12.948925600,1.8530000e-04,-1.8530000e-04,142.4450000,1.370000e-02,-1.370000e-02,0.0847,0.4753,-0.0846,2.16200,0.68500,-0.68500,3.3100e+02,1.250e+02,-1.250e+02,0.94,9.000e-02,-1.300e-01,416.0,,,7.09,2.14,-2.47,7.20,1,q1_q17_dr24_tce,3867.00,80.00,-135.00,4.734,0.070,-0.070,0.5250,0.0500,-0.0700,281.356780,43.658352,15.663
8526387,K07051.01,,FALSE POSITIVE,FALSE POSITIVE,0.0890,0,0,1,0,0.772803664,5.1810000e-06,-5.1810000e-06,131.7035400,5.920000e-03,-5.920000e-03,0.1990,0.2770,-0.1990,1.36800,0.17800,-0.17800,2.9020e+02,3.500e+01,-3.500e+01,1.11,8.000e-02,-1.000e-01,1365.0,,,826.03,263.24,-232.76,8.50,2,q1_q17_dr25_tce,4535.00,159.00,-159.00,4.607,0.052,-0.028,0.6680,0.0480,-0.0600,301.354580,44.524948,15.856
8543278,K07052.01,,FALSE POSITIVE,FALSE POSITIVE,0.0000,0,1,0,0,7.549299761,6.2900000e-07,-6.2900000e-07,135.0113297,6.750000e-05,-6.750000e-05,0.8990,0.1500,-0.0070,2.46338,0.00361,-0.00361,4.4576e+04,4.540e+01,-4.540e+01,18.80,2.430e+00,-1.210e+00,690.0,,,53.74,22.43,-12.07,907.20,1,q1_q17_dr25_tce,5085.00,136.00,-151.00,4.679,0.028,-0.077,0.6340,0.0820,-0.0410,283.948640,44.669498,14.608
8552500,K07053.01,,FALSE POSITIVE,FALSE POSITIVE,0.0000,0,0,1,1,0.530972263,4.9880000e-06,-4.9880000e-06,131.7212000,9.350000e-03,-9.350000e-03,1.0790,0.2270,-0.7710,3.65300,0.65800,-0.65800,4.8600e+01,6.300e+00,-6.300e+00,9.32,3.150e+00,-1.050e+00,2373.0,,,7495.00,7508.09,-2314.52,12.10,1,q1_q17_dr25_tce,6185.00,175.00,-197.00,4.472,0.054,-0.216,0.9910,0.3350,-0.1120,288.867610,44.648022,15.016
8552540,K07054.01,,FALSE POSITIVE,FALSE POSITIVE,0.0000,0,1,0,0,0.530967171,8.2000000e-08,-8.2000000e-08,131.7253850,1.280000e-04,-1.280000e-04,0.8400,0.0640,-0.0600,3.81020,0.02310,-0.02310,3.7839e+05,8.080e+02,-8.080e+02,92.29,2.682e+01,-1.146e+01,2312.0,,,6728.14,5635.99,-2109.21,671.90,1,q1_q17_dr25_tce,5951.00,148.00,-163.00,4.439,0.084,-0.196,0.9910,0.2880,-0.1230,288.890410,44.617020,10.292
8553788,K07055.01,,FALSE POSITIVE,FALSE POSITIVE,0.0000,0,1,0,0,1.606163631,1.3500000e-07,-1.3500000e-07,131.6342249,6.950000e-05,-6.950000e-05,0.9010,0.0110,-0.0120,4.92516,0.00362,-0.00362,1.4460e+05,7.530e+01,-7.530e+01,130.46,1.291e+01,-2.402e+01,2943.0,,,17727.93,4362.54,-6475.33,1662.00,1,q1_q17_dr25_tce,8027.00,63.00,-95.00,3.997,0.126,-0.073,2.3140,0.2290,-0.4260,289.428800,44.641411,12.691
8553907,K07056.01,,FALSE POSITIVE,FALSE POSITIVE,0.0000,0,1,0,0,42.032096076,6.4890000e-06,-6.4890000e-06,133.5811190,1.280000e-04,-1.280000e-04,0.5190,0.0050,-0.0040,11.67680,0.00719,-0.00719,3.9126e+05,2.080e+02,-2.080e+02,79.17,1.772e+01,-8.860e+00,622.0,,,35.34,22.48,-10.66,2164.40,1,q1_q17_dr25_tce,6618.00,148.00,-198.00,4.393,0.063,-0.147,1.1170,0.2500,-0.1250,289.479220,44.631371,12.694
8559796,K07057.01,,FALSE POSITIVE,FALSE POSITIVE,0.0000,1,0,0,0,0.619303759,,,131.5539456,,,1.0130,,,6.60380,,,7.4500e+01,,,4.71,1.530e+00,-1.020e+00,3232.0,,,25737.02,24732.63,-12431.62,3.50,1,q1_q17_dr25_tce,7138.00,199.00,-299.00,4.137,0.158,-0.193,1.6840,0.5480,-0.3650,291.705810,44.618542,13.154
8559863,K07058.01,,FALSE POSITIVE,FALSE POSITIVE,0.0000,0,1,0,0,22.470494368,2.1160000e-06,-2.1160000e-06,143.2848310,7.840000e-05,-7.840000e-05,0.8600,0.0070,-0.0010,7.39097,0.00570,-0.00570,4.5979e+04,2.970e+01,-2.970e+01,19.12,2.800e+00,-1.290e+00,518.0,,,17.04,8.15,-3.75,2393.20,1,q1_q17_dr25_tce,5315.00,159.00,-143.00,4.636,0.030,-0.090,0.6970,0.1020,-0.0470,291.730900,44.622631,12.723
8489260,K07889.01,,CANDIDATE,CANDIDATE,0.3860,0,0,0,0,130.235324000,3.0300000e-03,-3.0300000e-03,218.2719000,2.010000e-02,-2.010000e-02,0.0750,0.3870,-0.0750,5.67800,0.53400,-0.53400,7.5010e+02,9.140e+01,-9.140e+01,2.44,6.800e-01,-2.300e-01,332.0,,,2.86,2.38,-0.80,9.70,1,q1_q17_dr25_tce,5616.00,166.00,-183.00,4.529,0.036,-0.192,0.9030,0.2510,-0.0840,289.574520,44.519939,15.991
9529856,K07185.01,,FALSE POSITIVE,FALSE POSITIVE,0.0000,0,1,0,0,37.482223878,4.3090000e-06,-4.3090000e-06,155.8400132,9.560000e-05,-9.560000e-05,1.2000,0.0370,-0.0200,4.81451,0.00428,-0.00428,2.8977e+04,2.420e+01,-2.420e+01,114.14,1.829e+01,-4.268e+01,902.0,,,156.47,80.94,-101.59,1262.30,1,q1_q17_dr25_tce,6422.00,195.00,-176.00,3.780,0.320,-0.080,2.4150,0.3870,-0.9030,293.262450,46.150620,13.460
9536048,K07186.01,,FALSE POSITIVE,FALSE POSITIVE,0.2770,0,0,1,0,3.711862430,1.3360000e-05,-1.3360000e-05,132.6486000,2.670000e-03,-2.670000e-03,0.4690,0.5400,-0.1000,1.03200,0.19800,-0.19800,5.3900e+01,1.090e+01,-1.090e+01,0.95,3.100e-01,-1.600e-01,1406.0,,,922.90,868.92,-371.39,7.00,1,q1_q17_dr25_tce,6302.00,170.00,-208.00,4.299,0.112,-0.208,1.2580,0.4040,-0.2180,295.613490,46.190689,13.787
9540450,K07187.01,,FALSE POSITIVE,FALSE POSITIVE,0.0000,0,1,0,0,1.077358008,1.8900000e-07,-1.8900000e-07,131.6005510,1.380000e-04,-1.380000e-04,0.6190,0.0140,-0.0100,3.67130,0.00920,-0.00920,3.1105e+05,6.530e+02,-6.530e+02,70.64,2.244e+01,-1.208e+01,1925.0,,,3242.53,3570.72,-1500.50,537.40,1,q1_q17_dr25_tce,6100.00,298.00,-364.00,4.397,0.112,-0.208,1.0640,0.3380,-0.1820,297.093290,46.132381,14.146
9540675,K07188.01,,FALSE POSITIVE,FALSE POSITIVE,0.0000,0,0,1,1,3.556435140,9.0200000e-05,-9.0200000e-05,133.5696000,2.430000e-02,-2.430000e-02,0.1460,0.3240,-0.1460,8.52900,0.66300,-0.66300,4.5800e+01,3.900e+00,-3.900e+00,0.75,2.100e-01,-1.700e-01,1297.0,,,669.38,552.84,-314.33,13.40,1,q1_q17_dr25_tce,5831.00,157.00,-157.00,4.289,0.225,-0.184,1.1090,0.3120,-0.2560,297.166020,46.199188,13.874
9541163,K07189.01,,FALSE POSITIVE,FALSE POSITIVE,0.0000,1,0,1,1,0.536649700,6.2670000e-06,-6.2670000e-06,131.7177100,9.070000e-03,-9.070000e-03,0.0420,0.4470,-0.0420,2.88700,0.38100,-0.38100,1.0540e+02,1.350e+01,-1.350e+01,0.92,2.300e-01,-8.000e-02,2142.0,,,4982.76,3678.56,-1340.69,10.60,1,q1_q17_dr25_tce,5822.00,140.00,-192.00,4.529,0.042,-0.178,0.8980,0.2310,-0.0770,297.293950,46.102341,15.449
9541567,K07190.01,,FALSE POSITIVE,FALSE POSITIVE,0.0000,1,0,0,0,1.122845010,,,131.6719080,,,,,,0.95000,,,,,,,,,,,,42791.46,62588.41,-21938.48,,2,q1_q17_dr25_tce,,,,,,,,,,297.404240,46.119991,11.872
9569866,K07191.01,,FALSE POSITIVE,FALSE POSITIVE,0.0000,0,1,0,0,1.480324075,1.1600000e-07,-1.1600000e-07,131.7556963,6.420000e-05,-6.420000e-05,0.3880,0.0160,-0.0040,3.20209,0.00283,-0.00283,4.0001e+05,3.840e+02,-3.840e+02,47.81,5.340e+00,-4.800e+00,1313.0,,,701.93,273.65,-192.40,1095.90,1,q1_q17_dr25_tce,5260.00,157.00,-141.00,4.560,0.082,-0.060,0.7170,0.0800,-0.0720,282.227110,46.246159,13.983
9579192,K07192.01,,FALSE POSITIVE,FALSE POSITIVE,0.0000,0,1,0,0,12.083537810,7.2200000e-07,-7.2200000e-07,139.6155998,4.980000e-05,-4.980000e-05,0.7490,0.0010,-0.0010,7.90317,0.00254,-0.00254,4.3087e+04,1.600e+01,-1.600e+01,50.33,1.032e+01,-1.548e+01,1310.0,,,696.82,415.47,-401.04,3799.50,1,q1_q17_dr25_tce,6770.00,162.00,-203.00,3.890,0.266,-0.114,2.2140,0.4540,-0.6810,287.631870,46.298710,12.344
8540376,K07892.01,Kepler-457 d,CONFIRMED,CANDIDATE,0.9940,0,0,0,0,10.692115000,3.3130000e-03,-3.3130000e-03,141.1160000,4.330000e-01,-4.330000e-01,0.7340,0.2210,-0.5070,4.65700,0.44000,-0.44000,4.0840e+02,5.120e+01,-5.120e+01,2.71,8.200e-01,-4.500e-01,1008.0,,,244.47,214.97,-98.88,9.40,1,q1_q17_dr25_tce,6474.00,159.00,-250.00,4.311,0.108,-0.201,1.2420,0.3800,-0.2050,282.377530,44.694592,14.294
10363300,K07318.01,,FALSE POSITIVE,FALSE POSITIVE,0.0000,0,1,0,0,0.934926138,7.6000000e-08,-7.6000000e-08,132.1779461,6.360000e-05,-6.360000e-05,0.9050,0.0220,-0.0080,3.19250,0.00315,-0.00315,1.3194e+05,6.710e+01,-6.710e+01,58.67,1.801e+01,-7.730e+00,1957.0,,,3455.76,3198.24,-1209.55,1149.30,1,q1_q17_dr25_tce,5962.00,181.00,-217.00,4.423,0.067,-0.216,1.0780,0.3310,-0.1420,299.634490,47.477249,14.681
10388451,K07319.01,,CANDIDATE,CANDIDATE,,0,0,0,0,17.167767500,2.7080000e-04,-2.7080000e-04,142.9943000,1.180000e-02,-1.180000e-02,0.4828,0.0044,-0.4828,2.97500,0.40500,-0.40500,3.3510e+02,4.800e+01,-4.800e+01,0.97,1.000e-01,-9.000e-02,370.0,,,4.43,1.17,-0.99,7.40,1,q1_q17_dr24_tce,3761.00,50.00,-50.00,4.724,0.060,-0.060,0.5260,0.0500,-0.0500,283.847560,47.515659,15.929
10396708,K07320.01,,CANDIDATE,CANDIDATE,1.0000,0,0,0,0,8.502077490,9.3300000e-05,-9.3300000e-05,132.3612100,9.400000e-03,-9.400000e-03,0.0730,0.3800,-0.0720,3.05700,0.26900,-0.26900,1.1730e+02,1.280e+01,-1.280e+01,0.75,7.000e-02,-7.000e-02,679.0,,,50.14,16.48,-13.42,10.50,1,q1_q17_dr25_tce,4889.00,146.00,-131.00,4.570,0.066,-0.044,0.7150,0.0620,-0.0690,288.297150,47.560040,14.755
10407047,K07321.01,,FALSE POSITIVE,FALSE POSITIVE,0.0000,0,0,1,1,0.933746990,7.3880000e-06,-7.3880000e-06,131.5240600,7.250000e-03,-7.250000e-03,1.1670,0.1250,-0.1810,6.16800,0.40900,-0.40900,1.7210e+02,8.600e+00,-8.600e+00,103.98,4.311e+01,-4.312e+01,3442.0,,,33070.30,40521.06,-22909.50,25.50,1,q1_q17_dr25_tce,4909.00,132.00,-132.00,3.136,0.402,-0.268,5.2720,2.1860,-2.1860,292.776950,47.539391,13.327
10407430,K07322.01,,FALSE POSITIVE,FALSE POSITIVE,0.0000,0,0,0,1,0.933759404,6.0500000e-06,-6.0500000e-06,131.5029400,9.760000e-03,-9.760000e-03,0.7120,0.2540,-0.4700,3.49100,0.33900,-0.33900,1.1490e+02,6.900e+00,-6.900e+00,0.99,2.900e-01,-9.000e-02,1763.0,,,2289.80,1979.66,-651.52,18.90,1,q1_q17_dr25_tce,5766.00,172.00,-189.00,4.514,0.060,-0.180,0.8660,0.2490,-0.0830,292.933960,47.514751,15.619
10407464,K07323.01,,FALSE POSITIVE,FALSE POSITIVE,0.0000,0,0,0,1,0.933737110,1.2780000e-05,-1.2780000e-05,131.5293000,1.210000e-02,-1.210000e-02,0.1210,0.3600,-0.1210,3.15100,0.34400,-0.34400,1.2900e+01,1.400e+00,-1.400e+00,0.37,7.000e-02,-5.000e-02,2077.0,,,4422.99,2413.54,-1499.26,11.20,1,q1_q17_dr25_tce,6300.00,152.00,-190.00,4.391,0.096,-0.132,1.0250,0.1900,-0.1390,292.945010,47.528469,12.720
10417704,K07324.01,,FALSE POSITIVE,FALSE POSITIVE,0.0000,1,0,0,0,3.008254800,,,132.6897600,,,,,,2.38000,,,,,,,,,,,,6114.15,13711.87,-2311.24,,1,q1_q17_dr25_tce,,,,,,,,,,296.653290,47.515259,13.907
10420279,K07325.01,,FALSE POSITIVE,FALSE POSITIVE,0.0000,0,1,0,0,45.433248620,1.3350000e-05,-1.3350000e-05,159.8704730,2.220000e-04,-2.220000e-04,0.4890,0.0060,-0.0060,14.24200,0.01410,-0.01410,4.1435e+05,3.700e+02,-3.700e+02,77.25,2.210e+01,-1.359e+01,529.0,,,18.46,15.49,-7.36,1337.00,1,q1_q17_dr25_tce,5731.00,154.00,-171.00,4.359,0.128,-0.192,1.0800,0.3090,-0.1900,297.380310,47.545029,14.774
10422852,K07326.01,,FALSE POSITIVE,FALSE POSITIVE,0.0000,0,1,0,0,1.398890216,1.1120000e-06,-1.1120000e-06,132.1655800,6.190000e-04,-6.190000e-04,1.1230,0.0190,-0.0920,4.96410,0.05640,-0.05640,6.6012e+04,4.370e+02,-4.370e+02,57.48,1.679e+01,-9.030e+00,1784.0,,,2389.78,2123.51,-937.14,204.00,1,q1_q17_dr25_tce,6134.00,192.00,-235.00,4.378,0.124,-0.186,1.0510,0.3070,-0.1650,298.076450,47.512798,14.855
11495989,K07449.01,,CANDIDATE,CANDIDATE,,0,0,0,0,1.322475635,5.5080000e-06,-5.5080000e-06,132.6677700,3.220000e-03,-3.220000e-03,1.1980,0.4449,-0.1320,5.30700,0.16000,-0.16000,9.9730e+02,2.720e+01,-2.720e+01,14.03,9.200e-01,-1.000e+00,1097.0,,,342.59,92.77,-79.07,53.90,1,q1_q17_dr24_tce,4668.00,133.00,-132.00,4.700,0.053,-0.053,0.5480,0.0360,-0.0390,285.376710,49.461712,14.335
11499757,K07450.01,,FALSE POSITIVE,FALSE POSITIVE,0.0000,1,0,0,0,12.314402323,7.9700000e-07,-7.9700000e-07,134.2520931,5.120000e-05,-5.120000e-05,0.5060,0.0050,-0.0040,5.89030,0.00249,-0.00249,3.9390e+05,1.160e+02,-1.160e+02,75.21,2.209e+01,-7.900e+00,864.0,,,131.33,113.96,-40.02,2540.60,1,q1_q17_dr25_tce,6247.00,174.00,-217.00,4.433,0.065,-0.195,1.0660,0.3130,-0.1120,287.726200,49.435261,14.760
11501774,K07451.01,,FALSE POSITIVE,FALSE POSITIVE,,0,1,0,0,0.691823991,8.0100000e-06,-8.0100000e-06,131.5700000,1.080000e-02,-1.080000e-02,0.3501,0.1463,-0.3501,5.96500,0.54100,-0.54100,1.6590e+02,1.860e+01,-1.860e+01,1.23,5.800e-01,-1.700e-01,1878.0,,,2938.32,4424.05,-980.89,18.00,1,q1_q17_dr24_tce,5226.00,182.00,-140.00,4.404,0.127,-0.127,0.9620,0.4600,-0.1330,288.876370,49.490528,15.247
11502172,K07452.01,,FALSE POSITIVE,FALSE POSITIVE,0.0000,0,1,0,0,25.431861399,5.0950000e-06,-5.0950000e-06,135.6191940,1.630000e-04,-1.630000e-04,1.1260,0.0370,-0.0130,5.23771,0.00831,-0.00831,4.6565e+04,6.860e+01,-6.860e+01,43.42,1.090e+01,-5.890e+00,601.0,,,30.92,22.92,-10.20,785.00,1,q1_q17_dr25_tce,5754.00,155.00,-155.00,4.458,0.108,-0.175,0.9000,0.2260,-0.1220,289.078190,49.480019,14.164
11502179,K07453.01,,FALSE POSITIVE,FALSE POSITIVE,,0,0,1,1,3.988558690,3.3280000e-05,-3.3280000e-05,135.1290000,7.400000e-03,-7.400000e-03,0.1671,0.3145,-0.1670,1.46700,0.21700,-0.21700,2.1410e+02,2.370e+01,-2.370e+01,2.40,9.500e-01,-7.900e-01,1447.0,,,1036.21,1251.61,-626.50,10.50,1,q1_q17_dr24_tce,5791.00,182.00,-194.00,4.057,0.283,-0.283,1.6460,0.6530,-0.5380,289.080990,49.420315,13.035
11506235,K07454.01,,FALSE POSITIVE,FALSE POSITIVE,0.0000,0,1,0,0,20.413052415,1.5940000e-06,-1.5940000e-06,140.0167643,6.460000e-05,-6.460000e-05,0.7770,0.0150,-0.0010,4.46210,0.00394,-0.00394,9.2672e+04,8.320e+01,-8.320e+01,35.03,1.080e+01,-3.600e+00,668.0,,,47.14,42.49,-13.89,1620.80,1,q1_q17_dr25_tce,5941.00,158.00,-193.00,4.487,0.054,-0.216,0.9630,0.2970,-0.0990,291.300690,49.495689,14.874
11551652,K07455.01,,CANDIDATE,CANDIDATE,,0,0,0,0,3.773744000,1.8330000e-04,-1.8330000e-04,131.8309000,3.240000e-02,-3.240000e-02,0.9606,0.0188,-0.6664,15.20000,2.30000,-2.30000,8.5200e+01,1.020e+01,-1.020e+01,2.44,8.200e-01,-8.100e-01,2001.0,,,3791.11,3898.65,-2362.11,5.70,2,q1_q17_dr24_tce,7302.00,232.00,-309.00,3.965,0.248,-0.248,2.0690,0.6990,-0.6840,287.575010,49.551167,11.419
11560382,K07456.01,,FALSE POSITIVE,FALSE POSITIVE,0.0000,0,0,1,1,0.527679032,2.4630000e-06,-2.4630000e-06,131.8111900,4.230000e-03,-4.230000e-03,0.2840,0.1940,-0.2840,1.39500,0.11700,-0.11700,8.4100e+01,6.900e+00,-6.900e+00,0.79,2.300e-01,-7.000e-02,2115.0,,,4714.94,3888.36,-1285.29,14.80,1,q1_q17_dr25_tce,5799.00,155.00,-172.00,4.548,0.035,-0.196,0.8600,0.2420,-0.0810,292.538640,49.538761,15.356
11560431,K07457.01,,FALSE POSITIVE,FALSE POSITIVE,0.0000,0,0,0,1,0.527673075,,,131.8234533,,,0.1340,,,1.36930,,,2.6100e+01,,,0.42,7.000e-02,-5.000e-02,1970.0,,,3535.35,2235.45,-1177.64,2.30,3,q1_q17_dr25_tce,5367.00,212.00,-191.00,4.514,0.076,-0.124,0.8280,0.1510,-0.1010,292.565830,49.535721,9.694
2438062,K06271.01,,FALSE POSITIVE,FALSE POSITIVE,0.0000,0,1,1,1,2.442957270,1.4700000e-05,-1.4700000e-05,132.0029200,7.750000e-03,-7.750000e-03,1.2420,6.4180,-0.1220,4.06560,0.05790,-0.05790,1.5298e+04,2.030e+02,-2.030e+02,44.35,0.000e+00,0.000e+00,1352.0,,,788.17,0.00,0.00,85.50,1,q1_q17_dr25_tce,5780.00,,,4.438,,,1.0000,,,290.277070,37.791946,16.389
2438517,K06272.01,,FALSE POSITIVE,FALSE POSITIVE,0.0000,0,0,1,1,3.315876880,3.1270000e-05,-3.1270000e-05,131.5064800,9.700000e-03,-9.700000e-03,0.6880,0.2850,-0.4780,3.15200,0.30400,-0.30400,1.8560e+02,2.350e+01,-2.350e+01,1.27,2.600e-01,-1.700e-01,1097.0,,,342.77,231.95,-116.74,11.40,1,q1_q17_dr25_tce,5385.00,185.00,-185.00,4.476,0.092,-0.138,0.8750,0.1840,-0.1130,290.329130,37.763889,15.539
2442084,K06273.01,,FALSE POSITIVE,FALSE POSITIVE,0.0000,0,1,0,0,49.788613011,6.9440000e-06,-6.9440000e-06,175.1927140,1.140000e-04,-1.140000e-04,0.7530,0.0330,-0.0440,7.41807,0.00716,-0.00716,2.1922e+05,1.650e+02,-1.650e+02,32.57,1.620e+00,-2.100e+00,271.0,,,1.28,0.27,-0.25,1566.80,1,q1_q17_dr25_tce,3892.00,86.00,-86.00,4.708,0.036,-0.021,0.5420,0.0270,-0.0350,291.160100,37.761101,15.591
2449245,K06274.01,,CANDIDATE,CANDIDATE,0.9970,0,0,0,0,18.177292700,4.9010000e-04,-4.9010000e-04,145.8085000,2.000000e-02,-2.000000e-02,0.0390,0.4300,-0.0390,4.70300,0.75800,-0.75800,2.1310e+02,3.200e+01,-3.200e+01,1.50,4.700e-01,-1.600e-01,737.0,,,69.62,64.86,-21.95,7.90,1,q1_q17_dr25_tce,6158.00,171.00,-236.00,4.455,0.052,-0.208,1.0260,0.3240,-0.1080,292.730260,37.787182,15.324
2450716,K06275.01,,FALSE POSITIVE,FALSE POSITIVE,,0,1,1,0,1.386079730,6.0200000e-05,-6.0200000e-05,131.5931000,3.270000e-02,-3.270000e-02,0.0198,0.4519,-0.0198,8.70000,1.70000,-1.70000,6.4600e+01,1.800e+01,-1.800e+01,0.60,1.500e-01,-5.000e-02,1356.0,,,798.80,605.98,-197.00,2.80,1,q1_q17_dr24_tce,5261.00,172.00,-138.00,4.562,0.042,-0.042,0.7680,0.1870,-0.0650,293.070980,37.710899,14.132
2557350,K06276.01,,CANDIDATE,CANDIDATE,0.9600,0,0,0,0,3.098728340,2.5330000e-05,-2.5330000e-05,134.3928100,6.720000e-03,-6.720000e-03,0.1330,0.3390,-0.1330,1.89000,0.23700,-0.23700,2.4800e+02,3.000e+01,-3.000e+01,0.64,5.000e-02,-6.000e-02,579.0,,,26.60,6.64,-6.55,10.10,1,q1_q17_dr25_tce,3628.00,58.00,-65.00,4.842,0.044,-0.036,0.4100,0.0340,-0.0410,286.819150,37.859009,15.870
2557430,K06277.01,,FALSE POSITIVE,FALSE POSITIVE,0.0000,0,1,0,0,0.648868342,1.1500000e-07,-1.1500000e-07,131.8428920,1.470000e-04,-1.470000e-04,1.1720,0.1280,-0.0620,2.82428,0.00808,-0.00808,3.4770e+04,7.120e+01,-7.120e+01,72.32,1.998e+01,-1.998e+01,2882.0,,,16368.52,12757.78,-8691.60,477.00,1,q1_q17_dr25_tce,6531.00,146.00,-178.00,4.120,0.246,-0.164,1.5240,0.4210,-0.4210,286.845280,37.815891,11.471
2568971,K06278.01,,FALSE POSITIVE,FALSE POSITIVE,0.0000,1,0,1,0,5.088582739,,,134.0551280,,,1.1950,,,7.60660,,,4.4890e+02,,,46.02,1.216e+01,-1.217e+01,1786.0,,,2400.30,1940.48,-1305.50,40.30,1,q1_q17_dr25_tce,7514.00,235.00,-314.00,4.052,0.193,-0.158,1.9550,0.5170,-0.5170,290.108830,37.845211,13.180
4284147,K06402.01,,FALSE POSITIVE,FALSE POSITIVE,0.0290,1,0,0,0,1.161102200,,,132.2174000,,,,,,2.48000,,,,,,,,,,,,5175.96,7857.39,-2256.22,,1,q1_q17_dr25_tce,,,,,,,,,,296.485840,39.312611,15.742
4349935,K06403.01,,FALSE POSITIVE,FALSE POSITIVE,0.0000,1,0,0,0,0.792023257,2.2240000e-06,-2.2240000e-06,131.9289600,2.810000e-03,-2.810000e-03,0.2050,0.2050,-0.2050,3.26040,0.08430,-0.08430,1.7660e+02,4.400e+00,-4.400e+00,0.81,7.000e-02,-7.000e-02,1300.0,,,678.05,201.71,-180.34,49.60,1,q1_q17_dr25_tce,4447.00,120.00,-133.00,4.632,0.052,-0.024,0.6250,0.0500,-0.0560,286.829830,39.469559,14.498
4352168,K06404.01,,FALSE POSITIVE,FALSE POSITIVE,0.0000,0,1,0,0,10.643743766,5.8600000e-07,-5.8600000e-07,134.9422857,4.630000e-05,-4.630000e-05,0.3530,0.0030,-0.0010,6.29783,0.00221,-0.00221,4.3651e+05,2.400e+02,-2.400e+02,47.87,4.960e+00,-4.970e+00,675.0,,,49.06,18.23,-14.19,3167.90,1,q1_q17_dr25_tce,5282.00,159.00,-159.00,4.578,0.084,-0.052,0.6940,0.0720,-0.0720,287.714970,39.442711,14.343
4356621,K06405.01,,FALSE POSITIVE,FALSE POSITIVE,0.0000,0,0,0,1,1.731795800,1.9660000e-05,-1.9660000e-05,132.8964000,1.030000e-02,-1.030000e-02,0.4450,0.0270,-0.4450,2.92400,0.27100,-0.27100,6.0600e+01,6.800e+00,-6.800e+00,1.19,1.800e-01,-2.600e-01,1825.0,,,2628.30,1101.79,-1094.00,10.50,1,q1_q17_dr25_tce,5691.00,85.00,-77.00,4.095,0.203,-0.087,1.5080,0.2360,-0.3240,289.205140,39.468441,15.019
4357985,K06406.01,,FALSE POSITIVE,FALSE POSITIVE,0.0000,0,1,0,1,8.652985990,7.3390000e-05,-7.3390000e-05,136.6713200,6.080000e-03,-6.080000e-03,0.5290,0.0510,-0.4300,1.54900,0.25700,-0.25700,3.1380e+02,4.050e+01,-4.050e+01,1.36,1.700e-01,-1.500e-01,734.0,,,68.48,28.36,-20.50,12.40,1,q1_q17_dr25_tce,5210.00,155.00,-155.00,4.538,0.088,-0.064,0.7490,0.0910,-0.0830,289.600370,39.431709,15.415
4367544,K06407.01,,FALSE POSITIVE,FALSE POSITIVE,0.0000,0,1,0,0,1.195634470,2.7410000e-05,-2.7410000e-05,131.5506000,2.730000e-02,-2.730000e-02,0.8610,0.0100,-0.0080,5.39340,0.08960,-0.08960,8.2450e+03,1.060e+02,-1.060e+02,14.94,4.140e+00,-5.040e+00,1988.0,,,3686.75,3164.40,-2256.17,105.80,1,q1_q17_dr25_tce,5583.00,186.00,-169.00,4.115,0.357,-0.153,1.4130,0.3910,-0.4770,292.283940,39.457100,14.327
4372410,K06408.01,,FALSE POSITIVE,FALSE POSITIVE,0.0000,1,0,1,0,0.550537628,,,131.6623478,,,0.5160,,,1.21600,,,7.2000e+01,,,1.93,2.400e-01,-3.200e-01,4181.0,,,71798.87,22204.03,-23772.94,4.90,1,q1_q17_dr25_tce,8098.00,72.00,-81.00,4.013,0.126,-0.084,2.1990,0.2730,-0.3640,293.526820,39.404831,11.456
4372620,K06409.01,,CANDIDATE,CANDIDATE,,0,0,0,0,19.931060200,3.9930000e-04,-3.9930000e-04,145.7465000,1.670000e-02,-1.670000e-02,0.0766,0.3760,-0.0765,8.48000,0.43100,-0.43100,9.7900e+01,8.500e+00,-8.500e+00,2.42,1.090e+00,-1.300e+00,960.0,,,201.01,275.50,-162.64,14.20,1,q1_q17_dr24_tce,5500.00,173.00,-154.00,3.775,0.517,-0.517,2.4910,1.1140,-1.3390,293.578700,39.447979,13.370
4372961,K06410.01,,FALSE POSITIVE,FALSE POSITIVE,0.0000,0,1,0,0,2.534707970,1.4370000e-05,-1.4370000e-05,132.8811700,4.490000e-03,-4.490000e-03,1.1870,0.0150,-0.1660,20.14300,0.41300,-0.41300,3.2820e+02,4.500e+00,-4.500e+00,50.25,8.690e+00,-1.304e+01,2117.0,,,4744.68,2101.83,-2265.45,99.50,1,q1_q17_dr25_tce,6440.00,77.00,-77.00,3.874,0.210,-0.090,2.2540,0.3900,-0.5850,293.661010,39.411629,13.920
5119143,K06527.01,,FALSE POSITIVE,FALSE POSITIVE,,1,0,0,0,0.530799654,4.0630000e-06,-4.0630000e-06,131.6872700,5.720000e-03,-5.720000e-03,0.0126,0.4654,-0.0125,3.48700,0.23900,-0.23900,3.1850e+02,3.050e+01,-3.050e+01,2.92,1.550e+00,-8.500e-01,3102.0,,,21896.26,37253.50,-13201.25,12.50,1,q1_q17_dr24_tce,6534.00,235.00,-374.00,4.128,0.213,-0.213,1.6220,0.8620,-0.4720,296.684510,40.290588,12.328
5125048,K06528.01,,FALSE POSITIVE,FALSE POSITIVE,0.0000,1,0,0,0,0.568187690,,,132.0664300,,,,,,2.00000,,,,,,,,,,,,17741.94,26912.56,-7416.59,,1,q1_q17_dr25_tce,,,,,,,,,,298.020260,40.265659,11.941
5126627,K06529.01,,FALSE POSITIVE,FALSE POSITIVE,0.0000,1,0,0,0,1.009477900,,,131.6463000,,,,,,3.72000,,,,,,,,,,,,2573.87,0.00,0.00,,1,q1_q17_dr25_tce,,,,,,,,,,298.395810,40.259480,13.965
5130890,K06530.01,,FALSE POSITIVE,FALSE POSITIVE,,1,0,0,0,0.910577950,,,131.5209695,,,,,,2.73000,,,,,,,,,,,,,,,,1,q1_q17_dr24_tce,,,,,,,,,,299.246830,40.298660,11.965
5164794,K06531.01,,FALSE POSITIVE,FALSE POSITIVE,0.0000,1,0,1,0,1.042941900,5.6520000e-04,-5.6520000e-04,131.9660000,2.650000e-01,-2.650000e-01,0.9220,0.0170,-0.6350,7.22000,2.40000,-2.40000,4.1200e+02,1.120e+02,-1.120e+02,2.49,0.000e+00,0.000e+00,1795.0,,,2448.03,0.00,0.00,40.90,1,q1_q17_dr25_tce,5780.00,,,4.438,,,1.0000,,,283.483580,40.324066,11.510
5171707,K06532.01,,CANDIDATE,CANDIDATE,1.0000,0,0,0,0,0.813998812,2.2820000e-06,-2.2820000e-06,132.1244000,2.270000e-03,-2.270000e-03,0.0450,0.4060,-0.0450,0.67500,0.10100,-0.10100,1.8340e+02,1.840e+01,-1.840e+01,1.36,3.800e-01,-2.000e-01,1933.0,,,3285.52,2749.57,-1149.97,13.70,1,q1_q17_dr25_tce,5705.00,156.00,-173.00,4.424,0.101,-0.188,0.9890,0.2810,-0.1410,286.748570,40.365440,15.567
5172274,K06533.01,,FALSE POSITIVE,FALSE POSITIVE,0.0000,0,1,0,0,6.126509130,3.9390000e-03,-3.9390000e-03,133.2391000,2.370000e-01,-2.370000e-01,0.9190,0.9770,-0.9190,15.43000,2.30000,-2.30000,2.4340e+03,1.374e+04,-1.374e+04,9.08,3.310e+00,-1.100e+00,1370.0,,,832.67,873.49,-290.43,3.10,1,q1_q17_dr25_tce,6881.00,167.00,-287.00,4.252,0.058,-0.058,1.5340,0.5590,-0.1860,286.978090,40.302078,12.625
5174492,K06534.01,,FALSE POSITIVE,FALSE POSITIVE,0.0000,0,1,0,0,0.720589427,,,131.9829699,,,0.6400,,,4.32900,,,7.0000e+01,,,1.95,5.600e-01,-4.500e-01,3927.0,,,56448.93,47593.61,-29155.29,1.70,2,q1_q17_dr25_tce,8497.00,237.00,-407.00,4.070,0.140,-0.171,2.2110,0.6300,-0.5150,287.888820,40.386768,12.051
6068947,K06661.01,,FALSE POSITIVE,FALSE POSITIVE,,0,1,0,0,0.573036404,4.2000000e-08,-4.2000000e-08,120.5159138,6.370000e-05,-6.370000e-05,0.9279,0.0100,-0.0047,1.31760,0.01180,-0.01180,4.1745e+03,1.290e+01,-1.290e+01,9.97,4.070e+00,-1.790e+00,2376.0,,,7539.67,9042.60,-2999.78,419.60,1,q1_q17_dr24_tce,5745.00,151.00,-160.00,4.290,0.155,-0.155,1.1960,0.4880,-0.2140,298.742980,41.386292,13.302
6103049,K06662.01,,FALSE POSITIVE,FALSE POSITIVE,0.0000,0,1,0,0,0.643171495,6.8000000e-08,-6.8000000e-08,131.8893076,8.930000e-05,-8.930000e-05,1.2140,0.1010,-0.0760,2.31285,0.00571,-0.00571,4.1160e+04,7.930e+01,-7.930e+01,54.03,1.525e+01,-9.390e+00,2193.0,,,5486.36,4537.78,-2167.26,641.40,1,q1_q17_dr25_tce,5899.00,158.00,-175.00,4.387,0.149,-0.182,0.9890,0.2790,-0.1720,283.768220,41.441120,15.147
6109688,K06663.01,,FALSE POSITIVE,FALSE POSITIVE,0.0000,0,1,0,0,14.086776961,2.2510000e-06,-2.2510000e-06,140.2870180,1.320000e-04,-1.320000e-04,0.6030,0.0020,-0.0010,10.12790,0.00787,-0.00787,1.0684e+05,8.040e+01,-8.040e+01,65.60,2.006e+01,-1.642e+01,1197.0,,,485.09,426.22,-252.07,1856.90,1,q1_q17_dr25_tce,7138.00,175.00,-275.00,4.062,0.198,-0.180,1.8900,0.5780,-0.4730,286.913570,41.481510,12.271
6111011,K06664.01,,CANDIDATE,CANDIDATE,0.2120,0,0,0,0,14.763914500,2.6550000e-04,-2.6550000e-04,133.5320000,1.660000e-02,-1.660000e-02,0.0160,0.4580,-0.0160,3.14000,0.58100,-0.58100,1.6250e+02,3.160e+01,-3.160e+01,0.93,1.700e-01,-8.000e-02,632.0,,,37.74,22.22,-9.13,7.70,1,q1_q17_dr25_tce,5541.00,166.00,-149.00,4.613,0.040,-0.112,0.7330,0.1380,-0.0590,287.467380,41.471630,15.559
6128141,K06665.01,,FALSE POSITIVE,FALSE POSITIVE,0.0000,0,1,0,0,1.872620976,5.6800000e-07,-5.6800000e-07,132.7277010,2.500000e-04,-2.500000e-04,1.2420,1.9050,-0.0930,1.76260,0.01320,-0.01320,1.5306e+03,8.700e+00,-8.700e+00,31.43,9.330e+00,-4.010e+00,1550.0,,,1362.23,1184.90,-454.83,181.90,1,q1_q17_dr25_tce,6031.00,162.00,-198.00,4.427,0.084,-0.196,1.0040,0.2980,-0.1280,293.252870,41.426319,14.337
6128245,K06666.01,,CANDIDATE,CANDIDATE,0.9550,0,0,0,0,1.118510435,7.0690000e-06,-7.0690000e-06,131.6088200,4.890000e-03,-4.890000e-03,0.2510,0.2140,-0.2510,1.11100,0.20000,-0.20000,7.2700e+01,9.800e+00,-9.800e+00,0.75,2.100e-01,-8.000e-02,1684.0,,,1898.51,1579.81,-521.77,9.90,1,q1_q17_dr25_tce,5918.00,160.00,-178.00,4.544,0.036,-0.204,0.8650,0.2450,-0.0820,293.279300,41.403679,14.796
6131659,K06667.01,,FALSE POSITIVE,FALSE POSITIVE,0.0000,0,1,0,0,17.527826808,1.1000000e-06,-1.1000000e-06,144.5700534,5.040000e-05,-5.040000e-05,0.5670,0.0070,-0.0090,5.78491,0.00262,-0.00262,3.4752e+05,1.020e+02,-1.020e+02,49.36,4.850e+00,-4.390e+00,554.0,,,22.31,7.95,-5.69,2450.10,1,q1_q17_dr25_tce,5079.00,151.00,-136.00,4.579,0.050,-0.050,0.7320,0.0720,-0.0650,294.279080,41.436901,12.534
6146838,K06668.01,,FALSE POSITIVE,FALSE POSITIVE,0.0000,0,1,0,0,27.467217305,1.6390000e-06,-1.6390000e-06,143.6727101,4.400000e-05,-4.400000e-05,1.0760,0.0350,-0.0430,4.17961,0.00118,-0.00118,7.1766e+04,2.050e+01,-2.050e+01,38.87,5.140e+00,-4.240e+00,527.0,,,18.22,8.05,-5.26,1986.10,1,q1_q17_dr25_tce,5503.00,165.00,-148.00,4.536,0.105,-0.095,0.7420,0.0980,-0.0810,297.915990,41.485641,13.182
6950275,K06796.01,,FALSE POSITIVE,FALSE POSITIVE,0.0000,0,1,1,1,40.879068000,9.0490000e-04,-9.0490000e-04,163.4056000,1.850000e-02,-1.850000e-02,0.9880,0.0140,-0.6980,6.56200,0.44000,-0.44000,4.9920e+02,3.970e+01,-3.970e+01,3.35,1.050e+00,-3.500e-01,533.0,,,19.12,18.24,-6.01,12.20,1,q1_q17_dr25_tce,6072.00,190.00,-232.00,4.510,0.054,-0.216,0.9230,0.2900,-0.0970,292.346710,42.402939,15.823
6953219,K06797.01,,FALSE POSITIVE,FALSE POSITIVE,,0,0,1,1,0.566802325,1.0240000e-06,-1.0240000e-06,131.7962600,1.550000e-03,-1.550000e-03,0.3857,0.0353,-0.3857,1.84200,0.05970,-0.05970,2.8840e+02,7.400e+00,-7.400e+00,1.40,1.680e+00,-1.500e-01,1889.0,,,3012.00,13638.38,-877.79,70.30,1,q1_q17_dr24_tce,5233.00,178.00,-146.00,4.489,0.085,-0.085,0.8240,0.9880,-0.0900,293.249020,42.446621,14.905
6956176,K06798.01,,CANDIDATE,CANDIDATE,0.9960,0,0,0,0,2.641852680,5.3580000e-05,-5.3580000e-05,131.9331000,1.860000e-02,-1.860000e-02,0.1990,0.2610,-0.1990,1.76000,0.92100,-0.92100,1.4980e+02,1.930e+01,-1.930e+01,3.56,2.120e+00,-1.410e+00,2104.0,,,4636.69,8543.09,-3084.92,7.90,1,q1_q17_dr25_tce,5195.00,144.00,-104.00,3.409,0.310,-0.310,2.9350,1.7500,-1.1670,294.077390,42.402241,13.533
6962018,K06799.01,,FALSE POSITIVE,FALSE POSITIVE,0.0000,0,1,0,0,0.634946497,8.2000000e-08,-8.2000000e-08,132.0745760,1.060000e-04,-1.060000e-04,0.4420,0.0300,-0.0160,2.40541,0.00561,-0.00561,4.2655e+05,4.600e+02,-4.600e+02,52.75,1.710e+00,-4.510e+00,1475.0,,,1123.92,249.24,-307.56,541.40,1,q1_q17_dr25_tce,4446.00,154.00,-154.00,4.567,0.060,-0.016,0.7370,0.0240,-0.0630,295.543730,42.428429,14.791
6965293,K06800.01,,FALSE POSITIVE,FALSE POSITIVE,0.0000,0,1,0,0,5.077746556,7.9700000e-07,-7.9700000e-07,134.6353900,1.300000e-04,-1.300000e-04,1.2110,0.1940,-0.0940,3.17180,0.00653,-0.00653,1.8837e+04,2.990e+01,-2.990e+01,54.93,1.158e+01,-1.158e+01,1274.0,,,622.32,392.27,-279.18,616.90,1,q1_q17_dr25_tce,6174.00,166.00,-185.00,4.235,0.186,-0.140,1.2710,0.2680,-0.2680,296.316410,42.433510,12.847
6967430,K06801.01,,FALSE POSITIVE,FALSE POSITIVE,0.0000,0,0,0,1,2.003837030,2.6630000e-05,-2.6630000e-05,132.8086000,1.210000e-02,-1.210000e-02,0.2680,0.1900,-0.2680,3.47300,0.65600,-0.65600,4.2300e+01,5.500e+00,-5.500e+00,0.67,2.200e-01,-7.000e-02,1518.0,,,1256.78,1168.34,-391.58,10.50,1,q1_q17_dr25_tce,6045.00,163.00,-199.00,4.439,0.070,-0.224,1.0280,0.3260,-0.1160,296.803190,42.477970,14.467
7009828,K06802.01,,FALSE POSITIVE,FALSE POSITIVE,0.0000,0,1,0,0,5.321224925,8.0400000e-07,-8.0400000e-07,135.1250710,1.260000e-04,-1.260000e-04,1.0030,0.0130,-0.0160,7.48973,0.00626,-0.00626,9.8872e+04,9.690e+01,-9.690e+01,40.62,7.070e+00,-3.810e+00,958.0,,,199.25,109.79,-54.29,1203.40,1,q1_q17_dr25_tce,5787.00,173.00,-173.00,4.544,0.085,-0.114,0.7580,0.1320,-0.0710,282.427730,42.593639,15.013
7025851,K06803.01,,FALSE POSITIVE,FALSE POSITIVE,0.0000,0,1,0,0,2.340534383,2.5140000e-06,-2.5140000e-06,132.7471800,1.330000e-03,-1.330000e-03,0.7100,0.0580,-0.0430,4.43017,0.00681,-0.00681,2.4136e+05,2.940e+02,-2.940e+02,69.55,2.246e+01,-9.610e+00,1581.0,,,1476.77,1447.13,-538.42,881.50,1,q1_q17_dr25_tce,6300.00,197.00,-241.00,4.349,0.105,-0.210,1.1360,0.3670,-0.1570,289.359590,42.530239,14.390
7870250,K06926.01,,FALSE POSITIVE,FALSE POSITIVE,0.0000,1,0,1,1,0.580724809,3.8290000e-06,-3.8290000e-06,131.7295600,6.630000e-03,-6.630000e-03,0.2920,0.1930,-0.2920,1.82000,0.21200,-0.21200,6.4200e+01,4.400e+00,-4.400e+00,0.75,2.400e-01,-8.000e-02,2191.0,,,5418.89,4985.38,-1574.68,16.90,1,q1_q17_dr25_tce,5989.00,161.00,-179.00,4.492,0.054,-0.202,0.9330,0.2930,-0.0980,282.157440,43.689152,14.569
7871395,K06927.01,,FALSE POSITIVE,FALSE POSITIVE,,1,0,0,0,501.076474470,,,143.2445125,,,,,,3.21000,,,,,,,,,,,,,,,,1,q1_q17_dr24_tce,,,,,,,,,,282.833340,43.600689,14.795
7885518,K06928.01,,FALSE POSITIVE,FALSE POSITIVE,0.0000,0,0,1,0,1.729332550,1.6580000e-05,-1.6580000e-05,132.5413000,8.510000e-03,-8.510000e-03,0.5860,0.0230,-0.4800,3.63100,0.28500,-0.28500,2.9700e+01,2.200e+00,-2.200e+00,0.69,1.400e-01,-1.600e-01,1745.0,,,2196.53,1345.76,-1003.20,17.10,1,q1_q17_dr25_tce,5921.00,160.00,-142.00,4.220,0.210,-0.140,1.2110,0.2470,-0.2740,289.957400,43.657429,13.070
7885570,K06929.01,,FALSE POSITIVE,FALSE POSITIVE,0.0000,0,1,0,0,1.729338354,9.2000000e-07,-9.2000000e-07,132.5369760,4.370000e-04,-4.370000e-04,0.8870,0.0240,-0.0390,6.85240,0.03240,-0.03240,1.4016e+05,4.460e+02,-4.460e+02,139.36,2.478e+01,-4.602e+01,2230.0,,,5838.68,2753.39,-3357.10,379.70,1,q1_q17_dr25_tce,5587.00,83.00,-75.00,3.754,0.224,-0.096,2.5530,0.4540,-0.8430,289.973720,43.653809,11.679
7886329,K06930.01,,FALSE POSITIVE,FALSE POSITIVE,0.0000,1,0,0,0,0.567493852,2.1000000e-08,-2.1000000e-08,131.9916219,3.060000e-05,-3.060000e-05,1.2750,0.0690,-0.0460,1.35349,0.00442,-0.00442,7.9840e+03,0.000e+00,0.000e+00,65.47,1.616e+01,-2.419e+01,3024.0,,,19665.18,14361.58,-12748.63,1219.80,1,q1_q17_dr25_tce,6370.00,173.00,-192.00,4.053,0.357,-0.153,1.5480,0.3820,-0.5720,290.234070,43.662060,13.205
7902204,K06931.01,,CANDIDATE,CANDIDATE,0.9720,0,0,0,0,2.540311210,2.1980000e-05,-2.1980000e-05,133.7784900,7.190000e-03,-7.190000e-03,0.2950,0.1540,-0.2950,1.83000,0.23900,-0.23900,1.7330e+02,2.070e+01,-2.070e+01,1.20,3.400e-01,-9.000e-02,1268.0,,,611.31,511.08,-151.85,10.10,1,q1_q17_dr25_tce,5778.00,162.00,-182.00,4.531,0.036,-0.204,0.9110,0.2570,-0.0690,295.502290,43.609871,15.921
7919653,K06932.01,,FALSE POSITIVE,FALSE POSITIVE,0.0000,0,1,0,0,2.105238039,3.0400000e-07,-3.0400000e-07,132.6754630,1.200000e-04,-1.200000e-04,0.8300,0.0370,-0.0140,5.23595,0.00939,-0.00939,9.4675e+04,1.340e+02,-1.340e+02,75.10,1.765e+01,-3.275e+01,1966.0,,,3523.25,2543.24,-2534.49,1071.90,1,q1_q17_dr25_tce,5947.00,183.00,-183.00,3.943,0.440,-0.110,1.8850,0.4430,-0.8220,299.937350,43.627129,13.796
7938468,K06933.01,,FALSE POSITIVE,FALSE POSITIVE,0.0000,0,1,0,0,7.226944171,1.3710000e-06,-1.3710000e-06,136.1630080,1.560000e-04,-1.560000e-04,1.2330,0.0090,-0.0140,23.01240,0.01850,-0.01850,6.8218e+05,2.580e+02,-2.580e+02,237.79,6.907e+01,-5.647e+01,1179.0,,,457.25,399.69,-224.66,3076.60,1,q1_q17_dr25_tce,6270.00,188.00,-206.00,4.199,0.209,-0.171,1.3600,0.3950,-0.3230,281.943360,43.728588,13.270
8560861,K07059.01,,FALSE POSITIVE,FALSE POSITIVE,0.0000,0,1,0,1,31.973311701,8.2350000e-06,-8.2350000e-06,133.8672250,2.130000e-04,-2.130000e-04,1.3500,0.0600,-0.1120,13.21050,0.01870,-0.01870,7.5054e+04,6.200e+01,-6.200e+01,272.44,5.564e+01,-1.298e+02,1289.0,,,652.01,402.39,-501.26,1554.10,1,q1_q17_dr25_tce,7854.00,217.00,-326.00,3.669,0.432,-0.108,3.4620,0.7070,-1.6500,292.139400,44.672741,8.500
8565900,K07060.01,,FALSE POSITIVE,FALSE POSITIVE,0.0000,1,0,0,0,1.641258440,,,131.9294000,,,,,,4.51000,,,,,,,,,,,,698.68,615.06,-183.30,,1,q1_q17_dr25_tce,,,,,,,,,,294.105260,44.615269,14.970
8566113,K07061.01,,CANDIDATE,CANDIDATE,,0,0,0,0,1.371587993,6.9640000e-06,-6.9640000e-06,131.8050600,3.680000e-03,-3.680000e-03,0.9829,0.0091,-0.0087,12.90100,0.77800,-0.77800,4.5610e+02,4.990e+01,-4.990e+01,4.91,2.800e+00,-1.090e+00,2413.0,,,8016.36,14023.82,-3885.33,43.30,2,q1_q17_dr24_tce,7045.00,194.00,-278.00,4.154,0.148,-0.148,1.6040,0.9150,-0.3560,294.201450,44.639839,13.104
8569819,K07062.01,,FALSE POSITIVE,FALSE POSITIVE,0.0000,0,1,0,0,20.849919614,,,137.5588347,,,13.7150,,,13.76870,,,3.1309e+05,,,2912.48,7.824e+02,-7.046e+02,1099.0,,,345.25,282.59,-177.67,1614.70,1,q1_q17_dr25_tce,7355.00,228.00,-304.00,4.042,0.198,-0.162,1.9840,0.5330,-0.4800,295.475800,44.621490,13.040
8574270,K07063.01,,FALSE POSITIVE,FALSE POSITIVE,0.0000,0,1,0,0,15.120212531,1.7490000e-06,-1.7490000e-06,139.6966549,9.600000e-05,-9.600000e-05,1.1990,0.0490,-0.0280,3.50007,0.00415,-0.00415,2.4616e+04,2.350e+01,-2.350e+01,33.11,3.700e+00,-3.340e+00,605.0,,,31.61,12.36,-8.69,928.20,1,q1_q17_dr25_tce,5232.00,157.00,-141.00,4.554,0.083,-0.060,0.7250,0.0810,-0.0730,296.821110,44.675980,15.166
8581658,K07064.01,,FALSE POSITIVE,FALSE POSITIVE,0.0000,0,1,0,0,3.481657589,6.3000000e-08,-6.3000000e-08,134.1835162,1.490000e-05,-1.490000e-05,0.2450,0.0010,-0.0010,4.75315,0.00104,-0.00104,3.4701e+05,6.730e+01,-6.730e+01,78.24,2.116e+01,-2.115e+01,1485.0,,,1151.70,941.75,-609.30,7428.70,1,q1_q17_dr25_tce,6225.00,188.00,-188.00,4.191,0.258,-0.172,1.2910,0.3490,-0.3490,298.683290,44.636810,13.396
8590527,K07065.01,,FALSE POSITIVE,FALSE POSITIVE,0.2280,0,1,0,0,0.739769962,6.1000000e-08,-6.1000000e-08,131.9671179,6.920000e-05,-6.920000e-05,1.2120,0.0760,-0.0310,1.95901,0.00197,-0.00197,2.0729e+04,1.220e+01,-1.220e+01,82.29,1.938e+01,-3.324e+01,3013.0,,,19590.61,13287.22,-13428.04,726.20,1,q1_q17_dr25_tce,6465.00,155.00,-194.00,3.947,0.420,-0.140,1.8470,0.4350,-0.7460,301.048220,44.603031,11.634
8604993,K07066.01,,FALSE POSITIVE,FALSE POSITIVE,0.0000,0,1,0,0,6.570421193,1.2140000e-06,-1.2140000e-06,134.0194800,1.560000e-04,-1.560000e-04,0.9390,0.3870,-0.0310,4.46980,0.01110,-0.01110,6.0118e+04,1.050e+02,-1.050e+02,33.99,9.250e+00,-3.970e+00,946.0,,,189.25,151.19,-56.83,712.60,1,q1_q17_dr25_tce,5812.00,156.00,-156.00,4.484,0.065,-0.182,0.9080,0.2470,-0.1060,282.239960,44.731140,15.299
8608490,K07067.01,,FALSE POSITIVE,FALSE POSITIVE,0.0000,0,1,0,0,0.541405029,8.1000000e-08,-8.1000000e-08,131.9335230,1.240000e-04,-1.240000e-04,0.6410,0.1080,-0.0720,2.74810,0.00949,-0.00949,3.2766e+05,8.290e+02,-8.290e+02,125.64,7.797e+01,-7.798e+01,2679.0,,,12266.51,24414.87,-10703.93,541.20,1,q1_q17_dr25_tce,5096.00,168.00,-153.00,3.889,0.735,-0.368,1.7820,1.1060,-1.1060,284.167180,44.779369,14.771
9579789,K07193.01,,FALSE POSITIVE,FALSE POSITIVE,0.0000,0,0,1,1,2.178141860,1.5660000e-05,-1.5660000e-05,132.0294600,7.090000e-03,-7.090000e-03,0.0120,0.4540,-0.0120,1.98800,0.21400,-0.21400,1.2770e+02,1.370e+01,-1.370e+01,0.92,9.000e-02,-9.000e-02,1174.0,,,447.79,158.53,-120.18,11.20,1,q1_q17_dr25_tce,5101.00,154.00,-138.00,4.506,0.070,-0.070,0.8400,0.0810,-0.0810,287.975460,46.289631,15.458
9581498,K07194.01,,FALSE POSITIVE,FALSE POSITIVE,,1,0,0,0,10.548848420,,,140.3874343,,,,,,1.17000,,,,,,,,,,,,,,,,1,q1_q17_dr24_tce,,,,,,,,,,288.920410,46.221142,14.184
9588862,K07195.01,,CANDIDATE,CANDIDATE,,0,0,0,0,5.897739740,6.6920000e-05,-6.6920000e-05,133.4242300,8.060000e-03,-8.060000e-03,0.1566,0.3011,-0.1566,2.24300,0.26200,-0.26200,7.7900e+01,1.240e+01,-1.240e+01,1.00,5.200e-01,-1.100e-01,1150.0,,,414.11,647.92,-130.24,8.10,1,q1_q17_dr24_tce,6300.00,160.00,-211.00,4.371,0.079,-0.079,1.1260,0.5890,-0.1280,292.155430,46.204529,14.742
9592855,K07196.01,,FALSE POSITIVE,FALSE POSITIVE,0.0000,1,0,0,1,0.609662423,2.2000000e-08,-2.2000000e-08,131.9465140,2.990000e-05,-2.990000e-05,0.7990,0.0130,-0.0120,4.24033,0.00354,-0.00354,1.4092e+05,7.270e+01,-7.270e+01,110.14,2.616e+01,-3.487e+01,3834.0,,,51214.99,37515.86,-31059.11,3250.10,1,q1_q17_dr25_tce,7498.00,235.00,-314.00,3.964,0.228,-0.152,2.2740,0.5400,-0.7200,293.770140,46.236580,12.216
9596064,K07197.01,,CANDIDATE,CANDIDATE,1.0000,0,0,0,0,1.741450410,4.4800000e-05,-4.4800000e-05,132.0107000,3.100000e-02,-3.100000e-02,0.3300,0.1190,-0.3300,1.71200,0.18000,-0.18000,3.7060e+02,3.990e+01,-3.990e+01,1.46,2.200e-01,-1.200e-01,1234.0,,,547.50,278.89,-151.41,10.90,1,q1_q17_dr25_tce,5238.00,184.00,-184.00,4.598,0.032,-0.097,0.7640,0.1120,-0.0660,294.950620,46.242149,16.269
9596187,K07198.01,,FALSE POSITIVE,FALSE POSITIVE,0.6690,0,1,0,0,0.953299962,1.8200000e-07,-1.8200000e-07,131.6993090,1.520000e-04,-1.520000e-04,1.2670,0.5230,-0.1700,1.69478,0.00704,-0.00704,2.2366e+03,5.500e+00,-5.500e+00,35.67,1.046e+01,-5.210e+00,2011.0,,,3850.25,3321.48,-1398.58,298.00,1,q1_q17_dr25_tce,6183.00,169.00,-206.00,4.407,0.090,-0.195,1.0200,0.2990,-0.1490,294.991210,46.223572,14.538
9596892,K07199.01,,CANDIDATE,CANDIDATE,,0,0,0,0,20.294411800,1.2730000e-04,-1.2730000e-04,148.0855400,4.810000e-03,-4.810000e-03,8.7053,43.8100,-7.7900,0.35700,0.31600,-0.31600,4.5390e+02,9.710e+01,-9.710e+01,774.73,2.878e+02,-6.583e+01,648.0,,,41.69,46.05,-11.24,5.60,1,q1_q17_dr24_tce,5865.00,167.00,-197.00,4.518,0.034,-0.034,0.9180,0.3410,-0.0780,295.255650,46.216400,15.919
9597095,K07200.01,,FALSE POSITIVE,FALSE POSITIVE,0.0000,0,1,0,0,2.745640575,2.7200000e-07,-2.7200000e-07,131.7077950,8.290000e-05,-8.290000e-05,1.1170,0.0900,-0.0610,3.04508,0.00404,-0.00404,4.5265e+04,3.620e+01,-3.620e+01,47.22,0.000e+00,0.000e+00,1300.0,,,673.90,0.00,0.00,918.00,1,q1_q17_dr25_tce,5780.00,,,4.438,,,1.0000,,,295.328550,46.268375,15.945
10450504,K07327.01,,CANDIDATE,CANDIDATE,0.9630,0,0,0,0,17.990827300,9.7940000e-05,-9.7940000e-05,141.9253900,5.280000e-03,-5.280000e-03,0.1290,0.3340,-0.1290,1.43600,0.15600,-0.15600,6.6000e+02,7.310e+01,-7.310e+01,1.88,1.500e-01,-1.900e-01,541.0,,,20.29,6.15,-5.60,10.90,1,q1_q17_dr25_tce,4918.00,148.00,-133.00,4.546,0.072,-0.039,0.7520,0.0570,-0.0760,282.157870,47.686531,15.864
10454401,K07328.01,,FALSE POSITIVE,FALSE POSITIVE,0.0000,0,1,0,0,12.180721266,7.9500000e-07,-7.9500000e-07,139.3460044,5.400000e-05,-5.400000e-05,0.4790,0.0070,-0.0040,4.15602,0.00206,-0.00206,4.1495e+05,1.280e+02,-1.280e+02,63.25,1.542e+01,-5.160e+00,742.0,,,71.88,51.88,-17.58,1809.80,1,q1_q17_dr25_tce,5750.00,156.00,-156.00,4.538,0.040,-0.160,0.8820,0.2150,-0.0720,284.317170,47.678638,15.386
10462826,K07329.01,,FALSE POSITIVE,FALSE POSITIVE,0.0000,0,1,0,0,50.467024395,8.6150000e-06,-8.6150000e-06,132.0094840,1.430000e-04,-1.430000e-04,0.9730,0.1230,-0.0330,8.96181,0.00846,-0.00846,1.0314e+05,7.790e+01,-7.790e+01,52.88,1.782e+01,-5.950e+00,523.0,,,17.63,17.83,-5.64,1435.10,1,q1_q17_dr25_tce,6137.00,184.00,-220.00,4.448,0.070,-0.210,1.0120,0.3410,-0.1140,288.674770,47.636028,14.884
10464199,K07330.01,,CANDIDATE,CANDIDATE,,0,0,0,0,198.113090000,1.1870000e-02,-1.1870000e-02,175.3243000,5.420000e-02,-5.420000e-02,0.1542,0.2998,-0.1542,15.59000,1.90000,-1.90000,5.3300e+01,8.500e+00,-8.500e+00,1.09,5.900e-01,-2.900e-01,399.0,,,5.96,10.03,-3.20,8.30,1,q1_q17_dr24_tce,6163.00,182.00,-228.00,4.144,0.226,-0.226,1.4860,0.8100,-0.3960,289.320470,47.632446,11.909
10468514,K07331.01,,FALSE POSITIVE,FALSE POSITIVE,0.7010,0,1,0,0,0.849860540,1.8550000e-05,-1.8550000e-05,132.0547000,3.150000e-02,-3.150000e-02,1.2600,4.6330,-0.1820,1.38750,0.02250,-0.02250,6.5715e+03,6.990e+01,-6.990e+01,67.45,4.125e+01,-3.377e+01,2260.0,,,6185.90,11187.41,-4761.44,100.10,1,q1_q17_dr25_tce,5164.00,102.00,-102.00,3.949,0.604,-0.325,1.6760,1.0250,-0.8390,291.109740,47.615490,14.319
10471113,K07332.01,,FALSE POSITIVE,FALSE POSITIVE,0.6850,0,0,1,0,0.933728196,8.3490000e-06,-8.3490000e-06,131.5336000,7.500000e-03,-7.500000e-03,0.0150,0.4490,-0.0150,3.44100,0.25200,-0.25200,6.7700e+01,5.900e+00,-5.900e+00,0.85,2.800e-01,-1.000e-01,2006.0,,,3826.49,3652.33,-1225.97,13.30,1,q1_q17_dr25_tce,6170.00,171.00,-214.00,4.430,0.072,-0.217,1.0320,0.3340,-0.1190,292.166140,47.612251,15.317
10481054,K07333.01,,FALSE POSITIVE,FALSE POSITIVE,0.0000,0,0,0,1,2.037427120,3.0570000e-05,-3.0570000e-05,131.5592000,1.350000e-02,-1.350000e-02,0.7910,0.1890,-0.5500,3.93900,0.28100,-0.28100,3.6000e+01,3.700e+00,-3.700e+00,0.90,1.500e-01,-1.600e-01,1812.0,,,2550.21,1139.11,-894.09,11.40,1,q1_q17_dr25_tce,6356.00,76.00,-76.00,4.215,0.143,-0.117,1.3580,0.2370,-0.2370,295.844480,47.652119,13.929
10486425,K07334.01,,FALSE POSITIVE,FALSE POSITIVE,0.0000,0,1,0,0,5.274819905,7.9500000e-07,-7.9500000e-07,136.7089080,1.220000e-04,-1.220000e-04,0.9900,0.0430,-0.0380,4.66880,0.00626,-0.00626,1.0896e+05,1.280e+02,-1.280e+02,100.89,2.998e+01,-1.997e+01,1646.0,,,1733.91,1519.28,-815.10,902.50,1,q1_q17_dr25_tce,7247.00,200.00,-343.00,4.111,0.124,-0.186,1.8340,0.5450,-0.3630,297.476750,47.658981,12.465
11560447,K07458.01,,FALSE POSITIVE,FALSE POSITIVE,0.0000,0,1,0,0,0.527678272,4.8000000e-08,-4.8000000e-08,131.8133693,7.540000e-05,-7.540000e-05,0.3850,0.0110,-0.0120,2.33166,0.00835,-0.00835,2.4774e+05,5.510e+02,-5.510e+02,75.31,1.169e+01,-2.915e+01,2551.0,,,9989.53,4246.70,-6436.24,706.10,1,q1_q17_dr25_tce,5321.00,88.00,-72.00,4.069,0.384,-0.096,1.4750,0.2290,-0.5710,292.575960,49.525700,10.834
11601357,K07459.01,,FALSE POSITIVE,FALSE POSITIVE,0.4020,1,0,0,0,3.550270510,4.5540000e-05,-4.5540000e-05,133.7711000,1.090000e-02,-1.090000e-02,0.0220,0.4430,-0.0220,1.87900,0.25200,-0.25200,2.1270e+02,3.440e+01,-3.440e+01,1.15,2.400e-01,-1.000e-01,1036.0,,,272.61,178.31,-76.75,7.60,1,q1_q17_dr25_tce,5497.00,182.00,-199.00,4.581,0.036,-0.135,0.8000,0.1640,-0.0700,286.309020,49.623871,15.810
11602794,K07460.01,,CANDIDATE,CANDIDATE,0.9250,0,0,0,0,5.705095190,4.1690000e-05,-4.1690000e-05,136.2018300,5.750000e-03,-5.750000e-03,0.4690,0.4750,-0.2650,1.58000,0.31400,-0.31400,2.8360e+02,4.520e+01,-4.520e+01,1.58,3.700e-01,-2.000e-01,947.0,,,189.80,139.34,-61.54,9.20,1,q1_q17_dr25_tce,5455.00,180.00,-164.00,4.448,0.104,-0.169,0.9270,0.2170,-0.1170,287.319120,49.656990,15.597
11615481,K07461.01,,FALSE POSITIVE,FALSE POSITIVE,0.0000,0,1,0,0,65.431719400,1.5890000e-04,-1.5890000e-04,144.1713430,3.330000e-04,-3.330000e-04,0.8850,0.0400,-0.0310,12.23840,0.01350,-0.01350,1.5341e+05,1.580e+02,-1.580e+02,59.22,1.948e+01,-6.940e+00,490.0,,,13.58,13.18,-4.52,1146.60,1,q1_q17_dr25_tce,6201.00,172.00,-237.00,4.431,0.072,-0.217,1.0400,0.3420,-0.1220,294.254180,49.695839,15.540
11616200,K07462.01,,FALSE POSITIVE,FALSE POSITIVE,0.0000,0,1,0,0,1.718649321,2.3000000e-07,-2.3000000e-07,132.2109200,1.100000e-04,-1.100000e-04,0.4210,0.0110,-0.0160,3.94095,0.00693,-0.00693,1.9057e+05,3.040e+02,-3.040e+02,39.08,1.171e+01,-3.110e+00,1499.0,,,1194.16,1050.48,-299.44,833.40,1,q1_q17_dr25_tce,6071.00,165.00,-183.00,4.541,0.037,-0.213,0.8650,0.2590,-0.0690,294.572880,49.668442,13.510
11616631,K07463.01,,FALSE POSITIVE,FALSE POSITIVE,0.0000,1,0,1,1,7.294917500,4.2050000e-04,-4.2050000e-04,136.0798000,5.260000e-02,-5.260000e-02,1.1320,0.4020,-0.1440,41.04000,4.20000,-4.20000,1.8280e+02,1.270e+01,-1.270e+01,11.67,1.790e+00,-9.500e-01,763.0,,,79.99,39.77,-19.59,18.90,1,q1_q17_dr25_tce,5289.00,159.00,-143.00,4.614,0.036,-0.096,0.7310,0.1120,-0.0600,294.765750,49.664719,15.848
11616663,K07464.01,,FALSE POSITIVE,FALSE POSITIVE,0.0000,1,0,1,1,7.293580100,2.9960000e-04,-2.9960000e-04,136.2546000,3.720000e-02,-3.720000e-02,1.1570,0.1610,-0.1460,40.02000,2.20000,-2.20000,1.2450e+02,6.000e+00,-6.000e+00,17.41,4.320e+00,-1.540e+00,925.0,,,173.44,126.88,-45.73,26.60,1,q1_q17_dr25_tce,5900.00,158.00,-176.00,4.509,0.044,-0.176,0.9510,0.2360,-0.0840,294.776490,49.656010,14.973
11618798,K07465.01,,FALSE POSITIVE,FALSE POSITIVE,,1,0,1,0,42.926136400,7.4360000e-04,-7.4360000e-04,138.5107000,1.630000e-02,-1.630000e-02,0.2964,0.1625,-0.2964,2.57800,0.34200,-0.34200,3.7840e+02,5.770e+01,-5.770e+01,1.84,7.700e-01,-1.500e-01,490.0,,,13.65,17.27,-3.51,8.60,1,q1_q17_dr24_tce,5628.00,177.00,-178.00,4.503,0.037,-0.037,0.9530,0.3950,-0.0770,295.655910,49.609348,15.395
2570505,K06279.01,,FALSE POSITIVE,FALSE POSITIVE,0.0000,0,0,1,1,1.891293380,3.5390000e-05,-3.5390000e-05,132.6698000,1.820000e-02,-1.820000e-02,0.3730,0.0870,-0.3730,5.67700,0.38500,-0.38500,3.3800e+01,2.700e+00,-2.700e+00,0.42,4.000e-02,-4.000e-02,1152.0,,,416.87,139.84,-113.37,15.10,1,q1_q17_dr25_tce,4986.00,151.00,-136.00,4.558,0.066,-0.044,0.7330,0.0650,-0.0720,290.289550,37.888168,13.558
2570767,K06280.01,,FALSE POSITIVE,FALSE POSITIVE,0.0000,0,0,1,1,1.891244530,1.9320000e-05,-1.9320000e-05,132.6958000,1.220000e-02,-1.220000e-02,0.7340,0.2410,-0.4890,5.08000,0.34900,-0.34900,3.1000e+01,2.000e+00,-2.000e+00,1.19,3.700e-01,-1.300e-01,2200.0,,,5537.41,5263.16,-1568.29,19.40,1,q1_q17_dr25_tce,5850.00,175.00,-158.00,3.720,0.095,-0.176,1.9770,0.6260,-0.2090,290.330020,37.891029,12.760
2571075,K06281.01,,FALSE POSITIVE,FALSE POSITIVE,,1,0,0,1,1.891342010,3.6550000e-05,-3.6550000e-05,132.6744000,2.080000e-02,-2.080000e-02,0.2376,0.2307,-0.2375,4.67400,0.51400,-0.51400,1.2890e+02,1.450e+01,-1.450e+01,0.92,3.500e-01,-7.000e-02,1325.0,,,729.42,824.88,-175.06,8.90,1,q1_q17_dr24_tce,5658.00,163.00,-151.00,4.567,0.031,-0.031,0.8150,0.3090,-0.0650,290.387390,37.820290,15.799
2576692,K06282.01,,FALSE POSITIVE,FALSE POSITIVE,0.0000,0,1,0,0,87.878261910,1.6540000e-05,-1.6540000e-05,194.1051060,1.400000e-04,-1.400000e-04,0.5850,0.0070,-0.0080,12.81380,0.00856,-0.00856,3.3906e+05,2.040e+02,-2.040e+02,110.85,2.343e+01,-3.510e+01,530.0,,,18.65,11.57,-10.70,1974.60,1,q1_q17_dr25_tce,5784.00,145.00,-131.00,3.985,0.308,-0.110,1.6420,0.3470,-0.5200,291.643010,37.814259,12.744
2580872,K06283.01,,FALSE POSITIVE,FALSE POSITIVE,0.0000,1,0,0,0,15.926632768,1.5710000e-06,-1.5710000e-06,145.5519669,7.800000e-05,-7.800000e-05,0.6720,0.0090,-0.0090,7.42888,0.00415,-0.00415,2.7186e+05,1.320e+02,-1.320e+02,57.95,1.403e+01,-7.010e+00,670.0,,,47.68,35.07,-15.05,2278.90,1,q1_q17_dr25_tce,5496.00,164.00,-164.00,4.471,0.075,-0.163,0.9170,0.2220,-0.1110,292.528590,37.810020,14.880
2583777,K06284.01,,FALSE POSITIVE,FALSE POSITIVE,0.0000,0,1,1,0,0.958116585,2.2000000e-07,-2.2000000e-07,132.0529190,2.090000e-04,-2.090000e-04,1.2750,0.1620,-0.1020,2.34960,0.01150,-0.01150,2.3741e+03,1.020e+01,-1.020e+01,49.16,1.311e+01,-1.599e+01,2271.0,,,6312.99,5087.41,-3737.26,296.00,1,q1_q17_dr25_tce,6032.00,181.00,-163.00,4.147,0.299,-0.161,1.3650,0.3640,-0.4440,293.167270,37.841389,12.735
2693092,K06285.01,,FALSE POSITIVE,FALSE POSITIVE,0.0000,0,1,0,0,39.841522897,2.0980000e-06,-2.0980000e-06,168.1412318,4.290000e-05,-4.290000e-05,0.9020,0.0070,-0.0080,8.79024,0.00212,-0.00212,1.4368e+05,3.140e+01,-3.140e+01,116.52,2.145e+01,-3.985e+01,765.0,,,80.93,45.28,-49.93,4421.60,1,q1_q17_dr25_tce,6078.00,164.00,-183.00,3.946,0.277,-0.111,2.0700,0.3810,-0.7080,285.904850,37.928089,12.003
2708156,K06286.01,,FALSE POSITIVE,FALSE POSITIVE,0.0000,0,1,0,0,1.891268461,8.5000000e-08,-8.5000000e-08,132.6833032,3.720000e-05,-3.720000e-05,0.1830,0.0030,0.0000,8.24958,0.00240,-0.00240,6.4191e+05,2.900e+02,-2.900e+02,399.93,2.488e+01,-2.236e+02,5047.0,,,153163.32,39628.83,-128025.35,4211.80,1,q1_q17_dr25_tce,11287.00,313.00,-469.00,3.642,0.522,-0.058,4.6620,0.2900,-2.6060,290.287110,37.936508,10.672
2708172,K06287.01,,FALSE POSITIVE,FALSE POSITIVE,0.0000,0,0,1,1,1.891144410,3.3260000e-05,-3.3260000e-05,132.7545000,1.640000e-02,-1.640000e-02,1.0880,0.2640,-0.0940,8.72400,0.85200,-0.85200,4.9900e+01,3.700e+00,-3.700e+00,6.57,4.700e-01,-5.800e-01,932.0,,,177.97,52.12,-46.84,16.70,1,q1_q17_dr25_tce,4267.00,128.00,-128.00,4.637,0.049,-0.021,0.6270,0.0450,-0.0550,290.291750,37.981079,13.814
4375101,K06411.01,,FALSE POSITIVE,FALSE POSITIVE,0.0000,0,1,0,0,61.259649560,2.3390000e-05,-2.3390000e-05,140.6986490,2.810000e-04,-2.810000e-04,0.7410,0.0290,-0.0240,12.17770,0.01750,-0.01750,2.3326e+05,3.150e+02,-3.150e+02,54.72,1.595e+01,-5.290e+00,447.0,,,9.45,8.07,-2.71,880.30,1,q1_q17_dr25_tce,5912.00,159.00,-195.00,4.532,0.036,-0.204,0.8890,0.2590,-0.0860,294.153290,39.464279,15.518
4380283,K06412.01,,FALSE POSITIVE,FALSE POSITIVE,0.0000,0,1,0,0,0.872359598,8.5000000e-08,-8.5000000e-08,132.0311474,8.120000e-05,-8.120000e-05,0.6860,0.0220,-0.0200,3.74512,0.00457,-0.00457,2.6705e+05,2.040e+02,-2.040e+02,67.08,1.997e+01,-9.990e+00,2112.0,,,4703.58,4144.16,-1749.84,1063.20,1,q1_q17_dr25_tce,6240.00,175.00,-219.00,4.391,0.090,-0.195,1.0480,0.3120,-0.1560,295.319000,39.480049,14.742
4384793,K06413.01,,FALSE POSITIVE,FALSE POSITIVE,,1,0,0,0,374.318792000,6.9910000e-03,-6.9910000e-03,431.5127000,2.960000e-02,-2.960000e-02,0.8507,2.1880,-0.8498,5.96000,1.50000,-1.50000,1.5414e+06,3.886e+05,-3.886e+05,243.21,1.042e+02,-1.820e+01,241.0,,,0.79,1.05,-0.19,10.30,1,q1_q17_dr24_tce,5997.00,192.00,-188.00,4.572,0.030,-0.030,0.8150,0.3490,-0.0610,296.202270,39.405190,15.369
4445630,K06414.01,,FALSE POSITIVE,FALSE POSITIVE,0.0000,0,1,0,0,5.627911313,3.8300000e-07,-3.8300000e-07,133.1491782,5.660000e-05,-5.660000e-05,0.4640,0.0030,-0.0020,7.08223,0.00301,-0.00301,4.3433e+05,1.370e+02,-1.370e+02,81.61,2.686e+01,-1.149e+01,1167.0,,,438.81,424.89,-154.77,2890.70,1,q1_q17_dr25_tce,6280.00,172.00,-203.00,4.361,0.101,-0.203,1.1150,0.3670,-0.1570,285.062410,39.574390,13.858
4446411,K06415.01,,FALSE POSITIVE,FALSE POSITIVE,0.0000,0,0,1,0,0.629276550,7.6200000e-07,-7.6200000e-07,132.0153210,9.680000e-04,-9.680000e-04,0.9800,0.0330,-0.6810,0.96980,0.06300,-0.06300,8.3950e+02,3.750e+01,-3.750e+01,4.64,1.280e+00,-7.500e-01,2102.0,,,4624.30,4177.73,-1858.39,30.90,1,q1_q17_dr25_tce,5628.00,225.00,-225.00,4.388,0.153,-0.187,0.9760,0.2690,-0.1570,285.410000,39.528370,14.027
4454219,K06416.01,,FALSE POSITIVE,FALSE POSITIVE,0.0000,0,1,0,0,1.225781340,4.5910000e-05,-4.5910000e-05,131.6062000,5.400000e-02,-5.400000e-02,0.9850,6.8360,-0.1770,2.23500,0.03740,-0.03740,9.9376e+04,1.318e+03,-1.318e+03,53.32,0.000e+00,0.000e+00,1701.0,,,1973.12,0.00,0.00,86.80,1,q1_q17_dr25_tce,5780.00,,,4.438,,,1.0000,,,288.563140,39.541649,17.431
4456622,K06417.01,,FALSE POSITIVE,FALSE POSITIVE,0.0000,0,1,0,0,0.751408792,2.0800000e-07,-2.0800000e-07,131.9482660,2.290000e-04,-2.290000e-04,1.2420,0.7560,-0.1360,2.29740,0.01280,-0.01280,1.7481e+04,6.700e+01,-6.700e+01,41.48,1.102e+01,-5.520e+00,1926.0,,,3241.36,2604.11,-1083.95,267.30,1,q1_q17_dr25_tce,5697.00,171.00,-171.00,4.460,0.108,-0.175,0.9030,0.2400,-0.1200,289.324340,39.582581,15.596
4482738,K06418.01,,FALSE POSITIVE,FALSE POSITIVE,0.0000,1,0,1,1,0.866344816,1.6010000e-06,-1.6010000e-06,132.0635800,1.630000e-03,-1.630000e-03,0.3180,0.1350,-0.3180,1.91880,0.05470,-0.05470,2.3360e+02,6.000e+00,-6.000e+00,6.85,1.520e+00,-1.600e-01,3569.0,,,38575.44,24242.58,-3799.76,46.50,1,q1_q17_dr25_tce,4936.00,109.00,-69.00,3.055,0.028,-0.031,4.5270,1.0030,-0.1060,296.139010,39.579632,12.945
4484312,K06419.01,,FALSE POSITIVE,FALSE POSITIVE,0.0000,0,0,0,1,2.242941070,2.1150000e-05,-2.1150000e-05,133.4786200,9.640000e-03,-9.640000e-03,0.2300,0.2350,-0.2300,2.53200,0.29900,-0.29900,3.9400e+01,4.000e+00,-4.000e+00,0.75,2.200e-01,-2.200e-01,1654.0,,,1763.55,1562.97,-977.28,12.10,1,q1_q17_dr25_tce,6082.00,182.00,-164.00,4.195,0.306,-0.204,1.1840,0.3490,-0.3490,296.451390,39.591660,13.182
5174920,K06535.01,,FALSE POSITIVE,FALSE POSITIVE,0.0000,1,0,0,0,0.950487062,3.8790000e-06,-3.8790000e-06,131.7346800,3.460000e-03,-3.460000e-03,0.9070,0.0570,-0.6230,2.92830,0.08360,-0.08360,1.1500e+01,8.000e-01,-8.000e-01,1.35,3.500e-01,-6.500e-01,4231.0,,,75637.15,58144.42,-58746.40,15.40,2,q1_q17_dr25_tce,8107.00,224.00,-365.00,3.698,0.448,-0.140,3.3850,0.8780,-1.6310,288.053160,40.369499,11.633
5181455,K06536.01,,FALSE POSITIVE,FALSE POSITIVE,0.0000,0,1,0,0,5.579631021,4.3800000e-07,-4.3800000e-07,133.5534687,6.430000e-05,-6.430000e-05,1.3230,0.0190,-0.2390,3.38646,0.00530,-0.00530,1.1832e+05,9.200e+01,-9.200e+01,90.32,2.882e+01,-1.025e+01,1108.0,,,356.56,336.95,-117.52,1268.70,1,q1_q17_dr25_tce,6188.00,175.00,-241.00,4.427,0.072,-0.203,1.0220,0.3260,-0.1160,290.140930,40.319141,15.473
5193386,K06537.01,,FALSE POSITIVE,FALSE POSITIVE,0.0000,1,0,0,1,21.378311020,1.4410000e-05,-1.4410000e-05,157.8049330,5.350000e-04,-5.350000e-04,0.2570,0.0170,-0.0130,21.71740,0.04400,-0.04400,8.0571e+04,1.130e+02,-1.130e+02,97.23,2.537e+01,-1.368e+01,1062.0,,,300.32,203.38,-87.62,852.20,2,q1_q17_dr25_tce,4905.00,66.00,-51.00,3.300,0.135,-0.165,3.4840,0.9090,-0.4900,293.660130,40.364208,13.998
5193439,K06538.01,,CANDIDATE,CANDIDATE,0.2850,0,0,0,0,129.847318000,5.3480000e-03,-5.3480000e-03,240.6812000,2.430000e-02,-2.430000e-02,0.0040,0.4300,-0.0040,13.05700,0.82200,-0.82200,1.9840e+02,2.080e+01,-2.080e+01,1.45,4.800e-01,-1.600e-01,385.0,,,5.22,5.12,-1.78,11.10,1,q1_q17_dr25_tce,6133.00,193.00,-257.00,4.427,0.072,-0.217,1.0320,0.3340,-0.1190,293.676820,40.334068,14.520
5196851,K06539.01,,FALSE POSITIVE,FALSE POSITIVE,,1,0,0,0,0.541396363,2.1680000e-06,-2.1680000e-06,131.5974000,3.250000e-03,-3.250000e-03,0.0783,0.4031,-0.0783,2.38400,0.11700,-0.11700,1.8100e+02,1.130e+01,-1.130e+01,2.04,1.210e+00,-3.800e-01,3204.0,,,24909.05,45507.54,-10821.75,20.40,2,q1_q17_dr24_tce,7118.00,187.00,-279.00,4.212,0.117,-0.117,1.4890,0.8880,-0.2760,294.541050,40.308029,12.509
5199978,K06540.01,,FALSE POSITIVE,FALSE POSITIVE,0.0000,0,1,1,0,0.550509602,1.4890000e-06,-1.4890000e-06,131.8673100,2.370000e-03,-2.370000e-03,0.3860,0.0740,-0.3860,1.18360,0.06930,-0.06930,1.2350e+02,6.400e+00,-6.400e+00,5.02,6.300e-01,-3.600e-01,3938.0,,,56796.99,20458.22,-11059.60,24.00,1,q1_q17_dr25_tce,4891.00,88.00,-78.00,3.169,0.030,-0.030,4.5290,0.5680,-0.3320,295.313020,40.352341,13.355
5211470,K06541.01,,FALSE POSITIVE,FALSE POSITIVE,0.0000,0,1,0,0,2.404293523,6.9600000e-07,-6.9600000e-07,132.7559430,2.390000e-04,-2.390000e-04,1.3640,0.0180,-0.1900,4.46490,0.01160,-0.01160,8.1509e+03,2.040e+01,-2.040e+01,888.70,2.058e+02,-3.821e+02,4178.0,,,71976.93,48484.91,-50837.11,471.20,1,q1_q17_dr25_tce,4697.00,117.00,-117.00,2.204,0.331,-0.178,17.0320,3.9440,-7.3240,297.708470,40.307590,13.094
5215508,K06542.01,,CANDIDATE,CANDIDATE,,0,0,0,0,0.886744300,,,131.8996390,,,,,,3.16000,,,,,,,,,,,,,,,,1,q1_q17_dr24_tce,,,,,,,,,,298.499940,40.333672,11.270
6147573,K06669.01,,FALSE POSITIVE,FALSE POSITIVE,0.0000,0,1,0,0,25.836831272,1.6370000e-06,-1.6370000e-06,137.3641956,4.990000e-05,-4.990000e-05,0.8990,0.0210,-0.0220,6.32201,0.00260,-0.00260,1.4504e+05,3.980e+01,-3.980e+01,50.72,1.341e+01,-5.760e+00,587.0,,,28.08,21.80,-8.28,3016.90,1,q1_q17_dr25_tce,5691.00,152.00,-152.00,4.477,0.078,-0.182,0.8970,0.2370,-0.1020,298.078830,41.484268,13.347
6152521,K06670.01,,FALSE POSITIVE,FALSE POSITIVE,0.0000,1,0,0,0,0.948952310,1.0260000e-05,-1.0260000e-05,131.8577200,8.210000e-03,-8.210000e-03,0.7380,0.2350,-0.4920,3.95200,0.36400,-0.36400,5.7700e+01,4.200e+00,-4.200e+00,2.51,3.800e-01,-8.800e-01,3464.0,,,33931.93,16873.18,-21535.31,18.10,1,q1_q17_dr25_tce,6661.00,209.00,-232.00,3.666,0.304,-0.076,3.0670,0.4610,-1.0770,299.121610,41.424450,12.669
6185717,K06671.01,,FALSE POSITIVE,FALSE POSITIVE,0.0000,0,1,0,0,11.702203927,4.2200000e-07,-4.2200000e-07,139.4312652,2.980000e-05,-2.980000e-05,0.9670,0.1180,-0.0310,2.75173,0.00298,-0.00298,2.8999e+04,7.000e+00,-7.000e+00,57.95,1.165e+01,-1.997e+01,1240.0,,,560.24,350.36,-342.07,2184.70,1,q1_q17_dr25_tce,6148.00,186.00,-149.00,3.793,0.308,-0.132,2.1330,0.4290,-0.7350,284.461270,41.561790,13.393
6187508,K06672.01,,CANDIDATE,CANDIDATE,1.0000,0,0,0,0,2.284943010,1.0430000e-05,-1.0430000e-05,132.9234300,3.310000e-03,-3.310000e-03,0.0130,0.4480,-0.0130,1.01000,0.14000,-0.14000,1.6180e+02,1.990e+01,-1.990e+01,1.00,1.800e-01,-9.000e-02,1180.0,,,458.39,260.01,-121.59,10.60,1,q1_q17_dr25_tce,5396.00,159.00,-159.00,4.571,0.040,-0.112,0.7890,0.1430,-0.0710,285.339630,41.539749,15.181
6205460,K06673.01,,FALSE POSITIVE,FALSE POSITIVE,0.0000,0,1,0,0,3.722775537,1.7410000e-06,-1.7410000e-06,136.5154720,4.050000e-04,-4.050000e-04,0.6260,0.0030,-0.0040,14.33090,0.03080,-0.03080,1.0759e+05,1.880e+02,-1.880e+02,90.36,3.842e+01,-5.759e+01,1731.0,,,2125.53,3213.70,-1892.63,864.90,1,q1_q17_dr25_tce,5425.00,296.00,-242.00,3.678,0.817,-0.272,2.5920,1.1020,-1.6520,291.980260,41.559422,12.746
6206751,K06674.01,,FALSE POSITIVE,FALSE POSITIVE,0.0000,0,1,0,0,1.245342215,1.2700000e-07,-1.2700000e-07,132.2200190,8.320000e-05,-8.320000e-05,0.7280,0.0120,-0.0120,4.40308,0.00526,-0.00526,2.3409e+05,2.290e+02,-2.290e+02,90.34,1.794e+01,-6.000e+00,2341.0,,,7120.27,3561.10,-1204.62,1178.50,1,q1_q17_dr25_tce,6967.00,76.00,-83.00,4.250,0.042,-0.119,1.4760,0.2930,-0.0980,292.406310,41.513039,12.142
6207053,K06675.01,,FALSE POSITIVE,FALSE POSITIVE,0.0000,0,1,1,0,0.604755462,9.8900000e-07,-9.8900000e-07,131.8483100,1.360000e-03,-1.360000e-03,0.0390,0.3900,-0.0390,1.37410,0.05060,-0.05060,3.3450e+02,1.040e+01,-1.040e+01,1.29,1.200e-01,-9.000e-02,1598.0,,,1534.24,539.51,-351.88,40.30,1,q1_q17_dr25_tce,4842.00,144.00,-144.00,4.616,0.024,-0.060,0.7260,0.0700,-0.0490,292.501500,41.549061,15.553
6209225,K06676.01,,CANDIDATE,CANDIDATE,,0,0,0,0,439.219780000,1.3540000e-02,-1.3540000e-02,523.3139000,2.000000e-02,-2.000000e-02,0.2863,0.1998,-0.2862,9.39200,0.60100,-0.60100,3.4230e+02,3.350e+01,-3.350e+01,1.81,6.200e-01,-1.700e-01,266.0,,,1.18,1.17,-0.32,10.30,1,q1_q17_dr24_tce,6553.00,161.00,-206.00,4.479,0.048,-0.048,0.9620,0.3310,-0.0880,293.161680,41.538158,13.993
6220470,K06677.01,,FALSE POSITIVE,FALSE POSITIVE,0.0000,0,1,0,0,8.144135648,3.3900000e-07,-3.3900000e-07,136.5054788,3.410000e-05,-3.410000e-05,0.2220,0.0110,-0.0010,8.88876,0.00145,-0.00145,8.7881e+04,1.760e+01,-1.760e+01,56.52,1.640e+01,-1.092e+01,1491.0,,,1169.67,999.76,-535.82,6113.70,1,q1_q17_dr25_tce,7605.00,209.00,-340.00,4.123,0.120,-0.180,1.8620,0.5400,-0.3600,296.158870,41.516541,13.960
7031132,K06804.01,,FALSE POSITIVE,FALSE POSITIVE,0.0000,1,0,0,1,0.566795196,7.7360000e-06,-7.7360000e-06,131.8092500,9.410000e-03,-9.410000e-03,0.2270,0.2650,-0.2270,2.18000,1.00000,-1.00000,1.4800e+01,1.500e+00,-1.500e+00,0.35,5.000e-02,-2.000e-02,2066.0,,,4277.24,1617.66,-605.80,13.10,1,q1_q17_dr25_tce,5680.00,76.00,-85.00,4.516,0.023,-0.120,0.9080,0.1300,-0.0410,290.987670,42.531670,12.818
7031732,K06805.01,,FALSE POSITIVE,FALSE POSITIVE,0.0000,0,1,1,1,0.566798827,3.8560000e-06,-3.8560000e-06,131.8194600,5.510000e-03,-5.510000e-03,0.2500,0.2310,-0.2500,3.66200,0.18300,-0.18300,3.4900e+01,2.300e+00,-2.300e+00,0.52,1.300e-01,-7.000e-02,2045.0,,,4154.80,3162.13,-1412.99,21.90,1,q1_q17_dr25_tce,5548.00,182.00,-182.00,4.473,0.087,-0.163,0.8890,0.2170,-0.1170,291.188630,42.590710,13.656
7031767,K06806.01,,FALSE POSITIVE,FALSE POSITIVE,0.0000,1,0,1,1,0.566780120,1.1000000e-05,-1.1000000e-05,131.8499000,1.950000e-02,-1.950000e-02,0.4920,0.0040,-0.4920,3.25700,0.36500,-0.36500,2.7600e+01,2.800e+00,-2.800e+00,0.49,1.400e-01,-5.000e-02,2073.0,,,4352.10,3627.08,-1150.27,13.50,1,q1_q17_dr25_tce,5674.00,152.00,-152.00,4.506,0.048,-0.192,0.9110,0.2590,-0.0860,291.203430,42.526718,14.311
7031948,K06807.01,,FALSE POSITIVE,FALSE POSITIVE,0.0000,1,0,1,1,0.566800113,5.5650000e-06,-5.5650000e-06,131.8173100,9.780000e-03,-9.780000e-03,0.7510,0.2170,-0.5050,3.31500,0.29800,-0.29800,1.0400e+02,7.900e+00,-7.900e+00,0.58,3.000e-02,-4.000e-02,1180.0,,,455.05,85.51,-90.60,18.10,1,q1_q17_dr25_tce,3844.00,77.00,-84.00,4.721,0.036,-0.021,0.5260,0.0250,-0.0340,291.260160,42.584019,15.765
7031992,K06808.01,,FALSE POSITIVE,FALSE POSITIVE,0.0000,1,0,1,1,0.566792930,3.2190000e-06,-3.2190000e-06,131.8310300,5.630000e-03,-5.630000e-03,0.1800,0.3110,-0.1800,3.81400,0.18500,-0.18500,1.0110e+02,6.800e+00,-6.800e+00,0.86,2.400e-01,-8.000e-02,2064.0,,,4264.42,3548.32,-1168.74,22.10,1,q1_q17_dr25_tce,5812.00,156.00,-191.00,4.551,0.035,-0.184,0.8530,0.2420,-0.0760,291.276060,42.593521,15.787
7032117,K06809.01,,FALSE POSITIVE,FALSE POSITIVE,0.0000,1,0,0,1,0.566809491,3.7670000e-06,-3.7670000e-06,131.7969500,3.160000e-03,-3.160000e-03,0.4840,0.4500,-0.2600,3.15600,0.29400,-0.29400,6.9500e+01,4.600e+00,-4.600e+00,0.55,6.000e-02,-5.000e-02,1656.0,,,1790.30,671.14,-473.35,21.00,1,q1_q17_dr25_tce,4987.00,149.00,-149.00,4.611,0.066,-0.048,0.6540,0.0690,-0.0580,291.319400,42.549500,14.873
7032174,K06810.01,,FALSE POSITIVE,FALSE POSITIVE,,0,0,0,1,0.566799218,5.2860000e-06,-5.2860000e-06,131.8155300,9.360000e-03,-9.360000e-03,0.6858,0.0614,-0.4925,4.22700,0.25400,-0.25400,1.8200e+01,1.300e+00,-1.300e+00,0.79,4.200e-01,-3.200e-01,3153.0,,,23364.03,37229.71,-15959.07,19.20,1,q1_q17_dr24_tce,6108.00,175.00,-158.00,3.893,0.420,-0.420,1.7530,0.9150,-0.7130,291.336700,42.534420,11.983
7032383,K06811.01,,FALSE POSITIVE,FALSE POSITIVE,0.0000,1,0,1,1,0.566797404,4.0580000e-06,-4.0580000e-06,131.8365200,5.530000e-03,-5.530000e-03,0.1190,0.3730,-0.1190,4.10900,0.17700,-0.17700,6.9400e+01,5.700e+00,-5.700e+00,0.64,1.000e-01,-7.000e-02,1890.0,,,2993.84,1507.51,-952.14,18.80,1,q1_q17_dr25_tce,5313.00,175.00,-159.00,4.510,0.104,-0.115,0.7840,0.1170,-0.0960,291.406520,42.582218,15.354
7939761,K06934.01,,CANDIDATE,CANDIDATE,1.0000,0,0,0,0,22.254889700,6.8530000e-04,-6.8530000e-04,142.2563000,2.850000e-02,-2.850000e-02,0.2390,0.2280,-0.2390,13.45400,0.91700,-0.91700,8.3800e+01,8.400e+00,-8.400e+00,2.16,7.400e-01,-1.380e+00,899.0,,,154.40,164.63,-136.21,11.80,1,q1_q17_dr25_tce,5349.00,185.00,-148.00,3.760,0.727,-0.242,2.3880,0.8190,-1.5210,282.672580,43.788311,14.156
7943535,K06935.01,,FALSE POSITIVE,FALSE POSITIVE,0.0000,0,1,0,0,4.719336335,6.4000000e-07,-6.4000000e-07,133.5148320,1.110000e-04,-1.110000e-04,1.2690,0.0940,-0.0710,2.83787,0.00498,-0.00498,1.2367e+04,1.640e+01,-1.640e+01,91.91,1.867e+01,-2.795e+01,1722.0,,,2078.32,1265.64,-1197.85,632.40,1,q1_q17_dr25_tce,6792.00,182.00,-223.00,3.971,0.252,-0.126,2.0580,0.4180,-0.6260,284.562710,43.774261,12.672
7947631,K06936.01,,FALSE POSITIVE,FALSE POSITIVE,0.0000,0,1,0,0,1.258274109,1.1700000e-07,-1.1700000e-07,132.7042523,7.660000e-05,-7.660000e-05,1.2440,0.1500,-0.0940,1.92467,0.00230,-0.00230,1.4160e+04,5.900e+00,-5.900e+00,25.98,1.810e+00,-1.820e+00,1207.0,,,502.19,156.99,-119.43,669.10,1,q1_q17_dr25_tce,4937.00,172.00,-154.00,4.669,0.056,-0.032,0.5870,0.0410,-0.0410,286.764980,43.796329,15.179
7950775,K06937.01,,FALSE POSITIVE,FALSE POSITIVE,0.0000,0,1,0,0,8.966610607,5.2600000e-07,-5.2600000e-07,138.5745618,4.890000e-05,-4.890000e-05,1.1010,0.0300,-0.0130,4.01883,0.00152,-0.00152,5.9618e+04,1.810e+01,-1.810e+01,56.94,1.263e+01,-6.790e+00,1038.0,,,274.04,173.13,-85.80,2049.10,1,q1_q17_dr25_tce,6480.00,146.00,-194.00,4.351,0.092,-0.138,1.1320,0.2510,-0.1350,288.324070,43.763329,13.478
7955301,K06938.01,,FALSE POSITIVE,FALSE POSITIVE,0.0000,0,1,0,0,15.327634110,2.3670000e-05,-2.3670000e-05,134.9229100,1.290000e-03,-1.290000e-03,1.2040,0.3210,-0.2030,6.06620,0.06540,-0.06540,1.7749e+04,1.820e+02,-1.820e+02,291.01,4.495e+01,-8.348e+01,1472.0,,,1108.58,439.96,-580.32,117.00,1,q1_q17_dr25_tce,4830.00,57.00,-78.00,2.987,0.188,-0.101,6.7840,1.0480,-1.9460,290.186250,43.723850,12.672
7960295,K06939.01,,FALSE POSITIVE,FALSE POSITIVE,0.0000,0,1,0,0,2.104134870,2.1310000e-05,-2.1310000e-05,132.6363800,8.630000e-03,-8.630000e-03,0.6110,0.1090,-0.0870,4.22690,0.06030,-0.06030,3.2124e+05,5.102e+03,-5.102e+03,67.03,0.000e+00,0.000e+00,1421.0,,,963.40,0.00,0.00,86.40,1,q1_q17_dr25_tce,5780.00,,,4.438,,,1.0000,,,291.893430,43.730251,19.485
7960547,K06940.01,,FALSE POSITIVE,FALSE POSITIVE,0.0000,0,1,0,0,6.767341062,2.6400000e-07,-2.6400000e-07,135.2655184,3.270000e-05,-3.270000e-05,0.7240,0.0080,-0.0090,4.49213,0.00083,-0.00083,2.4495e+05,1.280e+02,-1.280e+02,52.84,1.366e+01,-5.460e+00,933.0,,,178.98,136.20,-49.88,3356.80,1,q1_q17_dr25_tce,5926.00,159.00,-159.00,4.513,0.072,-0.168,0.8430,0.2180,-0.0870,291.992030,43.766800,14.143
7967100,K06941.01,,FALSE POSITIVE,FALSE POSITIVE,0.7910,0,1,1,0,1.927300010,2.7220000e-06,-2.7220000e-06,132.3606700,1.160000e-03,-1.160000e-03,1.2850,0.0460,-0.0450,18.81200,0.27100,-0.27100,6.1771e+03,2.610e+01,-2.610e+01,45.99,1.401e+01,-7.540e+00,1614.0,,,1605.97,1466.59,-623.20,351.10,1,q1_q17_dr25_tce,6057.00,180.00,-198.00,4.352,0.112,-0.208,1.1100,0.3380,-0.1820,294.279210,43.719849,13.943
8610483,K07068.01,,FALSE POSITIVE,FALSE POSITIVE,0.0000,0,1,0,0,48.799368810,1.0460000e-05,-1.0460000e-05,160.1962990,1.700000e-04,-1.700000e-04,0.6220,0.0390,-0.0220,8.80873,0.00957,-0.00957,3.2455e+05,3.210e+02,-3.210e+02,67.36,2.186e+01,-7.270e+00,525.0,,,17.90,17.08,-5.45,1151.60,1,q1_q17_dr25_tce,6170.00,168.00,-205.00,4.472,0.052,-0.208,0.9920,0.3220,-0.1070,285.283970,44.769150,15.050
8613446,K07069.01,,CANDIDATE,CANDIDATE,1.0000,0,0,0,0,1.014859810,7.0690000e-05,-7.0690000e-05,131.6159000,1.010000e-02,-1.010000e-02,0.1850,0.2630,-0.1850,1.65000,0.23800,-0.23800,2.4300e+02,3.500e+01,-3.500e+01,1.61,5.600e-01,-1.900e-01,1928.0,,,3274.72,3380.65,-1087.03,8.40,1,q1_q17_dr25_tce,6158.00,171.00,-236.00,4.453,0.056,-0.224,1.0240,0.3580,-0.1190,286.915990,44.704529,15.572
8618226,K07070.01,,FALSE POSITIVE,FALSE POSITIVE,0.0000,0,1,0,0,5.882036054,3.9600000e-07,-3.9600000e-07,131.7687637,5.490000e-05,-5.490000e-05,1.1830,0.0800,-0.0440,5.16326,0.00547,-0.00547,2.3852e+05,1.330e+02,-1.330e+02,119.09,1.866e+01,-1.866e+01,1114.0,,,363.01,149.51,-118.55,2168.40,1,q1_q17_dr25_tce,5837.00,79.00,-79.00,4.282,0.143,-0.104,1.1870,0.1860,-0.1860,289.331540,44.772579,13.781
8621026,K07071.01,,FALSE POSITIVE,FALSE POSITIVE,0.0000,0,1,0,0,4.059428737,1.1500000e-07,-1.1500000e-07,133.1885651,2.310000e-05,-2.310000e-05,0.2160,0.0130,-0.0040,5.26926,0.00278,-0.00278,2.4522e+05,4.550e+01,-4.550e+01,67.38,2.128e+01,-1.145e+01,1455.0,,,1059.83,990.46,-436.31,5461.00,1,q1_q17_dr25_tce,6610.00,186.00,-256.00,4.281,0.108,-0.201,1.3300,0.4200,-0.2260,290.428380,44.787331,13.374
8624860,K07072.01,,CANDIDATE,CANDIDATE,0.8720,0,0,0,0,15.390261300,2.6280000e-04,-2.6280000e-04,140.8602000,1.130000e-02,-1.130000e-02,0.2310,0.2240,-0.2310,3.43100,0.39500,-0.39500,7.6800e+01,9.500e+00,-9.500e+00,4.39,5.500e-01,-1.660e+00,1459.0,,,1069.24,352.78,-687.63,9.40,1,q1_q17_dr25_tce,5649.00,67.00,-109.00,3.282,0.255,-0.085,4.9940,0.6310,-1.8920,291.795750,44.746181,13.808
8625408,K07073.01,,CANDIDATE,CANDIDATE,0.9510,0,0,0,0,279.036565000,8.7880000e-03,-8.7880000e-03,246.6289000,1.910000e-02,-1.910000e-02,1.1980,6.7280,-0.0190,31.92000,1.60000,-1.60000,3.9520e+02,1.570e+01,-1.570e+01,30.25,5.320e+00,-3.870e+00,323.0,,,2.58,1.19,-0.73,31.70,1,q1_q17_dr25_tce,6072.00,81.00,-90.00,4.285,0.103,-0.126,1.2730,0.2240,-0.1630,292.017330,44.713268,13.054
8686442,K07074.01,,CANDIDATE,CANDIDATE,,0,0,0,0,26.855236500,4.8300000e-04,-4.8300000e-04,146.6880000,1.370000e-02,-1.370000e-02,0.8250,0.2064,-0.5623,2.18500,0.52400,-0.52400,1.9420e+02,5.050e+01,-5.050e+01,1.49,6.000e-01,-1.300e-01,618.0,,,34.48,39.95,-9.41,6.70,1,q1_q17_dr24_tce,6045.00,150.00,-190.00,4.494,0.043,-0.043,0.9550,0.3810,-0.0870,290.754940,44.851589,14.958
8690001,K07075.01,,FALSE POSITIVE,FALSE POSITIVE,0.0000,1,0,0,0,19.359541170,3.0600000e-05,-3.0600000e-05,134.2520100,2.210000e-03,-2.210000e-03,0.3280,0.0020,-0.0010,12.84640,0.00528,-0.00528,3.8698e+05,1.710e+02,-1.710e+02,101.44,3.295e+01,-4.946e+01,942.0,,,186.12,185.74,-143.37,3590.20,1,q1_q17_dr25_tce,6198.00,204.00,-204.00,3.960,0.570,-0.190,1.5670,0.5090,-0.7640,292.108430,44.846481,14.257
8693536,K07076.01,,CANDIDATE,CANDIDATE,0.9900,0,0,0,0,16.234763600,2.5560000e-04,-2.5560000e-04,139.9705000,1.390000e-02,-1.390000e-02,0.0460,0.4040,-0.0460,4.20000,0.37400,-0.37400,1.1550e+02,1.260e+01,-1.260e+01,1.28,4.100e-01,-1.600e-01,852.0,,,124.25,111.35,-40.68,10.70,1,q1_q17_dr25_tce,6478.00,160.00,-208.00,4.371,0.065,-0.195,1.1880,0.3700,-0.1480,293.530330,44.832771,14.299
9597854,K07201.01,,FALSE POSITIVE,FALSE POSITIVE,0.1280,0,0,1,0,1.287097944,8.6960000e-06,-8.6960000e-06,132.3795700,6.000000e-03,-6.000000e-03,0.3820,0.0830,-0.3820,1.94000,0.16600,-0.16600,1.0610e+02,1.030e+01,-1.030e+01,0.89,2.300e-01,-1.100e-01,1631.0,,,1678.58,1284.13,-542.22,12.30,1,q1_q17_dr25_tce,5906.00,177.00,-177.00,4.494,0.087,-0.175,0.8520,0.2150,-0.1070,295.593690,46.269711,15.506
9602431,K07202.01,,FALSE POSITIVE,FALSE POSITIVE,0.0000,0,0,1,1,3.556561700,8.5110000e-05,-8.5110000e-05,133.5220000,1.850000e-02,-1.850000e-02,0.2620,0.2040,-0.2620,6.69100,0.54000,-0.54000,6.8000e+01,8.300e+00,-8.300e+00,0.52,4.000e-02,-5.000e-02,883.0,,,143.89,47.29,-37.60,10.00,1,q1_q17_dr25_tce,4964.00,148.00,-148.00,4.628,0.065,-0.035,0.6330,0.0550,-0.0550,297.099150,46.243511,15.191
9602538,K07203.01,,FALSE POSITIVE,FALSE POSITIVE,0.0000,0,0,0,1,3.556465110,9.7420000e-05,-9.7420000e-05,133.5549000,2.500000e-02,-2.500000e-02,0.3440,0.1140,-0.3440,4.72000,1.20000,-1.20000,4.6100e+01,8.400e+00,-8.400e+00,0.56,1.000e-01,-8.000e-02,1076.0,,,317.00,188.92,-106.41,7.80,1,q1_q17_dr25_tce,5475.00,179.00,-162.00,4.479,0.121,-0.148,0.8180,0.1510,-0.1100,297.127080,46.282082,14.609
9630640,K07204.01,,FALSE POSITIVE,FALSE POSITIVE,0.0000,1,0,0,0,3.661895766,,,132.5316735,,,2.9590,,,35.63740,,,3.5477e+04,,,374.78,1.002e+02,-1.104e+02,1708.0,,,2012.26,1548.12,-1143.92,291.70,1,q1_q17_dr25_tce,6793.00,166.00,-238.00,4.101,0.246,-0.164,1.5890,0.4250,-0.4680,281.630190,46.321152,13.658
9635520,K07205.01,,CANDIDATE,CANDIDATE,0.7790,0,0,0,0,2.351826800,7.6840000e-04,-7.6840000e-04,134.3520000,4.700000e-01,-4.700000e-01,1.2300,4.1980,-0.1120,5.79700,0.29100,-0.29100,5.7660e+02,2.800e+01,-2.800e+01,39.82,8.720e+00,-1.309e+01,1535.0,,,1313.37,798.56,-758.75,24.50,1,q1_q17_dr25_tce,5445.00,109.00,-87.00,4.140,0.322,-0.138,1.4260,0.3120,-0.4690,284.699680,46.375092,14.106
9635529,K07206.01,,FALSE POSITIVE,FALSE POSITIVE,0.0000,0,1,0,0,2.351955250,2.1200000e-07,-2.1200000e-07,131.9168815,7.410000e-05,-7.410000e-05,0.5110,0.0030,-0.0010,5.98883,0.00419,-0.00419,2.1283e+05,2.110e+02,-2.110e+02,59.62,1.863e+01,-7.990e+00,1678.0,,,1876.00,1658.66,-617.91,1819.10,1,q1_q17_dr25_tce,6550.00,148.00,-181.00,4.324,0.084,-0.196,1.2250,0.3830,-0.1640,284.704530,46.378799,12.230
9637299,K07207.01,,FALSE POSITIVE,FALSE POSITIVE,0.0000,0,1,0,0,1.882438182,8.6000000e-08,-8.6000000e-08,132.7396834,3.810000e-05,-3.810000e-05,0.3950,0.0070,-0.0040,3.50695,0.00119,-0.00119,3.4420e+05,1.900e+02,-1.900e+02,74.77,1.923e+01,-1.923e+01,1818.0,,,2589.75,1964.74,-1325.08,2051.30,1,q1_q17_dr25_tce,6322.00,171.00,-190.00,4.211,0.264,-0.176,1.2130,0.3120,-0.3120,285.760710,46.367008,13.680
9639106,K07208.01,,CANDIDATE,CANDIDATE,,0,0,0,0,3.579443670,4.3370000e-05,-4.3370000e-05,133.4619800,7.560000e-03,-7.560000e-03,0.3976,0.0398,-0.3976,1.86900,0.33500,-0.33500,1.1720e+02,1.960e+01,-1.960e+01,0.87,2.900e-01,-7.000e-02,1018.0,,,253.89,265.12,-63.15,8.50,1,q1_q17_dr24_tce,5341.00,182.00,-143.00,4.546,0.041,-0.041,0.8010,0.2700,-0.0680,286.858120,46.311729,15.560
9640123,K07209.01,,CANDIDATE,CANDIDATE,0.9910,0,0,0,0,8.255349900,1.3620000e-04,-1.3620000e-04,135.1700000,1.770000e-02,-1.770000e-02,0.9180,0.0260,-0.6510,3.95900,0.44500,-0.44500,5.4500e+01,6.600e+00,-6.600e+00,3.28,5.400e-01,-1.250e+00,1462.0,,,1079.27,478.08,-689.77,10.00,1,q1_q17_dr25_tce,5403.00,86.00,-75.00,3.559,0.296,-0.111,3.6000,0.5900,-1.3760,287.510710,46.389950,13.816
10490960,K07335.01,,FALSE POSITIVE,FALSE POSITIVE,0.0000,1,0,0,0,5.682410334,4.3000000e-07,-4.3000000e-07,133.6376552,5.990000e-05,-5.990000e-05,0.7610,0.0070,-0.0050,5.33373,0.00286,-0.00286,2.2042e+05,8.960e+01,-8.960e+01,72.90,1.993e+01,-1.451e+01,1141.0,,,401.43,322.14,-173.27,2041.60,1,q1_q17_dr25_tce,5897.00,158.00,-176.00,4.278,0.185,-0.185,1.1960,0.3270,-0.2380,298.758540,47.695580,14.300
10491031,K07336.01,,FALSE POSITIVE,FALSE POSITIVE,0.0000,0,1,0,0,2.199069234,6.7000000e-08,-6.7000000e-08,133.0633498,2.370000e-05,-2.370000e-05,0.7620,0.0040,-0.0090,6.30646,0.00076,-0.00076,2.2525e+05,1.250e+01,-1.250e+01,118.99,3.357e+01,-4.104e+01,2104.0,,,4632.97,3850.96,-2928.92,5915.40,1,q1_q17_dr25_tce,6613.00,181.00,-250.00,4.014,0.293,-0.158,1.9250,0.5430,-0.6640,298.777160,47.655403,13.245
10535807,K07337.01,,FALSE POSITIVE,FALSE POSITIVE,0.0000,0,1,0,0,1.481655821,2.8800000e-07,-2.8800000e-07,132.6994290,1.620000e-04,-1.620000e-04,1.1030,0.0360,-0.0350,3.49130,0.00927,-0.00927,5.9134e+04,1.190e+02,-1.190e+02,59.19,1.599e+01,-1.064e+01,1935.0,,,3314.58,2586.83,-1359.81,554.40,1,q1_q17_dr25_tce,6478.00,162.00,-210.00,4.307,0.139,-0.186,1.1740,0.3170,-0.2110,292.151670,47.719501,13.873
10535858,K07338.01,,FALSE POSITIVE,FALSE POSITIVE,0.0000,1,0,1,1,0.933709680,1.2780000e-05,-1.2780000e-05,131.5714000,1.090000e-02,-1.090000e-02,0.8480,0.0070,-0.5980,3.35600,0.59700,-0.59700,6.2200e+01,7.200e+00,-7.200e+00,0.38,3.000e-02,-3.000e-02,865.0,,,131.85,26.13,-25.43,9.20,1,q1_q17_dr25_tce,3615.00,43.00,-50.00,4.839,0.030,-0.033,0.4200,0.0290,-0.0320,292.166900,47.755638,15.431
10546063,K07339.01,,CANDIDATE,CANDIDATE,1.0000,0,0,0,0,10.698227500,1.5500000e-04,-1.5500000e-04,140.6793000,1.020000e-02,-1.020000e-02,0.0320,0.4260,-0.0320,3.19800,0.33500,-0.33500,2.4600e+02,3.190e+01,-3.190e+01,1.73,4.900e-01,-2.100e-01,919.0,,,168.88,142.37,-57.45,9.10,1,q1_q17_dr25_tce,6277.00,174.00,-239.00,4.417,0.060,-0.180,1.0970,0.3130,-0.1340,296.027740,47.753551,15.833
10547685,K07340.01,,FALSE POSITIVE,FALSE POSITIVE,0.0000,0,1,1,0,1.388509353,2.5900000e-07,-2.5900000e-07,131.7862980,1.470000e-04,-1.470000e-04,1.1450,0.1460,-0.0480,2.84811,0.00782,-0.00782,3.7638e+04,8.020e+01,-8.020e+01,52.43,8.080e+00,-7.280e+00,1836.0,,,2679.88,1075.70,-801.83,454.60,1,q1_q17_dr25_tce,6075.00,78.00,-85.00,4.315,0.132,-0.108,1.1300,0.1740,-0.1570,296.572450,47.752708,12.309
10549576,K07341.01,,FALSE POSITIVE,FALSE POSITIVE,0.0000,0,1,0,0,9.089355023,2.2080000e-06,-2.2080000e-06,139.0837140,1.940000e-04,-1.940000e-04,0.6470,0.0030,-0.0030,6.40060,0.01220,-0.01220,1.0148e+05,2.020e+02,-2.020e+02,68.91,1.682e+01,-1.683e+01,1511.0,,,1233.59,922.96,-629.49,756.40,1,q1_q17_dr25_tce,7675.00,237.00,-290.00,4.051,0.165,-0.165,2.0150,0.4920,-0.4920,297.118260,47.741611,13.015
10552700,K07342.01,,FALSE POSITIVE,FALSE POSITIVE,0.0000,1,0,0,0,0.948085870,2.7990000e-06,-2.7990000e-06,131.9334800,1.680000e-03,-1.680000e-03,1.1050,0.1030,-0.0850,8.03000,1.30000,-1.30000,2.2980e+02,6.470e+01,-6.470e+01,37.72,6.650e+00,-1.235e+01,3359.0,,,30040.23,15622.29,-18150.39,145.30,1,q1_q17_dr25_tce,6875.00,164.00,-226.00,3.798,0.259,-0.111,2.8560,0.5030,-0.9350,297.991180,47.768749,11.601
11619964,K07466.01,,FALSE POSITIVE,FALSE POSITIVE,0.0000,0,1,0,0,10.368552685,4.0800000e-07,-4.0800000e-07,132.7184390,3.260000e-05,-3.260000e-05,0.9780,0.0100,-0.1080,4.37878,0.00126,-0.00126,1.5323e+05,2.270e+01,-2.270e+01,61.14,1.671e+01,-9.000e+00,845.0,,,120.48,96.81,-42.88,3170.10,1,q1_q17_dr25_tce,5855.00,158.00,-175.00,4.418,0.124,-0.186,0.9440,0.2580,-0.1390,296.096800,49.643829,14.545
11650543,K07467.01,,CANDIDATE,CANDIDATE,,0,0,0,0,7.205580840,9.0290000e-05,-9.0290000e-05,138.3055000,1.070000e-02,-1.070000e-02,0.5196,0.0129,-0.4491,2.99700,0.28800,-0.28800,5.8000e+01,7.600e+00,-7.600e+00,1.33,5.600e-01,-4.600e-01,1253.0,,,582.45,753.90,-363.36,8.70,1,q1_q17_dr24_tce,6002.00,188.00,-210.00,4.025,0.308,-0.308,1.6930,0.7180,-0.5780,284.950260,49.747147,13.553
11651105,K07468.01,,FALSE POSITIVE,FALSE POSITIVE,0.0000,1,0,0,0,13.860264600,3.9790000e-04,-3.9790000e-04,139.4033000,2.320000e-02,-2.320000e-02,1.2040,0.1370,-0.1250,74.26000,1.50000,-1.50000,4.8110e+02,8.200e+00,-8.200e+00,19.71,4.290e+00,-1.830e+00,690.0,,,53.56,34.67,-14.04,72.30,1,q1_q17_dr25_tce,5667.00,152.00,-152.00,4.535,0.074,-0.137,0.7960,0.1730,-0.0740,285.332890,49.734112,14.756
11662440,K07469.01,,FALSE POSITIVE,FALSE POSITIVE,0.0000,0,1,0,0,13.639480425,1.9730000e-06,-1.9730000e-06,144.5314390,1.230000e-04,-1.230000e-04,1.0330,0.0480,-0.0440,3.12422,0.00534,-0.00534,8.1103e+04,1.080e+02,-1.080e+02,44.00,9.570e+00,-4.420e+00,680.0,,,50.51,34.73,-14.33,664.10,1,q1_q17_dr25_tce,5461.00,180.00,-164.00,4.517,0.060,-0.140,0.8460,0.1840,-0.0850,292.217320,49.707901,15.852
11671646,K07470.01,,CANDIDATE,CANDIDATE,,0,0,0,0,392.501150000,3.3430000e-02,-3.3430000e-02,498.8298000,5.110000e-02,-5.110000e-02,0.1835,0.2835,-0.1834,9.88000,1.10000,-1.10000,3.9120e+02,5.770e+01,-5.770e+01,1.90,2.010e+00,-3.100e-01,225.0,,,0.60,2.36,-0.23,8.90,1,q1_q17_dr24_tce,5128.00,193.00,-167.00,4.388,0.143,-0.143,0.9880,1.0470,-0.1580,296.534790,49.785851,13.870
11672354,K07471.01,,CANDIDATE,CANDIDATE,0.9530,0,0,0,0,5.296555910,8.5200000e-05,-8.5200000e-05,131.8704000,1.410000e-02,-1.410000e-02,0.3700,0.0800,-0.3700,3.93000,0.31500,-0.31500,1.3540e+02,1.720e+01,-1.720e+01,1.30,4.300e-01,-1.500e-01,1156.0,,,421.14,411.80,-140.13,9.30,1,q1_q17_dr25_tce,6268.00,173.00,-260.00,4.429,0.054,-0.216,1.1000,0.3650,-0.1220,296.820370,49.750450,15.591
11704044,K07472.01,,FALSE POSITIVE,FALSE POSITIVE,0.0000,0,1,0,0,6.882686062,3.3500000e-07,-3.3500000e-07,134.0523020,3.860000e-05,-3.860000e-05,0.3990,0.0040,0.0000,5.47323,0.00114,-0.00114,3.7366e+05,2.480e+02,-2.480e+02,60.49,1.780e+01,-5.930e+00,921.0,,,169.85,150.38,-50.59,2842.20,1,q1_q17_dr25_tce,5704.00,171.00,-206.00,4.483,0.052,-0.195,0.9480,0.2790,-0.0930,286.910370,49.815781,15.749
11706658,K07473.01,,FALSE POSITIVE,FALSE POSITIVE,0.0540,0,1,0,0,1.407937865,5.5200000e-07,-5.5200000e-07,132.2692100,3.270000e-04,-3.270000e-04,0.7590,1.7920,-0.0340,1.58500,0.01920,-0.01920,5.0793e+04,4.610e+02,-4.610e+02,19.09,9.300e-01,-1.620e+00,1179.0,,,457.02,109.12,-118.65,137.30,1,q1_q17_dr25_tce,4627.00,140.00,-140.00,4.564,0.060,-0.024,0.7410,0.0360,-0.0630,288.512080,49.864231,14.614
2708445,K06288.01,,FALSE POSITIVE,FALSE POSITIVE,0.0000,0,0,1,1,1.891177230,2.9480000e-05,-2.9480000e-05,132.7285000,1.520000e-02,-1.520000e-02,1.2070,1.3230,-0.1720,6.98600,0.56300,-0.56300,1.7620e+02,1.240e+01,-1.240e+01,164.49,3.762e+01,-4.170e+00,3536.0,,,36995.02,25409.54,-4640.33,17.40,1,q1_q17_dr25_tce,5086.00,143.00,-104.00,2.660,0.030,-0.030,6.8600,1.5690,-0.1740,290.356840,37.938759,15.003
2708614,K06289.01,,FALSE POSITIVE,FALSE POSITIVE,0.0000,0,1,0,0,52.884577000,1.7440000e-03,-1.7440000e-03,147.0105800,3.730000e-03,-3.730000e-03,1.2720,6.6570,-0.0900,7.89200,0.12600,-0.12600,1.1969e+04,1.880e+02,-1.880e+02,48.13,1.487e+01,-5.940e+00,555.0,,,22.44,19.82,-7.54,72.60,1,q1_q17_dr25_tce,6483.00,155.00,-233.00,4.420,0.067,-0.202,1.0780,0.3330,-0.1330,290.401580,37.942009,15.694
2711114,K06290.01,,FALSE POSITIVE,FALSE POSITIVE,0.0000,0,1,0,0,1.429439352,3.7200000e-07,-3.7200000e-07,132.7465900,2.190000e-04,-2.190000e-04,1.2980,0.3940,-0.1690,2.42400,0.01120,-0.01120,3.3671e+03,1.340e+01,-1.340e+01,54.36,1.515e+01,-1.102e+01,2079.0,,,4417.56,3476.71,-1930.79,292.00,1,q1_q17_dr25_tce,6491.00,146.00,-194.00,4.223,0.153,-0.187,1.3710,0.3820,-0.2780,291.014220,37.969711,12.335
2716979,K06291.01,,CANDIDATE,CANDIDATE,,0,0,0,0,8.832419300,1.2000000e-04,-1.2000000e-04,137.7004000,1.150000e-02,-1.150000e-02,0.1850,0.2842,-0.1848,2.25200,0.32900,-0.32900,7.4100e+01,1.060e+01,-1.060e+01,0.98,3.300e-01,-1.800e-01,999.0,,,234.99,227.94,-94.21,8.10,1,q1_q17_dr24_tce,6060.00,161.00,-169.00,4.290,0.172,-0.172,1.1330,0.3760,-0.2050,292.296260,37.933060,13.303
2720354,K06292.01,,FALSE POSITIVE,FALSE POSITIVE,0.0070,0,1,0,0,2.821328194,3.3900000e-07,-3.3900000e-07,131.6800970,9.890000e-05,-9.890000e-05,0.5370,0.0090,-0.0070,5.02692,0.00603,-0.00603,6.4776e+04,6.570e+01,-6.570e+01,40.00,6.080e+00,-7.440e+00,1807.0,,,2520.03,974.86,-929.25,1227.30,1,q1_q17_dr25_tce,6701.00,74.00,-81.00,4.121,0.168,-0.098,1.5060,0.2290,-0.2800,293.036100,37.954739,13.116
2834463,K06293.01,,CANDIDATE,CANDIDATE,0.7940,0,0,0,0,5.888369410,3.2340000e-05,-3.2340000e-05,136.0279900,5.030000e-03,-5.030000e-03,0.2490,0.2260,-0.2490,1.05000,0.22400,-0.22400,1.1990e+02,2.110e+01,-2.110e+01,1.21,3.900e-01,-1.500e-01,1125.0,,,379.27,362.39,-120.25,8.30,1,q1_q17_dr25_tce,6243.00,169.00,-206.00,4.390,0.087,-0.203,1.0840,0.3530,-0.1260,286.587010,38.001080,14.199
2852560,K06294.01,,FALSE POSITIVE,FALSE POSITIVE,0.0000,1,0,0,0,11.961308501,8.2800000e-07,-8.2800000e-07,131.9131819,5.730000e-05,-5.730000e-05,0.6160,0.0080,-0.0060,4.64140,0.00238,-0.00238,3.1068e+05,1.100e+02,-1.100e+02,51.58,9.860e+00,-4.200e+00,696.0,,,55.37,32.01,-14.02,1907.80,1,q1_q17_dr25_tce,5564.00,150.00,-167.00,4.587,0.040,-0.120,0.7850,0.1500,-0.0640,291.466030,38.005039,15.308
2856960,K06295.01,,FALSE POSITIVE,FALSE POSITIVE,0.0000,0,1,0,0,204.280255000,6.8340000e-03,-6.8340000e-03,164.7235000,2.370000e-02,-2.370000e-02,0.8750,4.5820,-0.1040,37.20000,1.50000,-1.50000,1.0579e+04,3.980e+02,-3.980e+02,8.99,8.500e-01,-7.700e-01,236.0,,,0.73,0.25,-0.18,35.10,2,q1_q17_dr25_tce,4907.00,146.00,-131.00,4.582,0.050,-0.045,0.7270,0.0690,-0.0620,292.381320,38.076649,15.615
4484356,K06420.01,,FALSE POSITIVE,FALSE POSITIVE,0.0000,0,1,0,0,0.572079631,6.5000000e-08,-6.5000000e-08,132.0189884,9.490000e-05,-9.490000e-05,0.7930,0.2690,-0.0610,2.27811,0.00639,-0.00639,1.2779e+05,1.490e+02,-1.490e+02,29.45,2.580e+00,-2.350e+00,1716.0,,,2036.56,674.98,-509.93,578.20,1,q1_q17_dr25_tce,5233.00,157.00,-157.00,4.625,0.066,-0.048,0.6390,0.0560,-0.0510,296.459720,39.573738,14.235
4489844,K06421.01,,FALSE POSITIVE,FALSE POSITIVE,0.0000,0,0,1,0,0.822314545,,,131.7125281,,,0.4470,,,3.33740,,,3.2700e+01,,,0.54,1.500e-01,-9.000e-02,1922.0,,,3227.02,2560.06,-1216.51,3.80,1,q1_q17_dr25_tce,5709.00,154.00,-154.00,4.409,0.144,-0.176,0.9380,0.2530,-0.1560,297.550540,39.565659,13.230
4540632,K06422.01,,FALSE POSITIVE,FALSE POSITIVE,0.0000,0,1,0,0,31.005392846,2.1870000e-06,-2.1870000e-06,150.8616525,5.850000e-05,-5.850000e-05,0.3050,0.0110,-0.0060,3.07300,0.00230,-0.00230,5.6031e+05,2.380e+02,-2.380e+02,141.82,8.165e+01,-8.975e+01,682.0,,,51.25,91.99,-45.14,1236.10,1,q1_q17_dr25_tce,5023.00,151.00,-151.00,3.900,0.700,-0.300,1.7840,1.0270,-1.1290,284.044340,39.661469,14.991
4544623,K06423.01,,FALSE POSITIVE,FALSE POSITIVE,0.0000,0,1,1,1,2.189097000,3.3230000e-05,-3.3230000e-05,132.0841000,1.440000e-02,-1.440000e-02,1.2460,6.7660,-0.1000,5.76800,0.64500,-0.64500,3.0010e+03,2.820e+02,-2.820e+02,13.92,1.300e+00,-1.410e+00,647.0,,,41.37,11.35,-10.51,13.50,1,q1_q17_dr25_tce,3624.00,58.00,-72.00,4.848,0.045,-0.036,0.4060,0.0380,-0.0410,285.899050,39.690639,15.999
4565985,K06424.01,,FALSE POSITIVE,FALSE POSITIVE,0.0000,0,1,0,0,17.511915340,9.5750000e-05,-9.5750000e-05,134.3906500,4.570000e-03,-4.570000e-03,0.0080,0.9290,-0.0080,5.67800,0.91800,-0.91800,7.2880e+02,4.220e+01,-4.220e+01,52.64,2.666e+01,-1.143e+01,2246.0,,,6014.16,9891.63,-2666.95,41.00,1,q1_q17_dr25_tce,4029.00,157.00,-96.00,1.786,0.255,-0.255,20.8880,10.5810,-4.5350,292.926820,39.613361,9.242
4567118,K06425.01,,CANDIDATE,CANDIDATE,,0,0,0,0,521.108260000,4.2240000e-02,-4.2240000e-02,189.5977000,5.770000e-02,-5.770000e-02,0.3485,0.0982,-0.3485,18.36000,3.30000,-3.30000,2.4470e+02,3.710e+01,-3.710e+01,1.50,5.700e-01,-1.900e-01,231.0,,,0.68,0.76,-0.22,8.70,1,q1_q17_dr24_tce,5942.00,165.00,-161.00,4.432,0.093,-0.093,0.9470,0.3610,-0.1190,293.239290,39.691681,14.163
4569590,K06426.01,,FALSE POSITIVE,FALSE POSITIVE,0.0000,1,0,0,0,41.370163800,3.3420000e-04,-3.3420000e-04,166.1673000,1.020000e-02,-1.020000e-02,0.6530,0.0620,-0.1450,29.25400,0.67800,-0.67800,6.9071e+03,9.690e+01,-9.690e+01,59.95,3.397e+01,-2.266e+01,1133.0,,,389.15,685.20,-251.62,91.30,1,q1_q17_dr25_tce,4764.00,142.00,-107.00,2.777,0.402,-0.329,6.8830,3.9010,-2.6010,293.862340,39.690128,12.799
4574310,K06427.01,,FALSE POSITIVE,FALSE POSITIVE,0.0000,0,1,0,0,1.306220168,7.8000000e-08,-7.8000000e-08,132.1122056,4.940000e-05,-4.940000e-05,0.3520,0.0060,-0.0050,5.14519,0.00297,-0.00297,4.8137e+05,2.280e+02,-2.280e+02,83.16,1.827e+01,-2.235e+01,2095.0,,,4556.14,2983.83,-2425.75,2019.40,1,q1_q17_dr25_tce,6600.00,178.00,-218.00,4.238,0.270,-0.180,1.1240,0.2470,-0.3020,294.993650,39.642830,13.242
4575824,K06428.01,,FALSE POSITIVE,FALSE POSITIVE,,0,1,0,0,631.632000000,2.7510000e-02,-2.7510000e-02,239.8779000,4.100000e-02,-4.100000e-02,0.4544,0.0051,-0.4542,16.13000,1.30000,-1.30000,2.9510e+02,3.970e+01,-3.970e+01,1.56,6.400e-01,-1.500e-01,201.0,,,0.38,0.48,-0.09,8.60,1,q1_q17_dr24_tce,5689.00,156.00,-144.00,4.493,0.054,-0.054,0.8940,0.3690,-0.0840,295.343660,39.609322,14.358
5216727,K06543.01,,FALSE POSITIVE,FALSE POSITIVE,0.0000,0,1,1,0,0.756511623,7.5000000e-08,-7.5000000e-08,131.9298652,8.240000e-05,-8.240000e-05,1.2160,0.0350,-0.1270,2.81832,0.00487,-0.00487,4.1596e+04,6.060e+01,-6.060e+01,77.40,2.223e+01,-1.819e+01,2549.0,,,9947.96,8374.75,-4853.10,845.00,1,q1_q17_dr25_tce,6343.00,170.00,-208.00,4.199,0.204,-0.185,1.4170,0.4070,-0.3330,298.712490,40.341228,13.448
5218014,K06544.01,,FALSE POSITIVE,FALSE POSITIVE,0.0000,0,1,0,0,10.845286549,3.5960000e-06,-3.5960000e-06,138.3343430,2.710000e-04,-2.710000e-04,1.3070,0.0340,-0.1170,4.38760,0.01380,-0.01380,7.4738e+03,2.170e+01,-2.170e+01,319.52,8.039e+01,-1.206e+02,1682.0,,,1893.11,1197.77,-1234.69,416.10,1,q1_q17_dr25_tce,5096.00,53.00,-136.00,3.094,0.224,-0.096,7.0230,1.7670,-2.6510,298.997890,40.314751,12.923
5255552,K06545.01,,FALSE POSITIVE,FALSE POSITIVE,0.0000,0,1,0,0,32.455412690,3.6120000e-05,-3.6120000e-05,137.6078940,9.400000e-04,-9.400000e-04,0.7260,0.5750,-0.0860,7.37360,0.06880,-0.06880,1.3639e+05,9.310e+02,-9.310e+02,23.48,1.080e+00,-1.390e+00,392.0,,,5.55,1.28,-1.19,180.90,1,q1_q17_dr25_tce,4869.00,144.00,-144.00,4.710,0.049,-0.025,0.5430,0.0250,-0.0320,284.693080,40.498619,15.208
5263167,K06546.01,,CANDIDATE,CANDIDATE,0.7830,0,0,0,0,3.394019630,2.9490000e-05,-2.9490000e-05,134.3716400,7.070000e-03,-7.070000e-03,0.1660,0.2910,-0.1660,2.98400,0.23000,-0.23000,9.8400e+01,1.180e+01,-1.180e+01,1.03,3.200e-01,-1.200e-01,1306.0,,,689.16,643.11,-222.12,10.00,1,q1_q17_dr25_tce,6181.00,168.00,-224.00,4.431,0.070,-0.210,1.0290,0.3270,-0.1170,288.030580,40.418301,15.420
5266937,K06547.01,,FALSE POSITIVE,FALSE POSITIVE,0.0000,0,1,0,0,5.917085496,2.5180000e-06,-2.5180000e-06,132.9003270,3.520000e-04,-3.520000e-04,0.0950,0.0120,-0.0140,23.75450,0.03070,-0.03070,5.6329e+05,6.180e+02,-6.180e+02,75.86,2.067e+01,-1.207e+01,1005.0,,,241.42,193.24,-88.30,1331.50,1,q1_q17_dr25_tce,5661.00,152.00,-152.00,4.383,0.149,-0.182,0.9870,0.2690,-0.1570,289.349670,40.497189,14.352
5269407,K06548.01,,FALSE POSITIVE,FALSE POSITIVE,0.0000,0,1,0,0,0.958871144,6.4000000e-08,-6.4000000e-08,131.6864267,5.450000e-05,-5.450000e-05,0.5330,0.0170,-0.0120,2.74361,0.00226,-0.00226,2.3235e+05,2.280e+02,-2.280e+02,45.91,1.168e+01,-6.790e+00,1743.0,,,2174.51,1674.66,-759.33,1191.20,1,q1_q17_dr25_tce,5530.00,165.00,-149.00,4.425,0.144,-0.198,0.8920,0.2270,-0.1320,290.090790,40.461830,14.164
5271803,K06549.01,,FALSE POSITIVE,FALSE POSITIVE,,0,1,0,0,0.540246300,1.0180000e-04,-1.0180000e-04,131.5521000,4.030000e-02,-4.030000e-02,0.9411,0.0136,-0.6371,13.93000,4.90000,-4.90000,1.1480e+03,4.210e+02,-4.210e+02,6.20,4.920e+00,-9.100e-01,3249.0,,,26335.17,69464.72,-10507.27,1.60,1,q1_q17_dr24_tce,7296.00,226.00,-341.00,4.249,0.073,-0.073,1.4980,1.1900,-0.2200,290.799190,40.411560,13.681
5272571,K06550.01,,FALSE POSITIVE,FALSE POSITIVE,0.0000,0,0,1,1,1.288046428,9.2650000e-06,-9.2650000e-06,132.0008800,7.630000e-03,-7.630000e-03,0.2190,0.2490,-0.2190,3.63700,0.17100,-0.17100,3.2300e+01,1.900e+00,-1.900e+00,2.18,4.800e-01,-3.900e-01,2945.0,,,17822.99,9957.03,-6335.25,20.30,1,q1_q17_dr25_tce,5216.00,67.00,-62.00,3.287,0.143,-0.130,3.8710,0.8400,-0.6880,291.052920,40.447670,12.479
6228703,K06678.01,,FALSE POSITIVE,FALSE POSITIVE,0.0000,0,1,0,0,4.200206781,5.7400000e-07,-5.7400000e-07,134.6578000,1.120000e-04,-1.120000e-04,1.0700,0.0660,-0.0370,5.21948,0.00535,-0.00535,8.2364e+04,9.550e+01,-9.550e+01,105.07,3.256e+01,-2.962e+01,1737.0,,,2150.58,2025.88,-1215.99,943.70,1,q1_q17_dr25_tce,6873.00,216.00,-288.00,4.051,0.195,-0.195,1.9230,0.5960,-0.5420,298.063110,41.510712,12.843
6231401,K06679.01,,FALSE POSITIVE,FALSE POSITIVE,0.0000,0,1,0,0,6.091954982,4.3400000e-07,-4.3400000e-07,137.5877592,5.820000e-05,-5.820000e-05,0.9530,0.0660,-0.0050,3.60482,0.00365,-0.00365,3.6700e+04,3.280e+01,-3.280e+01,26.96,6.710e+00,-4.130e+00,1036.0,,,272.70,205.86,-99.65,1508.70,1,q1_q17_dr25_tce,6063.00,182.00,-182.00,4.424,0.135,-0.165,0.9130,0.2270,-0.1400,298.621770,41.567429,14.847
6265961,K06680.01,,CANDIDATE,CANDIDATE,0.9130,0,0,0,0,5.525074060,5.4690000e-05,-5.4690000e-05,135.1543500,9.730000e-03,-9.730000e-03,0.1520,0.2990,-0.1520,2.56500,0.25800,-0.25800,6.1500e+01,7.300e+00,-7.300e+00,0.80,1.200e-01,-8.000e-02,1028.0,,,263.79,101.96,-65.78,9.80,1,q1_q17_dr25_tce,5600.00,75.00,-75.00,4.378,0.110,-0.110,1.0370,0.1520,-0.1140,284.121340,41.633072,13.692
6279823,K06681.01,,FALSE POSITIVE,FALSE POSITIVE,,1,0,0,0,485.524090000,2.6460000e-02,-2.6460000e-02,307.5674000,3.380000e-02,-3.380000e-02,71.3346,29.6100,-8.7660,11.04000,2.00000,-2.00000,4.1470e+03,6.400e+02,-6.400e+02,6149.09,1.537e+03,-4.228e+02,191.0,,,0.31,0.26,-0.07,10.80,1,q1_q17_dr24_tce,5227.00,204.00,-168.00,4.584,0.023,-0.023,0.8000,0.2000,-0.0550,290.074340,41.668598,14.425
6283224,K06682.01,,FALSE POSITIVE,FALSE POSITIVE,0.0000,1,0,0,0,0.766473430,1.0200000e-07,-1.0200000e-07,132.0348040,1.040000e-04,-1.040000e-04,0.7660,0.0400,-0.0290,2.46345,0.00514,-0.00514,1.9990e+05,2.400e+02,-2.400e+02,42.33,6.500e+00,-3.520e+00,1628.0,,,1654.36,873.76,-448.84,545.00,1,q1_q17_dr25_tce,5297.00,186.00,-186.00,4.594,0.052,-0.078,0.7220,0.1110,-0.0600,291.191500,41.667210,15.572
6285094,K06683.01,,FALSE POSITIVE,FALSE POSITIVE,0.0000,0,0,1,1,5.243978300,2.9320000e-04,-2.9320000e-04,132.6829000,5.520000e-02,-5.520000e-02,0.8200,0.1440,-0.5760,10.10000,1.10000,-1.10000,9.3500e+01,8.600e+00,-8.600e+00,1.03,3.300e-01,-1.100e-01,1068.0,,,307.32,298.22,-97.41,13.10,1,q1_q17_dr25_tce,6029.00,188.00,-230.00,4.481,0.054,-0.216,0.9560,0.3060,-0.1020,291.820010,41.697842,14.967
6285396,K06684.01,,FALSE POSITIVE,FALSE POSITIVE,0.0000,1,0,1,1,5.243663900,2.9880000e-04,-2.9880000e-04,132.6741000,5.800000e-02,-5.800000e-02,0.6600,0.3350,-0.4180,10.53000,1.70000,-1.70000,9.3500e+01,1.310e+01,-1.310e+01,0.88,2.600e-01,-8.000e-02,1059.0,,,296.41,267.16,-84.95,10.40,1,q1_q17_dr25_tce,6212.00,196.00,-218.00,4.537,0.050,-0.200,0.8620,0.2550,-0.0800,291.922850,41.624439,15.789
6285397,K06685.01,,FALSE POSITIVE,FALSE POSITIVE,0.0000,0,0,0,1,5.243826900,1.6320000e-04,-1.6320000e-04,132.6874000,2.930000e-02,-2.930000e-02,0.2280,0.2600,-0.2280,8.23500,0.99800,-0.99800,1.2860e+02,1.420e+01,-1.420e+01,0.76,5.000e-02,-7.000e-02,743.0,,,72.18,20.18,-19.10,11.30,1,q1_q17_dr25_tce,4634.00,125.00,-139.00,4.597,0.052,-0.028,0.6890,0.0500,-0.0610,291.922970,41.630718,15.914
7032968,K06812.01,,FALSE POSITIVE,FALSE POSITIVE,,0,0,0,1,0.566787020,6.6070000e-06,-6.6070000e-06,131.8490000,1.020000e-02,-1.020000e-02,0.0063,0.4743,-0.0061,3.07400,0.26800,-0.26800,7.5000e+00,9.000e-01,-9.000e-01,0.27,1.000e-01,-4.000e-02,2356.0,,,7279.54,7188.53,-2588.52,11.20,1,q1_q17_dr24_tce,6045.00,150.00,-156.00,4.375,0.132,-0.132,0.9990,0.3420,-0.1540,291.586240,42.509930,11.786
7033713,K06813.01,,FALSE POSITIVE,FALSE POSITIVE,0.0000,0,0,1,1,2.196428640,5.7410000e-05,-5.7410000e-05,133.4945000,2.460000e-02,-2.460000e-02,0.0040,0.4730,-0.0040,4.93300,0.60600,-0.60600,9.9500e+01,1.000e+01,-1.000e+01,0.79,1.400e-01,-7.000e-02,1193.0,,,477.24,280.24,-127.54,11.80,1,q1_q17_dr25_tce,5376.00,185.00,-185.00,4.576,0.030,-0.120,0.8060,0.1430,-0.0660,291.835940,42.564838,15.811
7033748,K06814.01,,FALSE POSITIVE,FALSE POSITIVE,0.0000,0,1,0,0,2.196355120,2.8700000e-07,-2.8700000e-07,133.5150280,1.070000e-04,-1.070000e-04,0.7020,0.0160,-0.0210,9.65516,0.00725,-0.00725,2.6655e+05,1.520e+02,-1.520e+02,82.04,1.946e+01,-2.159e+01,1793.0,,,2448.43,1721.41,-1272.22,2132.00,1,q1_q17_dr25_tce,6438.00,174.00,-194.00,4.182,0.286,-0.154,1.2730,0.3020,-0.3350,291.843660,42.558521,13.685
7049486,K06815.01,,FALSE POSITIVE,FALSE POSITIVE,0.0000,0,1,0,0,26.718417546,2.8640000e-06,-2.8640000e-06,138.0518033,9.290000e-05,-9.290000e-05,1.0690,0.0130,-0.0150,8.14155,0.00447,-0.00447,7.2976e+04,3.850e+01,-3.850e+01,66.69,1.971e+01,-2.168e+01,727.0,,,65.88,59.97,-39.63,2173.10,1,q1_q17_dr25_tce,5957.00,196.00,-196.00,4.168,0.300,-0.175,1.2860,0.3800,-0.4180,296.124940,42.522102,13.144
7050754,K06816.01,,FALSE POSITIVE,FALSE POSITIVE,,0,1,0,0,0.615787196,3.6540000e-06,-3.6540000e-06,131.7140500,4.500000e-03,-4.500000e-03,0.7452,0.1762,-0.4987,3.06700,0.15600,-0.15600,1.1060e+02,6.200e+00,-6.200e+00,3.50,1.190e+00,-2.010e+00,3886.0,,,53910.99,57117.66,-45507.57,23.90,1,q1_q17_dr24_tce,6315.00,223.00,-238.00,3.603,0.572,-0.572,3.0750,1.0420,-1.7640,296.414830,42.587559,13.921
7090801,K06817.01,,FALSE POSITIVE,FALSE POSITIVE,,1,0,0,0,548.084410000,7.3830000e-02,-7.3830000e-02,367.3828000,7.200000e-02,-7.200000e-02,0.1531,0.3087,-0.1527,17.66000,3.80000,-3.80000,5.6000e+02,1.040e+02,-1.040e+02,2.35,0.000e+00,0.000e+00,222.0,,,0.58,0.00,0.00,7.40,1,q1_q17_dr24_tce,5780.00,,,4.438,,,1.0000,,,280.965880,42.623707,9.233
7097571,K06818.01,,FALSE POSITIVE,FALSE POSITIVE,0.0000,0,1,0,0,2.213964145,4.5100000e-07,-4.5100000e-07,132.5657760,1.660000e-04,-1.660000e-04,0.6340,0.0030,-0.0020,6.75980,0.01250,-0.01250,1.2336e+05,2.200e+02,-2.200e+02,57.06,1.485e+01,-2.228e+01,1891.0,,,3030.64,2496.24,-2040.23,951.40,1,q1_q17_dr25_tce,6256.00,220.00,-198.00,4.037,0.428,-0.171,1.5140,0.3940,-0.5910,284.313780,42.600914,11.267
7103300,K06819.01,,CANDIDATE,CANDIDATE,,0,0,0,0,3.226232203,9.0050000e-06,-9.0050000e-06,134.4192400,2.310000e-03,-2.310000e-03,0.1450,0.4350,-0.1448,0.40220,0.09820,-0.09820,3.6300e+01,3.800e+00,-3.800e+00,1.01,5.400e-01,-2.200e-01,1620.0,,,1627.10,2541.56,-756.19,9.90,1,q1_q17_dr24_tce,6534.00,147.00,-195.00,4.203,0.163,-0.163,1.4370,0.7630,-0.3200,286.845340,42.676960,11.429
7970629,K06942.01,,FALSE POSITIVE,FALSE POSITIVE,0.0000,0,1,0,0,1.025534511,2.8000000e-08,-2.8000000e-08,132.4990072,2.250000e-05,-2.250000e-05,0.8830,0.0940,-0.0040,3.52048,0.00188,-0.00188,1.1095e+05,0.000e+00,0.000e+00,43.68,1.297e+01,-4.330e+00,1896.0,,,3066.26,2671.67,-890.11,3769.00,1,q1_q17_dr25_tce,6267.00,169.00,-207.00,4.487,0.065,-0.208,0.9190,0.2730,-0.0910,295.402650,43.774761,14.541
7970760,K06943.01,,FALSE POSITIVE,FALSE POSITIVE,0.0000,0,1,0,0,7.649412910,1.5600000e-07,-1.5600000e-07,132.1070518,1.680000e-05,-1.680000e-05,0.2310,0.0090,-0.0030,6.56935,0.00101,-0.00101,2.3625e+05,2.220e+01,-2.220e+01,53.40,1.678e+01,-6.000e+00,1050.0,,,287.83,259.94,-88.70,9054.70,1,q1_q17_dr25_tce,6387.00,157.00,-204.00,4.398,0.084,-0.196,1.0760,0.3380,-0.1210,295.444340,43.718182,13.398
7971389,K06944.01,,FALSE POSITIVE,FALSE POSITIVE,0.0000,0,1,0,0,13.174807933,7.1100000e-07,-7.1100000e-07,136.4631739,4.390000e-05,-4.390000e-05,1.0650,0.0300,-0.0160,3.37392,0.00124,-0.00124,7.1071e+04,1.390e+01,-1.390e+01,51.06,1.516e+01,-6.500e+00,811.0,,,102.20,88.92,-34.15,1812.60,1,q1_q17_dr25_tce,6067.00,163.00,-200.00,4.433,0.084,-0.196,0.9970,0.2960,-0.1270,295.634740,43.750172,14.098
7976136,K06945.01,,FALSE POSITIVE,FALSE POSITIVE,0.0000,0,1,1,0,0.655094658,2.3890000e-06,-2.3890000e-06,131.7827800,2.990000e-03,-2.990000e-03,1.2200,0.0490,-0.1500,6.15900,0.68500,-0.68500,3.7200e+02,1.540e+02,-1.540e+02,26.41,7.460e+00,-2.970e+00,2173.0,,,5290.98,4424.94,-1675.26,59.50,1,q1_q17_dr25_tce,6063.00,169.00,-211.00,4.476,0.048,-0.192,1.0120,0.2860,-0.1140,297.013820,43.724930,15.543
7976435,K06946.01,,FALSE POSITIVE,FALSE POSITIVE,0.0000,1,0,0,0,3.332871870,,,133.4408645,,,,,,7.13000,,,,,,,,,,,,,,,,1,q1_q17_dr25_tce,,,,,,,,,,297.095920,43.789322,12.614
7985167,K06947.01,,FALSE POSITIVE,FALSE POSITIVE,0.0000,0,1,0,0,0.692239369,1.2900000e-07,-1.2900000e-07,131.5846110,1.540000e-04,-1.540000e-04,1.0740,0.0870,-0.0320,2.91121,0.00864,-0.00864,6.2962e+04,1.370e+02,-1.370e+02,67.05,1.782e+01,-2.178e+01,2594.0,,,10725.15,8399.87,-6396.05,469.20,1,q1_q17_dr25_tce,6163.00,167.00,-185.00,4.137,0.312,-0.168,1.3580,0.3610,-0.4410,299.200070,43.795940,12.958
7987749,K06948.01,,FALSE POSITIVE,FALSE POSITIVE,0.0000,0,1,0,0,17.030857558,1.1130000e-06,-1.1130000e-06,145.5427270,5.270000e-05,-5.270000e-05,1.0470,0.0250,-0.0270,4.24308,0.00195,-0.00195,7.7832e+04,2.460e+01,-2.460e+01,73.80,2.464e+01,-3.008e+01,836.0,,,115.15,115.38,-79.37,1947.80,1,q1_q17_dr25_tce,5575.00,167.00,-167.00,4.066,0.476,-0.204,1.4230,0.4750,-0.5800,299.821620,43.760342,14.461
8007675,K06949.01,,CANDIDATE,CANDIDATE,0.1260,0,0,0,0,2.352446342,,,131.9380482,,,0.7550,,,1.68020,,,3.2500e+01,,,1.24,2.800e-01,-3.500e-01,2173.0,,,5269.29,3512.39,-2848.99,7.20,1,q1_q17_dr25_tce,6749.00,169.00,-203.00,3.941,0.247,-0.114,2.0030,0.4580,-0.5600,282.154850,43.867352,12.047
8700506,K07077.01,,FALSE POSITIVE,FALSE POSITIVE,0.0000,0,1,0,0,43.797829003,7.1100000e-06,-7.1100000e-06,172.6019200,1.300000e-04,-1.300000e-04,0.4890,0.0060,-0.0070,7.70289,0.00748,-0.00748,4.1502e+05,3.410e+02,-3.410e+02,93.43,2.257e+01,-1.041e+01,668.0,,,47.15,32.86,-15.76,1375.10,1,q1_q17_dr25_tce,6860.00,167.00,-286.00,4.326,0.066,-0.154,1.2920,0.3120,-0.1440,295.930790,44.838520,13.478
8701327,K07078.01,,FALSE POSITIVE,FALSE POSITIVE,0.0000,0,1,0,0,4.254417651,3.5900000e-07,-3.5900000e-07,133.8376474,7.030000e-05,-7.030000e-05,1.1650,0.0070,-0.0430,6.55436,0.00678,-0.00678,2.9455e+05,1.960e+02,-1.960e+02,133.79,3.695e+01,-2.686e+01,1360.0,,,806.64,680.27,-366.24,2074.50,1,q1_q17_dr25_tce,6292.00,198.00,-242.00,4.256,0.185,-0.185,1.2350,0.3410,-0.2480,296.178440,44.870342,13.438
8711548,K07079.01,,FALSE POSITIVE,FALSE POSITIVE,0.0000,0,1,0,0,18.778162159,1.1300000e-06,-1.1300000e-06,149.6776416,4.840000e-05,-4.840000e-05,0.3570,0.0040,-0.0030,8.10180,0.00250,-0.00250,4.8841e+05,1.740e+02,-1.740e+02,127.57,3.752e+01,-3.380e+01,1002.0,,,238.50,207.28,-129.86,3788.70,1,q1_q17_dr25_tce,6794.00,189.00,-284.00,4.102,0.214,-0.175,1.7100,0.5030,-0.4530,298.872220,44.874432,13.944
8713828,K07080.01,,FALSE POSITIVE,FALSE POSITIVE,,1,0,0,0,1.254517920,,,131.7413568,,,,,,2.64000,,,,,,,,,,,,,,,,2,q1_q17_dr24_tce,,,,,,,,,,299.507540,44.801235,12.525
8719897,K07081.01,,FALSE POSITIVE,FALSE POSITIVE,0.0000,0,1,0,0,1.575710265,1.5200000e-07,-1.5200000e-07,131.6927410,7.980000e-05,-7.980000e-05,0.8300,0.0050,-0.0070,6.83787,0.00463,-0.00463,1.7395e+05,9.540e+01,-9.540e+01,246.75,3.644e+01,-6.771e+01,2630.0,,,11307.30,4213.53,-5765.39,1975.10,1,q1_q17_dr25_tce,5017.00,52.00,-89.00,3.350,0.168,-0.112,4.2930,0.6340,-1.1780,301.308650,44.806961,12.392
8736245,K07082.01,,FALSE POSITIVE,FALSE POSITIVE,0.0000,0,1,0,0,2.534740757,4.2700000e-07,-4.2700000e-07,133.4778370,1.400000e-04,-1.400000e-04,0.5100,0.0100,-0.0140,4.85013,0.00772,-0.00772,3.6435e+05,6.270e+02,-6.270e+02,52.52,1.184e+01,-5.040e+00,1230.0,,,541.27,362.91,-144.87,675.70,1,q1_q17_dr25_tce,5810.00,157.00,-157.00,4.560,0.050,-0.150,0.7810,0.1760,-0.0750,283.434080,44.989731,13.798
8738115,K07083.01,,FALSE POSITIVE,FALSE POSITIVE,0.0000,0,1,0,0,37.594066670,1.6700000e-05,-1.6700000e-05,168.5788150,3.740000e-04,-3.740000e-04,1.1970,0.0640,-0.0470,8.99430,0.01890,-0.01890,2.8618e+04,7.550e+01,-7.550e+01,43.08,1.086e+01,-6.670e+00,554.0,,,22.20,16.47,-8.15,485.80,1,q1_q17_dr25_tce,5941.00,159.00,-177.00,4.426,0.124,-0.171,0.9170,0.2310,-0.1420,284.448270,44.963360,15.632
8739209,K07084.01,,FALSE POSITIVE,FALSE POSITIVE,0.0000,1,0,0,0,3.697295900,1.7480000e-04,-1.7480000e-04,131.7530000,3.430000e-02,-3.430000e-02,0.9950,0.0280,-0.7050,21.33500,0.00000,0.00000,1.9700e+01,6.000e-01,-6.000e-01,1.07,3.200e-01,-3.200e-01,1571.0,,,1438.97,1266.31,-831.78,23.60,1,q1_q17_dr25_tce,6313.00,177.00,-243.00,4.120,0.240,-0.180,1.5940,0.4740,-0.4740,285.042360,44.910477,11.956
8746310,K07085.01,,FALSE POSITIVE,FALSE POSITIVE,0.0000,0,1,0,0,6.855624762,4.4700000e-07,-4.4700000e-07,136.0224296,5.300000e-05,-5.300000e-05,0.8770,0.0960,-0.0130,3.02199,0.00250,-0.00250,7.0873e+04,5.320e+01,-5.320e+01,33.93,9.690e+00,-3.460e+00,987.0,,,224.32,192.96,-64.16,1397.70,1,q1_q17_dr25_tce,6109.00,183.00,-183.00,4.476,0.067,-0.202,0.9310,0.2660,-0.0950,288.885990,44.959969,14.767
9640921,K07210.01,,FALSE POSITIVE,FALSE POSITIVE,0.0000,0,1,0,0,80.706064100,6.1500000e-05,-6.1500000e-05,139.4368350,6.280000e-04,-6.280000e-04,0.9560,0.0450,-0.0280,6.88990,0.05120,-0.05120,1.1852e+04,6.200e+01,-6.200e+01,15.47,4.750e+00,-1.580e+00,428.0,,,7.96,7.14,-2.34,268.10,1,q1_q17_dr25_tce,6053.00,162.00,-198.00,4.494,0.052,-0.208,0.9490,0.2910,-0.0970,287.963750,46.306911,15.395
9640921,K07210.02,,FALSE POSITIVE,FALSE POSITIVE,0.0000,0,0,1,1,2.178145130,1.3210000e-05,-1.3210000e-05,132.0297900,5.840000e-03,-5.840000e-03,0.7800,0.1750,-0.5370,2.32100,0.17800,-0.17800,1.3600e+02,1.190e+01,-1.190e+01,1.22,3.700e-01,-1.300e-01,1428.0,,,981.63,881.06,-288.97,13.80,3,q1_q17_dr25_tce,6053.00,162.00,-198.00,4.494,0.052,-0.208,0.9490,0.2910,-0.0970,287.963750,46.306911,15.395
9641031,K07211.01,,FALSE POSITIVE,FALSE POSITIVE,0.0000,0,1,0,0,1.089077111,3.9200000e-07,-3.9200000e-07,132.0242450,2.890000e-04,-2.890000e-04,0.6300,0.0540,-0.0380,3.88340,0.01930,-0.01930,3.0407e+05,1.705e+03,-1.705e+03,77.59,2.177e+01,-1.584e+01,2045.0,,,4147.85,3417.50,-1820.43,476.60,1,q1_q17_dr25_tce,6126.00,165.00,-183.00,4.285,0.180,-0.180,1.1760,0.3300,-0.2400,288.020320,46.324139,9.177
9641103,K07212.01,,FALSE POSITIVE,FALSE POSITIVE,0.0000,0,0,0,1,1.089057762,8.6190000e-06,-8.6190000e-06,132.0385900,8.350000e-03,-8.350000e-03,0.1850,0.2910,-0.1840,1.63700,0.25000,-0.25000,3.7400e+01,5.200e+00,-5.200e+00,0.44,5.000e-02,-4.000e-02,1404.0,,,917.78,354.84,-236.14,9.20,1,q1_q17_dr25_tce,5096.00,153.00,-138.00,4.582,0.050,-0.061,0.7370,0.0810,-0.0660,288.067110,46.379551,14.122
9644411,K07213.01,,FALSE POSITIVE,FALSE POSITIVE,0.0160,0,0,1,0,0.379412331,3.0030000e-06,-3.0030000e-06,131.6115900,8.550000e-03,-8.550000e-03,0.2430,0.2160,-0.2430,1.56100,0.10800,-0.10800,5.9400e+02,3.840e+01,-3.840e+01,1.59,9.000e-02,-1.400e-01,1643.0,,,1724.34,504.35,-483.07,20.20,1,q1_q17_dr25_tce,4331.00,151.00,-166.00,4.620,0.042,-0.025,0.6660,0.0410,-0.0550,289.879150,46.322498,14.785
9644683,K07214.01,,FALSE POSITIVE,FALSE POSITIVE,0.0000,1,0,1,1,0.585940879,4.3500000e-07,-4.3500000e-07,131.7057420,6.600000e-04,-6.600000e-04,1.2540,0.1330,-0.0910,4.69790,0.06630,-0.06630,1.9436e+03,1.360e+01,-1.360e+01,26.57,5.430e+00,-2.340e+00,1873.0,,,2897.54,1926.34,-806.74,189.90,1,q1_q17_dr25_tce,5459.00,191.00,-191.00,4.583,0.032,-0.128,0.7970,0.1630,-0.0700,289.994080,46.304871,15.912
9651602,K07215.01,,CANDIDATE,CANDIDATE,0.9710,0,0,0,0,3.907350460,6.1300000e-05,-6.1300000e-05,133.7385000,1.300000e-02,-1.300000e-02,0.0880,0.3750,-0.0880,2.89600,0.40800,-0.40800,1.0930e+02,1.410e+01,-1.410e+01,0.83,1.600e-01,-6.000e-02,1007.0,,,243.14,138.15,-60.96,10.00,1,q1_q17_dr25_tce,5497.00,147.00,-164.00,4.577,0.032,-0.136,0.8090,0.1520,-0.0650,292.829650,46.365768,15.283
9652166,K07216.01,,FALSE POSITIVE,FALSE POSITIVE,0.0000,1,0,0,0,0.646523404,9.8830000e-06,-9.8830000e-06,131.6881000,1.080000e-02,-1.080000e-02,0.4940,0.0600,-0.4350,3.91700,0.71500,-0.71500,2.5200e+01,2.700e+00,-2.700e+00,0.85,2.800e-01,-1.500e-01,3163.0,,,23676.16,23849.25,-10301.81,14.20,1,q1_q17_dr25_tce,7257.00,230.00,-316.00,4.185,0.108,-0.201,1.6310,0.5400,-0.2910,293.055690,46.342331,12.884
10556578,K07343.01,,FALSE POSITIVE,FALSE POSITIVE,0.0000,0,1,0,0,0.626431697,2.2400000e-07,-2.2400000e-07,131.8992960,2.840000e-04,-2.840000e-04,1.1450,2.5120,-0.2250,2.01710,0.02090,-0.02090,3.7224e+04,2.660e+02,-2.660e+02,34.05,3.630e+00,-3.640e+00,1709.0,,,2003.98,792.55,-571.42,174.00,2,q1_q17_dr25_tce,5134.00,170.00,-139.00,4.560,0.084,-0.056,0.7210,0.0770,-0.0770,299.095280,47.706791,15.594
10583181,K07344.01,,FALSE POSITIVE,FALSE POSITIVE,0.0000,0,1,0,0,2.696354974,1.5100000e-07,-1.5100000e-07,132.9926416,4.660000e-05,-4.660000e-05,0.3240,0.0070,-0.0030,5.39585,0.00199,-0.00199,2.4599e+05,1.130e+02,-1.130e+02,80.71,2.188e+01,-2.428e+01,1815.0,,,2560.78,1962.53,-1441.09,2717.00,1,q1_q17_dr25_tce,6472.00,146.00,-178.00,4.080,0.293,-0.158,1.5790,0.4280,-0.4750,283.766510,47.818989,11.009
10586619,K07345.01,,CANDIDATE,CANDIDATE,0.9020,0,0,0,0,377.501257000,8.7700000e-03,-8.7700000e-03,278.8375000,1.640000e-02,-1.640000e-02,0.0330,0.4260,-0.0330,11.98000,0.59500,-0.59500,5.4140e+02,4.600e+01,-4.600e+01,2.16,3.200e-01,-1.000e-01,242.0,,,0.81,0.31,-0.11,13.90,1,q1_q17_dr25_tce,5751.00,78.00,-78.00,4.508,0.021,-0.119,0.9400,0.1380,-0.0430,285.640900,47.811050,15.044
10592163,K07346.01,,FALSE POSITIVE,FALSE POSITIVE,0.0000,0,1,0,0,14.762889172,1.6100000e-06,-1.6100000e-06,133.7747853,8.930000e-05,-8.930000e-05,1.0460,0.0110,-0.0160,6.52705,0.00443,-0.00443,7.9330e+04,4.840e+01,-4.840e+01,53.72,1.511e+01,-1.006e+01,759.0,,,78.43,64.64,-31.94,1779.10,1,q1_q17_dr25_tce,5691.00,152.00,-152.00,4.354,0.162,-0.180,1.0310,0.2900,-0.1930,288.553620,47.867298,15.095
10597164,K07347.01,,FALSE POSITIVE,FALSE POSITIVE,,0,0,1,1,4.563853700,1.3260000e-04,-1.3260000e-04,133.2096000,2.790000e-02,-2.790000e-02,0.9866,0.0020,-0.6946,13.05000,1.30000,-1.30000,7.1900e+01,5.200e+00,-5.200e+00,2.97,1.410e+00,-1.560e+00,1533.0,,,1305.08,1967.04,-1049.27,16.80,1,q1_q17_dr24_tce,5446.00,196.00,-183.00,3.793,0.510,-0.510,2.3900,1.1360,-1.2570,290.678770,47.845261,13.984
10601538,K07348.01,,FALSE POSITIVE,FALSE POSITIVE,0.0000,0,0,1,1,1.463775066,5.3000000e-06,-5.3000000e-06,132.8063600,3.380000e-03,-3.380000e-03,0.7190,0.2300,-0.5130,0.95300,0.13500,-0.13500,4.5100e+01,4.900e+00,-4.900e+00,1.20,2.400e-01,-3.000e-01,2308.0,,,6722.29,4102.75,-3440.04,12.70,1,q1_q17_dr25_tce,6781.00,182.00,-243.00,4.125,0.180,-0.135,1.6510,0.3360,-0.4100,292.476040,47.839420,13.169
10601579,K07349.01,,FALSE POSITIVE,FALSE POSITIVE,0.0000,0,1,0,0,8.098754149,2.5800000e-07,-2.5800000e-07,134.7753240,2.630000e-05,-2.630000e-05,1.4670,0.0060,-0.1310,5.62354,0.00178,-0.00178,5.6616e+04,9.400e+00,-9.400e+00,123.02,3.572e+01,-3.207e+01,1176.0,,,452.03,390.47,-241.75,5402.00,1,q1_q17_dr25_tce,6328.00,181.00,-250.00,4.160,0.214,-0.175,1.4500,0.4210,-0.3780,292.491850,47.835350,11.587
10613718,K07350.01,,FALSE POSITIVE,FALSE POSITIVE,0.0000,1,0,0,0,0.587938916,4.7000000e-08,-4.7000000e-08,132.0579290,6.290000e-05,-6.290000e-05,1.2570,0.1430,-0.0850,1.40211,0.00817,-0.00817,7.3395e+03,5.300e+00,-5.300e+00,29.98,3.600e+00,-3.250e+00,1800.0,,,2476.75,1018.83,-708.94,563.00,1,q1_q17_dr25_tce,5237.00,156.00,-140.00,4.543,0.088,-0.072,0.7400,0.0890,-0.0800,296.825810,47.877399,12.735
8557246,K07895.01,,FALSE POSITIVE,FALSE POSITIVE,0.0410,1,0,0,0,246.871310000,1.9330000e-02,-1.9330000e-02,220.3739000,8.380000e-02,-8.380000e-02,0.3270,0.1380,-0.3270,10.69000,2.40000,-2.40000,4.3360e+02,7.280e+01,-7.280e+01,2.02,6.800e-01,-2.200e-01,302.0,,,1.97,2.05,-0.67,6.90,2,q1_q17_dr25_tce,6168.00,219.00,-263.00,4.488,0.054,-0.216,0.9600,0.3200,-0.1070,290.778200,44.618660,15.884
11709022,K07474.01,,FALSE POSITIVE,FALSE POSITIVE,0.0000,1,0,0,0,0.719572890,,,131.9803800,,,,,,1.79000,,,,,,,,,,,,145.63,128.69,-61.53,,1,q1_q17_dr25_tce,,,,,,,,,,289.737610,49.858589,12.902
11724091,K07475.01,,FALSE POSITIVE,FALSE POSITIVE,0.0000,0,1,0,0,1.559090282,1.6400000e-07,-1.6400000e-07,131.7719964,8.650000e-05,-8.650000e-05,0.3750,0.0080,-0.0010,4.95211,0.00612,-0.00612,2.2698e+05,2.260e+02,-2.260e+02,129.87,2.687e+01,-4.994e+01,2905.0,,,16893.61,10976.10,-11623.88,1315.50,1,q1_q17_dr25_tce,7279.00,230.00,-345.00,3.856,0.330,-0.132,2.6240,0.5430,-1.0090,296.977050,49.841808,13.575
11757422,K07476.01,,FALSE POSITIVE,FALSE POSITIVE,0.0010,0,1,1,0,1.819935570,1.8520000e-05,-1.8520000e-05,132.5271400,9.240000e-03,-9.240000e-03,0.7680,0.1910,-0.5350,2.43000,0.56600,-0.56600,1.0910e+02,1.770e+01,-1.770e+01,0.66,6.000e-02,-7.000e-02,907.0,,,159.62,52.24,-47.87,10.10,1,q1_q17_dr25_tce,4205.00,125.00,-138.00,4.668,0.059,-0.027,0.5780,0.0500,-0.0610,288.592800,49.968361,15.435
11763910,K07477.01,,FALSE POSITIVE,FALSE POSITIVE,0.0000,1,0,1,0,0.612888148,4.5630000e-06,-4.5630000e-06,131.9637200,6.930000e-03,-6.930000e-03,0.5340,0.0070,-0.5050,2.82200,0.23800,-0.23800,4.3100e+01,3.400e+00,-3.400e+00,0.93,3.100e-01,-1.500e-01,2796.0,,,14401.76,13652.09,-5836.12,15.90,1,q1_q17_dr25_tce,6720.00,161.00,-261.00,4.276,0.087,-0.203,1.3680,0.4530,-0.2260,292.292390,49.955441,13.725
11768970,K07478.01,,FALSE POSITIVE,FALSE POSITIVE,0.0000,0,1,0,0,15.541358818,1.5010000e-06,-1.5010000e-06,141.9557755,7.720000e-05,-7.720000e-05,1.2500,0.0680,-0.0520,2.44433,0.00267,-0.00267,1.0308e+04,7.400e+00,-7.400e+00,149.19,2.757e+01,-3.030e+01,1174.0,,,448.22,211.09,-180.20,773.40,1,q1_q17_dr25_tce,5092.00,60.00,-76.00,3.420,0.143,-0.117,3.5400,0.6540,-0.7190,294.740910,49.928791,12.658
11773625,K07479.01,,CANDIDATE,CANDIDATE,0.8750,0,0,0,0,7.196916800,1.4830000e-04,-1.4830000e-04,133.4145000,1.270000e-02,-1.270000e-02,0.5020,0.4630,-0.3010,4.52500,0.42900,-0.42900,4.7100e+01,5.600e+00,-5.600e+00,1.10,1.800e-01,-2.700e-01,1132.0,,,388.54,170.24,-178.56,10.40,1,q1_q17_dr25_tce,5530.00,82.00,-66.00,4.045,0.217,-0.093,1.5750,0.2590,-0.3890,296.739170,49.978352,13.440
11775530,K07480.01,,FALSE POSITIVE,FALSE POSITIVE,,1,0,1,0,12.817701200,2.3110000e-04,-2.3110000e-04,143.6091000,1.670000e-02,-1.670000e-02,0.0006,0.4701,-0.0006,3.46500,0.42500,-0.42500,7.5600e+01,1.090e+01,-1.090e+01,1.21,5.500e-01,-3.000e-01,999.0,,,235.16,314.23,-118.57,8.00,1,q1_q17_dr24_tce,6290.00,170.00,-202.00,4.151,0.234,-0.234,1.3850,0.6220,-0.3440,297.528720,49.990059,13.505
11811454,K07481.01,,FALSE POSITIVE,FALSE POSITIVE,0.0000,0,1,0,0,2.274628199,1.4300000e-07,-1.4300000e-07,132.0170362,5.210000e-05,-5.210000e-05,0.9860,0.0170,-0.0150,4.52648,0.00225,-0.00225,1.0397e+05,3.310e+01,-3.310e+01,104.26,2.468e+01,-4.584e+01,2092.0,,,4536.51,3222.97,-3303.99,2047.90,1,q1_q17_dr25_tce,6389.00,181.00,-227.00,3.914,0.435,-0.145,1.9470,0.4610,-0.8560,290.397250,50.065090,11.152
8560280,K07896.01,,FALSE POSITIVE,FALSE POSITIVE,0.0000,0,0,1,1,85.338393000,1.5470000e-03,-1.5470000e-03,215.5640000,1.100000e-02,-1.100000e-02,0.0040,0.7140,-0.0040,8.50000,1.20000,-1.20000,6.3300e+02,3.950e+01,-3.950e+01,11.40,1.310e+00,-8.000e-01,741.0,,,71.36,21.94,-12.60,27.90,1,q1_q17_dr25_tce,4850.00,63.00,-58.00,3.134,0.030,-0.030,4.6960,0.5370,-0.3310,291.900420,44.686241,12.881
2860594,K06296.01,,FALSE POSITIVE,FALSE POSITIVE,0.0000,0,1,0,0,5.499941793,2.2040000e-06,-2.2040000e-06,132.8167640,3.340000e-04,-3.340000e-04,0.5310,0.0070,-0.0050,11.30960,0.02800,-0.02800,4.7751e+04,7.170e+01,-7.170e+01,59.94,9.920e+00,-1.486e+01,1878.0,,,2942.15,1224.38,-1355.56,814.10,1,q1_q17_dr25_tce,7079.00,74.00,-84.00,3.827,0.196,-0.098,2.6340,0.4360,-0.6530,293.164950,38.069130,13.370
2860788,K06297.01,,FALSE POSITIVE,FALSE POSITIVE,0.0000,0,1,0,0,2.629870555,4.8600000e-07,-4.8600000e-07,132.0677170,1.560000e-04,-1.560000e-04,0.7050,0.0060,-0.0030,6.60600,0.01000,-0.01000,1.0131e+05,1.660e+02,-1.660e+02,34.05,9.190e+00,-6.130e+00,1291.0,,,659.45,522.55,-261.58,1026.00,1,q1_q17_dr25_tce,5566.00,149.00,-149.00,4.382,0.175,-0.193,0.9670,0.2610,-0.1740,293.207340,38.009029,14.043
2969638,K06298.01,,FALSE POSITIVE,FALSE POSITIVE,0.0000,1,0,0,0,1.973621590,,,131.9016800,,,,,,3.29000,,,,,,,,,,,,1767.45,2046.45,-777.12,,1,q1_q17_dr25_tce,,,,,,,,,,285.729710,38.164829,13.954
2970670,K06299.01,,CANDIDATE,CANDIDATE,0.8940,0,0,0,0,0.947554749,4.0340000e-06,-4.0340000e-06,131.8795500,3.590000e-03,-3.590000e-03,0.0580,0.3990,-0.0580,1.09700,0.11000,-0.11000,6.5400e+01,6.700e+00,-6.700e+00,0.67,8.000e-02,-2.000e-02,1633.0,,,1680.03,543.90,-197.91,12.40,1,q1_q17_dr25_tce,5508.00,74.00,-82.00,4.569,0.011,-0.105,0.8400,0.1010,-0.0270,286.071140,38.167610,13.853
2973509,K06300.01,,FALSE POSITIVE,FALSE POSITIVE,0.0000,1,0,0,0,6.627611990,2.6900000e-07,-2.6900000e-07,132.5466377,3.320000e-05,-3.320000e-05,0.7530,0.0080,-0.0150,6.15281,0.00132,-0.00132,2.2714e+05,2.920e+01,-2.920e+01,82.03,2.517e+01,-1.680e+01,1204.0,,,496.41,439.42,-218.43,4355.50,1,q1_q17_dr25_tce,6316.00,158.00,-189.00,4.231,0.180,-0.180,1.3330,0.4090,-0.2730,287.025700,38.171021,13.558
2994092,K06301.01,,CANDIDATE,CANDIDATE,0.7890,0,0,0,0,50.271927000,1.1280000e-03,-1.1280000e-03,160.4660000,1.770000e-02,-1.770000e-02,0.2050,0.2460,-0.2050,6.07300,0.51400,-0.51400,5.7450e+02,6.770e+01,-6.770e+01,2.94,8.800e-01,-3.800e-01,589.0,,,28.51,24.34,-10.19,9.30,1,q1_q17_dr25_tce,6520.00,158.00,-270.00,4.375,0.062,-0.188,1.2150,0.3620,-0.1550,292.400630,38.134579,15.923
2998124,K06302.01,,FALSE POSITIVE,FALSE POSITIVE,0.0000,0,1,0,0,28.597880332,2.0030000e-06,-2.0030000e-06,152.9842901,5.870000e-05,-5.870000e-05,0.3560,0.0080,-0.0050,7.71925,0.00282,-0.00282,8.5952e+04,4.050e+01,-4.050e+01,74.25,1.398e+01,-2.596e+01,1014.0,,,250.21,143.12,-156.59,2526.20,1,q1_q17_dr25_tce,6590.00,179.00,-199.00,3.787,0.312,-0.078,2.4740,0.4660,-0.8650,293.266360,38.126080,13.119
3098194,K06303.01,,FALSE POSITIVE,FALSE POSITIVE,0.0000,0,1,0,0,30.476518853,6.8910000e-06,-6.8910000e-06,136.9728820,1.870000e-04,-1.870000e-04,0.6000,0.0060,-0.0090,10.22640,0.00993,-0.00993,3.2663e+05,2.870e+02,-2.870e+02,71.42,2.136e+01,-1.425e+01,592.0,,,28.96,26.07,-12.32,1347.90,1,q1_q17_dr25_tce,5527.00,166.00,-149.00,4.315,0.205,-0.205,1.0730,0.3210,-0.2140,286.003080,38.285721,13.901
4578594,K06429.01,,FALSE POSITIVE,FALSE POSITIVE,0.0000,0,1,0,0,252.163862300,2.3600000e-04,-2.3600000e-04,191.4707780,8.480000e-04,-8.480000e-04,1.1490,0.0980,-0.1790,23.92000,0.05640,-0.05640,1.0379e+05,1.520e+02,-1.520e+02,50.74,8.990e+00,-4.150e+00,242.0,,,0.81,0.47,-0.22,864.50,1,q1_q17_dr25_tce,5432.00,187.00,-187.00,4.608,0.037,-0.112,0.7450,0.1320,-0.0610,295.923610,39.609070,15.793
4587448,K06430.01,,FALSE POSITIVE,FALSE POSITIVE,0.0000,1,0,0,0,2.234160130,,,131.7973000,,,,,,2.12000,,,,,,,,,,,,2156.64,4706.59,-836.53,,1,q1_q17_dr25_tce,,,,,,,,,,297.657440,39.655231,13.411
4633434,K06431.01,,FALSE POSITIVE,FALSE POSITIVE,0.0000,0,1,0,0,22.271198511,1.3200000e-06,-1.3200000e-06,134.7601462,4.950000e-05,-4.950000e-05,0.7750,0.0040,-0.0330,4.58598,0.00187,-0.00187,1.7904e+05,6.170e+01,-6.170e+01,39.79,4.310e+00,-4.300e+00,515.0,,,16.62,6.33,-4.77,2141.30,1,q1_q17_dr25_tce,5068.00,151.00,-136.00,4.556,0.077,-0.056,0.7300,0.0790,-0.0790,283.986020,39.784538,15.362
4661634,K06432.01,,FALSE POSITIVE,FALSE POSITIVE,0.0000,0,1,0,0,73.894163515,5.0030000e-06,-5.0030000e-06,159.9005068,5.230000e-05,-5.230000e-05,0.2700,0.0040,-0.0050,9.48995,0.00353,-0.00353,2.1390e+05,7.010e+01,-7.010e+01,39.18,7.170e+00,-5.360e+00,392.0,,,5.61,3.32,-1.91,3902.30,1,q1_q17_dr25_tce,5442.00,178.00,-162.00,4.469,0.113,-0.137,0.8410,0.1540,-0.1150,293.681700,39.758839,15.329
4665989,K06433.01,,FALSE POSITIVE,FALSE POSITIVE,0.0000,0,1,0,0,1.124033822,2.1600000e-07,-2.1600000e-07,131.6287800,1.580000e-04,-1.580000e-04,0.7190,0.0480,-0.0380,5.57280,0.01140,-0.01140,2.4756e+05,3.800e+02,-3.800e+02,98.04,3.287e+01,-1.518e+01,2547.0,,,9953.28,9865.54,-3965.08,792.90,1,q1_q17_dr25_tce,7141.00,200.00,-300.00,4.208,0.105,-0.210,1.5630,0.5240,-0.2420,294.763980,39.752838,13.016
4671584,K06434.01,,FALSE POSITIVE,FALSE POSITIVE,0.0000,0,1,1,0,2.796661168,1.1360000e-06,-1.1360000e-06,134.0323310,3.350000e-04,-3.350000e-04,1.2760,0.2320,-0.1450,3.37810,0.01740,-0.01740,2.3638e+03,1.100e+01,-1.100e+01,47.68,1.226e+01,-1.500e+01,1661.0,,,1797.72,1404.17,-1060.02,251.40,1,q1_q17_dr25_tce,6331.00,192.00,-211.00,4.146,0.306,-0.165,1.3260,0.3410,-0.4170,295.998110,39.742748,13.742
4678171,K06435.01,,FALSE POSITIVE,FALSE POSITIVE,0.0000,0,1,0,0,15.288709179,1.2200000e-06,-1.2200000e-06,132.8060911,6.320000e-05,-6.320000e-05,0.3720,0.0070,-0.0040,5.00366,0.00325,-0.00325,5.1247e+05,2.400e+02,-2.400e+02,54.56,2.200e+00,-4.780e+00,509.0,,,15.84,3.42,-4.29,1758.70,1,q1_q17_dr25_tce,4464.00,132.00,-145.00,4.577,0.059,-0.017,0.7190,0.0290,-0.0630,297.284000,39.707680,15.993
4681152,K06436.01,,FALSE POSITIVE,FALSE POSITIVE,0.0010,0,1,0,0,1.835922420,2.3700000e-07,-2.3700000e-07,132.0778130,1.060000e-04,-1.060000e-04,1.1890,0.0240,-0.0190,5.99420,0.00542,-0.00542,3.0746e+04,2.450e+01,-2.450e+01,46.30,1.446e+01,-5.170e+00,1501.0,,,1195.13,1131.33,-375.84,1378.90,1,q1_q17_dr25_tce,5930.00,184.00,-205.00,4.472,0.067,-0.216,0.9760,0.3050,-0.1090,297.851900,39.783886,13.134
4725292,K06437.01,,FALSE POSITIVE,FALSE POSITIVE,0.0000,1,0,0,0,1.154950630,,,132.3452800,,,,,,2.31000,,,,,,,,,,,,340.77,100.35,-101.48,,2,q1_q17_dr25_tce,,,,,,,,,,283.705510,39.870491,14.785
8297017,K07879.01,,CANDIDATE,CANDIDATE,0.2060,0,0,0,0,128.208643000,1.9800000e-03,-1.9800000e-03,230.1943000,1.080000e-02,-1.080000e-02,0.8110,0.1630,-0.5660,2.74500,0.50900,-0.50900,2.1220e+02,3.070e+01,-3.070e+01,6.15,6.500e-01,-2.440e+00,792.0,,,93.05,35.71,-64.05,8.90,2,q1_q17_dr25_tce,7128.00,224.00,-274.00,3.520,0.352,-0.088,3.8110,0.4030,-1.5100,290.800570,44.270512,11.036
5282656,K06551.01,,FALSE POSITIVE,FALSE POSITIVE,0.1930,0,0,1,0,1.516372183,9.6220000e-06,-9.6220000e-06,131.8338700,5.130000e-03,-5.130000e-03,0.5960,0.3820,-0.3890,1.23900,0.18500,-0.18500,9.3800e+01,1.410e+01,-1.410e+01,1.06,3.500e-01,-1.200e-01,1686.0,,,1911.54,1839.71,-614.10,8.80,1,q1_q17_dr25_tce,6142.00,171.00,-236.00,4.456,0.056,-0.224,1.0460,0.3410,-0.1140,293.988370,40.458981,15.160
5284133,K06552.01,,FALSE POSITIVE,FALSE POSITIVE,0.0000,0,1,0,0,8.784575777,2.2900000e-07,-2.2900000e-07,134.6752148,2.110000e-05,-2.110000e-05,0.5000,0.0660,-0.0530,5.30220,0.00190,-0.00190,2.6298e+05,0.000e+00,0.000e+00,104.57,2.481e+01,-2.032e+01,1555.0,,,1380.83,977.32,-635.93,4761.50,1,q1_q17_dr25_tce,8144.00,226.00,-368.00,4.139,0.108,-0.162,1.9140,0.4540,-0.3720,294.382230,40.452190,12.444
5285607,K06553.01,,FALSE POSITIVE,FALSE POSITIVE,0.0000,0,1,0,0,1.949700508,1.0500000e-07,-1.0500000e-07,132.4267375,4.420000e-05,-4.420000e-05,1.1530,0.0470,-0.0290,4.35014,0.00170,-0.00170,3.8119e+04,1.000e+01,-1.000e+01,56.11,2.027e+01,-6.770e+00,1716.0,,,2048.37,2099.34,-645.35,2271.00,1,q1_q17_dr25_tce,6469.00,145.00,-193.00,4.385,0.056,-0.238,1.1930,0.4310,-0.1440,294.772190,40.459629,11.419
5286786,K06554.01,,FALSE POSITIVE,FALSE POSITIVE,0.0000,0,1,0,0,9.948701373,9.3400000e-06,-9.3400000e-06,138.5541200,7.530000e-04,-7.530000e-04,1.2770,6.9310,-0.0250,3.29220,0.03910,-0.03910,2.7495e+03,3.130e+01,-3.130e+01,29.19,3.570e+00,-3.560e+00,704.0,,,57.93,24.08,-18.36,103.10,1,q1_q17_dr25_tce,5152.00,153.00,-153.00,4.517,0.090,-0.090,0.7860,0.0960,-0.0960,295.080170,40.477100,15.456
5288543,K06555.01,,FALSE POSITIVE,FALSE POSITIVE,0.0000,0,1,0,0,3.457078812,8.0000000e-08,-8.0000000e-08,131.8058069,1.930000e-05,-1.930000e-05,0.3170,0.0060,-0.0010,5.24058,0.00250,-0.00250,3.1552e+05,3.990e+01,-3.990e+01,86.12,2.569e+01,-2.103e+01,1603.0,,,1560.40,1373.70,-798.11,6009.00,1,q1_q17_dr25_tce,6526.00,181.00,-250.00,4.182,0.180,-0.180,1.4820,0.4420,-0.3620,295.494110,40.406204,13.585
5294739,K06556.01,,FALSE POSITIVE,FALSE POSITIVE,0.0000,0,1,0,0,3.735993484,1.0560000e-06,-1.0560000e-06,135.0624930,2.350000e-04,-2.350000e-04,0.9930,0.0170,-0.0190,17.48770,0.03220,-0.03220,6.1799e+05,5.180e+02,-5.180e+02,571.07,1.628e+02,-4.069e+02,2063.0,,,4283.18,4276.57,-3999.94,1587.70,1,q1_q17_dr25_tce,5467.00,267.00,-297.00,3.432,0.808,-0.202,4.0550,1.1560,-2.8890,296.837190,40.473099,13.930
5295206,K06557.01,,CANDIDATE,CANDIDATE,0.9890,0,0,0,0,6.634480230,9.8140000e-05,-9.8140000e-05,137.0694000,1.020000e-02,-1.020000e-02,0.1160,0.3390,-0.1160,3.60300,0.28400,-0.28400,7.1200e+01,8.000e+00,-8.000e+00,1.04,3.300e-01,-1.600e-01,1177.0,,,453.27,406.47,-171.57,10.30,1,q1_q17_dr25_tce,6463.00,155.00,-214.00,4.313,0.105,-0.195,1.2250,0.3840,-0.1920,296.927730,40.429661,13.805
5298620,K06558.01,,FALSE POSITIVE,FALSE POSITIVE,0.0000,1,0,1,1,12.423967700,8.5460000e-04,-8.5460000e-04,141.6760000,6.390000e-02,-6.390000e-02,0.0070,0.4470,-0.0070,16.01000,1.70000,-1.70000,1.6240e+02,1.340e+01,-1.340e+01,0.87,8.000e-02,-9.000e-02,606.0,,,31.93,11.05,-9.22,12.80,1,q1_q17_dr25_tce,4995.00,151.00,-151.00,4.580,0.072,-0.039,0.6980,0.0650,-0.0720,297.639400,40.490452,15.706
5300878,K06559.01,,FALSE POSITIVE,FALSE POSITIVE,0.0000,0,1,0,0,0.639721284,4.6000000e-08,-4.6000000e-08,131.8546732,5.820000e-05,-5.820000e-05,0.4040,0.0150,-0.0060,2.69771,0.00203,-0.00203,4.6592e+05,4.040e+02,-4.040e+02,46.59,4.470e+00,-4.030e+00,1505.0,,,1220.53,429.85,-318.79,1012.90,1,q1_q17_dr25_tce,4794.00,144.00,-144.00,4.633,0.060,-0.035,0.6250,0.0600,-0.0540,298.081880,40.478142,14.767
6292732,K06686.01,,FALSE POSITIVE,FALSE POSITIVE,0.0000,0,0,0,1,1.253388260,1.9160000e-05,-1.9160000e-05,132.6307000,1.540000e-02,-1.540000e-02,0.4690,0.4750,-0.2520,3.82800,0.56700,-0.56700,4.4700e+01,3.700e+00,-3.700e+00,0.64,8.000e-02,-2.000e-02,1651.0,,,1750.61,586.89,-221.78,14.80,1,q1_q17_dr25_tce,5869.00,70.00,-87.00,4.513,0.018,-0.096,0.9420,0.1210,-0.0350,294.185240,41.632351,13.907
6307000,K06687.01,,CANDIDATE,CANDIDATE,0.9730,0,0,0,0,1.002591901,4.9850000e-06,-4.9850000e-06,131.6584900,3.740000e-03,-3.740000e-03,0.3120,0.1470,-0.3120,1.24700,0.15600,-0.15600,1.4320e+02,1.680e+01,-1.680e+01,0.87,8.000e-02,-8.000e-02,1391.0,,,884.21,298.22,-248.45,11.10,1,q1_q17_dr25_tce,4893.00,161.00,-161.00,4.574,0.050,-0.045,0.7390,0.0620,-0.0690,297.613070,41.672829,15.790
6311637,K06688.01,,FALSE POSITIVE,FALSE POSITIVE,0.0000,0,1,0,0,1.620813697,4.2200000e-07,-4.2200000e-07,132.7273670,2.140000e-04,-2.140000e-04,0.6360,0.0040,-0.0040,5.99680,0.01980,-0.01980,1.2132e+05,3.060e+02,-3.060e+02,43.95,1.348e+01,-1.348e+01,1733.0,,,2127.67,1912.66,-1210.78,680.40,1,q1_q17_dr25_tce,5757.00,155.00,-155.00,4.209,0.306,-0.204,1.1770,0.3610,-0.3610,298.703340,41.633961,13.242
6345758,K06689.01,,CANDIDATE,CANDIDATE,0.9960,0,0,0,0,3.371166820,5.6460000e-05,-5.6460000e-05,132.0176000,1.420000e-02,-1.420000e-02,0.3180,0.1550,-0.3180,4.70800,0.38400,-0.38400,7.1400e+01,9.100e+00,-9.100e+00,0.98,2.600e-01,-2.100e-01,1291.0,,,656.30,511.24,-294.93,9.80,1,q1_q17_dr25_tce,5653.00,154.00,-154.00,4.288,0.204,-0.185,1.1630,0.3070,-0.2510,284.576420,41.705971,15.030
6364126,K06690.01,,FALSE POSITIVE,FALSE POSITIVE,0.0000,0,1,1,1,5.243466400,3.5170000e-04,-3.5170000e-04,132.7707000,6.700000e-02,-6.700000e-02,1.0160,1.3670,-0.2490,18.47000,2.00000,-2.00000,1.1940e+02,1.060e+01,-1.060e+01,2.83,3.200e-01,-2.300e-01,831.0,,,113.05,47.73,-30.44,10.70,1,q1_q17_dr25_tce,5047.00,176.00,-176.00,4.574,0.039,-0.066,0.7660,0.0870,-0.0630,291.847230,41.725220,14.901
6364195,K06691.01,,FALSE POSITIVE,FALSE POSITIVE,0.0000,1,0,1,1,5.243954200,1.8540000e-04,-1.8540000e-04,132.6525000,3.780000e-02,-3.780000e-02,0.2230,0.2460,-0.2230,9.82000,1.20000,-1.20000,1.4380e+02,1.240e+01,-1.240e+01,0.81,9.000e-02,-7.000e-02,778.0,,,86.51,32.68,-20.93,14.20,1,q1_q17_dr25_tce,4920.00,146.00,-131.00,4.636,0.032,-0.059,0.6910,0.0740,-0.0560,291.870300,41.768002,15.924
6364200,K06692.01,,FALSE POSITIVE,FALSE POSITIVE,0.0000,0,0,0,1,5.244151700,2.6480000e-04,-2.6480000e-04,132.6668000,4.930000e-02,-4.930000e-02,0.5570,0.0120,-0.4780,9.69000,1.00000,-1.00000,9.0100e+01,9.900e+00,-9.900e+00,0.91,2.400e-01,-9.000e-02,1056.0,,,293.68,234.87,-83.28,10.50,1,q1_q17_dr25_tce,6060.00,181.00,-199.00,4.509,0.046,-0.184,0.9250,0.2450,-0.0880,291.871340,41.788971,15.862
6364247,K06693.01,,FALSE POSITIVE,FALSE POSITIVE,0.0000,0,0,1,1,5.244333200,1.7820000e-04,-1.7820000e-04,132.6164000,2.890000e-02,-2.890000e-02,0.7750,0.1800,-0.5580,11.26800,0.62900,-0.62900,2.9900e+01,2.600e+00,-2.600e+00,0.58,1.800e-01,-6.000e-02,1054.0,,,291.25,262.76,-83.56,13.50,1,q1_q17_dr25_tce,5952.00,160.00,-177.00,4.489,0.052,-0.208,0.9710,0.2990,-0.1000,291.889220,41.777969,13.636
7105574,K06820.01,,FALSE POSITIVE,FALSE POSITIVE,0.0000,0,1,0,0,20.726069913,3.1910000e-06,-3.1910000e-06,143.2013910,1.290000e-04,-1.290000e-04,0.9890,0.0590,-0.0830,6.47393,0.00793,-0.00793,1.1886e+05,1.110e+02,-1.110e+02,51.90,1.514e+01,-5.060e+00,657.0,,,43.93,37.58,-11.86,1216.80,1,q1_q17_dr25_tce,6011.00,162.00,-162.00,4.522,0.036,-0.204,0.9020,0.2630,-0.0880,287.746150,42.648628,14.069
7115200,K06821.01,,FALSE POSITIVE,FALSE POSITIVE,0.0000,1,0,0,1,0.566801447,5.4360000e-06,-5.4360000e-06,131.7997700,8.410000e-03,-8.410000e-03,0.6150,0.3440,-0.3920,2.35200,0.24600,-0.24600,1.6200e+01,1.500e+00,-1.500e+00,0.57,9.000e-02,-1.100e-01,2633.0,,,11321.32,4647.10,-4305.62,13.80,1,q1_q17_dr25_tce,5966.00,80.00,-80.00,4.184,0.176,-0.108,1.3490,0.2110,-0.2580,290.968690,42.619678,12.766
7115332,K06822.01,,FALSE POSITIVE,FALSE POSITIVE,0.0000,1,0,0,1,0.566794934,5.4260000e-06,-5.4260000e-06,131.8456900,7.760000e-03,-7.760000e-03,0.9740,0.0030,-0.6790,4.39900,0.26900,-0.26900,6.8900e+01,4.900e+00,-4.900e+00,1.15,3.500e-01,-1.500e-01,2457.0,,,8648.94,7891.57,-3070.92,21.70,1,q1_q17_dr25_tce,6395.00,176.00,-242.00,4.436,0.065,-0.208,1.0490,0.3250,-0.1390,291.014740,42.653309,14.944
7115463,K06823.01,,FALSE POSITIVE,FALSE POSITIVE,0.0000,1,0,1,1,0.566800287,2.8850000e-06,-2.8850000e-06,131.8159920,6.950000e-04,-6.950000e-04,0.6480,0.2830,-0.4300,3.48700,0.32700,-0.32700,7.3900e+01,4.400e+00,-4.400e+00,0.88,2.700e-01,-9.000e-02,2260.0,,,6188.18,5808.48,-1864.62,23.30,1,q1_q17_dr25_tce,6075.00,189.00,-210.00,4.486,0.052,-0.208,0.9690,0.3000,-0.1000,291.065000,42.636650,15.124
7115597,K06824.01,,FALSE POSITIVE,FALSE POSITIVE,0.0000,1,0,0,1,0.566791946,4.0090000e-06,-4.0090000e-06,131.8145000,7.310000e-03,-7.310000e-03,0.9820,0.0070,-0.6980,2.77000,0.13100,-0.13100,1.2570e+02,1.160e+01,-1.160e+01,1.54,4.300e-01,-1.500e-01,2160.0,,,5129.25,4394.34,-1473.42,14.10,1,q1_q17_dr25_tce,5836.00,182.00,-203.00,4.500,0.037,-0.200,0.9700,0.2730,-0.0910,291.104680,42.645309,15.915
7115878,K06825.01,,FALSE POSITIVE,FALSE POSITIVE,0.0000,1,0,1,1,0.566790294,3.4180000e-06,-3.4180000e-06,131.8348100,5.510000e-03,-5.510000e-03,0.3930,0.1130,-0.3930,3.64100,0.17600,-0.17600,6.4000e+01,4.000e+00,-4.000e+00,0.89,2.600e-01,-1.400e-01,2432.0,,,8244.38,7287.58,-3143.59,22.60,1,q1_q17_dr25_tce,6100.00,181.00,-200.00,4.358,0.128,-0.192,1.0930,0.3220,-0.1740,291.199550,42.686722,14.897
7116043,K06826.01,,FALSE POSITIVE,FALSE POSITIVE,0.0000,0,0,1,1,0.566799725,8.9410000e-06,-8.9410000e-06,131.8211000,1.610000e-02,-1.610000e-02,0.3300,0.1480,-0.3300,4.09700,0.63700,-0.63700,4.6700e+01,7.100e+00,-7.100e+00,0.77,2.200e-01,-1.700e-01,2289.0,,,6460.25,5534.47,-3082.69,12.50,1,q1_q17_dr25_tce,5576.00,183.00,-183.00,4.297,0.195,-0.195,1.1320,0.3140,-0.2570,291.247070,42.626389,14.530
7116226,K06827.01,,FALSE POSITIVE,FALSE POSITIVE,0.0000,1,0,0,1,0.566801325,3.5090000e-06,-3.5090000e-06,131.8249900,4.460000e-03,-4.460000e-03,0.7700,0.1690,-0.5160,4.17600,0.16600,-0.16600,9.2100e+01,5.300e+00,-5.300e+00,1.07,3.300e-01,-1.100e-01,2383.0,,,7585.82,6968.44,-2333.04,26.40,1,q1_q17_dr25_tce,6273.00,169.00,-225.00,4.454,0.054,-0.202,1.0210,0.3200,-0.1070,291.309630,42.616520,15.420
8008128,K06950.01,,FALSE POSITIVE,FALSE POSITIVE,0.0000,0,1,0,0,14.854415674,7.8900000e-07,-7.8900000e-07,136.5597829,4.350000e-05,-4.350000e-05,0.5700,0.0060,0.0000,5.13753,0.00145,-0.00145,7.7410e+04,3.500e+01,-3.500e+01,29.77,1.019e+01,-3.410e+00,798.0,,,95.83,97.17,-29.77,2822.10,1,q1_q17_dr25_tce,6214.00,175.00,-197.00,4.444,0.070,-0.224,1.0220,0.3500,-0.1170,282.425780,43.884331,14.558
8009500,K06951.01,,FALSE POSITIVE,FALSE POSITIVE,0.0000,0,1,0,0,38.476744090,1.4610000e-06,-1.4610000e-06,150.5742128,3.100000e-05,-3.100000e-05,0.4580,0.0050,0.0000,5.10744,0.00112,-0.00112,1.7317e+05,5.780e+01,-5.780e+01,33.80,4.360e+00,-3.940e+00,463.0,,,10.85,4.72,-3.26,3487.80,1,q1_q17_dr25_tce,5294.00,159.00,-143.00,4.507,0.095,-0.085,0.7900,0.1020,-0.0920,283.201170,43.888981,14.579
8013289,K06952.01,,FALSE POSITIVE,FALSE POSITIVE,0.0000,1,0,0,0,10.643110689,,,140.1691798,,,1.1790,,,88.11180,,,3.1630e+02,,,31.72,7.940e+00,-1.092e+01,1038.0,,,274.67,214.51,-171.40,153.70,1,q1_q17_dr25_tce,5930.00,196.00,-196.00,4.084,0.364,-0.156,1.4730,0.3690,-0.5070,285.090760,43.801754,13.615
8016214,K06953.01,,FALSE POSITIVE,FALSE POSITIVE,0.0000,0,1,0,0,1.587485742,3.5600000e-07,-3.5600000e-07,132.1385380,1.860000e-04,-1.860000e-04,0.2590,0.0110,-0.0050,7.74890,0.01420,-0.01420,2.4657e+05,3.430e+02,-3.430e+02,41.52,9.360e+00,-3.340e+00,1460.0,,,1070.86,717.43,-258.99,996.80,1,q1_q17_dr25_tce,5863.00,158.00,-158.00,4.566,0.040,-0.160,0.8210,0.1850,-0.0660,286.695800,43.867420,14.364
8016692,K06954.01,,CANDIDATE,CANDIDATE,0.7210,0,0,0,0,6.613671000,1.1180000e-04,-1.1180000e-04,136.4964000,1.320000e-02,-1.320000e-02,0.0960,0.3550,-0.0960,4.21100,0.44900,-0.44900,3.2800e+01,3.800e+00,-3.800e+00,0.91,2.000e-01,-2.400e-01,1266.0,,,607.33,407.44,-314.26,10.20,1,q1_q17_dr25_tce,6056.00,183.00,-164.00,4.071,0.234,-0.126,1.5970,0.3480,-0.4250,286.945400,43.899139,13.109
8027902,K06955.01,,FALSE POSITIVE,FALSE POSITIVE,0.0000,1,0,0,0,1.796218070,1.1970000e-05,-1.1970000e-05,131.5473200,5.360000e-03,-5.360000e-03,0.7200,0.3230,-0.2600,10.16000,1.20000,-1.20000,4.7000e+01,8.900e+00,-8.900e+00,1.54,3.200e-01,-4.000e-01,2480.0,,,8937.14,5658.92,-4712.32,42.00,1,q1_q17_dr25_tce,7117.00,197.00,-271.00,3.988,0.198,-0.132,2.0900,0.4390,-0.5370,291.477020,43.844120,12.895
8039925,K06956.01,,FALSE POSITIVE,FALSE POSITIVE,0.0000,1,0,0,0,20.259423200,8.6750000e-04,-8.6750000e-04,141.4275000,3.730000e-02,-3.730000e-02,0.7070,0.8600,-0.7070,19.27000,3.10000,-3.10000,8.2600e+01,7.200e+00,-7.200e+00,1.23,4.000e-01,-1.900e-01,837.0,,,116.05,106.20,-44.45,23.70,1,q1_q17_dr25_tce,6602.00,158.00,-218.00,4.301,0.101,-0.188,1.2690,0.4060,-0.2030,295.544220,43.878342,13.618
8042644,K06957.01,,CANDIDATE,CANDIDATE,0.9910,0,0,0,0,1.480628140,1.5560000e-05,-1.5560000e-05,131.5153500,7.640000e-03,-7.640000e-03,0.4790,0.4860,-0.2680,2.89800,0.20900,-0.20900,6.2500e+01,7.300e+00,-7.300e+00,0.76,2.500e-01,-8.000e-02,1653.0,,,1770.63,1707.50,-553.28,10.30,1,q1_q17_dr25_tce,6187.00,175.00,-219.00,4.499,0.054,-0.216,0.9370,0.3050,-0.1020,296.359560,43.866760,15.189
8081389,K06958.01,,FALSE POSITIVE,FALSE POSITIVE,0.0000,0,1,0,0,1.489442254,9.2000000e-08,-9.2000000e-08,132.0042975,5.160000e-05,-5.160000e-05,0.4550,0.0060,-0.0060,5.51392,0.00269,-0.00269,4.1790e+05,1.210e+02,-1.210e+02,115.45,3.634e+01,-2.722e+01,2328.0,,,6938.66,6435.44,-3516.54,2309.20,1,q1_q17_dr25_tce,6962.00,192.00,-288.00,4.148,0.162,-0.198,1.6200,0.5100,-0.3820,284.621980,43.971981,13.990
8750094,K07086.01,,FALSE POSITIVE,FALSE POSITIVE,0.0000,1,0,1,0,1.126797930,1.2700000e-05,-1.2700000e-05,132.2757000,1.110000e-02,-1.110000e-02,1.2150,0.1830,-0.1180,12.07900,0.92300,-0.92300,2.2720e+02,1.330e+01,-1.330e+01,21.07,5.520e+00,-1.830e+00,1590.0,,,1514.63,1198.38,-409.76,21.10,1,q1_q17_dr25_tce,5662.00,169.00,-186.00,4.560,0.033,-0.176,0.8400,0.2200,-0.0730,290.502410,44.968170,14.618
8758161,K07087.01,,FALSE POSITIVE,FALSE POSITIVE,0.0000,0,1,0,0,0.998217563,2.9000000e-08,-2.9000000e-08,131.8142317,2.370000e-05,-2.370000e-05,1.0030,0.0370,-0.0090,3.90851,0.00107,-0.00107,8.7567e+04,0.000e+00,0.000e+00,88.64,2.591e+01,-2.591e+01,2795.0,,,14421.97,12067.48,-8231.34,3979.10,1,q1_q17_dr25_tce,6980.00,168.00,-264.00,4.060,0.240,-0.160,1.7550,0.5130,-0.5130,293.620540,44.967281,12.457
8760760,K07088.01,,CANDIDATE,CANDIDATE,1.0000,0,0,0,0,2.688140590,1.5690000e-05,-1.5690000e-05,132.6686900,4.800000e-03,-4.800000e-03,0.5320,0.4520,-0.3200,1.12000,0.17100,-0.17100,1.4520e+02,2.160e+01,-2.160e+01,0.92,1.700e-01,-7.000e-02,1135.0,,,392.64,222.36,-95.16,9.10,1,q1_q17_dr25_tce,5636.00,152.00,-169.00,4.613,0.032,-0.120,0.7340,0.1370,-0.0550,294.599180,44.927689,15.563
8767034,K07089.01,,FALSE POSITIVE,FALSE POSITIVE,0.0000,1,0,1,0,0.586408480,3.7660000e-06,-3.7660000e-06,131.5558300,5.630000e-03,-5.630000e-03,0.3520,0.0830,-0.3520,2.61600,0.19100,-0.19100,6.1300e+01,3.200e+00,-3.200e+00,0.48,4.000e-02,-4.000e-02,1444.0,,,1029.91,369.80,-225.78,23.60,1,q1_q17_dr25_tce,4556.00,136.00,-123.00,4.676,0.028,-0.052,0.6150,0.0610,-0.0410,296.670440,44.959839,14.280
8773948,K07090.01,,FALSE POSITIVE,FALSE POSITIVE,0.0000,0,1,0,0,33.469474490,8.7370000e-06,-8.7370000e-06,154.0085130,2.080000e-04,-2.080000e-04,0.3150,0.0060,-0.0040,11.88740,0.01380,-0.01380,1.6461e+05,1.530e+02,-1.530e+02,127.38,3.633e+01,-8.471e+01,972.0,,,211.38,189.35,-190.52,1255.20,1,q1_q17_dr25_tce,5934.00,208.00,-187.00,3.581,0.807,-0.142,3.0750,0.8770,-2.0450,298.442440,44.910912,13.714
8784288,K07091.01,,FALSE POSITIVE,FALSE POSITIVE,0.0000,0,1,0,0,1.827558898,2.4300000e-07,-2.4300000e-07,132.2655400,1.100000e-04,-1.100000e-04,0.0930,0.0360,-0.0870,4.72808,0.00703,-0.00703,3.1468e+05,4.940e+02,-4.940e+02,118.28,2.699e+01,-5.843e+01,2178.0,,,5331.71,3712.98,-4136.96,920.80,1,q1_q17_dr25_tce,5977.00,178.00,-196.00,3.854,0.544,-0.136,2.0770,0.4740,-1.0260,301.303500,44.999660,13.661
8804358,K07092.01,,FALSE POSITIVE,FALSE POSITIVE,,1,0,0,0,62.519211000,3.7850000e-03,-3.7850000e-03,146.4454000,5.440000e-02,-5.440000e-02,0.0810,0.4609,-0.0808,2.52300,0.72500,-0.72500,2.7760e+02,9.360e+01,-9.360e+01,1.90,1.320e+00,-2.000e-01,520.0,,,17.29,37.23,-5.53,6.70,1,q1_q17_dr24_tce,6343.00,158.00,-256.00,4.411,0.052,-0.052,1.1370,0.7850,-0.1190,285.081450,45.023762,15.453
8807057,K07093.01,,CANDIDATE,CANDIDATE,0.4330,0,0,0,0,97.991569000,1.8570000e-03,-1.8570000e-03,134.6750000,1.370000e-02,-1.370000e-02,0.7110,0.2520,-0.4770,4.66500,0.51000,-0.51000,1.2680e+02,1.840e+01,-1.840e+01,1.41,4.700e-01,-1.600e-01,467.0,,,11.21,10.53,-3.43,9.00,1,q1_q17_dr25_tce,6499.00,144.00,-208.00,4.378,0.067,-0.216,1.1690,0.3890,-0.1300,286.553650,45.002338,13.650
8508493,K07890.01,,FALSE POSITIVE,FALSE POSITIVE,0.0010,1,0,1,0,349.855250000,1.3890000e-02,-1.3890000e-02,285.6453000,2.590000e-02,-2.590000e-02,0.4850,0.4820,-0.2760,5.42000,0.89500,-0.89500,8.4200e+02,1.560e+02,-1.560e+02,2.63,7.700e-01,-2.600e-01,251.0,,,0.94,0.81,-0.27,7.90,1,q1_q17_dr25_tce,5941.00,166.00,-187.00,4.533,0.034,-0.195,0.8850,0.2580,-0.0860,296.449460,44.583241,15.902
9652632,K07217.01,,FALSE POSITIVE,FALSE POSITIVE,0.0000,0,1,0,0,2.488812012,1.3000000e-07,-1.3000000e-07,132.1282609,4.280000e-05,-4.280000e-05,0.9310,0.0240,-0.0230,5.94523,0.00208,-0.00208,1.3100e+05,2.910e+01,-2.910e+01,83.26,2.197e+01,-2.931e+01,1852.0,,,2776.19,2182.27,-1767.04,3290.50,1,q1_q17_dr25_tce,6499.00,184.00,-230.00,4.084,0.336,-0.168,1.4970,0.3950,-0.5270,293.247380,46.310413,11.576
9655424,K07218.01,,FALSE POSITIVE,FALSE POSITIVE,0.0000,1,0,1,0,0.518118180,5.3240000e-05,-5.3240000e-05,131.6460000,2.280000e-01,-2.280000e-01,0.0210,0.6700,-0.0210,0.39690,0.07600,-0.07600,9.9000e+01,6.520e+01,-6.520e+01,1.09,3.400e-01,-1.100e-01,2360.0,,,7376.27,6756.76,-2271.61,7.80,1,q1_q17_dr25_tce,6240.00,169.00,-226.00,4.502,0.052,-0.208,0.9290,0.2900,-0.0970,294.350740,46.311771,14.890
9657636,K07219.01,,FALSE POSITIVE,FALSE POSITIVE,,1,0,0,0,542.528290000,2.2910000e-02,-2.2910000e-02,278.3920000,3.440000e-02,-3.440000e-02,0.3252,0.1405,-0.3250,11.06000,1.70000,-1.70000,7.5200e+01,1.100e+01,-1.100e+01,1.07,3.400e-01,-2.500e-01,266.0,,,1.19,1.10,-0.56,11.20,1,q1_q17_dr24_tce,6099.00,159.00,-152.00,4.204,0.238,-0.238,1.2120,0.3860,-0.2830,295.192780,46.371880,11.253
9658089,K07220.01,,CANDIDATE,CANDIDATE,0.9960,0,0,0,0,1.057080807,5.8440000e-06,-5.8440000e-06,131.6930400,4.670000e-03,-4.670000e-03,0.9660,0.0100,-0.6930,1.82000,0.13900,-0.13900,6.0600e+01,6.500e+00,-6.500e+00,0.97,3.200e-01,-1.000e-01,1805.0,,,2518.85,2452.48,-762.46,11.30,1,q1_q17_dr25_tce,6000.00,167.00,-209.00,4.487,0.054,-0.216,0.9460,0.3120,-0.0980,295.358250,46.343929,15.102
9665503,K07221.01,,FALSE POSITIVE,FALSE POSITIVE,0.0000,0,1,0,0,11.567974732,8.1400000e-07,-8.1400000e-07,137.3409726,5.270000e-05,-5.270000e-05,0.4580,0.0060,-0.0070,5.96595,0.00287,-0.00287,4.1603e+05,1.530e+02,-1.530e+02,45.65,5.990e+00,-2.750e+00,628.0,,,36.66,16.14,-7.64,2341.50,1,q1_q17_dr25_tce,5290.00,159.00,-143.00,4.669,0.028,-0.083,0.6480,0.0850,-0.0390,297.737640,46.358101,15.217
9673173,K07222.01,,FALSE POSITIVE,FALSE POSITIVE,0.0000,0,1,0,0,21.294733865,1.7500000e-06,-1.7500000e-06,147.0967696,6.740000e-05,-6.740000e-05,0.9570,0.0300,-0.0350,7.60143,0.00381,-0.00381,1.2318e+05,4.620e+01,-4.620e+01,71.55,2.044e+01,-1.674e+01,771.0,,,83.71,71.98,-40.22,2674.60,1,q1_q17_dr25_tce,6039.00,181.00,-181.00,4.242,0.190,-0.190,1.2780,0.3650,-0.2990,300.014070,46.345268,13.731
9674320,K07223.01,,CANDIDATE,CANDIDATE,0.9470,0,0,0,0,317.062416000,2.4250000e-03,-2.4250000e-03,297.8371000,1.090000e-02,-1.090000e-02,0.6730,0.2690,-0.4450,7.43800,0.65000,-0.65000,4.4290e+02,4.380e+01,-4.380e+01,1.59,2.700e-01,-1.200e-01,218.0,,,0.54,0.29,-0.13,9.80,1,q1_q17_dr25_tce,5366.00,160.00,-144.00,4.625,0.032,-0.104,0.7150,0.1220,-0.0520,300.345250,46.339882,14.634
9693803,K07224.01,,CANDIDATE,CANDIDATE,,0,0,0,0,13.495949600,2.5980000e-04,-2.5980000e-04,142.1992000,2.000000e-02,-2.000000e-02,0.2136,0.2748,-0.2133,2.08500,0.35800,-0.35800,2.5360e+02,4.560e+01,-4.560e+01,1.62,7.300e-01,-1.500e-01,784.0,,,89.25,120.55,-26.11,7.30,1,q1_q17_dr24_tce,5962.00,174.00,-220.00,4.464,0.047,-0.047,1.0190,0.4560,-0.0950,283.116420,46.442699,15.669
9711751,K07225.01,,FALSE POSITIVE,FALSE POSITIVE,0.0000,0,1,0,0,0.855763492,1.5300000e-07,-1.5300000e-07,132.3513250,1.460000e-04,-1.460000e-04,0.9170,0.0790,-0.0380,3.64361,0.00886,-0.00886,1.3166e+05,2.360e+02,-2.360e+02,72.82,2.356e+01,-1.175e+01,2464.0,,,8674.28,8029.90,-3338.83,598.40,1,q1_q17_dr25_tce,6679.00,160.00,-220.00,4.286,0.090,-0.195,1.3260,0.4290,-0.2140,292.457860,46.433380,13.788
10619109,K07351.01,,FALSE POSITIVE,FALSE POSITIVE,0.0000,0,1,0,0,2.045166206,2.5400000e-07,-2.5400000e-07,132.3655682,9.820000e-05,-9.820000e-05,0.6610,0.0160,-0.0140,6.84312,0.00598,-0.00598,2.6364e+05,1.960e+02,-1.960e+02,131.41,3.237e+01,-4.856e+01,2422.0,,,8125.86,6410.62,-5472.79,1488.60,1,q1_q17_dr25_tce,7128.00,256.00,-342.00,3.950,0.322,-0.138,2.1350,0.5260,-0.7890,298.371280,47.813850,11.704
10646620,K07352.01,,FALSE POSITIVE,FALSE POSITIVE,0.0000,1,0,0,0,2.413491230,4.6270000e-05,-4.6270000e-05,133.5687000,1.790000e-02,-1.790000e-02,0.7280,0.0570,-0.7270,11.29000,2.60000,-2.60000,5.7000e+01,5.400e+00,-5.400e+00,2.11,3.400e-01,-8.000e-01,2348.0,,,7197.15,3483.79,-4694.06,38.10,1,q1_q17_dr25_tce,6628.00,160.00,-180.00,3.783,0.312,-0.098,2.5950,0.4190,-0.9780,282.389340,47.967178,13.253
10649230,K07353.01,,FALSE POSITIVE,FALSE POSITIVE,0.0000,0,0,1,0,0.447820618,5.1200000e-07,-5.1200000e-07,131.8331230,8.840000e-04,-8.840000e-04,0.3170,0.1320,-0.3170,0.41990,0.02740,-0.02740,5.8300e+01,2.200e+00,-2.200e+00,1.42,4.100e-01,-6.300e-01,3141.0,,,23149.06,20951.51,-16731.76,28.40,1,q1_q17_dr25_tce,5927.00,195.00,-177.00,3.988,0.495,-0.165,1.6070,0.4720,-0.7080,283.898070,47.933487,12.770
10659624,K07354.01,,CANDIDATE,CANDIDATE,0.5820,0,0,0,0,43.267560400,8.2430000e-04,-8.2430000e-04,136.4574000,1.490000e-02,-1.490000e-02,0.8180,0.1450,-0.6120,8.33100,0.40000,-0.40000,6.9100e+01,8.000e+00,-8.000e+00,1.61,2.500e-01,-4.600e-01,664.0,,,45.99,18.53,-23.68,10.00,1,q1_q17_dr25_tce,5747.00,77.00,-77.00,4.018,0.262,-0.087,1.7290,0.2650,-0.4920,289.366460,47.923851,13.468
10661913,K07355.01,,FALSE POSITIVE,FALSE POSITIVE,0.0000,0,1,1,1,1.231330630,9.4490000e-06,-9.4490000e-06,131.8249500,6.950000e-03,-6.950000e-03,0.0510,0.4160,-0.0510,3.70000,0.19800,-0.19800,7.8900e+01,5.200e+00,-5.200e+00,0.54,3.000e-02,-6.000e-02,1072.0,,,311.53,79.86,-85.45,17.60,1,q1_q17_dr25_tce,4237.00,113.00,-126.00,4.630,0.053,-0.021,0.6310,0.0400,-0.0600,290.345030,47.963589,14.875
10661976,K07356.01,,FALSE POSITIVE,FALSE POSITIVE,0.0000,1,0,1,1,0.615660960,1.1280000e-05,-1.1280000e-05,131.8348000,1.700000e-02,-1.700000e-02,0.1610,0.3390,-0.1610,2.66900,0.57900,-0.57900,1.3900e+01,2.000e+00,-2.000e+00,0.84,2.000e-01,-3.900e-01,3459.0,,,33790.36,23862.99,-25583.88,8.50,1,q1_q17_dr25_tce,6619.00,187.00,-234.00,3.890,0.424,-0.133,2.2300,0.5250,-1.0490,290.375580,47.996696,13.740
10662021,K07357.01,,FALSE POSITIVE,FALSE POSITIVE,0.0000,1,0,1,1,1.231405220,1.6590000e-05,-1.6590000e-05,131.7715000,1.350000e-02,-1.350000e-02,0.4120,0.0650,-0.4120,3.33800,0.43200,-0.43200,5.1300e+01,5.900e+00,-5.900e+00,0.81,2.300e-01,-1.600e-01,1756.0,,,2252.47,1930.02,-943.89,10.80,1,q1_q17_dr25_tce,5600.00,166.00,-166.00,4.320,0.162,-0.180,1.1180,0.3190,-0.2130,290.392790,47.997429,15.149
10665228,K07358.01,,CANDIDATE,CANDIDATE,0.3780,0,0,0,0,11.325115300,2.5040000e-04,-2.5040000e-04,137.2423000,1.790000e-02,-1.790000e-02,0.3520,0.1130,-0.3520,2.12600,0.43700,-0.43700,2.9720e+02,5.170e+01,-5.170e+01,1.26,1.700e-01,-1.200e-01,674.0,,,48.78,23.97,-13.49,7.00,1,q1_q17_dr25_tce,5334.00,186.00,-167.00,4.574,0.063,-0.077,0.7270,0.1020,-0.0680,291.706390,47.908581,15.995
8560927,K07897.01,,FALSE POSITIVE,FALSE POSITIVE,0.0000,0,0,0,1,31.971448800,9.3580000e-04,-9.3580000e-04,133.8889000,3.610000e-02,-3.610000e-02,0.3400,0.1140,-0.3400,8.52000,1.60000,-1.60000,4.2900e+01,7.600e+00,-7.600e+00,0.87,1.800e-01,-2.100e-01,674.0,,,48.92,28.84,-23.76,9.20,1,q1_q17_dr25_tce,5846.00,140.00,-140.00,4.169,0.241,-0.130,1.3230,0.2680,-0.3270,292.165370,44.640579,13.040
11817750,K07482.01,,FALSE POSITIVE,FALSE POSITIVE,0.0000,0,1,0,0,9.762550001,1.6460000e-06,-1.6460000e-06,131.6719650,1.370000e-04,-1.370000e-04,1.0060,0.0800,-0.0490,4.87531,0.00934,-0.00934,4.1580e+04,6.420e+01,-6.420e+01,68.93,1.965e+01,-1.785e+01,1375.0,,,843.46,711.77,-447.58,827.00,1,q1_q17_dr25_tce,7199.00,201.00,-277.00,4.055,0.175,-0.175,1.9500,0.5560,-0.5050,293.826870,50.076530,12.250
11825996,K07483.01,,CANDIDATE,CANDIDATE,,0,0,0,0,16.916338600,3.9140000e-04,-3.9140000e-04,132.8922000,1.960000e-02,-1.960000e-02,0.6327,0.0053,-0.5030,2.52100,0.60100,-0.60100,6.4200e+01,1.230e+01,-1.230e+01,0.68,3.100e-01,-7.000e-02,648.0,,,41.74,56.96,-11.25,6.30,1,q1_q17_dr24_tce,5628.00,169.00,-136.00,4.513,0.069,-0.069,0.8100,0.3640,-0.0830,297.347260,50.047440,13.132
11854636,K07484.01,,CANDIDATE,CANDIDATE,0.2350,0,0,0,0,37.020023200,4.3050000e-04,-4.3050000e-04,131.8379000,1.090000e-02,-1.090000e-02,0.3080,0.2680,-0.3070,1.42100,0.33800,-0.33800,5.8100e+02,1.560e+02,-1.560e+02,2.14,5.700e-01,-1.900e-01,507.0,,,15.66,12.09,-4.12,6.60,1,q1_q17_dr25_tce,5685.00,152.00,-169.00,4.537,0.044,-0.176,0.8860,0.2330,-0.0780,286.102810,50.126541,15.424
11855538,K07485.01,,FALSE POSITIVE,FALSE POSITIVE,0.0000,0,0,0,1,2.521265000,1.1080000e-03,-1.1080000e-03,132.8480000,3.850000e-01,-3.850000e-01,0.4630,0.0700,-0.4630,2.69000,8.10000,-8.10000,3.6500e+01,1.510e+01,-1.510e+01,1.16,2.700e-01,-3.900e-01,2049.0,,,4175.66,2896.70,-2514.70,5.90,1,q1_q17_dr25_tce,6306.00,189.00,-142.00,3.828,0.315,-0.135,1.8740,0.4250,-0.6370,286.709470,50.165909,12.227
11858541,K07486.01,,FALSE POSITIVE,FALSE POSITIVE,0.0000,0,1,0,0,5.674353343,6.1000000e-07,-6.1000000e-07,135.7548264,8.770000e-05,-8.770000e-05,1.1670,0.0850,-0.0680,4.17722,0.00451,-0.00451,3.6484e+04,3.130e+01,-3.130e+01,51.63,1.692e+01,-1.128e+01,1053.0,,,290.75,278.64,-131.35,1098.30,1,q1_q17_dr25_tce,5594.00,149.00,-149.00,4.303,0.242,-0.220,1.0710,0.3510,-0.2340,288.636110,50.173260,14.215
11873166,K07487.01,,FALSE POSITIVE,FALSE POSITIVE,0.0000,0,1,0,0,0.734426335,1.4000000e-07,-1.4000000e-07,131.9317390,1.570000e-04,-1.570000e-04,0.9710,0.2150,-0.0940,2.74150,0.01080,-0.01080,9.9056e+04,2.250e+02,-2.250e+02,51.42,1.609e+01,-5.370e+00,2106.0,,,4660.36,4277.08,-1389.94,429.70,1,q1_q17_dr25_tce,6108.00,165.00,-201.00,4.471,0.052,-0.208,0.9970,0.3120,-0.1040,296.193510,50.129219,13.470
11873171,K07488.01,,FALSE POSITIVE,FALSE POSITIVE,0.0000,0,0,1,1,0.734426409,5.4100000e-06,-5.4100000e-06,131.9297200,5.590000e-03,-5.590000e-03,0.0390,0.4190,-0.0390,1.56900,0.19700,-0.19700,9.4100e+01,1.130e+01,-1.130e+01,0.98,2.800e-01,-1.100e-01,2223.0,,,5800.40,4682.70,-1903.13,10.40,1,q1_q17_dr25_tce,6406.00,155.00,-222.00,4.458,0.062,-0.188,1.0050,0.2830,-0.1210,296.196930,50.136120,15.588
11904704,K07489.01,,CANDIDATE,CANDIDATE,0.9990,0,0,0,0,0.565713361,2.3190000e-06,-2.3190000e-06,131.6635700,3.310000e-03,-3.310000e-03,0.2300,0.2240,-0.2300,0.95400,0.16600,-0.16600,8.6400e+01,1.160e+01,-1.160e+01,0.81,1.200e-01,-8.000e-02,1917.0,,,3197.67,1496.47,-939.37,11.60,1,q1_q17_dr25_tce,5220.00,157.00,-157.00,4.480,0.086,-0.105,0.8810,0.1250,-0.0940,286.038390,50.294441,14.722
3102024,K06304.01,,FALSE POSITIVE,FALSE POSITIVE,0.0000,0,1,0,0,13.782522208,2.0720000e-06,-2.0720000e-06,139.4805670,1.240000e-04,-1.240000e-04,0.7180,0.0250,-0.0210,8.27762,0.00714,-0.00714,2.4894e+05,1.840e+02,-1.840e+02,41.84,4.010e+00,-4.010e+00,605.0,,,31.69,11.09,-8.73,1524.10,1,q1_q17_dr25_tce,5246.00,156.00,-156.00,4.604,0.072,-0.048,0.6680,0.0640,-0.0640,287.356080,38.212212,12.809
3110937,K06305.01,,FALSE POSITIVE,FALSE POSITIVE,0.0000,0,0,1,1,1.891216560,4.5260000e-05,-4.5260000e-05,132.7016000,3.680000e-02,-3.680000e-02,0.4040,0.0640,-0.4040,5.14000,1.60000,-1.60000,6.6800e+01,8.000e+00,-8.000e+00,0.73,1.900e-01,-1.200e-01,1434.0,,,997.34,757.51,-385.63,10.70,1,q1_q17_dr25_tce,5741.00,173.00,-173.00,4.438,0.140,-0.171,0.8840,0.2210,-0.1480,290.026310,38.249458,15.203
3115480,K06306.01,,FALSE POSITIVE,FALSE POSITIVE,0.0000,0,1,0,0,3.693702974,6.5400000e-07,-6.5400000e-07,135.1949060,1.470000e-04,-1.470000e-04,1.1900,0.1100,-0.0560,3.37146,0.00707,-0.00707,2.5208e+04,4.510e+01,-4.510e+01,62.55,1.097e+01,-5.070e+00,1453.0,,,1054.10,472.96,-209.14,568.70,1,q1_q17_dr25_tce,6309.00,75.00,-82.00,4.265,0.063,-0.117,1.3960,0.2450,-0.1130,291.193210,38.244652,14.469
3120320,K06307.01,,FALSE POSITIVE,FALSE POSITIVE,0.0000,0,1,0,0,10.265613245,2.9200000e-07,-2.9200000e-07,136.4886955,2.360000e-05,-2.360000e-05,0.6670,0.0040,-0.0030,5.67553,0.00069,-0.00069,1.5046e+05,3.210e+01,-3.210e+01,61.45,1.062e+01,-1.166e+01,1000.0,,,236.60,106.77,-89.47,5640.00,1,q1_q17_dr25_tce,5865.00,79.00,-79.00,4.169,0.162,-0.108,1.4230,0.2460,-0.2700,292.291960,38.284489,10.885
3127817,K06308.01,,FALSE POSITIVE,FALSE POSITIVE,0.0000,0,1,0,0,2.163569702,3.0400000e-07,-3.0400000e-07,132.9363170,1.130000e-04,-1.130000e-04,1.1160,0.0560,-0.0450,7.60963,0.00664,-0.00664,5.4518e+04,4.100e+01,-4.100e+01,85.64,2.377e+01,-2.906e+01,1996.0,,,3760.06,3020.65,-2308.36,1513.20,1,q1_q17_dr25_tce,6425.00,162.00,-194.00,4.040,0.306,-0.165,1.7180,0.4770,-0.5830,293.999730,38.232269,12.155
3228740,K06309.01,,FALSE POSITIVE,FALSE POSITIVE,0.0000,0,1,1,1,0.730956716,6.4520000e-06,-6.4520000e-06,132.2141200,9.030000e-03,-9.030000e-03,0.1290,0.3360,-0.1290,2.09700,0.22400,-0.22400,2.7800e+01,2.900e+00,-2.900e+00,0.57,1.800e-01,-9.000e-02,2192.0,,,5431.80,4959.62,-2003.13,11.20,1,q1_q17_dr25_tce,6028.00,162.00,-180.00,4.371,0.108,-0.201,1.0780,0.3360,-0.1680,289.742400,38.373169,13.707
3230206,K06310.01,,FALSE POSITIVE,FALSE POSITIVE,0.0000,0,0,1,1,7.047150730,4.4570000e-05,-4.4570000e-05,132.7471000,5.340000e-03,-5.340000e-03,0.2720,0.1850,-0.2720,1.43400,0.18100,-0.18100,2.8250e+02,3.550e+01,-3.550e+01,1.54,4.500e-01,-1.500e-01,932.0,,,178.49,154.18,-50.62,9.80,1,q1_q17_dr25_tce,5941.00,166.00,-187.00,4.519,0.048,-0.204,0.9110,0.2660,-0.0890,290.107180,38.374409,15.583
3230227,K06311.01,,FALSE POSITIVE,FALSE POSITIVE,0.0000,0,1,0,0,7.047106212,1.2300000e-06,-1.2300000e-06,132.7501500,1.450000e-04,-1.450000e-04,1.0770,0.0520,-0.0450,3.16223,0.00768,-0.00768,6.9626e+04,1.460e+02,-1.460e+02,119.64,2.314e+01,-3.474e+01,1846.0,,,2744.25,1615.68,-1578.66,548.50,1,q1_q17_dr25_tce,8162.00,226.00,-340.00,3.973,0.234,-0.126,2.3210,0.4490,-0.6740,290.112580,38.399872,9.002
4729553,K06438.01,,FALSE POSITIVE,FALSE POSITIVE,0.0000,1,0,0,0,0.961292561,7.0000000e-08,-7.0000000e-08,121.4629897,6.140000e-05,-6.140000e-05,0.5790,0.0060,-0.0050,4.64294,0.00379,-0.00379,3.2553e+05,1.310e+02,-1.310e+02,92.55,2.795e+01,-2.030e+01,2344.0,,,7160.97,6242.58,-3297.78,1703.00,1,q1_q17_dr25_tce,6300.00,158.00,-189.00,4.188,0.195,-0.175,1.4040,0.4240,-0.3080,285.727540,39.841282,12.221
4736208,K06439.01,,FALSE POSITIVE,FALSE POSITIVE,0.0000,0,1,0,0,63.681928880,2.4300000e-05,-2.4300000e-05,167.5477360,3.300000e-04,-3.300000e-04,0.5830,0.0100,-0.0090,12.60470,0.01710,-0.01710,3.4172e+05,4.220e+02,-4.220e+02,71.45,2.135e+01,-1.153e+01,486.0,,,13.15,11.82,-5.06,963.50,1,q1_q17_dr25_tce,5979.00,179.00,-197.00,4.386,0.108,-0.201,1.0540,0.3150,-0.1700,288.537410,39.834080,14.995
4737302,K06441.01,,FALSE POSITIVE,FALSE POSITIVE,0.0000,0,1,0,0,9.455586047,1.2230000e-06,-1.2230000e-06,133.6703880,1.080000e-04,-1.080000e-04,0.7910,0.0140,-0.0070,8.42272,0.00800,-0.00800,1.1517e+05,9.790e+01,-9.790e+01,178.47,1.200e+01,-1.079e+02,1972.0,,,3576.17,964.82,-3104.35,1876.90,1,q1_q17_dr25_tce,7221.00,199.00,-299.00,3.488,0.604,-0.071,4.2400,0.2850,-2.5640,288.926670,39.811790,11.554
4739194,K06442.01,,FALSE POSITIVE,FALSE POSITIVE,0.0000,0,1,0,0,1.246585716,7.2000000e-08,-7.2000000e-08,132.0206985,4.740000e-05,-4.740000e-05,0.4270,0.0080,-0.0070,4.62051,0.00224,-0.00224,4.0677e+05,1.730e+02,-1.730e+02,81.28,1.375e+01,-4.600e+00,1992.0,,,3709.26,1607.03,-563.32,2165.30,1,q1_q17_dr25_tce,6440.00,77.00,-77.00,4.369,0.035,-0.119,1.1830,0.2000,-0.0670,289.521480,39.862438,14.283
4739565,K06443.01,,FALSE POSITIVE,FALSE POSITIVE,0.0000,0,1,0,1,0.898932836,6.1380000e-06,-6.1380000e-06,131.8161300,7.320000e-03,-7.320000e-03,0.5650,0.3910,-0.3470,2.43700,0.12200,-0.12200,6.1100e+01,3.300e+00,-3.300e+00,1.51,2.000e-01,-4.100e-01,2489.0,,,9056.70,3255.55,-4489.16,22.30,1,q1_q17_dr25_tce,5712.00,77.00,-77.00,3.959,0.210,-0.090,1.8720,0.2530,-0.5060,289.639680,39.899761,14.173
4740688,K06444.01,,FALSE POSITIVE,FALSE POSITIVE,0.0000,0,0,1,1,3.454232960,2.9240000e-05,-2.9240000e-05,131.7129400,6.410000e-03,-6.410000e-03,0.8930,0.0740,-0.6740,2.96500,0.19700,-0.19700,1.4980e+02,1.740e+01,-1.740e+01,0.95,6.000e-02,-7.000e-02,743.0,,,71.74,21.51,-18.80,10.20,1,q1_q17_dr25_tce,4186.00,146.00,-161.00,4.662,0.028,-0.038,0.6350,0.0410,-0.0450,289.968380,39.815739,15.726
4753988,K06445.01,,FALSE POSITIVE,FALSE POSITIVE,0.0000,0,1,0,0,7.304451735,3.9100000e-07,-3.9100000e-07,135.0252768,4.330000e-05,-4.330000e-05,1.0130,0.1090,-0.1040,4.09326,0.00347,-0.00347,1.4363e+05,4.080e+01,-4.080e+01,59.02,1.836e+01,-5.770e+00,931.0,,,177.19,167.69,-52.13,2096.80,1,q1_q17_dr25_tce,6024.00,190.00,-211.00,4.523,0.050,-0.212,0.9000,0.2800,-0.0880,293.843900,39.875420,14.989
4757331,K06446.01,,FALSE POSITIVE,FALSE POSITIVE,0.0000,0,1,0,0,1.181046137,2.8300000e-07,-2.8300000e-07,132.1229220,1.960000e-04,-1.960000e-04,1.1650,0.0960,-0.1500,2.69230,0.01070,-0.01070,5.2609e+04,1.720e+02,-1.720e+02,37.78,4.040e+00,-4.040e+00,1389.0,,,878.27,333.06,-258.21,324.40,1,q1_q17_dr25_tce,5229.00,157.00,-157.00,4.580,0.078,-0.052,0.6920,0.0740,-0.0740,294.685420,39.831760,15.725
5301955,K06560.01,,FALSE POSITIVE,FALSE POSITIVE,,1,0,0,0,0.683964520,,,131.7130275,,,,,,1.30000,,,,,,,,,,,,,,,,1,q1_q17_dr24_tce,,,,,,,,,,298.288970,40.468819,12.939
5306862,K06561.01,,FALSE POSITIVE,FALSE POSITIVE,0.0000,0,1,0,0,2.025580416,2.7100000e-07,-2.7100000e-07,131.8641750,1.110000e-04,-1.110000e-04,0.4340,0.0260,-0.0150,4.48448,0.00768,-0.00768,4.4998e+04,5.600e+01,-5.600e+01,43.23,1.256e+01,-1.536e+01,2102.0,,,4618.62,3930.19,-2938.33,987.80,1,q1_q17_dr25_tce,6348.00,170.00,-208.00,3.996,0.306,-0.165,1.9900,0.5780,-0.7070,299.213900,40.458382,12.777
5307574,K06562.01,,FALSE POSITIVE,FALSE POSITIVE,,0,0,1,0,58.643790000,2.9380000e-03,-2.9380000e-03,156.9092000,4.400000e-02,-4.400000e-02,0.2260,0.2499,-0.2256,24.44000,1.60000,-1.60000,1.8210e+02,1.660e+01,-1.660e+01,1.05,4.800e-01,-9.000e-02,437.0,,,8.59,12.06,-2.21,12.00,1,q1_q17_dr24_tce,5833.00,195.00,-156.00,4.537,0.066,-0.066,0.7750,0.3500,-0.0700,299.357030,40.497620,14.935
5308778,K06563.01,,FALSE POSITIVE,FALSE POSITIVE,0.0000,0,1,0,0,20.282819160,6.7970000e-05,-6.7970000e-05,137.0517600,2.400000e-03,-2.400000e-03,0.7190,0.0150,-0.0180,36.04800,0.17500,-0.17500,2.7975e+03,1.040e+01,-1.040e+01,22.46,4.570e+00,-4.570e+00,1141.0,,,401.55,210.61,-159.68,306.70,1,q1_q17_dr25_tce,5043.00,65.00,-65.00,3.284,0.154,-0.126,3.9560,0.8050,-0.8050,299.577390,40.458481,11.777
5310435,K06564.01,,FALSE POSITIVE,FALSE POSITIVE,0.0000,0,1,0,0,4.931365987,2.6370000e-06,-2.6370000e-06,133.1530130,4.480000e-04,-4.480000e-04,0.6860,0.0140,-0.0120,14.70880,0.02810,-0.02810,2.5595e+05,3.910e+02,-3.910e+02,139.59,2.856e+01,-6.662e+01,1755.0,,,2239.55,1446.54,-1717.93,772.70,1,q1_q17_dr25_tce,6562.00,210.00,-257.00,3.835,0.472,-0.118,2.2630,0.4630,-1.0800,299.887210,40.487339,13.254
5343976,K06565.01,,FALSE POSITIVE,FALSE POSITIVE,0.0000,0,1,0,0,4.331392455,3.7100000e-07,-3.7100000e-07,134.7274476,6.880000e-05,-6.880000e-05,0.3060,0.0210,-0.0080,3.72780,0.00320,-0.00320,2.0040e+05,2.050e+02,-2.050e+02,38.82,9.050e+00,-5.590e+00,1051.0,,,288.51,210.75,-103.59,1234.30,1,q1_q17_dr25_tce,5655.00,186.00,-186.00,4.472,0.108,-0.162,0.8540,0.1990,-0.1230,285.085690,40.527630,12.612
5347537,K06566.01,,FALSE POSITIVE,FALSE POSITIVE,0.0000,0,1,0,0,345.184672800,1.0400000e-04,-1.0400000e-04,228.8408450,2.010000e-04,-2.010000e-04,1.1790,0.2000,-0.1040,6.54680,0.01230,-0.01230,2.9989e+04,5.120e+01,-5.120e+01,44.91,1.244e+01,-6.710e+00,257.0,,,1.03,0.85,-0.38,687.50,1,q1_q17_dr25_tce,5712.00,169.00,-186.00,4.424,0.105,-0.180,0.9710,0.2690,-0.1450,286.711820,40.528542,14.023
5347784,K06567.01,,FALSE POSITIVE,FALSE POSITIVE,0.0000,0,1,0,0,9.584056670,7.1900000e-07,-7.1900000e-07,138.8710106,6.160000e-05,-6.160000e-05,0.7980,0.0180,-0.0050,6.82752,0.00425,-0.00425,1.1963e+05,6.990e+01,-6.990e+01,99.66,2.432e+01,-5.673e+01,1212.0,,,510.85,378.77,-425.87,2595.90,1,q1_q17_dr25_tce,5605.00,168.00,-151.00,3.813,0.608,-0.152,2.2750,0.5550,-1.2950,286.822510,40.513222,13.094
6364294,K06694.01,,FALSE POSITIVE,FALSE POSITIVE,0.0060,0,0,1,0,5.243661200,3.1660000e-04,-3.1660000e-04,132.7337000,5.980000e-02,-5.980000e-02,0.4360,0.0450,-0.4360,11.39000,1.20000,-1.20000,8.8300e+01,7.000e+00,-7.000e+00,1.10,3.400e-01,-1.400e-01,1249.0,,,574.76,519.69,-198.39,14.50,1,q1_q17_dr25_tce,6598.00,185.00,-231.00,4.387,0.065,-0.195,1.1450,0.3500,-0.1500,291.904210,41.779518,15.479
6367439,K06695.01,,FALSE POSITIVE,FALSE POSITIVE,,0,1,0,1,3.778937400,1.7460000e-04,-1.7460000e-04,132.1163000,4.580000e-02,-4.580000e-02,0.6778,0.2191,-0.4516,10.76700,0.80000,-0.80000,5.6000e+01,4.300e+00,-4.300e+00,0.48,2.070e+00,-4.000e-02,860.0,,,129.06,4141.96,-30.37,15.10,1,q1_q17_dr24_tce,5017.00,194.00,-145.00,4.653,0.053,-0.053,0.6050,2.6210,-0.0440,292.927830,41.786160,13.548
6367628,K06696.01,,FALSE POSITIVE,FALSE POSITIVE,0.0000,0,1,0,0,1.889849570,2.1960000e-06,-2.1960000e-06,131.9109440,9.480000e-04,-9.480000e-04,1.1820,0.1860,-0.1180,19.45000,0.46100,-0.46100,2.4967e+05,1.217e+03,-1.217e+03,73.04,8.370e+00,-6.830e+00,1221.0,,,526.50,209.67,-138.83,401.50,1,q1_q17_dr25_tce,5328.00,160.00,-144.00,4.571,0.070,-0.063,0.7160,0.0820,-0.0670,292.985260,41.716888,13.035
6368222,K06697.01,,CANDIDATE,CANDIDATE,,0,0,0,0,82.970621720,,,171.4282140,,,,,,8.22000,,,,,,,,,,,,,,,,3,q1_q17_dr24_tce,,,,,,,,,,293.162020,41.735229,13.678
6372268,K06698.01,,CANDIDATE,CANDIDATE,0.0000,0,0,0,0,5.224224490,,,133.0119200,,,,,,4.56000,,,,,,,,,,,,29.83,10.15,-10.72,,1,q1_q17_dr25_tce,,,,,,,,,,294.356170,41.777206,11.446
6384840,K06699.01,,FALSE POSITIVE,FALSE POSITIVE,0.0390,1,0,1,0,2.499040830,5.4520000e-05,-5.4520000e-05,133.3698000,1.310000e-02,-1.310000e-02,0.0100,0.4400,-0.0100,2.65100,0.39500,-0.39500,1.2820e+02,2.030e+01,-2.030e+01,1.04,2.700e-01,-1.400e-01,1258.0,,,592.18,485.78,-202.20,8.10,1,q1_q17_dr25_tce,5525.00,182.00,-182.00,4.458,0.091,-0.169,0.9300,0.2460,-0.1230,297.442440,41.789719,15.671
6386784,K06700.01,,FALSE POSITIVE,FALSE POSITIVE,0.0000,0,0,0,1,1.995672420,1.8360000e-05,-1.8360000e-05,132.8732100,8.230000e-03,-8.230000e-03,0.5640,0.4050,-0.3450,3.58000,0.22200,-0.22200,1.8000e+01,1.500e+00,-1.500e+00,0.75,1.600e-01,-1.800e-01,2137.0,,,4939.44,3185.91,-2447.08,14.20,1,q1_q17_dr25_tce,6773.00,183.00,-224.00,4.063,0.210,-0.123,1.6900,0.3650,-0.4060,297.934390,41.792912,11.945
6390236,K06701.01,,FALSE POSITIVE,FALSE POSITIVE,0.0000,1,0,0,0,0.898792790,1.2880000e-05,-1.2880000e-05,131.6716000,1.110000e-02,-1.110000e-02,0.2490,0.2240,-0.2490,1.03100,0.40100,-0.40100,2.6600e+01,4.200e+00,-4.200e+00,0.57,1.300e-01,-7.000e-02,2116.0,,,4765.10,2978.37,-1576.66,5.70,1,q1_q17_dr25_tce,6224.00,148.00,-203.00,4.373,0.084,-0.144,1.0960,0.2370,-0.1380,298.672330,41.776218,11.203
6421188,K06702.01,,FALSE POSITIVE,FALSE POSITIVE,0.0000,0,1,0,0,16.434352831,1.1050000e-06,-1.1050000e-06,136.2884989,5.610000e-05,-5.610000e-05,0.5720,0.0090,-0.0010,5.15682,0.00212,-0.00212,4.5700e+04,2.610e+01,-2.610e+01,25.25,8.570e+00,-7.020e+00,789.0,,,91.80,126.36,-58.80,2171.40,1,q1_q17_dr25_tce,5963.00,434.00,-530.00,4.322,0.205,-0.205,1.1340,0.3850,-0.3150,282.906040,41.831841,13.814
7116236,K06828.01,,FALSE POSITIVE,FALSE POSITIVE,0.0000,0,1,1,1,0.566793818,5.7700000e-06,-5.7700000e-06,131.8298000,9.420000e-03,-9.420000e-03,0.9850,0.0060,-0.6860,4.92900,0.32700,-0.32700,1.0030e+02,6.500e+00,-6.500e+00,1.17,3.200e-01,-1.300e-01,2027.0,,,3972.65,3332.84,-1214.44,18.30,1,q1_q17_dr25_tce,5707.00,189.00,-189.00,4.538,0.055,-0.165,0.8280,0.2240,-0.0900,291.312440,42.618011,15.670
7117513,K06829.01,,FALSE POSITIVE,FALSE POSITIVE,0.0000,0,0,0,1,0.566797474,5.9970000e-06,-5.9970000e-06,131.8117000,1.020000e-02,-1.020000e-02,0.5750,0.4090,-0.3550,2.70800,0.26700,-0.26700,9.8800e+01,1.060e+01,-1.060e+01,1.04,3.100e-01,-1.100e-01,2270.0,,,6276.39,5726.39,-1931.94,12.30,1,q1_q17_dr25_tce,6046.00,190.00,-232.00,4.478,0.050,-0.200,1.0070,0.3020,-0.1010,291.715700,42.687870,15.916
7117541,K06830.01,,FALSE POSITIVE,FALSE POSITIVE,0.0000,0,1,1,0,1.585673651,1.9500000e-07,-1.9500000e-07,132.0130070,1.050000e-04,-1.050000e-04,1.1480,0.0490,-0.0400,3.20763,0.00461,-0.00461,4.4116e+04,5.530e+01,-5.530e+01,50.53,1.489e+01,-6.410e+00,1648.0,,,1740.78,1562.93,-606.83,717.50,1,q1_q17_dr25_tce,6117.00,193.00,-236.00,4.457,0.054,-0.202,1.0250,0.3020,-0.1300,291.723850,42.629822,15.634
7118545,K06831.01,,FALSE POSITIVE,FALSE POSITIVE,0.0000,0,1,0,0,14.797219157,4.1100000e-07,-4.1100000e-07,144.6959608,2.270000e-05,-2.270000e-05,0.1570,0.0100,0.0000,7.61037,0.00059,-0.00059,2.5270e+05,3.640e+01,-3.640e+01,47.71,1.404e+01,-4.660e+00,787.0,,,90.80,78.38,-26.16,7795.30,1,q1_q17_dr25_tce,6343.00,171.00,-209.00,4.495,0.052,-0.208,0.9310,0.2740,-0.0910,292.028660,42.669552,14.185
7125636,K06832.01,,FALSE POSITIVE,FALSE POSITIVE,0.0000,0,1,0,0,6.490662140,3.8200000e-07,-3.8200000e-07,132.0676273,4.850000e-05,-4.850000e-05,0.7980,0.0200,-0.0330,3.47128,0.00174,-0.00174,1.9509e+05,4.520e+01,-4.520e+01,33.46,2.670e+00,-2.680e+00,621.0,,,35.28,10.97,-8.80,1680.00,1,q1_q17_dr25_tce,4448.00,132.00,-132.00,4.684,0.052,-0.032,0.5630,0.0450,-0.0450,294.107910,42.617321,15.507
7128918,K06833.01,,FALSE POSITIVE,FALSE POSITIVE,0.0000,0,1,0,0,7.118798480,6.0400000e-07,-6.0400000e-07,137.1575204,6.940000e-05,-6.940000e-05,0.9830,0.0070,-0.0190,4.11282,0.00309,-0.00309,1.0766e+05,5.710e+01,-5.710e+01,41.17,8.030e+00,-3.440e+00,819.0,,,106.52,64.88,-26.41,1483.20,1,q1_q17_dr25_tce,5578.00,169.00,-152.00,4.601,0.040,-0.120,0.7540,0.1470,-0.0630,294.998230,42.693920,15.758
7132015,K06834.01,,FALSE POSITIVE,FALSE POSITIVE,0.0000,0,0,1,0,6.995104040,,,136.6223392,,,0.7700,,,1.75560,,,7.1800e+01,,,216.92,1.217e+01,-1.096e+02,7492.0,,,744614.96,125425.21,-580197.10,6.30,1,q1_q17_dr25_tce,3681.00,43.00,-94.00,0.250,0.136,-0.032,229.9080,12.9040,-116.1370,295.753510,42.671001,12.843
7135549,K06835.01,,CANDIDATE,CANDIDATE,,0,0,0,0,22.500534410,,,150.2171942,,,,,,7.44000,,,,,,,,,,,,,,,,1,q1_q17_dr24_tce,,,,,,,,,,296.619200,42.674931,13.903
8088354,K06959.01,,FALSE POSITIVE,FALSE POSITIVE,0.0000,0,1,0,0,2.897829967,1.9900000e-07,-1.9900000e-07,132.6047388,5.810000e-05,-5.810000e-05,0.7560,0.1700,-0.0020,3.17788,0.00310,-0.00310,1.6309e+05,8.790e+01,-8.790e+01,54.35,1.579e+01,-8.480e+00,1454.0,,,1054.79,934.22,-412.92,1305.80,1,q1_q17_dr25_tce,6318.00,199.00,-244.00,4.366,0.124,-0.186,1.0770,0.3130,-0.1680,288.329220,43.965279,13.648
8091197,K06960.01,,CANDIDATE,CANDIDATE,0.9970,0,0,0,0,4.886983860,2.4360000e-05,-2.4360000e-05,132.8804000,4.210000e-03,-4.210000e-03,0.6610,0.2870,-0.4320,1.12700,0.16800,-0.16800,1.2540e+02,1.610e+01,-1.610e+01,1.20,4.100e-01,-1.300e-01,1133.0,,,389.31,399.27,-131.06,10.10,1,q1_q17_dr25_tce,6152.00,193.00,-257.00,4.464,0.058,-0.232,1.0090,0.3410,-0.1140,289.605220,43.952831,13.873
8094140,K06961.01,,FALSE POSITIVE,FALSE POSITIVE,0.0000,0,1,0,0,0.706428634,3.3000000e-08,-3.3000000e-08,132.1461749,3.830000e-05,-3.830000e-05,0.3930,0.0810,-0.0230,1.75182,0.00279,-0.00279,3.7213e+05,1.720e+02,-1.720e+02,47.64,1.620e+00,-3.820e+00,1416.0,,,951.77,214.83,-252.78,1066.70,1,q1_q17_dr25_tce,4429.00,154.00,-154.00,4.569,0.060,-0.016,0.7360,0.0250,-0.0590,290.557160,43.987350,15.159
8094221,K06962.01,,FALSE POSITIVE,FALSE POSITIVE,0.0000,0,1,0,0,10.863253100,4.8520000e-04,-4.8520000e-04,141.6569000,3.560000e-02,-3.560000e-02,1.1870,0.6550,-0.1650,37.68000,1.90000,-1.90000,1.8820e+02,9.000e+00,-9.000e+00,19.93,6.280e+00,-2.090e+00,802.0,,,98.04,90.56,-29.35,25.40,1,q1_q17_dr25_tce,5896.00,159.00,-194.00,4.516,0.052,-0.208,0.9140,0.2880,-0.0960,290.585510,43.972160,15.429
8097825,K06963.01,,FALSE POSITIVE,FALSE POSITIVE,0.0000,0,1,0,0,1.468426480,4.5600000e-07,-4.5600000e-07,132.1654320,2.570000e-04,-2.570000e-04,0.6330,0.0100,-0.0060,6.66660,0.01920,-0.01920,1.5100e+05,4.390e+02,-4.390e+02,40.30,1.379e+01,-7.860e+00,1559.0,,,1402.93,1406.82,-587.73,622.80,1,q1_q17_dr25_tce,5539.00,149.00,-149.00,4.381,0.180,-0.240,0.9590,0.3280,-0.1870,291.881840,43.973171,13.283
8098300,K06964.01,,FALSE POSITIVE,FALSE POSITIVE,0.0000,0,1,0,0,4.305917719,1.0900000e-07,-1.0900000e-07,132.3501939,2.060000e-05,-2.060000e-05,0.5490,0.0020,-0.0030,5.61993,0.00043,-0.00043,3.6139e+05,0.000e+00,0.000e+00,71.49,2.186e+01,-7.300e+00,1266.0,,,607.76,524.60,-169.38,6104.80,1,q1_q17_dr25_tce,6502.00,146.00,-178.00,4.440,0.052,-0.208,1.0370,0.3170,-0.1060,292.058720,43.925228,12.817
8098515,K06965.01,,FALSE POSITIVE,FALSE POSITIVE,0.0000,1,0,0,0,1.286597260,,,132.1114000,,,,,,3.53000,,,,,,,,,,,,6865.96,12883.24,-3251.08,,1,q1_q17_dr25_tce,,,,,,,,,,292.143310,43.922295,11.308
8098960,K06966.01,,CANDIDATE,CANDIDATE,0.9800,0,0,0,0,8.474846770,7.1980000e-05,-7.1980000e-05,138.4773300,7.520000e-03,-7.520000e-03,0.8720,0.0320,-0.5980,2.06700,0.20900,-0.20900,2.1780e+02,2.630e+01,-2.630e+01,1.35,2.800e-01,-1.100e-01,780.0,,,87.55,53.87,-21.34,9.70,1,q1_q17_dr25_tce,5564.00,150.00,-150.00,4.587,0.032,-0.128,0.7850,0.1610,-0.0640,292.303380,43.983810,15.381
8104436,K06967.01,,FALSE POSITIVE,FALSE POSITIVE,0.0000,0,1,1,1,2.535389624,8.5960000e-06,-8.5960000e-06,133.3865900,2.740000e-03,-2.740000e-03,1.1890,6.9280,-0.0950,2.90200,0.13100,-0.13100,4.1810e+02,1.820e+01,-1.820e+01,16.24,2.700e+00,-1.150e+00,1113.0,,,362.73,191.41,-81.79,27.30,1,q1_q17_dr25_tce,5488.00,163.00,-147.00,4.629,0.035,-0.105,0.7060,0.1170,-0.0500,294.201170,43.976761,15.561
8815279,K07094.01,,CANDIDATE,CANDIDATE,,0,0,0,0,13.560926260,,,142.6425780,,,,,,2.53000,,,,,,,,,,,,,,,,1,q1_q17_dr24_tce,,,,,,,,,,290.456450,45.003231,15.561
8822585,K07095.01,,FALSE POSITIVE,FALSE POSITIVE,0.0000,1,0,0,0,1.627538928,8.6690000e-06,-8.6690000e-06,131.9153100,4.220000e-03,-4.220000e-03,0.7690,0.0570,-0.5220,5.58300,0.14400,-0.14400,3.9000e+01,1.500e+00,-1.500e+00,1.42,3.000e-01,-4.000e-01,2520.0,,,9504.13,5716.28,-5249.63,29.90,1,q1_q17_dr25_tce,6854.00,163.00,-224.00,3.934,0.259,-0.111,2.0880,0.4330,-0.5950,293.305660,45.007969,12.760
8823397,K07096.01,,FALSE POSITIVE,FALSE POSITIVE,0.0000,0,1,0,0,1.506503686,5.7000000e-08,-5.7000000e-08,132.9914262,3.110000e-05,-3.110000e-05,0.4010,0.0040,-0.0020,5.02151,0.00108,-0.00108,4.7710e+05,1.380e+02,-1.380e+02,178.15,4.370e+01,-5.340e+01,3250.0,,,26341.29,19178.73,-15690.67,3289.10,1,q1_q17_dr25_tce,8751.00,240.00,-412.00,4.026,0.198,-0.132,2.3520,0.5770,-0.7050,293.609860,45.018631,13.249
8841616,K07097.01,,FALSE POSITIVE,FALSE POSITIVE,0.0000,0,1,0,0,1.679585725,1.8700000e-07,-1.8700000e-07,131.5600829,9.250000e-05,-9.250000e-05,0.9700,0.0100,-0.0110,7.34648,0.00562,-0.00562,1.0179e+05,6.140e+01,-6.140e+01,28.99,2.570e+00,-2.560e+00,970.0,,,209.45,75.25,-60.60,1884.30,1,q1_q17_dr25_tce,4462.00,156.00,-171.00,4.700,0.045,-0.036,0.5540,0.0490,-0.0490,299.161680,45.051910,12.833
8845221,K07098.01,,FALSE POSITIVE,FALSE POSITIVE,0.0000,0,1,0,0,5.403462480,1.6000000e-07,-1.6000000e-07,133.7451943,2.480000e-05,-2.480000e-05,0.5210,0.1740,-0.1770,7.64940,0.02390,-0.02390,2.6135e+05,0.000e+00,0.000e+00,108.46,2.592e+01,-4.805e+01,1559.0,,,1398.38,1022.56,-1020.19,2851.30,1,q1_q17_dr25_tce,6350.00,194.00,-214.00,3.921,0.413,-0.138,1.9840,0.4740,-0.8790,300.209930,45.003059,13.615
8845552,K07099.01,,CANDIDATE,CANDIDATE,,0,0,0,0,34.035776600,4.6090000e-04,-4.6090000e-04,138.9291000,1.170000e-02,-1.170000e-02,0.6983,0.0633,-0.4897,3.84900,0.36400,-0.36400,3.8660e+02,5.000e+01,-5.000e+01,1.05,7.000e-02,-1.000e-01,337.0,,,3.06,0.90,-0.86,9.60,1,q1_q17_dr24_tce,4367.00,136.00,-146.00,4.739,0.060,-0.060,0.5010,0.0350,-0.0460,300.305330,45.093418,15.534
8848104,K07100.01,,FALSE POSITIVE,FALSE POSITIVE,0.3030,0,1,0,0,0.824851807,8.0000000e-08,-8.0000000e-08,131.6271509,7.880000e-05,-7.880000e-05,1.1850,0.0940,-0.0630,1.93637,0.00219,-0.00219,3.0099e+04,1.750e+01,-1.750e+01,78.00,3.589e+01,-4.786e+01,2539.0,,,9801.46,13656.36,-8487.61,642.20,1,q1_q17_dr25_tce,5658.00,166.00,-150.00,3.903,0.712,-0.237,1.6540,0.7610,-1.0150,300.994870,45.078861,12.372
8848115,K07101.01,,FALSE POSITIVE,FALSE POSITIVE,0.0000,0,1,1,1,0.824842930,3.6220000e-05,-3.6220000e-05,131.6424000,6.000000e-02,-6.000000e-02,0.0300,0.4500,-0.0300,1.38300,0.20100,-0.20100,6.1860e+02,8.080e+01,-8.080e+01,97.92,9.620e+00,-2.888e+01,8138.0,,,1040816.86,296458.14,-555449.71,10.00,1,q1_q17_dr25_tce,4148.00,66.00,-66.00,1.458,0.150,-0.087,41.4240,4.0710,-12.2140,300.998840,45.076019,12.721
8868657,K07102.01,,FALSE POSITIVE,FALSE POSITIVE,0.0000,0,1,1,1,4.447354900,1.1250000e-04,-1.1250000e-04,133.8362000,2.190000e-02,-2.190000e-02,0.9800,0.5980,-0.0100,18.99000,1.40000,-1.40000,2.0360e+02,9.600e+00,-9.600e+00,1.52,3.200e-01,-1.200e-01,954.0,,,195.56,127.32,-45.96,25.90,1,q1_q17_dr25_tce,5531.00,167.00,-150.00,4.597,0.034,-0.136,0.7640,0.1610,-0.0580,284.401000,45.149391,15.989
9726452,K07226.01,,CANDIDATE,CANDIDATE,,0,0,0,0,42.484522590,,,165.1372596,,,,,,4.16000,,,,,,,,,,,,,,,,1,q1_q17_dr24_tce,,,,,,,,,,297.722260,46.475830,14.824
9762514,K07227.01,,FALSE POSITIVE,FALSE POSITIVE,0.0000,0,0,1,1,7.515097130,6.1570000e-05,-6.1570000e-05,138.0940800,7.590000e-03,-7.590000e-03,0.9340,0.0380,-0.6900,2.62000,0.20000,-0.20000,1.8710e+02,2.190e+01,-2.190e+01,1.23,1.400e-01,-9.000e-02,685.0,,,51.99,21.13,-11.58,10.10,1,q1_q17_dr25_tce,4867.00,146.00,-131.00,4.630,0.027,-0.063,0.6960,0.0820,-0.0480,287.934660,46.580421,15.520
9762519,K07228.01,,FALSE POSITIVE,FALSE POSITIVE,0.0000,0,1,0,0,7.515145950,4.5500000e-07,-4.5500000e-07,138.0800379,5.030000e-05,-5.030000e-05,0.8400,0.1660,-0.0160,3.54486,0.00233,-0.00233,1.1746e+05,5.260e+01,-5.260e+01,35.80,5.710e+00,-4.290e+00,842.0,,,118.99,60.88,-36.23,1676.80,1,q1_q17_dr25_tce,5624.00,167.00,-150.00,4.516,0.105,-0.105,0.7770,0.1240,-0.0930,287.941380,46.582390,13.711
9777062,K07229.01,,FALSE POSITIVE,FALSE POSITIVE,0.0000,0,1,0,0,19.230038188,5.2000000e-07,-5.2000000e-07,132.5814956,2.230000e-05,-2.230000e-05,0.6940,0.0030,-0.0040,7.04412,0.00061,-0.00061,2.6618e+05,2.150e+01,-2.150e+01,186.53,5.149e+01,-6.295e+01,1361.0,,,810.65,664.51,-518.71,7232.10,1,q1_q17_dr25_tce,7703.00,217.00,-372.00,3.844,0.267,-0.164,2.9160,0.8050,-0.9840,294.460780,46.589710,12.241
9786821,K07230.01,,FALSE POSITIVE,FALSE POSITIVE,0.0000,0,1,0,0,21.120005744,2.9830000e-06,-2.9830000e-06,150.1283920,1.040000e-04,-1.040000e-04,0.9860,0.2600,-0.0220,2.05573,0.00640,-0.00640,1.3054e+04,2.780e+01,-2.780e+01,31.20,8.590e+00,-1.051e+01,880.0,,,141.75,119.89,-88.60,443.90,1,q1_q17_dr25_tce,6195.00,199.00,-243.00,4.069,0.306,-0.165,1.5980,0.4400,-0.5380,297.725740,46.548840,11.510
9790965,K07231.01,,FALSE POSITIVE,FALSE POSITIVE,0.0000,1,0,0,0,0.822067610,1.9800000e-07,-1.9800000e-07,132.2430220,1.880000e-04,-1.880000e-04,1.2160,0.0240,-0.0270,3.82810,0.02390,-0.02390,2.6190e+04,7.160e+01,-7.160e+01,91.21,2.431e+01,-3.343e+01,2941.0,,,17747.85,13897.55,-11513.42,486.30,1,q1_q17_dr25_tce,6531.00,175.00,-214.00,3.962,0.350,-0.150,1.9210,0.5120,-0.7040,298.911620,46.586578,13.388
9790965,K07231.02,,CANDIDATE,CANDIDATE,,0,0,0,0,4.747014790,3.7900000e-05,-3.7900000e-05,133.3330500,6.460000e-03,-6.460000e-03,64.5159,32.2000,-4.0110,2.46400,0.33400,-0.33400,3.6220e+03,4.530e+02,-4.530e+02,13333.50,5.171e+03,-4.789e+03,1640.0,,,1708.72,1945.16,-1100.79,10.10,2,q1_q17_dr24_tce,6531.00,173.00,-230.00,3.962,0.301,-0.301,1.9210,0.7450,-0.6900,298.911620,46.586578,13.388
9811915,K07232.01,,CANDIDATE,CANDIDATE,0.9840,0,0,0,0,1.966828250,2.1480000e-05,-2.1480000e-05,132.6863200,8.710000e-03,-8.710000e-03,0.4150,0.0430,-0.4110,1.64500,0.25800,-0.25800,2.1430e+02,2.750e+01,-2.750e+01,1.18,2.400e-01,-1.000e-01,1283.0,,,638.54,405.44,-176.36,9.50,1,q1_q17_dr25_tce,5595.00,175.00,-195.00,4.581,0.042,-0.136,0.7960,0.1610,-0.0690,281.229370,46.681862,15.612
9818732,K07233.01,,FALSE POSITIVE,FALSE POSITIVE,0.0000,0,1,0,0,45.035589512,6.8320000e-06,-6.8320000e-06,132.6335310,1.250000e-04,-1.250000e-04,0.4990,0.0060,-0.0050,9.83410,0.00739,-0.00739,4.0484e+05,2.710e+02,-2.710e+02,82.40,2.423e+01,-1.036e+01,600.0,,,30.66,25.43,-9.89,1763.50,1,q1_q17_dr25_tce,6484.00,145.00,-193.00,4.386,0.060,-0.180,1.1530,0.3390,-0.1450,285.472780,46.698730,14.529
10665749,K07359.01,,CANDIDATE,CANDIDATE,0.9650,0,0,0,0,4.237447181,9.0420000e-06,-9.0420000e-06,135.1767900,1.560000e-03,-1.560000e-03,0.1870,0.4960,-0.1870,0.37920,0.08200,-0.08200,3.5010e+02,3.440e+01,-3.440e+01,2.26,6.800e-01,-2.900e-01,1172.0,,,446.38,402.92,-150.26,11.10,1,q1_q17_dr25_tce,5993.00,180.00,-198.00,4.425,0.101,-0.203,0.9930,0.2980,-0.1280,291.902160,47.962070,15.504
10670112,K07360.01,,CANDIDATE,CANDIDATE,,0,0,0,0,4.095358500,7.1790000e-05,-7.1790000e-05,135.7884000,1.690000e-02,-1.690000e-02,1.0194,0.0032,-0.0264,44.35000,2.10000,-2.10000,2.2680e+02,1.380e+01,-1.380e+01,7.76,3.620e+00,-2.150e+00,1680.0,,,1884.15,2594.63,-1035.86,60.20,1,q1_q17_dr24_tce,6839.00,172.00,-253.00,4.094,0.202,-0.202,1.7000,0.7940,-0.4700,293.669280,47.906689,13.543
10680424,K07361.01,,CANDIDATE,CANDIDATE,1.0000,0,0,0,0,0.926239830,1.1720000e-05,-1.1720000e-05,131.7203000,1.710000e-02,-1.710000e-02,0.0580,0.5110,-0.0580,1.26700,0.27900,-0.27900,4.1140e+02,7.500e+01,-7.500e+01,1.16,1.200e-01,-9.000e-02,1208.0,,,504.34,204.45,-135.05,9.10,1,q1_q17_dr25_tce,4494.00,161.00,-161.00,4.692,0.032,-0.052,0.5910,0.0620,-0.0470,297.207520,47.972099,16.280
10685175,K07362.01,,FALSE POSITIVE,FALSE POSITIVE,0.0000,1,0,0,0,3.101977120,1.0020000e-05,-1.0020000e-05,133.7890200,2.900000e-03,-2.900000e-03,0.9840,0.0020,-0.0020,7.08300,0.14800,-0.14800,1.2460e+02,3.400e+00,-3.400e+00,2.64,1.240e+00,-2.200e-01,2246.0,,,6009.05,9902.90,-2779.89,63.30,1,q1_q17_dr25_tce,8709.00,462.00,-925.00,4.232,0.032,-0.288,1.7970,0.8400,-0.1480,298.571560,47.963951,12.075
10686876,K07363.01,,FALSE POSITIVE,FALSE POSITIVE,0.0000,0,1,0,0,2.618414643,1.1300000e-07,-1.1300000e-07,134.0443670,3.430000e-05,-3.430000e-05,0.3560,0.0090,-0.0010,4.99923,0.00117,-0.00117,2.0086e+05,7.240e+01,-7.240e+01,109.33,1.875e+01,-3.478e+01,2582.0,,,10502.80,5580.46,-6323.36,3260.00,1,q1_q17_dr25_tce,8143.00,226.00,-311.00,3.960,0.259,-0.111,2.3610,0.4050,-0.7510,299.056730,47.909359,11.727
10686930,K07364.01,,FALSE POSITIVE,FALSE POSITIVE,0.0000,0,0,1,1,2.618441780,2.4610000e-05,-2.4610000e-05,134.0378200,6.880000e-03,-6.880000e-03,0.1820,0.2720,-0.1820,3.20300,0.24500,-0.24500,4.5100e+01,4.200e+00,-4.200e+00,2.16,4.700e-01,-4.600e-01,2033.0,,,4044.74,2495.93,-1800.68,12.70,1,q1_q17_dr25_tce,5088.00,114.00,-127.00,3.502,0.170,-0.170,3.2930,0.7130,-0.7130,299.075590,47.920780,12.388
10711913,K07365.01,,FALSE POSITIVE,FALSE POSITIVE,0.0000,0,1,0,0,19.407958161,1.4020000e-06,-1.4020000e-06,135.3915368,6.190000e-05,-6.190000e-05,0.9050,0.0250,-0.0270,6.09676,0.00297,-0.00297,1.4206e+05,5.020e+01,-5.020e+01,44.96,8.270e+00,-6.190e+00,633.0,,,37.92,21.87,-12.63,2506.60,1,q1_q17_dr25_tce,5702.00,170.00,-153.00,4.485,0.135,-0.135,0.7990,0.1470,-0.1100,282.601070,48.036690,15.521
10732401,K07366.01,,FALSE POSITIVE,FALSE POSITIVE,0.0000,1,0,0,1,0.933747375,4.9310000e-06,-4.9310000e-06,131.5199000,5.020000e-03,-5.020000e-03,1.0630,0.3560,-0.0740,5.97400,0.27400,-0.27400,1.9890e+02,6.900e+00,-6.900e+00,8.93,2.610e+00,-9.300e-01,2003.0,,,3820.18,3207.16,-1163.83,35.90,1,q1_q17_dr25_tce,6224.00,153.00,-218.00,4.454,0.052,-0.195,1.0240,0.2990,-0.1070,292.328640,48.021519,14.740
11906217,K07490.01,,FALSE POSITIVE,FALSE POSITIVE,0.0000,0,1,0,0,37.910213899,3.1950000e-06,-3.1950000e-06,162.4584190,6.630000e-05,-6.630000e-05,0.9630,0.0340,-0.0240,3.11152,0.00273,-0.00273,1.0347e+05,5.900e+01,-5.900e+01,29.45,2.050e+00,-2.260e+00,358.0,,,3.89,1.06,-0.96,1065.90,1,q1_q17_dr25_tce,4623.00,125.00,-139.00,4.686,0.054,-0.031,0.5600,0.0390,-0.0430,287.059270,50.214031,14.430
11913052,K07491.01,,FALSE POSITIVE,FALSE POSITIVE,0.0000,0,0,1,1,3.747853070,2.8600000e-05,-2.8600000e-05,134.1746500,6.150000e-03,-6.150000e-03,0.2170,0.2360,-0.2170,3.44400,0.20300,-0.20300,1.4590e+02,1.000e+01,-1.000e+01,9.04,4.300e-01,-2.440e+00,2440.0,,,8389.62,1368.74,-4509.55,17.00,1,q1_q17_dr25_tce,4929.00,72.00,-172.00,3.001,0.033,-0.030,7.7000,0.3670,-2.0780,291.044980,50.282261,13.846
11913071,K07492.01,,FALSE POSITIVE,FALSE POSITIVE,0.0000,0,1,0,0,3.747835042,9.5000000e-08,-9.5000000e-08,134.1877331,2.070000e-05,-2.070000e-05,0.5470,0.0020,0.0000,5.28519,0.00178,-0.00178,1.8892e+05,4.170e+01,-4.170e+01,141.70,4.253e+01,-6.380e+01,2697.0,,,12482.82,11052.68,-9324.95,6016.20,1,q1_q17_dr25_tce,8529.00,236.00,-371.00,3.769,0.420,-0.140,3.0650,0.9200,-1.3800,291.061400,50.255440,9.532
11918482,K07493.01,,FALSE POSITIVE,FALSE POSITIVE,,0,1,0,0,0.947548480,3.8410000e-05,-3.8410000e-05,132.2664310,6.550000e-04,-6.550000e-04,11.1936,4.4980,-6.5350,1.73470,0.05970,-0.05970,1.1348e+04,3.090e+02,-3.090e+02,224.79,0.000e+00,0.000e+00,622.0,,,35.37,0.00,0.00,44.70,1,q1_q17_dr24_tce,3246.00,0.00,0.00,5.087,0.000,0.000,0.2000,0.0000,0.0000,294.019170,50.216606,13.497
11922648,K07494.01,,FALSE POSITIVE,FALSE POSITIVE,0.0000,0,0,1,1,1.756431850,2.4960000e-05,-2.4960000e-05,132.0575000,1.400000e-02,-1.400000e-02,0.1150,0.3470,-0.1150,2.39700,0.29000,-0.29000,5.1600e+01,5.900e+00,-5.900e+00,0.58,1.600e-01,-5.000e-02,1366.0,,,821.36,660.50,-205.07,9.60,1,q1_q17_dr25_tce,5696.00,154.00,-154.00,4.570,0.044,-0.176,0.8120,0.2220,-0.0690,295.949250,50.208920,14.529
11922782,K07495.01,,FALSE POSITIVE,FALSE POSITIVE,0.0000,0,1,0,0,1.756466865,4.3800000e-07,-4.3800000e-07,132.0302990,2.070000e-04,-2.070000e-04,0.8240,0.0330,-0.0340,4.77810,0.01150,-0.01150,1.8822e+05,4.040e+02,-4.040e+02,87.40,1.384e+01,-2.076e+01,1831.0,,,2652.65,1122.78,-1182.51,541.90,1,q1_q17_dr25_tce,5726.00,85.00,-68.00,4.077,0.224,-0.096,1.4650,0.2320,-0.3480,296.007420,50.232609,10.460
11923819,K07496.01,,FALSE POSITIVE,FALSE POSITIVE,0.0000,0,1,0,0,33.159475806,2.3240000e-06,-2.3240000e-06,159.8126411,5.490000e-05,-5.490000e-05,0.7680,0.0060,-0.0060,9.01353,0.00283,-0.00283,2.2217e+05,6.220e+01,-6.220e+01,146.47,4.889e+01,-3.257e+01,1068.0,,,307.53,375.30,-188.70,3733.60,1,q1_q17_dr25_tce,7967.00,454.00,-844.00,4.001,0.162,-0.198,2.3790,0.7940,-0.5290,296.464290,50.286152,11.562
11959569,K07497.01,,FALSE POSITIVE,FALSE POSITIVE,0.0000,0,1,0,0,46.148691060,2.2600000e-05,-2.2600000e-05,173.2380910,3.850000e-04,-3.850000e-04,0.0020,0.0040,-0.0020,19.09200,0.02030,-0.02030,3.4963e+05,4.050e+02,-4.050e+02,114.20,2.591e+01,-3.883e+01,647.0,,,41.46,29.62,-25.07,1021.30,1,q1_q17_dr25_tce,5383.00,178.00,-129.00,3.908,0.338,-0.135,1.9350,0.4390,-0.6580,289.394170,50.368069,12.387
11966557,K07498.01,,FALSE POSITIVE,FALSE POSITIVE,0.0000,0,1,0,0,60.297677400,1.6200000e-04,-1.6200000e-04,161.8546910,3.350000e-04,-3.350000e-04,0.5960,0.0220,-0.0210,14.25610,0.01460,-0.01460,3.1589e+05,3.170e+02,-3.170e+02,63.57,1.854e+01,-9.240e+00,481.0,,,12.63,11.09,-4.46,1215.80,1,q1_q17_dr25_tce,5995.00,180.00,-180.00,4.434,0.084,-0.196,0.9770,0.2850,-0.1420,293.480350,50.347488,15.680
5897826,K00126.02,,CANDIDATE,CANDIDATE,0.9970,0,0,0,0,0.875197345,,,131.8135915,,,1.0040,,,0.05200,,,0.0000e+00,,,0.73,1.100e-01,-1.700e-01,2518.0,,,9497.39,4250.51,-4369.96,0.00,3,q1_q17_dr25_tce,5855.00,117.00,-117.00,3.999,0.196,-0.084,1.7960,0.2810,-0.4220,297.475860,41.114288,13.109
3240158,K01106.03,,CANDIDATE,CANDIDATE,0.9490,0,0,0,0,13.229820300,2.7830000e-04,-2.7830000e-04,134.3757000,1.950000e-02,-1.950000e-02,0.4350,0.0460,-0.4140,3.56600,0.67900,-0.67900,1.5780e+02,1.500e+01,-1.500e+01,1.50,2.400e-01,-1.400e-01,856.0,,,126.84,51.02,-28.20,10.00,3,q1_q17_dr25_tce,6049.00,72.00,-91.00,4.353,0.076,-0.114,1.1760,0.1840,-0.1070,292.713100,38.358212,14.818
2837111,K01110.02,,CANDIDATE,CANDIDATE,0.0470,0,0,0,0,3.718408840,7.6170000e-05,-7.6170000e-05,134.6575000,1.800000e-02,-1.800000e-02,0.1920,0.2660,-0.1920,3.61100,0.51600,-0.51600,7.7200e+01,9.600e+00,-9.600e+00,0.84,2.800e-01,-9.000e-02,1184.0,,,464.19,444.36,-141.70,9.60,2,q1_q17_dr25_tce,5982.00,160.00,-195.00,4.493,0.054,-0.216,0.9600,0.3140,-0.1050,287.444090,38.088428,14.794
3241619,K06312.01,,FALSE POSITIVE,FALSE POSITIVE,0.0000,0,1,0,0,1.703347524,1.0800000e-07,-1.0800000e-07,132.4680448,5.270000e-05,-5.270000e-05,0.2230,0.0140,0.0000,3.30390,0.00222,-0.00222,5.0441e+05,3.800e+02,-3.800e+02,47.62,5.590e+00,-3.010e+00,1202.0,,,495.27,200.20,-105.52,1288.00,1,q1_q17_dr25_tce,5325.00,159.00,-143.00,4.657,0.039,-0.066,0.6480,0.0760,-0.0410,293.094940,38.361252,12.524
3241662,K06313.01,,FALSE POSITIVE,FALSE POSITIVE,0.0000,0,0,1,1,1.703329150,1.3030000e-05,-1.3030000e-05,132.4729400,5.900000e-03,-5.900000e-03,0.3070,0.1440,-0.3070,1.66300,0.17500,-0.17500,9.8500e+01,1.330e+01,-1.330e+01,0.86,2.600e-01,-8.000e-02,1420.0,,,965.03,858.81,-263.93,8.90,1,q1_q17_dr25_tce,5749.00,153.00,-170.00,4.547,0.036,-0.204,0.8640,0.2630,-0.0820,293.105680,38.374340,15.191
3245000,K06314.01,,FALSE POSITIVE,FALSE POSITIVE,0.0000,0,0,1,0,20.413812000,3.2210000e-04,-3.2210000e-04,148.5092000,1.330000e-02,-1.330000e-02,1.1580,6.8270,-0.0270,5.80600,0.74800,-0.74800,4.9640e+02,5.260e+01,-5.260e+01,16.50,4.010e+00,-1.340e+00,586.0,,,27.84,20.61,-7.04,11.60,1,q1_q17_dr25_tce,5514.00,166.00,-166.00,4.569,0.038,-0.161,0.8260,0.2010,-0.0670,293.900910,38.308689,15.380
3246867,K06315.01,,CANDIDATE,CANDIDATE,,0,0,0,0,5.327371920,5.6740000e-05,-5.6740000e-05,133.2711400,9.890000e-03,-9.890000e-03,0.3554,0.0958,-0.3553,2.22600,0.33900,-0.33900,1.0770e+02,1.790e+01,-1.790e+01,0.70,1.000e-01,-7.000e-02,782.0,,,88.33,40.70,-23.20,6.80,1,q1_q17_dr24_tce,4905.00,149.00,-133.00,4.593,0.058,-0.058,0.6790,0.0940,-0.0630,294.341460,38.340519,14.440
3247294,K06316.01,,FALSE POSITIVE,FALSE POSITIVE,0.0000,0,1,0,0,67.419585420,1.8600000e-05,-1.8600000e-05,133.4311220,1.960000e-04,-1.960000e-04,0.7200,0.0760,-0.0340,7.64500,0.01340,-0.01340,1.8217e+05,3.290e+02,-3.290e+02,49.46,1.285e+01,-6.890e+00,470.0,,,11.48,8.79,-3.94,836.00,1,q1_q17_dr25_tce,6071.00,163.00,-181.00,4.425,0.116,-0.188,0.9620,0.2500,-0.1340,294.439910,38.380840,13.924
3248332,K06317.01,,FALSE POSITIVE,FALSE POSITIVE,0.0000,1,0,0,0,7.363572395,5.2120000e-06,-5.2120000e-06,138.7044200,5.820000e-04,-5.820000e-04,0.9220,0.0880,-0.0380,5.75450,0.03320,-0.03320,1.2970e+05,6.770e+02,-6.770e+02,82.22,2.699e+01,-1.657e+01,1287.0,,,649.25,611.60,-294.98,224.90,2,q1_q17_dr25_tce,6793.00,165.00,-259.00,4.208,0.124,-0.186,1.5080,0.4950,-0.3040,294.664670,38.333000,13.102
3249334,K06318.01,,CANDIDATE,CANDIDATE,,0,0,0,0,5.902605860,5.0020000e-05,-5.0020000e-05,136.3550700,7.110000e-03,-7.110000e-03,0.1049,0.3559,-0.1048,1.83200,0.20100,-0.20100,3.3770e+02,4.460e+01,-4.460e+01,1.26,1.800e-01,-9.000e-02,759.0,,,78.58,35.35,-18.10,8.20,1,q1_q17_dr24_tce,4960.00,147.00,-137.00,4.627,0.027,-0.027,0.7070,0.0960,-0.0510,294.878880,38.397812,15.734
3323289,K06319.01,,FALSE POSITIVE,FALSE POSITIVE,0.0000,0,1,0,0,33.693201537,4.4280000e-06,-4.4280000e-06,158.8667240,1.060000e-04,-1.060000e-04,0.3790,0.0050,-0.0040,7.44219,0.00616,-0.00616,5.0877e+05,3.680e+02,-3.680e+02,68.86,1.455e+01,-1.011e+01,518.0,,,17.07,11.09,-5.92,1618.40,1,q1_q17_dr25_tce,5427.00,161.00,-145.00,4.448,0.117,-0.156,0.8990,0.1900,-0.1320,285.336580,38.450520,14.898
3324069,K06320.01,,CANDIDATE,CANDIDATE,,0,0,0,0,22.802650000,2.5540000e-03,-2.5540000e-03,132.9476000,9.980000e-02,-9.980000e-02,0.1018,0.3329,-0.1015,19.34000,3.10000,-3.10000,5.3100e+01,6.800e+00,-6.800e+00,2.36,1.920e+00,-4.600e-01,1045.0,,,281.59,739.39,-115.18,11.80,1,q1_q17_dr24_tce,5011.00,125.00,-107.00,3.321,0.214,-0.214,3.3240,2.7010,-0.6560,285.640930,38.418732,13.124
4758350,K06447.01,,FALSE POSITIVE,FALSE POSITIVE,0.0000,0,1,0,0,1.120997701,6.0020000e-06,-6.0020000e-06,131.4848600,5.060000e-03,-5.060000e-03,1.1140,0.0210,-0.1190,11.24300,0.77300,-0.77300,1.4560e+02,7.200e+00,-7.200e+00,66.58,4.740e+00,-2.687e+01,3992.0,,,60096.61,16554.14,-41379.69,58.10,1,q1_q17_dr25_tce,6720.00,180.00,-220.00,3.373,0.366,-0.065,4.8450,0.3450,-1.9550,294.931980,39.812420,12.964
4758368,K06448.01,,FALSE POSITIVE,FALSE POSITIVE,0.0000,0,1,0,0,1.874967748,3.3100000e-07,-3.3100000e-07,132.7015530,1.440000e-04,-1.440000e-04,0.8170,0.0020,-0.0020,10.01590,0.01340,-0.01340,3.1526e+04,3.860e+01,-3.860e+01,378.99,4.455e+01,-1.336e+02,4440.0,,,91765.97,28432.06,-55761.64,1566.60,1,q1_q17_dr25_tce,4588.00,55.00,-75.00,2.232,0.176,-0.095,18.3280,2.1540,-6.4630,294.936370,39.852482,10.805
4760959,K06449.01,,CANDIDATE,CANDIDATE,,0,0,0,0,29.931517400,7.0200000e-04,-7.0200000e-04,135.0082000,2.500000e-02,-2.500000e-02,0.5986,0.0750,-0.5007,2.53000,1.10000,-1.10000,3.5300e+02,1.420e+02,-1.420e+02,1.58,5.900e-01,-1.200e-01,517.0,,,16.90,18.98,-3.87,5.60,1,q1_q17_dr24_tce,5551.00,172.00,-142.00,4.570,0.029,-0.029,0.8090,0.3000,-0.0610,295.526180,39.806839,15.671
4764969,K06450.01,,CANDIDATE,CANDIDATE,,0,0,0,0,0.602277579,8.6830000e-06,-8.6830000e-06,131.5303000,1.120000e-02,-1.120000e-02,0.7502,0.0469,-0.5325,2.38000,0.54800,-0.54800,3.4600e+01,6.000e+00,-6.000e+00,0.78,2.900e-01,-1.400e-01,2699.0,,,12545.82,13176.69,-5080.38,26.70,1,q1_q17_dr24_tce,6510.00,162.00,-196.00,4.256,0.162,-0.162,1.2280,0.4460,-0.2210,296.322020,39.856049,12.361
4768756,K06451.01,,FALSE POSITIVE,FALSE POSITIVE,0.0000,0,0,1,1,2.404401120,3.0620000e-05,-3.0620000e-05,133.1975000,1.180000e-02,-1.180000e-02,0.6690,0.2710,-0.4500,5.49000,0.34800,-0.34800,2.7100e+01,1.900e+00,-1.900e+00,0.42,3.000e-02,-3.000e-02,1172.0,,,447.52,91.32,-82.53,16.70,1,q1_q17_dr25_tce,5433.00,75.00,-86.00,4.550,0.055,-0.055,0.7690,0.0520,-0.0520,297.117400,39.859112,12.632
4769824,K06452.01,,FALSE POSITIVE,FALSE POSITIVE,0.0000,0,0,1,1,21.926779000,6.5720000e-04,-6.5720000e-04,135.5453000,3.340000e-02,-3.340000e-02,0.5420,0.4310,-0.3250,10.05000,1.30000,-1.30000,1.9860e+02,4.110e+01,-4.110e+01,1.26,3.700e-01,-1.200e-01,618.0,,,34.52,30.45,-10.06,10.50,1,q1_q17_dr25_tce,5853.00,182.00,-203.00,4.544,0.036,-0.192,0.8680,0.2520,-0.0840,297.322390,39.872990,15.407
4773155,K06453.01,,FALSE POSITIVE,FALSE POSITIVE,0.0000,0,1,0,0,25.706001174,4.1250000e-06,-4.1250000e-06,156.6442150,1.320000e-04,-1.320000e-04,0.4300,0.0040,-0.0040,10.96900,0.00758,-0.00758,4.6496e+05,2.770e+02,-2.770e+02,67.11,1.798e+01,-7.730e+00,579.0,,,26.55,20.92,-8.15,2008.10,1,q1_q17_dr25_tce,5642.00,152.00,-169.00,4.498,0.060,-0.180,0.9030,0.2420,-0.1040,297.982640,39.894081,13.592
4830859,K06454.01,,CANDIDATE,CANDIDATE,,0,0,0,0,27.217385500,5.8900000e-04,-5.8900000e-04,144.6728000,1.640000e-02,-1.640000e-02,0.6516,0.2954,-0.4299,3.26800,0.52400,-0.52400,1.5590e+02,3.030e+01,-3.030e+01,1.34,5.000e-01,-1.600e-01,667.0,,,46.80,51.79,-15.41,6.70,1,q1_q17_dr24_tce,6263.00,179.00,-205.00,4.404,0.087,-0.087,1.0190,0.3790,-0.1270,290.311340,39.980690,15.000
4832273,K06455.01,,FALSE POSITIVE,FALSE POSITIVE,,1,0,0,0,501.907030000,4.2650000e-02,-4.2650000e-02,205.6190000,4.160000e-02,-4.160000e-02,0.0805,0.3611,-0.0805,12.43000,1.90000,-1.90000,3.0690e+02,3.980e+01,-3.980e+01,1.83,7.900e-01,-2.000e-01,254.0,,,0.99,1.27,-0.30,10.30,1,q1_q17_dr24_tce,6316.00,165.00,-206.00,4.413,0.069,-0.069,1.0360,0.4510,-0.1110,290.762510,39.910648,14.131
5353938,K06568.01,,CANDIDATE,CANDIDATE,0.9510,0,0,0,0,6.276515920,5.8720000e-05,-5.8720000e-05,136.1803200,8.070000e-03,-8.070000e-03,0.1720,0.2810,-0.1720,1.97300,0.20200,-0.20200,1.6600e+02,2.290e+01,-2.290e+01,0.65,7.000e-02,-6.000e-02,532.0,,,18.89,6.55,-5.34,8.90,1,q1_q17_dr25_tce,3914.00,97.00,-107.00,4.748,0.050,-0.050,0.5150,0.0540,-0.0540,289.159550,40.511810,15.516
5359678,K06569.01,,FALSE POSITIVE,FALSE POSITIVE,0.0000,0,1,0,0,3.115304946,2.6500000e-07,-2.6500000e-07,133.1240488,6.960000e-05,-6.960000e-05,0.8900,0.0110,-0.0110,4.88748,0.00300,-0.00300,1.4952e+05,1.010e+02,-1.010e+02,61.66,1.781e+01,-7.600e+00,1404.0,,,918.39,759.24,-293.85,1398.80,1,q1_q17_dr25_tce,6367.00,153.00,-192.00,4.419,0.062,-0.188,1.0870,0.3140,-0.1340,290.951320,40.547970,14.154
5380812,K06570.01,,CANDIDATE,CANDIDATE,,0,0,0,0,16.214474000,4.3650000e-04,-4.3650000e-04,136.4350000,1.900000e-02,-1.900000e-02,0.6311,0.3254,-0.4280,4.14900,0.67600,-0.67600,1.6170e+02,2.340e+01,-2.340e+01,3.53,1.070e+00,-1.230e+00,1256.0,,,587.82,532.86,-378.39,9.40,4,q1_q17_dr24_tce,6801.00,200.00,-295.00,3.833,0.277,-0.277,2.6370,0.7990,-0.9170,296.562320,40.590939,10.896
5385469,K06571.01,,FALSE POSITIVE,FALSE POSITIVE,0.0000,1,0,0,1,12.422524000,1.2350000e-03,-1.2350000e-03,141.8750000,7.970000e-02,-7.970000e-02,0.5660,0.4180,-0.3590,13.55000,1.60000,-1.60000,3.3900e+01,6.000e+00,-6.000e+00,0.86,3.100e-01,-1.100e-01,1107.0,,,354.37,392.42,-129.89,6.70,1,q1_q17_dr25_tce,7225.00,228.00,-314.00,4.281,0.072,-0.217,1.4140,0.5150,-0.1840,297.594850,40.512299,13.087
5385647,K06572.01,,FALSE POSITIVE,FALSE POSITIVE,,0,1,0,1,12.426926400,2.5920000e-04,-2.5920000e-04,141.4499000,1.630000e-02,-1.630000e-02,0.0400,0.4053,-0.0399,21.82600,0.45300,-0.45300,1.2660e+02,5.100e+00,-5.100e+00,1.66,1.020e+00,-6.900e-01,906.0,,,159.50,313.18,-110.24,28.30,1,q1_q17_dr24_tce,5349.00,173.00,-146.00,4.044,0.441,-0.441,1.5050,0.9260,-0.6210,297.634520,40.526520,13.994
5385667,K06573.01,,FALSE POSITIVE,FALSE POSITIVE,0.0000,1,0,1,1,12.426180900,3.8480000e-04,-3.8480000e-04,141.5307000,3.070000e-02,-3.070000e-02,0.9800,0.1060,-0.0050,29.09000,2.00000,-2.00000,9.2200e+01,2.600e+00,-2.600e+00,1.88,5.100e-01,-6.300e-01,976.0,,,214.85,172.60,-130.41,39.00,1,q1_q17_dr25_tce,5948.00,161.00,-178.00,4.106,0.350,-0.150,1.4320,0.3910,-0.4780,297.640590,40.531952,13.219
5388229,K06574.01,,FALSE POSITIVE,FALSE POSITIVE,,1,0,0,0,0.618105420,8.5600000e-07,-8.5600000e-07,131.7448800,1.290000e-03,-1.290000e-03,1.2326,0.0244,-0.2874,6.66600,0.33400,-0.33400,1.2264e+04,1.977e+03,-1.977e+03,39.52,2.404e+01,-5.580e+00,1994.0,,,3735.52,7260.95,-1269.90,118.70,1,q1_q17_dr24_tce,5371.00,177.00,-147.00,4.403,0.130,-0.130,0.9490,0.5770,-0.1340,298.211180,40.512501,14.684
5389184,K06575.01,,FALSE POSITIVE,FALSE POSITIVE,0.0000,0,0,1,0,1.069951360,5.4810000e-06,-5.4810000e-06,132.3046900,4.660000e-03,-4.660000e-03,0.1760,0.2920,-0.1760,1.32200,0.14700,-0.14700,5.4800e+01,6.100e+00,-6.100e+00,0.90,2.700e-01,-1.900e-01,1991.0,,,3730.45,3282.05,-1718.47,10.80,1,q1_q17_dr25_tce,5869.00,176.00,-176.00,4.274,0.185,-0.185,1.2210,0.3570,-0.2680,298.400090,40.585670,14.174
6421483,K06703.01,,FALSE POSITIVE,FALSE POSITIVE,0.0000,0,1,0,0,2.158398259,2.3150000e-06,-2.3150000e-06,131.8940540,9.420000e-04,-9.420000e-04,0.9960,0.0430,-0.0440,8.16330,0.08850,-0.08850,9.3038e+04,5.750e+02,-5.750e+02,101.02,6.583e+01,-6.582e+01,1829.0,,,2649.52,5386.44,-2361.10,217.00,1,q1_q17_dr25_tce,5210.00,140.00,-140.00,3.778,0.892,-0.297,1.9460,1.2680,-1.2680,283.045100,41.860062,13.024
6421937,K06704.01,,FALSE POSITIVE,FALSE POSITIVE,,0,1,0,0,359.534371000,4.3410000e-03,-4.3410000e-03,218.6861300,9.320000e-03,-9.320000e-03,100.8060,0.1296,-34.1000,24.20500,0.51900,-0.51900,5.7320e+03,1.250e+02,-1.250e+02,64333.80,4.504e+03,-1.646e+04,491.0,,,13.70,3.12,-7.05,96.00,2,q1_q17_dr24_tce,5087.00,89.00,-165.00,3.183,0.031,-0.031,5.8990,0.4130,-1.5090,283.256590,41.803150,13.925
6423922,K06705.01,,CANDIDATE,CANDIDATE,0.4130,0,0,0,0,0.995141200,1.0140000e-05,-1.0140000e-05,131.5268000,1.050000e-02,-1.050000e-02,0.9980,0.3510,-0.0200,5.58800,0.51300,-0.51300,1.0170e+02,7.300e+00,-7.300e+00,0.22,1.400e-01,-1.000e-02,509.0,,,15.69,34.56,-1.02,17.60,1,q1_q17_dr25_tce,3325.00,117.00,-25.00,5.364,0.012,-0.228,0.1090,0.0730,-0.0020,284.239900,41.819042,15.673
6428942,K06706.01,,FALSE POSITIVE,FALSE POSITIVE,,1,0,0,0,534.866680000,1.4080000e-02,-1.4080000e-02,209.0227000,4.670000e-02,-4.670000e-02,0.1130,0.4122,-0.1130,8.19000,2.60000,-2.60000,5.6500e+02,1.150e+02,-1.150e+02,4.30,2.140e+00,-1.250e+00,328.0,,,2.74,4.08,-1.58,8.30,1,q1_q17_dr24_tce,6668.00,174.00,-282.00,4.074,0.205,-0.205,1.7910,0.8930,-0.5200,286.676970,41.826874,13.845
6436505,K06707.01,,CANDIDATE,CANDIDATE,0.9930,0,0,0,0,43.535891000,4.2270000e-04,-4.2270000e-04,155.2005500,8.680000e-03,-8.680000e-03,0.2580,0.2140,-0.2580,4.71200,0.24700,-0.24700,5.7660e+02,4.540e+01,-4.540e+01,1.86,3.300e-01,-1.600e-01,444.0,,,9.19,5.25,-2.28,13.90,1,q1_q17_dr25_tce,5481.00,166.00,-149.00,4.592,0.032,-0.120,0.7780,0.1410,-0.0650,289.707030,41.843540,15.857
6437993,K06708.01,,FALSE POSITIVE,FALSE POSITIVE,0.0000,1,0,0,0,1.397975420,4.0390000e-05,-4.0390000e-05,131.6767000,2.300000e-02,-2.300000e-02,0.0770,0.4000,-0.0770,9.06000,1.00000,-1.00000,4.3200e+01,4.100e+00,-4.100e+00,0.49,5.000e-02,-6.000e-02,1316.0,,,709.80,267.62,-208.87,15.50,1,q1_q17_dr25_tce,5074.00,136.00,-136.00,4.536,0.075,-0.067,0.7610,0.0860,-0.0860,290.185210,41.867222,12.763
6442246,K06709.01,,FALSE POSITIVE,FALSE POSITIVE,0.0000,0,0,0,1,2.212749800,1.0460000e-04,-1.0460000e-04,132.7452000,5.560000e-02,-5.560000e-02,0.2290,0.2140,-0.2290,3.05400,0.45900,-0.45900,2.2700e+01,2.900e+00,-2.900e+00,0.68,1.400e-01,-2.000e-01,1801.0,,,2494.14,1591.18,-1352.41,9.30,1,q1_q17_dr25_tce,6195.00,167.00,-167.00,4.106,0.273,-0.117,1.4050,0.3000,-0.4010,291.600770,41.830639,13.386
6443392,K06710.01,,FALSE POSITIVE,FALSE POSITIVE,0.0000,1,0,0,0,0.776976021,3.1000000e-08,-3.1000000e-08,132.2745574,3.260000e-05,-3.260000e-05,1.2220,0.0210,-0.0210,1.95401,0.00344,-0.00344,2.1245e+04,4.600e+00,-4.600e+00,48.15,1.507e+01,-6.470e+00,2083.0,,,4459.03,4247.47,-1605.37,1582.90,2,q1_q17_dr25_tce,5999.00,190.00,-232.00,4.423,0.070,-0.210,1.0420,0.3260,-0.1400,291.992980,41.884125,12.723
7137798,K06836.01,,FALSE POSITIVE,FALSE POSITIVE,0.0000,0,1,0,0,2.253537390,4.0900000e-07,-4.0900000e-07,132.4867080,1.510000e-04,-1.510000e-04,0.8200,0.0190,-0.0160,5.74622,0.00861,-0.00861,1.8283e+05,2.250e+02,-2.250e+02,96.65,2.832e+01,-2.576e+01,2056.0,,,4215.56,3644.03,-2300.90,904.80,1,q1_q17_dr25_tce,6951.00,192.00,-288.00,4.119,0.209,-0.171,1.6620,0.4870,-0.4430,297.137760,42.680000,13.451
7177553,K06837.01,,FALSE POSITIVE,FALSE POSITIVE,0.0000,0,1,0,0,17.996461480,1.2520000e-06,-1.2520000e-06,139.5431461,5.590000e-05,-5.590000e-05,1.0910,0.0270,-0.0310,4.65638,0.00238,-0.00238,6.2755e+04,2.360e+01,-2.360e+01,114.45,3.501e+01,-7.002e+01,1004.0,,,240.38,227.20,-208.37,1951.80,1,q1_q17_dr25_tce,5684.00,190.00,-173.00,3.788,0.656,-0.164,2.2490,0.6880,-1.3760,283.012120,42.721272,11.511
7177892,K06838.01,,FALSE POSITIVE,FALSE POSITIVE,0.0000,0,1,0,0,1.386249249,2.3000000e-07,-2.3000000e-07,132.7422060,1.360000e-04,-1.360000e-04,1.1350,0.0350,-0.0300,2.99104,0.00809,-0.00809,4.7188e+04,8.690e+01,-8.690e+01,78.60,2.283e+01,-2.283e+01,2137.0,,,4939.80,4366.47,-2813.33,560.00,1,q1_q17_dr25_tce,6226.00,195.00,-239.00,4.135,0.240,-0.180,1.5940,0.4630,-0.4630,283.169010,42.792114,11.766
7185487,K06839.01,,FALSE POSITIVE,FALSE POSITIVE,,1,0,0,0,0.534829110,5.2980000e-05,-5.2980000e-05,131.7369000,5.320000e-02,-5.320000e-02,0.3597,0.1315,-0.3595,0.99600,0.21600,-0.21600,7.0400e+02,1.100e+02,-1.100e+02,0.54,1.400e-01,-1.300e-01,753.0,,,75.82,49.91,-35.62,9.80,1,q1_q17_dr24_tce,3229.00,50.00,-50.00,5.080,0.060,-0.060,0.2010,0.0500,-0.0500,286.618960,42.778561,16.670
7198648,K06840.01,,FALSE POSITIVE,FALSE POSITIVE,0.0000,1,0,0,1,0.566799833,2.0620000e-06,-2.0620000e-06,131.6409400,4.030000e-03,-4.030000e-03,0.8510,0.0520,-0.5880,5.54300,0.14900,-0.14900,1.9800e+02,1.670e+01,-1.670e+01,1.27,2.700e-01,-1.100e-01,1900.0,,,3084.60,2042.90,-846.32,54.00,1,q1_q17_dr25_tce,5488.00,182.00,-182.00,4.584,0.036,-0.135,0.7890,0.1640,-0.0700,291.283110,42.741859,15.524
7199935,K06841.01,,FALSE POSITIVE,FALSE POSITIVE,0.0000,1,0,1,1,0.566795728,5.4280000e-06,-5.4280000e-06,131.8148000,1.050000e-02,-1.050000e-02,0.6530,0.0350,-0.5180,2.79000,0.69100,-0.69100,1.8900e+01,2.200e+00,-2.200e+00,0.64,1.300e-01,-1.600e-01,2755.0,,,13656.59,8619.97,-6906.06,12.40,1,q1_q17_dr25_tce,6130.00,167.00,-167.00,4.151,0.210,-0.123,1.3930,0.2930,-0.3580,291.657590,42.729649,13.379
7200102,K06842.01,,FALSE POSITIVE,FALSE POSITIVE,0.0000,0,1,0,0,14.665759784,1.3210000e-06,-1.3210000e-06,139.5741023,7.350000e-05,-7.350000e-05,0.5760,0.0130,-0.0160,3.65814,0.00325,-0.00325,3.3698e+05,2.000e+02,-2.000e+02,67.17,1.971e+01,-1.213e+01,712.0,,,60.89,53.62,-24.21,1143.60,1,q1_q17_dr25_tce,5385.00,160.00,-144.00,4.369,0.162,-0.198,1.0020,0.2940,-0.1810,291.708280,42.797001,15.213
7200225,K06843.01,,FALSE POSITIVE,FALSE POSITIVE,0.0000,1,0,1,1,0.566780836,6.5310000e-06,-6.5310000e-06,131.8749000,1.040000e-02,-1.040000e-02,0.0050,0.4920,-0.0050,4.93700,0.33100,-0.33100,6.0900e+01,6.500e+00,-6.500e+00,0.75,2.200e-01,-8.000e-02,2204.0,,,5608.62,4985.45,-1697.83,18.70,1,q1_q17_dr25_tce,5949.00,184.00,-226.00,4.493,0.050,-0.200,0.9620,0.2820,-0.0940,291.743350,42.769482,15.328
8488381,K07888.01,,CANDIDATE,CANDIDATE,0.5320,0,0,0,0,4.736815600,1.4700000e-04,-1.4700000e-04,131.7876000,2.560000e-02,-2.560000e-02,0.2180,0.2850,-0.2180,2.84000,1.00000,-1.00000,3.5300e+01,1.260e+01,-1.260e+01,0.60,2.000e-01,-6.000e-02,1137.0,,,395.05,377.30,-120.72,6.90,1,q1_q17_dr25_tce,6088.00,165.00,-201.00,4.456,0.056,-0.224,1.0110,0.3290,-0.1100,289.203310,44.505138,13.922
8111622,K06968.01,,FALSE POSITIVE,FALSE POSITIVE,0.0000,0,1,0,0,15.446059620,8.6100000e-07,-8.6100000e-07,145.5341274,4.540000e-05,-4.540000e-05,0.3000,0.0080,-0.0070,4.59630,0.00183,-0.00183,3.3091e+05,2.650e+02,-2.650e+02,52.93,1.622e+01,-5.430e+00,701.0,,,57.04,51.24,-16.85,2025.20,1,q1_q17_dr25_tce,5838.00,157.00,-192.00,4.529,0.038,-0.212,0.8970,0.2750,-0.0920,296.438540,43.965961,15.488
8112013,K06969.01,,FALSE POSITIVE,FALSE POSITIVE,0.2760,0,1,0,0,1.790518325,7.4000000e-08,-7.4000000e-08,132.9384734,3.430000e-05,-3.430000e-05,0.6430,0.0090,-0.0040,3.34624,0.00323,-0.00323,6.1542e+04,2.830e+01,-2.830e+01,32.19,9.670e+00,-4.830e+00,1850.0,,,2761.65,2341.35,-996.21,2493.30,1,q1_q17_dr25_tce,6586.00,148.00,-198.00,4.319,0.101,-0.188,1.2190,0.3660,-0.1830,296.555940,43.967758,12.450
8115647,K06970.01,,CANDIDATE,CANDIDATE,0.9870,0,0,0,0,40.769854100,6.1920000e-04,-6.1920000e-04,158.8636300,9.630000e-03,-9.630000e-03,0.2020,0.2510,-0.2020,2.99700,0.50100,-0.50100,2.3980e+02,3.910e+01,-3.910e+01,1.87,3.100e-01,-2.500e-01,585.0,,,27.73,11.69,-8.06,8.80,1,q1_q17_dr25_tce,5884.00,70.00,-79.00,4.306,0.115,-0.115,1.2100,0.1990,-0.1630,297.468570,43.982010,14.908
8120820,K06971.01,,CANDIDATE,CANDIDATE,0.3580,0,0,0,0,129.222771000,2.6820000e-03,-2.6820000e-03,255.1859000,1.180000e-02,-1.180000e-02,0.8670,0.0870,-0.6600,7.27200,0.41500,-0.41500,4.4530e+02,4.220e+01,-4.220e+01,2.01,8.000e-02,-1.300e-01,288.0,,,1.63,0.25,-0.30,12.00,1,q1_q17_dr25_tce,4934.00,81.00,-81.00,4.515,0.067,-0.022,0.8090,0.0310,-0.0540,298.700010,43.976490,14.784
8123170,K06972.01,,FALSE POSITIVE,FALSE POSITIVE,,1,0,0,0,1.039050820,1.2990000e-05,-1.2990000e-05,132.5348000,1.120000e-02,-1.120000e-02,0.4522,0.0165,-0.4521,3.03500,0.33000,-0.33000,4.3800e+01,5.200e+00,-5.200e+00,0.87,3.500e-01,-1.600e-01,2297.0,,,6581.45,7865.56,-2841.29,9.90,1,q1_q17_dr24_tce,6558.00,179.00,-232.00,4.239,0.163,-0.163,1.2800,0.5170,-0.2430,299.276120,43.936829,13.835
8123937,K06973.01,,FALSE POSITIVE,FALSE POSITIVE,,1,0,1,0,0.503201954,1.5870000e-06,-1.5870000e-06,131.7843600,2.420000e-03,-2.420000e-03,0.3279,0.5432,-0.1843,0.16700,0.46000,-0.46000,4.3000e+01,9.000e+00,-9.000e+00,2.99,7.900e-01,-1.370e+00,3550.0,,,37526.28,30096.85,-28001.38,8.00,1,q1_q17_dr24_tce,6157.00,190.00,-226.00,3.827,0.403,-0.403,2.3060,0.6070,-1.0540,299.482060,43.916603,11.626
8128965,K06974.01,,FALSE POSITIVE,FALSE POSITIVE,0.0000,0,1,0,0,7.140373046,4.5600000e-07,-4.5600000e-07,138.0080120,5.290000e-05,-5.290000e-05,0.3090,0.0060,-0.0030,7.07032,0.00262,-0.00262,2.0526e+05,8.020e+01,-8.020e+01,61.56,1.584e+01,-1.764e+01,1132.0,,,388.56,294.99,-213.55,3250.00,1,q1_q17_dr25_tce,5945.00,161.00,-179.00,4.168,0.293,-0.158,1.3330,0.3430,-0.3820,300.773100,43.962132,13.232
8129189,K06975.01,,FALSE POSITIVE,FALSE POSITIVE,0.0000,0,1,0,0,53.647084859,9.4070000e-06,-9.4070000e-06,152.9720400,1.420000e-04,-1.420000e-04,0.4320,0.0020,-0.0010,19.94990,0.00925,-0.00925,2.1910e+05,9.900e+01,-9.900e+01,142.04,3.948e+01,-2.630e+01,753.0,,,75.91,59.56,-29.89,3272.40,1,q1_q17_dr25_tce,5261.00,118.00,-118.00,3.506,0.153,-0.187,2.9430,0.8180,-0.5450,300.833070,43.962311,12.479
8878681,K07103.01,,FALSE POSITIVE,FALSE POSITIVE,0.0030,0,1,0,0,2.496328637,1.4300000e-07,-1.4300000e-07,132.2054088,4.810000e-05,-4.810000e-05,1.1990,0.0890,-0.0230,2.73115,0.00138,-0.00138,2.0527e+04,2.500e+01,-2.500e+01,112.28,2.074e+01,-3.856e+01,2317.0,,,6804.42,3622.42,-4229.97,1412.40,1,q1_q17_dr25_tce,6757.00,150.00,-217.00,3.842,0.273,-0.117,2.6150,0.4830,-0.8980,289.231570,45.164322,11.211
8879427,K07104.01,,FALSE POSITIVE,FALSE POSITIVE,0.0000,0,1,0,0,16.313281240,2.1560000e-06,-2.1560000e-06,136.8539810,1.120000e-04,-1.120000e-04,0.7680,0.0100,-0.0020,4.45731,0.00732,-0.00732,7.1589e+04,1.180e+02,-1.180e+02,30.85,9.450e+00,-4.050e+00,747.0,,,73.51,67.63,-24.98,982.30,1,q1_q17_dr25_tce,6008.00,180.00,-198.00,4.440,0.070,-0.210,1.0060,0.3080,-0.1320,289.536680,45.105141,14.524
8879915,K07105.01,,FALSE POSITIVE,FALSE POSITIVE,0.0000,0,1,0,0,1.721313779,1.9500000e-07,-1.9500000e-07,132.5318957,9.440000e-05,-9.440000e-05,0.3150,0.0070,-0.0040,3.54768,0.00441,-0.00441,5.3462e+05,6.110e+02,-6.110e+02,83.69,2.464e+01,-1.326e+01,1627.0,,,1658.35,1431.25,-630.89,742.80,1,q1_q17_dr25_tce,5960.00,160.00,-196.00,4.371,0.124,-0.186,1.0730,0.3160,-0.1700,289.745150,45.187160,15.187
8881169,K07106.01,,CANDIDATE,CANDIDATE,0.9810,0,0,0,0,5.018803050,3.8820000e-05,-3.8820000e-05,132.2519100,6.340000e-03,-6.340000e-03,0.1720,0.2880,-0.1720,1.82300,0.18700,-0.18700,9.8700e+01,1.150e+01,-1.150e+01,1.08,3.700e-01,-1.400e-01,1178.0,,,455.98,450.97,-161.46,10.30,1,q1_q17_dr25_tce,6220.00,166.00,-222.00,4.398,0.072,-0.217,1.0830,0.3660,-0.1470,290.212550,45.134991,14.541
8890996,K07107.01,,FALSE POSITIVE,FALSE POSITIVE,0.0000,0,1,0,1,1.506507450,1.5360000e-05,-1.5360000e-05,132.9868300,8.660000e-03,-8.660000e-03,0.6770,0.2900,-0.4660,2.62200,0.28700,-0.28700,2.7800e+01,2.400e+00,-2.400e+00,1.13,2.500e-01,-3.000e-01,2498.0,,,9242.43,5892.76,-4931.67,14.40,1,q1_q17_dr25_tce,6839.00,163.00,-225.00,4.003,0.204,-0.136,2.0200,0.4460,-0.5450,293.821750,45.107750,12.491
8906676,K07108.01,,FALSE POSITIVE,FALSE POSITIVE,0.0000,0,1,0,0,8.209514329,1.4000000e-07,-1.4000000e-07,134.0632157,1.400000e-05,-1.400000e-05,1.0790,0.0510,-0.1370,4.14104,0.00191,-0.00191,1.4139e+05,1.300e+00,-1.300e+00,149.52,3.577e+01,-6.644e+01,1371.0,,,834.79,621.79,-615.53,6579.30,1,q1_q17_dr25_tce,6258.00,203.00,-248.00,3.882,0.464,-0.116,2.1110,0.5050,-0.9380,298.448550,45.104176,12.121
8938628,K07109.01,,FALSE POSITIVE,FALSE POSITIVE,0.0000,0,1,0,0,3.431126546,9.0900000e-07,-9.0900000e-07,133.5931040,2.230000e-04,-2.230000e-04,1.1610,0.1640,-0.1250,2.79860,0.01050,-0.01050,4.0248e+04,1.430e+02,-1.430e+02,47.48,1.475e+01,-1.108e+01,1251.0,,,580.05,528.37,-278.04,308.50,1,q1_q17_dr25_tce,5815.00,157.00,-174.00,4.349,0.220,-0.220,0.9690,0.3010,-0.2260,285.662600,45.217720,13.681
8940961,K07110.01,,FALSE POSITIVE,FALSE POSITIVE,0.0000,0,1,0,0,1.583334941,5.5900000e-07,-5.5900000e-07,132.3778940,2.900000e-04,-2.900000e-04,0.7810,0.2200,-0.0390,4.48540,0.01910,-0.01910,1.7707e+05,5.650e+02,-5.650e+02,52.00,1.545e+01,-6.600e+00,1548.0,,,1362.14,1216.03,-453.76,368.80,1,q1_q17_dr25_tce,5846.00,175.00,-192.00,4.472,0.065,-0.195,0.9530,0.2830,-0.1210,286.789520,45.271381,14.932
8953278,K07111.01,,CANDIDATE,CANDIDATE,,0,0,0,0,23.599190170,,,134.2797605,,,,,,2.05000,,,,,,,,,,,,,,,,1,q1_q17_dr24_tce,,,,,,,,,,291.928960,45.231838,15.365
9821078,K07234.01,,FALSE POSITIVE,FALSE POSITIVE,0.0000,1,0,0,0,8.429438192,2.9900000e-07,-2.9900000e-07,132.2922535,2.980000e-05,-2.980000e-05,0.4280,0.0060,-0.0030,3.94306,0.00090,-0.00090,4.5635e+05,1.800e+00,-1.800e+00,49.49,2.030e+00,-4.150e+00,582.0,,,27.16,6.01,-7.25,3072.50,1,q1_q17_dr25_tce,4268.00,129.00,-142.00,4.602,0.052,-0.017,0.6800,0.0280,-0.0570,286.819270,46.664780,14.117
9821428,K07235.01,,CANDIDATE,CANDIDATE,,0,0,0,0,299.706880000,3.5130000e-02,-3.5130000e-02,360.3939000,4.940000e-02,-4.940000e-02,0.1196,0.3187,-0.1196,15.39000,2.70000,-2.70000,2.3070e+02,3.430e+01,-3.430e+01,1.15,3.800e-01,-8.000e-02,237.0,,,0.75,0.75,-0.16,8.60,1,q1_q17_dr24_tce,5606.00,166.00,-141.00,4.597,0.029,-0.029,0.7600,0.2540,-0.0530,287.026150,46.686291,14.713
9837013,K07236.01,,CANDIDATE,CANDIDATE,0.9330,0,0,0,0,14.461834000,3.6020000e-04,-3.6020000e-04,137.2566000,2.220000e-02,-2.220000e-02,0.0650,0.4030,-0.0650,7.15600,0.62600,-0.62600,8.0200e+01,1.120e+01,-1.120e+01,1.05,1.800e-01,-2.100e-01,785.0,,,89.86,39.81,-35.48,9.00,1,q1_q17_dr25_tce,5457.00,81.00,-65.00,4.239,0.186,-0.124,1.1960,0.1990,-0.2430,294.293640,46.629501,14.750
9848420,K07237.01,,FALSE POSITIVE,FALSE POSITIVE,,0,0,1,0,7.932019100,2.7020000e-04,-2.7020000e-04,136.4321000,2.580000e-02,-2.580000e-02,0.5896,0.0494,-0.4519,8.18000,1.00000,-1.00000,1.2510e+02,1.510e+01,-1.510e+01,1.04,8.800e-01,-1.200e-01,811.0,,,102.05,296.22,-32.35,8.80,1,q1_q17_dr24_tce,5219.00,194.00,-160.00,4.441,0.108,-0.108,0.9050,0.7570,-0.1090,298.054900,46.633461,15.223
9850387,K07238.01,,FALSE POSITIVE,FALSE POSITIVE,0.0000,0,1,0,0,1.374249107,4.0700000e-07,-4.0700000e-07,131.6629680,2.320000e-04,-2.320000e-04,0.7710,0.1420,-0.0390,5.31810,0.01670,-0.01670,1.3666e+05,3.720e+02,-3.720e+02,96.85,2.402e+01,-3.603e+01,2725.0,,,13078.76,9664.34,-8769.42,520.30,1,q1_q17_dr25_tce,7053.00,197.00,-310.00,3.958,0.315,-0.135,2.1210,0.5260,-0.7890,298.592380,46.690529,13.549
9850912,K07239.01,,FALSE POSITIVE,FALSE POSITIVE,0.0000,0,0,1,1,8.480473700,1.1760000e-04,-1.1760000e-04,135.8340000,1.110000e-02,-1.110000e-02,0.3300,0.1260,-0.3300,6.15700,0.31000,-0.31000,3.3700e+02,2.730e+01,-2.730e+01,1.85,5.400e-01,-2.000e-01,930.0,,,176.51,157.77,-55.51,14.50,1,q1_q17_dr25_tce,6092.00,189.00,-232.00,4.471,0.050,-0.200,0.9980,0.2940,-0.1050,298.735020,46.699791,15.790
9852050,K07240.01,,FALSE POSITIVE,FALSE POSITIVE,,1,0,0,0,0.942421560,,,132.1165604,,,,,,1.89000,,,,,,,,,,,,,,,,1,q1_q17_dr24_tce,,,,,,,,,,299.074860,46.658920,13.806
9873869,K07241.01,,FALSE POSITIVE,FALSE POSITIVE,0.0000,0,1,0,0,4.994773558,1.1000000e-07,-1.1000000e-07,136.1744922,1.830000e-05,-1.830000e-05,0.4160,0.0050,-0.0020,4.48893,0.00068,-0.00068,2.5976e+05,3.440e+01,-3.440e+01,62.69,1.853e+01,-1.231e+01,1264.0,,,604.21,524.02,-258.91,5742.00,1,q1_q17_dr25_tce,6253.00,169.00,-188.00,4.271,0.185,-0.185,1.1810,0.3490,-0.2320,282.699770,46.717018,13.038
10736223,K07367.01,,FALSE POSITIVE,FALSE POSITIVE,0.0000,0,1,0,0,1.105094098,2.9000000e-08,-2.9000000e-08,132.5461998,2.190000e-05,-2.190000e-05,0.1610,0.0020,-0.0010,4.38191,0.00326,-0.00326,7.3050e+05,5.070e+02,-5.070e+02,267.59,2.871e+01,-1.148e+02,3771.0,,,47811.67,17613.23,-34676.54,3732.80,1,q1_q17_dr25_tce,8011.00,223.00,-335.00,3.773,0.399,-0.070,2.9270,0.3140,-1.2560,293.846220,48.050251,13.651
10736489,K07368.01,Kepler-1974 b,CONFIRMED,CANDIDATE,1.0000,0,0,0,0,6.842939000,,,137.0596000,,,,,,2.80000,,,,,,,,,,,,99.24,96.28,-23.98,,1,q1_q17_dr25_tce,,,,,,,,,,293.947630,48.065254,12.920
10743600,K07369.01,,FALSE POSITIVE,FALSE POSITIVE,0.0000,0,1,0,0,0.817022600,4.6900000e-07,-4.6900000e-07,132.0228580,5.810000e-04,-5.810000e-04,0.8430,0.0490,-0.0410,2.97400,0.01840,-0.01840,1.6770e+05,8.300e+02,-8.300e+02,57.56,0.000e+00,0.000e+00,1947.0,,,3416.07,0.00,0.00,240.10,1,q1_q17_dr25_tce,5780.00,,,4.438,,,1.0000,,,296.383480,48.044006,17.206
10751908,K07370.01,,CANDIDATE,CANDIDATE,,0,0,0,0,4.485381450,5.0010000e-05,-5.0010000e-05,135.2908100,8.290000e-03,-8.290000e-03,0.1296,0.3051,-0.1294,2.29700,0.28200,-0.28200,1.6810e+02,2.420e+01,-2.420e+01,0.96,2.500e-01,-7.000e-02,962.0,,,202.75,161.80,-45.69,8.20,1,q1_q17_dr24_tce,5654.00,165.00,-156.00,4.607,0.031,-0.031,0.7370,0.1960,-0.0510,298.607850,48.016022,15.457
10753734,K07371.01,,FALSE POSITIVE,FALSE POSITIVE,0.0000,0,1,0,0,19.406693920,1.9010000e-06,-1.9010000e-06,149.8078260,7.670000e-05,-7.670000e-05,0.4240,0.0060,-0.0040,5.27765,0.00439,-0.00439,4.6452e+05,2.860e+02,-2.860e+02,57.97,1.357e+01,-4.540e+00,597.0,,,30.05,20.85,-7.18,1496.80,1,q1_q17_dr25_tce,5622.00,152.00,-152.00,4.588,0.038,-0.152,0.7780,0.1820,-0.0610,299.078280,48.021969,13.564
10794242,K07372.01,,FALSE POSITIVE,FALSE POSITIVE,0.0000,0,1,0,0,7.143708297,5.1800000e-07,-5.1800000e-07,137.8041949,6.020000e-05,-6.020000e-05,0.1620,0.0190,-0.0090,5.83451,0.00299,-0.00299,2.0268e+05,1.060e+02,-1.060e+02,44.78,1.264e+01,-7.810e+00,943.0,,,187.00,154.88,-72.70,2368.60,1,q1_q17_dr25_tce,5655.00,152.00,-152.00,4.386,0.132,-0.182,0.9920,0.2800,-0.1730,290.614780,48.186771,14.170
10794405,K07373.01,,FALSE POSITIVE,FALSE POSITIVE,0.0000,0,1,1,1,0.952377862,2.9800000e-07,-2.9800000e-07,132.3351170,2.630000e-04,-2.630000e-04,1.2480,0.0970,-0.0480,4.08690,0.01640,-0.01640,2.1223e+03,6.700e+00,-6.700e+00,28.44,7.680e+00,-3.070e+00,1713.0,,,2023.36,1604.86,-596.46,390.80,2,q1_q17_dr25_tce,5662.00,152.00,-169.00,4.524,0.058,-0.173,0.8630,0.2330,-0.0930,290.688660,48.199200,14.713
10809677,K07374.01,,FALSE POSITIVE,FALSE POSITIVE,0.0000,0,1,0,0,3.521050679,1.1220000e-06,-1.1220000e-06,134.2185450,2.500000e-04,-2.500000e-04,1.2660,0.2700,-0.1570,3.53230,0.01340,-0.01340,4.8798e+03,1.650e+01,-1.650e+01,256.20,7.660e+01,-1.422e+02,2434.0,,,8306.90,7098.02,-6897.57,337.20,1,q1_q17_dr25_tce,5149.00,123.00,-194.00,3.109,0.442,-0.238,6.6190,1.9790,-3.6750,296.478550,48.146160,13.942
10812541,K07375.01,,CANDIDATE,CANDIDATE,0.9960,0,0,0,0,4.848472450,1.6880000e-05,-1.6880000e-05,131.9095400,2.750000e-03,-2.750000e-03,0.1910,0.2770,-0.1910,0.87400,0.12500,-0.12500,5.5470e+02,6.740e+01,-6.740e+01,1.51,7.000e-02,-1.400e-01,667.0,,,46.85,11.70,-13.29,11.40,4,q1_q17_dr25_tce,4137.00,136.00,-148.00,4.625,0.053,-0.018,0.6470,0.0310,-0.0580,297.304380,48.195271,14.849
11967004,K07499.01,,FALSE POSITIVE,FALSE POSITIVE,0.0190,0,1,0,0,1.941635737,1.1900000e-07,-1.1900000e-07,133.1097354,5.030000e-05,-5.030000e-05,1.0710,0.0420,-0.0400,2.46683,0.00121,-0.00121,6.9814e+04,1.220e+01,-1.220e+01,59.71,1.986e+01,-6.630e+00,1728.0,,,2109.03,1979.62,-647.02,1243.70,1,q1_q17_dr25_tce,6525.00,145.00,-210.00,4.381,0.067,-0.202,1.1610,0.3860,-0.1290,293.680730,50.300259,13.898
11968490,K07500.01,,FALSE POSITIVE,FALSE POSITIVE,0.0000,0,1,0,0,0.539445498,7.5000000e-08,-7.5000000e-08,131.8982990,1.150000e-04,-1.150000e-04,1.2140,0.0690,-0.0650,2.28210,0.00523,-0.00523,2.5302e+04,3.430e+01,-3.430e+01,68.65,1.990e+01,-1.810e+01,2959.0,,,18153.51,15563.03,-9744.52,511.40,1,q1_q17_dr25_tce,6486.00,181.00,-250.00,4.174,0.209,-0.171,1.4560,0.4220,-0.3840,294.350160,50.351460,13.698
11970288,K07501.01,,FALSE POSITIVE,FALSE POSITIVE,0.0000,0,1,0,0,20.710685300,1.6970000e-04,-1.6970000e-04,134.0319200,6.730000e-03,-6.730000e-03,1.2520,0.6460,-0.0950,42.73700,0.35700,-0.35700,1.0030e+03,7.800e+00,-7.800e+00,89.55,1.327e+01,-2.874e+01,1246.0,,,570.64,254.71,-339.96,154.40,1,q1_q17_dr25_tce,6956.00,163.00,-225.00,3.738,0.278,-0.093,2.8880,0.4280,-0.9270,295.212550,50.316910,11.308
12004679,K07502.01,,FALSE POSITIVE,FALSE POSITIVE,0.0000,0,1,0,0,2.521245368,1.8000000e-07,-1.8000000e-07,132.8563627,5.740000e-05,-5.740000e-05,0.2310,0.0090,-0.0110,4.24027,0.00254,-0.00254,4.1838e+05,3.680e+02,-3.680e+02,56.59,1.253e+01,-6.760e+00,1241.0,,,560.57,370.03,-166.30,1495.40,1,q1_q17_dr25_tce,5605.00,152.00,-135.00,4.486,0.096,-0.156,0.8540,0.1890,-0.1020,286.425690,50.417019,13.231
12004680,K07503.01,,FALSE POSITIVE,FALSE POSITIVE,0.0000,0,0,1,1,2.521227640,2.4070000e-05,-2.4070000e-05,132.8697300,7.780000e-03,-7.780000e-03,0.2980,0.1540,-0.2980,2.24900,0.25900,-0.25900,1.2730e+02,1.680e+01,-1.680e+01,0.91,2.000e-01,-8.000e-02,1177.0,,,453.48,293.66,-114.05,8.90,1,q1_q17_dr25_tce,5546.00,149.00,-149.00,4.575,0.036,-0.144,0.8100,0.1760,-0.0700,286.427030,50.406300,15.301
12004689,K07504.01,,FALSE POSITIVE,FALSE POSITIVE,,0,0,0,1,2.521270800,3.1120000e-05,-3.1120000e-05,132.8596000,1.000000e-02,-1.000000e-02,0.3286,0.1437,-0.3285,2.70600,0.45200,-0.45200,1.6330e+02,3.010e+01,-3.010e+01,0.81,1.300e-01,-5.000e-02,1003.0,,,238.81,119.07,-49.09,7.80,1,q1_q17_dr24_tce,5110.00,157.00,-135.00,4.674,0.026,-0.026,0.6370,0.0970,-0.0380,286.431370,50.401440,15.894
12013615,K07505.01,,FALSE POSITIVE,FALSE POSITIVE,0.0000,0,1,0,0,8.202869679,2.5300000e-07,-2.5300000e-07,138.5109062,2.590000e-05,-2.590000e-05,0.5610,0.0020,-0.0040,7.29811,0.00084,-0.00084,3.4594e+05,2.400e+01,-2.400e+01,110.46,3.025e+01,-3.698e+01,1190.0,,,474.09,393.05,-290.89,6499.90,1,q1_q17_dr25_tce,6060.00,184.00,-202.00,4.059,0.329,-0.141,1.6430,0.4500,-0.5500,291.946410,50.481960,13.878
12016243,K07506.01,,CANDIDATE,CANDIDATE,1.0000,0,0,0,0,11.843611900,3.1440000e-04,-3.1440000e-04,138.0037000,2.110000e-02,-2.110000e-02,0.0670,0.3930,-0.0670,6.04400,0.49000,-0.49000,1.9930e+02,2.200e+01,-2.200e+01,1.41,4.700e-01,-1.600e-01,830.0,,,111.98,111.89,-35.48,10.40,1,q1_q17_dr25_tce,6077.00,181.00,-217.00,4.471,0.056,-0.224,0.9990,0.3330,-0.1110,293.495640,50.480640,15.193
12022517,K07507.01,,FALSE POSITIVE,FALSE POSITIVE,0.0000,0,1,0,0,3.442714533,3.7400000e-07,-3.7400000e-07,132.3912568,9.640000e-05,-9.640000e-05,1.1420,0.0570,-0.0490,3.36034,0.00368,-0.00368,6.0039e+04,4.840e+01,-4.840e+01,47.02,1.262e+01,-5.400e+00,1157.0,,,423.13,334.50,-129.82,964.80,1,q1_q17_dr25_tce,5819.00,158.00,-175.00,4.501,0.072,-0.180,0.8610,0.2310,-0.0990,296.375370,50.486801,15.715
6307521,K01126.02,,FALSE POSITIVE,FALSE POSITIVE,0.0000,0,0,1,1,475.917060000,2.8270000e-02,-2.8270000e-02,588.8926000,3.280000e-02,-3.280000e-02,1.2220,74.7100,-2.6620,22.86000,2.60000,-2.60000,9.6730e+02,8.800e+01,-8.800e+01,28.22,3.960e+00,-3.960e+00,221.0,,,0.56,0.22,-0.17,15.30,2,q1_q17_dr25_tce,5334.00,80.00,-80.00,4.372,0.127,-0.104,1.0040,0.1410,-0.1410,297.753110,41.675991,15.259
7037540,K01347.02,,FALSE POSITIVE,FALSE POSITIVE,,1,0,0,0,0.858285844,9.7170000e-06,-9.7170000e-06,131.8790400,9.640000e-03,-9.640000e-03,0.3323,0.1191,-0.3322,1.79900,0.34700,-0.34700,4.3400e+01,7.200e+00,-7.200e+00,0.90,4.500e-01,-2.100e-01,2274.0,,,6321.20,9820.28,-3073.61,10.80,3,q1_q17_dr24_tce,5945.00,182.00,-208.00,4.196,0.204,-0.204,1.3460,0.6790,-0.3100,293.020360,42.508835,14.808
11129738,K01427.02,,CANDIDATE,CANDIDATE,0.8910,0,0,0,0,4.884466440,6.2560000e-05,-6.2560000e-05,135.2474400,8.440000e-03,-8.440000e-03,0.7760,0.0560,-0.5410,2.05700,0.29000,-0.29000,2.2100e+02,3.200e+01,-3.200e+01,0.84,5.000e-02,-7.000e-02,579.0,,,26.50,5.25,-6.28,9.10,2,q1_q17_dr25_tce,3883.00,70.00,-85.00,4.725,0.049,-0.025,0.5170,0.0290,-0.0450,287.857730,48.774109,15.840
10028792,K01574.04,,CANDIDATE,CANDIDATE,0.9460,0,0,0,0,8.977288800,1.4510000e-04,-1.4510000e-04,133.4474800,9.610000e-03,-9.610000e-03,0.7020,0.2690,-0.5000,4.72000,0.31000,-0.31000,9.7500e+01,1.000e+01,-1.000e+01,1.79,1.500e-01,-1.300e-01,1113.0,,,362.75,100.80,-72.55,10.30,4,q1_q17_dr25_tce,5597.00,112.00,-101.00,3.963,0.054,-0.045,1.6990,0.1470,-0.1230,297.916870,46.965130,14.600
4860678,K01602.02,,CANDIDATE,CANDIDATE,0.8990,0,0,0,0,3.033593980,3.5580000e-05,-3.5580000e-05,133.0835500,7.810000e-03,-7.810000e-03,0.0230,0.4330,-0.0220,4.02600,0.22400,-0.22400,9.5600e+01,8.800e+00,-8.800e+00,1.55,2.500e-01,-3.900e-01,1529.0,,,1294.06,544.64,-613.37,12.30,2,q1_q17_dr25_tce,5557.00,83.00,-72.00,4.037,0.210,-0.090,1.6160,0.2540,-0.4130,297.796910,39.921371,14.943
5531953,K01681.04,,CANDIDATE,CANDIDATE,0.9990,0,0,0,0,21.913954900,2.1210000e-04,-2.1210000e-04,148.5214400,7.220000e-03,-7.220000e-03,1.2000,70.9100,-5.4520,3.27100,0.42600,-0.42600,5.8440e+02,6.400e+01,-6.400e+01,10.39,1.140e+00,-1.380e+00,303.0,,,2.01,0.66,-0.64,11.80,3,q1_q17_dr25_tce,3638.00,72.00,-87.00,4.844,0.049,-0.055,0.4200,0.0460,-0.0560,291.285000,40.730049,15.855
4349442,K01803.03,,FALSE POSITIVE,FALSE POSITIVE,0.0000,0,0,0,1,6.238315363,,,134.3054225,,,0.7070,,,2.50100,,,8.2900e+01,,,0.70,5.000e-02,-3.000e-02,746.0,,,73.27,16.19,-11.16,5.30,3,q1_q17_dr25_tce,4914.00,98.00,-98.00,4.610,0.018,-0.046,0.7240,0.0450,-0.0300,286.635530,39.488621,13.260
7765528,K01840.02,,CANDIDATE,CANDIDATE,0.8420,0,0,0,0,9.388821600,1.6530000e-04,-1.6530000e-04,134.4214400,9.990000e-03,-9.990000e-03,1.1400,72.6300,-0.7540,4.15400,0.81800,-0.81800,1.9270e+02,3.060e+01,-3.060e+01,20.91,3.590e+00,-3.270e+00,963.0,,,202.91,91.07,-66.17,9.60,2,q1_q17_dr25_tce,5846.00,79.00,-79.00,4.278,0.132,-0.108,1.2400,0.2130,-0.1940,295.828700,43.425491,14.915
3327980,K06321.01,,FALSE POSITIVE,FALSE POSITIVE,0.0000,0,1,0,0,2.115510941,3.1100000e-07,-3.1100000e-07,131.9912200,1.220000e-04,-1.220000e-04,0.4920,0.0070,-0.0060,7.28770,0.00772,-0.00772,4.1516e+05,3.770e+02,-3.770e+02,191.42,3.577e+01,-7.155e+01,2701.0,,,12609.03,7219.93,-8499.76,1351.50,1,q1_q17_dr25_tce,7563.00,211.00,-342.00,3.883,0.287,-0.123,2.6380,0.4930,-0.9860,287.176120,38.433498,12.119
3329643,K06322.01,,FALSE POSITIVE,FALSE POSITIVE,0.0000,1,0,1,1,1.015044104,8.6780000e-06,-8.6780000e-06,131.5640700,7.430000e-03,-7.430000e-03,0.9840,0.0090,-0.0040,10.99400,0.56200,-0.56200,1.5820e+02,1.080e+01,-1.080e+01,1.98,5.700e-01,-3.800e-01,1979.0,,,3627.61,3090.23,-1537.46,33.60,1,q1_q17_dr25_tce,5910.00,160.00,-178.00,4.318,0.175,-0.193,1.1240,0.3260,-0.2170,287.771480,38.498711,14.956
3335816,K06323.01,,FALSE POSITIVE,FALSE POSITIVE,0.0000,0,1,0,0,3.711013336,4.0400000e-07,-4.0400000e-07,132.4882537,9.030000e-05,-9.030000e-05,1.1920,0.0660,-0.0420,3.31024,0.00338,-0.00338,2.4989e+04,2.810e+01,-2.810e+01,55.69,1.657e+01,-1.103e+01,1436.0,,,1003.75,853.00,-431.87,757.00,1,q1_q17_dr25_tce,6338.00,151.00,-189.00,4.256,0.175,-0.175,1.2470,0.3710,-0.2470,289.698300,38.406609,12.084
3337438,K06324.01,,FALSE POSITIVE,FALSE POSITIVE,0.0000,0,0,1,1,2.976062980,5.6320000e-05,-5.6320000e-05,132.9637000,1.550000e-02,-1.550000e-02,0.3630,0.0900,-0.3630,4.12400,0.59700,-0.59700,7.2200e+01,5.200e+00,-5.200e+00,5.65,1.620e+00,-3.790e+00,2615.0,,,11065.06,10028.44,-10084.94,17.80,1,q1_q17_dr25_tce,5321.00,189.00,-260.00,3.158,0.696,-0.174,6.6690,1.9180,-4.4750,290.140840,38.493809,13.498
3337548,K06325.01,,FALSE POSITIVE,FALSE POSITIVE,0.0000,1,0,0,1,2.975860850,5.9960000e-05,-5.9960000e-05,133.0352000,2.120000e-02,-2.120000e-02,0.1170,0.3350,-0.1170,4.51300,0.79900,-0.79900,1.0590e+02,1.390e+01,-1.390e+01,0.85,1.800e-01,-1.000e-01,1135.0,,,392.05,252.98,-119.04,9.10,1,q1_q17_dr25_tce,5481.00,166.00,-166.00,4.508,0.074,-0.137,0.8350,0.1740,-0.0940,290.166320,38.476440,15.669
3339538,K06326.01,,FALSE POSITIVE,FALSE POSITIVE,0.0000,0,1,0,0,14.658013949,3.0600000e-07,-3.0600000e-07,140.4756141,1.730000e-05,-1.730000e-05,1.1410,0.1110,-0.2360,3.03316,0.00338,-0.00338,1.2964e+05,0.000e+00,0.000e+00,121.59,5.915e+01,-6.506e+01,855.0,,,126.35,191.58,-101.87,3361.50,1,q1_q17_dr25_tce,5146.00,170.00,-139.00,3.986,0.581,-0.249,1.6260,0.7910,-0.8700,290.739440,38.414139,13.391
3341934,K06327.01,,FALSE POSITIVE,FALSE POSITIVE,0.0000,0,1,0,0,18.839487435,1.4200000e-06,-1.4200000e-06,137.7695421,6.270000e-05,-6.270000e-05,0.4210,0.0050,-0.0050,5.62797,0.00325,-0.00325,1.8272e+05,1.190e+02,-1.190e+02,45.20,1.466e+01,-4.900e+00,734.0,,,68.54,65.54,-21.25,2003.10,1,q1_q17_dr25_tce,6208.00,172.00,-216.00,4.454,0.054,-0.216,1.0240,0.3320,-0.1110,291.386230,38.491470,15.291
3343866,K06328.01,,FALSE POSITIVE,FALSE POSITIVE,0.0040,0,0,1,0,0.555973803,1.3260000e-06,-1.3260000e-06,131.9658900,2.060000e-03,-2.060000e-03,0.5630,0.3920,-0.3380,1.27100,0.07520,-0.07520,7.5300e+01,4.000e+00,-4.000e+00,1.90,9.500e-01,-1.260e+00,3049.0,,,20544.64,32228.30,-18476.16,23.30,1,q1_q17_dr25_tce,5445.00,190.00,-171.00,3.776,0.780,-0.260,2.1170,1.0510,-1.4010,291.866550,38.409081,13.755
4839180,K06456.01,,FALSE POSITIVE,FALSE POSITIVE,0.0000,0,1,0,0,4.426344495,6.8800000e-07,-6.8800000e-07,134.2311650,1.280000e-04,-1.280000e-04,0.6680,0.0150,-0.0170,5.84235,0.00766,-0.00766,2.7614e+05,4.870e+02,-4.870e+02,78.30,2.306e+01,-1.532e+01,1316.0,,,709.74,613.94,-308.46,732.50,1,q1_q17_dr25_tce,6228.00,169.00,-206.00,4.277,0.158,-0.193,1.2260,0.3610,-0.2400,292.837590,39.933830,13.501
4840263,K06457.01,,FALSE POSITIVE,FALSE POSITIVE,0.0000,0,1,0,0,0.957823876,2.1600000e-07,-2.1600000e-07,132.4148820,1.820000e-04,-1.820000e-04,0.9920,0.1080,-0.0960,3.72320,0.01240,-0.01240,1.0469e+05,2.780e+02,-2.780e+02,110.91,1.697e+01,-3.153e+01,2649.0,,,11612.14,4666.86,-5976.05,454.10,1,q1_q17_dr25_tce,5908.00,79.00,-79.00,3.865,0.217,-0.093,2.0330,0.3110,-0.5780,293.121610,39.975552,13.988
4840818,K06458.01,,FALSE POSITIVE,FALSE POSITIVE,0.0000,0,1,0,0,5.024768971,6.7300000e-07,-6.7300000e-07,133.1201420,1.090000e-04,-1.090000e-04,1.0380,0.1130,-0.0310,3.82433,0.00524,-0.00524,5.3046e+04,7.850e+01,-7.850e+01,42.15,1.261e+01,-5.410e+00,1159.0,,,425.90,374.09,-143.07,696.50,1,q1_q17_dr25_tce,6322.00,171.00,-209.00,4.444,0.067,-0.202,0.9890,0.2960,-0.1270,293.279690,39.915760,14.355
4847832,K06459.01,,FALSE POSITIVE,FALSE POSITIVE,0.0000,0,1,0,0,30.960216668,2.7940000e-06,-2.7940000e-06,156.1595497,7.170000e-05,-7.170000e-05,0.5800,0.0020,-0.0040,15.43080,0.00441,-0.00441,3.4041e+05,8.580e+01,-8.580e+01,62.08,1.837e+01,-9.920e+00,527.0,,,18.30,17.63,-7.50,4578.30,1,q1_q17_dr25_tce,5291.00,211.00,-232.00,4.423,0.136,-0.204,0.9260,0.2740,-0.1480,295.076630,39.958279,12.450
4851217,K06460.01,,FALSE POSITIVE,FALSE POSITIVE,0.0000,0,1,0,0,2.470283788,5.2200000e-07,-5.2200000e-07,133.2518610,1.760000e-04,-1.760000e-04,0.8040,0.0160,-0.0150,7.83910,0.01090,-0.01090,1.9383e+05,2.220e+02,-2.220e+02,157.82,1.764e+01,-3.275e+01,2657.0,,,11792.22,3312.24,-4731.57,967.70,1,q1_q17_dr25_tce,7823.00,70.00,-93.00,3.885,0.154,-0.077,2.6750,0.2990,-0.5550,295.834010,39.952259,11.108
4851338,K06461.01,,FALSE POSITIVE,FALSE POSITIVE,0.0000,0,0,1,1,1.235164160,1.5680000e-05,-1.5680000e-05,131.9930100,9.510000e-03,-9.510000e-03,0.6780,0.2740,-0.4570,4.71300,0.45100,-0.45100,6.4600e+01,6.200e+00,-6.200e+00,0.92,2.500e-01,-1.100e-01,1866.0,,,2861.14,2330.83,-928.95,13.00,1,q1_q17_dr25_tce,6249.00,174.00,-217.00,4.428,0.060,-0.180,1.0760,0.2960,-0.1270,295.862850,39.967110,15.005
4851356,K06462.01,,FALSE POSITIVE,FALSE POSITIVE,0.0000,0,0,1,1,1.235134710,3.2180000e-05,-3.2180000e-05,132.0046000,2.630000e-02,-2.630000e-02,0.7160,0.2680,-0.4700,5.44000,0.58900,-0.58900,4.2800e+01,4.700e+00,-4.700e+00,0.70,2.300e-01,-1.200e-01,1743.0,,,2172.96,2507.71,-965.49,12.00,1,q1_q17_dr25_tce,5930.00,290.00,-322.00,4.436,0.090,-0.210,0.9970,0.3330,-0.1660,295.865600,39.964100,14.712
4862332,K06463.01,,FALSE POSITIVE,FALSE POSITIVE,0.0020,0,0,1,0,0.890333100,1.1220000e-05,-1.1220000e-05,131.5337000,1.100000e-02,-1.100000e-02,0.3220,0.1580,-0.3220,2.64300,0.47000,-0.47000,1.3410e+02,1.580e+01,-1.580e+01,20.96,9.600e-01,-8.580e+00,5714.0,,,251387.46,51085.51,-178736.62,10.80,1,q1_q17_dr25_tce,4981.00,121.00,-228.00,2.437,0.033,-0.033,18.3740,0.8360,-7.5260,298.161290,39.900970,13.915
4862625,K06464.01,,FALSE POSITIVE,FALSE POSITIVE,0.0000,0,1,0,0,20.000242814,4.7130000e-06,-4.7130000e-06,134.8202100,1.930000e-04,-1.930000e-04,1.0040,0.0320,-0.0360,5.00420,0.01850,-0.01850,1.3138e+04,3.070e+01,-3.070e+01,21.57,6.140e+00,-2.180e+00,746.0,,,73.09,59.38,-20.75,796.50,1,q1_q17_dr25_tce,6373.00,151.00,-189.00,4.438,0.062,-0.188,1.0470,0.2980,-0.1060,298.215090,39.955101,13.718
5393558,K06576.01,,FALSE POSITIVE,FALSE POSITIVE,0.0000,0,1,0,0,10.217121652,3.6000000e-07,-3.6000000e-07,137.2457336,2.920000e-05,-2.920000e-05,0.7860,0.0080,-0.0090,4.35647,0.00062,-0.00062,2.0522e+05,5.420e+01,-5.420e+01,81.10,2.206e+01,-2.207e+01,994.0,,,230.53,183.85,-123.51,3617.50,1,q1_q17_dr25_tce,5931.00,158.00,-193.00,4.196,0.246,-0.164,1.3490,0.3670,-0.3670,299.186770,40.501701,13.752
5397905,K06577.01,,FALSE POSITIVE,FALSE POSITIVE,0.0000,0,0,1,0,0.618060842,5.3940000e-06,-5.3940000e-06,131.6353300,8.460000e-03,-8.460000e-03,0.9440,0.0420,-0.7190,1.89200,0.23100,-0.23100,2.5100e+01,3.200e+00,-3.200e+00,0.51,8.000e-02,-7.000e-02,1854.0,,,2791.09,1445.75,-907.84,9.60,1,q1_q17_dr25_tce,5339.00,160.00,-144.00,4.503,0.099,-0.110,0.7930,0.1280,-0.1050,299.998200,40.550259,13.426
5444392,K06578.01,,FALSE POSITIVE,FALSE POSITIVE,0.0000,0,1,0,0,0.759764419,6.5000000e-08,-6.5000000e-08,131.7927631,7.190000e-05,-7.190000e-05,0.5450,0.0230,-0.0120,5.72501,0.00937,-0.00937,3.9327e+05,2.240e+02,-2.240e+02,138.54,1.931e+01,-3.592e+01,2715.0,,,12833.03,4834.44,-6163.06,1728.10,1,q1_q17_dr25_tce,5807.00,86.00,-78.00,3.930,0.233,-0.078,1.9090,0.2660,-0.4950,290.517400,40.696812,11.378
5456979,K06579.01,,CANDIDATE,CANDIDATE,0.9970,0,0,0,0,2.652808200,3.4330000e-05,-3.4330000e-05,131.5439000,1.340000e-02,-1.340000e-02,0.4340,0.0290,-0.4340,2.29700,0.39200,-0.39200,1.5310e+02,1.940e+01,-1.940e+01,1.17,3.500e-01,-1.300e-01,1280.0,,,633.57,556.45,-206.56,9.80,1,q1_q17_dr25_tce,5778.00,173.00,-208.00,4.480,0.065,-0.195,0.9350,0.2730,-0.1090,294.287780,40.692741,15.668
5460835,K06580.01,,FALSE POSITIVE,FALSE POSITIVE,0.0000,0,1,0,0,21.539269242,1.1840000e-06,-1.1840000e-06,144.1542761,4.440000e-05,-4.440000e-05,0.9080,0.0140,-0.0160,5.32432,0.00192,-0.00192,1.4375e+05,3.700e+01,-3.700e+01,53.00,1.619e+01,-5.400e+00,674.0,,,48.89,43.76,-14.39,2642.20,1,q1_q17_dr25_tce,6136.00,165.00,-202.00,4.487,0.054,-0.202,0.9330,0.2850,-0.0950,295.296910,40.661560,14.293
5462901,K06581.01,,FALSE POSITIVE,FALSE POSITIVE,0.0000,0,1,0,0,5.270733213,1.0380000e-06,-1.0380000e-06,136.1808530,1.690000e-04,-1.690000e-04,0.4280,1.1660,-0.1280,2.78220,0.03520,-0.03520,2.9364e+05,1.334e+03,-1.334e+03,37.93,2.010e+00,-3.470e+00,693.0,,,54.59,14.81,-16.03,553.00,1,q1_q17_dr25_tce,4348.00,151.00,-166.00,4.601,0.053,-0.021,0.6780,0.0360,-0.0620,295.755550,40.618660,15.953
5466109,K06582.01,,CANDIDATE,CANDIDATE,0.7860,0,0,0,0,2.431355420,1.5000000e-05,-1.5000000e-05,133.9207700,5.500000e-03,-5.500000e-03,0.1200,0.3420,-0.1200,1.40100,0.15500,-0.15500,1.2360e+02,1.630e+01,-1.630e+01,1.07,3.300e-01,-1.100e-01,1422.0,,,965.40,863.66,-292.75,9.30,1,q1_q17_dr25_tce,6231.00,169.00,-225.00,4.488,0.052,-0.208,0.9550,0.2910,-0.0970,296.471800,40.681622,15.225
5471010,K06583.01,,FALSE POSITIVE,FALSE POSITIVE,0.0000,1,0,1,1,12.423215800,4.9900000e-04,-4.9900000e-04,141.7294000,4.790000e-02,-4.790000e-02,0.2450,1.0890,-0.2450,17.67000,3.90000,-3.90000,2.6150e+02,2.410e+01,-2.410e+01,1.30,2.800e-01,-1.200e-01,685.0,,,51.91,34.48,-14.50,23.60,1,q1_q17_dr25_tce,5497.00,164.00,-180.00,4.577,0.034,-0.145,0.8090,0.1750,-0.0750,297.547060,40.615742,15.639
6447326,K06711.01,,FALSE POSITIVE,FALSE POSITIVE,0.0000,1,0,1,0,4.320693300,2.2150000e-04,-2.2150000e-04,131.8905000,5.070000e-02,-5.070000e-02,0.9730,0.0040,-0.0100,50.68000,2.50000,-2.50000,1.4790e+02,8.100e+00,-8.100e+00,1.66,5.000e-01,-2.000e-01,1205.0,,,499.09,455.85,-166.53,35.70,1,q1_q17_dr25_tce,6225.00,185.00,-222.00,4.450,0.062,-0.200,1.0310,0.3140,-0.1260,293.268740,41.850719,15.604
6448768,K06712.01,,FALSE POSITIVE,FALSE POSITIVE,0.0000,0,1,0,0,16.486796364,1.0640000e-06,-1.0640000e-06,131.6041706,5.240000e-05,-5.240000e-05,0.3090,0.0190,-0.0010,7.06797,0.00222,-0.00222,4.8943e+04,1.930e+01,-1.930e+01,46.92,6.950e+00,-1.392e+01,1053.0,,,290.46,113.57,-154.34,3181.50,1,q1_q17_dr25_tce,6020.00,81.00,-81.00,3.860,0.224,-0.096,2.0970,0.3110,-0.6220,293.721830,41.873131,13.645
6449291,K06713.01,,FALSE POSITIVE,FALSE POSITIVE,0.0000,0,0,0,1,5.776873400,1.2170000e-04,-1.2170000e-04,133.6218000,1.970000e-02,-1.970000e-02,0.9940,0.0410,-0.7550,5.76200,0.46100,-0.46100,7.1000e+01,8.300e+00,-8.300e+00,3.13,1.070e+00,-1.980e+00,1399.0,,,905.00,966.74,-796.74,10.10,1,q1_q17_dr25_tce,5473.00,194.00,-155.00,3.796,0.697,-0.232,2.1620,0.7380,-1.3700,293.878630,41.856449,13.712
6449552,K06714.01,,FALSE POSITIVE,FALSE POSITIVE,0.0000,0,1,0,0,20.148807707,1.4220000e-06,-1.4220000e-06,135.8116283,5.770000e-05,-5.770000e-05,0.2150,0.0040,0.0000,8.52557,0.00334,-0.00334,5.2695e+05,2.530e+02,-2.530e+02,68.52,1.701e+01,-9.180e+00,631.0,,,37.55,28.29,-12.61,3487.50,1,q1_q17_dr25_tce,5547.00,166.00,-166.00,4.447,0.098,-0.168,0.9180,0.2280,-0.1230,293.948940,41.855461,14.904
6452742,K06715.01,,FALSE POSITIVE,FALSE POSITIVE,0.6100,0,1,0,0,0.687772143,7.9000000e-08,-7.9000000e-08,131.8669185,9.490000e-05,-9.490000e-05,1.1660,0.0330,-0.0420,2.56725,0.00387,-0.00387,4.0368e+04,4.020e+01,-4.020e+01,46.27,1.201e+01,-8.030e+00,2097.0,,,4569.67,3493.56,-1807.95,679.80,1,q1_q17_dr25_tce,5885.00,159.00,-177.00,4.413,0.144,-0.176,0.9330,0.2420,-0.1620,294.883510,41.800461,14.726
6464285,K06716.01,,FALSE POSITIVE,FALSE POSITIVE,0.0000,0,1,0,0,0.843651274,4.3000000e-08,-4.3000000e-08,131.9478111,4.240000e-05,-4.240000e-05,0.4050,0.0110,-0.0070,2.80468,0.00133,-0.00133,3.0545e+05,1.690e+02,-1.690e+02,39.98,3.850e+00,-3.850e+00,1553.0,,,1371.12,462.54,-367.76,1509.30,1,q1_q17_dr25_tce,5220.00,141.00,-141.00,4.578,0.084,-0.052,0.6950,0.0670,-0.0670,297.670960,41.875980,13.826
6466939,K06717.01,,FALSE POSITIVE,FALSE POSITIVE,0.0000,0,1,0,0,1.142946648,1.0000000e-07,-1.0000000e-07,131.9010021,7.370000e-05,-7.370000e-05,0.4790,0.0150,-0.0090,3.40234,0.00326,-0.00326,4.1255e+05,2.310e+02,-2.310e+02,43.50,3.360e+00,-3.010e+00,1293.0,,,660.96,201.92,-153.56,1054.40,1,q1_q17_dr25_tce,5058.00,151.00,-151.00,4.651,0.060,-0.035,0.6080,0.0470,-0.0420,298.257480,41.850639,14.454
6468938,K06718.01,,FALSE POSITIVE,FALSE POSITIVE,0.0000,0,1,0,0,7.217010987,7.0300000e-07,-7.0300000e-07,135.4523674,8.060000e-05,-8.060000e-05,1.2870,0.0190,-0.2350,4.42150,0.00538,-0.00538,7.8714e+04,6.390e+01,-6.390e+01,89.71,2.541e+01,-2.311e+01,1096.0,,,341.36,283.87,-174.77,1307.00,1,q1_q17_dr25_tce,6047.00,163.00,-181.00,4.246,0.220,-0.180,1.2110,0.3430,-0.3120,298.690000,41.880852,13.272
8429014,K07885.01,,FALSE POSITIVE,FALSE POSITIVE,0.0010,0,0,1,0,9.728696270,9.1360000e-05,-9.1360000e-05,140.7157100,8.360000e-03,-8.360000e-03,1.2740,37.8500,-0.4030,5.62800,0.41000,-0.41000,2.5220e+02,1.600e+01,-1.600e+01,42.47,1.572e+01,-5.250e+00,1126.0,,,379.75,405.32,-130.48,19.10,1,q1_q17_dr25_tce,6881.00,168.00,-265.00,4.301,0.072,-0.217,1.3510,0.5000,-0.1670,291.173800,44.449799,13.542
7200301,K06844.01,,FALSE POSITIVE,FALSE POSITIVE,0.0000,1,0,0,1,0.566791802,4.1450000e-06,-4.1450000e-06,131.8173600,7.200000e-03,-7.200000e-03,0.6790,0.0140,-0.5360,2.20000,0.15500,-0.15500,4.9300e+01,3.700e+00,-3.700e+00,0.66,1.600e-01,-6.000e-02,2040.0,,,4113.39,2967.37,-1080.33,15.60,1,q1_q17_dr25_tce,5691.00,152.00,-169.00,4.544,0.033,-0.176,0.8870,0.2170,-0.0780,291.768280,42.757221,14.702
7203179,K06845.01,,FALSE POSITIVE,FALSE POSITIVE,0.0000,1,0,0,0,2.245738777,2.2800000e-07,-2.2800000e-07,133.2650421,8.350000e-05,-8.350000e-05,0.3970,0.0040,-0.0030,8.61629,0.00562,-0.00562,4.8349e+05,2.360e+02,-2.360e+02,99.05,3.284e+01,-1.646e+01,1737.0,,,2156.25,2044.31,-844.70,2121.80,1,q1_q17_dr25_tce,6508.00,155.00,-214.00,4.287,0.105,-0.195,1.3120,0.4350,-0.2180,292.688810,42.748001,13.432
7203194,K06846.01,,FALSE POSITIVE,FALSE POSITIVE,0.0000,0,1,1,1,2.245721170,2.3350000e-05,-2.3350000e-05,133.2667800,9.480000e-03,-9.480000e-03,0.5960,0.3730,-0.3720,3.88000,0.30200,-0.30200,4.8200e+01,4.200e+00,-4.200e+00,0.74,2.200e-01,-8.000e-02,1479.0,,,1131.64,955.82,-345.22,13.60,1,q1_q17_dr25_tce,6158.00,150.00,-214.00,4.455,0.052,-0.195,1.0260,0.3020,-0.1080,292.693760,42.760899,14.244
7204073,K06847.01,,FALSE POSITIVE,FALSE POSITIVE,0.0000,1,0,0,1,0.566801906,1.7990000e-06,-1.7990000e-06,131.7967300,2.330000e-03,-2.330000e-03,0.1550,0.3220,-0.1550,1.62600,0.09360,-0.09360,8.9700e+01,4.200e+00,-4.200e+00,0.55,4.000e-02,-6.000e-02,1344.0,,,774.11,221.37,-231.01,27.00,2,q1_q17_dr25_tce,4208.00,113.00,-138.00,4.662,0.059,-0.023,0.5830,0.0440,-0.0610,292.959260,42.799252,12.663
7212722,K06848.01,,FALSE POSITIVE,FALSE POSITIVE,0.0000,0,1,0,0,2.316171991,1.1100000e-07,-1.1100000e-07,132.3116360,3.950000e-05,-3.950000e-05,0.7000,0.0130,-0.0120,4.03025,0.00119,-0.00119,2.5148e+05,3.470e+01,-3.470e+01,49.53,1.283e+01,-3.430e+00,1288.0,,,651.03,482.78,-151.34,2338.30,1,q1_q17_dr25_tce,5932.00,141.00,-177.00,4.580,0.033,-0.176,0.7950,0.2060,-0.0550,295.375150,42.753780,13.969
7217088,K06849.01,,CANDIDATE,CANDIDATE,0.9970,0,0,0,0,12.544742430,5.6340000e-05,-5.6340000e-05,139.5830400,3.720000e-03,-3.720000e-03,0.1850,0.2670,-0.1850,1.24000,0.12800,-0.12800,2.6310e+02,3.030e+01,-3.030e+01,1.88,3.000e-01,-2.500e-01,840.0,,,117.90,50.40,-34.11,10.80,1,q1_q17_dr25_tce,5767.00,78.00,-78.00,4.316,0.126,-0.115,1.1590,0.1890,-0.1550,296.395480,42.780140,15.082
7280953,K06850.01,,FALSE POSITIVE,FALSE POSITIVE,0.0000,0,0,0,1,0.566802080,,,131.7056000,,,,,,1.22000,,,,,,,,,,,,392.81,125.87,-148.40,,1,q1_q17_dr25_tce,,,,,,,,,,291.453130,42.851227,13.072
7281217,K06851.01,,FALSE POSITIVE,FALSE POSITIVE,0.0000,1,0,0,1,0.566810701,3.0910000e-06,-3.0910000e-06,131.8076100,4.920000e-03,-4.920000e-03,0.9820,0.0140,-0.0110,6.19000,0.30800,-0.30800,2.0000e+02,1.120e+01,-1.120e+01,1.49,3.000e-01,-1.200e-01,1921.0,,,3220.92,1980.29,-832.78,45.90,1,q1_q17_dr25_tce,5593.00,167.00,-167.00,4.584,0.051,-0.119,0.7520,0.1490,-0.0640,291.528690,42.866970,15.644
7281229,K06852.01,,FALSE POSITIVE,FALSE POSITIVE,0.0000,1,0,0,0,0.566813319,4.7800000e-06,-4.7800000e-06,131.7876800,8.000000e-03,-8.000000e-03,1.1960,0.1970,-0.2090,3.75200,0.57000,-0.57000,1.2910e+02,1.210e+01,-1.210e+01,23.19,6.790e+00,-2.930e+00,2313.0,,,6742.52,6027.69,-2345.27,17.00,1,q1_q17_dr25_tce,6108.00,193.00,-236.00,4.466,0.052,-0.208,1.0300,0.3020,-0.1300,291.533110,42.838470,15.972
8143170,K06976.01,,FALSE POSITIVE,FALSE POSITIVE,0.0000,1,0,0,0,28.787257509,9.7720000e-06,-9.7720000e-06,137.0941920,2.760000e-04,-2.760000e-04,0.5590,0.0030,-0.0040,13.95300,0.01850,-0.01850,4.9618e+04,4.640e+01,-4.640e+01,91.26,1.653e+01,-3.069e+01,971.0,,,210.02,108.30,-130.10,1292.00,1,q1_q17_dr25_tce,5154.00,108.00,-185.00,3.461,0.222,-0.148,3.9810,0.7210,-1.3390,281.089480,44.057941,12.850
8145789,K06977.01,,FALSE POSITIVE,FALSE POSITIVE,0.0000,0,1,0,0,0.835315046,6.7000000e-08,-6.7000000e-08,131.9570817,6.720000e-05,-6.720000e-05,1.2240,0.0350,-0.0360,2.45449,0.00169,-0.00169,1.6876e+04,9.200e+00,-9.200e+00,30.54,3.270e+00,-2.970e+00,1490.0,,,1160.98,422.13,-322.90,939.50,1,q1_q17_dr25_tce,5009.00,135.00,-150.00,4.584,0.072,-0.054,0.6900,0.0740,-0.0670,282.752410,44.048721,15.314
8145958,K06978.01,,CANDIDATE,CANDIDATE,0.9780,0,0,0,0,3.075510680,1.9150000e-05,-1.9150000e-05,134.4685700,5.360000e-03,-5.360000e-03,0.0050,0.4650,-0.0050,1.68300,0.17500,-0.17500,4.6100e+01,5.900e+00,-5.900e+00,0.84,1.300e-01,-1.400e-01,1389.0,,,879.95,371.75,-293.44,10.10,1,q1_q17_dr25_tce,5763.00,78.00,-78.00,4.256,0.143,-0.117,1.2420,0.2000,-0.2000,282.841030,44.049728,13.359
8155584,K06979.01,,FALSE POSITIVE,FALSE POSITIVE,0.0000,0,1,0,0,26.016422500,1.7200000e-04,-1.7200000e-04,157.3776900,9.300000e-03,-9.300000e-03,1.1470,0.2100,-0.0910,4.17680,0.01500,-0.01500,4.1109e+04,1.590e+02,-1.590e+02,61.04,1.779e+01,-1.454e+01,755.0,,,76.63,68.05,-38.63,285.40,1,q1_q17_dr25_tce,6287.00,198.00,-242.00,4.231,0.190,-0.171,1.2800,0.3730,-0.3050,287.905550,44.010860,15.032
8155654,K06980.01,,CANDIDATE,CANDIDATE,0.9430,0,0,0,0,6.293405430,9.8260000e-05,-9.8260000e-05,133.8686000,1.290000e-02,-1.290000e-02,0.4310,0.0320,-0.4310,3.02400,0.41300,-0.41300,9.6400e+01,1.390e+01,-1.390e+01,1.08,3.800e-01,-1.100e-01,1072.0,,,312.61,327.36,-91.29,8.70,1,q1_q17_dr25_tce,6214.00,167.00,-223.00,4.442,0.056,-0.224,1.0760,0.3840,-0.1020,287.941650,44.008018,15.186
8158324,K06981.01,,FALSE POSITIVE,FALSE POSITIVE,,1,0,0,0,593.195210000,4.5970000e-02,-4.5970000e-02,333.7320000,1.010000e-01,-1.010000e-01,0.6192,0.0779,-0.4432,25.65000,5.50000,-5.50000,2.2730e+02,5.630e+01,-5.630e+01,1.63,5.800e-01,-2.200e-01,234.0,,,0.71,0.75,-0.23,7.10,1,q1_q17_dr24_tce,6103.00,163.00,-186.00,4.391,0.096,-0.096,1.0300,0.3710,-0.1350,289.187870,44.006969,14.733
8162376,K06982.01,,FALSE POSITIVE,FALSE POSITIVE,0.0000,0,0,1,1,0.706430188,4.9250000e-06,-4.9250000e-06,132.1420800,6.940000e-03,-6.940000e-03,0.2880,0.1790,-0.2880,1.30100,0.14600,-0.14600,5.0800e+01,5.900e+00,-5.900e+00,0.41,2.000e-02,-3.000e-02,1473.0,,,1116.90,277.43,-254.27,11.00,1,q1_q17_dr25_tce,5037.00,152.00,-167.00,4.689,0.052,-0.024,0.5680,0.0300,-0.0340,290.590760,44.002579,14.001
8167504,K06983.01,,CANDIDATE,CANDIDATE,0.9900,0,0,0,0,7.702172900,1.3120000e-04,-1.3120000e-04,138.4181000,1.220000e-02,-1.220000e-02,0.5090,0.0420,-0.4430,3.98700,0.41400,-0.41400,7.4600e+01,9.800e+00,-9.800e+00,0.85,1.200e-01,-6.000e-02,888.0,,,147.24,52.62,-27.22,9.50,1,q1_q17_dr25_tce,5618.00,76.00,-76.00,4.449,0.068,-0.110,0.9690,0.1300,-0.0700,292.463780,44.090111,14.320
8953281,K07112.01,,FALSE POSITIVE,FALSE POSITIVE,0.1670,0,1,0,0,0.784300610,3.9370000e-05,-3.9370000e-05,132.2316400,7.730000e-03,-7.730000e-03,0.6590,0.0240,-0.5420,2.95200,0.24200,-0.24200,2.5470e+02,1.670e+01,-1.670e+01,1.14,1.400e-01,-1.100e-01,1566.0,,,1416.91,577.85,-392.84,20.50,1,q1_q17_dr25_tce,5176.00,154.00,-154.00,4.589,0.077,-0.063,0.6810,0.0810,-0.0660,291.930630,45.220020,15.156
8953426,K07113.01,,FALSE POSITIVE,FALSE POSITIVE,0.0000,0,1,0,0,2.665875491,2.5500000e-07,-2.5500000e-07,131.6187983,7.970000e-05,-7.970000e-05,0.8780,0.0240,-0.0280,7.59461,0.00451,-0.00451,1.6139e+05,7.680e+01,-7.680e+01,67.43,2.281e+01,-9.770e+00,1502.0,,,1199.89,1230.67,-460.09,2274.70,1,q1_q17_dr25_tce,6234.00,195.00,-260.00,4.351,0.093,-0.201,1.1590,0.3920,-0.1680,291.990970,45.234138,12.156
8953475,K07114.01,,FALSE POSITIVE,FALSE POSITIVE,0.0000,0,0,0,1,2.665831200,1.5290000e-04,-1.5290000e-04,131.6270000,6.150000e-02,-6.150000e-02,0.8640,0.0710,-0.6200,5.77100,0.56200,-0.56200,4.0800e+01,4.300e+00,-4.300e+00,0.99,2.700e-01,-2.700e-01,1663.0,,,1807.48,1499.97,-987.28,12.40,1,q1_q17_dr25_tce,6276.00,198.00,-242.00,4.170,0.258,-0.172,1.3530,0.3670,-0.3670,292.014470,45.205681,13.562
8957572,K07115.01,,FALSE POSITIVE,FALSE POSITIVE,0.0000,1,0,0,0,1.576587400,2.9410000e-05,-2.9410000e-05,132.4469000,1.460000e-02,-1.460000e-02,1.0400,0.0710,-0.0450,15.18000,1.60000,-1.60000,2.9200e+01,4.300e+00,-4.300e+00,15.68,1.980e+00,-5.940e+00,2946.0,,,17781.51,6989.33,-11694.29,27.90,1,q1_q17_dr25_tce,6742.00,160.00,-200.00,3.688,0.304,-0.076,3.1380,0.3960,-1.1880,293.548400,45.201000,12.232
8958811,K07116.01,,CANDIDATE,CANDIDATE,0.8420,0,0,0,0,2.525575820,2.8360000e-05,-2.8360000e-05,133.0658600,8.510000e-03,-8.510000e-03,0.3720,0.0840,-0.3720,2.32000,0.27600,-0.27600,3.5400e+01,4.100e+00,-4.100e+00,0.62,1.000e-01,-4.000e-02,1364.0,,,818.81,343.70,-145.70,10.70,1,q1_q17_dr25_tce,5821.00,78.00,-78.00,4.421,0.054,-0.117,1.0360,0.1660,-0.0710,293.965450,45.273571,13.564
8958939,K07117.01,,CANDIDATE,CANDIDATE,,0,0,0,0,8.292755800,1.5270000e-04,-1.5270000e-04,135.0352000,1.610000e-02,-1.610000e-02,0.6346,0.3237,-0.4034,4.78400,0.40700,-0.40700,1.0330e+02,1.470e+01,-1.470e+01,1.01,3.100e-01,-1.000e-01,927.0,,,174.36,154.13,-48.49,8.40,1,q1_q17_dr24_tce,6146.00,151.00,-193.00,4.497,0.045,-0.045,0.9430,0.2900,-0.0890,294.007870,45.232689,15.382
8958939,K07117.02,,CANDIDATE,CANDIDATE,,0,0,0,0,22.786522000,4.0690000e-04,-4.0690000e-04,153.2108000,1.000000e-02,-1.000000e-02,0.3817,0.1079,-0.3816,2.19700,0.38800,-0.38800,2.2830e+02,4.430e+01,-4.430e+01,1.45,4.400e-01,-1.400e-01,661.0,,,45.26,40.00,-12.59,7.90,2,q1_q17_dr24_tce,6146.00,151.00,-193.00,4.497,0.045,-0.045,0.9430,0.2900,-0.0890,294.007870,45.232689,15.382
8973000,K07118.01,,FALSE POSITIVE,FALSE POSITIVE,,0,1,0,0,28.027891356,3.4250000e-06,-3.4250000e-06,158.3481720,1.020000e-04,-1.020000e-04,0.6493,0.0065,-0.0111,17.32690,0.01270,-0.01270,2.4323e+05,1.580e+02,-1.580e+02,31.30,1.550e+00,-1.610e+00,440.0,,,8.86,2.16,-1.85,2829.00,1,q1_q17_dr24_tce,5231.00,161.00,-165.00,4.721,0.043,-0.043,0.5440,0.0270,-0.0280,297.894440,45.211189,14.594
9881258,K07242.01,,FALSE POSITIVE,FALSE POSITIVE,0.0000,0,1,0,0,2.028512246,1.9500000e-07,-1.9500000e-07,132.8392103,7.850000e-05,-7.850000e-05,0.8710,0.1700,-0.0320,5.00309,0.00622,-0.00622,1.2156e+05,8.520e+01,-8.520e+01,50.28,1.511e+01,-6.480e+00,1542.0,,,1333.24,1173.87,-436.66,1545.80,1,q1_q17_dr25_tce,6105.00,164.00,-182.00,4.412,0.087,-0.203,1.0250,0.3080,-0.1320,287.125610,46.733479,13.281
9899153,K07243.01,,FALSE POSITIVE,FALSE POSITIVE,0.0000,0,0,1,1,1.332561670,2.7470000e-05,-2.7470000e-05,132.0567000,1.740000e-02,-1.740000e-02,0.4020,0.0610,-0.4020,3.74300,0.55600,-0.55600,5.9500e+01,4.900e+00,-4.900e+00,0.63,6.000e-02,-6.000e-02,1326.0,,,727.84,251.52,-208.19,13.00,1,q1_q17_dr25_tce,4895.00,145.00,-145.00,4.502,0.088,-0.528,0.8280,0.0780,-0.0850,295.141570,46.793919,14.877
9899193,K07244.01,,FALSE POSITIVE,FALSE POSITIVE,0.0000,0,0,1,1,1.332567821,,,132.0544581,,,0.4130,,,3.48440,,,3.1000e+01,,,0.96,2.000e-01,-2.600e-01,2395.0,,,7802.17,4900.94,-4021.98,5.00,1,q1_q17_dr25_tce,6600.00,161.00,-181.00,4.047,0.234,-0.126,1.6810,0.3630,-0.4440,295.154750,46.736641,13.191
9899410,K07245.01,,FALSE POSITIVE,FALSE POSITIVE,0.0000,0,0,1,1,1.332545609,8.5320000e-06,-8.5320000e-06,132.0575500,5.130000e-03,-5.130000e-03,0.5820,0.0460,-0.5820,3.99700,0.61800,-0.61800,2.7820e+02,1.560e+01,-1.560e+01,28.37,1.650e+00,-9.380e+00,5080.0,,,157611.61,40845.93,-102386.32,31.40,1,q1_q17_dr25_tce,5154.00,153.00,-307.00,2.435,0.033,-0.030,16.4860,0.9620,-5.4520,295.225800,46.760090,13.504
9899421,K07246.01,,FALSE POSITIVE,FALSE POSITIVE,0.0000,0,0,1,1,1.332562560,1.5650000e-05,-1.5650000e-05,132.0469800,9.000000e-03,-9.000000e-03,0.1370,0.3280,-0.1370,3.08800,0.37500,-0.37500,1.7490e+02,1.840e+01,-1.840e+01,16.03,2.030e+00,-1.670e+00,4529.0,,,99175.88,33913.09,-22659.68,11.90,1,q1_q17_dr25_tce,4601.00,64.00,-46.00,2.321,0.030,-0.027,12.5810,1.5960,-1.3060,295.232480,46.770370,12.295
9899577,K07247.01,,FALSE POSITIVE,FALSE POSITIVE,0.0000,0,0,1,1,1.332589810,1.4960000e-05,-1.4960000e-05,132.0364000,1.020000e-02,-1.020000e-02,0.2230,0.2470,-0.2230,3.98700,0.30800,-0.30800,7.8400e+01,5.900e+00,-5.900e+00,0.67,1.000e-01,-6.000e-02,1369.0,,,832.33,427.75,-209.63,16.10,1,q1_q17_dr25_tce,5309.00,159.00,-143.00,4.595,0.032,-0.104,0.7630,0.1220,-0.0660,295.285190,46.770592,14.818
9899583,K07248.01,,FALSE POSITIVE,FALSE POSITIVE,0.0000,0,1,1,1,1.332583750,1.6010000e-05,-1.6010000e-05,132.0362000,1.140000e-02,-1.140000e-02,0.7460,0.2060,-0.5050,4.08100,0.29400,-0.29400,6.0900e+01,4.500e+00,-4.500e+00,0.84,2.700e-01,-9.000e-02,1727.0,,,2096.92,1939.87,-616.41,16.40,1,q1_q17_dr25_tce,6108.00,171.00,-192.00,4.471,0.050,-0.200,0.9970,0.3120,-0.1040,295.287350,46.754490,14.835
9906489,K07249.01,,FALSE POSITIVE,FALSE POSITIVE,0.0000,1,0,0,0,8.964881300,1.3840000e-04,-1.3840000e-04,137.5394000,1.240000e-02,-1.240000e-02,1.2080,0.1610,-0.0460,61.23000,1.10000,-1.10000,4.5450e+02,5.500e+00,-5.500e+00,28.97,5.800e+00,-3.120e+00,1040.0,,,276.30,154.79,-81.82,109.90,1,q1_q17_dr25_tce,6543.00,132.00,-198.00,4.382,0.057,-0.133,1.1590,0.2320,-0.1250,297.523590,46.703129,12.039
10815677,K07376.01,,CANDIDATE,CANDIDATE,0.7560,0,0,0,0,1.284241817,6.5440000e-06,-6.5440000e-06,132.6522300,4.470000e-03,-4.470000e-03,0.0290,0.4260,-0.0290,1.96500,0.12700,-0.12700,1.6650e+02,1.530e+01,-1.530e+01,1.18,3.400e-01,-1.100e-01,1623.0,,,1643.57,1363.90,-464.82,13.30,1,q1_q17_dr25_tce,5849.00,157.00,-192.00,4.517,0.046,-0.184,0.9190,0.2600,-0.0870,298.173370,48.173611,15.674
10816107,K07377.01,,FALSE POSITIVE,FALSE POSITIVE,0.0080,0,1,0,0,2.161583501,1.0960000e-06,-1.0960000e-06,131.8027300,4.080000e-04,-4.080000e-04,0.7150,0.0110,-0.0060,4.05370,0.02830,-0.02830,5.0163e+04,2.970e+02,-2.970e+02,29.61,9.620e+00,-9.620e+00,1646.0,,,1741.01,1699.25,-1029.74,239.20,1,q1_q17_dr25_tce,5888.00,177.00,-159.00,4.167,0.364,-0.196,1.2190,0.3960,-0.3960,298.291930,48.194691,13.945
10843431,K07378.01,Kepler-1999 b,CONFIRMED,CANDIDATE,0.9940,0,0,0,0,8.739675800,3.0920000e-04,-3.0920000e-04,136.5829000,4.630000e-02,-4.630000e-02,0.9570,0.0010,-0.6800,3.86600,0.26600,-0.26600,1.4310e+03,1.070e+02,-1.070e+02,3.29,2.600e-01,-3.000e-01,577.0,,,26.17,8.92,-7.62,15.60,1,q1_q17_dr25_tce,4406.00,154.00,-170.00,4.643,0.044,-0.032,0.6280,0.0510,-0.0560,282.370420,48.259289,16.324
10847907,K07379.01,,FALSE POSITIVE,FALSE POSITIVE,0.0000,1,0,0,0,0.535493486,4.2260000e-06,-4.2260000e-06,131.7432090,3.750000e-04,-3.750000e-04,0.5660,0.4460,-0.4110,2.57000,1.20000,-1.20000,5.4000e+01,2.200e+02,-2.200e+02,1.42,4.000e-01,-5.000e-01,3181.0,,,24045.87,20467.92,-15396.63,5.10,1,q1_q17_dr25_tce,6328.00,177.00,-243.00,4.035,0.276,-0.161,1.8640,0.5360,-0.6550,285.251920,48.286209,13.390
10848097,K07380.01,,CANDIDATE,CANDIDATE,,0,0,0,0,15.947424200,1.5560000e-04,-1.5560000e-04,137.4944900,8.140000e-03,-8.140000e-03,0.1178,0.3498,-0.1177,1.12700,0.31500,-0.31500,1.9170e+02,4.300e+01,-4.300e+01,1.21,5.800e-01,-1.600e-01,670.0,,,47.65,70.83,-15.53,6.50,1,q1_q17_dr24_tce,5472.00,176.00,-146.00,4.440,0.116,-0.116,0.8770,0.4210,-0.1170,285.355830,48.221489,14.801
10849244,K07381.01,,FALSE POSITIVE,FALSE POSITIVE,0.0000,0,1,0,0,24.261683827,9.5800000e-07,-9.5800000e-07,147.2417593,3.090000e-05,-3.090000e-05,0.8140,0.0070,-0.0080,7.16170,0.00128,-0.00128,1.9228e+05,2.300e+01,-2.300e+01,58.48,1.291e+01,-6.480e+00,659.0,,,44.55,28.37,-13.70,5083.90,1,q1_q17_dr25_tce,6151.00,146.00,-200.00,4.473,0.050,-0.150,0.9830,0.2170,-0.1090,285.978270,48.225491,12.325
10857589,K07382.01,,FALSE POSITIVE,FALSE POSITIVE,0.0000,0,1,0,0,32.532521502,7.7000000e-06,-7.7000000e-06,147.0773550,1.880000e-04,-1.880000e-04,0.2370,0.0110,-0.0050,13.39910,0.01360,-0.01360,8.3468e+04,6.310e+01,-6.310e+01,24.35,6.590e+00,-2.070e+00,535.0,,,19.39,15.15,-5.00,1595.10,1,q1_q17_dr25_tce,5845.00,145.00,-174.00,4.558,0.044,-0.176,0.8380,0.2270,-0.0710,290.130740,48.289848,15.354
10866969,K07383.01,,CANDIDATE,CANDIDATE,,0,0,0,0,50.012200000,1.2510000e-03,-1.2510000e-03,153.9789000,1.910000e-02,-1.910000e-02,0.4840,0.0688,-0.4226,3.42600,0.76600,-0.76600,2.1040e+02,4.260e+01,-4.260e+01,1.20,4.400e-01,-1.300e-01,432.0,,,8.23,9.47,-2.34,8.30,1,q1_q17_dr24_tce,5357.00,181.00,-147.00,4.503,0.074,-0.074,0.8140,0.3030,-0.0860,294.200960,48.250061,15.174
12022718,K07508.01,,FALSE POSITIVE,FALSE POSITIVE,0.0000,0,1,0,0,4.627775175,2.0700000e-06,-2.0700000e-06,133.3903550,3.670000e-04,-3.670000e-04,1.2480,4.3730,-0.1190,3.40790,0.01990,-0.01990,5.6751e+03,3.360e+01,-3.360e+01,32.62,9.750e+00,-2.610e+00,1039.0,,,275.68,235.74,-69.25,197.50,1,q1_q17_dr25_tce,5845.00,141.00,-176.00,4.541,0.037,-0.212,0.8740,0.2610,-0.0700,296.443510,50.420441,14.690
12053823,K07509.01,,FALSE POSITIVE,FALSE POSITIVE,,1,0,0,0,28.785034700,5.6140000e-04,-5.6140000e-04,145.7978000,1.660000e-02,-1.660000e-02,0.2978,0.1986,-0.2977,2.10200,0.60800,-0.60800,1.0290e+02,2.850e+01,-2.850e+01,2.50,6.800e-01,-1.010e+00,993.0,,,229.66,187.87,-159.34,6.20,1,q1_q17_dr24_tce,6581.00,185.00,-248.00,3.824,0.341,-0.341,2.4200,0.6670,-0.9740,286.687560,50.531506,13.570
12067960,K07510.01,,CANDIDATE,CANDIDATE,0.9720,0,0,0,0,5.606820010,5.7900000e-05,-5.7900000e-05,135.8446600,8.980000e-03,-8.980000e-03,0.1560,0.2850,-0.1560,2.71400,0.27800,-0.27800,1.5070e+02,1.830e+01,-1.830e+01,1.04,2.400e-01,-8.000e-02,942.0,,,186.43,125.04,-46.81,9.90,1,q1_q17_dr25_tce,5699.00,152.00,-169.00,4.553,0.040,-0.160,0.8530,0.1930,-0.0690,294.739620,50.566841,15.289
12071006,K07511.01,,FALSE POSITIVE,FALSE POSITIVE,0.0000,0,1,0,0,6.096030635,5.7800000e-07,-5.7800000e-07,135.0308909,7.800000e-05,-7.800000e-05,0.6420,0.0030,-0.0030,18.45310,0.00830,-0.00830,9.0166e+05,2.170e+02,-2.170e+02,406.97,3.930e+01,-9.177e+01,1925.0,,,3246.20,813.75,-1382.59,4885.30,1,q1_q17_dr25_tce,7598.00,75.00,-83.00,3.867,0.163,-0.075,2.6920,0.2600,-0.6070,296.105010,50.518471,13.533
12105785,K07512.01,,FALSE POSITIVE,FALSE POSITIVE,0.0000,0,1,0,0,31.953038766,5.6340000e-06,-5.6340000e-06,142.7080540,1.450000e-04,-1.450000e-04,0.9070,0.0070,-0.0020,8.04610,0.01320,-0.01320,1.7703e+04,2.170e+01,-2.170e+01,47.96,9.480e+00,-1.759e+01,864.0,,,131.55,80.67,-84.84,1364.90,1,q1_q17_dr25_tce,5524.00,165.00,-165.00,3.693,0.287,-0.123,2.7340,0.5400,-1.0030,288.487400,50.675461,13.032
12106875,K07513.01,,FALSE POSITIVE,FALSE POSITIVE,,0,0,0,1,5.937170800,1.5610000e-04,-1.5610000e-04,135.9570000,2.050000e-02,-2.050000e-02,0.4778,0.0053,-0.4778,4.95400,0.55700,-0.55700,1.5710e+02,2.040e+01,-2.040e+01,1.17,4.800e-01,-1.500e-01,945.0,,,188.41,234.63,-59.10,10.10,1,q1_q17_dr24_tce,5475.00,170.00,-139.00,4.426,0.111,-0.111,0.9230,0.3780,-0.1180,289.143550,50.611198,15.379
12157983,K07514.01,,FALSE POSITIVE,FALSE POSITIVE,0.0000,0,1,1,1,0.577844035,7.6100000e-07,-7.6100000e-07,131.8805800,1.110000e-03,-1.110000e-03,1.1940,0.2140,-0.1230,4.29100,0.11300,-0.11300,3.2040e+02,4.500e+00,-4.500e+00,18.93,4.820e+00,-1.600e+00,1980.0,,,3647.63,2743.79,-908.38,94.00,1,q1_q17_dr25_tce,5693.00,154.00,-154.00,4.570,0.042,-0.168,0.8160,0.2080,-0.0690,290.659520,50.711342,13.766
12164751,K07515.01,,FALSE POSITIVE,FALSE POSITIVE,0.0000,0,1,0,0,2.630090609,6.7800000e-07,-6.7800000e-07,132.2247410,1.720000e-04,-1.720000e-04,0.2850,0.0040,-0.0030,13.68170,0.01310,-0.01310,5.1693e+05,6.130e+02,-6.130e+02,83.50,2.186e+01,-1.786e+01,1551.0,,,1371.02,1056.29,-620.75,1694.60,1,q1_q17_dr25_tce,6315.00,170.00,-189.00,4.292,0.204,-0.167,1.1080,0.2900,-0.2370,294.387420,50.717098,14.187
12217907,K07516.01,,FALSE POSITIVE,FALSE POSITIVE,0.0000,0,1,0,0,43.204596783,4.0690000e-06,-4.0690000e-06,146.5978539,7.550000e-05,-7.550000e-05,0.3990,0.0020,-0.0010,15.04020,0.00487,-0.00487,2.0249e+05,5.910e+01,-5.910e+01,43.15,1.421e+01,-3.800e+00,519.0,,,17.15,17.14,-4.95,4750.20,1,q1_q17_dr25_tce,6003.00,188.00,-230.00,4.507,0.054,-0.229,0.9320,0.3070,-0.0820,296.271150,50.886292,14.291
10028352,K01957.02,,FALSE POSITIVE,FALSE POSITIVE,0.0000,0,1,0,0,1.751478970,1.1110000e-05,-1.1110000e-05,132.4750900,2.100000e-03,-2.100000e-03,0.0080,1.0900,-0.9810,7.89000,2.30000,-2.30000,7.6700e+01,8.300e+00,-8.300e+00,1.80,4.300e-01,-3.200e-01,2340.0,,,7086.50,4178.88,-2561.72,68.20,2,q1_q17_dr25_tce,6823.00,61.00,-91.00,4.040,0.121,-0.148,2.0370,0.4860,-0.3650,297.792240,46.935829,12.655
6307083,K02050.02,,CANDIDATE,CANDIDATE,0.9390,0,0,0,0,3.177964080,1.8680000e-05,-1.8680000e-05,134.3528500,4.730000e-03,-4.730000e-03,0.9010,0.0070,-0.6930,0.54200,0.14200,-0.14200,4.7700e+01,8.600e+00,-8.600e+00,0.74,4.000e-02,-5.000e-02,1034.0,,,270.25,44.83,-54.23,6.00,3,q1_q17_dr25_tce,5061.00,83.00,-76.00,4.488,0.088,-0.028,0.8410,0.0380,-0.0660,297.635190,41.641869,12.218
7620413,K02103.02,,CANDIDATE,CANDIDATE,0.9940,0,0,0,0,3.665208440,4.5280000e-05,-4.5280000e-05,131.5091100,8.330000e-03,-8.330000e-03,0.0450,0.4040,-0.0450,3.30800,0.46000,-0.46000,6.5800e+01,7.700e+00,-7.700e+00,0.82,1.200e-01,-9.000e-02,1168.0,,,439.57,171.23,-110.32,10.30,2,q1_q17_dr25_tce,5579.00,75.00,-75.00,4.389,0.105,-0.105,1.0290,0.1520,-0.1140,295.502690,43.232792,14.736
11705004,K02199.02,,CANDIDATE,CANDIDATE,0.9960,0,0,0,0,3.052934160,2.8090000e-05,-2.8090000e-05,132.9669200,6.880000e-03,-6.880000e-03,0.3280,0.1380,-0.3280,2.15500,0.23200,-0.23200,2.2750e+02,2.730e+01,-2.730e+01,1.18,2.000e-01,-1.000e-01,1047.0,,,284.82,157.17,-73.08,10.10,2,q1_q17_dr25_tce,5311.00,175.00,-159.00,4.588,0.030,-0.112,0.7880,0.1320,-0.0660,287.535030,49.801659,15.901
2854181,K02232.02,,CANDIDATE,CANDIDATE,0.9990,0,0,0,0,12.834857000,1.2060000e-04,-1.2060000e-04,134.3722900,7.700000e-03,-7.700000e-03,0.2780,0.1770,-0.2780,2.09200,0.26100,-0.26100,2.9390e+02,3.550e+01,-3.550e+01,1.73,2.200e-01,-1.900e-01,755.0,,,76.96,27.12,-18.74,9.40,2,q1_q17_dr25_tce,5492.00,82.00,-74.00,4.389,0.105,-0.095,1.0160,0.1310,-0.1080,291.813020,38.088181,15.331
5978559,K02321.02,,CANDIDATE,CANDIDATE,0.6190,0,0,0,0,36.253099200,9.6130000e-04,-9.6130000e-04,142.0377000,2.470000e-02,-2.470000e-02,0.7210,0.0000,-0.5440,4.73000,1.40000,-1.40000,1.5210e+02,3.570e+01,-3.570e+01,1.43,2.300e-01,-8.000e-02,582.0,,,27.17,11.03,-4.38,8.30,2,q1_q17_dr25_tce,6002.00,71.00,-89.00,4.424,0.032,-0.120,1.0810,0.1710,-0.0610,296.707240,41.203651,14.710
8838950,K02421.02,,CANDIDATE,CANDIDATE,0.8860,0,0,0,0,4.023218420,4.1510000e-05,-4.1510000e-05,135.4162900,7.550000e-03,-7.550000e-03,0.3960,0.0510,-0.3960,2.16200,0.25400,-0.25400,8.1200e+01,9.700e+00,-9.700e+00,0.48,2.000e-02,-3.000e-02,747.0,,,73.50,18.14,-17.19,9.80,2,q1_q17_dr25_tce,4671.00,139.00,-153.00,4.721,0.048,-0.028,0.5280,0.0280,-0.0340,298.419310,45.071442,14.363
6867555,K02439.02,,CANDIDATE,CANDIDATE,0.9960,0,0,0,0,7.501793400,1.4610000e-04,-1.4610000e-04,138.8271000,1.950000e-02,-1.950000e-02,0.2860,0.1730,-0.2860,4.27100,0.33700,-0.33700,1.3480e+02,1.530e+01,-1.530e+01,1.32,4.300e-01,-1.500e-01,1046.0,,,283.25,274.34,-93.43,9.80,2,q1_q17_dr25_tce,6321.00,174.00,-261.00,4.417,0.056,-0.224,1.1250,0.3700,-0.1230,293.127380,42.320099,15.438
12208631,K02449.02,,CANDIDATE,CANDIDATE,1.0000,0,0,0,0,0.912351255,5.8610000e-06,-5.8610000e-06,131.5961200,5.680000e-03,-5.680000e-03,0.9560,0.0240,-0.7090,1.07200,0.16800,-0.16800,1.1180e+02,1.690e+01,-1.690e+01,1.46,1.900e-01,-1.800e-01,1840.0,,,2705.58,981.43,-719.86,9.10,2,q1_q17_dr25_tce,5481.00,82.00,-74.00,4.369,0.121,-0.099,1.0360,0.1380,-0.1240,291.550510,50.825611,15.114
3346543,K06329.01,,CANDIDATE,CANDIDATE,0.7090,0,0,0,0,12.470111100,1.8090000e-04,-1.8090000e-04,143.7236000,1.390000e-02,-1.390000e-02,0.5690,0.4020,-0.3740,3.61600,0.46500,-0.46500,8.9700e+01,1.340e+01,-1.340e+01,2.06,3.100e-01,-6.100e-01,1074.0,,,313.87,128.52,-166.14,9.30,1,q1_q17_dr25_tce,5623.00,93.00,-67.00,3.877,0.233,-0.078,2.1090,0.3140,-0.6270,292.529390,38.489079,14.024
3352751,K06330.01,,FALSE POSITIVE,FALSE POSITIVE,0.0000,0,1,0,0,3.495457889,9.3500000e-07,-9.3500000e-07,132.0839410,2.140000e-04,-2.140000e-04,0.9650,0.0320,-0.0300,6.97960,0.01260,-0.01260,1.1462e+05,1.840e+02,-1.840e+02,84.49,1.443e+01,-7.750e+00,2051.0,,,4186.71,1758.93,-881.46,724.00,1,q1_q17_dr25_tce,8529.00,76.00,-93.00,4.249,0.063,-0.108,1.5580,0.2660,-0.1430,294.071870,38.426922,13.444
3356193,K06331.01,,CANDIDATE,CANDIDATE,0.4520,0,0,0,0,5.822981500,1.0060000e-04,-1.0060000e-04,133.9990000,1.580000e-02,-1.580000e-02,0.3950,0.0740,-0.3950,2.80000,0.54200,-0.54200,2.8160e+02,4.930e+01,-4.930e+01,1.36,3.300e-01,-1.100e-01,914.0,,,165.12,119.67,-44.26,8.10,1,q1_q17_dr25_tce,5704.00,169.00,-186.00,4.575,0.040,-0.160,0.8040,0.1920,-0.0690,294.872560,38.434460,15.902
3427776,K06332.01,,FALSE POSITIVE,FALSE POSITIVE,0.0000,0,1,0,0,4.016680150,3.2460000e-06,-3.2460000e-06,134.2407030,6.620000e-04,-6.620000e-04,0.9110,6.7990,-0.1270,2.28280,0.03680,-0.03680,3.8007e+04,5.070e+02,-5.070e+02,22.11,3.480e+00,-2.840e+00,1016.0,,,252.13,131.99,-82.40,87.90,1,q1_q17_dr25_tce,5448.00,178.00,-162.00,4.497,0.110,-0.110,0.7940,0.1250,-0.1020,286.452580,38.538342,15.371
3437739,K06333.01,,FALSE POSITIVE,FALSE POSITIVE,0.0000,0,0,1,1,1.891341560,3.1620000e-05,-3.1620000e-05,132.6518000,1.420000e-02,-1.420000e-02,0.7390,0.2240,-0.4980,5.89100,0.61500,-0.61500,6.8400e+01,8.300e+00,-8.300e+00,0.99,2.900e-01,-1.300e-01,1673.0,,,1856.23,1625.33,-621.13,10.30,1,q1_q17_dr25_tce,6387.00,172.00,-211.00,4.410,0.065,-0.195,1.1050,0.3300,-0.1410,289.790560,38.529060,15.343
3440230,K06334.01,,FALSE POSITIVE,FALSE POSITIVE,0.0000,0,1,0,0,2.881100027,2.0800000e-07,-2.0800000e-07,134.2387520,5.920000e-05,-5.920000e-05,0.8290,0.0050,-0.0070,9.43866,0.00663,-0.00663,6.6283e+05,2.310e+02,-2.310e+02,446.29,7.631e+01,-2.288e+02,2946.0,,,17809.19,9411.10,-14234.20,3316.50,1,q1_q17_dr25_tce,8104.00,223.00,-334.00,3.675,0.493,-0.087,3.3690,0.5760,-1.7270,290.471250,38.528561,13.636
3441340,K06335.01,,FALSE POSITIVE,FALSE POSITIVE,0.0000,0,1,1,0,0.806277023,4.9470000e-06,-4.9470000e-06,131.7856700,6.720000e-03,-6.720000e-03,0.6970,0.2600,-0.4510,7.27500,0.31200,-0.31200,7.0800e+01,3.800e+00,-3.800e+00,0.89,2.900e-01,-9.000e-02,2046.0,,,4119.09,3927.86,-1221.11,37.90,1,q1_q17_dr25_tce,6122.00,165.00,-184.00,4.471,0.054,-0.229,0.9960,0.3240,-0.1080,290.817230,38.539120,13.614
3448323,K06336.01,,FALSE POSITIVE,FALSE POSITIVE,0.0000,1,0,1,1,0.513482156,4.9860000e-06,-4.9860000e-06,131.7547700,9.100000e-03,-9.100000e-03,0.0040,0.4870,-0.0040,2.73200,0.26800,-0.26800,9.1600e+01,9.500e+00,-9.500e+00,0.83,2.000e-01,-1.000e-01,2072.0,,,4335.56,3139.96,-1354.89,12.60,1,q1_q17_dr25_tce,5495.00,164.00,-164.00,4.495,0.069,-0.161,0.8820,0.2100,-0.1050,292.640170,38.513569,15.630
4862625,K06464.02,,FALSE POSITIVE,FALSE POSITIVE,,1,0,0,0,225.667160000,1.5230000e-02,-1.5230000e-02,195.6621000,4.170000e-02,-4.170000e-02,0.3037,0.1482,-0.3037,16.60000,1.30000,-1.30000,3.4290e+02,3.370e+01,-3.370e+01,1.94,8.000e-01,-1.800e-01,331.0,,,2.82,3.36,-0.78,11.70,6,q1_q17_dr24_tce,6363.00,154.00,-204.00,4.444,0.048,-0.048,1.0350,0.4250,-0.0950,298.215090,39.955101,13.718
4863369,K06465.01,,FALSE POSITIVE,FALSE POSITIVE,0.0010,0,0,1,0,4.247488860,5.9560000e-05,-5.9560000e-05,132.0562000,1.260000e-02,-1.260000e-02,0.2420,0.2210,-0.2420,3.05300,0.42200,-0.42200,1.2100e+02,1.600e+01,-1.600e+01,1.01,2.600e-01,-1.000e-01,1079.0,,,319.94,236.75,-93.84,10.00,1,q1_q17_dr25_tce,5807.00,157.00,-192.00,4.524,0.042,-0.179,0.9220,0.2310,-0.0930,298.382260,39.913521,15.146
4863753,K06466.01,,FALSE POSITIVE,FALSE POSITIVE,0.0020,0,0,1,0,1.000012952,3.9560000e-06,-3.9560000e-06,131.7614000,3.800000e-03,-3.800000e-03,0.0970,0.3660,-0.0970,1.22100,0.11100,-0.11100,3.6000e+01,4.500e+00,-4.500e+00,2.12,3.500e-01,-7.000e-01,2858.0,,,15781.19,6856.18,-9240.77,11.90,1,q1_q17_dr25_tce,5176.00,72.00,-103.00,3.534,0.224,-0.096,3.6050,0.5950,-1.1890,298.474950,39.923210,11.942
4902030,K06467.01,,FALSE POSITIVE,FALSE POSITIVE,0.0000,0,1,0,0,0.878803439,1.2900000e-07,-1.2900000e-07,132.2672690,1.220000e-04,-1.220000e-04,0.4670,0.0190,-0.0230,2.74503,0.00815,-0.00815,4.1072e+05,9.850e+02,-9.850e+02,51.97,2.190e+00,-4.370e+00,1347.0,,,775.90,184.06,-207.18,524.80,1,q1_q17_dr25_tce,4524.00,150.00,-150.00,4.566,0.060,-0.020,0.7370,0.0310,-0.0620,283.611570,40.056240,15.929
4908495,K06468.01,,FALSE POSITIVE,FALSE POSITIVE,0.0000,0,1,0,0,1.560158562,3.3200000e-07,-3.3200000e-07,132.3685180,1.780000e-04,-1.780000e-04,0.7120,0.0650,-0.0540,3.42480,0.01070,-0.01070,2.4016e+05,6.150e+02,-6.150e+02,45.91,3.860e+00,-4.720e+00,1223.0,,,530.79,163.20,-152.60,459.90,1,q1_q17_dr25_tce,4926.00,133.00,-148.00,4.548,0.072,-0.044,0.7490,0.0630,-0.0770,286.657680,40.027260,13.871
4912589,K06469.01,,FALSE POSITIVE,FALSE POSITIVE,0.0000,0,1,0,0,34.188302705,1.1320000e-06,-1.1320000e-06,132.1423013,2.710000e-05,-2.710000e-05,0.9570,0.0130,-0.0250,3.01179,0.00214,-0.00214,1.1844e+05,1.000e-01,-1.000e-01,74.50,2.111e+01,-2.576e+01,660.0,,,44.91,38.29,-28.09,2594.90,1,q1_q17_dr25_tce,5757.00,172.00,-189.00,4.134,0.364,-0.182,1.3450,0.3810,-0.4650,288.320500,40.000523,12.869
4914709,K06470.01,,FALSE POSITIVE,FALSE POSITIVE,0.0000,0,1,0,1,8.653039960,2.9290000e-05,-2.9290000e-05,136.6679800,3.080000e-03,-3.080000e-03,0.3690,0.0850,-0.3690,1.09100,0.13000,-0.13000,4.9700e+02,4.660e+01,-4.660e+01,1.88,3.100e-01,-1.800e-01,764.0,,,80.51,43.77,-22.16,14.70,1,q1_q17_dr25_tce,5301.00,175.00,-159.00,4.528,0.051,-0.110,0.8400,0.1380,-0.0800,289.080630,40.026791,15.639
4914737,K06471.01,,FALSE POSITIVE,FALSE POSITIVE,0.0000,0,1,0,1,8.653119030,6.0390000e-05,-6.0390000e-05,134.3012800,6.270000e-03,-6.270000e-03,0.7010,0.2500,-0.4570,1.27300,0.36500,-0.36500,2.0680e+02,4.170e+01,-4.170e+01,0.85,3.000e-02,-5.000e-02,493.0,,,13.95,2.36,-2.44,8.90,1,q1_q17_dr25_tce,3929.00,70.00,-78.00,4.705,0.027,-0.020,0.5500,0.0240,-0.0300,289.088750,40.018162,15.109
5471141,K06584.01,,FALSE POSITIVE,FALSE POSITIVE,,0,1,1,1,12.425381200,2.6920000e-04,-2.6920000e-04,141.5493000,2.080000e-02,-2.080000e-02,0.1583,0.3006,-0.1583,19.78100,0.69400,-0.69400,1.1530e+02,5.100e+00,-5.100e+00,1.14,5.300e-01,-1.300e-01,823.0,,,108.46,150.44,-33.69,26.80,1,q1_q17_dr24_tce,5925.00,161.00,-197.00,4.412,0.071,-0.071,1.0660,0.4950,-0.1190,297.575990,40.613640,13.854
5471328,K06585.01,,FALSE POSITIVE,FALSE POSITIVE,,1,0,0,1,12.425559990,7.7150000e-05,-7.7150000e-05,133.9682900,6.160000e-03,-6.160000e-03,0.9066,0.0029,-0.0055,28.08300,0.26300,-0.26300,2.9648e+03,2.540e+01,-2.540e+01,4.72,6.900e-01,-4.700e-01,599.0,,,30.49,16.14,-8.80,122.00,4,q1_q17_dr24_tce,4922.00,187.00,-159.00,4.576,0.061,-0.061,0.7040,0.1040,-0.0700,297.621770,40.604099,15.902
5471415,K06586.01,,FALSE POSITIVE,FALSE POSITIVE,0.0000,1,0,1,1,12.425744200,1.3740000e-04,-1.3740000e-04,141.5238200,9.290000e-03,-9.290000e-03,0.9630,0.0410,-0.0560,29.12200,0.33500,-0.33500,9.3600e+02,2.580e+01,-2.580e+01,8.43,1.860e+00,-2.270e+00,1551.0,,,1369.63,867.41,-766.45,49.60,1,q1_q17_dr25_tce,8691.00,205.00,-410.00,4.072,0.171,-0.140,2.1930,0.4820,-0.5900,297.643340,40.622520,12.625
5471480,K06587.01,,FALSE POSITIVE,FALSE POSITIVE,0.0000,1,0,1,1,12.425424100,3.3510000e-04,-3.3510000e-04,141.5418000,2.280000e-02,-2.280000e-02,0.9380,0.0330,-0.6270,24.98000,1.00000,-1.00000,3.7890e+02,1.230e+01,-1.230e+01,2.17,5.300e-01,-2.200e-01,755.0,,,76.90,54.83,-22.87,36.00,1,q1_q17_dr25_tce,5853.00,157.00,-192.00,4.529,0.042,-0.168,0.8950,0.2160,-0.0930,297.662380,40.687740,15.710
5475712,K06588.01,,FALSE POSITIVE,FALSE POSITIVE,0.0000,0,1,0,0,2.991884392,5.1000000e-07,-5.1000000e-07,134.1758920,1.400000e-04,-1.400000e-04,0.4960,0.0030,-0.0030,7.55830,0.01040,-0.01040,1.2388e+05,1.260e+02,-1.260e+02,40.11,1.188e+01,-5.090e+00,1486.0,,,1154.88,984.37,-382.63,1280.30,1,q1_q17_dr25_tce,6596.00,163.00,-212.00,4.400,0.067,-0.202,1.0940,0.3240,-0.1390,298.573820,40.676601,13.280
5479973,K06589.01,,FALSE POSITIVE,FALSE POSITIVE,0.0000,0,1,0,0,1.795273026,4.3000000e-07,-4.3000000e-07,131.8703910,1.990000e-04,-1.990000e-04,0.9350,0.0160,-0.0120,7.32320,0.01410,-0.01410,1.2542e+05,1.760e+02,-1.760e+02,55.26,1.742e+01,-5.780e+00,1642.0,,,1714.88,1593.58,-537.90,877.80,1,q1_q17_dr25_tce,6363.00,176.00,-242.00,4.456,0.054,-0.202,1.0120,0.3190,-0.1060,299.380460,40.694759,14.889
5513822,K06590.01,,FALSE POSITIVE,FALSE POSITIVE,,0,0,1,1,0.755109271,7.6040000e-06,-7.6040000e-06,131.8183800,8.670000e-03,-8.670000e-03,0.4041,0.0772,-0.4040,2.61900,0.27200,-0.27200,2.3200e+01,2.500e+00,-2.500e+00,0.47,1.900e-01,-7.000e-02,1961.0,,,3494.52,4235.46,-1188.59,12.90,1,q1_q17_dr24_tce,5606.00,161.00,-130.00,4.390,0.134,-0.134,0.9620,0.3900,-0.1430,284.322940,40.715210,13.292
5513833,K06591.01,,FALSE POSITIVE,FALSE POSITIVE,0.0000,1,0,1,1,0.755101141,6.1140000e-06,-6.1140000e-06,131.8211000,8.110000e-03,-8.110000e-03,0.5230,0.0040,-0.4910,3.37100,0.23800,-0.23800,7.6700e+01,7.100e+00,-7.100e+00,0.19,2.000e-02,-2.000e-02,680.0,,,50.92,20.28,-12.10,13.40,1,q1_q17_dr25_tce,3256.00,39.00,-29.00,5.071,0.044,-0.044,0.2070,0.0320,-0.0230,284.330020,40.736401,15.237
6471229,K06719.01,,FALSE POSITIVE,FALSE POSITIVE,0.0000,0,0,0,1,1.752515850,3.3490000e-05,-3.3490000e-05,132.7544000,2.420000e-02,-2.420000e-02,0.7380,0.2280,-0.4930,3.48900,0.53400,-0.53400,1.2590e+02,1.000e+01,-1.000e+01,1.02,2.800e-01,-8.000e-02,1447.0,,,1035.27,814.93,-256.53,14.20,1,q1_q17_dr25_tce,5952.00,160.00,-160.00,4.554,0.033,-0.176,0.8440,0.2260,-0.0710,299.166080,41.863049,13.978
6471230,K06720.01,,FALSE POSITIVE,FALSE POSITIVE,0.0000,0,0,1,1,1.752450163,,,132.8015023,,,0.7280,,,3.02550,,,5.5500e+01,,,0.79,2.200e-01,-1.400e-01,1552.0,,,1372.36,1103.89,-550.10,3.40,1,q1_q17_dr25_tce,5779.00,158.00,-158.00,4.364,0.180,-0.198,0.9900,0.2700,-0.1800,299.166170,41.861912,13.294
6521174,K06721.01,,FALSE POSITIVE,FALSE POSITIVE,0.0000,0,0,1,0,8.279231320,7.2450000e-05,-7.2450000e-05,133.8171100,7.510000e-03,-7.510000e-03,0.1870,0.2650,-0.1870,2.35500,0.20400,-0.20400,1.6490e+02,1.760e+01,-1.760e+01,1.08,2.800e-01,-9.000e-02,815.0,,,104.49,80.32,-26.45,10.90,1,q1_q17_dr25_tce,5631.00,152.00,-169.00,4.557,0.032,-0.168,0.8470,0.2210,-0.0690,291.422360,41.978939,15.197
6521542,K06722.01,,FALSE POSITIVE,FALSE POSITIVE,0.0000,0,1,0,0,2.212877035,1.0500000e-07,-1.0500000e-07,132.6824280,3.910000e-05,-3.910000e-05,0.5180,0.0050,-0.0050,4.66961,0.00119,-0.00119,3.7620e+05,6.540e+01,-6.540e+01,69.18,1.937e+01,-1.045e+01,1507.0,,,1221.98,1005.08,-451.78,2731.00,1,q1_q17_dr25_tce,6153.00,166.00,-203.00,4.405,0.105,-0.195,1.0000,0.2800,-0.1510,291.528110,41.915958,14.280
6522353,K06723.01,,FALSE POSITIVE,FALSE POSITIVE,0.0010,0,0,1,0,0.845097627,5.5170000e-06,-5.5170000e-06,132.1213600,5.680000e-03,-5.680000e-03,0.7170,0.2480,-0.4830,1.87300,0.21900,-0.21900,8.6500e+01,9.600e+00,-9.600e+00,0.78,1.400e-01,-5.000e-02,1584.0,,,1496.92,874.83,-356.37,10.70,1,q1_q17_dr25_tce,5252.00,184.00,-184.00,4.593,0.022,-0.120,0.7830,0.1370,-0.0490,291.798650,41.963551,15.685
6522750,K06724.01,,FALSE POSITIVE,FALSE POSITIVE,0.0000,0,1,0,0,17.445640466,7.2400000e-07,-7.2400000e-07,135.7462627,3.440000e-05,-3.440000e-05,0.5880,0.0040,-0.0060,6.08966,0.00131,-0.00131,3.3416e+05,4.280e+01,-4.280e+01,63.46,9.000e+00,-3.830e+00,682.0,,,51.15,19.22,-8.62,4093.90,1,q1_q17_dr25_tce,5759.00,78.00,-86.00,4.481,0.040,-0.120,0.9450,0.1340,-0.0570,291.928920,41.956371,11.230
6523216,K06725.01,,FALSE POSITIVE,FALSE POSITIVE,0.0000,0,1,0,0,14.313157391,7.8000000e-07,-7.8000000e-07,138.2205171,4.470000e-05,-4.470000e-05,0.0040,0.0080,-0.0040,8.90236,0.00138,-0.00138,2.1567e+04,5.800e+00,-5.800e+00,34.98,8.040e+00,-8.050e+00,1144.0,,,404.48,240.82,-178.65,4262.90,1,q1_q17_dr25_tce,5750.00,77.00,-86.00,3.703,0.162,-0.108,2.3790,0.5470,-0.5470,292.083830,41.915031,13.254
6531485,K06726.01,,FALSE POSITIVE,FALSE POSITIVE,0.0000,0,1,0,0,0.676990194,3.7000000e-08,-3.7000000e-08,131.8017098,4.640000e-05,-4.640000e-05,1.2230,0.0430,-0.0440,1.69459,0.00303,-0.00303,2.0506e+04,8.700e+00,-8.700e+00,37.50,9.790e+00,-3.260e+00,1919.0,,,3192.15,2455.01,-835.89,997.00,1,q1_q17_dr25_tce,5813.00,157.00,-174.00,4.568,0.044,-0.176,0.8160,0.2130,-0.0710,294.587890,41.914261,15.553
6531801,K06727.01,,FALSE POSITIVE,FALSE POSITIVE,,1,0,0,0,0.515875396,1.3930000e-06,-1.3930000e-06,131.7013000,2.030000e-03,-2.030000e-03,0.9500,0.0080,-0.0073,1.21000,1.70000,-1.70000,1.7730e+03,2.180e+02,-2.180e+02,7.22,4.590e+00,-1.070e+00,3189.0,,,24441.10,50553.64,-9657.30,9.10,3,q1_q17_dr24_tce,7229.00,254.00,-320.00,4.278,0.087,-0.087,1.3800,0.8760,-0.2050,294.677250,41.904640,13.591
7281356,K06853.01,,FALSE POSITIVE,FALSE POSITIVE,,1,0,0,0,2.834017110,3.3230000e-05,-3.3230000e-05,133.5005000,1.900000e-02,-1.900000e-02,0.2794,0.1708,-0.2794,5.93800,0.88500,-0.88500,8.4200e+01,8.000e+00,-8.000e+00,0.93,4.100e-01,-9.000e-02,1381.0,,,859.57,1116.06,-249.35,11.50,2,q1_q17_dr24_tce,6247.00,167.00,-210.00,4.458,0.051,-0.051,1.0020,0.4390,-0.0980,291.567440,42.856178,15.036
7281399,K06854.01,,FALSE POSITIVE,FALSE POSITIVE,0.0000,1,0,0,1,0.566803996,3.4160000e-06,-3.4160000e-06,131.8078200,4.800000e-03,-4.800000e-03,0.1230,0.3570,-0.1230,3.39900,0.14700,-0.14700,1.4160e+02,8.300e+00,-8.300e+00,0.64,6.000e-02,-6.000e-02,1350.0,,,786.10,256.47,-207.59,23.40,1,q1_q17_dr25_tce,4373.00,118.00,-144.00,4.722,0.036,-0.050,0.5440,0.0500,-0.0450,291.583470,42.830051,15.989
7281410,K06855.01,,FALSE POSITIVE,FALSE POSITIVE,,0,0,0,1,0.566811180,,,131.7883893,,,,,,2.06000,,,,,,,,,,,,,,,,1,q1_q17_dr24_tce,,,,,,,,,,291.586820,42.890133,11.580
7281616,K06856.01,,FALSE POSITIVE,FALSE POSITIVE,0.0000,1,0,0,1,0.566799927,4.9070000e-06,-4.9070000e-06,131.8346400,5.050000e-03,-5.050000e-03,0.1880,0.3780,-0.1880,4.71000,0.55500,-0.55500,1.4510e+02,9.100e+00,-9.100e+00,0.77,1.000e-01,-5.000e-02,1649.0,,,1738.27,764.44,-377.92,28.90,1,q1_q17_dr25_tce,5092.00,151.00,-151.00,4.671,0.028,-0.077,0.6450,0.0850,-0.0390,291.647250,42.861191,15.888
7281699,K06857.01,,FALSE POSITIVE,FALSE POSITIVE,0.0000,1,0,0,1,0.566786121,4.8350000e-06,-4.8350000e-06,131.8363000,1.020000e-02,-1.020000e-02,0.5910,0.3660,-0.3510,3.40400,0.52100,-0.52100,8.1800e+01,9.400e+00,-9.400e+00,0.79,2.000e-01,-7.000e-02,1984.0,,,3678.65,2815.71,-1064.38,14.00,1,q1_q17_dr25_tce,5603.00,186.00,-186.00,4.556,0.032,-0.168,0.8460,0.2070,-0.0830,291.683140,42.884411,15.768
7282008,K06858.01,,FALSE POSITIVE,FALSE POSITIVE,0.0000,1,0,1,1,0.566797970,1.1790000e-05,-1.1790000e-05,131.8410000,1.750000e-02,-1.750000e-02,0.1760,0.3210,-0.1760,4.50300,0.73800,-0.73800,7.2600e+01,1.090e+01,-1.090e+01,0.65,1.000e-01,-5.000e-02,1799.0,,,2467.38,1325.60,-626.41,14.00,1,q1_q17_dr25_tce,5230.00,184.00,-184.00,4.594,0.026,-0.104,0.7770,0.1220,-0.0560,291.777130,42.845871,15.877
7285616,K06859.01,,FALSE POSITIVE,FALSE POSITIVE,0.0000,0,0,1,1,0.566802891,3.5460000e-06,-3.5460000e-06,131.7948700,4.960000e-03,-4.960000e-03,0.6280,0.3300,-0.3970,1.86100,0.16100,-0.16100,4.9200e+01,4.500e+00,-4.500e+00,1.29,3.800e-01,-4.100e-01,3111.0,,,22107.66,18952.80,-13350.03,14.40,1,q1_q17_dr25_tce,6487.00,179.00,-247.00,4.080,0.252,-0.168,1.7480,0.5080,-0.5590,292.918790,42.850082,12.982
7335514,K06860.01,,CANDIDATE,CANDIDATE,0.9970,0,0,0,0,0.576732089,5.0710000e-06,-5.0710000e-06,132.0737800,8.010000e-03,-8.010000e-03,0.5180,0.0190,-0.4720,1.85600,0.25400,-0.25400,3.5400e+01,5.100e+00,-5.100e+00,0.43,1.000e-02,-2.000e-02,1537.0,,,1316.33,188.96,-209.20,9.10,1,q1_q17_dr25_tce,4524.00,81.00,-72.00,4.576,0.042,-0.012,0.7170,0.0230,-0.0380,280.776860,42.924541,13.291
8178616,K06984.01,,FALSE POSITIVE,FALSE POSITIVE,,0,0,0,1,1.018849750,1.2740000e-05,-1.2740000e-05,132.0857000,1.240000e-02,-1.240000e-02,0.2737,0.2077,-0.2736,3.23300,0.45900,-0.45900,3.0900e+01,3.000e+00,-3.000e+00,0.47,1.500e-01,-4.000e-02,1754.0,,,2238.64,2145.25,-527.24,14.80,1,q1_q17_dr24_tce,6068.00,141.00,-173.00,4.568,0.028,-0.028,0.8290,0.2790,-0.0610,296.062840,44.018822,13.948
8180290,K06985.01,,CANDIDATE,CANDIDATE,,0,0,0,0,10.927975500,2.6670000e-04,-2.6670000e-04,139.9174000,1.830000e-02,-1.830000e-02,0.0956,0.3576,-0.0955,2.48600,0.62100,-0.62100,7.1500e+01,1.270e+01,-1.270e+01,0.81,2.600e-01,-8.000e-02,834.0,,,114.42,104.63,-30.55,7.30,1,q1_q17_dr24_tce,6045.00,143.00,-178.00,4.494,0.043,-0.043,0.9550,0.3060,-0.0870,296.569370,44.017220,14.347
8183389,K06986.01,,FALSE POSITIVE,FALSE POSITIVE,0.0000,0,1,0,0,32.440339204,1.7340000e-06,-1.7340000e-06,142.2555263,4.240000e-05,-4.240000e-05,0.6450,0.0100,-0.0180,4.50984,0.00165,-0.00165,2.8760e+05,7.410e+01,-7.410e+01,44.56,4.290e+00,-4.290e+00,448.0,,,9.52,3.35,-2.63,2177.00,1,q1_q17_dr25_tce,5081.00,151.00,-151.00,4.578,0.077,-0.044,0.6960,0.0670,-0.0670,297.370300,44.098770,15.854
8192861,K06987.01,,FALSE POSITIVE,FALSE POSITIVE,,1,0,1,0,0.552141897,4.1020000e-06,-4.1020000e-06,131.7719900,6.160000e-03,-6.160000e-03,1.0910,0.0140,-0.0895,4.98500,0.68100,-0.68100,1.0560e+02,5.020e+01,-5.020e+01,10.04,4.070e+00,-1.000e+00,2206.0,,,5602.43,6684.53,-1540.33,42.80,1,q1_q17_dr24_tce,5952.00,159.00,-164.00,4.486,0.059,-0.059,0.9040,0.3660,-0.0900,299.714080,44.037189,13.866
8193315,K06988.01,,FALSE POSITIVE,FALSE POSITIVE,0.0000,0,1,0,0,2.623872910,1.3100000e-07,-1.3100000e-07,134.0049825,4.130000e-05,-4.130000e-05,0.4900,0.0040,-0.0030,4.61248,0.00147,-0.00147,2.3247e+05,1.310e+02,-1.310e+02,74.23,2.273e+01,-1.515e+01,1790.0,,,2430.91,2202.40,-1115.65,2607.60,1,q1_q17_dr25_tce,6728.00,189.00,-260.00,4.206,0.149,-0.182,1.4600,0.4470,-0.2980,299.829680,44.040359,13.700
8195877,K06989.01,,FALSE POSITIVE,FALSE POSITIVE,0.0000,1,0,0,0,0.755098610,1.5600000e-07,-1.5600000e-07,131.9621070,1.700000e-04,-1.700000e-04,1.0910,0.2550,-0.0640,2.64230,0.01060,-0.01060,6.0334e+04,1.540e+02,-1.540e+02,60.74,1.673e+01,-1.838e+01,2359.0,,,7285.15,6050.29,-4108.89,385.40,2,q1_q17_dr25_tce,6038.00,181.00,-163.00,4.206,0.276,-0.184,1.2130,0.3340,-0.3670,300.568300,44.029549,13.441
8196180,K06990.01,,FALSE POSITIVE,FALSE POSITIVE,0.0000,1,0,0,0,3.671661096,1.4500000e-07,-1.4500000e-07,132.0909174,3.210000e-05,-3.210000e-05,0.9230,0.0010,0.0000,4.29947,0.00188,-0.00188,1.2924e+05,1.220e+01,-1.220e+01,105.82,2.837e+01,-3.464e+01,1967.0,,,3539.43,2821.12,-2192.41,3152.60,1,q1_q17_dr25_tce,7343.00,207.00,-311.00,4.020,0.273,-0.147,1.9400,0.5200,-0.6350,300.635770,44.053398,12.814
8210721,K06991.01,,FALSE POSITIVE,FALSE POSITIVE,0.0000,0,1,0,0,22.673145675,6.6750000e-06,-6.6750000e-06,138.1456410,2.200000e-04,-2.200000e-04,0.6050,0.0070,-0.0010,6.63240,0.01450,-0.01450,6.5411e+04,8.660e+01,-8.660e+01,30.92,8.900e+00,-7.300e+00,684.0,,,51.67,43.71,-24.63,912.00,1,q1_q17_dr25_tce,5619.00,152.00,-152.00,4.269,0.225,-0.184,1.1530,0.3320,-0.2720,281.010500,44.153770,14.274
8977176,K07119.01,,FALSE POSITIVE,FALSE POSITIVE,,1,0,0,0,0.509483060,6.3380000e-05,-6.3380000e-05,132.0386000,6.450000e-02,-6.450000e-02,0.3535,0.2048,-0.3535,3.14000,1.10000,-1.10000,7.4600e+01,1.510e+01,-1.510e+01,1.22,4.700e-01,-3.400e-01,3024.0,,,19778.63,22494.45,-10738.61,8.00,1,q1_q17_dr24_tce,6344.00,186.00,-188.00,4.091,0.289,-0.289,1.3900,0.5280,-0.3920,298.877380,45.203979,13.545
9001468,K07120.01,,FALSE POSITIVE,FALSE POSITIVE,0.0000,0,1,0,0,17.329965871,2.1470000e-06,-2.1470000e-06,142.7271560,1.030000e-04,-1.030000e-04,0.7050,0.0240,-0.0240,8.43812,0.00591,-0.00591,2.5272e+05,1.480e+02,-1.480e+02,42.58,4.050e+00,-4.060e+00,548.0,,,21.34,7.77,-5.86,1938.70,1,q1_q17_dr25_tce,5079.00,166.00,-151.00,4.588,0.072,-0.048,0.6830,0.0650,-0.0650,282.761630,45.398521,15.200
9005854,K07121.01,,FALSE POSITIVE,FALSE POSITIVE,0.0000,0,1,0,0,1.890227354,8.6300000e-07,-8.6300000e-07,131.6785890,3.650000e-04,-3.650000e-04,0.9570,0.2140,-0.1160,3.85500,0.02380,-0.02380,1.1226e+05,5.220e+02,-5.220e+02,42.05,7.170e+00,-3.290e+00,1236.0,,,551.66,297.99,-136.14,252.00,1,q1_q17_dr25_tce,5356.00,159.00,-159.00,4.589,0.035,-0.119,0.7800,0.1330,-0.0610,285.031310,45.380451,15.569
9007918,K07122.01,,FALSE POSITIVE,FALSE POSITIVE,0.0000,0,1,0,0,1.387206724,8.6000000e-08,-8.6000000e-08,132.8469146,5.090000e-05,-5.090000e-05,0.8560,0.0020,-0.0500,3.82527,0.00281,-0.00281,1.5143e+05,4.570e+01,-4.570e+01,103.41,3.145e+01,-2.571e+01,2619.0,,,11126.98,9998.04,-5757.38,1752.60,1,q1_q17_dr25_tce,7207.00,201.00,-277.00,4.060,0.198,-0.162,1.8940,0.5760,-0.4710,286.008450,45.356030,11.658
9007953,K07123.01,,FALSE POSITIVE,FALSE POSITIVE,0.0000,0,0,1,1,1.387182090,3.5900000e-05,-3.5900000e-05,132.8579000,2.230000e-02,-2.230000e-02,0.2800,0.1730,-0.2800,2.59500,0.84900,-0.84900,4.5500e+01,8.500e+00,-8.500e+00,0.68,2.000e-01,-8.000e-02,1707.0,,,2011.41,1767.49,-655.72,7.20,1,q1_q17_dr25_tce,6122.00,171.00,-214.00,4.471,0.062,-0.200,0.9960,0.2960,-0.1180,286.021300,45.343681,14.718
9024857,K07124.01,,FALSE POSITIVE,FALSE POSITIVE,0.0000,0,1,0,0,35.026564845,1.8150000e-06,-1.8150000e-06,160.6019871,4.290000e-05,-4.290000e-05,0.7770,0.0190,-0.0150,2.90121,0.00386,-0.00386,1.2025e+05,1.170e+02,-1.170e+02,34.88,8.100e+00,-2.710e+00,489.0,,,13.56,9.60,-3.22,1607.20,1,q1_q17_dr25_tce,5546.00,166.00,-149.00,4.575,0.038,-0.152,0.8100,0.1880,-0.0630,292.878480,45.344372,15.496
9025739,K07125.01,,CANDIDATE,CANDIDATE,0.9990,0,0,0,0,7.918267000,1.8420000e-04,-1.8420000e-04,134.1991000,2.050000e-02,-2.050000e-02,0.2190,0.2500,-0.2190,3.47800,0.68700,-0.68700,8.3700e+01,1.240e+01,-1.240e+01,0.93,2.800e-01,-1.200e-01,953.0,,,195.36,173.55,-66.70,8.40,1,q1_q17_dr25_tce,5966.00,179.00,-214.00,4.418,0.087,-0.203,1.0160,0.3000,-0.1290,293.201480,45.354691,14.758
9029486,K07126.01,,FALSE POSITIVE,FALSE POSITIVE,0.0000,0,1,0,0,3.138580493,1.4200000e-07,-1.4200000e-07,132.3306220,3.730000e-05,-3.730000e-05,0.6190,0.1010,-0.0700,4.16343,0.00113,-0.00113,2.3334e+05,1.310e+02,-1.310e+02,59.24,1.756e+01,-1.171e+01,1281.0,,,635.61,553.58,-269.08,2387.80,1,q1_q17_dr25_tce,5593.00,152.00,-152.00,4.311,0.195,-0.195,1.0830,0.3210,-0.2140,294.472930,45.389721,13.630
9906802,K07250.01,,FALSE POSITIVE,FALSE POSITIVE,,1,0,0,0,9.261476790,,,135.1085808,,,,,,1.77000,,,,,,,,,,,,,,,,1,q1_q17_dr24_tce,,,,,,,,,,297.612730,46.738949,14.874
9906841,K07251.01,,FALSE POSITIVE,FALSE POSITIVE,,1,0,0,0,581.072300000,1.7420000e-02,-1.7420000e-02,371.0249000,2.320000e-02,-2.320000e-02,88.7243,12.2500,-25.7500,15.81000,1.30000,-1.30000,1.3642e+03,9.570e+01,-9.570e+01,161858.00,5.884e+03,-7.265e+04,639.0,,,39.36,6.71,-30.00,15.90,1,q1_q17_dr24_tce,5026.00,109.00,-298.00,2.504,0.033,-0.033,16.8910,0.6140,-7.5820,297.622960,46.753860,12.282
9909965,K07252.01,,CANDIDATE,CANDIDATE,0.7910,0,0,0,0,10.217058900,2.1540000e-04,-2.1540000e-04,139.1299000,1.870000e-02,-1.870000e-02,0.1320,0.3260,-0.1320,2.25900,0.65900,-0.65900,1.2130e+02,1.770e+01,-1.770e+01,1.17,3.300e-01,-1.800e-01,929.0,,,176.34,149.09,-67.62,7.90,1,q1_q17_dr25_tce,6211.00,169.00,-225.00,4.384,0.108,-0.201,1.0540,0.3030,-0.1630,298.548520,46.756641,14.455
9913481,K07253.01,,FALSE POSITIVE,FALSE POSITIVE,0.0000,0,1,0,0,3.504742650,8.2400000e-07,-8.2400000e-07,133.3195360,1.870000e-04,-1.870000e-04,1.0490,0.0550,-0.0450,8.28520,0.01060,-0.01060,8.8625e+04,1.090e+02,-1.090e+02,200.24,3.312e+01,-1.059e+02,2689.0,,,12355.55,6370.99,-10044.66,977.20,1,q1_q17_dr25_tce,7624.00,212.00,-318.00,3.622,0.476,-0.084,3.6820,0.6090,-1.9480,299.586550,46.765541,10.862
9913798,K07254.01,,FALSE POSITIVE,FALSE POSITIVE,0.0000,0,1,0,0,2.143440930,3.6000000e-07,-3.6000000e-07,133.4972470,1.340000e-04,-1.340000e-04,0.6860,0.0330,-0.0060,3.97410,0.01110,-0.01110,1.3332e+05,3.520e+02,-3.520e+02,28.69,2.870e+00,-2.090e+00,1033.0,,,269.48,97.37,-64.32,645.90,1,q1_q17_dr25_tce,4817.00,144.00,-144.00,4.624,0.028,-0.056,0.7000,0.0700,-0.0510,299.681790,46.735352,14.945
9932197,K07255.01,,CANDIDATE,CANDIDATE,,0,0,0,0,86.954320880,,,187.7282221,,,,,,12.11000,,,,,,,,,,,,,,,,1,q1_q17_dr24_tce,,,,,,,,,,280.991760,46.889370,14.248
9934208,K07256.01,,FALSE POSITIVE,FALSE POSITIVE,0.0000,0,1,0,0,9.058487716,5.1900000e-07,-5.1900000e-07,137.3378842,4.730000e-05,-4.730000e-05,0.2130,0.0470,-0.0120,4.14334,0.00331,-0.00331,1.2797e+05,7.720e+01,-7.720e+01,20.51,1.610e+00,-2.000e+00,547.0,,,21.15,6.57,-5.92,2098.90,1,q1_q17_dr25_tce,4340.00,131.00,-131.00,4.671,0.058,-0.027,0.5730,0.0450,-0.0560,282.542080,46.856628,15.507
9936698,K07257.01,,FALSE POSITIVE,FALSE POSITIVE,0.0000,0,1,0,0,2.856085147,3.5400000e-06,-3.5400000e-06,133.3929800,1.620000e-03,-1.620000e-03,0.8410,0.0250,-0.0220,4.57760,0.01160,-0.01160,1.7384e+05,4.820e+02,-4.820e+02,88.52,2.628e+01,-2.152e+01,1739.0,,,2164.00,1905.55,-1106.98,422.10,1,q1_q17_dr25_tce,6604.00,187.00,-258.00,4.178,0.162,-0.180,1.5260,0.4530,-0.3710,284.067320,46.809582,14.045
10867017,K07384.01,,FALSE POSITIVE,FALSE POSITIVE,0.0000,0,1,1,0,0.876941133,5.6470000e-06,-5.6470000e-06,132.2689900,4.470000e-03,-4.470000e-03,0.3860,0.0710,-0.3860,1.29600,0.19800,-0.19800,7.3500e+01,7.400e+00,-7.400e+00,0.85,2.500e-01,-8.000e-02,1938.0,,,3332.14,2880.65,-977.21,12.30,1,q1_q17_dr25_tce,6018.00,168.00,-210.00,4.485,0.050,-0.200,0.9750,0.2850,-0.0950,294.214420,48.258179,14.978
10909274,K07385.01,,FALSE POSITIVE,FALSE POSITIVE,0.0000,0,1,0,0,39.238141571,7.2230000e-06,-7.2230000e-06,148.6516520,1.440000e-04,-1.440000e-04,0.4590,0.0090,-0.0070,6.07183,0.00884,-0.00884,4.3921e+05,5.120e+02,-5.120e+02,90.93,2.086e+01,-1.039e+01,656.0,,,43.69,28.43,-13.63,969.30,1,q1_q17_dr25_tce,6599.00,147.00,-213.00,4.350,0.060,-0.140,1.2340,0.2830,-0.1410,285.976230,48.320782,12.153
10920813,K07386.01,,FALSE POSITIVE,FALSE POSITIVE,0.0000,1,0,0,0,53.740657500,2.0170000e-05,-2.0170000e-05,209.2947330,2.860000e-04,-2.860000e-04,0.3860,0.0010,-0.0020,47.24750,0.02250,-0.02250,1.1672e+05,4.070e+01,-4.070e+01,25.44,3.620e+00,-2.420e+00,398.0,,,5.93,3.07,-1.71,3568.10,1,q1_q17_dr25_tce,5288.00,202.00,-184.00,4.577,0.056,-0.077,0.7370,0.1050,-0.0700,292.210050,48.315643,13.756
10923260,K07387.01,,FALSE POSITIVE,FALSE POSITIVE,0.0000,0,1,0,0,7.436016459,1.2360000e-06,-1.2360000e-06,136.5182260,1.380000e-04,-1.380000e-04,0.4330,0.0170,-0.0170,4.16284,0.00842,-0.00842,1.0653e+05,1.840e+02,-1.840e+02,31.39,9.780e+00,-3.270e+00,968.0,,,207.61,186.22,-63.21,742.10,1,q1_q17_dr25_tce,6214.00,153.00,-219.00,4.501,0.054,-0.216,0.9330,0.2910,-0.0970,293.345250,48.382301,14.546
10924400,K07388.01,,FALSE POSITIVE,FALSE POSITIVE,0.0000,0,1,1,1,0.750737313,4.8070000e-06,-4.8070000e-06,131.8214300,6.060000e-03,-6.060000e-03,0.4630,0.0160,-0.4470,1.71200,0.17100,-0.17100,3.8800e+01,3.900e+00,-3.900e+00,0.48,4.000e-02,-2.000e-02,1603.0,,,1558.69,387.19,-198.44,13.40,1,q1_q17_dr25_tce,5151.00,72.00,-92.00,4.602,0.010,-0.070,0.7610,0.0660,-0.0240,293.825870,48.344360,12.306
10932270,K07389.01,,CANDIDATE,CANDIDATE,,0,0,0,0,27.583777800,4.1350000e-04,-4.1350000e-04,142.9808000,9.390000e-03,-9.390000e-03,0.0221,0.4531,-0.0221,1.51600,0.33900,-0.33900,2.0250e+02,4.110e+01,-4.110e+01,11.03,6.900e-01,-2.700e+00,1330.0,,,739.57,150.58,-368.50,8.50,1,q1_q17_dr24_tce,5092.00,83.00,-161.00,2.945,0.028,-0.028,7.9130,0.4920,-1.9360,296.849670,48.323318,12.148
10936427,K07390.01,,FALSE POSITIVE,FALSE POSITIVE,0.0000,0,1,0,0,14.361021578,1.9620000e-06,-1.9620000e-06,138.8429860,1.110000e-04,-1.110000e-04,0.0030,0.0000,-0.0030,13.28950,0.00588,-0.00588,4.5988e+05,2.120e+02,-2.120e+02,45.90,4.400e+00,-3.910e+00,594.0,,,29.44,10.33,-7.34,2599.00,1,q1_q17_dr25_tce,5229.00,156.00,-140.00,4.607,0.072,-0.048,0.6680,0.0640,-0.0570,298.343810,48.335892,14.419
10937609,K07391.01,,FALSE POSITIVE,FALSE POSITIVE,0.0000,0,1,0,0,2.570431263,4.9700000e-07,-4.9700000e-07,133.1895170,1.540000e-04,-1.540000e-04,1.0540,0.0270,-0.0300,5.49699,0.00895,-0.00895,7.6826e+04,1.060e+02,-1.060e+02,50.18,1.577e+01,-5.270e+00,1411.0,,,936.90,863.42,-272.87,822.90,1,q1_q17_dr25_tce,6244.00,169.00,-188.00,4.473,0.054,-0.216,0.9710,0.3050,-0.1020,298.741580,48.326962,13.430
10965963,K07392.01,,FALSE POSITIVE,FALSE POSITIVE,0.0000,0,1,0,0,6.640244960,3.8300000e-07,-3.8300000e-07,132.7758620,4.650000e-05,-4.650000e-05,0.7560,0.0100,-0.0110,6.03491,0.00213,-0.00213,2.2433e+05,5.600e+01,-5.600e+01,74.40,2.173e+01,-1.445e+01,1114.0,,,364.44,315.41,-156.45,2941.00,1,q1_q17_dr25_tce,6085.00,171.00,-193.00,4.293,0.153,-0.187,1.2150,0.3550,-0.2360,286.610660,48.479729,13.881
12251779,K07517.01,,FALSE POSITIVE,FALSE POSITIVE,0.0000,0,1,0,0,14.844240386,6.0300000e-07,-6.0300000e-07,134.2337694,3.330000e-05,-3.330000e-05,0.2750,0.0140,-0.0040,6.83577,0.00169,-0.00169,8.3412e+04,2.160e+01,-2.160e+01,28.97,6.920e+00,-5.660e+00,810.0,,,101.98,72.31,-42.87,4542.80,1,q1_q17_dr25_tce,6161.00,168.00,-168.00,4.367,0.175,-0.175,0.9880,0.2360,-0.1930,287.573610,50.998730,14.415
12268220,K07518.01,,FALSE POSITIVE,FALSE POSITIVE,0.0000,0,1,0,0,4.421580210,3.9480000e-06,-3.9480000e-06,134.3954470,7.330000e-04,-7.330000e-04,1.1460,0.0980,-0.0520,10.45320,0.05410,-0.05410,6.1032e+04,2.120e+02,-2.120e+02,188.89,3.312e+01,-9.939e+01,2565.0,,,10243.23,5763.06,-8274.46,370.60,1,q1_q17_dr25_tce,8026.00,251.00,-306.00,3.650,0.510,-0.090,3.4610,0.6070,-1.8210,296.490690,50.905861,11.425
12302391,K07519.01,,FALSE POSITIVE,FALSE POSITIVE,0.0000,0,1,0,0,25.321698729,5.0090000e-06,-5.0090000e-06,139.6875250,1.590000e-04,-1.590000e-04,0.9540,0.0230,-0.0220,4.45367,0.00841,-0.00841,1.1959e+05,1.970e+02,-1.970e+02,56.62,1.876e+01,-6.280e+00,655.0,,,43.39,43.72,-14.08,673.30,1,q1_q17_dr25_tce,6109.00,193.00,-236.00,4.455,0.056,-0.210,1.0290,0.3410,-0.1140,288.403780,51.073761,15.128
12304728,K07520.01,,CANDIDATE,CANDIDATE,1.0000,0,0,0,0,3.147357890,5.3410000e-05,-5.3410000e-05,133.3871000,1.490000e-02,-1.490000e-02,0.0300,0.4200,-0.0300,3.64300,0.31800,-0.31800,5.1800e+01,6.600e+00,-6.600e+00,3.45,4.500e-01,-1.320e+00,2209.0,,,5635.40,1938.49,-3688.93,9.30,1,q1_q17_dr25_tce,5189.00,72.00,-124.00,3.352,0.262,-0.087,4.9300,0.6300,-1.8890,289.821990,51.063492,14.386
12306808,K07521.01,,FALSE POSITIVE,FALSE POSITIVE,0.0000,0,1,0,0,37.878483588,9.4330000e-06,-9.4330000e-06,138.1286180,2.040000e-04,-2.040000e-04,0.7630,0.0220,-0.0210,10.59720,0.01070,-0.01070,2.2223e+05,2.090e+02,-2.090e+02,46.42,1.041e+01,-3.490e+00,503.0,,,15.19,9.84,-3.54,1157.60,1,q1_q17_dr25_tce,5985.00,143.00,-161.00,4.603,0.028,-0.161,0.7580,0.1700,-0.0570,291.110570,51.058929,13.265
12351927,K07522.01,,FALSE POSITIVE,FALSE POSITIVE,0.0000,0,1,0,0,10.116144515,7.0000000e-07,-7.0000000e-07,139.9824969,5.490000e-05,-5.490000e-05,0.8790,0.2300,-0.0100,2.70314,0.00372,-0.00372,5.8144e+04,4.830e+01,-4.830e+01,17.21,8.900e-01,-1.000e+00,549.0,,,21.56,5.22,-4.77,1144.80,1,q1_q17_dr25_tce,4717.00,138.00,-152.00,4.737,0.042,-0.028,0.5190,0.0270,-0.0300,288.510620,51.162472,15.520
12353633,K07523.01,,FALSE POSITIVE,FALSE POSITIVE,0.0000,0,1,0,1,0.684496369,4.9510000e-06,-4.9510000e-06,131.9212500,7.400000e-03,-7.400000e-03,0.5010,0.4600,-0.2810,2.26300,0.18700,-0.18700,2.8400e+01,2.100e+00,-2.100e+00,1.12,2.500e-01,-5.800e-01,2913.0,,,17099.50,12062.69,-13645.50,16.30,1,q1_q17_dr25_tce,5800.00,192.00,-175.00,3.866,0.552,-0.138,2.0530,0.4590,-1.0720,289.524900,51.172005,13.181
12353720,K07524.01,,FALSE POSITIVE,FALSE POSITIVE,0.0000,0,1,0,0,1.953285321,4.6700000e-07,-4.6700000e-07,133.1432000,1.930000e-04,-1.930000e-04,1.3120,1.7550,-0.1510,1.67598,0.00914,-0.00914,1.5203e+03,5.600e+00,-5.600e+00,151.56,1.551e+01,-5.815e+01,2927.0,,,17363.68,6134.90,-11458.57,237.70,1,q1_q17_dr25_tce,6450.00,176.00,-176.00,3.501,0.360,-0.090,3.9280,0.4020,-1.5070,289.570250,51.125702,13.077
8565912,K07898.01,,FALSE POSITIVE,FALSE POSITIVE,0.0000,0,1,0,0,1.012174295,2.8640000e-06,-2.8640000e-06,131.9083500,3.960000e-03,-3.960000e-03,0.5960,0.0190,-0.0260,4.66170,0.01180,-0.01180,3.2303e+05,6.450e+02,-6.450e+02,114.40,3.187e+01,-3.186e+01,2737.0,,,13215.77,11186.02,-7485.95,596.00,1,q1_q17_dr25_tce,6987.00,216.00,-312.00,4.096,0.209,-0.171,1.7160,0.4780,-0.4780,294.109410,44.691078,14.712
7778767,K02523.02,,CANDIDATE,CANDIDATE,0.7630,0,0,0,0,2.610902230,2.1130000e-05,-2.1130000e-05,133.2550100,7.680000e-03,-7.680000e-03,0.8130,0.0100,-0.5780,1.97600,0.20100,-0.20100,2.2250e+02,2.480e+01,-2.480e+01,1.80,2.700e-01,-2.500e-01,1323.0,,,724.16,289.86,-214.61,10.70,2,q1_q17_dr25_tce,5514.00,74.00,-74.00,4.345,0.132,-0.108,1.0710,0.1630,-0.1480,299.169530,43.441090,15.829
9026749,K02564.02,,CANDIDATE,CANDIDATE,0.9130,0,0,0,0,17.663797900,6.4050000e-04,-6.4050000e-04,144.2390000,2.430000e-02,-2.430000e-02,0.6950,0.2890,-0.4590,6.19400,0.91200,-0.91200,6.7900e+01,8.400e+00,-8.400e+00,2.98,5.500e-01,-1.010e+00,1178.0,,,455.65,225.98,-267.11,9.70,2,q1_q17_dr25_tce,5734.00,95.00,-69.00,3.591,0.292,-0.097,3.4050,0.6250,-1.1610,293.573940,45.384541,14.074
10916600,K02623.02,,CANDIDATE,CANDIDATE,0.9930,0,0,0,0,4.026646250,6.7640000e-05,-6.7640000e-05,134.3954000,1.260000e-02,-1.260000e-02,0.0940,0.3570,-0.0940,3.77100,0.32400,-0.32400,3.0000e+01,3.900e+00,-3.900e+00,0.68,1.400e-01,-5.000e-02,1318.0,,,715.51,377.27,-132.48,8.90,2,q1_q17_dr25_tce,6187.00,74.00,-80.00,4.341,0.050,-0.150,1.2380,0.2560,-0.0910,290.025910,48.335949,13.383
6198182,K02636.02,,CANDIDATE,CANDIDATE,,0,0,0,0,5.177722600,9.7560000e-04,-9.7560000e-04,133.5044000,5.430000e-02,-5.430000e-02,0.0250,0.4872,-0.0249,8.27500,0.86900,-0.86900,4.1700e+01,6.100e+00,-6.100e+00,0.63,1.200e-01,-4.000e-02,1050.0,,,287.44,149.13,-54.40,6.10,2,q1_q17_dr24_tce,5854.00,106.00,-130.00,4.469,0.036,-0.036,0.9790,0.1850,-0.0570,289.686710,41.588928,12.320
5695396,K00283.03,,CANDIDATE,CANDIDATE,,0,0,0,0,9.488147470,6.1480000e-05,-6.1480000e-05,139.1790700,4.960000e-03,-4.960000e-03,0.5693,0.0874,-0.4352,1.16300,0.19400,-0.19400,4.7900e+01,7.200e+00,-7.200e+00,0.73,1.300e-01,-6.000e-02,856.0,,,126.75,63.38,-28.75,11.10,3,q1_q17_dr24_tce,5680.00,104.00,-113.00,4.414,0.072,-0.072,1.0160,0.1840,-0.0860,288.530820,40.942299,11.525
6964929,K02756.02,,CANDIDATE,CANDIDATE,,0,0,0,0,5.069932450,7.7500000e-05,-7.7500000e-05,135.8360000,1.110000e-02,-1.110000e-02,0.3584,0.0963,-0.3584,3.24100,0.37000,-0.37000,9.3600e+01,9.900e+00,-9.900e+00,0.92,3.300e-01,-9.000e-02,1053.0,,,291.11,310.53,-78.75,11.60,2,q1_q17_dr24_tce,5957.00,154.00,-187.00,4.506,0.039,-0.039,0.9370,0.3430,-0.0840,296.232820,42.472790,14.758
2853828,K02896.02,,FALSE POSITIVE,FALSE POSITIVE,,1,0,0,0,346.366420000,2.0390000e-02,-2.0390000e-02,365.2864000,3.500000e-02,-3.500000e-02,0.4500,0.0091,-0.4326,14.94000,1.10000,-1.10000,1.4820e+02,1.330e+01,-1.330e+01,1.57,9.800e-01,-2.700e-01,314.0,,,2.30,4.42,-0.90,14.30,2,q1_q17_dr24_tce,6327.00,160.00,-202.00,4.276,0.131,-0.131,1.2590,0.7880,-0.2120,291.740170,38.014912,11.899
7008149,K02918.02,,FALSE POSITIVE,FALSE POSITIVE,,0,0,1,0,0.515541110,,,131.6708765,,,,,,0.87000,,,,,,,,,,,,,,,,2,q1_q17_dr24_tce,,,,,,,,,,281.559360,42.520489,15.786
3458919,K06337.01,,FALSE POSITIVE,FALSE POSITIVE,0.0000,0,1,1,0,0.892061734,1.4500000e-07,-1.4500000e-07,131.8156030,1.340000e-04,-1.340000e-04,1.0790,0.0990,-0.1420,2.24307,0.00799,-0.00799,7.5590e+04,1.560e+02,-1.560e+02,46.75,1.072e+01,-4.920e+00,1724.0,,,2090.54,1462.74,-608.01,398.10,1,q1_q17_dr25_tce,5561.00,166.00,-166.00,4.512,0.066,-0.154,0.8550,0.1960,-0.0900,295.140290,38.597542,13.815
3542573,K06338.01,,FALSE POSITIVE,FALSE POSITIVE,0.0000,0,1,0,1,3.471399214,1.5600000e-07,-1.5600000e-07,133.7510303,3.730000e-05,-3.730000e-05,1.0140,0.0250,-0.0170,5.07707,0.00142,-0.00142,9.2285e+04,1.670e+01,-1.670e+01,89.62,2.457e+01,-3.003e+01,1558.0,,,1390.76,1150.73,-853.21,3230.40,1,q1_q17_dr25_tce,6026.00,181.00,-199.00,4.101,0.258,-0.172,1.6890,0.4630,-0.5660,290.859250,38.633808,12.161
3543270,K06339.01,,FALSE POSITIVE,FALSE POSITIVE,0.0000,0,1,0,0,4.176929219,3.4430000e-06,-3.4430000e-06,133.1973820,6.720000e-04,-6.720000e-04,0.9840,3.7600,-0.1470,5.20030,0.06070,-0.06070,7.0355e+04,4.660e+02,-4.660e+02,31.35,5.270e+00,-2.260e+00,938.0,,,183.08,97.70,-43.31,187.00,1,q1_q17_dr25_tce,5462.00,162.00,-162.00,4.628,0.035,-0.105,0.7080,0.1190,-0.0510,291.057620,38.645340,15.220
3544678,K06340.01,,FALSE POSITIVE,FALSE POSITIVE,0.0000,0,1,1,0,6.376219900,,,134.9584000,,,,,,2.24000,,,,,,,,,,,,168.45,164.36,-40.63,,1,q1_q17_dr25_tce,,,,,,,,,,291.442810,38.623581,15.822
3545626,K06341.01,,CANDIDATE,CANDIDATE,,0,0,0,0,9.781841930,,,132.3447759,,,,,,2.30000,,,,,,,,,,,,,,,,1,q1_q17_dr24_tce,,,,,,,,,,291.700470,38.695129,15.198
3547178,K06342.01,,CANDIDATE,CANDIDATE,0.9840,0,0,0,0,8.177075100,1.3080000e-04,-1.3080000e-04,136.8217000,1.150000e-02,-1.150000e-02,0.4560,0.4980,-0.2560,4.60800,0.35200,-0.35200,4.4300e+01,4.700e+00,-4.700e+00,0.83,2.200e-01,-1.500e-01,1115.0,,,365.09,278.50,-145.41,10.60,1,q1_q17_dr25_tce,6501.00,147.00,-180.00,4.281,0.149,-0.182,1.2090,0.3260,-0.2170,292.100710,38.614990,12.419
3548622,K06343.01,,CANDIDATE,CANDIDATE,0.0000,0,0,0,0,569.450510000,3.2800000e-02,-3.2800000e-02,143.4648000,4.900000e-02,-4.900000e-02,0.0010,0.4530,-0.0010,9.63000,2.30000,-2.30000,4.2540e+02,6.070e+01,-6.070e+01,1.96,5.900e-01,-2.000e-01,225.0,,,0.61,0.56,-0.18,8.20,1,q1_q17_dr25_tce,6117.00,182.00,-200.00,4.496,0.050,-0.213,0.9470,0.2880,-0.0960,292.475490,38.691311,14.542
3556742,K06344.01,,FALSE POSITIVE,FALSE POSITIVE,0.0000,0,1,1,0,0.823014905,6.6700000e-07,-6.6700000e-07,132.1607870,6.700000e-04,-6.700000e-04,1.2470,0.3590,-0.1170,3.54260,0.04180,-0.04180,8.5050e+02,7.700e+00,-7.700e+00,22.17,1.650e+00,-6.800e-01,1482.0,,,1136.75,261.27,-134.32,130.50,1,q1_q17_dr25_tce,4975.00,79.00,-79.00,4.614,0.012,-0.051,0.7240,0.0540,-0.0220,294.472530,38.675510,14.221
4917014,K06472.01,,FALSE POSITIVE,FALSE POSITIVE,0.0000,0,0,1,0,0.796815149,,,131.9743416,,,0.5240,,,1.07270,,,5.5900e+01,,,10.23,1.610e+00,-3.210e+00,5480.0,,,212663.45,85733.73,-120114.04,4.80,1,q1_q17_dr25_tce,4897.00,58.00,-95.00,2.464,0.168,-0.126,13.4990,2.1190,-4.2380,289.769200,40.021091,11.971
4931073,K06473.01,,FALSE POSITIVE,FALSE POSITIVE,0.0000,0,1,0,0,26.951237675,4.5480000e-06,-4.5480000e-06,150.9232110,1.260000e-04,-1.260000e-04,1.0400,0.0120,-0.0140,8.27486,0.00722,-0.00722,8.6749e+04,6.930e+01,-6.930e+01,146.33,2.605e+01,-4.837e+01,1082.0,,,324.38,170.50,-195.66,1451.70,1,q1_q17_dr25_tce,6675.00,160.00,-200.00,3.748,0.285,-0.095,2.7470,0.4890,-0.9080,293.829710,40.031189,11.957
4932691,K06474.01,,FALSE POSITIVE,FALSE POSITIVE,0.0000,0,1,0,0,18.112088770,1.5740000e-05,-1.5740000e-05,134.7139160,7.110000e-04,-7.110000e-04,0.9820,0.6930,-0.1670,6.78280,0.05780,-0.05780,1.1663e+05,6.660e+02,-6.660e+02,96.62,3.153e+01,-1.453e+01,1068.0,,,307.27,295.77,-121.67,217.70,1,q1_q17_dr25_tce,7323.00,203.00,-319.00,4.167,0.090,-0.210,1.7220,0.5620,-0.2590,294.240170,40.007450,13.627
4939265,K06475.01,,CANDIDATE,CANDIDATE,1.0000,0,0,0,0,4.845059850,3.1900000e-05,-3.1900000e-05,134.9486800,5.460000e-03,-5.460000e-03,0.9030,0.0710,-0.6710,2.07800,0.18200,-0.18200,2.9840e+02,3.380e+01,-3.380e+01,1.54,3.000e-02,-9.000e-02,723.0,,,64.57,7.45,-11.62,10.70,3,q1_q17_dr25_tce,4337.00,77.00,-86.00,4.581,0.045,-0.009,0.7140,0.0140,-0.0410,295.791380,40.012360,13.731
4940201,K06476.01,,FALSE POSITIVE,FALSE POSITIVE,0.0000,0,1,0,0,4.408295716,9.5600000e-07,-9.5600000e-07,134.2804130,1.830000e-04,-1.830000e-04,1.1590,0.0440,-0.0360,3.62479,0.00956,-0.00956,3.7964e+04,1.160e+02,-1.160e+02,35.68,7.150e+00,-3.070e+00,942.0,,,186.23,115.68,-46.79,386.10,1,q1_q17_dr25_tce,5496.00,164.00,-148.00,4.607,0.032,-0.128,0.7430,0.1490,-0.0640,295.983520,40.061661,14.984
4946680,K06477.01,,FALSE POSITIVE,FALSE POSITIVE,0.0000,0,1,0,0,8.665259912,4.6220000e-06,-4.6220000e-06,132.2162490,4.400000e-04,-4.400000e-04,1.2690,1.2130,-0.1950,3.10880,0.02200,-0.02200,1.8406e+03,1.200e+01,-1.200e+01,82.42,1.818e+01,-4.240e+01,1378.0,,,852.84,605.69,-678.54,181.40,1,q1_q17_dr25_tce,6071.00,213.00,-213.00,3.796,0.544,-0.128,2.3890,0.5270,-1.2290,297.382540,40.024170,13.852
4947726,K06478.01,,FALSE POSITIVE,FALSE POSITIVE,0.0000,0,1,0,0,4.726086185,3.7700000e-07,-3.7700000e-07,132.9230889,6.560000e-05,-6.560000e-05,0.6510,0.0170,-0.0010,4.39793,0.00380,-0.00380,1.8182e+05,1.800e+02,-1.800e+02,41.38,1.117e+01,-3.740e+00,1032.0,,,267.96,212.96,-71.79,1564.30,1,q1_q17_dr25_tce,5873.00,159.00,-177.00,4.547,0.044,-0.176,0.8630,0.2330,-0.0780,297.615140,40.060810,15.181
4948863,K06479.01,,FALSE POSITIVE,FALSE POSITIVE,0.0000,0,1,0,0,8.643550046,9.3900000e-07,-9.3900000e-07,139.8333977,8.570000e-05,-8.570000e-05,1.0760,0.0890,-0.0800,3.12730,0.00459,-0.00459,6.7299e+04,6.190e+01,-6.190e+01,38.21,7.980e+00,-2.660e+00,779.0,,,87.16,56.44,-20.50,849.30,1,q1_q17_dr25_tce,5679.00,173.00,-173.00,4.605,0.036,-0.135,0.7470,0.1560,-0.0520,297.850070,40.068722,15.414
8308516,K07880.01,,CANDIDATE,CANDIDATE,0.1130,0,0,0,0,623.707740000,1.1570000e-02,-1.1570000e-02,303.3588000,1.250000e-02,-1.250000e-02,0.0030,0.4560,-0.0030,6.68800,0.48800,-0.48800,2.5090e+02,2.770e+01,-2.770e+01,1.81,4.800e-01,-2.600e-01,258.0,,,1.05,0.80,-0.37,10.20,2,q1_q17_dr25_tce,6626.00,158.00,-217.00,4.347,0.112,-0.182,1.1320,0.2980,-0.1610,294.952580,44.207909,13.379
5529501,K06592.01,,FALSE POSITIVE,FALSE POSITIVE,0.0000,1,0,0,1,1.519451820,3.4270000e-05,-3.4270000e-05,132.5975000,2.290000e-02,-2.290000e-02,0.5990,0.3530,-0.3860,2.95000,1.10000,-1.10000,1.3700e+01,2.100e+00,-2.100e+00,0.50,9.000e-02,-7.000e-02,1901.0,,,3080.82,1405.08,-945.89,9.60,1,q1_q17_dr25_tce,6168.00,80.00,-86.00,4.250,0.125,-0.125,1.3070,0.2300,-0.1880,290.467800,40.754238,12.585
5529560,K06593.01,,FALSE POSITIVE,FALSE POSITIVE,0.0000,0,0,1,1,0.759755409,7.7980000e-06,-7.7980000e-06,131.7960200,9.370000e-03,-9.370000e-03,0.4550,0.0640,-0.4550,2.73400,0.25500,-0.25500,7.0000e+01,5.700e+00,-5.700e+00,0.91,3.300e-01,-1.000e-01,2121.0,,,4773.08,5106.22,-1583.78,15.90,1,q1_q17_dr25_tce,6090.00,190.00,-253.00,4.447,0.044,-0.232,1.0710,0.3780,-0.1180,290.490570,40.722191,15.259
5530881,K06594.01,,FALSE POSITIVE,FALSE POSITIVE,0.0000,0,1,0,0,5.082523739,1.4500000e-07,-1.4500000e-07,132.9614122,2.330000e-05,-2.330000e-05,0.2690,0.0090,-0.0030,5.04732,0.00168,-0.00168,2.7628e+05,4.920e+01,-4.920e+01,61.88,1.784e+01,-8.210e+00,1266.0,,,606.33,493.26,-202.30,5286.20,1,q1_q17_dr25_tce,6507.00,146.00,-194.00,4.343,0.101,-0.188,1.1450,0.3300,-0.1520,290.922670,40.777359,13.508
5534476,K06595.01,,FALSE POSITIVE,FALSE POSITIVE,0.0000,1,0,0,1,1.025472710,1.0650000e-05,-1.0650000e-05,131.6002000,1.030000e-02,-1.030000e-02,0.6510,0.0150,-0.5040,1.99600,0.27800,-0.27800,2.7000e+01,3.300e+00,-3.300e+00,0.94,1.500e-01,-1.500e-01,2657.0,,,11800.82,4840.19,-3967.44,10.90,2,q1_q17_dr25_tce,6862.00,72.00,-92.00,4.114,0.132,-0.108,1.7120,0.2790,-0.2790,292.113620,40.792179,12.407
5534702,K06596.01,,FALSE POSITIVE,FALSE POSITIVE,0.0000,1,0,0,0,1.025465924,9.9000000e-08,-9.9000000e-08,131.6091403,8.000000e-05,-8.000000e-05,0.8800,0.0120,-0.0130,3.71841,0.00458,-0.00458,1.5268e+05,1.070e+02,-1.070e+02,106.84,1.912e+01,-2.338e+01,2710.0,,,12744.17,5754.57,-5362.90,1120.80,1,q1_q17_dr25_tce,6700.00,73.00,-87.00,4.041,0.174,-0.116,1.8830,0.3370,-0.4120,292.183440,40.707241,13.821
5535280,K06597.01,,FALSE POSITIVE,FALSE POSITIVE,0.0000,0,1,0,0,74.985292949,7.7070000e-06,-7.7070000e-06,146.1390004,8.480000e-05,-8.480000e-05,0.9870,0.0380,-0.0350,6.23451,0.00458,-0.00458,1.0535e+05,6.490e+01,-6.490e+01,49.22,1.438e+01,-4.820e+00,425.0,,,7.69,6.59,-2.15,1754.80,1,q1_q17_dr25_tce,5955.00,161.00,-179.00,4.520,0.037,-0.213,0.9100,0.2660,-0.0890,292.347870,40.733101,14.851
5552808,K06598.01,,CANDIDATE,CANDIDATE,,0,0,0,0,10.952103610,,,132.6922455,,,,,,1.50000,,,,,,,,,,,,,,,,4,q1_q17_dr24_tce,,,,,,,,,,296.823270,40.757229,11.969
5553624,K06599.01,,FALSE POSITIVE,FALSE POSITIVE,0.0000,0,1,0,0,25.762056721,3.1160000e-06,-3.1160000e-06,139.7346639,9.700000e-05,-9.700000e-05,0.4450,0.0030,-0.0040,14.86940,0.00580,-0.00580,4.4772e+05,1.560e+02,-1.560e+02,74.87,1.058e+01,-7.650e+00,604.0,,,31.48,11.75,-7.59,3469.50,1,q1_q17_dr25_tce,5539.00,74.00,-83.00,4.393,0.105,-0.105,1.0270,0.1450,-0.1050,296.987120,40.775360,14.231
5564082,K06600.01,,CANDIDATE,CANDIDATE,,0,0,0,0,2.705816140,1.5820000e-05,-1.5820000e-05,132.5372600,4.490000e-03,-4.490000e-03,0.6199,0.2962,-0.3618,6.56000,0.15600,-0.15600,4.6900e+01,1.300e+00,-1.300e+00,0.69,2.500e-01,-9.000e-02,1356.0,,,799.75,836.22,-251.02,41.80,1,q1_q17_dr24_tce,5992.00,148.00,-152.00,4.420,0.098,-0.098,0.9610,0.3480,-0.1230,299.114650,40.748619,10.715
6543682,K06728.01,,FALSE POSITIVE,FALSE POSITIVE,0.0000,0,1,0,1,1.195516859,1.6900000e-07,-1.6900000e-07,132.3028690,1.160000e-04,-1.160000e-04,0.3270,0.0110,-0.0130,6.17216,0.00761,-0.00761,5.1381e+05,7.170e+02,-7.170e+02,75.54,0.000e+00,0.000e+00,1715.0,,,2045.19,0.00,0.00,1153.40,1,q1_q17_dr25_tce,5780.00,,,4.438,,,1.0000,,,297.543270,41.951748,13.908
6545018,K06729.01,,FALSE POSITIVE,FALSE POSITIVE,0.0000,0,1,0,0,1.995728294,2.4900000e-07,-2.4900000e-07,132.8396990,1.040000e-04,-1.040000e-04,0.4650,0.0040,-0.0010,6.43532,0.00653,-0.00653,2.5188e+05,2.790e+02,-2.790e+02,45.20,9.860e+00,-6.620e+00,1409.0,,,928.82,605.16,-322.24,1496.50,1,q1_q17_dr25_tce,5807.00,157.00,-157.00,4.455,0.130,-0.159,0.8610,0.1880,-0.1260,297.813810,41.963051,13.748
6548447,K06730.01,,FALSE POSITIVE,FALSE POSITIVE,0.0000,1,0,0,0,10.768391927,1.6940000e-06,-1.6940000e-06,137.6793470,1.350000e-04,-1.350000e-04,0.0010,0.0120,-0.0010,12.52520,0.00532,-0.00532,1.0738e+05,5.940e+01,-5.940e+01,52.80,2.735e+01,-2.735e+01,970.0,,,209.25,340.39,-165.70,2085.70,2,q1_q17_dr25_tce,5226.00,174.00,-142.00,3.970,0.602,-0.258,1.6430,0.8510,-0.8510,298.542510,41.953201,12.880
6551106,K06731.01,,CANDIDATE,CANDIDATE,0.9980,0,0,0,0,3.846151710,4.4670000e-05,-4.4670000e-05,133.3817000,1.190000e-02,-1.190000e-02,0.1530,0.2920,-0.1530,2.24000,0.35400,-0.35400,1.3710e+02,1.880e+01,-1.880e+01,1.14,3.400e-01,-1.200e-01,1199.0,,,487.47,445.56,-144.75,9.30,1,q1_q17_dr25_tce,6106.00,190.00,-211.00,4.487,0.050,-0.200,0.9660,0.2910,-0.0970,299.075070,41.942230,15.256
6584167,K06732.01,,FALSE POSITIVE,FALSE POSITIVE,0.0000,1,0,0,0,0.733724504,3.5810000e-06,-3.5810000e-06,132.0246100,4.890000e-03,-4.890000e-03,0.2570,0.2150,-0.2570,2.20800,0.13500,-0.13500,4.5900e+01,2.600e+00,-2.600e+00,0.96,2.700e-01,-3.600e-01,2601.0,,,10830.96,9559.94,-7145.12,21.40,1,q1_q17_dr25_tce,6175.00,219.00,-219.00,4.099,0.344,-0.159,1.4050,0.3930,-0.5240,283.725070,42.027374,13.436
6584278,K06733.01,,CANDIDATE,CANDIDATE,0.8890,0,0,0,0,1.289408230,1.7680000e-05,-1.7680000e-05,132.0764000,1.170000e-02,-1.170000e-02,0.6280,0.3400,-0.4040,3.65200,0.45500,-0.45500,3.2100e+01,3.600e+00,-3.600e+00,2.48,4.500e-01,-8.200e-01,3112.0,,,22119.66,10309.76,-12840.79,10.30,1,q1_q17_dr25_tce,5826.00,78.00,-87.00,3.465,0.252,-0.108,4.1890,0.7500,-1.3930,283.773160,42.070862,13.897
6590726,K06734.01,,CANDIDATE,CANDIDATE,,0,0,0,0,498.272690000,3.2290000e-02,-3.2290000e-02,146.1528000,4.970000e-02,-4.970000e-02,0.0481,0.4250,-0.0479,8.92000,1.60000,-1.60000,5.3400e+02,1.040e+02,-1.040e+02,2.12,8.400e-01,-1.700e-01,214.0,,,0.50,0.60,-0.13,6.60,2,q1_q17_dr24_tce,5618.00,180.00,-183.00,4.514,0.034,-0.034,0.9320,0.3690,-0.0730,286.609380,42.063229,15.477
6591789,K06735.01,,FALSE POSITIVE,FALSE POSITIVE,0.0000,0,1,0,0,5.088407870,2.1400000e-07,-2.1400000e-07,134.3553111,3.450000e-05,-3.450000e-05,0.5130,0.0060,-0.0070,4.77204,0.00110,-0.00110,3.8668e+05,9.380e+01,-9.380e+01,55.30,1.266e+01,-4.540e+00,937.0,,,181.75,123.62,-44.55,3095.00,1,q1_q17_dr25_tce,5618.00,152.00,-152.00,4.583,0.038,-0.152,0.7910,0.1810,-0.0650,287.046480,42.000519,15.353
6593363,K06736.01,,FALSE POSITIVE,FALSE POSITIVE,0.0000,0,1,0,0,18.527824075,5.6000000e-07,-5.6000000e-07,139.2576071,2.460000e-05,-2.460000e-05,0.1710,0.0360,-0.0210,5.88678,0.00152,-0.00152,7.6231e+04,1.620e+01,-1.620e+01,64.66,1.067e+01,-2.309e+01,1080.0,,,322.19,163.93,-202.77,5547.20,1,q1_q17_dr25_tce,6154.00,165.00,-165.00,3.793,0.315,-0.105,2.3210,0.3830,-0.8290,287.672760,42.059158,12.893
7336754,K06861.01,,FALSE POSITIVE,FALSE POSITIVE,0.0000,0,1,0,0,12.155241119,1.3360000e-06,-1.3360000e-06,133.7671874,9.070000e-05,-9.070000e-05,0.8250,0.0150,-0.0050,6.84353,0.00676,-0.00676,8.5532e+04,7.470e+01,-7.470e+01,34.62,9.290e+00,-5.720e+00,788.0,,,91.20,71.92,-34.22,1767.80,1,q1_q17_dr25_tce,5761.00,155.00,-155.00,4.413,0.144,-0.176,0.9320,0.2500,-0.1540,281.496890,42.906078,13.964
7345335,K06862.01,,CANDIDATE,CANDIDATE,,0,0,0,0,11.049576600,1.8650000e-04,-1.8650000e-04,138.5350000,1.600000e-02,-1.600000e-02,0.2180,0.2450,-0.2179,2.13000,0.47800,-0.47800,1.0280e+02,2.280e+01,-2.280e+01,0.83,3.600e-01,-9.000e-02,738.0,,,70.24,94.02,-19.61,5.70,1,q1_q17_dr24_tce,5533.00,177.00,-144.00,4.505,0.071,-0.071,0.8190,0.3570,-0.0860,285.502930,42.911789,14.804
7350067,K06863.01,Kepler-1646 b,CONFIRMED,CANDIDATE,1.0000,0,0,0,0,4.485592150,1.1420000e-05,-1.1420000e-05,135.4317200,2.070000e-03,-2.070000e-03,0.4420,0.0230,-0.4420,0.81610,0.08570,-0.08570,2.2650e+03,2.030e+02,-2.030e+02,0.95,1.600e-01,-1.200e-01,365.0,,,4.20,1.91,-1.11,15.00,1,q1_q17_dr25_tce,3236.00,41.00,-25.00,5.097,0.055,-0.050,0.1930,0.0340,-0.0250,287.526400,42.912899,15.737
7362534,K06864.01,,FALSE POSITIVE,FALSE POSITIVE,,0,0,0,1,0.566789763,7.1240000e-06,-7.1240000e-06,131.8184600,9.570000e-03,-9.570000e-03,0.6376,0.0511,-0.5076,4.00800,0.32600,-0.32600,2.5400e+01,2.100e+00,-2.100e+00,0.40,1.800e-01,-2.000e-02,1984.0,,,3662.84,4850.23,-760.80,15.40,1,q1_q17_dr24_tce,5799.00,161.00,-142.00,4.600,0.028,-0.028,0.7580,0.3360,-0.0490,291.708130,42.969410,13.767
7362632,K06865.01,,FALSE POSITIVE,FALSE POSITIVE,0.0000,1,0,0,1,0.566811926,3.0010000e-06,-3.0010000e-06,131.7970800,4.490000e-03,-4.490000e-03,0.6810,0.2800,-0.4630,4.18100,0.15100,-0.15100,8.2600e+01,5.700e+00,-5.700e+00,0.91,2.900e-01,-1.000e-01,2293.0,,,6584.06,6309.06,-2009.15,22.50,1,q1_q17_dr25_tce,6165.00,194.00,-215.00,4.474,0.070,-0.210,0.9420,0.2970,-0.0990,291.741910,42.958309,15.444
7365447,K06866.01,,FALSE POSITIVE,FALSE POSITIVE,0.0000,0,1,0,0,2.525386934,2.0170000e-06,-2.0170000e-06,133.9134930,9.900000e-04,-9.900000e-04,0.9340,0.0620,-0.0450,3.71613,0.00391,-0.00391,1.2488e+05,1.010e+02,-1.010e+02,67.24,2.165e+01,-9.270e+00,1701.0,,,1982.55,1888.80,-742.39,1003.00,1,q1_q17_dr25_tce,6826.00,192.00,-288.00,4.337,0.084,-0.210,1.2330,0.3970,-0.1700,292.621490,42.921970,14.340
7366036,K06867.01,,FALSE POSITIVE,FALSE POSITIVE,0.0000,1,0,0,1,0.566801506,2.9400000e-06,-2.9400000e-06,131.7969000,3.720000e-03,-3.720000e-03,0.3690,0.1150,-0.3690,1.73800,0.14800,-0.14800,2.9500e+01,2.000e+00,-2.000e+00,0.62,1.300e-01,-8.000e-02,2557.0,,,10156.53,6352.44,-3294.17,19.20,1,q1_q17_dr25_tce,6398.00,158.00,-174.00,4.358,0.092,-0.138,1.1110,0.2380,-0.1460,292.799620,42.990330,11.656
7366065,K06868.01,,FALSE POSITIVE,FALSE POSITIVE,,0,0,1,1,0.566803738,1.7080000e-06,-1.7080000e-06,131.7934300,2.050000e-03,-2.050000e-03,0.6755,0.2497,-0.4290,1.84810,0.09400,-0.09400,1.0060e+02,4.200e+00,-4.200e+00,1.13,5.200e-01,-1.200e-01,2450.0,,,8516.13,11674.71,-2601.37,33.10,1,q1_q17_dr24_tce,6300.00,164.00,-211.00,4.404,0.070,-0.070,1.0570,0.4890,-0.1140,292.808290,42.976021,14.313
8211521,K06992.01,,FALSE POSITIVE,FALSE POSITIVE,0.0570,0,0,1,0,1.694217710,2.0690000e-05,-2.0690000e-05,132.0060000,1.040000e-02,-1.040000e-02,0.7340,0.2220,-0.4990,4.16100,0.35200,-0.35200,9.1100e+01,7.400e+00,-7.400e+00,0.74,1.000e-01,-7.000e-02,1274.0,,,621.89,291.33,-165.25,15.00,1,q1_q17_dr25_tce,5402.00,162.00,-146.00,4.591,0.056,-0.077,0.7170,0.1020,-0.0680,281.560420,44.184818,15.041
8227086,K06993.01,,CANDIDATE,CANDIDATE,0.9450,0,0,0,0,13.808633100,2.3890000e-04,-2.3890000e-04,141.6040000,1.650000e-02,-1.650000e-02,0.0290,0.4260,-0.0290,3.61300,0.42800,-0.42800,2.0710e+02,2.700e+01,-2.700e+01,1.09,1.900e-01,-1.100e-01,659.0,,,44.50,25.22,-12.38,9.00,1,q1_q17_dr25_tce,5515.00,165.00,-165.00,4.568,0.056,-0.112,0.7610,0.1370,-0.0740,289.622920,44.104431,15.567
8227464,K06994.01,,CANDIDATE,CANDIDATE,0.9940,0,0,0,0,4.259078410,5.8550000e-05,-5.8550000e-05,135.5815000,1.310000e-02,-1.310000e-02,0.3620,0.0980,-0.3620,4.51300,0.33500,-0.33500,2.8100e+01,2.900e+00,-2.900e+00,0.70,1.000e-01,-1.500e-01,1253.0,,,583.12,241.46,-235.93,11.50,1,q1_q17_dr25_tce,5560.00,89.00,-66.00,4.173,0.201,-0.108,1.3160,0.2000,-0.2760,289.771210,44.139969,12.832
8229048,K06995.01,,FALSE POSITIVE,FALSE POSITIVE,0.0000,0,1,0,0,2.739477089,3.6400000e-07,-3.6400000e-07,131.9306340,1.090000e-04,-1.090000e-04,1.1890,0.0350,-0.0380,3.18229,0.00445,-0.00445,3.2096e+04,5.000e+01,-5.000e+01,50.48,1.592e+01,-5.310e+00,1475.0,,,1120.19,1010.40,-325.99,593.60,1,q1_q17_dr25_tce,6469.00,155.00,-194.00,4.431,0.054,-0.202,1.0560,0.3330,-0.1110,290.290500,44.134239,13.636
8231877,K06996.01,,FALSE POSITIVE,FALSE POSITIVE,0.0000,0,1,0,0,1.307761491,1.6700000e-07,-1.6700000e-07,131.7777690,1.060000e-04,-1.060000e-04,1.2370,0.1110,-0.0610,2.22271,0.00418,-0.00418,1.3941e+04,1.820e+01,-1.820e+01,29.17,2.910e+00,-2.600e+00,1298.0,,,671.75,242.79,-178.62,531.50,1,q1_q17_dr25_tce,5112.00,154.00,-154.00,4.596,0.072,-0.048,0.6730,0.0670,-0.0600,291.266970,44.197269,14.932
8234477,K06997.01,,FALSE POSITIVE,FALSE POSITIVE,0.0000,0,1,0,0,4.028671454,4.3900000e-07,-4.3900000e-07,133.9542149,9.120000e-05,-9.120000e-05,0.2940,0.0090,-0.0010,8.12253,0.00609,-0.00609,1.1397e+05,6.400e+01,-6.400e+01,52.42,1.620e+01,-1.327e+01,1492.0,,,1169.87,1058.63,-599.19,2152.80,1,q1_q17_dr25_tce,6327.00,170.00,-208.00,4.168,0.190,-0.190,1.5280,0.4720,-0.3870,292.229340,44.160789,13.775
8240109,K06998.01,,FALSE POSITIVE,FALSE POSITIVE,0.0020,0,1,0,0,2.301187530,1.3760000e-06,-1.3760000e-06,132.1932180,4.870000e-04,-4.870000e-04,1.0330,0.0170,-0.0240,7.82160,0.05500,-0.05500,8.7537e+04,3.120e+02,-3.120e+02,140.23,1.857e+01,-5.198e+01,2783.0,,,14194.09,6110.09,-9452.12,404.80,1,q1_q17_dr25_tce,7970.00,221.00,-332.00,3.871,0.336,-0.105,2.6520,0.3510,-0.9830,294.223540,44.135658,13.489
8240861,K06999.01,,FALSE POSITIVE,FALSE POSITIVE,0.0000,0,1,0,0,0.449249224,5.1700000e-07,-5.1700000e-07,1472.5223060,8.490000e-05,-8.490000e-05,0.4940,0.0160,-0.0090,4.75650,0.02690,-0.02690,4.1944e+05,3.680e+02,-3.680e+02,95.83,2.752e+01,-1.999e+01,2941.0,,,17801.78,15085.88,-8254.34,1194.90,2,q1_q17_dr25_tce,6338.00,175.00,-241.00,4.239,0.180,-0.180,1.2990,0.3730,-0.2710,294.471310,44.123440,15.282
9049010,K07127.01,,FALSE POSITIVE,FALSE POSITIVE,0.0000,1,0,1,0,0.687004402,3.1100000e-06,-3.1100000e-06,131.8631600,3.780000e-03,-3.780000e-03,0.6890,0.0610,-0.4290,3.82900,0.16300,-0.16300,9.3700e+01,2.800e+00,-2.800e+00,2.89,5.600e-01,-1.670e+00,3535.0,,,36888.80,23120.69,-31195.46,45.00,3,q1_q17_dr25_tce,6240.00,212.00,-212.00,3.684,0.629,-0.111,2.8030,0.5410,-1.6230,299.622770,45.364079,13.316
9083503,K07128.01,,FALSE POSITIVE,FALSE POSITIVE,0.0000,0,1,0,1,0.918399380,1.4230000e-05,-1.4230000e-05,131.6132000,1.110000e-02,-1.110000e-02,0.5190,0.0400,-0.4480,4.47900,0.54300,-0.54300,1.5210e+02,1.180e+01,-1.180e+01,1.00,1.500e-01,-9.000e-02,1558.0,,,1389.28,733.73,-391.08,16.80,1,q1_q17_dr25_tce,5222.00,184.00,-184.00,4.556,0.049,-0.091,0.7950,0.1220,-0.0710,289.733060,45.437950,15.908
9085039,K07129.01,,CANDIDATE,CANDIDATE,,0,0,0,0,64.198372100,4.5310000e-04,-4.5310000e-04,147.9837800,5.270000e-03,-5.270000e-03,0.3470,0.3820,-0.2661,0.93400,0.29700,-0.29700,2.4820e+02,5.530e+01,-5.530e+01,1.74,5.700e-01,-2.900e-01,506.0,,,15.49,15.00,-5.89,6.80,1,q1_q17_dr24_tce,6088.00,161.00,-172.00,4.329,0.148,-0.148,1.0770,0.3570,-0.1790,290.380250,45.445419,13.839
9093566,K07130.01,,FALSE POSITIVE,FALSE POSITIVE,0.0000,1,0,0,0,0.943562840,5.0880000e-05,-5.0880000e-05,132.3272000,3.630000e-02,-3.630000e-02,0.5690,0.3910,-0.3430,5.72100,0.43100,-0.43100,1.3400e+01,2.400e+00,-2.400e+00,0.76,1.900e-01,-1.600e-01,3176.0,,,23945.42,18417.70,-11404.33,16.00,1,q1_q17_dr25_tce,7693.00,214.00,-322.00,4.083,0.139,-0.170,1.9840,0.5140,-0.4200,293.571080,45.413639,12.749
9098590,K07131.01,,FALSE POSITIVE,FALSE POSITIVE,0.6580,0,1,0,0,2.243569483,2.4900000e-07,-2.4900000e-07,133.7306188,9.150000e-05,-9.150000e-05,0.3810,0.0290,-0.0090,4.14769,0.00502,-0.00502,6.6328e+04,7.510e+01,-7.510e+01,21.11,4.480e+00,-2.240e+00,1364.0,,,817.05,533.08,-238.53,1107.70,1,q1_q17_dr25_tce,6081.00,181.00,-181.00,4.526,0.081,-0.150,0.8010,0.1700,-0.0850,295.188930,45.406170,14.965
9098810,K07132.01,,FALSE POSITIVE,FALSE POSITIVE,0.0000,0,1,0,0,8.258181993,3.0200000e-07,-3.0200000e-07,131.5010463,3.010000e-05,-3.010000e-05,0.6100,0.0070,-0.0060,3.91220,0.00082,-0.00082,3.1186e+05,2.400e+00,-2.400e+00,58.19,1.474e+01,-9.040e+00,809.0,,,101.33,77.81,-36.53,2981.60,1,q1_q17_dr25_tce,5306.00,159.00,-143.00,4.445,0.130,-0.259,0.8880,0.2250,-0.1380,295.269650,45.476009,13.448
9099773,K07133.01,,CANDIDATE,CANDIDATE,0.7420,0,0,0,0,82.784820000,3.7230000e-03,-3.7230000e-03,141.3871000,2.780000e-02,-2.780000e-02,0.6820,0.2850,-0.4740,7.52000,1.10000,-1.10000,1.9040e+02,2.740e+01,-2.740e+01,2.16,3.600e-01,-4.700e-01,501.0,,,14.88,6.46,-6.31,8.40,1,q1_q17_dr25_tce,5749.00,78.00,-78.00,4.123,0.182,-0.098,1.4800,0.2450,-0.3260,295.552920,45.473431,14.909
9101208,K07134.01,,FALSE POSITIVE,FALSE POSITIVE,0.0000,0,0,0,1,1.811390530,3.7280000e-05,-3.7280000e-05,132.9689000,1.820000e-02,-1.820000e-02,1.1370,0.4230,-0.1450,8.64000,1.10000,-1.10000,7.7500e+01,7.900e+00,-7.900e+00,14.47,4.440e+00,-1.480e+00,1466.0,,,1092.69,984.37,-322.34,12.50,1,q1_q17_dr25_tce,5941.00,160.00,-196.00,4.519,0.050,-0.213,0.9110,0.2800,-0.0930,295.976230,45.440338,15.372
9943009,K07258.01,,CANDIDATE,CANDIDATE,0.9340,0,0,0,0,2.437643800,1.8000000e-05,-1.8000000e-05,132.1228000,6.700000e-03,-6.700000e-03,0.1120,0.3350,-0.1120,1.58700,0.16400,-0.16400,2.7100e+01,3.700e+00,-3.700e+00,0.79,1.400e-01,-1.600e-01,1686.0,,,1909.13,858.44,-781.22,8.80,1,q1_q17_dr25_tce,5927.00,79.00,-79.00,4.117,0.182,-0.098,1.5300,0.2640,-0.3220,287.768950,46.831940,12.660
9944201,K07259.01,,CANDIDATE,CANDIDATE,0.7050,0,1,0,0,0.721522907,4.3000000e-08,-4.3000000e-08,131.7091421,5.020000e-05,-5.020000e-05,0.8310,0.0550,-0.0170,1.45210,0.00760,-0.00760,2.2528e+04,1.840e+01,-1.840e+01,11.04,9.700e-01,-8.800e-01,1475.0,,,1115.99,369.92,-279.21,815.30,1,q1_q17_dr25_tce,4893.00,146.00,-146.00,4.634,0.060,-0.035,0.6250,0.0550,-0.0500,288.490910,46.804989,15.069
9944421,K07260.01,,FALSE POSITIVE,FALSE POSITIVE,0.0000,0,1,0,0,7.095205430,3.7700000e-07,-3.7700000e-07,135.3715105,4.420000e-05,-4.420000e-05,0.7780,0.0030,-0.0610,3.69044,0.00221,-0.00221,2.3268e+05,4.760e+01,-4.760e+01,50.23,1.058e+01,-3.810e+00,813.0,,,103.28,67.33,-24.28,1959.20,1,q1_q17_dr25_tce,5481.00,166.00,-149.00,4.592,0.034,-0.136,0.7780,0.1640,-0.0590,288.619200,46.802971,15.137
9945280,K07261.01,,FALSE POSITIVE,FALSE POSITIVE,0.0000,0,1,0,0,0.651731691,1.4000000e-07,-1.4000000e-07,131.7514630,1.790000e-04,-1.790000e-04,1.2550,0.3150,-0.1090,2.46020,0.01050,-0.01050,2.0524e+04,6.100e+01,-6.100e+01,71.90,1.993e+01,-2.735e+01,2604.0,,,10815.86,8819.13,-7096.33,347.50,1,q1_q17_dr25_tce,5791.00,157.00,-157.00,4.052,0.458,-0.183,1.4720,0.4080,-0.5600,289.097440,46.811081,13.879
9953736,K07262.01,,FALSE POSITIVE,FALSE POSITIVE,0.0000,1,0,0,0,0.508187430,2.4240000e-06,-2.4240000e-06,131.6306400,3.890000e-03,-3.890000e-03,0.7790,0.1750,-0.5040,3.43300,0.15100,-0.15100,5.4900e+01,2.800e+00,-2.800e+00,1.26,4.900e-01,-1.600e-01,3274.0,,,27312.92,30792.63,-10158.86,29.10,1,q1_q17_dr25_tce,7141.00,195.00,-335.00,4.243,0.060,-0.225,1.5600,0.5960,-0.1990,292.852810,46.851360,13.313
9958053,K07263.01,,FALSE POSITIVE,FALSE POSITIVE,0.0000,1,0,0,0,2.733989630,,,133.7554640,,,,,,1.52000,,,,,,,,,,,,25373.90,43108.45,-13845.19,,1,q1_q17_dr25_tce,,,,,,,,,,294.622960,46.826469,11.727
9959093,K07264.01,,CANDIDATE,CANDIDATE,0.2740,0,0,0,0,19.164449800,2.9050000e-04,-2.9050000e-04,141.3045000,1.210000e-02,-1.210000e-02,0.5250,0.4380,-0.3290,3.55300,0.48200,-0.48200,6.3800e+01,1.050e+01,-1.050e+01,1.83,2.600e-01,-6.000e-01,988.0,,,225.26,83.64,-128.86,8.90,1,q1_q17_dr25_tce,5877.00,78.00,-78.00,3.860,0.300,-0.100,2.2340,0.3140,-0.7330,295.042480,46.863991,13.314
9963009,K07265.01,,FALSE POSITIVE,FALSE POSITIVE,0.0000,0,1,0,0,40.069674617,8.1920000e-06,-8.1920000e-06,153.0182270,1.580000e-04,-1.580000e-04,0.7670,0.0020,-0.0010,9.35640,0.01030,-0.01030,4.1865e+04,4.970e+01,-4.970e+01,27.38,8.160e+00,-4.400e+00,588.0,,,28.20,24.89,-10.99,1304.80,1,q1_q17_dr25_tce,5911.00,166.00,-208.00,4.321,0.124,-0.186,1.2070,0.3600,-0.1940,296.468200,46.851780,14.458
8545603,K07893.01,,FALSE POSITIVE,FALSE POSITIVE,0.0250,1,0,0,0,55.884827000,1.0100000e-03,-1.0100000e-03,140.6478000,1.430000e-02,-1.430000e-02,0.7520,0.2250,-0.5100,2.28300,0.45700,-0.45700,4.9760e+02,9.760e+01,-9.760e+01,2.11,6.000e-01,-1.900e-01,438.0,,,8.70,7.48,-2.39,7.70,1,q1_q17_dr25_tce,5668.00,169.00,-186.00,4.545,0.035,-0.196,0.8680,0.2480,-0.0780,285.197300,44.646610,15.873
10976412,K07393.01,,FALSE POSITIVE,FALSE POSITIVE,,0,0,1,0,3.759384750,1.9080000e-05,-1.9080000e-05,134.1383300,4.070000e-03,-4.070000e-03,0.5050,0.0046,-0.4876,1.18800,0.14200,-0.14200,1.3310e+02,1.570e+01,-1.570e+01,3.10,2.210e+00,-5.500e-01,1677.0,,,1868.97,4168.99,-707.25,11.30,1,q1_q17_dr24_tce,4976.00,125.00,-100.00,3.534,0.169,-0.169,2.6380,1.8740,-0.4720,292.204800,48.417881,12.917
10979716,K07394.01,,FALSE POSITIVE,FALSE POSITIVE,0.0000,0,1,0,0,10.684047700,2.7740000e-06,-2.7740000e-06,134.0844450,2.160000e-04,-2.160000e-04,1.0120,0.0980,-0.0570,3.51500,0.01140,-0.01140,8.1901e+04,2.280e+02,-2.280e+02,26.43,1.970e+00,-1.980e+00,444.0,,,9.21,2.29,-2.05,395.30,1,q1_q17_dr25_tce,3887.00,77.00,-93.00,4.743,0.031,-0.038,0.5230,0.0390,-0.0390,293.790770,48.401421,15.774
10982373,K07395.01,,FALSE POSITIVE,FALSE POSITIVE,0.0000,1,0,0,0,2.002808450,,,132.0690900,,,,,,1.22000,,,,,,,,,,,,15763.18,17923.38,-8289.90,,1,q1_q17_dr25_tce,,,,,,,,,,294.902920,48.477211,11.696
10987439,K07396.01,,FALSE POSITIVE,FALSE POSITIVE,0.0000,0,1,0,0,10.674598360,7.3800000e-07,-7.3800000e-07,138.8847317,6.210000e-05,-6.210000e-05,1.2550,0.0540,-0.0660,3.82706,0.00177,-0.00177,1.6676e+04,5.800e+00,-5.800e+00,68.58,1.275e+01,-8.500e+00,1083.0,,,325.55,154.35,-88.21,1845.60,1,q1_q17_dr25_tce,6496.00,77.00,-83.00,4.212,0.095,-0.116,1.4850,0.2760,-0.1840,296.825870,48.443378,10.810
10989032,K07397.01,,FALSE POSITIVE,FALSE POSITIVE,0.0000,1,0,0,0,2.305097141,1.0680000e-06,-1.0680000e-06,133.7050690,3.690000e-04,-3.690000e-04,1.2860,6.5900,-0.1400,1.93780,0.02090,-0.02090,5.8800e+03,5.030e+01,-5.030e+01,89.22,2.507e+01,-2.257e+01,2753.0,,,13581.41,11287.73,-7347.81,133.40,1,q1_q17_dr25_tce,8851.00,246.00,-422.00,4.085,0.155,-0.155,2.1780,0.6120,-0.5510,297.393490,48.410751,13.866
10991989,K07398.01,,FALSE POSITIVE,FALSE POSITIVE,0.0000,0,1,0,0,0.974477904,9.6000000e-08,-9.6000000e-08,132.3709030,7.950000e-05,-7.950000e-05,1.2520,0.0510,-0.0590,2.69834,0.00350,-0.00350,8.8469e+03,7.000e+00,-7.000e+00,618.37,1.188e+02,-4.751e+02,5205.0,,,172916.96,99487.91,-165297.77,801.70,1,q1_q17_dr25_tce,5210.00,136.00,-250.00,2.631,0.824,-0.145,15.0040,2.8820,-11.5290,298.527130,48.418591,10.282
10992733,K07399.01,,FALSE POSITIVE,FALSE POSITIVE,0.0000,0,1,0,0,18.525917446,1.3580000e-06,-1.3580000e-06,144.1948764,5.730000e-05,-5.730000e-05,0.4150,0.0050,-0.0060,5.90560,0.00310,-0.00310,4.5566e+05,1.860e+02,-1.860e+02,64.42,1.547e+01,-5.520e+00,618.0,,,34.58,25.93,-8.97,2246.90,1,q1_q17_dr25_tce,5492.00,180.00,-164.00,4.533,0.044,-0.176,0.8870,0.2130,-0.0760,298.805570,48.471989,15.124
11019739,K07400.01,,CANDIDATE,CANDIDATE,0.9430,0,0,0,0,4.157364720,3.9360000e-05,-3.9360000e-05,132.8585500,9.050000e-03,-9.050000e-03,0.2260,0.2380,-0.2260,2.21700,0.20700,-0.20700,2.0070e+02,2.140e+01,-2.140e+01,1.09,1.400e-01,-1.000e-01,931.0,,,178.03,75.44,-47.95,11.20,1,q1_q17_dr25_tce,5183.00,154.00,-154.00,4.558,0.045,-0.078,0.7820,0.0980,-0.0720,286.400330,48.521961,15.517
12356746,K07525.01,,FALSE POSITIVE,FALSE POSITIVE,0.0000,0,1,0,0,0.502454299,4.0000000e-08,-4.0000000e-08,131.9221686,6.570000e-05,-6.570000e-05,1.1700,0.0590,-0.0430,2.31547,0.00210,-0.00210,3.7454e+04,1.650e+01,-1.650e+01,43.95,1.317e+01,-4.390e+00,2336.0,,,7025.25,6178.98,-1986.22,873.60,1,q1_q17_dr25_tce,6134.00,166.00,-184.00,4.498,0.052,-0.208,0.9010,0.2700,-0.0900,291.276920,51.135712,13.532
12356914,K07526.01,,FALSE POSITIVE,FALSE POSITIVE,0.0000,0,1,0,0,27.308150159,3.9380000e-06,-3.9380000e-06,143.5043610,1.130000e-04,-1.130000e-04,0.1670,0.0280,-0.0010,4.43906,0.00874,-0.00874,3.8800e+05,6.450e+02,-6.450e+02,47.06,8.090e+00,-4.330e+00,523.0,,,17.75,9.95,-4.76,820.90,1,q1_q17_dr25_tce,5541.00,180.00,-163.00,4.574,0.064,-0.096,0.7390,0.1270,-0.0680,291.373500,51.153381,15.529
12365000,K07527.01,,FALSE POSITIVE,FALSE POSITIVE,0.0000,0,1,0,0,1.262742487,1.1260000e-06,-1.1260000e-06,132.1979200,7.710000e-04,-7.710000e-04,1.2130,26.4800,-0.7450,1.74330,0.04230,-0.04230,1.5911e+04,3.230e+02,-3.230e+02,134.45,4.041e+01,-9.429e+01,2548.0,,,9925.41,9348.17,-9146.66,60.80,1,q1_q17_dr25_tce,5273.00,185.00,-167.00,3.621,0.840,-0.210,3.1500,0.9470,-2.2090,295.329070,51.137798,13.573
12365015,K07528.01,,FALSE POSITIVE,FALSE POSITIVE,0.0000,1,0,0,0,0.595864630,,,131.9392000,,,,,,1.50000,,,,,,,,,,,,931.51,251.71,-253.62,,1,q1_q17_dr25_tce,,,,,,,,,,295.338470,51.105068,14.343
12367017,K07529.01,,FALSE POSITIVE,FALSE POSITIVE,0.0000,0,1,1,0,1.222127938,4.1800000e-07,-4.1800000e-07,131.8155900,2.870000e-04,-2.870000e-04,1.2580,0.6450,-0.1990,2.26130,0.01480,-0.01480,2.4865e+03,1.360e+01,-1.360e+01,30.32,4.430e+00,-3.520e+00,1470.0,,,1107.41,548.37,-331.78,200.90,1,q1_q17_dr25_tce,5157.00,170.00,-139.00,4.465,0.108,-0.144,0.8700,0.1270,-0.1010,296.233920,51.141869,14.730
12367310,K07530.01,,FALSE POSITIVE,FALSE POSITIVE,0.0000,0,1,0,0,8.627475562,1.1640000e-06,-1.1640000e-06,139.9908385,9.620000e-05,-9.620000e-05,1.1410,0.0560,-0.0590,4.65505,0.00516,-0.00516,3.6784e+04,3.180e+01,-3.180e+01,188.55,5.569e+01,-1.392e+02,1446.0,,,1031.92,959.31,-971.68,1157.50,1,q1_q17_dr25_tce,5146.00,183.00,-203.00,3.475,0.872,-0.218,4.0630,1.2000,-2.9990,296.349950,51.123440,13.835
12403968,K07531.01,,FALSE POSITIVE,FALSE POSITIVE,0.0000,0,0,1,0,0.589753355,1.7010000e-06,-1.7010000e-06,131.8314700,2.400000e-03,-2.400000e-03,0.3180,0.1500,-0.3180,0.60600,0.19500,-0.19500,2.1600e+02,2.160e+01,-2.160e+01,1.03,1.700e-01,-7.000e-02,1760.0,,,2262.14,1161.09,-522.78,12.40,1,q1_q17_dr25_tce,5414.00,163.00,-163.00,4.648,0.030,-0.096,0.6780,0.1080,-0.0460,289.337590,51.209030,15.832
12418662,K07532.01,,FALSE POSITIVE,FALSE POSITIVE,0.0000,0,1,0,0,2.751566365,2.3530000e-06,-2.3530000e-06,131.5622670,7.110000e-04,-7.110000e-04,1.0410,1.0670,-0.1690,5.24030,0.05390,-0.05390,7.2609e+04,4.930e+02,-4.930e+02,42.98,9.180e+00,-4.950e+00,1171.0,,,445.35,293.11,-132.60,180.00,1,q1_q17_dr25_tce,5461.00,164.00,-147.00,4.497,0.074,-0.137,0.8610,0.1840,-0.0990,296.380130,51.209721,15.311
12418816,K07533.01,,FALSE POSITIVE,FALSE POSITIVE,0.0000,0,1,0,0,0.760935268,4.5000000e-08,-4.5000000e-08,131.6357605,4.840000e-05,-4.840000e-05,0.5270,0.0160,-0.0110,2.77023,0.00134,-0.00134,3.7060e+05,4.240e+02,-4.240e+02,35.68,1.880e+00,-2.240e+00,1285.0,,,640.66,166.45,-141.31,1289.00,1,q1_q17_dr25_tce,4675.00,152.00,-138.00,4.740,0.046,-0.025,0.5110,0.0270,-0.0320,296.441930,51.224319,12.402
8709688,K03019.02,,CANDIDATE,CANDIDATE,0.9350,0,0,0,0,2.012094000,1.9450000e-05,-1.9450000e-05,131.5688000,7.260000e-03,-7.260000e-03,0.0660,0.3810,-0.0660,2.15700,0.25700,-0.25700,7.4800e+01,9.500e+00,-9.500e+00,0.99,1.600e-01,-1.500e-01,1523.0,,,1274.27,516.29,-410.58,9.10,2,q1_q17_dr25_tce,5633.00,76.00,-76.00,4.296,0.150,-0.113,1.1620,0.1790,-0.1790,298.401370,44.838181,14.927
9959492,K03051.02,,FALSE POSITIVE,FALSE POSITIVE,0.0000,0,0,1,1,1.332587720,2.0220000e-05,-2.0220000e-05,132.0314000,1.780000e-02,-1.780000e-02,0.6340,0.3150,-0.4040,5.18700,0.47000,-0.47000,7.0800e+01,5.900e+00,-5.900e+00,1.13,1.900e-01,-2.200e-01,1825.0,,,2625.26,1131.20,-1021.93,16.00,1,q1_q17_dr25_tce,5576.00,83.00,-75.00,4.201,0.188,-0.101,1.2890,0.2080,-0.2540,295.199680,46.832321,15.276
2716801,K03053.02,,CANDIDATE,CANDIDATE,0.5530,0,0,0,0,9.476705700,1.6680000e-04,-1.6680000e-04,134.7294000,1.590000e-02,-1.590000e-02,0.0030,0.4420,-0.0030,3.89300,0.41300,-0.41300,2.3050e+02,2.970e+01,-2.970e+01,1.38,4.300e-01,-1.400e-01,841.0,,,118.13,109.10,-34.99,8.60,2,q1_q17_dr25_tce,5911.00,177.00,-195.00,4.519,0.048,-0.204,0.9140,0.2810,-0.0940,292.254640,37.971420,15.761
3230805,K03068.02,,CANDIDATE,CANDIDATE,1.0000,0,0,0,0,6.651714590,5.7450000e-05,-5.7450000e-05,137.6781000,7.850000e-03,-7.850000e-03,0.4080,0.0510,-0.4080,2.32500,0.23900,-0.23900,1.5150e+02,1.750e+01,-1.750e+01,0.84,9.000e-02,-6.000e-02,713.0,,,61.01,23.23,-13.82,10.00,2,q1_q17_dr25_tce,4889.00,146.00,-131.00,4.637,0.032,-0.059,0.6860,0.0740,-0.0490,290.260280,38.354988,14.976
11810124,K03344.03,,CANDIDATE,CANDIDATE,0.8140,0,0,0,0,208.543350000,1.6600000e-02,-1.6600000e-02,230.9934000,3.740000e-02,-3.740000e-02,0.0010,0.4460,-0.0010,9.85100,0.61100,-0.61100,6.1460e+02,6.050e+01,-6.050e+01,2.84,4.200e-01,-5.200e-01,321.0,,,2.52,1.01,-0.92,10.40,3,q1_q17_dr25_tce,5533.00,83.00,-74.00,4.275,0.168,-0.112,1.1660,0.1740,-0.2120,289.664890,50.020039,15.254
9349757,K03348.02,,CANDIDATE,CANDIDATE,0.9970,0,0,0,0,17.718978600,3.2570000e-04,-3.2570000e-04,138.8021000,1.330000e-02,-1.330000e-02,0.0500,0.4050,-0.0500,4.10200,0.42800,-0.42800,1.7680e+02,2.020e+01,-2.020e+01,1.44,2.200e-01,-2.000e-01,713.0,,,61.01,25.03,-18.19,9.70,2,q1_q17_dr25_tce,5566.00,83.00,-75.00,4.329,0.132,-0.108,1.0990,0.1680,-0.1530,294.694060,45.866840,15.246
3219037,K03395.02,,CANDIDATE,CANDIDATE,,0,0,0,0,5.039585100,1.1840000e-04,-1.1840000e-04,133.8280000,1.460000e-02,-1.460000e-02,0.1968,0.2686,-0.1967,4.55600,0.62400,-0.62400,7.0100e+01,9.500e+00,-9.500e+00,0.78,3.000e-01,-1.000e-01,1067.0,,,306.35,355.69,-92.41,9.60,2,q1_q17_dr24_tce,5912.00,164.00,-161.00,4.453,0.082,-0.082,0.9240,0.3620,-0.1080,286.540410,38.332600,14.634
9117416,K03425.03,,CANDIDATE,CANDIDATE,0.8660,0,0,0,0,7.643703630,6.1830000e-05,-6.1830000e-05,137.8752600,7.650000e-03,-7.650000e-03,0.7850,0.1780,-0.5720,2.73800,0.18200,-0.18200,7.0900e+01,5.900e+00,-5.900e+00,1.85,4.300e-01,-7.400e-01,1334.0,,,748.70,542.73,-515.80,13.20,3,q1_q17_dr25_tce,6120.00,195.00,-217.00,3.934,0.398,-0.133,2.0000,0.4670,-0.8010,300.316190,45.495380,13.266
3558803,K06345.01,,FALSE POSITIVE,FALSE POSITIVE,0.0000,1,0,1,1,1.353414369,4.6060000e-06,-4.6060000e-06,131.6731200,2.700000e-03,-2.700000e-03,1.2020,0.1320,-0.0970,13.41600,0.60300,-0.60300,6.1020e+02,9.100e+00,-9.100e+00,216.31,5.541e+01,-7.618e+01,3617.0,,,40561.50,28601.02,-25460.56,100.80,1,q1_q17_dr25_tce,4850.00,95.00,-143.00,2.865,0.225,-0.164,8.5860,2.1990,-3.0240,294.940580,38.635689,12.318
3634169,K06346.01,,FALSE POSITIVE,FALSE POSITIVE,,1,0,0,0,2.959063700,3.3050000e-04,-3.3050000e-04,133.9227000,8.120000e-02,-8.120000e-02,0.2957,0.1991,-0.2955,28.81000,2.50000,-2.50000,2.3600e+01,3.700e+00,-3.700e+00,0.65,3.000e-01,-1.500e-01,1564.0,,,1415.74,1948.79,-662.87,6.40,1,q1_q17_dr24_tce,6192.00,161.00,-184.00,4.195,0.210,-0.210,1.3220,0.6140,-0.2980,288.015530,38.709862,12.913
3644174,K06347.01,,FALSE POSITIVE,FALSE POSITIVE,0.0000,0,0,1,0,1.806631432,8.0920000e-06,-8.0920000e-06,132.2366300,3.930000e-03,-3.930000e-03,0.5360,0.0220,-0.4580,1.10200,0.13500,-0.13500,2.1750e+02,2.580e+01,-2.580e+01,1.05,7.000e-02,-9.000e-02,1059.0,,,297.98,81.92,-77.49,10.40,1,q1_q17_dr25_tce,4606.00,138.00,-138.00,4.591,0.052,-0.028,0.6990,0.0450,-0.0600,291.062260,38.787151,15.278
3655326,K06348.01,,FALSE POSITIVE,FALSE POSITIVE,0.0000,0,1,0,0,15.066491533,3.0110000e-06,-3.0110000e-06,140.6554270,1.680000e-04,-1.680000e-04,0.9880,0.1060,-0.0690,6.28520,0.01030,-0.01030,1.0605e+05,1.420e+02,-1.420e+02,88.56,1.460e+01,-2.189e+01,932.0,,,177.96,76.69,-82.41,893.00,1,q1_q17_dr25_tce,5751.00,77.00,-77.00,4.028,0.210,-0.090,1.6260,0.2680,-0.4020,293.925290,38.738979,14.213
3656322,K06349.01,,FALSE POSITIVE,FALSE POSITIVE,0.0000,0,1,0,0,1.831829703,2.6770000e-06,-2.6770000e-06,132.5392300,1.190000e-03,-1.190000e-03,0.7880,0.0250,-0.0150,7.28900,0.11100,-0.11100,4.0509e+04,5.540e+02,-5.540e+02,49.38,3.455e+01,-3.454e+01,2078.0,,,4410.65,9810.84,-4051.07,140.40,1,q1_q17_dr25_tce,5269.00,147.00,-133.00,3.667,0.990,-0.330,2.1830,1.5270,-1.5270,294.160280,38.767429,13.061
3656700,K06350.01,,FALSE POSITIVE,FALSE POSITIVE,0.0000,0,1,1,0,0.738527259,2.5800000e-07,-2.5800000e-07,132.0241420,3.200000e-04,-3.200000e-04,1.1710,1.1570,-0.0870,1.21740,0.01820,-0.01820,4.2290e+02,4.000e+00,-4.000e+00,49.08,7.980e+00,-1.481e+01,2978.0,,,18549.81,7898.45,-9983.55,104.10,1,q1_q17_dr25_tce,5869.00,79.00,-79.00,3.825,0.231,-0.099,2.3130,0.3760,-0.6980,294.258180,38.706928,12.997
3659940,K06351.01,,FALSE POSITIVE,FALSE POSITIVE,0.0000,0,1,0,0,0.896270930,3.7100000e-07,-3.7100000e-07,131.6680520,3.520000e-04,-3.520000e-04,1.0620,0.1340,-0.1180,2.20330,0.02460,-0.02460,6.6994e+04,5.260e+02,-5.260e+02,43.47,9.900e+00,-5.300e+00,1733.0,,,2129.33,1481.22,-675.42,152.90,1,q1_q17_dr25_tce,5551.00,166.00,-166.00,4.493,0.081,-0.150,0.8610,0.1960,-0.1050,295.004640,38.775478,15.261
3663494,K06352.01,,CANDIDATE,CANDIDATE,0.8800,0,0,0,0,5.116836780,7.9500000e-05,-7.9500000e-05,133.9134000,1.310000e-02,-1.310000e-02,0.2860,0.1600,-0.2860,3.11900,0.39900,-0.39900,1.6140e+02,2.080e+01,-2.080e+01,1.16,3.600e-01,-1.200e-01,1039.0,,,275.15,257.67,-82.77,9.20,1,q1_q17_dr25_tce,5955.00,188.00,-208.00,4.520,0.050,-0.212,0.9100,0.2800,-0.0930,295.733340,38.792011,15.221
4949027,K06480.01,,FALSE POSITIVE,FALSE POSITIVE,,0,0,1,1,1.061003270,1.0510000e-05,-1.0510000e-05,132.5257000,1.030000e-02,-1.030000e-02,0.0834,0.3714,-0.0833,1.67500,0.21900,-0.21900,9.5900e+01,1.260e+01,-1.260e+01,0.94,3.600e-01,-9.000e-02,1793.0,,,2443.69,2739.75,-713.63,9.70,1,q1_q17_dr24_tce,5966.00,168.00,-221.00,4.493,0.043,-0.043,0.9610,0.3630,-0.0890,297.885280,40.097321,15.140
4949214,K06481.01,,FALSE POSITIVE,FALSE POSITIVE,0.0000,0,1,1,0,0.922030594,3.5700000e-07,-3.5700000e-07,132.0763610,3.260000e-04,-3.260000e-04,1.2420,0.1030,-0.0530,4.36700,0.02080,-0.02080,1.3859e+04,5.300e+01,-5.300e+01,49.63,1.485e+01,-5.940e+00,2194.0,,,5474.27,4675.78,-1760.18,331.70,1,q1_q17_dr25_tce,6484.00,154.00,-212.00,4.386,0.060,-0.180,1.1530,0.3450,-0.1380,297.930690,40.014961,14.351
4950341,K06482.01,,FALSE POSITIVE,FALSE POSITIVE,,1,0,0,0,611.092990000,3.0920000e-02,-3.0920000e-02,134.3101000,3.820000e-02,-3.820000e-02,0.2171,0.2377,-0.2170,15.22000,1.30000,-1.30000,2.7000e+02,3.100e+01,-3.100e+01,1.53,5.900e-01,-1.300e-01,215.0,,,0.51,0.56,-0.13,12.20,1,q1_q17_dr24_tce,6032.00,146.00,-177.00,4.508,0.039,-0.039,0.9290,0.3540,-0.0810,298.165470,40.005249,13.604
4950557,K06483.01,,FALSE POSITIVE,FALSE POSITIVE,0.0000,0,1,0,0,24.714790706,6.5600000e-07,-6.5600000e-07,149.4927345,2.100000e-05,-2.100000e-05,0.7810,0.0050,-0.0070,5.06776,0.00127,-0.00127,2.0873e+05,4.950e+01,-4.950e+01,112.24,2.333e+01,-3.496e+01,901.0,,,155.67,97.42,-89.65,5148.80,1,q1_q17_dr25_tce,6300.00,173.00,-173.00,3.982,0.247,-0.114,1.8620,0.3870,-0.5800,298.214420,40.073200,12.526
4995716,K06484.01,,CANDIDATE,CANDIDATE,,0,0,0,0,16.119144900,3.3820000e-04,-3.3820000e-04,146.7978000,1.810000e-02,-1.810000e-02,0.6704,0.0438,-0.4924,3.03900,0.41500,-0.41500,2.6220e+02,4.110e+01,-4.110e+01,1.34,5.100e-01,-1.500e-01,619.0,,,34.70,43.40,-10.58,8.20,1,q1_q17_dr24_tce,5319.00,223.00,-168.00,4.514,0.082,-0.082,0.7830,0.2990,-0.0870,286.547420,40.150539,15.696
5000179,K06485.01,,FALSE POSITIVE,FALSE POSITIVE,0.0000,1,0,0,0,3.632934700,,,131.8849600,,,,,,2.30000,,,,,,,,,,,,10830.20,30268.76,-5016.71,,1,q1_q17_dr25_tce,,,,,,,,,,288.358280,40.174660,13.758
5017058,K06486.01,,FALSE POSITIVE,FALSE POSITIVE,0.0000,0,1,0,0,1.161947482,6.1000000e-08,-6.1000000e-08,132.2121368,4.230000e-05,-4.230000e-05,0.8150,0.0210,-0.0170,4.46886,0.00368,-0.00368,1.2990e+05,8.690e+01,-8.690e+01,68.69,2.207e+01,-1.655e+01,2174.0,,,5300.40,4985.45,-2627.29,2435.40,1,q1_q17_dr25_tce,6225.00,167.00,-204.00,4.204,0.167,-0.204,1.4570,0.4680,-0.3510,293.530880,40.150490,13.140
5018787,K06487.01,,FALSE POSITIVE,FALSE POSITIVE,0.0000,0,1,0,0,0.607191908,2.7000000e-08,-2.7000000e-08,132.0195301,3.660000e-05,-3.660000e-05,0.9170,0.0360,-0.0260,1.30166,0.00885,-0.00885,1.7369e+04,2.930e+01,-2.930e+01,12.44,1.180e+00,-1.060e+00,1759.0,,,2251.28,821.86,-601.47,961.90,1,q1_q17_dr25_tce,5370.00,176.00,-176.00,4.598,0.078,-0.052,0.6710,0.0640,-0.0570,293.991240,40.189640,15.428
8345473,K07881.01,,FALSE POSITIVE,FALSE POSITIVE,0.0000,1,0,1,0,2.250207300,1.6330000e-04,-1.6330000e-04,133.6127000,8.080000e-03,-8.080000e-03,0.2680,0.1990,-0.2680,2.20300,0.38400,-0.38400,2.6010e+02,4.290e+01,-4.290e+01,19.94,2.070e+00,-3.110e+00,3637.0,,,41377.92,13182.71,-13941.15,7.80,1,q1_q17_dr25_tce,4507.00,90.00,-81.00,2.391,0.027,-0.033,12.7870,1.3270,-1.9900,282.184660,44.359459,11.946
5597361,K06601.01,,CANDIDATE,CANDIDATE,0.9680,0,0,0,0,17.992597300,1.7250000e-04,-1.7250000e-04,135.4545000,7.810000e-03,-7.810000e-03,0.6780,0.3000,-0.4630,2.76200,0.28900,-0.28900,1.9850e+02,2.680e+01,-2.680e+01,1.62,4.600e-01,-3.000e-01,748.0,,,73.97,60.58,-30.56,8.70,1,q1_q17_dr25_tce,5931.00,160.00,-178.00,4.351,0.148,-0.181,1.0870,0.3030,-0.2020,283.133730,40.852421,14.604
5598639,K06602.01,,FALSE POSITIVE,FALSE POSITIVE,0.0000,0,1,0,0,0.648775795,1.1000000e-08,-1.1000000e-08,131.7459799,1.360000e-05,-1.360000e-05,0.9610,0.0040,-0.0040,4.34648,0.00000,0.00000,1.0882e+05,8.200e+00,-8.200e+00,41.58,5.200e+00,-3.800e+00,1714.0,,,2038.54,957.85,-578.26,6873.90,1,q1_q17_dr25_tce,5143.00,196.00,-179.00,4.559,0.048,-0.072,0.7760,0.0970,-0.0710,283.777440,40.842037,10.201
5610698,K06603.01,,FALSE POSITIVE,FALSE POSITIVE,0.0040,0,1,0,0,4.132521615,3.5810000e-06,-3.5810000e-06,132.8924630,7.160000e-04,-7.160000e-04,0.8770,0.0160,-0.0190,12.49490,0.05600,-0.05600,1.5625e+05,4.410e+02,-4.410e+02,93.10,2.316e+01,-3.187e+01,1628.0,,,1660.29,1229.73,-1043.03,440.00,1,q1_q17_dr25_tce,6567.00,183.00,-244.00,4.045,0.329,-0.141,1.6360,0.4070,-0.5600,288.920680,40.881302,13.894
5616489,K06604.01,,FALSE POSITIVE,FALSE POSITIVE,,1,0,0,0,410.885270000,1.2200000e-02,-1.2200000e-02,202.8127000,1.750000e-02,-1.750000e-02,100.1960,0.7625,-37.5300,24.10000,1.10000,-1.10000,2.0596e+03,9.550e+01,-9.550e+01,200346.00,1.453e+04,-7.718e+04,774.0,,,84.63,18.67,-57.25,21.50,1,q1_q17_dr24_tce,5015.00,75.00,-191.00,2.340,0.030,-0.030,18.4890,1.3410,-7.1230,290.728640,40.866501,12.962
5617510,K06605.01,,CANDIDATE,CANDIDATE,,0,0,0,0,74.371666000,7.1590000e-03,-7.1590000e-03,187.3790000,1.020000e-01,-1.020000e-01,0.6894,0.0178,-0.5252,12.59000,1.90000,-1.90000,1.0280e+02,1.060e+01,-1.060e+01,2.39,1.120e+00,-1.130e+00,767.0,,,81.88,120.93,-62.82,12.10,4,q1_q17_dr24_tce,6865.00,244.00,-293.00,3.742,0.474,-0.474,2.2110,1.0340,-1.0470,291.040010,40.849930,11.319
5621294,K06606.01,,FALSE POSITIVE,FALSE POSITIVE,0.0000,0,1,0,0,0.938905082,4.7000000e-08,-4.7000000e-08,131.8411582,4.090000e-05,-4.090000e-05,0.5400,0.0050,-0.0040,5.00453,0.00216,-0.00216,3.5889e+05,7.060e+01,-7.060e+01,205.64,5.047e+01,-9.382e+01,4281.0,,,79148.54,57817.35,-59569.95,2584.70,1,q1_q17_dr25_tce,8615.00,239.00,-376.00,3.784,0.405,-0.108,3.0030,0.7370,-1.3700,292.219270,40.893330,13.613
5621299,K06607.01,,FALSE POSITIVE,FALSE POSITIVE,0.0000,0,0,1,1,0.938915320,1.1560000e-05,-1.1560000e-05,131.8342400,9.370000e-03,-9.370000e-03,0.0690,0.3950,-0.0690,2.13400,0.37000,-0.37000,3.9100e+01,5.800e+00,-5.800e+00,1.13,2.000e-01,-2.400e-01,2667.0,,,11944.88,5291.33,-4896.68,8.20,1,q1_q17_dr25_tce,6534.00,78.00,-85.00,4.074,0.168,-0.112,1.7970,0.3110,-0.3800,292.220490,40.885670,13.910
5622250,K06608.01,,FALSE POSITIVE,FALSE POSITIVE,0.0000,0,1,0,0,16.294213708,3.8300000e-07,-3.8300000e-07,143.1937219,1.920000e-05,-1.920000e-05,0.6120,0.0030,-0.0010,6.01687,0.00039,-0.00039,1.7401e+05,2.960e+01,-2.960e+01,68.05,1.358e+01,-1.237e+01,929.0,,,176.22,89.62,-64.16,7486.20,1,q1_q17_dr25_tce,6237.00,74.00,-80.00,4.145,0.154,-0.126,1.5080,0.3010,-0.2740,292.513210,40.827560,14.203
5632781,K06609.01,,FALSE POSITIVE,FALSE POSITIVE,0.0000,1,0,0,0,11.025202050,1.4140000e-06,-1.4140000e-06,131.7156310,1.060000e-04,-1.060000e-04,0.4390,0.0090,-0.0040,12.80970,0.00640,-0.00640,4.2976e+05,2.150e+02,-2.150e+02,164.02,5.248e+01,-1.050e+02,1294.0,,,663.18,652.98,-586.18,2585.50,1,q1_q17_dr25_tce,6047.00,200.00,-164.00,3.724,0.720,-0.180,2.3000,0.7360,-1.4720,295.438290,40.843578,12.113
6594972,K06737.01,,FALSE POSITIVE,FALSE POSITIVE,0.0000,0,1,0,0,10.819169459,3.1600000e-07,-3.1600000e-07,132.9864665,2.380000e-05,-2.380000e-05,0.2750,0.0040,-0.0010,5.50262,0.00080,-0.00080,4.3714e+05,7.590e+01,-7.590e+01,67.76,2.052e+01,-8.750e+00,850.0,,,123.51,112.46,-40.61,5258.20,1,q1_q17_dr25_tce,5955.00,179.00,-179.00,4.429,0.087,-0.203,0.9910,0.3000,-0.1280,288.293060,42.057369,14.342
6595662,K06738.01,,FALSE POSITIVE,FALSE POSITIVE,0.0000,0,1,0,0,2.680514453,3.7700000e-07,-3.7700000e-07,132.5983820,1.160000e-04,-1.160000e-04,0.3590,0.0240,-0.0250,3.21178,0.00676,-0.00676,1.9575e+05,4.010e+02,-4.010e+02,48.86,1.467e+01,-7.900e+00,1431.0,,,989.89,893.36,-374.00,665.50,1,q1_q17_dr25_tce,6038.00,181.00,-181.00,4.356,0.128,-0.192,1.0760,0.3230,-0.1740,288.533110,42.047619,14.746
6603765,K06739.01,,CANDIDATE,CANDIDATE,0.6460,0,0,0,0,19.164111000,2.5770000e-04,-2.5770000e-04,139.8244000,1.300000e-02,-1.300000e-02,0.8050,0.1590,-0.5840,2.77300,0.45100,-0.45100,2.1590e+02,3.500e+01,-3.500e+01,1.11,1.400e-01,-9.000e-02,519.0,,,17.12,7.51,-4.05,8.10,1,q1_q17_dr25_tce,5103.00,153.00,-138.00,4.650,0.033,-0.077,0.6740,0.0880,-0.0520,291.094850,42.002918,15.455
6606282,K06740.01,,FALSE POSITIVE,FALSE POSITIVE,0.0000,0,1,0,0,1.053573674,1.3700000e-07,-1.3700000e-07,132.4280120,1.100000e-04,-1.100000e-04,1.3080,0.0720,-0.1140,1.70116,0.00320,-0.00320,3.0630e+03,4.600e+00,-4.600e+00,299.87,1.051e+02,-1.445e+02,4319.0,,,81969.77,82744.14,-63435.92,445.30,1,q1_q17_dr25_tce,5838.00,143.00,-245.00,3.038,0.405,-0.135,7.3850,2.5890,-3.5590,291.872440,42.030499,12.970
6606669,K06741.01,,FALSE POSITIVE,FALSE POSITIVE,0.0000,0,1,1,0,0.970085646,5.2280000e-06,-5.2280000e-06,132.4088000,4.380000e-03,-4.380000e-03,0.0350,0.4270,-0.0350,1.12900,0.18100,-0.18100,1.5300e+02,2.130e+01,-2.130e+01,18.65,2.230e+00,-6.690e+00,5119.0,,,162048.58,50852.27,-99263.94,9.80,1,q1_q17_dr25_tce,4555.00,54.00,-68.00,2.346,0.196,-0.098,15.6300,1.8680,-5.6040,291.993160,42.049259,12.026
6607610,K06742.01,,FALSE POSITIVE,FALSE POSITIVE,0.0000,0,1,0,0,63.520175250,1.7600000e-05,-1.7600000e-05,162.1636050,2.220000e-04,-2.220000e-04,0.3750,0.0100,-0.0040,17.17590,0.01850,-0.01850,3.2548e+04,2.210e+01,-2.210e+01,77.10,1.176e+01,-2.356e+01,745.0,,,72.92,28.59,-40.71,1708.10,1,q1_q17_dr25_tce,4938.00,58.00,-107.00,3.388,0.188,-0.101,4.3300,0.6610,-1.3230,292.276120,42.037739,14.985
6610219,K06743.01,,FALSE POSITIVE,FALSE POSITIVE,0.0000,0,1,0,0,11.300987626,6.5400000e-07,-6.5400000e-07,801.4552005,2.480000e-05,-2.480000e-05,0.6060,0.0080,-0.0040,10.51990,0.00247,-0.00247,3.2570e+05,6.660e+01,-6.660e+01,97.12,1.864e+01,-1.865e+01,1019.0,,,254.84,127.22,-97.27,5027.80,1,q1_q17_dr25_tce,6143.00,83.00,-83.00,4.165,0.159,-0.116,1.4480,0.2780,-0.2780,293.025630,42.001381,13.203
6610433,K06744.01,,FALSE POSITIVE,FALSE POSITIVE,0.0000,1,0,0,0,0.920987470,,,131.8705600,,,,,,2.04000,,,,,,,,,,,,27890.55,57915.43,-11048.49,,1,q1_q17_dr25_tce,,,,,,,,,,293.087490,42.024651,10.206
7368103,K06869.01,,FALSE POSITIVE,FALSE POSITIVE,0.0000,0,1,0,0,2.182515126,5.0800000e-07,-5.0800000e-07,132.3541860,1.920000e-04,-1.920000e-04,0.9680,0.0160,-0.0190,6.84130,0.01150,-0.01150,1.1493e+05,1.570e+02,-1.570e+02,128.15,2.233e+01,-4.150e+01,2703.0,,,12627.67,6814.20,-7764.21,861.60,1,q1_q17_dr25_tce,8051.00,225.00,-338.00,3.966,0.227,-0.122,2.3470,0.4090,-0.7600,293.415410,42.917259,13.419
7369523,K06870.01,,FALSE POSITIVE,FALSE POSITIVE,0.0000,0,1,0,0,2.659418888,8.9000000e-08,-8.9000000e-08,133.3208183,2.750000e-05,-2.750000e-05,0.6340,0.0020,-0.0040,6.98414,0.00093,-0.00093,3.0523e+05,2.440e+01,-2.440e+01,61.52,1.795e+01,-6.010e+00,1352.0,,,789.69,692.04,-227.01,5776.10,1,q1_q17_dr25_tce,6156.00,183.00,-202.00,4.500,0.052,-0.208,0.9320,0.2720,-0.0910,293.841400,42.948139,14.905
7376982,K06871.01,,FALSE POSITIVE,FALSE POSITIVE,0.0000,0,0,0,1,2.316106740,3.2560000e-05,-3.2560000e-05,132.3383000,1.510000e-02,-1.510000e-02,0.4040,0.0750,-0.4040,3.34700,0.33700,-0.33700,3.3600e+01,3.300e+00,-3.300e+00,0.70,2.100e-01,-1.200e-01,1559.0,,,1393.98,1265.15,-556.26,13.00,1,q1_q17_dr25_tce,6025.00,181.00,-181.00,4.300,0.153,-0.187,1.1930,0.3600,-0.2100,295.825410,42.941639,13.608
7381580,K06872.01,,CANDIDATE,CANDIDATE,,0,0,0,0,13.516470800,3.7930000e-04,-3.7930000e-04,144.0259000,2.680000e-02,-2.680000e-02,0.1593,0.2999,-0.1593,2.62800,0.45800,-0.45800,1.4010e+02,2.450e+01,-2.450e+01,0.88,2.700e-01,-7.000e-02,645.0,,,40.81,38.42,-9.28,7.10,1,q1_q17_dr24_tce,5442.00,175.00,-145.00,4.600,0.030,-0.030,0.7470,0.2300,-0.0540,296.915130,42.905079,15.087
7381695,K06873.01,,FALSE POSITIVE,FALSE POSITIVE,0.0860,0,0,1,0,0.948683571,7.3040000e-06,-7.3040000e-06,131.8890100,7.490000e-03,-7.490000e-03,0.6910,0.2490,-0.4760,1.67600,0.14300,-0.14300,1.5090e+02,1.350e+01,-1.350e+01,1.12,2.400e-01,-1.100e-01,1665.0,,,1815.32,1237.38,-521.75,13.80,1,q1_q17_dr25_tce,5576.00,174.00,-194.00,4.556,0.038,-0.152,0.8520,0.1870,-0.0800,296.935940,42.954231,15.800
7385387,K06874.01,,FALSE POSITIVE,FALSE POSITIVE,0.0000,0,0,1,1,1.655460560,1.7830000e-05,-1.7830000e-05,133.1366100,9.850000e-03,-9.850000e-03,0.1090,0.3630,-0.1090,3.52000,0.22800,-0.22800,1.2510e+02,1.200e+01,-1.200e+01,0.90,2.000e-01,-8.000e-02,1331.0,,,743.75,525.08,-207.15,12.40,1,q1_q17_dr25_tce,5438.00,187.00,-187.00,4.574,0.027,-0.153,0.8200,0.1810,-0.0730,297.717800,42.989311,15.876
7385478,K06875.01,,FALSE POSITIVE,FALSE POSITIVE,0.0000,0,1,0,0,1.655472351,2.8800000e-07,-2.8800000e-07,133.1261060,1.430000e-04,-1.430000e-04,0.8360,0.0160,-0.0180,5.09197,0.00864,-0.00864,1.7420e+05,2.300e+02,-2.300e+02,125.25,2.475e+01,-5.775e+01,2546.0,,,9914.08,5917.34,-7368.47,823.80,1,q1_q17_dr25_tce,6725.00,183.00,-204.00,3.860,0.428,-0.114,2.1710,0.4290,-1.0010,297.741090,42.996090,11.471
7421876,K06876.01,,FALSE POSITIVE,FALSE POSITIVE,0.0000,1,0,0,0,4.502790370,,,134.1343000,,,,,,6.72000,,,,,,,,,,,,1017.15,1743.12,-424.26,,1,q1_q17_dr25_tce,,,,,,,,,,283.188170,43.015640,11.606
8243263,K07000.01,,FALSE POSITIVE,FALSE POSITIVE,0.0000,0,1,0,0,1.759276227,5.8000000e-08,-5.8000000e-08,132.0750778,2.740000e-05,-2.740000e-05,1.0260,0.1540,-0.0380,3.19585,0.00326,-0.00326,3.2091e+04,4.600e+00,-4.600e+00,40.79,1.460e+01,-4.870e+00,1861.0,,,2828.82,2910.97,-911.98,2857.70,1,q1_q17_dr25_tce,6656.00,161.00,-221.00,4.351,0.056,-0.224,1.2320,0.4410,-0.1470,295.225250,44.112679,12.984
8244295,K07001.01,,FALSE POSITIVE,FALSE POSITIVE,0.0000,0,0,0,1,1.092067920,1.1400000e-05,-1.1400000e-05,132.1066000,1.120000e-02,-1.120000e-02,0.3780,0.0900,-0.3780,1.64600,0.30900,-0.30900,1.0590e+02,1.810e+01,-1.810e+01,0.74,7.000e-02,-5.000e-02,1320.0,,,715.46,245.96,-163.68,7.70,2,q1_q17_dr25_tce,4856.00,144.00,-144.00,4.609,0.027,-0.054,0.7280,0.0680,-0.0490,295.543880,44.125370,15.924
8248103,K07002.01,,CANDIDATE,CANDIDATE,0.7800,0,0,0,0,4.830141590,1.8610000e-05,-1.8610000e-05,134.6440700,3.420000e-03,-3.420000e-03,0.0340,0.4270,-0.0340,0.95700,0.13300,-0.13300,1.9200e+02,2.400e+01,-2.400e+01,1.30,3.500e-01,-1.500e-01,1039.0,,,275.02,218.25,-84.55,11.70,1,q1_q17_dr25_tce,5693.00,152.00,-169.00,4.467,0.078,-0.182,0.9390,0.2540,-0.1090,296.695740,44.150761,14.991
8256882,K07003.01,,CANDIDATE,CANDIDATE,0.9990,0,0,0,0,2.411940570,1.8390000e-05,-1.8390000e-05,133.0184900,7.800000e-03,-7.800000e-03,0.5790,0.3900,-0.3770,1.78700,0.29100,-0.29100,6.7300e+01,8.100e+00,-8.100e+00,1.35,2.100e-01,-3.300e-01,1654.0,,,1771.98,729.60,-826.80,10.60,1,q1_q17_dr25_tce,5598.00,83.00,-75.00,4.045,0.203,-0.087,1.5940,0.2450,-0.3980,298.886690,44.115860,14.106
8262223,K07004.01,,FALSE POSITIVE,FALSE POSITIVE,0.0000,0,1,0,0,1.613014741,1.8500000e-07,-1.8500000e-07,131.7482916,9.440000e-05,-9.440000e-05,0.8820,0.0140,-0.0150,4.39594,0.00538,-0.00538,1.5212e+05,1.370e+02,-1.370e+02,157.33,2.169e+01,-6.510e+01,3145.0,,,23173.20,10276.62,-16452.32,1096.10,1,q1_q17_dr25_tce,7832.00,216.00,-325.00,3.836,0.352,-0.088,2.7790,0.3830,-1.1500,300.332460,44.144138,12.146
8265520,K07005.01,,FALSE POSITIVE,FALSE POSITIVE,,0,0,1,0,6.208918100,1.1260000e-04,-1.1260000e-04,136.6828000,1.480000e-02,-1.480000e-02,0.6977,0.2628,-0.4744,2.29200,0.39900,-0.39900,1.6640e+03,2.420e+02,-2.420e+02,9.20,5.250e+00,-4.480e+00,1378.0,,,853.50,1591.18,-663.09,8.40,1,q1_q17_dr24_tce,5548.00,210.00,-227.00,3.797,0.515,-0.515,2.1130,1.2070,-1.0280,301.217250,44.133430,16.984
8265990,K07006.01,,FALSE POSITIVE,FALSE POSITIVE,,1,0,0,1,0.779962630,1.0120000e-05,-1.0120000e-05,132.1472000,1.260000e-02,-1.260000e-02,0.0723,0.3779,-0.0723,3.36900,0.57500,-0.57500,2.5700e+01,2.800e+00,-2.800e+00,0.83,3.700e-01,-2.800e-01,2607.0,,,10919.82,14779.94,-6600.30,9.70,1,q1_q17_dr24_tce,6002.00,173.00,-183.00,4.032,0.310,-0.310,1.6290,0.7320,-0.5390,301.362610,44.173409,13.417
8283875,K07007.01,,CANDIDATE,CANDIDATE,0.9370,0,0,0,0,0.800263219,2.2060000e-06,-2.2060000e-06,132.0668400,2.380000e-03,-2.380000e-03,0.1600,0.3140,-0.1600,0.72900,0.10200,-0.10200,1.7050e+02,1.640e+01,-1.640e+01,0.77,6.000e-02,-8.000e-02,1240.0,,,561.84,162.76,-167.25,13.20,1,q1_q17_dr25_tce,4336.00,118.00,-144.00,4.656,0.059,-0.027,0.5900,0.0450,-0.0610,284.772670,44.249371,15.695
9119405,K07135.01,,FALSE POSITIVE,FALSE POSITIVE,0.0000,1,0,0,0,18.646323091,1.6410000e-06,-1.6410000e-06,139.0920079,7.110000e-05,-7.110000e-05,0.7420,0.0080,-0.0090,8.85300,0.00375,-0.00375,2.3100e+05,8.660e+01,-8.660e+01,213.31,6.066e+01,-1.415e+02,1194.0,,,480.54,422.73,-432.36,2895.80,1,q1_q17_dr25_tce,5786.00,192.00,-175.00,3.542,0.752,-0.141,3.4780,0.9890,-2.3070,300.890320,45.403431,13.729
9150870,K07136.01,,CANDIDATE,CANDIDATE,,0,0,0,0,441.173690000,4.7540000e-02,-4.7540000e-02,374.0092000,4.730000e-02,-4.730000e-02,0.3151,0.1376,-0.3150,14.82000,2.90000,-2.90000,7.0200e+02,1.100e+02,-1.100e+02,2.27,8.600e-01,-1.700e-01,217.0,,,0.52,0.60,-0.12,11.50,1,q1_q17_dr24_tce,5610.00,171.00,-162.00,4.551,0.027,-0.027,0.8580,0.3260,-0.0640,290.308010,45.598412,15.632
9156957,K07137.01,,FALSE POSITIVE,FALSE POSITIVE,,0,0,1,0,3.667300500,5.1730000e-05,-5.1730000e-05,133.1255000,1.330000e-02,-1.330000e-02,0.1985,0.2523,-0.1984,3.37300,0.56300,-0.56300,1.4490e+02,1.970e+01,-1.970e+01,0.62,7.000e-02,-6.000e-02,627.0,,,36.42,13.03,-8.20,9.10,1,q1_q17_dr24_tce,3823.00,84.00,-50.00,4.729,0.060,-0.060,0.5190,0.0600,-0.0500,292.785830,45.585789,15.826
9159301,K07138.01,,FALSE POSITIVE,FALSE POSITIVE,0.0000,0,1,0,0,3.044771557,2.1700000e-07,-2.1700000e-07,132.4369070,5.910000e-05,-5.910000e-05,0.2950,0.0020,-0.0010,11.05930,0.00412,-0.00412,4.8782e+05,2.370e+02,-2.370e+02,231.93,5.616e+01,-1.123e+02,2816.0,,,14849.39,10369.99,-11566.93,3684.90,1,q1_q17_dr25_tce,8199.00,199.00,-370.00,3.747,0.416,-0.104,3.1630,0.7660,-1.5320,293.693330,45.517021,12.146
9163674,K07139.01,,FALSE POSITIVE,FALSE POSITIVE,0.0000,0,1,0,0,0.773144492,3.1000000e-08,-3.1000000e-08,131.6393074,3.420000e-05,-3.420000e-05,0.6940,0.1650,-0.0060,4.05643,0.00580,-0.00580,2.1596e+05,4.280e+01,-4.280e+01,107.13,3.427e+01,-3.427e+01,2860.0,,,15791.97,14884.97,-9533.28,2947.80,1,q1_q17_dr25_tce,6413.00,177.00,-243.00,4.038,0.258,-0.172,1.9100,0.6110,-0.6110,295.288450,45.518337,13.833
9164788,K07140.01,,FALSE POSITIVE,FALSE POSITIVE,,1,0,0,0,2.668111130,6.7520000e-05,-6.7520000e-05,133.5071000,2.220000e-02,-2.220000e-02,0.9911,0.0192,-0.0073,22.49000,2.50000,-2.50000,4.8300e+01,3.600e+00,-3.600e+00,1.53,8.800e-01,-3.800e-01,1792.0,,,2439.28,4300.86,-1273.09,32.50,2,q1_q17_dr24_tce,6593.00,181.00,-266.00,4.164,0.174,-0.174,1.5610,0.8970,-0.3890,295.694760,45.529202,13.688
9172506,K07141.01,,FALSE POSITIVE,FALSE POSITIVE,0.0000,0,1,0,0,50.440285363,6.2670000e-06,-6.2670000e-06,149.9083800,1.050000e-04,-1.050000e-04,0.6580,0.0010,-0.0010,12.20010,0.00639,-0.00639,8.5309e+04,5.030e+01,-5.030e+01,51.50,1.048e+01,-1.442e+01,673.0,,,48.36,29.65,-25.92,2499.70,1,q1_q17_dr25_tce,6225.00,170.00,-170.00,4.039,0.266,-0.114,1.6460,0.3350,-0.4610,297.966130,45.545792,12.009
9179531,K07142.01,,FALSE POSITIVE,FALSE POSITIVE,0.0000,0,1,0,0,3.255385289,7.0600000e-07,-7.0600000e-07,132.4982770,1.800000e-04,-1.800000e-04,0.5230,0.0070,-0.0020,5.94980,0.01090,-0.01090,1.5891e+05,2.680e+02,-2.680e+02,40.58,1.187e+01,-5.910e+00,1236.0,,,550.68,482.90,-198.81,840.70,1,q1_q17_dr25_tce,5806.00,172.00,-190.00,4.425,0.101,-0.188,0.9750,0.2850,-0.1420,299.928220,45.595081,15.091
9963639,K07266.01,,FALSE POSITIVE,FALSE POSITIVE,,1,0,0,0,7.418536900,1.6310000e-04,-1.6310000e-04,131.5282000,1.570000e-02,-1.570000e-02,0.0530,0.6051,-0.0522,1.45100,0.45900,-0.45900,1.4700e+01,5.900e+00,-5.900e+00,0.81,5.500e-01,-1.700e-01,1963.0,,,3511.86,7974.20,-1635.95,5.20,1,q1_q17_dr24_tce,9763.00,338.00,-368.00,4.179,0.118,-0.118,2.0450,1.4100,-0.4310,296.691960,46.869171,11.364
9965691,K07267.01,,FALSE POSITIVE,FALSE POSITIVE,0.0000,0,1,0,0,15.684344930,8.0500000e-05,-8.0500000e-05,133.0306900,4.060000e-03,-4.060000e-03,1.2060,0.1730,-0.0790,44.46300,0.23300,-0.23300,7.9160e+02,3.800e+00,-3.800e+00,56.23,1.196e+01,-1.794e+01,1136.0,,,393.14,250.43,-229.84,256.30,1,q1_q17_dr25_tce,6407.00,174.00,-174.00,3.888,0.273,-0.117,2.1910,0.4660,-0.6990,297.326810,46.845211,13.102
9971475,K07268.01,,FALSE POSITIVE,FALSE POSITIVE,0.0000,0,1,0,0,5.357409918,6.7800000e-07,-6.7800000e-07,131.6376010,1.000000e-04,-1.000000e-04,0.8040,0.0410,-0.0360,4.28582,0.00587,-0.00587,1.9916e+05,2.080e+02,-2.080e+02,124.05,3.956e+01,-6.784e+01,1492.0,,,1172.13,1150.60,-956.50,936.10,1,q1_q17_dr25_tce,5768.00,191.00,-156.00,3.809,0.653,-0.174,2.0570,0.6560,-1.1250,298.994420,46.812408,13.166
10000490,K07269.01,,FALSE POSITIVE,FALSE POSITIVE,0.0000,0,1,0,0,1.400991827,3.1000000e-07,-3.1000000e-07,132.4539750,1.830000e-04,-1.830000e-04,1.0930,0.0230,-0.0210,4.87980,0.01210,-0.01210,6.4104e+04,1.140e+02,-1.140e+02,98.13,2.724e+01,-3.029e+01,2468.0,,,8795.37,7247.81,-5205.13,669.60,1,q1_q17_dr25_tce,6706.00,189.00,-259.00,4.026,0.258,-0.172,1.9240,0.5340,-0.5940,286.556000,46.957340,11.244
10002049,K07270.01,,CANDIDATE,CANDIDATE,0.9980,0,0,0,0,19.253212800,2.4870000e-04,-2.4870000e-04,144.8407000,1.180000e-02,-1.180000e-02,0.2470,0.2080,-0.2470,1.67400,0.40400,-0.40400,2.1930e+02,3.960e+01,-3.960e+01,1.42,4.200e-01,-1.400e-01,692.0,,,54.13,46.08,-15.44,7.40,1,q1_q17_dr25_tce,6060.00,162.00,-198.00,4.495,0.050,-0.200,0.9530,0.2770,-0.0920,287.464750,46.968410,15.362
10014702,K07271.01,,FALSE POSITIVE,FALSE POSITIVE,0.0000,0,0,0,1,1.340629010,2.1900000e-05,-2.1900000e-05,132.0803000,1.850000e-02,-1.850000e-02,0.5310,0.4390,-0.3230,3.07600,0.26200,-0.26200,6.9500e+01,6.600e+00,-6.600e+00,0.82,2.500e-01,-8.000e-02,1678.0,,,1876.57,1681.17,-544.57,13.10,1,q1_q17_dr25_tce,6045.00,180.00,-198.00,4.494,0.050,-0.200,0.9550,0.2850,-0.0950,293.129910,46.921768,15.130
10019854,K07272.01,,CANDIDATE,CANDIDATE,0.7630,0,0,0,0,14.101102300,3.8290000e-04,-3.8290000e-04,133.4744000,1.530000e-02,-1.530000e-02,0.0710,0.3920,-0.0700,4.51300,0.67500,-0.67500,1.0820e+02,1.700e+01,-1.700e+01,1.26,3.900e-01,-1.400e-01,904.0,,,157.56,140.44,-49.31,8.10,1,q1_q17_dr25_tce,6534.00,158.00,-225.00,4.365,0.067,-0.202,1.1990,0.3730,-0.1330,295.082210,46.941711,15.105
10020423,K07273.01,,FALSE POSITIVE,FALSE POSITIVE,0.0000,0,1,0,0,7.448375935,8.9000000e-07,-8.9000000e-07,137.6945130,1.020000e-04,-1.020000e-04,0.3500,0.0240,-0.0110,4.23892,0.00235,-0.00235,1.5267e+05,9.700e+01,-9.700e+01,34.37,2.020e+00,-2.030e+00,871.0,,,136.18,27.74,-24.85,1837.90,1,q1_q17_dr25_tce,5636.00,101.00,-112.00,4.489,0.045,-0.045,0.8670,0.0510,-0.0510,295.297910,46.920471,15.178
11027270,K07401.01,,FALSE POSITIVE,FALSE POSITIVE,,1,0,0,0,0.533628226,7.4490000e-06,-7.4490000e-06,132.0033100,6.900000e-03,-6.900000e-03,0.9385,0.0388,-0.6487,5.77200,0.31100,-0.31100,8.1800e+01,2.230e+01,-2.230e+01,2.41,7.700e-01,-8.400e-01,3885.0,,,53849.23,50393.63,-34103.04,35.30,2,q1_q17_dr24_tce,7163.00,188.00,-254.00,3.906,0.282,-0.282,2.1770,0.6990,-0.7600,290.646420,48.597092,11.299
11027722,K07402.01,,FALSE POSITIVE,FALSE POSITIVE,0.0000,0,1,1,0,0.678137665,1.4700000e-07,-1.4700000e-07,132.1383690,1.840000e-04,-1.840000e-04,1.2630,1.1090,-0.1620,1.00718,0.00672,-0.00672,8.8500e+02,2.800e+00,-2.800e+00,30.37,7.800e+00,-3.350e+00,2274.0,,,6364.70,4816.99,-1957.19,172.70,1,q1_q17_dr25_tce,6429.00,173.00,-211.00,4.449,0.081,-0.175,0.9420,0.2420,-0.1040,290.905820,48.531811,14.291
11029877,K07403.01,,FALSE POSITIVE,FALSE POSITIVE,0.0000,0,1,1,0,2.069415479,2.9500000e-07,-2.9500000e-07,132.6453560,1.170000e-04,-1.170000e-04,1.2410,0.0690,-0.0680,5.71941,0.00613,-0.00613,1.6188e+04,1.620e+01,-1.620e+01,55.45,8.780e+00,-2.930e+00,1768.0,,,2310.53,920.85,-346.48,1148.30,1,q1_q17_dr25_tce,6640.00,69.00,-89.00,4.343,0.028,-0.105,1.2500,0.1980,-0.0660,291.952670,48.568878,13.681
11068630,K07404.01,,CANDIDATE,CANDIDATE,0.9100,0,0,0,0,1.817079849,7.3160000e-06,-7.3160000e-06,131.9050900,3.240000e-03,-3.240000e-03,0.2760,0.1890,-0.2760,0.88900,0.13600,-0.13600,2.0460e+02,2.520e+01,-2.520e+01,1.39,4.500e-01,-1.400e-01,1454.0,,,1056.39,1001.10,-324.25,10.80,1,q1_q17_dr25_tce,5808.00,162.00,-223.00,4.503,0.039,-0.221,0.9630,0.3090,-0.0960,282.558690,48.630970,15.591
11071207,K07405.01,,FALSE POSITIVE,FALSE POSITIVE,0.0000,1,0,0,0,8.049634720,2.6700000e-07,-2.6700000e-07,138.6541935,2.640000e-05,-2.640000e-05,0.6710,0.0040,-0.0040,6.00488,0.00077,-0.00077,2.7965e+05,2.700e+01,-2.700e+01,95.98,2.650e+01,-2.172e+01,1247.0,,,571.10,456.35,-271.96,5246.50,1,q1_q17_dr25_tce,6698.00,169.00,-220.00,4.171,0.185,-0.185,1.4850,0.4100,-0.3360,284.417790,48.680908,13.831
11073223,K07406.01,,FALSE POSITIVE,FALSE POSITIVE,0.0000,0,1,0,0,11.578946873,6.1800000e-07,-6.1800000e-07,131.7977742,4.370000e-05,-4.370000e-05,0.4410,0.0030,-0.0040,4.63730,0.00181,-0.00181,2.9974e+05,1.890e+02,-1.890e+02,58.32,1.610e+01,-1.076e+01,869.0,,,134.91,109.54,-55.47,2456.30,1,q1_q17_dr25_tce,6028.00,163.00,-181.00,4.355,0.158,-0.193,1.0140,0.2800,-0.1870,285.714390,48.601822,15.003
11076279,K07407.01,,FALSE POSITIVE,FALSE POSITIVE,0.0000,0,1,0,0,1.472584710,4.2300000e-07,-4.2300000e-07,132.9276900,1.420000e-04,-1.420000e-04,0.7500,0.0220,-0.0210,4.76885,0.00858,-0.00858,2.2401e+05,3.270e+02,-3.270e+02,123.25,3.203e+01,-3.916e+01,2705.0,,,12617.53,10057.47,-7672.31,741.50,1,q1_q17_dr25_tce,7360.00,232.00,-310.00,4.008,0.240,-0.160,2.0240,0.5260,-0.6430,287.647220,48.646679,14.206
11092783,K07408.01,,CANDIDATE,CANDIDATE,1.0000,0,0,0,0,5.159981780,5.1000000e-05,-5.1000000e-05,132.6954500,7.390000e-03,-7.390000e-03,1.3060,6.6770,-0.1050,3.35600,0.43700,-0.43700,4.1240e+02,5.140e+01,-5.140e+01,19.07,8.500e-01,-7.500e-01,574.0,,,25.63,3.69,-3.17,9.90,1,q1_q17_dr25_tce,3900.00,46.00,-50.00,4.727,0.017,-0.022,0.5340,0.0240,-0.0210,295.830510,48.602261,15.949
11124509,K07409.01,,FALSE POSITIVE,FALSE POSITIVE,0.0000,0,1,0,0,4.446459958,1.7940000e-06,-1.7940000e-06,135.7301110,3.210000e-04,-3.210000e-04,1.2770,0.5350,-0.2320,2.55800,0.01700,-0.01700,5.6638e+03,3.670e+01,-3.670e+01,36.15,9.280e+00,-3.320e+00,1030.0,,,265.42,200.82,-71.70,178.30,1,q1_q17_dr25_tce,5615.00,152.00,-169.00,4.504,0.060,-0.180,0.8930,0.2290,-0.0820,284.403440,48.708080,14.735
12454800,K07534.01,,CANDIDATE,CANDIDATE,,0,0,0,0,23.378773300,8.4520000e-04,-8.4520000e-04,143.2743000,3.090000e-02,-3.090000e-02,0.2093,0.2284,-0.2093,6.76000,0.69800,-0.69800,7.6000e+01,1.080e+01,-1.080e+01,0.92,4.800e-01,-9.000e-02,694.0,,,54.98,83.70,-15.48,8.10,1,q1_q17_dr24_tce,6210.00,156.00,-194.00,4.424,0.056,-0.056,1.0540,0.5390,-0.1020,288.297880,51.326519,13.853
12458817,K07535.01,,CANDIDATE,CANDIDATE,,0,0,0,0,15.099842590,7.8700000e-05,-7.8700000e-05,140.8200000,4.590000e-03,-4.590000e-03,0.9711,0.0223,-0.7127,0.22200,0.13500,-0.13500,4.8480e+02,8.040e+01,-8.040e+01,4.11,5.900e-01,-3.300e-01,576.0,,,25.98,12.63,-6.30,6.70,1,q1_q17_dr24_tce,5191.00,166.00,-142.00,4.615,0.059,-0.059,0.6500,0.0940,-0.0520,290.545040,51.323620,15.370
12470530,K07536.01,,FALSE POSITIVE,FALSE POSITIVE,0.0000,0,1,0,0,8.207257515,5.5200000e-07,-5.5200000e-07,135.8249178,5.530000e-05,-5.530000e-05,0.5960,0.0100,-0.0420,4.23835,0.00508,-0.00508,3.9130e+05,1.790e+02,-1.790e+02,46.82,4.070e+00,-4.070e+00,650.0,,,42.10,13.80,-10.98,1748.30,1,q1_q17_dr25_tce,4859.00,144.00,-144.00,4.637,0.060,-0.035,0.6210,0.0540,-0.0540,296.246030,51.369099,15.300
12504353,K07537.01,,FALSE POSITIVE,FALSE POSITIVE,,1,0,0,0,498.688450000,4.3380000e-02,-4.3380000e-02,556.5161000,2.950000e-02,-2.950000e-02,0.1119,0.3643,-0.1119,17.88000,1.50000,-1.50000,5.4830e+02,6.650e+01,-6.650e+01,2.44,1.210e+00,-2.300e-01,246.0,,,0.87,1.28,-0.24,9.40,1,q1_q17_dr24_tce,6184.00,149.00,-204.00,4.448,0.046,-0.046,1.0380,0.5170,-0.0960,287.863310,51.488522,15.166
12506342,K07538.01,,FALSE POSITIVE,FALSE POSITIVE,0.0000,0,0,1,1,1.227751050,5.1360000e-06,-5.1360000e-06,132.5634600,3.280000e-03,-3.280000e-03,0.2620,0.1930,-0.2620,1.60200,0.10900,-0.10900,3.2760e+02,2.000e+01,-2.000e+01,1.00,9.000e-02,-7.000e-02,1094.0,,,340.64,119.66,-76.23,20.30,1,q1_q17_dr25_tce,4551.00,135.00,-135.00,4.713,0.032,-0.052,0.5600,0.0540,-0.0360,289.044770,51.415379,15.715
12519942,K07539.01,,CANDIDATE,CANDIDATE,,0,0,0,0,15.341624500,1.2750000e-04,-1.2750000e-04,134.9868600,7.310000e-03,-7.310000e-03,0.0481,0.4098,-0.0481,2.12600,0.50100,-0.50100,2.6960e+02,5.520e+01,-5.520e+01,1.30,3.600e-01,-1.300e-01,605.0,,,31.63,26.83,-8.46,9.20,1,q1_q17_dr24_tce,5061.00,167.00,-134.00,4.504,0.074,-0.074,0.8140,0.2230,-0.0790,296.283110,51.404362,14.813
12555616,K07540.01,,CANDIDATE,CANDIDATE,0.3470,0,0,0,0,21.980467000,4.5230000e-04,-4.5230000e-04,150.7280000,1.800000e-02,-1.800000e-02,0.4170,0.0460,-0.4140,4.78000,0.50700,-0.50700,9.6000e+01,1.140e+01,-1.140e+01,0.92,2.400e-01,-1.400e-01,625.0,,,36.07,27.10,-13.07,10.10,1,q1_q17_dr25_tce,5573.00,149.00,-149.00,4.418,0.139,-0.186,0.9360,0.2390,-0.1470,289.824220,51.552029,13.852
12557713,K07541.01,,FALSE POSITIVE,FALSE POSITIVE,0.0000,0,1,0,0,7.214721393,9.1700000e-07,-9.1700000e-07,132.4986540,1.040000e-04,-1.040000e-04,0.8980,0.2960,-0.0150,2.36464,0.00473,-0.00473,4.6802e+04,8.090e+01,-8.090e+01,16.79,1.120e+00,-1.130e+00,630.0,,,37.12,10.92,-8.46,582.00,1,q1_q17_dr25_tce,4705.00,153.00,-139.00,4.696,0.052,-0.028,0.5520,0.0370,-0.0370,291.082310,51.558361,14.853
9730163,K02704.03,Kepler-445 d,CONFIRMED,CANDIDATE,,0,0,0,0,8.152758850,6.5890000e-05,-6.5890000e-05,134.1904600,7.920000e-03,-7.920000e-03,0.4610,0.0838,-0.4086,1.74600,0.24000,-0.24000,1.6536e+04,2.312e+03,-2.312e+03,2.44,1.620e+00,-7.000e-01,305.0,,,2.03,4.47,-1.06,9.20,3,q1_q17_dr24_tce,3327.00,125.00,-58.00,5.113,0.140,-0.140,0.1890,0.1250,-0.0540,298.736110,46.498634,17.475
2437112,K03461.02,,FALSE POSITIVE,FALSE POSITIVE,0.0000,1,0,1,0,3.187409070,8.9680000e-05,-8.9680000e-05,132.8032000,2.070000e-02,-2.070000e-02,0.1440,0.3320,-0.1440,6.19000,0.67400,-0.67400,1.3750e+02,1.770e+01,-1.770e+01,0.81,7.000e-02,-7.000e-02,919.0,,,168.43,55.76,-44.24,9.20,3,q1_q17_dr25_tce,4808.00,146.00,-146.00,4.589,0.045,-0.041,0.7150,0.0620,-0.0620,290.203610,37.774342,16.153
8719324,K03716.02,,FALSE POSITIVE,FALSE POSITIVE,0.0000,1,0,0,0,10.232736110,,,139.5844258,,,,,,1.55000,,,,,,,,,,,,,,,,1,q1_q17_dr25_tce,,,,,,,,,,301.114290,44.825802,11.614
5471690,K04006.02,,FALSE POSITIVE,FALSE POSITIVE,,0,0,0,1,0.962815183,8.1600000e-06,-8.1600000e-06,132.2162900,8.310000e-03,-8.310000e-03,0.0916,0.3720,-0.0915,2.58100,0.23100,-0.23100,2.0700e+01,2.000e+00,-2.000e+00,1.12,2.900e-01,-5.000e-01,3152.0,,,23331.88,17771.09,-17090.05,12.10,3,q1_q17_dr24_tce,6638.00,189.00,-237.00,3.792,0.395,-0.395,2.4450,0.6230,-1.0850,297.725310,40.640789,12.876
7100673,K04032.05,,CANDIDATE,CANDIDATE,0.7900,0,0,0,0,7.235242210,4.5860000e-05,-4.5860000e-05,135.2317300,5.190000e-03,-5.190000e-03,0.1820,0.2640,-0.1820,2.68500,0.16900,-0.16900,6.0000e+01,4.400e+00,-4.400e+00,0.82,1.200e-01,-1.200e-01,948.0,,,191.14,85.18,-59.91,15.20,5,q1_q17_dr25_tce,5574.00,111.00,-100.00,4.354,0.132,-0.108,1.0650,0.1660,-0.1500,285.728490,42.654530,12.639
3937814,K04084.02,,CANDIDATE,CANDIDATE,,0,0,0,0,10.729007930,5.6080000e-05,-5.6080000e-05,134.6802600,4.460000e-03,-4.460000e-03,0.2652,0.2893,-0.2652,0.69600,0.12600,-0.12600,4.0430e+02,5.550e+01,-5.550e+01,1.78,6.000e-01,-1.200e-01,722.0,,,64.33,65.80,-13.98,10.10,2,q1_q17_dr24_tce,5375.00,167.00,-140.00,4.541,0.027,-0.027,0.8760,0.2960,-0.0590,286.052430,39.096050,15.188
3937814,K04084.03,,CANDIDATE,CANDIDATE,0.4090,0,0,0,0,8.196197680,6.3260000e-05,-6.3260000e-05,135.1043500,6.510000e-03,-6.510000e-03,0.7810,0.1860,-0.5460,2.10900,0.24500,-0.24500,1.9740e+02,2.540e+01,-2.540e+01,1.55,1.700e-01,-2.100e-01,851.0,,,123.81,38.44,-36.69,9.30,2,q1_q17_dr25_tce,5323.00,79.00,-79.00,4.378,0.126,-0.084,0.9950,0.1110,-0.1350,286.052430,39.096050,15.188
4548098,K04157.02,,CANDIDATE,CANDIDATE,0.9960,0,0,0,0,5.215752000,3.8540000e-03,-3.8540000e-03,133.4040000,3.930000e-01,-3.930000e-01,0.7290,0.2400,-0.5130,1.13000,5.30000,-5.30000,4.6800e+01,9.300e+00,-9.300e+00,0.83,1.500e-01,-4.000e-02,1156.0,,,422.67,207.23,-77.80,5.10,2,q1_q17_dr25_tce,6202.00,99.00,-149.00,4.422,0.026,-0.136,1.1220,0.2050,-0.0580,287.410060,39.658680,12.692
5078025,K04211.02,,FALSE POSITIVE,FALSE POSITIVE,0.0000,1,0,1,1,0.696290095,4.5870000e-06,-4.5870000e-06,131.5267600,5.890000e-03,-5.890000e-03,1.1230,0.2940,-0.1420,3.83900,0.32400,-0.32400,1.2050e+02,7.700e+00,-7.700e+00,12.63,4.020e+00,-1.010e+00,1969.0,,,3537.89,3305.16,-886.14,19.40,2,q1_q17_dr25_tce,5904.00,160.00,-178.00,4.543,0.039,-0.221,0.8670,0.2760,-0.0690,283.723790,40.237560,15.034
3733638,K06353.01,,CANDIDATE,CANDIDATE,0.9680,0,0,0,0,10.071436900,1.6780000e-04,-1.6780000e-04,140.0456000,1.620000e-02,-1.620000e-02,0.0060,0.4600,-0.0060,6.89100,0.48800,-0.48800,4.9500e+01,5.400e+00,-5.400e+00,1.98,5.600e-01,-1.310e+00,1362.0,,,814.46,715.33,-731.10,10.80,1,q1_q17_dr25_tce,5768.00,192.00,-157.00,3.633,0.816,-0.192,2.8100,0.7970,-1.8600,287.223510,38.817612,13.472
3746248,K06354.01,,FALSE POSITIVE,FALSE POSITIVE,,0,1,1,0,0.622406980,3.7360000e-06,-3.7360000e-06,131.6839300,4.830000e-03,-4.830000e-03,0.0908,0.3671,-0.0907,1.18600,0.32800,-0.32800,1.5580e+02,3.060e+01,-3.060e+01,1.63,1.200e+00,-2.300e-01,2663.0,,,11894.49,27137.32,-4472.59,10.20,1,q1_q17_dr24_tce,6661.00,147.00,-276.00,4.341,0.063,-0.063,1.2900,0.9470,-0.1810,291.259800,38.897999,12.920
3748855,K06355.01,,CANDIDATE,CANDIDATE,1.0000,0,0,0,0,4.371989050,4.8560000e-05,-4.8560000e-05,131.9092300,9.050000e-03,-9.050000e-03,0.1770,0.2810,-0.1770,2.17700,0.34200,-0.34200,1.0370e+02,1.310e+01,-1.310e+01,0.93,2.700e-01,-1.100e-01,1085.0,,,327.65,269.53,-102.92,9.90,1,q1_q17_dr25_tce,5823.00,158.00,-175.00,4.489,0.062,-0.188,0.9190,0.2570,-0.1100,291.933560,38.827202,14.701
3748855,K06355.02,,CANDIDATE,CANDIDATE,,0,0,0,0,6.728766060,8.7340000e-05,-8.7340000e-05,134.0424000,1.240000e-02,-1.240000e-02,0.5757,0.0361,-0.4558,2.27700,0.35200,-0.35200,1.1740e+02,1.760e+01,-1.760e+01,1.03,4.200e-01,-1.000e-01,940.0,,,184.66,220.59,-50.07,7.80,2,q1_q17_dr24_tce,5823.00,159.00,-165.00,4.489,0.053,-0.053,0.9190,0.3710,-0.0880,291.933560,38.827202,14.701
3757588,K06356.01,,FALSE POSITIVE,FALSE POSITIVE,0.0000,0,1,0,0,24.090020650,2.9590000e-05,-2.9590000e-05,154.2853230,9.850000e-04,-9.850000e-04,0.9460,0.0180,-0.0120,11.04940,0.08210,-0.08210,6.7822e+03,4.020e+01,-4.020e+01,9.39,1.490e+00,-1.230e+00,551.0,,,21.85,11.59,-7.22,252.30,1,q1_q17_dr25_tce,5354.00,177.00,-160.00,4.495,0.105,-0.116,0.8040,0.1280,-0.1050,294.143400,38.893162,14.940
3764411,K06357.01,,FALSE POSITIVE,FALSE POSITIVE,,1,0,0,0,4.415893300,5.7390000e-05,-5.7390000e-05,132.9738000,1.020000e-02,-1.020000e-02,0.1672,0.3993,-0.1672,1.15500,0.41000,-0.41000,1.9110e+02,5.010e+01,-5.010e+01,1.42,3.900e-01,-1.300e-01,1138.0,,,395.82,323.08,-109.73,5.80,1,q1_q17_dr24_tce,5977.00,154.00,-206.00,4.473,0.041,-0.041,1.0220,0.2870,-0.0900,295.685940,38.889359,15.417
3765692,K06358.01,,CANDIDATE,CANDIDATE,0.1840,0,0,0,0,3.093832480,2.2800000e-05,-2.2800000e-05,132.7569100,6.370000e-03,-6.370000e-03,0.3560,0.1000,-0.3560,1.57600,0.24100,-0.24100,3.7370e+02,5.130e+01,-5.130e+01,1.32,2.100e-01,-9.000e-02,998.0,,,233.91,126.41,-55.14,9.70,1,q1_q17_dr25_tce,5327.00,190.00,-169.00,4.646,0.032,-0.097,0.6810,0.1070,-0.0460,295.924560,38.876968,15.896
3766353,K06359.01,,FALSE POSITIVE,FALSE POSITIVE,0.0000,0,1,0,0,2.666961614,8.0400000e-07,-8.0400000e-07,133.7190650,2.540000e-04,-2.540000e-04,1.2760,0.2160,-0.1080,2.47740,0.01460,-0.01460,7.5834e+03,3.750e+01,-3.750e+01,40.68,1.495e+01,-3.510e+00,1469.0,,,1104.26,1164.28,-297.01,249.50,1,q1_q17_dr25_tce,6609.00,157.00,-216.00,4.484,0.040,-0.229,0.9740,0.3580,-0.0840,296.053770,38.894260,13.968
5019567,K06488.01,,FALSE POSITIVE,FALSE POSITIVE,,1,0,0,0,1.174301830,1.9890000e-05,-1.9890000e-05,131.7601000,1.270000e-02,-1.270000e-02,0.9744,0.0000,-0.6723,9.58700,0.65300,-0.65300,6.4500e+01,3.500e+00,-3.500e+00,2.22,1.080e+00,-4.600e-01,3020.0,,,19656.66,29174.25,-9333.68,13.50,1,q1_q17_dr24_tce,7537.00,227.00,-315.00,4.007,0.142,-0.142,2.1450,1.0410,-0.4520,294.184540,40.150372,12.080
5021432,K06489.01,,CANDIDATE,CANDIDATE,,0,0,0,0,14.056522560,,,136.7555724,,,,,,2.56000,,,,,,,,,,,,,,,,1,q1_q17_dr24_tce,,,,,,,,,,294.656100,40.137260,13.697
5021732,K06490.01,,FALSE POSITIVE,FALSE POSITIVE,0.0000,0,1,0,0,15.039464523,1.9670000e-06,-1.9670000e-06,144.1372520,1.070000e-04,-1.070000e-04,0.9980,0.2030,-0.0020,5.39796,0.00740,-0.00740,6.6877e+04,6.650e+01,-6.650e+01,51.71,1.686e+01,-7.850e+00,877.0,,,139.95,131.94,-50.94,1133.50,1,q1_q17_dr25_tce,6410.00,162.00,-194.00,4.329,0.105,-0.195,1.1780,0.3840,-0.1790,294.731200,40.150490,13.623
5022440,K06491.01,,FALSE POSITIVE,FALSE POSITIVE,0.0000,0,1,0,0,3.693951168,1.4210000e-06,-1.4210000e-06,133.6105200,3.160000e-04,-3.160000e-04,0.9170,2.9030,-0.0540,2.25340,0.02090,-0.02090,2.8290e+04,1.920e+02,-1.920e+02,20.88,5.370e+00,-1.920e+00,1148.0,,,411.07,312.17,-114.70,173.20,1,q1_q17_dr25_tce,5968.00,161.00,-197.00,4.534,0.044,-0.187,0.8810,0.2270,-0.0810,294.902560,40.169979,15.286
5022900,K06492.01,,FALSE POSITIVE,FALSE POSITIVE,0.0000,1,0,1,0,1.056802870,2.1940000e-05,-2.1940000e-05,131.6820000,1.900000e-02,-1.900000e-02,0.5630,0.4240,-0.3390,5.74800,0.69500,-0.69500,8.2300e+01,1.130e+01,-1.130e+01,0.83,2.200e-01,-8.000e-02,1633.0,,,1686.88,1361.53,-462.31,10.90,1,q1_q17_dr25_tce,5584.00,166.00,-183.00,4.532,0.046,-0.184,0.8850,0.2370,-0.0790,295.011140,40.151402,15.870
5024126,K06493.01,,FALSE POSITIVE,FALSE POSITIVE,0.0000,0,1,1,1,0.787122102,1.3290000e-06,-1.3290000e-06,131.7368700,1.580000e-03,-1.580000e-03,1.2110,0.7340,-0.1110,3.09990,0.08500,-0.08500,5.9680e+02,1.250e+01,-1.250e+01,20.76,2.910e+00,-2.190e+00,1655.0,,,1775.05,913.73,-526.29,57.40,1,q1_q17_dr25_tce,5210.00,203.00,-166.00,4.528,0.067,-0.082,0.7990,0.1120,-0.0840,295.273740,40.133659,15.626
5024268,K06494.01,,FALSE POSITIVE,FALSE POSITIVE,,0,1,0,1,2.150452950,1.9510000e-05,-1.9510000e-05,132.3249900,7.430000e-03,-7.430000e-03,0.3604,0.0946,-0.3604,4.45300,0.25100,-0.25100,1.6910e+02,9.600e+00,-9.600e+00,24.27,1.790e+00,-1.580e+00,4340.0,,,83894.63,18855.74,-14885.42,25.80,1,q1_q17_dr24_tce,4899.00,74.00,-74.00,2.356,0.011,-0.011,18.9200,1.4000,-1.2300,295.295960,40.186569,11.359
5024372,K06495.01,,FALSE POSITIVE,FALSE POSITIVE,,1,0,1,0,0.561524348,6.9700000e-06,-6.9700000e-06,131.7959300,9.010000e-03,-9.010000e-03,0.4172,0.0604,-0.4169,3.33600,0.42200,-0.42200,3.4100e+01,4.600e+00,-4.600e+00,0.43,1.100e-01,-4.000e-02,2050.0,,,4173.47,3510.85,-1175.10,15.70,1,q1_q17_dr24_tce,5919.00,196.00,-186.00,4.550,0.100,-0.100,0.7150,0.1940,-0.0690,295.311770,40.197590,14.564
5633259,K06610.01,,CANDIDATE,CANDIDATE,,0,0,0,0,315.077171920,,,286.7429498,,,,,,10.31000,,,,,,,,,,,,,,,,1,q1_q17_dr24_tce,,,,,,,,,,295.552980,40.877991,15.341
5647638,K06611.01,,FALSE POSITIVE,FALSE POSITIVE,0.0000,0,1,0,0,1.216078730,3.8920000e-05,-3.8920000e-05,132.4476000,1.810000e-02,-1.810000e-02,0.9910,0.0110,-0.7640,4.68600,0.41700,-0.41700,2.9400e+01,4.600e+00,-4.600e+00,1.92,3.600e-01,-1.020e+00,2803.0,,,14545.24,8738.42,-11777.81,11.20,1,q1_q17_dr25_tce,6234.00,194.00,-213.00,3.741,0.612,-0.108,2.5000,0.4750,-1.3310,298.642520,40.838909,13.333
5653126,K06612.01,,FALSE POSITIVE,FALSE POSITIVE,0.0000,0,1,0,0,38.495369850,8.0830000e-05,-8.0830000e-05,152.8494300,2.080000e-03,-2.080000e-03,1.0130,0.1120,-0.0770,12.87160,0.07720,-0.07720,9.3327e+04,1.490e+02,-1.490e+02,124.34,2.625e+01,-6.129e+01,824.0,,,109.13,72.24,-84.47,201.90,1,q1_q17_dr25_tce,6050.00,192.00,-192.00,3.823,0.496,-0.124,2.3450,0.4950,-1.1560,299.702000,40.896271,13.173
5686974,K06613.01,,FALSE POSITIVE,FALSE POSITIVE,0.0000,0,0,0,1,4.182244160,5.1240000e-05,-5.1240000e-05,134.0885000,1.170000e-02,-1.170000e-02,0.9900,0.0230,-0.7580,6.20900,0.20800,-0.20800,5.7200e+01,4.300e+00,-4.300e+00,1.07,3.100e-01,-1.600e-01,1206.0,,,500.70,414.84,-181.91,13.80,1,q1_q17_dr25_tce,6057.00,163.00,-181.00,4.392,0.128,-0.192,0.9990,0.2820,-0.1520,284.875580,40.984428,13.732
5696909,K06614.01,,FALSE POSITIVE,FALSE POSITIVE,0.0000,0,1,1,0,0.643002821,7.9000000e-08,-7.9000000e-08,131.6896850,1.000000e-04,-1.000000e-04,1.2610,0.4420,-0.1720,1.02608,0.00661,-0.00661,2.6715e+03,1.530e+01,-1.530e+01,36.82,1.241e+01,-8.240e+00,2188.0,,,5409.39,5461.20,-2486.39,295.60,1,q1_q17_dr25_tce,5681.00,169.00,-152.00,4.315,0.220,-0.220,1.0360,0.3490,-0.2320,289.071110,40.978809,14.984
5697628,K06615.01,,FALSE POSITIVE,FALSE POSITIVE,,1,0,0,0,1.951195410,1.7150000e-05,-1.7150000e-05,133.3951000,8.320000e-03,-8.320000e-03,0.1533,0.3251,-0.1533,1.90700,0.27700,-0.27700,5.9700e+01,1.060e+01,-1.060e+01,0.47,7.000e-02,-3.000e-02,1050.0,,,287.41,126.41,-63.98,7.70,1,q1_q17_dr24_tce,4936.00,142.00,-142.00,4.681,0.027,-0.027,0.6280,0.0840,-0.0410,289.303410,40.924229,15.105
5700330,K06616.01,,FALSE POSITIVE,FALSE POSITIVE,0.0000,0,1,0,0,53.220416998,5.7520000e-06,-5.7520000e-06,138.5798799,8.960000e-05,-8.960000e-05,0.2480,0.0050,-0.0010,17.73440,0.00653,-0.00653,7.2895e+04,1.930e+01,-1.930e+01,55.22,7.840e+00,-1.570e+01,655.0,,,43.63,16.73,-22.46,4563.50,1,q1_q17_dr25_tce,5653.00,84.00,-76.00,3.905,0.217,-0.093,2.0570,0.2920,-0.5850,290.153350,40.901630,13.613
5702770,K06617.01,,CANDIDATE,CANDIDATE,0.8520,0,0,0,0,8.001889700,1.0450000e-04,-1.0450000e-04,135.4193000,1.180000e-02,-1.180000e-02,0.4420,0.0120,-0.4420,3.42500,0.27200,-0.27200,1.0270e+02,1.270e+01,-1.270e+01,0.90,2.600e-01,-8.000e-02,864.0,,,131.75,108.63,-35.93,9.80,1,q1_q17_dr25_tce,5830.00,157.00,-175.00,4.540,0.046,-0.195,0.8760,0.2460,-0.0820,290.915040,40.988499,15.032
6614748,K06745.01,,CANDIDATE,CANDIDATE,,0,0,0,0,383.853620000,1.8020000e-02,-1.8020000e-02,426.5941000,3.460000e-02,-3.460000e-02,0.5927,0.0136,-0.5111,9.76000,1.60000,-1.60000,4.2290e+02,6.580e+01,-6.580e+01,2.78,1.220e+00,-4.600e-01,314.0,,,2.29,2.91,-0.94,7.50,1,q1_q17_dr24_tce,6675.00,150.00,-279.00,4.341,0.076,-0.076,1.2930,0.5720,-0.2110,294.286930,42.032791,15.232
6628926,K06746.01,,CANDIDATE,CANDIDATE,1.0000,0,0,0,0,2.564012541,,,134.2733914,,,0.1660,,,0.94330,,,2.5519e+03,,,7.27,2.070e+00,-2.070e+00,1720.0,,,2065.56,1796.60,-1163.36,5.30,1,q1_q17_dr25_tce,6274.00,198.00,-242.00,4.139,0.286,-0.154,1.4280,0.4070,-0.4070,297.622990,42.098820,14.121
6629156,K06747.01,,FALSE POSITIVE,FALSE POSITIVE,0.0000,1,0,0,0,0.715381720,,,131.5505000,,,,,,5.00000,,,,,,,,,,,,7377.38,14021.01,-2565.07,,1,q1_q17_dr25_tce,,,,,,,,,,297.669740,42.088860,14.670
6629588,K06748.01,,FALSE POSITIVE,FALSE POSITIVE,0.0000,0,1,0,0,2.264471713,5.3800000e-07,-5.3800000e-07,131.5188050,1.940000e-04,-1.940000e-04,0.8100,0.0200,-0.0170,7.18030,0.01150,-0.01150,1.8743e+05,2.480e+02,-2.480e+02,102.12,2.524e+01,-3.468e+01,2103.0,,,4637.68,3530.09,-2910.02,873.70,1,q1_q17_dr25_tce,6782.00,214.00,-262.00,4.014,0.312,-0.144,1.7520,0.4330,-0.5950,297.755650,42.009071,13.983
6636020,K06749.01,,FALSE POSITIVE,FALSE POSITIVE,,0,1,1,0,18.360223900,2.6580000e-04,-2.6580000e-04,143.4753000,1.590000e-02,-1.590000e-02,0.1819,0.2748,-0.1818,2.35200,0.31600,-0.31600,5.7460e+02,6.200e+01,-6.200e+01,2.04,8.900e-01,-1.600e-01,637.0,,,38.90,51.66,-9.88,12.40,1,q1_q17_dr24_tce,5713.00,181.00,-176.00,4.551,0.029,-0.029,0.8560,0.3710,-0.0690,299.025180,42.061729,15.703
6664842,K06750.01,,CANDIDATE,CANDIDATE,0.7880,0,0,0,0,5.213950460,9.9360000e-05,-9.9360000e-05,135.7252000,1.660000e-02,-1.660000e-02,0.1950,0.2520,-0.1950,3.18800,0.46300,-0.46300,7.8500e+01,1.140e+01,-1.140e+01,1.24,1.900e-01,-2.700e-01,1201.0,,,492.29,207.81,-205.99,8.60,1,q1_q17_dr25_tce,5529.00,82.00,-71.00,4.123,0.217,-0.108,1.4120,0.2230,-0.3070,281.520200,42.169472,14.430
6665064,K06751.01,,CANDIDATE,CANDIDATE,0.2670,0,0,0,0,24.996068000,3.8030000e-03,-3.8030000e-03,144.9693000,2.270000e-02,-2.270000e-02,0.4090,0.0510,-0.4090,5.62300,0.38700,-0.38700,6.2170e+02,7.030e+01,-7.030e+01,2.40,3.600e-01,-1.200e-01,604.0,,,31.43,12.41,-4.58,9.40,2,q1_q17_dr25_tce,5761.00,78.00,-78.00,4.492,0.022,-0.120,0.9560,0.1430,-0.0480,281.649990,42.132061,15.183
6670610,K06752.01,,CANDIDATE,CANDIDATE,1.0000,0,0,0,0,8.942964500,1.2930000e-04,-1.2930000e-04,137.2637300,9.080000e-03,-9.080000e-03,0.0880,0.5050,-0.0880,1.80300,0.69900,-0.69900,2.3350e+02,7.250e+01,-7.250e+01,0.89,6.000e-02,-1.000e-01,536.0,,,19.51,5.73,-5.93,7.20,1,q1_q17_dr25_tce,4183.00,125.00,-138.00,4.655,0.056,-0.024,0.5940,0.0430,-0.0640,284.274990,42.123779,15.537
7431665,K06877.01,,FALSE POSITIVE,FALSE POSITIVE,0.0350,0,1,0,0,281.509095000,1.5370000e-03,-1.5370000e-03,171.5271500,6.360000e-03,-6.360000e-03,0.6260,0.0220,-0.0640,40.96300,0.42700,-0.42700,5.9487e+03,3.600e+01,-3.600e+01,85.77,1.834e+01,-1.833e+01,685.0,,,52.05,29.61,-22.57,182.50,1,q1_q17_dr25_tce,4797.00,76.00,-104.00,2.632,0.033,-0.030,10.7090,2.2890,-2.2890,287.376620,43.009491,10.974
7447895,K06878.01,,CANDIDATE,CANDIDATE,1.0000,0,0,0,0,2.405625303,5.2220000e-06,-5.2220000e-06,133.1422100,1.850000e-03,-1.850000e-03,0.4670,0.4880,-0.1370,0.62830,0.06360,-0.06360,1.6350e+02,1.550e+01,-1.550e+01,1.11,2.300e-01,-9.000e-02,1180.0,,,459.66,287.94,-111.12,12.00,1,q1_q17_dr25_tce,5450.00,146.00,-163.00,4.573,0.027,-0.153,0.8300,0.1740,-0.0620,292.720790,43.076809,14.709
7455553,K06879.01,,FALSE POSITIVE,FALSE POSITIVE,0.0000,0,1,0,0,3.258249472,1.2780000e-06,-1.2780000e-06,134.5965600,3.250000e-04,-3.250000e-04,1.2640,4.7870,-0.0820,2.63580,0.01710,-0.01710,1.6435e+03,9.400e+00,-9.400e+00,79.23,1.489e+01,-2.765e+01,2057.0,,,4234.38,2417.45,-2665.76,202.00,1,q1_q17_dr25_tce,6712.00,182.00,-222.00,3.859,0.292,-0.097,2.3610,0.4440,-0.8240,294.839840,43.019718,13.059
7456521,K06880.01,,FALSE POSITIVE,FALSE POSITIVE,0.0000,1,0,0,0,552.829506300,2.5400000e-04,-2.5400000e-04,484.2608790,3.240000e-04,-3.240000e-04,0.6530,0.0620,-0.0380,16.08510,0.02340,-0.02340,2.6630e+05,3.620e+02,-3.620e+02,56.89,1.427e+01,-9.490e+00,229.0,,,0.65,0.50,-0.25,942.60,1,q1_q17_dr25_tce,5956.00,179.00,-179.00,4.403,0.149,-0.182,0.9290,0.2330,-0.1550,295.096340,43.047981,14.973
7461314,K06881.01,,FALSE POSITIVE,FALSE POSITIVE,0.0000,0,0,1,1,0.773595312,2.4970000e-06,-2.4970000e-06,132.0877600,2.720000e-03,-2.720000e-03,0.6120,0.3470,-0.4230,0.78100,0.10900,-0.10900,9.3000e+01,1.010e+01,-1.010e+01,0.96,2.700e-01,-9.000e-02,1976.0,,,3613.97,3135.70,-1046.36,13.20,1,q1_q17_dr25_tce,5973.00,188.00,-208.00,4.506,0.048,-0.192,0.9350,0.2660,-0.0890,296.238560,43.021790,14.882
7461521,K06882.01,,CANDIDATE,CANDIDATE,1.0000,0,0,0,0,0.773530100,2.7510000e-05,-2.7510000e-05,132.1961000,4.380000e-02,-4.380000e-02,0.3360,0.1330,-0.3360,1.33500,0.12500,-0.12500,1.8540e+02,1.650e+01,-1.650e+01,1.87,5.900e-01,-4.400e-01,2474.0,,,8868.22,8299.29,-4457.93,14.20,1,q1_q17_dr25_tce,6296.00,177.00,-243.00,4.217,0.185,-0.185,1.3500,0.4270,-0.3200,296.283840,43.033981,14.752
7499571,K06883.01,,FALSE POSITIVE,FALSE POSITIVE,,1,0,0,0,533.659300000,2.6510000e-02,-2.6510000e-02,375.2280000,3.380000e-02,-3.380000e-02,0.1083,0.3601,-0.1082,12.81000,1.90000,-1.90000,5.3350e+02,8.180e+01,-8.180e+01,1.92,7.400e-01,-1.500e-01,205.0,,,0.42,0.48,-0.10,7.80,1,q1_q17_dr24_tce,5695.00,152.00,-148.00,4.556,0.030,-0.030,0.8390,0.3220,-0.0660,280.462590,43.142052,14.931
7537660,K06884.01,,CANDIDATE,CANDIDATE,,0,0,0,0,2.421868980,,,132.7886605,,,,,,6.22000,,,,,,,,,,,,,,,,1,q1_q17_dr24_tce,,,,,,,,,,294.601500,43.159935,13.583
7541502,K06885.01,,FALSE POSITIVE,FALSE POSITIVE,0.0000,0,1,0,0,44.827323809,1.9900000e-06,-1.9900000e-06,173.4103489,3.610000e-05,-3.610000e-05,1.4940,0.0510,-0.0350,6.86103,0.00342,-0.00342,2.3712e+05,6.110e+01,-6.110e+01,429.00,1.324e+02,-3.090e+02,779.0,,,87.20,87.57,-81.21,4484.50,1,q1_q17_dr25_tce,5160.00,207.00,-165.00,3.568,0.912,-0.228,3.2790,1.0120,-2.3620,295.576510,43.190327,11.560
8285254,K07008.01,,FALSE POSITIVE,FALSE POSITIVE,0.0000,0,1,0,0,7.535894184,1.2510000e-06,-1.2510000e-06,137.7812310,1.350000e-04,-1.350000e-04,0.6440,0.0070,-0.0050,8.30590,0.00894,-0.00894,1.7213e+05,2.000e+02,-2.000e+02,24.64,1.380e+00,-1.100e+00,642.0,,,40.28,10.22,-7.71,1446.70,1,q1_q17_dr25_tce,4969.00,148.00,-148.00,4.736,0.027,-0.033,0.5370,0.0300,-0.0240,285.565340,44.295250,15.398
8285970,K07009.01,,FALSE POSITIVE,FALSE POSITIVE,0.0000,1,0,0,0,0.562498925,3.8500000e-07,-3.8500000e-07,131.7506230,5.430000e-04,-5.430000e-04,0.9710,0.0600,-0.6880,0.67430,0.03010,-0.03010,4.2010e+02,1.410e+01,-1.410e+01,2.88,7.600e-01,-4.100e-01,2129.0,,,4880.50,3802.68,-1663.85,44.10,1,q1_q17_dr25_tce,5638.00,152.00,-152.00,4.437,0.116,-0.174,0.9330,0.2470,-0.1330,285.958740,44.254719,14.792
8288719,K07010.01,,FALSE POSITIVE,FALSE POSITIVE,0.0000,0,1,0,0,0.755049082,6.8000000e-08,-6.8000000e-08,132.1942347,7.670000e-05,-7.670000e-05,1.2250,0.0490,-0.0960,2.09643,0.00220,-0.00220,2.6068e+04,1.510e+01,-1.510e+01,30.47,2.350e+00,-2.110e+00,1551.0,,,1372.84,418.31,-318.67,683.70,1,q1_q17_dr25_tce,5242.00,156.00,-156.00,4.640,0.066,-0.039,0.6220,0.0480,-0.0430,287.359710,44.294991,13.276
8294484,K07011.01,,FALSE POSITIVE,FALSE POSITIVE,0.0000,0,1,0,0,1.012694226,2.6650000e-06,-2.6650000e-06,132.4489600,2.660000e-03,-2.660000e-03,0.5340,0.0260,-0.0200,3.60170,0.04420,-0.04420,1.0850e+05,8.040e+02,-8.040e+02,42.51,1.311e+01,-7.070e+00,2230.0,,,5846.79,5323.56,-2373.79,185.10,1,q1_q17_dr25_tce,6487.00,181.00,-250.00,4.292,0.128,-0.192,1.2330,0.3800,-0.2050,289.940280,44.225719,14.713
8296467,K07012.01,,FALSE POSITIVE,FALSE POSITIVE,0.0000,0,1,0,0,10.303356001,8.2100000e-07,-8.2100000e-07,137.1682892,6.540000e-05,-6.540000e-05,0.3640,0.0040,-0.0030,5.98633,0.00359,-0.00359,5.2007e+05,2.230e+02,-2.230e+02,69.66,1.633e+01,-1.091e+01,787.0,,,90.76,65.02,-32.93,2039.10,1,q1_q17_dr25_tce,5497.00,166.00,-149.00,4.423,0.149,-0.182,0.9000,0.2110,-0.1410,290.592560,44.206589,15.177
8301013,K07013.01,,FALSE POSITIVE,FALSE POSITIVE,0.0000,0,1,0,0,2.214029545,1.2300000e-07,-1.2300000e-07,133.1692046,4.590000e-05,-4.590000e-05,0.3710,0.0030,-0.0010,5.64264,0.00218,-0.00218,3.4911e+05,1.960e+02,-1.960e+02,94.23,2.859e+01,-2.075e+01,1894.0,,,3041.80,2628.33,-1420.40,2680.50,1,q1_q17_dr25_tce,6604.00,155.00,-214.00,4.178,0.162,-0.180,1.5260,0.4630,-0.3360,292.296750,44.280571,13.300
8302455,K07014.01,,FALSE POSITIVE,FALSE POSITIVE,0.0000,0,1,0,0,2.441988077,2.4800000e-07,-2.4800000e-07,132.1323834,8.210000e-05,-8.210000e-05,0.8880,0.2200,-0.0210,3.94526,0.00510,-0.00510,9.5344e+04,8.500e+01,-8.500e+01,90.39,2.243e+01,-4.482e+01,1993.0,,,3721.74,2937.29,-2902.22,1174.50,1,q1_q17_dr25_tce,6078.00,214.00,-214.00,3.874,0.504,-0.126,2.0590,0.5110,-1.0210,292.862700,44.221050,11.535
8302473,K07015.01,,FALSE POSITIVE,FALSE POSITIVE,0.0000,0,0,1,1,2.442001930,4.0000000e-05,-4.0000000e-05,132.1295000,1.530000e-02,-1.530000e-02,0.1240,0.3460,-0.1240,3.14600,0.38200,-0.38200,1.2860e+02,1.620e+01,-1.620e+01,0.95,2.600e-01,-8.000e-02,1217.0,,,518.48,429.07,-136.95,9.60,1,q1_q17_dr25_tce,5587.00,182.00,-182.00,4.556,0.033,-0.176,0.8510,0.2280,-0.0710,292.868500,44.236160,15.617
8311864,K07016.01,Kepler-452 b,CONFIRMED,CANDIDATE,0.7710,0,0,0,0,384.847556000,7.1050000e-03,-7.1050000e-03,314.9700000,1.520000e-02,-1.520000e-02,0.0590,0.3870,-0.0590,9.96900,0.44100,-0.44100,1.8990e+02,1.760e+01,-1.760e+01,1.09,2.000e-01,-1.000e-01,220.0,,,0.56,0.32,-0.15,12.30,1,q1_q17_dr25_tce,5579.00,150.00,-150.00,4.580,0.034,-0.127,0.7980,0.1500,-0.0750,296.003690,44.277561,13.426
9181340,K07143.01,,FALSE POSITIVE,FALSE POSITIVE,0.0000,0,0,1,0,2.131225773,1.6390000e-06,-1.6390000e-06,133.2997800,6.580000e-04,-6.580000e-04,1.2640,0.6180,-0.0320,5.49320,0.03540,-0.03540,2.3371e+03,1.340e+01,-1.340e+01,35.68,1.006e+01,-6.220e+00,1555.0,,,1382.47,1189.02,-564.59,215.60,1,q1_q17_dr25_tce,6181.00,194.00,-216.00,4.380,0.128,-0.192,1.0280,0.2900,-0.1790,300.399020,45.521111,14.818
9203154,K07144.01,,CANDIDATE,CANDIDATE,1.0000,0,0,0,0,0.839907158,4.9050000e-06,-4.9050000e-06,131.6942600,4.280000e-03,-4.280000e-03,0.2300,0.2390,-0.2300,1.01900,0.18700,-0.18700,1.1960e+02,1.740e+01,-1.740e+01,0.92,1.200e-01,-1.100e-01,1640.0,,,1705.12,740.70,-541.61,10.70,1,q1_q17_dr25_tce,5120.00,170.00,-154.00,4.478,0.099,-0.110,0.8530,0.1040,-0.1040,284.125210,45.628052,15.695
9205993,K07145.01,,FALSE POSITIVE,FALSE POSITIVE,0.0000,1,0,1,0,1.219736039,1.8020000e-06,-1.8020000e-06,132.1241700,2.070000e-03,-2.070000e-03,0.2290,0.0110,-0.0100,4.89465,0.00614,-0.00614,6.1152e+05,8.810e+02,-8.810e+02,135.43,4.517e+01,-2.432e+01,2611.0,,,10982.55,10817.16,-4840.63,1037.20,1,q1_q17_dr25_tce,7358.00,205.00,-333.00,4.171,0.128,-0.192,1.6370,0.5460,-0.2940,285.725370,45.666431,14.871
9207508,K07146.01,,FALSE POSITIVE,FALSE POSITIVE,0.0000,0,1,0,0,2.015152464,9.6000000e-08,-9.6000000e-08,132.1127635,3.930000e-05,-3.930000e-05,0.3080,0.0030,-0.0030,8.17997,0.00242,-0.00242,5.6169e+05,1.120e+02,-1.120e+02,132.05,4.405e+01,-2.714e+01,2107.0,,,4657.05,4583.34,-2142.06,4129.60,1,q1_q17_dr25_tce,6988.00,194.00,-267.00,4.163,0.128,-0.192,1.6490,0.5500,-0.3390,286.594970,45.698280,13.705
9210828,K07147.01,,FALSE POSITIVE,FALSE POSITIVE,0.0000,0,1,0,0,0.828206570,1.1700000e-07,-1.1700000e-07,131.5813130,1.160000e-04,-1.160000e-04,0.9400,0.0700,-0.0480,2.70353,0.00619,-0.00619,1.1853e+05,1.690e+02,-1.690e+02,35.67,3.540e+00,-3.210e+00,1473.0,,,1109.75,382.10,-296.32,548.30,1,q1_q17_dr25_tce,5033.00,136.00,-151.00,4.611,0.066,-0.038,0.6550,0.0650,-0.0590,288.444550,45.612671,13.221
9221627,K07148.01,,CANDIDATE,CANDIDATE,1.0000,0,0,0,0,1.761377800,1.4240000e-04,-1.4240000e-04,132.9890000,1.140000e-01,-1.140000e-01,0.1590,0.2900,-0.1590,1.35500,0.18200,-0.18200,3.5930e+02,4.530e+01,-4.530e+01,2.32,7.900e-01,-3.200e-01,1824.0,,,2621.69,2632.67,-949.69,10.50,1,q1_q17_dr25_tce,6544.00,181.00,-250.00,4.349,0.072,-0.217,1.2070,0.4110,-0.1650,293.171940,45.677391,15.020
9236858,K07149.01,,FALSE POSITIVE,FALSE POSITIVE,0.0000,0,1,0,0,2.537081943,1.4100000e-07,-1.4100000e-07,134.0051720,4.540000e-05,-4.540000e-05,0.4510,0.0040,-0.0030,4.80903,0.00183,-0.00183,2.4532e+05,1.420e+02,-1.420e+02,67.96,2.326e+01,-9.970e+00,1712.0,,,2032.57,1994.60,-754.85,2434.80,1,q1_q17_dr25_tce,6735.00,162.00,-243.00,4.307,0.072,-0.203,1.3090,0.4480,-0.1920,298.121460,45.651131,13.040
9243795,K07150.01,,FALSE POSITIVE,FALSE POSITIVE,0.0000,0,1,0,0,14.443127448,1.6540000e-06,-1.6540000e-06,139.3903174,9.290000e-05,-9.290000e-05,0.9800,0.0280,-0.0130,8.33598,0.00744,-0.00744,4.1685e+04,2.800e+01,-2.800e+01,92.28,1.605e+01,-3.744e+01,1182.0,,,462.07,259.68,-318.65,2186.00,1,q1_q17_dr25_tce,5757.00,183.00,-183.00,3.672,0.323,-0.108,2.7360,0.4760,-1.1100,300.126340,45.633549,12.732
9266285,K07151.01,,FALSE POSITIVE,FALSE POSITIVE,0.0000,0,1,0,0,5.613869080,6.6200000e-07,-6.6200000e-07,132.5729010,1.000000e-04,-1.000000e-04,1.0700,0.0310,-0.0380,5.07753,0.00477,-0.00477,5.7386e+04,4.700e+01,-4.700e+01,34.24,1.840e+00,-2.900e+00,714.0,,,61.43,16.10,-16.36,1253.60,1,q1_q17_dr25_tce,4504.00,147.00,-147.00,4.582,0.052,-0.024,0.7090,0.0380,-0.0600,284.310460,45.769550,14.072
10026136,K07274.01,,FALSE POSITIVE,FALSE POSITIVE,0.0000,1,0,0,0,9.080194398,5.9800000e-07,-5.9800000e-07,136.8170208,5.070000e-05,-5.070000e-05,0.6140,0.0070,-0.0110,8.18777,0.00260,-0.00260,3.2457e+05,9.350e+01,-9.350e+01,76.40,2.175e+01,-9.330e+00,1013.0,,,248.49,202.16,-80.87,3481.80,1,q1_q17_dr25_tce,6461.00,154.00,-212.00,4.396,0.062,-0.175,1.1310,0.3220,-0.1380,297.172030,46.953949,15.163
10026457,K07275.01,,FALSE POSITIVE,FALSE POSITIVE,0.0000,0,1,0,0,9.934420750,4.4540000e-06,-4.4540000e-06,132.8749890,3.440000e-04,-3.440000e-04,1.1170,0.0210,-0.0390,7.82190,0.01990,-0.01990,5.5965e+04,1.280e+02,-1.280e+02,34.03,4.840e+00,-2.080e+00,679.0,,,50.35,23.48,-11.03,529.00,1,q1_q17_dr25_tce,5382.00,160.00,-160.00,4.654,0.030,-0.084,0.6690,0.0950,-0.0410,297.259310,46.989681,15.390
10031409,K07276.01,,FALSE POSITIVE,FALSE POSITIVE,0.0000,0,1,0,0,2.071939672,1.1000000e-07,-1.1000000e-07,132.8368962,4.130000e-05,-4.130000e-05,0.8060,0.0150,-0.0220,4.45367,0.00169,-0.00169,1.9877e+05,4.350e+01,-4.350e+01,75.64,2.184e+01,-1.586e+01,1696.0,,,1953.33,1692.60,-884.76,2409.80,1,q1_q17_dr25_tce,6140.00,182.00,-200.00,4.247,0.190,-0.190,1.2540,0.3620,-0.2630,298.684840,46.949970,13.553
10031526,K07277.01,,FALSE POSITIVE,FALSE POSITIVE,0.0000,0,0,1,1,8.589364400,2.6910000e-04,-2.6910000e-04,132.0467000,2.530000e-02,-2.530000e-02,0.7910,0.1790,-0.5610,6.97500,0.59200,-0.59200,1.7930e+02,2.150e+01,-2.150e+01,1.21,2.700e-01,-1.000e-01,792.0,,,93.09,61.51,-23.32,9.80,1,q1_q17_dr25_tce,5602.00,152.00,-169.00,4.571,0.036,-0.144,0.8170,0.1810,-0.0650,298.720950,46.933891,15.687
10031808,K07278.01,,FALSE POSITIVE,FALSE POSITIVE,0.0000,0,1,0,0,8.589644815,4.1000000e-07,-4.1000000e-07,132.0206787,3.730000e-05,-3.730000e-05,0.6860,0.0040,-0.0050,9.49469,0.00201,-0.00201,2.6952e+05,4.400e+01,-4.400e+01,140.07,3.084e+01,-7.188e+01,1412.0,,,940.15,648.81,-747.65,5324.60,1,q1_q17_dr25_tce,6331.00,204.00,-227.00,3.813,0.569,-0.134,2.1940,0.4830,-1.1260,298.797580,46.930244,9.557
10053138,K07279.01,,CANDIDATE,CANDIDATE,0.7690,0,0,0,0,11.772814600,1.6360000e-04,-1.6360000e-04,138.7858600,9.670000e-03,-9.670000e-03,0.4070,0.0670,-0.4070,4.13200,0.33700,-0.33700,7.7100e+01,9.200e+00,-9.200e+00,0.93,1.700e-01,-1.500e-01,788.0,,,90.86,43.60,-30.65,9.90,1,q1_q17_dr25_tce,5410.00,81.00,-72.00,4.333,0.154,-0.126,1.0560,0.1910,-0.1730,280.719480,47.072220,13.717
10063044,K07280.01,,FALSE POSITIVE,FALSE POSITIVE,0.0000,0,1,0,0,1.009671584,8.9000000e-08,-8.9000000e-08,131.5869372,7.260000e-05,-7.260000e-05,0.8640,0.0200,-0.0210,4.37759,0.00426,-0.00426,1.5512e+05,9.890e+01,-9.890e+01,125.31,2.717e+01,-4.074e+01,3287.0,,,27692.04,18019.48,-17038.38,1440.70,1,q1_q17_dr25_tce,7652.00,211.00,-316.00,3.974,0.234,-0.136,2.2420,0.4860,-0.7290,286.290770,47.076221,13.918
10066755,K07281.01,,CANDIDATE,CANDIDATE,,0,0,0,0,2.465065010,5.7620000e-05,-5.7620000e-05,132.8845000,1.800000e-02,-1.800000e-02,0.6323,0.3373,-0.4099,6.21800,0.56800,-0.56800,3.9800e+01,4.500e+00,-4.500e+00,1.14,5.800e-01,-3.000e-01,1999.0,,,3777.82,5853.10,-2070.96,10.30,1,q1_q17_dr24_tce,6881.00,199.00,-296.00,4.101,0.186,-0.186,1.7140,0.8710,-0.4560,288.219760,47.041279,12.446
10070479,K07282.01,,CANDIDATE,CANDIDATE,,0,0,0,0,1.758599866,3.3620000e-06,-3.3620000e-06,131.7968000,1.750000e-03,-1.750000e-03,0.0350,0.5404,-0.0349,0.27290,0.07080,-0.07080,2.3780e+02,2.500e+01,-2.500e+01,1.60,1.400e-01,-1.100e-01,1101.0,,,347.10,119.68,-77.50,11.90,1,q1_q17_dr24_tce,4744.00,150.00,-125.00,4.606,0.027,-0.027,0.7250,0.0650,-0.0510,289.961610,47.080360,15.590
11134079,K07410.01,,FALSE POSITIVE,FALSE POSITIVE,0.4510,0,1,0,0,1.260575815,1.1700000e-07,-1.1700000e-07,132.0569049,7.700000e-05,-7.700000e-05,0.5800,0.0160,-0.0050,2.36064,0.00286,-0.00286,1.5428e+05,2.910e+02,-2.910e+02,29.91,3.770e+00,-2.720e+00,1410.0,,,935.70,397.68,-241.81,781.20,1,q1_q17_dr25_tce,5388.00,160.00,-144.00,4.576,0.070,-0.070,0.7150,0.0900,-0.0650,290.014010,48.701832,14.864
11137061,K07411.01,,FALSE POSITIVE,FALSE POSITIVE,0.6700,0,0,1,0,1.889122730,2.5360000e-05,-2.5360000e-05,132.9530000,1.420000e-02,-1.420000e-02,0.4770,0.0020,-0.4670,4.21900,0.36300,-0.36300,6.0200e+01,5.200e+00,-5.200e+00,0.59,1.000e-01,-5.000e-02,1248.0,,,573.44,296.23,-151.02,15.50,1,q1_q17_dr25_tce,5413.00,160.00,-144.00,4.578,0.045,-0.097,0.7540,0.1220,-0.0710,291.613650,48.749451,14.606
11144439,K07412.01,,FALSE POSITIVE,FALSE POSITIVE,0.0000,0,0,1,0,0.609125246,2.2540000e-06,-2.2540000e-06,132.0828100,3.260000e-03,-3.260000e-03,0.2420,0.2560,-0.2420,0.65500,0.21800,-0.21800,1.3920e+02,1.730e+01,-1.730e+01,0.96,2.300e-01,-9.000e-02,1896.0,,,3049.07,2326.48,-876.04,10.90,1,q1_q17_dr25_tce,5595.00,186.00,-186.00,4.581,0.040,-0.160,0.7960,0.1940,-0.0770,295.061800,48.798168,15.640
7119481,K00566.02,,CANDIDATE,CANDIDATE,0.7000,0,0,0,0,14.157371700,2.2730000e-04,-2.2730000e-04,135.5991000,1.320000e-02,-1.320000e-02,0.1380,0.3110,-0.1380,3.78600,0.33000,-0.33000,1.3000e+02,1.600e+01,-1.600e+01,1.10,3.500e-01,-1.100e-01,778.0,,,86.67,81.39,-25.85,9.30,3,q1_q17_dr25_tce,6122.00,182.00,-200.00,4.487,0.054,-0.216,0.9640,0.3020,-0.1010,292.316010,42.626251,14.718
11147276,K07413.01,,FALSE POSITIVE,FALSE POSITIVE,0.0000,0,1,0,0,1.566528935,3.0300000e-07,-3.0300000e-07,132.5372550,1.600000e-04,-1.600000e-04,1.0330,0.1730,-0.1300,3.25930,0.01070,-0.01070,9.2511e+04,1.970e+02,-1.970e+02,49.66,1.295e+01,-5.980e+00,1551.0,,,1371.70,1052.53,-431.26,485.00,1,q1_q17_dr25_tce,5883.00,158.00,-175.00,4.471,0.081,-0.189,0.9050,0.2360,-0.1090,296.142120,48.702141,13.984
11154043,K07414.01,,FALSE POSITIVE,FALSE POSITIVE,0.0000,1,0,0,0,4.529776320,5.8810000e-05,-5.8810000e-05,136.1237000,1.110000e-02,-1.110000e-02,0.9680,0.0720,-0.0230,26.75200,0.82500,-0.82500,1.5822e+03,4.320e+01,-4.320e+01,12.22,3.850e+00,-3.500e+00,2264.0,,,6213.27,5781.42,-3612.12,55.20,1,q1_q17_dr25_tce,8912.00,249.00,-427.00,4.050,0.181,-0.165,2.2990,0.7240,-0.6580,298.646760,48.784649,11.991
11182260,K07415.01,,CANDIDATE,CANDIDATE,0.0000,0,0,0,0,1.291964282,1.8260000e-06,-1.8260000e-06,132.6373300,1.110000e-03,-1.110000e-03,0.4610,0.1020,-0.3770,1.83780,0.07730,-0.07730,2.8640e+04,7.510e+02,-7.510e+02,10.97,1.030e+00,-1.030e+00,1249.0,,,572.64,189.34,-156.26,45.80,1,q1_q17_dr25_tce,4995.00,134.00,-149.00,4.624,0.070,-0.040,0.6380,0.0600,-0.0600,287.260740,48.846512,13.238
11187972,K07416.01,,CANDIDATE,CANDIDATE,0.3540,0,0,0,0,37.464697400,7.1090000e-04,-7.1090000e-04,138.6533000,1.210000e-02,-1.210000e-02,0.2000,0.2590,-0.2000,4.95400,0.48200,-0.48200,5.1600e+01,6.200e+00,-6.200e+00,0.97,2.800e-01,-2.300e-01,677.0,,,49.61,43.27,-24.73,10.30,1,q1_q17_dr25_tce,6266.00,197.00,-241.00,4.209,0.214,-0.175,1.3420,0.3840,-0.3140,290.478000,48.854645,12.052
4548011,K04288.03,,FALSE POSITIVE,FALSE POSITIVE,,1,0,0,0,4.327440480,8.9330000e-05,-8.9330000e-05,132.7835000,1.830000e-02,-1.830000e-02,0.2789,0.1911,-0.2788,4.53900,0.32900,-0.32900,2.2000e+01,2.300e+00,-2.300e+00,0.58,1.000e-01,-8.000e-02,1254.0,,,585.32,281.13,-188.06,8.00,3,q1_q17_dr24_tce,5888.00,105.00,-130.00,4.275,0.123,-0.123,1.2270,0.2140,-0.1700,287.371250,39.603569,12.400
2852941,K04298.02,,FALSE POSITIVE,FALSE POSITIVE,,0,1,0,0,11.579581620,,,135.5195336,,,,,,2.47000,,,,,,,,,,,,,,,,1,q1_q17_dr24_tce,,,,,,,,,,291.543430,38.048759,13.458
8773015,K04301.02,,CANDIDATE,CANDIDATE,0.9780,0,0,0,0,6.319159990,5.4980000e-05,-5.4980000e-05,134.1486600,6.940000e-03,-6.940000e-03,0.5750,0.4120,-0.3610,3.46500,0.23500,-0.23500,3.4400e+01,3.800e+00,-3.800e+00,1.04,2.100e-01,-3.200e-01,1369.0,,,829.72,513.88,-482.74,9.80,3,q1_q17_dr25_tce,6254.00,174.00,-212.00,4.019,0.266,-0.114,1.7060,0.3490,-0.5240,298.202610,44.925831,13.096
9883606,K04383.02,,CANDIDATE,CANDIDATE,0.8830,0,0,0,0,2.583938410,2.3790000e-05,-2.3790000e-05,131.8072900,7.660000e-03,-7.660000e-03,0.2290,0.2230,-0.2290,2.16900,0.29500,-0.29500,4.9400e+01,7.300e+00,-7.300e+00,0.77,2.500e-01,-1.000e-01,1470.0,,,1103.30,1036.91,-393.79,8.50,2,q1_q17_dr25_tce,6164.00,165.00,-220.00,4.378,0.090,-0.210,1.0900,0.3500,-0.1500,288.469090,46.783680,13.874
9597729,K04417.02,,FALSE POSITIVE,FALSE POSITIVE,0.1310,0,0,1,0,0.876305040,1.7290000e-06,-1.7290000e-06,131.9562200,1.670000e-03,-1.670000e-03,1.2070,3.6250,-0.1330,1.11000,0.09660,-0.09660,1.7090e+02,8.500e+00,-8.500e+00,22.24,6.660e+00,-2.220e+00,1911.0,,,3156.02,2767.26,-919.66,25.20,1,q1_q17_dr25_tce,6032.00,0.00,0.00,4.508,0.000,0.000,0.9290,0.2780,-0.0930,295.547550,46.287682,14.840
9836563,K04421.02,,CANDIDATE,CANDIDATE,0.9670,0,0,0,0,6.559536800,1.1680000e-04,-1.1680000e-04,132.0079000,1.750000e-02,-1.750000e-02,0.3780,0.0950,-0.3780,4.32400,0.68400,-0.68400,2.6300e+01,3.000e+00,-3.000e+00,0.62,1.200e-01,-8.000e-02,1079.0,,,320.09,160.41,-91.72,10.10,2,q1_q17_dr25_tce,5950.00,71.00,-83.00,4.323,0.096,-0.144,1.1960,0.2350,-0.1570,294.124880,46.672890,12.788
6508221,K00416.04,,CANDIDATE,CANDIDATE,,0,0,0,0,31.532298700,9.4210000e-04,-9.4210000e-04,160.3251000,2.150000e-02,-2.150000e-02,0.0671,0.4162,-0.0670,3.49000,1.20000,-1.20000,1.0640e+02,3.050e+01,-3.050e+01,0.74,7.000e-02,-2.000e-02,461.0,,,10.65,2.95,-1.55,7.80,4,q1_q17_dr24_tce,5183.00,106.00,-99.00,4.608,0.015,-0.015,0.7390,0.0630,-0.0290,286.865480,41.989079,14.290
9100953,K04500.03,,CANDIDATE,CANDIDATE,0.9780,0,0,0,0,14.751006800,1.8030000e-04,-1.8030000e-04,141.1622000,1.060000e-02,-1.060000e-02,0.7500,0.2270,-0.5220,2.25000,0.29500,-0.29500,3.8110e+02,4.620e+01,-4.620e+01,1.70,2.800e-01,-1.700e-01,629.0,,,36.94,20.70,-11.13,9.50,3,q1_q17_dr25_tce,5295.00,185.00,-185.00,4.548,0.052,-0.097,0.8000,0.1330,-0.0820,295.905030,45.405430,15.850
3830820,K06360.01,,FALSE POSITIVE,FALSE POSITIVE,0.0000,0,1,0,0,15.582794732,2.9850000e-06,-2.9850000e-06,135.1129030,1.680000e-04,-1.680000e-04,0.7590,0.0120,-0.0010,3.76683,0.00901,-0.00901,5.2760e+04,2.590e+02,-2.590e+02,14.00,4.400e-01,-6.600e-01,397.0,,,5.86,0.70,-0.82,439.30,1,q1_q17_dr25_tce,3849.00,50.00,-50.00,4.703,0.032,-0.012,0.5460,0.0170,-0.0260,284.620240,38.969501,15.368
3831523,K06361.01,,FALSE POSITIVE,FALSE POSITIVE,0.7750,1,0,0,0,1.529283907,,,131.4176092,,,0.9810,,,14.00750,,,5.4800e+01,,,2.26,4.700e-01,-1.100e+00,2550.0,,,9998.13,6311.03,-7708.88,41.50,1,q1_q17_dr25_tce,6438.00,181.00,-227.00,3.829,0.510,-0.120,2.2660,0.4720,-1.1010,284.890170,38.991505,11.268
3834364,K06362.01,,FALSE POSITIVE,FALSE POSITIVE,0.0000,0,1,0,0,2.908454772,8.9300000e-07,-8.9300000e-07,132.3156940,2.600000e-04,-2.600000e-04,1.1130,0.5050,-0.1860,2.60050,0.01860,-0.01860,6.4325e+04,2.790e+02,-2.790e+02,40.85,6.520e+00,-4.870e+00,1153.0,,,416.75,212.80,-129.84,252.80,1,q1_q17_dr25_tce,5631.00,166.00,-166.00,4.518,0.105,-0.105,0.7640,0.1220,-0.0910,286.072200,38.972229,14.661
3836413,K06363.01,,FALSE POSITIVE,FALSE POSITIVE,0.0000,0,1,1,1,1.540396094,3.9800000e-07,-3.9800000e-07,131.9961720,2.200000e-04,-2.200000e-04,1.0930,0.1530,-0.1020,2.80440,0.01120,-0.01120,5.5123e+04,1.820e+02,-1.820e+02,48.81,0.000e+00,0.000e+00,1576.0,,,1455.18,0.00,0.00,340.40,1,q1_q17_dr25_tce,5780.00,,,4.438,,,1.0000,,,286.940460,38.923927,13.760
3836439,K06364.01,,FALSE POSITIVE,FALSE POSITIVE,0.0000,0,1,0,1,1.540395674,1.2900000e-07,-1.2900000e-07,131.9963513,7.110000e-05,-7.110000e-05,1.0720,0.0350,-0.0210,2.80168,0.00385,-0.00385,7.0615e+04,8.300e+01,-8.300e+01,117.33,2.251e+01,-4.877e+01,2850.0,,,15595.35,9485.23,-11111.55,997.90,1,q1_q17_dr25_tce,7394.00,233.00,-311.00,3.897,0.375,-0.125,2.2830,0.4380,-0.9490,286.948430,38.928219,7.570
3838004,K06365.01,,FALSE POSITIVE,FALSE POSITIVE,0.0000,1,0,0,0,2.344138713,7.1810000e-06,-7.1810000e-06,131.5758900,2.580000e-03,-2.580000e-03,0.1040,0.4960,-0.1040,0.44950,0.09350,-0.09350,1.1080e+02,1.360e+01,-1.360e+01,2.43,9.600e-01,-1.450e+00,1797.0,,,2469.65,3029.55,-2116.38,8.60,1,q1_q17_dr25_tce,5313.00,175.00,-159.00,3.835,0.697,-0.232,2.0950,0.8350,-1.2530,287.557680,38.912231,13.419
3851134,K06366.01,,FALSE POSITIVE,FALSE POSITIVE,0.0000,1,0,0,1,0.918493330,1.1290000e-05,-1.1290000e-05,131.8481000,1.340000e-02,-1.340000e-02,0.2760,0.1810,-0.2760,2.39900,0.22900,-0.22900,5.8700e+01,5.600e+00,-5.600e+00,0.93,3.300e-01,-1.200e-01,2205.0,,,5576.70,5777.04,-1803.03,13.00,1,q1_q17_dr25_tce,6469.00,154.00,-212.00,4.385,0.056,-0.238,1.1930,0.4310,-0.1440,291.694270,38.986462,13.476
3851193,K06367.01,,FALSE POSITIVE,FALSE POSITIVE,0.0010,0,1,0,0,1.341078755,8.3000000e-08,-8.3000000e-08,131.8392432,5.200000e-05,-5.200000e-05,0.3090,0.0050,-0.0080,3.86492,0.00475,-0.00475,1.1215e+05,7.740e+01,-7.740e+01,41.80,1.365e+01,-5.830e+00,1968.0,,,3533.56,3333.25,-1243.05,1829.30,1,q1_q17_dr25_tce,6368.00,160.00,-208.00,4.323,0.105,-0.195,1.2250,0.4000,-0.1710,291.709630,38.921360,13.682
9595956,K07604.01,,FALSE POSITIVE,FALSE POSITIVE,,0,1,0,0,316.950146000,,,280.9211479,,,,,,5.33000,,,,,,,,,,,,,,,,1,q1_q17_dr24_tce,,,,,,,,,,294.912720,46.264839,16.923
9655792,K07605.01,,FALSE POSITIVE,FALSE POSITIVE,,1,0,0,0,589.748510000,1.7350000e-02,-1.7350000e-02,241.6495000,1.990000e-02,-1.990000e-02,0.3597,0.0717,-0.3594,12.74000,0.79800,-0.79800,4.6240e+02,4.750e+01,-4.750e+01,2.03,7.700e-01,-1.800e-01,217.0,,,0.53,0.58,-0.15,11.50,1,q1_q17_dr24_tce,6003.00,153.00,-193.00,4.507,0.040,-0.040,0.9320,0.3560,-0.0830,294.468600,46.341290,14.839
9970396,K07606.01,,FALSE POSITIVE,FALSE POSITIVE,,0,1,0,0,235.297617300,7.0620000e-04,-7.0620000e-04,219.4469600,1.520000e-03,-1.520000e-03,0.2758,0.0196,-0.0212,87.01300,0.17100,-0.17100,2.3053e+04,2.680e+01,-2.680e+01,82.92,4.769e+01,-2.959e+01,585.0,,,27.65,48.11,-17.28,210.70,1,q1_q17_dr24_tce,4894.00,123.00,-119.00,2.968,0.363,-0.363,5.5680,3.2020,-1.9870,298.709810,46.833031,11.447
10079420,K07607.01,,CANDIDATE,CANDIDATE,,0,0,0,0,54.543129960,,,169.8591463,,,,,,7.03000,,,,,,,,,,,,,,,,4,q1_q17_dr24_tce,,,,,,,,,,293.541410,47.007912,11.642
10253638,K07608.01,,FALSE POSITIVE,FALSE POSITIVE,0.0000,1,0,0,0,7.453929700,,,137.3319600,,,,,,14.21000,,,,,,,,,,,,520.65,952.40,-226.63,,1,q1_q17_dr25_tce,,,,,,,,,,281.638890,47.314121,13.272
10267121,K07609.01,,FALSE POSITIVE,FALSE POSITIVE,0.0000,1,0,0,0,36.136968000,1.7310000e-03,-1.7310000e-03,137.0578000,5.870000e-02,-5.870000e-02,0.2960,0.1660,-0.2960,15.42000,2.20000,-2.20000,1.5200e+02,1.370e+01,-1.370e+01,1.30,4.200e-01,-1.400e-01,600.0,,,30.69,28.83,-9.55,10.40,2,q1_q17_dr25_tce,6258.00,169.00,-225.00,4.442,0.054,-0.216,1.0460,0.3350,-0.1120,288.910460,47.396709,15.440
10341777,K07610.01,,FALSE POSITIVE,FALSE POSITIVE,0.0000,0,0,1,1,0.933746709,5.0920000e-06,-5.0920000e-06,132.4539000,5.640000e-03,-5.640000e-03,0.0570,0.4010,-0.0570,3.43500,0.16600,-0.16600,1.8600e+01,1.600e+00,-1.600e+00,0.36,8.000e-02,-3.000e-02,1893.0,,,3026.99,2045.31,-740.83,14.30,1,q1_q17_dr25_tce,6302.00,171.00,-190.00,4.535,0.058,-0.173,0.8150,0.1850,-0.0620,292.718170,47.469891,13.087
10407271,K07611.01,,FALSE POSITIVE,FALSE POSITIVE,0.0000,0,0,1,1,0.933767380,1.2010000e-05,-1.2010000e-05,132.4404000,1.370000e-02,-1.370000e-02,0.7140,0.0270,-0.5220,4.03600,0.28100,-0.28100,5.5400e+01,4.500e+00,-4.500e+00,0.63,1.100e-01,-7.000e-02,1678.0,,,1879.00,1119.20,-538.52,16.50,1,q1_q17_dr25_tce,5611.00,184.00,-151.00,4.530,0.080,-0.120,0.7870,0.1450,-0.0850,292.860780,47.574570,14.985
10471167,K07612.01,,FALSE POSITIVE,FALSE POSITIVE,0.0000,0,0,1,1,0.933740730,1.2730000e-05,-1.2730000e-05,131.5337000,1.310000e-02,-1.310000e-02,0.0090,0.4720,-0.0090,4.29600,0.64900,-0.64900,1.4760e+02,1.570e+01,-1.570e+01,0.84,6.000e-02,-8.000e-02,1371.0,,,831.95,283.86,-233.62,13.40,1,q1_q17_dr25_tce,4753.00,170.00,-170.00,4.585,0.050,-0.036,0.7170,0.0570,-0.0630,292.191890,47.690102,13.007
10471174,K07613.01,,FALSE POSITIVE,FALSE POSITIVE,0.0000,0,0,0,1,0.933696590,1.6820000e-05,-1.6820000e-05,131.5867000,1.630000e-02,-1.630000e-02,0.5700,0.4230,-0.3450,4.44400,0.36800,-0.36800,8.1400e+01,9.500e+00,-9.500e+00,0.78,2.100e-01,-7.000e-02,1680.0,,,1891.43,1502.87,-513.76,10.80,1,q1_q17_dr25_tce,5619.00,169.00,-186.00,4.558,0.033,-0.176,0.8380,0.2200,-0.0730,292.195830,47.661518,15.983
10471345,K07614.01,,FALSE POSITIVE,FALSE POSITIVE,0.0000,1,0,1,1,0.933747300,1.5170000e-05,-1.5170000e-05,132.4461000,1.600000e-02,-1.600000e-02,0.3850,0.0930,-0.3850,3.44600,0.60000,-0.60000,6.4600e+01,7.700e+00,-7.700e+00,0.60,1.200e-01,-4.000e-02,1625.0,,,1652.84,1048.05,-394.65,9.50,1,q1_q17_dr25_tce,5649.00,169.00,-169.00,4.606,0.036,-0.135,0.7410,0.1520,-0.0540,292.263210,47.643478,15.759
11296798,K07615.01,,FALSE POSITIVE,FALSE POSITIVE,,1,0,0,0,677.357940000,1.6400000e-02,-1.6400000e-02,234.6340000,2.480000e-02,-2.480000e-02,0.8359,0.0063,-0.5877,9.69800,0.76600,-0.76600,3.2240e+02,3.530e+01,-3.530e+01,7.12,1.640e+00,-2.950e+00,388.0,,,5.35,3.71,-3.77,11.20,2,q1_q17_dr24_tce,6335.00,177.00,-229.00,3.593,0.352,-0.352,3.5230,0.8150,-1.4600,291.769380,49.075165,10.808
11463950,K07616.01,,FALSE POSITIVE,FALSE POSITIVE,0.0000,1,0,0,0,4.055124200,3.6420000e-04,-3.6420000e-04,134.6871000,7.810000e-02,-7.810000e-02,0.0080,0.4750,-0.0080,12.00000,2.40000,-2.40000,1.4870e+02,1.740e+01,-1.740e+01,3.13,5.000e-01,-7.500e-01,2013.0,,,3887.31,1566.26,-1759.39,9.30,1,q1_q17_dr25_tce,7064.00,74.00,-95.00,3.888,0.182,-0.098,2.5310,0.4050,-0.6070,295.953830,49.374859,13.397
11559304,K07617.01,,CANDIDATE,CANDIDATE,,0,0,0,0,12.928455300,1.3780000e-04,-1.3780000e-04,137.1856400,9.500000e-03,-9.500000e-03,0.2446,0.2216,-0.2445,2.49000,0.26600,-0.26600,2.9790e+02,3.780e+01,-3.780e+01,0.64,1.100e-01,-1.200e-01,343.0,,,3.26,1.45,-1.28,8.20,1,q1_q17_dr24_tce,3578.00,63.00,-76.00,4.893,0.090,-0.090,0.3750,0.0600,-0.0700,291.976350,49.575771,15.720
11621897,K07618.01,,FALSE POSITIVE,FALSE POSITIVE,0.0000,1,0,0,0,21.681711500,5.2090000e-04,-5.2090000e-04,137.0090000,2.150000e-02,-2.150000e-02,0.2700,0.1680,-0.2700,7.18000,8.00000,-8.00000,7.3500e+01,1.550e+01,-1.550e+01,0.89,2.900e-01,-9.000e-02,713.0,,,60.99,58.04,-18.57,6.90,1,q1_q17_dr25_tce,6297.00,169.00,-206.00,4.448,0.054,-0.216,1.0310,0.3350,-0.1120,296.824550,49.684910,14.491
12253534,K07619.01,,FALSE POSITIVE,FALSE POSITIVE,,1,0,0,0,466.081010000,3.2120000e-02,-3.2120000e-02,166.4321000,9.900000e-02,-9.900000e-02,0.0964,0.3697,-0.0964,23.69000,2.40000,-2.40000,1.8010e+02,1.500e+01,-1.500e+01,2.13,1.070e+00,-6.300e-01,305.0,,,2.05,3.04,-1.15,14.10,1,q1_q17_dr24_tce,6098.00,153.00,-185.00,4.097,0.253,-0.253,1.5900,0.7920,-0.4690,288.666440,50.982529,12.159
12304202,K07620.01,,FALSE POSITIVE,FALSE POSITIVE,,1,0,0,0,0.665739030,,,131.6585795,,,,,,1.27000,,,,,,,,,,,,,,,,1,q1_q17_dr24_tce,,,,,,,,,,289.523190,51.069191,13.362
4735826,K03184.03,,CANDIDATE,CANDIDATE,1.0000,0,0,0,0,4.020189030,3.2590000e-05,-3.2590000e-05,134.8438700,7.440000e-03,-7.440000e-03,0.5050,0.4550,-0.3040,3.61600,0.18200,-0.18200,1.8500e+01,1.400e+00,-1.400e+00,0.60,1.100e-01,-1.100e-01,1337.0,,,754.66,360.31,-294.90,14.40,2,q1_q17_dr25_tce,5788.00,115.00,-115.00,4.178,0.176,-0.095,1.3760,0.2320,-0.2580,288.395290,39.872627,11.158
9291039,K03230.02,,FALSE POSITIVE,FALSE POSITIVE,0.0000,1,0,0,1,3.796383639,,,135.2015074,,,0.6490,,,8.67110,,,3.1100e+01,,,0.71,1.400e-01,-1.200e-01,1323.0,,,724.17,441.11,-277.64,24.50,3,q1_q17_dr25_tce,6017.00,163.00,-181.00,4.300,0.135,-0.135,1.2100,0.2450,-0.2000,295.719420,45.747559,12.239
10155321,K04422.02,,FALSE POSITIVE,FALSE POSITIVE,,1,0,0,0,0.710592390,6.5680000e-06,-6.5680000e-06,132.0846500,7.760000e-03,-7.760000e-03,0.9638,0.0121,-0.6667,4.92000,0.70100,-0.70100,2.8060e+02,9.630e+01,-9.630e+01,3.92,2.450e+00,-6.300e-01,3318.0,,,28640.03,57124.21,-11666.44,22.80,2,q1_q17_dr24_tce,7454.00,237.00,-310.00,4.107,0.097,-0.097,1.8530,1.1590,-0.3000,296.772710,47.158539,13.362
5003670,K04524.03,,CANDIDATE,CANDIDATE,0.9890,0,0,0,0,3.339309570,2.4980000e-05,-2.4980000e-05,134.1509800,5.460000e-03,-5.460000e-03,0.9340,0.0290,-0.7050,2.59700,0.16800,-0.16800,9.1300e+01,9.500e+00,-9.500e+00,1.20,1.800e-01,-9.000e-02,1205.0,,,498.37,193.59,-97.60,10.70,3,q1_q17_dr25_tce,5700.00,77.00,-77.00,4.434,0.063,-0.117,1.0060,0.1480,-0.0790,289.548400,40.164200,14.955
4953173,K04676.02,,FALSE POSITIVE,FALSE POSITIVE,0.0000,1,0,0,0,3.363792890,5.6320000e-05,-5.6320000e-05,132.9065000,1.380000e-02,-1.380000e-02,1.1590,0.1070,-0.1030,23.70000,1.00000,-1.00000,1.3630e+02,4.700e+00,-4.700e+00,44.77,9.420e+00,-2.359e+01,1840.0,,,2712.28,1866.76,-2187.76,36.90,1,q1_q17_dr25_tce,5947.00,214.00,-214.00,3.814,0.504,-0.126,2.4070,0.5070,-1.2680,298.743350,40.072140,13.931
8973285,K04782.02,,CANDIDATE,CANDIDATE,0.8050,0,0,0,0,4.292516560,5.3140000e-05,-5.3140000e-05,134.4818000,1.150000e-02,-1.150000e-02,1.0070,7.2140,-0.5450,4.25400,0.45900,-0.45900,2.4950e+02,2.750e+01,-2.750e+01,3.66,1.130e+00,-3.700e-01,1144.0,,,403.88,378.26,-125.96,11.00,1,q1_q17_dr25_tce,6032.00,189.00,-232.00,4.485,0.052,-0.208,0.9730,0.3000,-0.1000,297.948700,45.255039,15.850
2861126,K04957.02,,CANDIDATE,CANDIDATE,0.9970,0,0,0,0,4.987924040,3.2570000e-05,-3.2570000e-05,133.6552000,6.100000e-03,-6.100000e-03,0.0690,0.3820,-0.0690,1.61800,0.15600,-0.15600,3.4620e+02,3.950e+01,-3.950e+01,0.73,6.000e-02,-8.000e-02,485.0,,,13.07,3.50,-3.55,9.70,1,q1_q17_dr25_tce,3606.00,57.00,-72.00,4.859,0.045,-0.036,0.3950,0.0360,-0.0440,293.281100,38.082241,15.555
6363560,K05270.02,,FALSE POSITIVE,FALSE POSITIVE,0.0000,0,0,0,1,0.907818056,5.9910000e-06,-5.9910000e-06,131.9160800,7.380000e-03,-7.380000e-03,0.0370,0.4170,-0.0370,1.67900,0.18400,-0.18400,2.9500e+01,2.600e+00,-2.600e+00,0.55,1.900e-01,-6.000e-02,2012.0,,,3871.99,3667.54,-1194.87,13.20,1,q1_q17_dr25_tce,6210.00,150.00,-206.00,4.456,0.056,-0.210,1.0140,0.3350,-0.1120,291.653500,41.741772,13.532
7539174,K05397.02,,FALSE POSITIVE,FALSE POSITIVE,,1,0,0,0,297.714020000,1.0480000e-02,-1.0480000e-02,315.5437000,1.610000e-02,-1.610000e-02,0.8328,0.0482,-0.5650,13.41300,0.54600,-0.54600,1.3745e+03,9.070e+01,-9.070e+01,45.69,5.880e+00,-1.092e+01,706.0,,,58.76,20.54,-28.42,16.30,1,q1_q17_dr24_tce,4916.00,71.00,-139.00,2.572,0.030,-0.030,10.8010,1.3920,-2.5810,295.001530,43.171341,12.218
7935997,K05447.02,Kepler-1629 b,CONFIRMED,CANDIDATE,0.0000,0,0,0,0,3.875943160,2.6650000e-05,-2.6650000e-05,134.8475800,6.850000e-03,-6.850000e-03,0.0250,0.4430,-0.0250,2.31400,0.25400,-0.25400,5.8600e+01,5.100e+00,-5.100e+00,0.68,9.000e-02,-3.000e-02,1081.0,,,323.21,117.17,-40.89,14.20,1,q1_q17_dr25_tce,5713.00,68.00,-85.00,4.541,0.013,-0.117,0.8930,0.1250,-0.0330,280.206600,43.774288,12.750
8105398,K05475.02,,CANDIDATE,CANDIDATE,0.9810,0,0,0,0,5.683256480,3.7490000e-05,-3.7490000e-05,134.8769800,5.990000e-03,-5.990000e-03,0.8440,0.1200,-0.6200,1.77800,0.16300,-0.16300,4.4600e+01,5.300e+00,-5.300e+00,0.97,1.900e-01,-2.900e-01,1257.0,,,589.92,354.24,-324.43,10.00,2,q1_q17_dr25_tce,6072.00,167.00,-137.00,4.133,0.301,-0.129,1.2860,0.2550,-0.3830,294.494870,43.913620,13.093
10535708,K05801.02,,FALSE POSITIVE,FALSE POSITIVE,0.0000,0,0,0,1,0.933737610,1.3380000e-05,-1.3380000e-05,131.5300000,1.340000e-02,-1.340000e-02,0.0410,0.4250,-0.0410,3.30300,0.44500,-0.44500,5.8700e+01,7.100e+00,-7.100e+00,1.00,1.600e-01,-2.200e-01,2073.0,,,4359.29,1824.78,-1807.77,9.70,1,q1_q17_dr25_tce,5534.00,83.00,-71.00,4.170,0.201,-0.108,1.3260,0.2070,-0.2850,292.114470,47.729462,15.609
11453930,K05900.02,,FALSE POSITIVE,FALSE POSITIVE,,1,0,0,0,0.687739345,1.5290000e-06,-1.5290000e-06,131.7399900,1.750000e-03,-1.750000e-03,0.4062,0.3387,-0.3037,0.18660,0.07290,-0.07290,3.7600e+01,4.500e+00,-4.500e+00,1.53,9.300e-01,-3.000e-01,2837.0,,,15318.29,28671.86,-6681.93,11.00,1,q1_q17_dr24_tce,6823.00,165.00,-242.00,4.212,0.121,-0.121,1.4930,0.9190,-0.2880,291.145320,49.365318,13.127
4737267,K06117.01,,FALSE POSITIVE,FALSE POSITIVE,0.0000,0,1,0,0,9.524076544,1.4510000e-06,-1.4510000e-06,134.8038050,1.250000e-04,-1.250000e-04,0.3130,0.0050,-0.0020,10.48910,0.00858,-0.00858,1.9840e+05,1.290e+02,-1.290e+02,151.00,2.872e+01,-2.584e+01,1390.0,,,882.28,428.35,-309.18,1942.50,1,q1_q17_dr25_tce,5180.00,62.00,-72.00,3.428,0.130,-0.130,3.3710,0.6410,-0.5770,288.915310,39.804981,15.145
5955321,K06140.01,,FALSE POSITIVE,FALSE POSITIVE,0.0000,1,0,0,0,11.637858887,1.4850000e-06,-1.4850000e-06,136.8855170,1.070000e-04,-1.070000e-04,0.4730,0.0040,-0.0020,11.88510,0.00605,-0.00605,4.2795e+05,1.960e+02,-1.960e+02,77.01,2.467e+01,-8.810e+00,895.0,,,151.54,143.16,-49.76,2637.00,1,q1_q17_dr25_tce,6360.00,176.00,-242.00,4.433,0.067,-0.216,1.0580,0.3390,-0.1210,290.182710,41.216640,15.385
6182093,K06143.02,,FALSE POSITIVE,FALSE POSITIVE,,0,1,0,0,50.900813000,,,150.3144650,,,,,,3.30000,,,,,,,,,,,,,,,,3,q1_q17_dr24_tce,,,,,,,,,,282.719910,41.519379,9.666
4758350,K06447.02,,CANDIDATE,CANDIDATE,,0,0,0,0,91.649983000,3.1810000e-03,-3.1810000e-03,175.7156000,2.860000e-02,-2.860000e-02,0.2136,0.2282,-0.2135,10.29400,0.93900,-0.93900,1.9360e+02,2.390e+01,-2.390e+01,2.27,1.270e+00,-5.400e-01,568.0,,,24.57,41.53,-12.19,8.70,2,q1_q17_dr24_tce,6705.00,164.00,-233.00,4.145,0.164,-0.164,1.6080,0.9050,-0.3830,294.931980,39.812420,12.964
4862625,K06464.03,,CANDIDATE,CANDIDATE,0.0000,0,0,0,0,541.742985000,6.8390000e-03,-6.8390000e-03,374.4585400,9.410000e-03,-9.410000e-03,0.0410,0.5240,-0.0410,10.47000,0.44300,-0.44300,1.0386e+03,2.050e+01,-2.050e+01,3.39,9.700e-01,-3.400e-01,248.0,,,0.90,0.73,-0.26,25.90,3,q1_q17_dr25_tce,6373.00,151.00,-189.00,4.438,0.062,-0.188,1.0470,0.2980,-0.1060,298.215090,39.955101,13.718
10621666,K01636.02,,FALSE POSITIVE,FALSE POSITIVE,,0,1,1,0,14.586219500,3.0040000e-04,-3.0040000e-04,135.2746000,1.770000e-02,-1.770000e-02,0.0133,0.4327,-0.0133,2.73300,0.81700,-0.81700,2.0220e+02,3.210e+01,-3.210e+01,1.17,5.100e-01,-9.000e-02,702.0,,,57.32,74.96,-13.38,9.30,2,q1_q17_dr24_tce,5904.00,166.00,-158.00,4.565,0.031,-0.031,0.8190,0.3580,-0.0620,299.066930,47.895191,14.598
5211470,K06541.02,,FALSE POSITIVE,FALSE POSITIVE,0.0000,0,1,1,0,0.938074536,1.6620000e-06,-1.6620000e-06,132.2698400,1.550000e-03,-1.550000e-03,1.1960,3.5160,-0.1080,1.96180,0.08630,-0.08630,5.7590e+02,1.990e+01,-1.990e+01,417.01,9.656e+01,-1.793e+02,5718.0,,,251840.36,169644.02,-177874.17,36.10,2,q1_q17_dr25_tce,4697.00,117.00,-117.00,2.204,0.331,-0.178,17.0320,3.9440,-7.3240,297.708470,40.307590,13.094
6665064,K06751.02,,FALSE POSITIVE,FALSE POSITIVE,0.0000,0,1,1,0,0.698359996,9.3090000e-06,-9.3090000e-06,131.7023000,1.570000e-03,-1.570000e-03,1.2470,4.3160,-0.1490,1.49590,0.08840,-0.08840,7.7410e+02,3.670e+01,-3.670e+01,28.97,4.330e+00,-1.450e+00,1990.0,,,3702.25,1460.82,-539.67,26.10,1,q1_q17_dr25_tce,5761.00,78.00,-78.00,4.492,0.022,-0.120,0.9560,0.1430,-0.0480,281.649990,42.132061,15.183
3123418,K07542.01,,FALSE POSITIVE,FALSE POSITIVE,,1,0,0,0,563.948540000,1.8210000e-02,-1.8210000e-02,145.5541000,1.530000e-02,-1.530000e-02,0.0504,0.3628,-0.0504,15.63100,0.81600,-0.81600,8.7290e+02,6.700e+01,-6.700e+01,2.55,1.100e+00,-1.900e-01,209.0,,,0.45,0.58,-0.10,16.30,1,q1_q17_dr24_tce,5853.00,158.00,-166.00,4.544,0.028,-0.028,0.8680,0.3720,-0.0670,293.025450,38.213261,14.574
3458687,K07543.01,,FALSE POSITIVE,FALSE POSITIVE,0.0000,1,0,0,0,0.983762040,1.5000000e-05,-1.5000000e-05,132.2841800,9.140000e-03,-9.140000e-03,1.0100,0.0800,-0.0250,10.05200,0.84000,-0.84000,5.5000e+01,5.800e+00,-5.800e+00,12.44,6.900e-01,-6.570e+00,4203.0,,,73867.88,17596.44,-59464.39,25.20,1,q1_q17_dr25_tce,6431.00,172.00,-211.00,3.276,0.468,-0.052,5.2940,0.2940,-2.7950,295.087740,38.562061,12.745
3749508,K07544.01,,FALSE POSITIVE,FALSE POSITIVE,0.0000,1,0,0,0,2.403704619,,,131.5641527,,,1.0070,,,0.89270,,,1.1060e+02,,,27.04,5.110e+00,-1.534e+01,3903.0,,,54903.00,30341.52,-45896.06,1.40,2,q1_q17_dr25_tce,6244.00,148.00,-204.00,2.897,0.512,-0.096,10.1050,1.9100,-5.7310,292.105900,38.836220,13.151
3955867,K07545.01,,FALSE POSITIVE,FALSE POSITIVE,0.0000,0,1,0,0,33.657668940,7.3650000e-05,-7.3650000e-05,178.4851800,1.500000e-03,-1.500000e-03,0.3060,0.0370,-0.0550,40.78700,0.13900,-0.13900,1.5380e+04,3.460e+01,-3.460e+01,78.44,2.168e+01,-1.000e+01,1211.0,,,508.66,370.26,-141.17,519.20,1,q1_q17_dr25_tce,4774.00,71.00,-62.00,2.759,0.128,-0.176,6.4470,1.7810,-0.8220,291.930080,39.072079,13.547
3965201,K07546.01,,CANDIDATE,CANDIDATE,,0,0,0,0,44.113873000,1.4490000e-03,-1.4490000e-03,164.8337000,2.540000e-02,-2.540000e-02,0.0320,0.4190,-0.0320,3.95600,0.84200,-0.84200,1.9630e+02,3.100e+01,-3.100e+01,4.90,8.800e-01,-1.620e+00,1158.0,,,424.45,238.17,-262.15,6.60,4,q1_q17_dr24_tce,7854.00,227.00,-311.00,3.669,0.258,-0.258,3.4620,0.6240,-1.1410,294.310640,39.049702,12.667
4074294,K07547.01,,FALSE POSITIVE,FALSE POSITIVE,0.0000,1,0,1,0,0.892988877,2.0160000e-06,-2.0160000e-06,131.5630300,1.780000e-03,-1.780000e-03,0.7100,0.2250,-0.4320,2.44280,0.07380,-0.07380,8.5000e+01,2.400e+00,-2.400e+00,2.94,3.900e-01,-1.170e+00,3285.0,,,27545.43,11821.51,-18481.58,43.80,1,q1_q17_dr25_tce,6228.00,171.00,-152.00,3.668,0.320,-0.080,2.9750,0.3940,-1.1820,295.722750,39.183449,13.013
4380560,K07548.01,,FALSE POSITIVE,FALSE POSITIVE,0.0000,1,0,1,1,0.705816203,6.2570000e-06,-6.2570000e-06,131.9449900,8.210000e-03,-8.210000e-03,1.1330,0.1180,-0.1150,5.55000,1.00000,-1.00000,1.4900e+02,2.260e+02,-2.260e+02,15.33,4.830e+00,-1.600e+00,2109.0,,,4650.24,4435.49,-1456.78,19.60,1,q1_q17_dr25_tce,6106.00,190.00,-232.00,4.487,0.052,-0.208,0.9660,0.3040,-0.1010,295.381500,39.453732,15.062
4384652,K07549.01,,FALSE POSITIVE,FALSE POSITIVE,,0,1,0,1,374.516480000,1.4540000e-03,-1.4540000e-03,430.9252400,2.500000e-03,-2.500000e-03,0.0139,0.2240,-0.0139,6.08800,0.30400,-0.30400,9.0742e+05,4.298e+04,-4.298e+04,73.10,2.293e+01,-4.110e+00,220.0,,,0.55,0.52,-0.11,105.80,1,q1_q17_dr24_tce,5714.00,179.00,-140.00,4.627,0.026,-0.026,0.7110,0.2230,-0.0400,296.177120,39.439419,13.967
7697568,K01829.02,,FALSE POSITIVE,FALSE POSITIVE,,0,1,1,0,10.348211200,1.0130000e-04,-1.0130000e-04,136.6376300,7.100000e-03,-7.100000e-03,0.0930,0.3991,-0.0930,2.08900,0.56100,-0.56100,2.5510e+02,8.820e+01,-8.820e+01,1.29,4.700e-01,-1.100e-01,724.0,,,64.97,73.01,-16.14,8.40,2,q1_q17_dr24_tce,5383.00,184.00,-150.00,4.543,0.038,-0.038,0.8220,0.2980,-0.0680,296.522430,43.363369,15.911
4483235,K07550.01,,FALSE POSITIVE,FALSE POSITIVE,0.0000,1,0,0,0,1.760927600,1.5970000e-05,-1.5970000e-05,132.3026300,9.010000e-03,-9.010000e-03,0.2900,0.1940,-0.2900,5.18900,0.21100,-0.21100,5.7300e+01,2.600e+00,-2.600e+00,1.53,5.300e-01,-2.700e-01,2860.0,,,15818.72,16464.82,-6996.05,26.10,1,q1_q17_dr25_tce,8784.00,246.00,-422.00,4.156,0.098,-0.182,1.9670,0.6920,-0.3460,296.233890,39.560089,13.505
4662363,K07551.01,,FALSE POSITIVE,FALSE POSITIVE,,1,0,0,0,321.241942840,,,451.2907139,,,,,,10.16000,,,,,,,,,,,,,,,,1,q1_q17_dr24_tce,,,,,,,,,,293.878050,39.789089,13.964
4680745,K07552.01,,FALSE POSITIVE,FALSE POSITIVE,,1,0,0,0,1.463148937,9.2670000e-06,-9.2670000e-06,132.3480200,3.650000e-03,-3.650000e-03,1.0653,0.0302,-0.0666,11.04000,1.70000,-1.70000,1.6800e+02,3.400e+00,-3.400e+00,15.82,6.510e+00,-5.320e+00,2371.0,,,7470.01,8940.00,-4549.92,66.60,1,q1_q17_dr24_tce,6525.00,161.00,-192.00,3.993,0.288,-0.288,1.8050,0.7430,-0.6070,297.773710,39.739441,11.614
4851195,K07553.01,,FALSE POSITIVE,FALSE POSITIVE,,1,0,0,1,374.514471000,1.8120000e-03,-1.8120000e-03,430.9225800,3.400000e-03,-3.400000e-03,1.0492,6.2480,-0.4359,6.62900,0.21100,-0.21100,4.4052e+05,1.783e+04,-1.783e+04,139.55,7.249e+01,-1.728e+01,295.0,,,1.79,2.79,-0.64,130.30,1,q1_q17_dr24_tce,6446.00,165.00,-277.00,4.381,0.071,-0.071,1.1550,0.6000,-0.1430,295.829410,39.912182,14.505
4862924,K07554.01,,CANDIDATE,CANDIDATE,,0,0,0,0,482.620110000,3.1270000e-02,-3.1270000e-02,314.0653000,3.870000e-02,-3.870000e-02,0.1786,0.2704,-0.1786,12.86000,1.30000,-1.30000,3.2400e+02,4.610e+01,-4.610e+01,1.98,1.020e+00,-2.100e-01,263.0,,,1.12,1.72,-0.34,8.10,1,q1_q17_dr24_tce,6315.00,167.00,-217.00,4.389,0.071,-0.071,1.0950,0.5580,-0.1170,298.276730,39.903851,14.519
5024414,K07555.01,,FALSE POSITIVE,FALSE POSITIVE,0.0000,0,0,1,1,1.525924746,9.9650000e-06,-9.9650000e-06,132.6925800,6.130000e-03,-6.130000e-03,0.2080,0.2380,-0.2080,1.95500,0.19400,-0.19400,7.4100e+01,7.500e+00,-7.500e+00,8.86,5.100e-01,-2.860e+00,3786.0,,,48691.77,8384.28,-28645.43,11.90,1,q1_q17_dr25_tce,5000.00,60.00,-130.00,2.810,0.030,-0.030,10.5330,0.6020,-3.4090,295.316380,40.186520,12.705
5177065,K07556.01,,FALSE POSITIVE,FALSE POSITIVE,,1,0,0,0,1.253831620,5.4040000e-05,-5.4040000e-05,132.6237000,3.680000e-02,-3.680000e-02,0.2204,0.2742,-0.2202,7.68000,1.70000,-1.70000,1.2900e+01,2.200e+00,-2.200e+00,0.47,2.700e-01,-8.000e-02,2109.0,,,4677.63,7978.37,-1869.42,9.70,3,q1_q17_dr24_tce,6472.00,150.00,-195.00,4.271,0.126,-0.126,1.2990,0.7420,-0.2290,288.811370,40.361938,12.005
5268955,K07557.01,,FALSE POSITIVE,FALSE POSITIVE,0.0000,1,0,0,0,12.822524960,9.8560000e-05,-9.8560000e-05,137.3868282,1.310000e-02,-1.310000e-02,0.7060,0.2380,-0.5720,18.80000,2.30000,-2.30000,1.9268e+04,3.722e+03,-3.722e+03,20.12,4.420e+00,-4.870e+00,915.0,,,165.54,106.25,-80.45,13.70,1,q1_q17_dr25_tce,5845.00,146.00,-161.00,4.178,0.210,-0.210,1.3520,0.2970,-0.3270,289.960630,40.479839,11.863
5271090,K07558.01,,CANDIDATE,CANDIDATE,,0,0,0,0,10.155158700,1.4990000e-04,-1.4990000e-04,139.2920000,1.090000e-02,-1.090000e-02,0.2256,0.2843,-0.2254,1.80200,0.38900,-0.38900,1.4160e+02,4.590e+01,-4.590e+01,0.94,4.200e-01,-1.100e-01,721.0,,,63.73,90.03,-18.59,6.80,1,q1_q17_dr24_tce,5275.00,185.00,-144.00,4.505,0.083,-0.083,0.7960,0.3580,-0.0880,290.566740,40.449902,15.413
5444276,K07559.01,,CANDIDATE,CANDIDATE,,0,0,0,0,0.708965461,8.7030000e-06,-8.7030000e-06,132.2098800,9.860000e-03,-9.860000e-03,0.6201,0.3426,-0.3945,3.94600,0.50700,-0.50700,8.7200e+01,8.500e+00,-8.500e+00,1.13,6.000e-01,-1.300e-01,2417.0,,,8061.29,12686.44,-2526.35,13.10,1,q1_q17_dr24_tce,6528.00,155.00,-217.00,4.384,0.063,-0.063,1.1550,0.6130,-0.1310,290.485530,40.630699,12.798
5598645,K07560.01,,FALSE POSITIVE,FALSE POSITIVE,0.0000,0,0,1,1,0.648772102,4.2250000e-06,-4.2250000e-06,131.7450300,5.110000e-03,-5.110000e-03,0.3680,0.1160,-0.3680,2.61400,0.16800,-0.16800,3.1100e+01,2.500e+00,-2.500e+00,2.60,4.800e-01,-6.400e-01,3758.0,,,47393.05,22372.84,-21954.52,15.00,1,q1_q17_dr25_tce,4973.00,59.00,-69.00,3.208,0.174,-0.116,4.7080,0.8710,-1.1610,283.780030,40.818779,11.693
5696518,K07561.01,,FALSE POSITIVE,FALSE POSITIVE,,1,0,0,0,0.963919960,,,132.3687769,,,,,,3.01000,,,,,,,,,,,,,,,,1,q1_q17_dr24_tce,,,,,,,,,,288.929080,40.917622,14.002
5878506,K07562.01,,CANDIDATE,CANDIDATE,,0,0,0,0,11.768725070,,,137.1077498,,,,,,1.11000,,,,,,,,,,,,,,,,1,q1_q17_dr24_tce,,,,,,,,,,292.525300,41.197231,15.327
5908086,K07563.01,,FALSE POSITIVE,FALSE POSITIVE,0.0000,1,0,0,0,0.937051320,1.3170000e-05,-1.3170000e-05,132.0238000,1.110000e-02,-1.110000e-02,0.7730,0.0650,-0.5410,4.80800,0.35800,-0.35800,5.1500e+01,3.800e+00,-3.800e+00,6.09,1.190e+00,-3.330e+00,5094.0,,,159426.96,90900.55,-130414.53,17.30,1,q1_q17_dr25_tce,6691.00,160.00,-200.00,3.088,0.586,-0.103,7.7810,1.5190,-4.2540,299.649960,41.113209,11.674
6307243,K07564.01,,FALSE POSITIVE,FALSE POSITIVE,,1,0,0,0,451.865790000,2.2030000e-02,-2.2030000e-02,254.8061000,3.250000e-02,-3.250000e-02,0.3790,0.0921,-0.3789,13.47000,0.91100,-0.91100,8.0000e+01,8.500e+00,-8.500e+00,1.85,8.600e-01,-3.900e-01,464.0,,,10.97,15.56,-5.28,12.00,1,q1_q17_dr24_tce,9024.00,276.00,-398.00,4.154,0.119,-0.119,2.0050,0.9300,-0.4250,297.679260,41.613731,11.020
6350522,K07565.01,,FALSE POSITIVE,FALSE POSITIVE,,1,0,0,0,491.525710000,5.1310000e-02,-5.1310000e-02,248.9249000,6.170000e-02,-6.170000e-02,0.4713,0.4989,-0.2757,12.43000,2.20000,-2.20000,4.5730e+02,7.890e+01,-7.890e+01,1.43,1.300e-01,-1.400e-01,159.0,,,0.15,0.06,-0.04,8.80,1,q1_q17_dr24_tce,4541.00,176.00,-160.00,4.608,0.048,-0.048,0.6690,0.0600,-0.0640,286.887570,41.755470,15.043
6385302,K07566.01,,FALSE POSITIVE,FALSE POSITIVE,,1,0,0,0,411.540396440,,,185.3539220,,,,,,17.33000,,,,,,,,,,,,,,,,1,q1_q17_dr24_tce,,,,,,,,,,297.557070,41.785770,15.352
6443274,K07567.01,,CANDIDATE,CANDIDATE,,0,0,0,0,608.205720000,2.6160000e-02,-2.6160000e-02,160.7147000,3.410000e-02,-3.410000e-02,0.0082,0.4535,-0.0079,13.63000,1.50000,-1.50000,5.5420e+02,6.940e+01,-6.940e+01,1.46,1.300e-01,-1.300e-01,143.0,,,0.10,0.03,-0.03,11.30,1,q1_q17_dr24_tce,4486.00,132.00,-127.00,4.642,0.040,-0.040,0.6460,0.0590,-0.0570,291.954380,41.826969,15.059
6508734,K07568.01,,FALSE POSITIVE,FALSE POSITIVE,,1,0,0,0,480.037590000,3.7250000e-02,-3.7250000e-02,318.4745000,3.770000e-02,-3.770000e-02,0.2596,0.1759,-0.2596,16.25000,1.80000,-1.80000,7.1740e+02,9.130e+01,-9.130e+01,1.14,1.600e-01,-1.300e-01,109.0,,,0.03,0.02,-0.01,9.00,1,q1_q17_dr24_tce,3622.00,59.00,-50.00,4.826,0.060,-0.060,0.4300,0.0600,-0.0500,287.084380,41.954060,15.644
6527050,K07569.01,,FALSE POSITIVE,FALSE POSITIVE,,1,0,0,0,0.879851970,,,131.7662713,,,,,,1.30000,,,,,,,,,,,,,,,,1,q1_q17_dr24_tce,,,,,,,,,,293.282900,41.969261,15.867
5602588,K02369.03,,CANDIDATE,CANDIDATE,0.9680,0,0,0,0,7.227432100,1.4780000e-04,-1.4780000e-04,134.4726000,1.770000e-02,-1.770000e-02,0.0030,0.4390,-0.0030,4.96700,0.41000,-0.41000,1.7330e+02,2.080e+01,-2.080e+01,1.28,3.900e-01,-1.400e-01,967.0,,,206.77,188.74,-62.30,9.20,2,q1_q17_dr25_tce,6075.00,168.00,-210.00,4.486,0.052,-0.208,0.9690,0.3000,-0.1000,285.720790,40.856960,15.832
6590362,K07570.01,,FALSE POSITIVE,FALSE POSITIVE,0.0000,1,0,1,0,0.592618966,1.6420000e-06,-1.6420000e-06,132.0989200,2.380000e-03,-2.380000e-03,0.0830,0.3720,-0.0830,0.81100,0.11200,-0.11200,9.1400e+01,9.100e+00,-9.100e+00,0.86,2.600e-01,-9.000e-02,2103.0,,,4626.58,4221.60,-1286.95,14.90,1,q1_q17_dr25_tce,5926.00,160.00,-178.00,4.532,0.039,-0.221,0.8870,0.2760,-0.0860,286.451260,42.012489,14.973
6628740,K07571.01,,FALSE POSITIVE,FALSE POSITIVE,0.0000,1,0,0,0,0.532854237,2.9030000e-06,-2.9030000e-06,131.9375400,4.950000e-03,-4.950000e-03,0.6180,0.0050,-0.5250,3.23100,0.18300,-0.18300,5.0900e+01,2.500e+00,-2.500e+00,1.21,3.200e-01,-4.000e-01,3042.0,,,20292.47,16267.15,-12401.84,27.90,1,q1_q17_dr25_tce,6266.00,175.00,-219.00,4.067,0.322,-0.161,1.6130,0.4360,-0.5330,297.580780,42.061459,13.644
6876575,K07572.01,,CANDIDATE,CANDIDATE,,0,0,0,0,91.069934000,7.1070000e-03,-7.1070000e-03,196.3910000,1.020000e-01,-1.020000e-01,0.5939,0.0065,-0.4992,17.33000,3.00000,-3.00000,1.2700e+01,1.900e+00,-1.900e+00,1.59,3.400e-01,-5.700e-01,1103.0,,,349.47,237.60,-228.61,8.70,3,q1_q17_dr24_tce,9051.00,298.00,-379.00,3.623,0.305,-0.305,4.2320,0.9090,-1.5210,295.513340,42.318790,9.748
7031126,K07573.01,,FALSE POSITIVE,FALSE POSITIVE,0.0000,1,0,1,1,0.566802672,5.2970000e-06,-5.2970000e-06,131.8151100,8.690000e-03,-8.690000e-03,0.1280,0.3880,-0.1280,3.54500,0.25300,-0.25300,3.1700e+01,6.600e+00,-6.600e+00,1.08,7.200e-01,-7.100e-01,2791.0,,,14458.31,30456.90,-12972.84,14.30,1,q1_q17_dr25_tce,5102.00,153.00,-138.00,3.787,0.819,-0.351,1.9610,1.2970,-1.2970,290.985840,42.595551,13.945
7031208,K07574.01,,FALSE POSITIVE,FALSE POSITIVE,0.0000,1,0,0,1,0.566796331,6.3390000e-06,-6.3390000e-06,131.8335000,1.060000e-02,-1.060000e-02,0.9810,0.0130,-0.5640,5.19400,0.44600,-0.44600,1.1480e+02,1.360e+01,-1.360e+01,1.50,4.900e-01,-1.600e-01,2411.0,,,7979.99,7851.11,-2551.64,33.30,1,q1_q17_dr25_tce,6319.00,197.00,-241.00,4.447,0.054,-0.216,1.0320,0.3350,-0.1120,291.011600,42.553822,15.322
7031742,K07575.01,,FALSE POSITIVE,FALSE POSITIVE,0.0000,1,0,1,1,0.566785459,6.1280000e-06,-6.1280000e-06,131.8299800,7.920000e-03,-7.920000e-03,0.5880,0.0300,-0.4880,2.89300,0.40700,-0.40700,6.3800e+01,5.100e+00,-5.100e+00,0.84,2.600e-01,-9.000e-02,2280.0,,,6410.46,6116.20,-2077.95,16.50,1,q1_q17_dr25_tce,6063.00,190.00,-253.00,4.476,0.052,-0.208,1.0120,0.3180,-0.1060,291.193050,42.556541,15.329
7032568,K07576.01,,FALSE POSITIVE,FALSE POSITIVE,0.0000,1,0,1,1,0.566792936,7.8910000e-06,-7.8910000e-06,131.8166000,1.020000e-02,-1.020000e-02,0.4670,0.4950,-0.2440,2.84600,0.40400,-0.40400,2.3000e+01,2.100e+00,-2.100e+00,0.79,2.100e-01,-3.000e-01,3114.0,,,22251.32,16932.14,-14943.05,14.30,1,q1_q17_dr25_tce,6432.00,175.00,-214.00,4.018,0.385,-0.165,1.6030,0.4130,-0.6200,291.460330,42.581261,13.831
7032687,K07577.01,,FALSE POSITIVE,FALSE POSITIVE,0.0000,1,0,1,1,0.566800400,5.7620000e-06,-5.7620000e-06,131.8199700,7.750000e-03,-7.750000e-03,0.5930,0.0240,-0.4990,3.81300,0.25600,-0.25600,9.3200e+01,7.600e+00,-7.600e+00,0.88,2.800e-01,-9.000e-02,2222.0,,,5739.87,5550.77,-1758.70,18.30,1,q1_q17_dr25_tce,6215.00,197.00,-241.00,4.543,0.039,-0.221,0.8720,0.2770,-0.0860,291.494870,42.533310,15.770
7115384,K07578.01,,FALSE POSITIVE,FALSE POSITIVE,,1,0,0,1,0.566793614,1.9980000e-06,-1.9980000e-06,131.6537600,3.470000e-03,-3.470000e-03,0.9476,0.0072,-0.0119,5.72300,0.21900,-0.21900,3.1400e+01,7.000e-01,-7.000e-01,21.63,1.280e+01,-3.370e+00,7584.0,,,781981.98,1474755.93,-280320.15,79.80,1,q1_q17_dr24_tce,3789.00,125.00,-99.00,1.549,0.160,-0.160,27.3840,16.2120,-4.2580,291.032260,42.650471,10.628
7116282,K07579.01,,FALSE POSITIVE,FALSE POSITIVE,0.0000,1,0,1,1,0.566798676,6.4460000e-06,-6.4460000e-06,131.8142200,8.380000e-03,-8.380000e-03,0.0100,0.4850,-0.0100,2.77700,0.27400,-0.27400,5.9900e+01,6.000e+00,-6.000e+00,0.68,1.600e-01,-1.100e-01,2051.0,,,4160.07,2969.06,-1571.48,12.80,1,q1_q17_dr25_tce,5490.00,166.00,-166.00,4.436,0.140,-0.171,0.8870,0.2070,-0.1430,291.328400,42.643028,15.591
7116859,K07580.01,,FALSE POSITIVE,FALSE POSITIVE,0.0000,1,0,0,1,0.566763800,1.7790000e-05,-1.7790000e-05,131.8674000,3.090000e-02,-3.090000e-02,0.1580,0.3380,-0.1580,1.73000,1.00000,-1.00000,6.4500e+01,1.160e+01,-1.160e+01,0.75,2.100e-01,-1.100e-01,2178.0,,,5335.09,4427.99,-1944.65,2.40,1,q1_q17_dr25_tce,5766.00,172.00,-189.00,4.433,0.116,-0.188,0.9400,0.2590,-0.1390,291.497250,42.618191,15.163
7133286,K07581.01,,FALSE POSITIVE,FALSE POSITIVE,0.0000,1,0,0,0,38.510775730,1.1680000e-05,-1.1680000e-05,155.5948310,2.510000e-04,-2.510000e-04,0.4670,0.0020,-0.0020,38.85580,0.01870,-0.01870,8.4633e+04,3.050e+01,-3.050e+01,18.68,1.330e+00,-1.820e+00,352.0,,,3.64,1.14,-1.11,3567.50,3,q1_q17_dr25_tce,4374.00,153.00,-168.00,4.626,0.056,-0.024,0.6350,0.0450,-0.0620,296.058590,42.669567,13.035
7186259,K07582.01,,FALSE POSITIVE,FALSE POSITIVE,,1,0,0,0,4.239653090,,,132.9703967,,,,,,3.29000,,,,,,,,,,,,,,,,1,q1_q17_dr24_tce,,,,,,,,,,286.949950,42.741459,14.125
7214090,K07583.01,,FALSE POSITIVE,FALSE POSITIVE,0.0000,1,0,1,0,0.577910513,2.8740000e-06,-2.8740000e-06,131.7979700,4.200000e-03,-4.200000e-03,0.3670,0.1030,-0.3670,1.36200,0.11600,-0.11600,1.4410e+02,1.010e+01,-1.010e+01,1.10,3.300e-01,-1.100e-01,2081.0,,,4429.84,4011.07,-1295.97,18.10,1,q1_q17_dr25_tce,5730.00,173.00,-190.00,4.503,0.050,-0.200,0.9080,0.2730,-0.0910,295.694820,42.756962,15.733
7281694,K07584.01,,FALSE POSITIVE,FALSE POSITIVE,0.0000,1,0,1,1,0.566807725,5.5720000e-06,-5.5720000e-06,131.7888000,4.740000e-03,-4.740000e-03,0.1550,0.3410,-0.1550,2.16000,0.16200,-0.16200,3.1500e+01,2.700e+00,-2.700e+00,0.94,5.300e-01,-5.200e-01,2524.0,,,9645.51,17077.36,-7936.82,12.30,1,q1_q17_dr25_tce,5018.00,174.00,-139.00,3.953,0.598,-0.322,1.7340,0.9620,-0.9620,291.681670,42.809319,13.903
7362450,K07585.01,,FALSE POSITIVE,FALSE POSITIVE,0.0000,1,0,0,1,0.566807422,3.4070000e-06,-3.4070000e-06,131.8154700,6.510000e-03,-6.510000e-03,0.9850,0.0300,-0.6920,5.14800,0.22500,-0.22500,2.6100e+01,1.500e+00,-1.500e+00,1.13,2.900e-01,-4.900e-01,2680.0,,,12227.82,9524.89,-8613.03,28.80,1,q1_q17_dr25_tce,5616.00,155.00,-141.00,4.040,0.435,-0.145,1.5470,0.4070,-0.6620,291.682830,42.932812,12.900
8007262,K07586.01,,FALSE POSITIVE,FALSE POSITIVE,,1,0,0,0,1.345078434,9.9390000e-06,-9.9390000e-06,132.0421800,6.450000e-03,-6.450000e-03,0.9526,0.0430,-0.0227,10.19000,2.20000,-2.20000,3.0250e+03,3.610e+02,-3.610e+02,12.16,7.450e+00,-2.870e+00,2324.0,,,6894.58,13061.78,-3533.21,27.70,1,q1_q17_dr24_tce,6664.00,181.00,-294.00,4.141,0.159,-0.159,1.6750,1.0260,-0.3950,281.884890,43.860657,12.583
8096395,K07587.01,,CANDIDATE,CANDIDATE,0.8970,0,0,0,0,366.088938000,4.8840000e-03,-4.8840000e-03,165.4260000,1.070000e-02,-1.070000e-02,0.8900,0.0400,-0.6190,11.88700,0.23100,-0.23100,5.3790e+02,2.060e+01,-2.060e+01,2.57,7.800e-01,-3.100e-01,257.0,,,1.03,0.94,-0.34,29.00,1,q1_q17_dr25_tce,5941.00,187.00,-208.00,4.464,0.070,-0.196,0.9450,0.2860,-0.1140,291.358920,43.936810,11.616
8106973,K07588.01,,FALSE POSITIVE,FALSE POSITIVE,,0,1,0,0,439.107696900,5.4480000e-04,-5.4480000e-04,222.7449000,1.090000e-03,-1.090000e-03,0.7777,0.0059,-0.0086,26.22590,0.06130,-0.06130,6.9792e+04,1.690e+02,-1.690e+02,24.70,1.093e+01,-2.010e+00,221.0,,,0.57,0.77,-0.15,884.90,1,q1_q17_dr24_tce,5810.00,186.00,-176.00,4.567,0.034,-0.034,0.8110,0.3590,-0.0660,295.019070,43.959839,15.862
8168509,K07589.01,,CANDIDATE,CANDIDATE,,0,0,0,0,414.450080000,1.2100000e-02,-1.2100000e-02,318.0665000,2.450000e-02,-2.450000e-02,0.9853,17.9000,-0.0761,19.15000,1.10000,-1.10000,7.2950e+02,5.060e+01,-5.060e+01,7.01,4.330e+00,-1.510e+00,364.0,,,4.17,8.13,-2.01,19.00,1,q1_q17_dr24_tce,7037.00,215.00,-299.00,4.136,0.135,-0.135,1.6830,1.0400,-0.3610,292.825900,44.098389,13.913
10397751,K02859.05,,CANDIDATE,CANDIDATE,0.8570,0,0,0,0,5.431036160,4.6290000e-05,-4.6290000e-05,134.4171100,6.480000e-03,-6.480000e-03,0.8160,0.1570,-0.5760,2.46900,0.17900,-0.17900,6.6800e+01,6.700e+00,-6.700e+00,0.66,7.000e-02,-7.000e-02,873.0,,,137.10,54.14,-37.76,10.80,3,q1_q17_dr25_tce,5374.00,160.00,-144.00,4.555,0.088,-0.064,0.7210,0.0820,-0.0730,288.831360,47.551991,13.851
8258103,K07590.01,,FALSE POSITIVE,FALSE POSITIVE,,0,1,0,0,0.594003994,1.9750000e-06,-1.9750000e-06,132.0705900,2.680000e-03,-2.680000e-03,0.4978,0.0045,-0.4839,5.55700,0.50700,-0.50700,2.5400e+01,1.800e+00,-1.800e+00,1.55,3.000e-01,-5.600e-01,4952.0,,,142174.84,82613.38,-93281.31,51.10,1,q1_q17_dr24_tce,8596.00,240.00,-360.00,3.793,0.306,-0.306,2.9680,0.5640,-1.0720,299.202390,44.141750,11.548
8297319,K07591.01,,CANDIDATE,CANDIDATE,,0,0,0,0,328.322110000,1.3470000e-02,-1.3470000e-02,144.0773000,3.610000e-02,-3.610000e-02,0.1169,0.3530,-0.1168,13.53000,1.30000,-1.30000,3.9900e+02,5.140e+01,-5.140e+01,1.30,1.800e-01,-1.000e-01,193.0,,,0.33,0.17,-0.08,8.20,1,q1_q17_dr24_tce,4906.00,182.00,-164.00,4.648,0.032,-0.032,0.6680,0.0950,-0.0520,290.906950,44.291779,14.937
8423344,K07592.01,,CANDIDATE,CANDIDATE,,0,0,0,0,381.979770000,3.9820000e-02,-3.9820000e-02,163.1805000,5.110000e-02,-5.110000e-02,0.2178,0.2988,-0.2177,15.70000,4.60000,-4.60000,9.0000e+02,3.190e+02,-3.190e+02,1.55,1.500e-01,-1.400e-01,132.0,,,0.07,0.02,-0.02,10.40,1,q1_q17_dr24_tce,3761.00,50.00,-50.00,4.724,0.060,-0.060,0.5260,0.0500,-0.0500,288.968230,44.448341,15.494
8444868,K07593.01,,CANDIDATE,CANDIDATE,,0,0,0,0,67.412998000,4.7310000e-03,-4.7310000e-03,196.1263000,5.870000e-02,-5.870000e-02,0.5109,0.0605,-0.4295,9.10000,2.40000,-2.40000,1.2610e+02,2.430e+01,-2.430e+01,1.57,8.700e-01,-3.100e-01,572.0,,,25.32,41.76,-11.26,6.20,4,q1_q17_dr24_tce,6525.00,159.00,-233.00,4.248,0.138,-0.138,1.3590,0.7490,-0.2700,296.702240,44.449451,13.667
8579684,K07594.01,,FALSE POSITIVE,FALSE POSITIVE,,1,0,0,0,2.088027990,2.3650000e-05,-2.3650000e-05,132.0847500,8.240000e-03,-8.240000e-03,0.9865,0.0014,-0.0017,24.01700,0.86900,-0.86900,7.0800e+01,2.100e+00,-2.100e+00,1.93,1.100e+00,-4.900e-01,2003.0,,,3806.17,6502.33,-1954.15,60.50,1,q1_q17_dr24_tce,6593.00,166.00,-213.00,4.117,0.180,-0.180,1.6700,0.9450,-0.4260,298.200160,44.608501,12.579
8649876,K07595.01,,FALSE POSITIVE,FALSE POSITIVE,0.0000,1,0,0,0,10.421278800,3.1870000e-04,-3.1870000e-04,140.6517000,2.390000e-02,-2.390000e-02,1.1510,0.2220,-0.8620,28.48320,0.00000,0.00000,1.4800e+02,5.300e+00,-5.300e+00,36.90,7.800e+00,-1.169e+01,1235.0,,,549.92,358.49,-322.85,31.00,1,q1_q17_dr25_tce,6183.00,186.00,-186.00,3.908,0.285,-0.114,2.0730,0.4380,-0.6570,299.537480,44.711510,12.556
8682094,K07596.01,,CANDIDATE,CANDIDATE,,0,0,0,0,359.824991300,,,284.5268595,,,,,,5.22000,,,,,,,,,,,,,,,,1,q1_q17_dr24_tce,,,,,,,,,,289.015500,44.882050,15.733
8846809,K07597.01,,FALSE POSITIVE,FALSE POSITIVE,,1,0,0,0,0.778705577,3.3480000e-06,-3.3480000e-06,131.6444800,2.940000e-03,-2.940000e-03,1.1716,0.0689,-0.0004,6.44500,0.88600,-0.88600,5.4500e+01,2.700e+00,-2.700e+00,59.33,1.287e+01,-1.869e+01,4233.0,,,75864.33,49929.69,-45622.33,104.90,1,q1_q17_dr24_tce,7846.00,225.00,-313.00,3.743,0.269,-0.269,3.0660,0.6650,-0.9660,300.633030,45.076660,10.152
8868686,K07598.01,,FALSE POSITIVE,FALSE POSITIVE,0.0000,1,0,1,1,4.447091070,7.0700000e-05,-7.0700000e-05,133.9044000,1.320000e-02,-1.320000e-02,0.9880,0.0370,-0.7430,16.79000,1.50000,-1.50000,4.0500e+01,2.000e+00,-2.000e+00,0.96,2.800e-01,-1.600e-01,1228.0,,,537.35,465.52,-204.86,22.60,1,q1_q17_dr25_tce,6137.00,165.00,-202.00,4.357,0.128,-0.192,1.0760,0.3180,-0.1710,284.416470,45.138889,13.510
9025662,K07599.01,,FALSE POSITIVE,FALSE POSITIVE,,1,0,0,0,293.706960000,1.5540000e-02,-1.5540000e-02,350.5928000,3.530000e-02,-3.530000e-02,63.9417,20.9800,-59.3200,11.03000,1.50000,-1.50000,1.5750e+03,1.910e+02,-1.910e+02,6140.44,2.544e+03,-5.776e+02,274.0,,,1.34,1.68,-0.38,11.20,1,q1_q17_dr24_tce,6054.00,188.00,-202.00,4.508,0.048,-0.048,0.8930,0.3700,-0.0840,293.168790,45.387730,15.510
8572936,K02459.01,,FALSE POSITIVE,FALSE POSITIVE,0.0000,0,1,0,0,27.795762425,6.1250000e-06,-6.1250000e-06,136.1798770,1.760000e-04,-1.760000e-04,0.4830,0.0040,-0.0040,15.50560,0.01070,-0.01070,4.2033e+05,2.610e+02,-2.610e+02,81.48,5.270e+00,-5.840e+00,655.0,,,43.51,9.40,-8.89,1969.50,1,q1_q17_dr25_tce,5915.00,105.00,-117.00,4.329,0.055,-0.045,1.1300,0.0730,-0.0810,296.435820,44.641560,14.875
9837578,K02937.01,,FALSE POSITIVE,FALSE POSITIVE,0.0000,0,1,0,0,20.733748565,1.6280000e-06,-1.6280000e-06,132.8465918,6.200000e-05,-6.200000e-05,0.4790,0.0040,-0.0050,6.28773,0.00371,-0.00371,4.1734e+05,2.230e+02,-2.230e+02,69.80,4.800e+00,-4.810e+00,661.0,,,45.06,10.87,-8.03,2236.70,1,q1_q17_dr25_tce,5620.00,118.00,-75.00,4.363,0.065,-0.040,0.9740,0.0670,-0.0670,294.496980,46.689758,15.726
7821010,K02938.01,,FALSE POSITIVE,FALSE POSITIVE,0.0000,0,1,0,0,24.238241803,2.4940000e-06,-2.4940000e-06,136.6165689,8.590000e-05,-8.590000e-05,0.4260,0.0070,-0.0070,4.16665,0.00528,-0.00528,4.6196e+05,4.800e+02,-4.800e+02,102.31,1.897e+01,-1.169e+01,793.0,,,93.68,43.75,-23.89,1126.40,1,q1_q17_dr25_tce,6457.00,70.00,-83.00,4.259,0.080,-0.120,1.3650,0.2530,-0.1560,291.319850,43.595470,10.816
5473556,K02939.01,,FALSE POSITIVE,FALSE POSITIVE,0.0000,1,0,0,0,11.258825027,4.4600000e-07,-4.4600000e-07,134.7384085,3.250000e-05,-3.250000e-05,0.8050,0.0050,-0.0070,8.95920,0.00174,-0.00174,1.9628e+05,3.590e+01,-3.590e+01,87.18,2.322e+01,-3.478e+01,1080.0,,,322.25,259.96,-219.28,6395.70,1,q1_q17_dr25_tce,6217.00,188.00,-188.00,4.052,0.413,-0.177,1.4640,0.3900,-0.5840,298.150090,40.656170,13.545
6504534,K03152.01,,FALSE POSITIVE,FALSE POSITIVE,0.0000,0,1,0,0,28.162612575,2.6630000e-06,-2.6630000e-06,143.7174718,8.090000e-05,-8.090000e-05,0.9520,0.0720,-0.0380,3.19576,0.00808,-0.00808,3.7750e+04,6.060e+01,-6.060e+01,23.52,1.950e+00,-2.350e+00,470.0,,,11.52,3.51,-3.25,912.70,1,q1_q17_dr25_tce,4936.00,133.00,-148.00,4.540,0.078,-0.042,0.7610,0.0630,-0.0760,285.167110,41.967079,14.216
6307062,K03153.01,,FALSE POSITIVE,FALSE POSITIVE,0.0000,0,1,0,0,75.378956896,8.7420000e-06,-8.7420000e-06,167.1066034,9.160000e-05,-9.160000e-05,0.2730,0.0040,-0.0040,7.70352,0.00559,-0.00559,5.3918e+05,5.740e+02,-5.740e+02,58.76,1.036e+01,-4.800e+00,365.0,,,4.17,2.33,-1.02,1886.60,1,q1_q17_dr25_tce,5420.00,162.00,-146.00,4.596,0.030,-0.120,0.7710,0.1360,-0.0630,297.629120,41.641510,14.863
5652983,K00371.02,,FALSE POSITIVE,FALSE POSITIVE,,0,1,1,0,9.058466200,1.1460000e-04,-1.1460000e-04,133.2317000,1.110000e-02,-1.110000e-02,0.1540,0.3001,-0.1540,6.37600,0.29800,-0.29800,6.1800e+01,4.100e+00,-4.100e+00,2.46,8.000e-02,-8.000e-02,1310.0,,,695.41,102.98,-91.84,17.90,2,q1_q17_dr24_tce,5198.00,95.00,-95.00,3.614,0.016,-0.016,3.2070,0.1070,-0.1070,299.676150,40.856491,12.193
9092897,K07600.01,,FALSE POSITIVE,FALSE POSITIVE,,1,0,0,0,3.916915500,,,132.2130377,,,,,,2.11000,,,,,,,,,,,,,,,,1,q1_q17_dr24_tce,,,,,,,,,,293.343080,45.444969,12.940
9246715,K07601.01,,FALSE POSITIVE,FALSE POSITIVE,0.0000,0,1,0,0,342.553157230,9.7340000e-05,-9.7340000e-05,337.5167220,1.830000e-04,-1.830000e-04,0.7970,0.0050,-0.0060,73.80680,0.01240,-0.01240,1.9289e+05,2.890e+01,-2.890e+01,830.99,1.841e+02,-3.989e+02,738.0,,,70.22,44.93,-53.20,8248.40,1,q1_q17_dr25_tce,4857.00,116.00,-131.00,2.422,0.427,-0.183,14.2190,3.1500,-6.8260,300.951350,45.604118,9.266
9292130,K07602.01,,FALSE POSITIVE,FALSE POSITIVE,,1,0,0,0,362.747593000,7.9620000e-03,-7.9620000e-03,368.2357000,3.010000e-02,-3.010000e-02,0.3185,0.1293,-0.3184,16.45000,1.40000,-1.40000,1.3240e+02,1.090e+01,-1.090e+01,2.51,1.200e-01,-9.000e-02,384.0,,,5.13,0.67,-0.54,13.00,1,q1_q17_dr24_tce,6176.00,52.00,-52.00,3.885,0.015,-0.015,2.1600,0.1000,-0.0800,296.069370,45.703098,10.662
9541144,K07603.01,,FALSE POSITIVE,FALSE POSITIVE,,0,1,0,1,0.536650344,7.9800000e-06,-7.9800000e-06,131.7073000,1.450000e-02,-1.450000e-02,0.7718,0.1991,-0.5277,2.87800,0.60100,-0.60100,2.5800e+01,4.300e+00,-4.300e+00,1.57,6.500e-01,-8.800e-01,3380.0,,,30860.16,39181.42,-25778.73,7.00,1,q1_q17_dr24_tce,5490.00,185.00,-190.00,3.681,0.560,-0.560,2.8250,1.1580,-1.5950,297.286650,46.139839,13.921
8677057,K07903.01,,CANDIDATE,CANDIDATE,0.9670,0,0,0,0,0.694611128,3.7410000e-06,-3.7410000e-06,131.9324400,4.140000e-03,-4.140000e-03,0.1760,0.2830,-0.1760,1.11500,0.15200,-0.15200,9.8800e+01,1.370e+01,-1.370e+01,0.64,6.000e-02,-4.000e-02,1415.0,,,945.45,318.96,-218.14,9.30,1,q1_q17_dr25_tce,4612.00,124.00,-138.00,4.646,0.024,-0.052,0.6620,0.0640,-0.0450,286.310520,44.838188,15.700
8702537,K07905.01,,CANDIDATE,CANDIDATE,0.9240,0,0,0,0,7.475184100,2.2730000e-04,-2.2730000e-04,137.1908000,2.980000e-02,-2.980000e-02,0.3090,0.1450,-0.3090,5.16600,0.53200,-0.53200,2.8100e+01,3.600e+00,-3.600e+00,0.85,2.000e-01,-2.700e-01,1168.0,,,439.51,318.13,-252.81,9.20,1,q1_q17_dr25_tce,5616.00,184.00,-127.00,3.980,0.336,-0.144,1.6020,0.3700,-0.5090,296.547700,44.898041,13.075
8757213,K07911.01,,FALSE POSITIVE,FALSE POSITIVE,0.0780,1,0,0,0,328.048500000,4.5630000e-02,-4.5630000e-02,301.5126000,9.240000e-02,-9.240000e-02,0.3290,0.1320,-0.3290,13.75000,2.70000,-2.70000,3.9800e+02,1.140e+02,-1.140e+02,2.22,7.800e-01,-2.600e-01,292.0,,,1.72,1.82,-0.59,6.90,1,q1_q17_dr25_tce,6268.00,195.00,-260.00,4.429,0.054,-0.229,1.1000,0.3840,-0.1280,293.270900,44.919102,15.619
8880003,K07914.01,,FALSE POSITIVE,FALSE POSITIVE,0.0000,1,0,0,1,1.721287520,2.7800000e-05,-2.7800000e-05,132.5489000,1.660000e-02,-1.660000e-02,0.4490,0.0170,-0.4480,2.36600,0.36500,-0.36500,5.8500e+01,9.900e+00,-9.900e+00,0.65,1.700e-01,-6.000e-02,1415.0,,,944.49,750.53,-251.94,7.70,2,q1_q17_dr25_tce,5813.00,157.00,-174.00,4.561,0.035,-0.184,0.8330,0.2250,-0.0750,289.777440,45.153191,15.178
8953296,K07916.01,,FALSE POSITIVE,FALSE POSITIVE,0.0000,0,1,0,0,0.784294574,5.1000000e-08,-5.1000000e-08,132.2265109,5.470000e-05,-5.470000e-05,0.7640,0.0070,-0.0070,4.18831,0.00412,-0.00412,2.1253e+05,1.460e+02,-1.460e+02,87.26,2.512e+01,-2.285e+01,2651.0,,,11702.60,9989.03,-6255.87,1751.10,1,q1_q17_dr25_tce,6576.00,185.00,-254.00,4.171,0.209,-0.171,1.4550,0.4190,-0.3810,291.938690,45.222198,13.901
8749844,K07909.01,,FALSE POSITIVE,FALSE POSITIVE,0.2310,1,0,0,0,361.510990000,1.0220000e-02,-1.0220000e-02,249.7333000,1.580000e-02,-1.580000e-02,0.4430,0.5310,-0.2430,4.86800,0.51900,-0.51900,2.3590e+02,3.120e+01,-3.120e+01,6.85,1.100e+00,-3.290e+00,733.0,,,68.36,35.71,-52.80,9.30,1,q1_q17_dr25_tce,9492.00,297.00,-396.00,3.619,0.451,-0.080,4.2980,0.6880,-2.0650,290.407930,44.963940,12.973
8962007,K07917.01,,FALSE POSITIVE,FALSE POSITIVE,0.0020,0,0,1,0,1.414358610,1.4400000e-05,-1.4400000e-05,132.6983800,8.460000e-03,-8.460000e-03,0.1890,0.2960,-0.1890,2.28500,0.26200,-0.26200,5.6800e+01,7.300e+00,-7.300e+00,0.74,2.500e-01,-1.300e-01,1578.0,,,1458.20,1479.90,-594.53,9.50,1,q1_q17_dr25_tce,5470.00,164.00,-164.00,4.366,0.168,-0.231,0.9940,0.3360,-0.1810,294.948730,45.210251,14.842
8703491,K07906.01,,FALSE POSITIVE,FALSE POSITIVE,0.0000,0,1,1,0,0.616343903,3.4900000e-07,-3.4900000e-07,132.0865080,4.600000e-04,-4.600000e-04,0.0420,0.4280,-0.0420,0.76560,0.02390,-0.02390,1.6140e+02,3.300e+00,-3.300e+00,1.72,5.600e-01,-3.400e-01,2513.0,,,9411.28,9257.12,-4251.22,77.80,1,q1_q17_dr25_tce,6045.00,190.00,-232.00,4.264,0.136,-0.204,1.3400,0.4340,-0.2670,296.819820,44.869434,12.190
9043947,K07920.01,,CANDIDATE,CANDIDATE,0.8690,0,0,0,0,1.043478580,1.0710000e-05,-1.0710000e-05,131.8424000,9.130000e-03,-9.130000e-03,0.4970,0.0000,-0.4710,2.01200,0.30600,-0.30600,2.2500e+01,3.400e+00,-3.400e+00,1.09,2.000e-01,-3.900e-01,2688.0,,,12313.82,7298.71,-7905.69,8.60,1,q1_q17_dr25_tce,6014.00,200.00,-182.00,3.843,0.300,-0.100,2.2460,0.4090,-0.8170,298.252040,45.396641,13.292
9079587,K07921.01,,FALSE POSITIVE,FALSE POSITIVE,0.0000,1,0,0,0,364.339290000,1.4510000e-02,-1.4510000e-02,183.3173000,3.330000e-02,-3.330000e-02,0.9340,0.0310,-0.6520,13.48600,0.98400,-0.98400,1.9440e+03,1.400e+02,-1.400e+02,4.40,1.000e+00,-4.200e-01,228.0,,,0.64,0.42,-0.17,15.90,1,q1_q17_dr25_tce,5606.00,152.00,-152.00,4.557,0.050,-0.150,0.8000,0.1810,-0.0770,287.715420,45.436329,15.616
8703506,K07907.01,,FALSE POSITIVE,FALSE POSITIVE,0.0190,0,1,0,0,352.710091000,7.7400000e-03,-7.7400000e-03,251.1931000,1.510000e-02,-1.510000e-02,0.3290,0.1330,-0.3290,2.90100,0.36400,-0.36400,1.6580e+03,2.120e+02,-2.120e+02,3.75,1.190e+00,-4.000e-01,261.0,,,1.09,1.05,-0.34,9.60,1,q1_q17_dr25_tce,6112.00,192.00,-234.00,4.513,0.052,-0.221,0.9080,0.2870,-0.0960,296.823610,44.855309,15.672
8590776,K07900.01,,FALSE POSITIVE,FALSE POSITIVE,0.0340,1,0,0,0,33.893817700,6.1900000e-04,-6.1900000e-04,135.3496000,1.610000e-02,-1.610000e-02,0.3320,0.1240,-0.3320,2.01200,0.62300,-0.62300,2.0510e+02,4.020e+01,-4.020e+01,1.22,3.500e-01,-1.100e-01,527.0,,,18.27,15.16,-5.00,6.80,1,q1_q17_dr25_tce,5818.00,156.00,-174.00,4.554,0.036,-0.192,0.8480,0.2400,-0.0800,301.165560,44.664108,14.517
8761550,K07912.01,,FALSE POSITIVE,FALSE POSITIVE,0.0100,1,0,0,0,224.591055000,3.4900000e-03,-3.4900000e-03,208.7904000,1.590000e-02,-1.590000e-02,0.7680,0.0070,-0.5540,3.23200,0.61200,-0.61200,1.2520e+02,2.240e+01,-2.240e+01,2.17,3.600e-01,-6.800e-01,392.0,,,5.56,2.91,-3.22,8.20,2,q1_q17_dr25_tce,5786.00,157.00,-157.00,3.992,0.285,-0.095,1.7710,0.3000,-0.5570,294.866390,44.980991,12.238
8686761,K07904.01,,FALSE POSITIVE,FALSE POSITIVE,0.0000,1,0,0,1,374.939990980,,,137.9851608,,,0.6400,,,17.08490,,,2.3510e+02,,,4.67,1.430e+00,-3.100e+00,381.0,,,4.99,4.63,-4.50,8.40,1,q1_q17_dr25_tce,5382.00,169.00,-187.00,3.645,0.856,-0.214,2.9090,0.8900,-1.9290,290.877350,44.861591,13.917
8873450,K07913.01,Kepler-1975 b,CONFIRMED,CANDIDATE,0.0000,0,0,0,0,24.278380100,3.5880000e-04,-3.5880000e-04,154.5132500,9.720000e-03,-9.720000e-03,0.7170,0.2290,-0.4850,4.56400,0.25800,-0.25800,7.1440e+02,6.050e+01,-6.050e+01,2.03,8.000e-02,-1.700e-01,432.0,,,8.27,1.81,-2.11,13.60,6,q1_q17_dr25_tce,4450.00,132.00,-132.00,4.583,0.056,-0.020,0.7070,0.0290,-0.0590,286.748570,45.158741,14.164
8880317,K07915.01,,CANDIDATE,CANDIDATE,0.3240,0,0,0,0,382.589100000,1.0960000e-01,-1.0960000e-01,372.8314000,8.880000e-02,-8.880000e-02,0.0420,0.4160,-0.0420,11.70000,10.40000,-10.40000,2.9820e+02,3.670e+01,-3.670e+01,2.15,6.500e-01,-4.300e-01,305.0,,,2.05,1.81,-0.91,10.50,1,q1_q17_dr25_tce,6337.00,176.00,-220.00,4.261,0.175,-0.175,1.2390,0.3710,-0.2470,289.921970,45.103920,13.678
8750503,K07910.01,,FALSE POSITIVE,FALSE POSITIVE,0.0740,1,0,0,0,11.928319400,3.2030000e-04,-3.2030000e-04,142.1270000,2.300000e-02,-2.300000e-02,0.0520,0.4000,-0.0520,6.69000,0.68400,-0.68400,1.8250e+02,1.970e+01,-1.970e+01,0.98,1.000e-01,-1.000e-01,632.0,,,37.80,13.21,-11.03,10.60,1,q1_q17_dr25_tce,5010.00,151.00,-151.00,4.545,0.071,-0.052,0.7500,0.0710,-0.0790,290.645450,44.904202,15.577
8639155,K07902.01,,FALSE POSITIVE,FALSE POSITIVE,0.0000,0,1,1,0,0.603351522,1.2810000e-06,-1.2810000e-06,131.9890200,1.780000e-03,-1.780000e-03,0.4600,0.0010,-0.4600,0.83580,0.08390,-0.08390,1.6410e+02,1.200e+01,-1.200e+01,3.91,6.000e-01,-1.480e+00,3730.0,,,45493.51,22533.21,-29626.98,20.60,1,q1_q17_dr25_tce,6240.00,190.00,-152.00,3.679,0.312,-0.078,2.9480,0.4470,-1.1190,296.788020,44.769600,12.959
9021047,K07919.01,,FALSE POSITIVE,FALSE POSITIVE,0.0000,0,1,0,0,31.972800450,9.0390000e-05,-9.0390000e-05,261.7671300,2.240000e-03,-2.240000e-03,0.9350,0.0100,-0.0170,4.90000,0.17100,-0.17100,2.2364e+03,7.570e+01,-7.570e+01,5.88,1.870e+00,-6.200e-01,626.0,,,36.33,33.96,-11.48,44.80,1,q1_q17_dr25_tce,6340.00,176.00,-242.00,4.457,0.067,-0.202,1.0100,0.3200,-0.1070,291.495450,45.378941,15.248
8587439,K07899.01,,FALSE POSITIVE,FALSE POSITIVE,0.0020,0,0,1,0,8.391400240,5.8620000e-05,-5.8620000e-05,139.0286400,5.490000e-03,-5.490000e-03,0.3420,0.1260,-0.3420,1.19300,0.27900,-0.27900,1.3440e+02,2.780e+01,-2.780e+01,1.10,2.800e-01,-2.000e-01,921.0,,,169.89,127.52,-67.42,9.20,1,q1_q17_dr25_tce,5892.00,177.00,-159.00,4.389,0.175,-0.175,0.9350,0.2310,-0.1680,300.185030,44.635578,14.130
8712863,K07908.01,,FALSE POSITIVE,FALSE POSITIVE,0.1680,1,0,0,0,0.532493086,2.6010000e-06,-2.6010000e-06,131.9024400,3.810000e-03,-3.810000e-03,0.5580,0.3960,-0.3360,2.14500,0.50400,-0.50400,1.9900e+01,2.000e+00,-2.000e+00,1.87,2.200e-01,-8.600e-01,4893.0,,,135046.96,62033.26,-104048.97,8.90,1,q1_q17_dr25_tce,6894.00,280.00,-385.00,3.476,0.408,-0.072,4.0320,0.4660,-1.8650,299.250920,44.856091,11.238
9079915,K07922.01,,FALSE POSITIVE,FALSE POSITIVE,0.0070,0,0,1,0,0.812678859,4.1410000e-06,-4.1410000e-06,132.2081700,4.130000e-03,-4.130000e-03,0.6640,0.1050,-0.5190,0.84100,0.19200,-0.19200,3.9300e+01,7.500e+00,-7.500e+00,0.83,2.700e-01,-9.000e-02,2403.0,,,7917.14,7293.49,-2401.06,7.40,1,q1_q17_dr25_tce,6636.00,161.00,-221.00,4.349,0.065,-0.195,1.2360,0.3970,-0.1320,287.899350,45.417488,13.513
10208894,K08199.01,,FALSE POSITIVE,FALSE POSITIVE,0.0000,1,0,0,0,183.836254000,5.3930000e-03,-5.3930000e-03,149.3728000,1.650000e-02,-1.650000e-02,0.9560,0.0040,-0.6800,13.08800,0.56700,-0.56700,1.0462e+03,7.050e+01,-7.050e+01,51.64,8.930e+00,-1.339e+01,852.0,,,124.46,58.93,-64.02,15.70,1,q1_q17_dr25_tce,4959.00,86.00,-149.00,2.569,0.030,-0.030,11.9630,2.0680,-3.1020,292.322330,47.255112,13.993
10214873,K08200.01,,FALSE POSITIVE,FALSE POSITIVE,0.0000,0,0,1,0,5.959695593,,,135.2739557,,,0.6260,,,1.83830,,,1.5120e+02,,,1.13,3.200e-01,-1.000e-01,937.0,,,182.40,148.35,-47.66,4.70,1,q1_q17_dr25_tce,5717.00,156.00,-156.00,4.538,0.035,-0.196,0.8840,0.2440,-0.0810,294.561310,47.298092,14.331
10253977,K08201.01,,CANDIDATE,CANDIDATE,0.2160,0,0,0,0,392.601892000,8.9110000e-03,-8.9110000e-03,496.9922000,1.430000e-02,-1.430000e-02,0.7130,0.2440,-0.4940,3.21000,0.48200,-0.48200,7.7900e+02,1.240e+02,-1.240e+02,2.25,3.400e-01,-2.000e-01,204.0,,,0.41,0.20,-0.10,7.80,1,q1_q17_dr25_tce,5307.00,159.00,-143.00,4.605,0.032,-0.097,0.7530,0.1120,-0.0690,281.870150,47.394989,14.382
10268714,K08202.01,,FALSE POSITIVE,FALSE POSITIVE,0.1410,1,0,0,0,452.652060000,4.7040000e-02,-4.7040000e-02,495.3170000,1.300000e-01,-1.300000e-01,0.6460,0.0490,-0.4750,19.87000,5.70000,-5.70000,1.7510e+02,1.420e+01,-1.420e+01,2.41,5.300e-01,-6.300e-01,345.0,,,3.33,2.10,-1.74,17.00,1,q1_q17_dr25_tce,6664.00,161.00,-202.00,4.075,0.204,-0.136,1.7300,0.3750,-0.4580,289.640590,47.346439,12.568
10281311,K08203.01,,FALSE POSITIVE,FALSE POSITIVE,0.0370,1,0,0,0,234.663191860,,,166.0293811,,,0.0290,,,7.62700,,,2.4350e+02,,,1.68,5.300e-01,-2.000e-01,328.0,,,2.73,2.48,-0.92,5.00,2,q1_q17_dr25_tce,6306.00,169.00,-225.00,4.426,0.065,-0.208,1.0760,0.3350,-0.1340,294.644930,47.338921,14.790
10341876,K08204.01,,FALSE POSITIVE,FALSE POSITIVE,0.0000,1,0,0,0,351.204993000,6.9860000e-03,-6.9860000e-03,184.9276000,1.620000e-02,-1.620000e-02,0.7770,0.1750,-0.5230,22.41400,0.69300,-0.69300,1.2579e+03,6.580e+01,-6.580e+01,3.57,9.100e-01,-5.000e-01,258.0,,,1.04,0.79,-0.35,21.30,1,q1_q17_dr25_tce,5845.00,158.00,-175.00,4.435,0.120,-0.180,0.9180,0.2360,-0.1270,292.759280,47.430401,15.506
10351947,K08205.01,,CANDIDATE,CANDIDATE,0.3250,0,0,0,0,260.446151000,3.9770000e-03,-3.9770000e-03,235.4690000,1.240000e-02,-1.240000e-02,0.8960,0.0660,-0.6440,9.31400,0.39100,-0.39100,7.1390e+02,4.830e+01,-4.830e+01,25.39,1.600e+00,-4.800e+00,608.0,,,32.37,5.54,-12.68,16.80,1,q1_q17_dr25_tce,4845.00,43.00,-93.00,2.897,0.030,-0.033,7.7960,0.4920,-1.4750,296.382780,47.409592,12.766
10160922,K07990.01,,CANDIDATE,CANDIDATE,0.7890,0,0,0,0,87.487573000,2.6340000e-03,-2.6340000e-03,154.5163000,1.820000e-02,-1.820000e-02,0.1270,0.3380,-0.1270,5.88100,0.66000,-0.66000,5.2870e+02,7.760e+01,-7.760e+01,1.87,4.900e-01,-1.600e-01,377.0,,,4.79,3.66,-1.25,8.40,1,q1_q17_dr25_tce,5774.00,155.00,-172.00,4.567,0.033,-0.176,0.8180,0.2120,-0.0710,298.315860,47.105091,15.626
10198225,K07991.01,,CANDIDATE,CANDIDATE,0.9890,0,0,0,0,11.945137600,2.1600000e-04,-2.1600000e-04,142.3107000,1.670000e-02,-1.670000e-02,0.4430,0.5400,-0.2480,6.89300,0.54100,-0.54100,6.3300e+01,6.100e+00,-6.100e+00,3.32,6.400e-01,-1.050e+00,1337.0,,,755.16,408.67,-438.05,12.40,1,q1_q17_dr25_tce,5094.00,100.00,-138.00,3.380,0.210,-0.157,4.1630,0.8080,-1.3130,287.551820,47.244862,12.609
10214341,K07992.01,,CANDIDATE,CANDIDATE,0.1260,0,0,0,0,277.133670000,1.5850000e-02,-1.5850000e-02,400.4719000,4.400000e-02,-4.400000e-02,0.6620,0.3070,-0.4520,9.67000,1.60000,-1.60000,3.2120e+02,5.320e+01,-5.320e+01,1.84,5.600e-01,-1.800e-01,307.0,,,2.09,1.81,-0.61,8.70,1,q1_q17_dr25_tce,6461.00,155.00,-213.00,4.474,0.052,-0.208,0.9710,0.2940,-0.0980,294.382540,47.205769,14.635
10219288,K07993.01,,FALSE POSITIVE,FALSE POSITIVE,0.0000,1,0,0,0,3.381607000,1.8280000e-03,-1.8280000e-03,132.9265600,9.200000e-03,-9.200000e-03,0.0880,0.3620,-0.0880,7.62700,0.38100,-0.38100,4.4060e+02,3.030e+01,-3.030e+01,117.25,2.779e+01,-3.820e+01,6037.0,,,314164.85,232594.75,-187591.92,16.60,1,q1_q17_dr25_tce,3974.00,130.00,-118.00,1.056,0.318,-0.212,59.4370,14.0850,-19.3660,296.081360,47.275814,12.798
10226343,K07994.01,,FALSE POSITIVE,FALSE POSITIVE,0.0000,1,0,0,1,0.660655454,1.4700000e-06,-1.4700000e-06,131.6909000,1.910000e-03,-1.910000e-03,1.0980,0.1890,-0.0400,7.11100,0.35700,-0.35700,5.6690e+02,1.360e+01,-1.360e+01,16.81,5.010e+00,-2.140e+00,2497.0,,,9210.84,8092.05,-3291.30,77.70,1,q1_q17_dr25_tce,6520.00,180.00,-270.00,4.375,0.062,-0.200,1.2150,0.3620,-0.1550,298.137850,47.258560,15.666
10263598,K07995.01,,FALSE POSITIVE,FALSE POSITIVE,0.0880,1,0,0,0,145.750554000,3.5700000e-03,-3.5700000e-03,199.6247000,2.410000e-02,-2.410000e-02,0.0170,0.4330,-0.0170,13.99900,0.76000,-0.76000,3.8560e+02,2.620e+01,-2.620e+01,15.34,8.800e-01,-4.690e+00,748.0,,,74.07,12.64,-43.90,17.00,1,q1_q17_dr25_tce,5096.00,59.00,-209.00,3.007,0.030,-0.030,8.0380,0.4610,-2.4600,287.093630,47.371300,13.192
10266860,K07996.01,,FALSE POSITIVE,FALSE POSITIVE,0.0000,0,0,0,1,2.178139540,2.4910000e-05,-2.4910000e-05,132.0297200,8.350000e-03,-8.350000e-03,0.0540,0.4040,-0.0540,2.06300,0.27300,-0.27300,2.8600e+01,3.700e+00,-3.700e+00,1.00,2.300e-01,-2.600e-01,2073.0,,,4372.75,2997.89,-2205.80,9.70,1,q1_q17_dr25_tce,6511.00,175.00,-175.00,4.003,0.234,-0.126,1.8510,0.4280,-0.4750,288.781620,47.397350,13.422
4763020,K08097.01,,FALSE POSITIVE,FALSE POSITIVE,0.0170,1,0,0,0,384.097810000,2.4470000e-02,-2.4470000e-02,418.6723000,5.730000e-02,-5.730000e-02,0.0160,0.4190,-0.0160,12.55000,1.40000,-1.40000,1.0010e+02,1.350e+01,-1.350e+01,1.63,3.400e-01,-5.100e-01,330.0,,,2.80,1.82,-1.59,8.70,1,q1_q17_dr25_tce,5884.00,177.00,-133.00,3.979,0.323,-0.129,1.6280,0.3410,-0.5110,295.940160,39.849072,12.578
5128966,K08098.01,,FALSE POSITIVE,FALSE POSITIVE,0.0000,0,1,1,1,0.505322676,,,131.5427320,,,1.0360,,,5.27270,,,7.7349e+04,,,46.59,1.442e+01,-5.750e+00,2275.0,,,6291.87,5921.72,-2099.15,384.60,1,q1_q17_dr25_tce,5941.00,187.00,-208.00,4.490,0.065,-0.208,0.9240,0.2860,-0.1140,298.895630,40.289490,14.457
5288744,K08099.01,,FALSE POSITIVE,FALSE POSITIVE,0.0570,1,0,0,0,333.716340480,,,336.7917544,,,0.0930,,,4.82360,,,4.2020e+02,,,3.53,7.700e-01,-1.140e+00,362.0,,,4.05,2.69,-2.39,3.10,1,q1_q17_dr25_tce,6045.00,181.00,-163.00,3.956,0.315,-0.126,1.7190,0.3720,-0.5580,295.538850,40.409279,13.435
5305225,K08100.01,,FALSE POSITIVE,FALSE POSITIVE,0.0000,1,0,1,1,322.507410000,2.0040000e-02,-2.0040000e-02,350.3646000,4.090000e-02,-4.090000e-02,0.9120,0.0040,-0.6400,20.68800,0.99200,-0.99200,3.4950e+02,2.840e+01,-2.840e+01,2.11,5.800e-01,-2.500e-01,257.0,,,1.03,0.82,-0.32,13.70,1,q1_q17_dr25_tce,5708.00,152.00,-169.00,4.465,0.078,-0.182,0.9330,0.2540,-0.1090,298.893590,40.437752,14.013
5598216,K08101.01,,FALSE POSITIVE,FALSE POSITIVE,0.0000,1,0,0,0,373.871600000,3.7630000e-02,-3.7630000e-02,186.6688000,4.940000e-02,-4.940000e-02,0.2460,0.2230,-0.2460,16.78000,3.10000,-3.10000,3.8270e+02,4.260e+01,-4.260e+01,2.19,6.200e-01,-5.500e-01,279.0,,,1.44,1.18,-0.72,10.30,2,q1_q17_dr25_tce,5846.00,158.00,-158.00,4.258,0.276,-0.184,1.1160,0.3140,-0.2830,283.568660,40.865761,13.683
5637036,K08102.01,,FALSE POSITIVE,FALSE POSITIVE,0.1570,1,0,0,0,171.046664000,1.6130000e-03,-1.6130000e-03,293.0263700,6.020000e-03,-6.020000e-03,0.3870,0.0820,-0.3870,2.43800,0.32300,-0.32300,7.3100e+02,1.020e+02,-1.020e+02,32.31,2.300e+00,-8.640e+00,827.0,,,110.64,25.65,-57.60,9.80,1,q1_q17_dr25_tce,4932.00,88.00,-137.00,2.697,0.033,-0.027,12.0480,0.8590,-3.2230,296.423370,40.892471,12.769
5647008,K08103.01,,FALSE POSITIVE,FALSE POSITIVE,0.4930,0,1,0,0,0.799868354,5.9700000e-07,-5.9700000e-07,131.9972090,6.130000e-04,-6.130000e-04,1.2740,0.0640,-0.0550,6.61300,0.15600,-0.15600,4.9288e+03,2.620e+01,-2.620e+01,34.70,8.740e+00,-3.730e+00,1816.0,,,2581.61,1967.48,-760.55,251.40,1,q1_q17_dr25_tce,5568.00,166.00,-166.00,4.488,0.081,-0.161,0.8820,0.2220,-0.0950,298.526790,40.858391,14.335
10385708,K08206.01,,FALSE POSITIVE,FALSE POSITIVE,0.0000,1,0,0,0,345.767100000,3.1290000e-02,-3.1290000e-02,320.3812000,5.020000e-02,-5.020000e-02,0.3910,0.0660,-0.3910,15.38000,1.20000,-1.20000,2.1270e+02,1.940e+01,-1.940e+01,2.50,1.800e-01,-1.200e-01,336.0,,,3.02,0.63,-0.43,12.30,4,q1_q17_dr25_tce,5845.00,79.00,-79.00,4.024,0.025,-0.020,1.7020,0.1200,-0.0830,282.211880,47.577000,11.153
10404545,K08207.01,,FALSE POSITIVE,FALSE POSITIVE,0.0000,1,0,0,0,350.341140000,1.7140000e-02,-1.7140000e-02,184.8100000,1.950000e-02,-1.950000e-02,0.0100,0.5040,-0.0100,16.97000,1.10000,-1.10000,1.3638e+03,9.880e+01,-9.880e+01,2.50,3.300e-01,-1.900e-01,202.0,,,0.39,0.18,-0.09,16.40,1,q1_q17_dr25_tce,5188.00,153.00,-153.00,4.642,0.033,-0.083,0.6900,0.0930,-0.0530,291.754970,47.549332,15.901
10425070,K08208.01,,FALSE POSITIVE,FALSE POSITIVE,0.0030,1,0,0,0,363.971650000,1.1440000e-02,-1.1440000e-02,198.9835000,1.860000e-02,-1.860000e-02,1.3940,6.6640,-0.1590,5.70200,0.86800,-0.86800,1.9660e+03,2.800e+02,-2.800e+02,40.48,1.121e+01,-3.760e+00,231.0,,,0.68,0.56,-0.18,8.50,3,q1_q17_dr25_tce,5648.00,169.00,-152.00,4.559,0.034,-0.184,0.8410,0.2330,-0.0780,298.688320,47.513821,14.977
10425070,K08208.02,,FALSE POSITIVE,FALSE POSITIVE,0.0000,1,0,0,0,395.237530000,2.6290000e-02,-2.6290000e-02,186.5360000,4.920000e-02,-4.920000e-02,0.6290,0.0450,-0.4590,18.49400,0.85000,-0.85000,1.2980e+03,1.070e+02,-1.070e+02,3.17,8.700e-01,-3.000e-01,225.0,,,0.61,0.50,-0.16,13.40,4,q1_q17_dr25_tce,5648.00,169.00,-152.00,4.559,0.034,-0.184,0.8410,0.2330,-0.0780,298.688320,47.513821,14.977
10461045,K08209.01,,FALSE POSITIVE,FALSE POSITIVE,0.0880,1,0,0,0,385.972410000,1.3100000e-02,-1.3100000e-02,315.6247000,2.290000e-02,-2.290000e-02,0.4440,0.0200,-0.4440,12.16700,0.92900,-0.92900,1.6200e+02,1.880e+01,-1.880e+01,1.72,5.000e-01,-2.900e-01,325.0,,,2.65,2.18,-1.05,10.80,1,q1_q17_dr25_tce,6732.00,162.00,-223.00,4.271,0.120,-0.195,1.3160,0.3800,-0.2220,287.822390,47.690208,13.161
10493253,K08210.01,,FALSE POSITIVE,FALSE POSITIVE,0.1680,1,0,0,0,89.667675000,6.1580000e-03,-6.1580000e-03,183.0360000,4.140000e-02,-4.140000e-02,0.3240,0.1390,-0.3240,3.72600,0.81900,-0.81900,1.4150e+03,2.760e+02,-2.760e+02,78.77,1.680e+01,-3.920e+01,1364.0,,,818.91,498.03,-632.05,7.00,1,q1_q17_dr25_tce,4742.00,106.00,-118.00,2.099,0.385,-0.165,21.2910,4.5410,-10.5950,299.405090,47.620991,12.393
10515564,K08211.01,,CANDIDATE,CANDIDATE,0.2660,0,0,0,0,5.048745100,1.0050000e-04,-1.0050000e-04,134.6825000,1.760000e-02,-1.760000e-02,0.1330,0.3330,-0.1320,4.00700,0.45400,-0.45400,6.7600e+01,1.040e+01,-1.040e+01,0.67,1.500e-01,-5.000e-02,922.0,,,170.39,117.08,-41.29,7.70,1,q1_q17_dr25_tce,5450.00,164.00,-164.00,4.573,0.028,-0.161,0.8300,0.1860,-0.0620,282.050780,47.743992,14.811
10321927,K07997.01,,FALSE POSITIVE,FALSE POSITIVE,0.1030,1,0,0,0,321.020940000,2.1000000e-02,-2.1000000e-02,179.7137000,7.750000e-02,-7.750000e-02,0.2950,0.1590,-0.2950,7.51000,2.30000,-2.30000,5.9290e+02,8.150e+01,-8.150e+01,1.96,3.300e-01,-2.500e-01,232.0,,,0.69,0.39,-0.23,8.50,1,q1_q17_dr25_tce,5334.00,185.00,-185.00,4.492,0.112,-0.150,0.8100,0.1380,-0.1010,283.175750,47.401718,15.238
10321972,K07998.01,,CANDIDATE,CANDIDATE,0.6920,0,0,0,0,122.115550000,1.8980000e-02,-1.8980000e-02,228.3800000,1.900000e-01,-1.900000e-01,0.2300,0.2140,-0.2300,16.07000,1.30000,-1.30000,1.1040e+03,1.060e+02,-1.060e+02,2.96,9.000e-01,-5.600e-01,351.0,,,3.60,3.44,-1.54,12.20,1,q1_q17_dr25_tce,5592.00,195.00,-195.00,4.418,0.156,-0.214,0.8940,0.2730,-0.1680,283.204800,47.478271,15.546
10322797,K07999.01,,FALSE POSITIVE,FALSE POSITIVE,0.0000,0,0,0,1,1.213742728,8.8220000e-06,-8.8220000e-06,131.7412300,7.790000e-03,-7.790000e-03,0.6270,0.0560,-0.4700,3.59600,0.19800,-0.19800,3.1700e+01,1.900e+00,-1.900e+00,1.18,2.500e-01,-3.800e-01,2599.0,,,10804.60,6649.07,-6360.33,20.30,1,q1_q17_dr25_tce,6532.00,156.00,-195.00,3.961,0.266,-0.114,1.9870,0.4220,-0.6330,283.664280,47.400970,13.203
10331279,K08000.01,,CANDIDATE,CANDIDATE,0.9750,0,0,0,0,225.488050000,1.8660000e-02,-1.8660000e-02,224.2023000,7.720000e-02,-7.720000e-02,0.8170,0.0240,-0.5680,19.46000,2.30000,-2.30000,3.7990e+02,4.210e+01,-4.210e+01,1.70,4.300e-01,-1.400e-01,267.0,,,1.20,0.90,-0.30,11.60,1,q1_q17_dr25_tce,5663.00,169.00,-152.00,4.579,0.040,-0.160,0.7820,0.1940,-0.0650,288.274570,47.495781,15.306
10338529,K08002.01,,FALSE POSITIVE,FALSE POSITIVE,0.0870,1,0,0,0,366.748660000,1.9030000e-02,-1.9030000e-02,308.3136000,3.760000e-02,-3.760000e-02,0.6630,0.2840,-0.4390,12.44600,0.87400,-0.87400,4.1910e+02,5.490e+01,-5.490e+01,2.35,7.500e-01,-3.800e-01,281.0,,,1.48,1.44,-0.57,9.10,1,q1_q17_dr25_tce,6136.00,190.00,-212.00,4.368,0.108,-0.201,1.0870,0.3470,-0.1740,291.468380,47.467400,15.216
10340212,K08003.01,,FALSE POSITIVE,FALSE POSITIVE,0.0000,1,0,1,1,0.933748940,1.4500000e-05,-1.4500000e-05,131.5260000,1.530000e-02,-1.530000e-02,0.4570,0.0280,-0.4570,4.63700,0.67000,-0.67000,2.2620e+02,4.060e+01,-4.060e+01,0.18,0.000e+00,0.000e+00,433.0,,,8.36,0.00,0.00,9.30,1,q1_q17_dr25_tce,2661.00,0.00,0.00,5.283,0.000,0.000,0.1160,0.0000,0.0000,292.111150,47.452293,13.810
10383729,K08004.01,,FALSE POSITIVE,FALSE POSITIVE,0.0000,0,1,0,1,0.734548624,5.6820000e-06,-5.6820000e-06,132.1682600,9.060000e-03,-9.060000e-03,0.7470,0.0130,-0.5480,2.20700,0.16600,-0.16600,5.8600e+01,3.000e+00,-3.000e+00,0.84,2.600e-01,-9.000e-02,2082.0,,,4454.22,4156.44,-1315.92,25.10,1,q1_q17_dr25_tce,6046.00,169.00,-190.00,4.478,0.054,-0.216,1.0070,0.3180,-0.1060,280.901790,47.526241,13.594
5709226,K08104.01,,FALSE POSITIVE,FALSE POSITIVE,0.0500,1,0,0,0,317.994840000,1.1310000e-02,-1.1310000e-02,393.0306000,2.120000e-02,-2.120000e-02,0.4050,0.0420,-0.4050,7.28000,1.10000,-1.10000,7.1900e+02,1.180e+02,-1.180e+02,2.22,5.800e-01,-2.000e-01,241.0,,,0.79,0.64,-0.20,8.40,1,q1_q17_dr25_tce,5665.00,169.00,-169.00,4.568,0.031,-0.178,0.8200,0.2160,-0.0720,292.968350,40.954239,15.181
5775090,K08105.01,,FALSE POSITIVE,FALSE POSITIVE,0.0210,1,0,0,0,432.967320000,2.8190000e-02,-2.8190000e-02,173.2686000,5.590000e-02,-5.590000e-02,0.1890,0.2870,-0.1890,10.85000,1.30000,-1.30000,8.6600e+02,1.100e+02,-1.100e+02,1.64,1.700e-01,-1.300e-01,151.0,,,0.12,0.05,-0.03,10.00,1,q1_q17_dr25_tce,4403.00,131.00,-144.00,4.700,0.036,-0.049,0.5760,0.0610,-0.0450,286.240230,41.022572,15.848
5791705,K08106.01,,FALSE POSITIVE,FALSE POSITIVE,0.2170,1,0,0,0,614.390540000,1.6910000e-02,-1.6910000e-02,332.5045000,2.080000e-02,-2.080000e-02,0.1100,0.3560,-0.1100,9.31200,0.85600,-0.85600,2.8910e+02,3.430e+01,-3.430e+01,2.43,4.500e-01,-4.400e-01,269.0,,,1.24,0.58,-0.45,10.20,1,q1_q17_dr25_tce,6228.00,74.00,-80.00,4.193,0.149,-0.122,1.4270,0.2620,-0.2620,292.069310,41.042858,13.541
5802205,K08107.01,,CANDIDATE,CANDIDATE,0.3810,0,0,0,0,578.887610000,2.1970000e-02,-2.1970000e-02,219.2878000,2.300000e-02,-2.300000e-02,0.2400,0.2120,-0.2400,18.52100,0.95900,-0.95900,7.6800e+01,5.800e+00,-5.800e+00,1.69,4.500e-01,-6.700e-01,315.0,,,2.32,1.88,-1.60,15.10,1,q1_q17_dr25_tce,6180.00,195.00,-238.00,3.946,0.405,-0.135,1.9170,0.5070,-0.7600,295.087490,41.037395,11.402
5812648,K08108.01,,FALSE POSITIVE,FALSE POSITIVE,0.0800,1,0,0,0,238.561202000,7.7500000e-03,-7.7500000e-03,273.2378000,2.570000e-02,-2.570000e-02,0.7320,0.2010,-0.4930,11.90000,1.30000,-1.30000,2.6020e+02,1.990e+01,-1.990e+01,5.75,9.600e-01,-2.410e+00,568.0,,,24.55,12.70,-17.32,16.40,6,q1_q17_dr25_tce,6565.00,178.00,-218.00,3.573,0.345,-0.115,3.3080,0.5550,-1.3870,297.445070,41.010571,12.995
5858919,K08109.01,,CANDIDATE,CANDIDATE,0.2240,0,0,0,0,218.771117000,2.8180000e-03,-2.8180000e-03,250.9246900,8.690000e-03,-8.690000e-03,0.9500,0.0080,-0.6560,3.20100,0.34400,-0.34400,1.4010e+02,2.100e+01,-2.100e+01,250.20,8.200e+00,-2.625e+01,1997.0,,,3757.91,711.61,-1065.95,8.40,1,q1_q17_dr25_tce,3297.00,91.00,-91.00,0.236,0.027,-0.033,151.1840,4.9560,-15.8590,285.293880,41.102600,12.429
5872139,K08110.01,,FALSE POSITIVE,FALSE POSITIVE,0.0430,1,0,0,0,375.177370000,1.6610000e-02,-1.6610000e-02,260.4516000,3.410000e-02,-3.410000e-02,0.4050,0.0550,-0.4050,20.52000,1.20000,-1.20000,1.2300e+03,1.050e+02,-1.050e+02,3.64,1.150e+00,-3.800e-01,264.0,,,1.15,1.11,-0.38,13.70,1,q1_q17_dr25_tce,6089.00,193.00,-257.00,4.468,0.052,-0.208,1.0240,0.3240,-0.1080,290.424350,41.183498,15.920
10519701,K08212.01,,FALSE POSITIVE,FALSE POSITIVE,0.0790,1,0,0,0,334.874020000,2.4120000e-02,-2.4120000e-02,426.2844000,4.780000e-02,-4.780000e-02,1.1650,6.8910,-0.3310,35.42000,4.10000,-4.10000,3.8780e+02,2.800e+01,-2.800e+01,47.48,8.780e+00,-1.630e+01,408.0,,,6.52,3.78,-4.00,19.10,1,q1_q17_dr25_tce,6122.00,183.00,-165.00,3.811,0.293,-0.098,2.3480,0.4340,-0.8060,284.426330,47.737759,13.381
10664150,K08213.01,,FALSE POSITIVE,FALSE POSITIVE,0.1290,1,0,0,0,370.240200000,2.0500000e-02,-2.0500000e-02,307.3322000,2.890000e-02,-2.890000e-02,1.2390,7.0560,-0.3410,31.46000,2.20000,-2.20000,1.2726e+03,7.670e+01,-7.670e+01,29.24,9.230e+00,-3.090e+00,270.0,,,1.26,1.17,-0.39,20.50,1,q1_q17_dr25_tce,6296.00,169.00,-226.00,4.481,0.052,-0.208,0.9660,0.3050,-0.1020,291.294250,47.944511,15.590
10735575,K08214.01,,FALSE POSITIVE,FALSE POSITIVE,0.0000,0,1,1,1,1.674981200,1.7980000e-05,-1.7980000e-05,131.7928800,9.240000e-03,-9.240000e-03,0.3820,0.0770,-0.3820,2.70700,0.41100,-0.41100,9.4000e+01,1.310e+01,-1.310e+01,79.51,1.046e+01,-1.941e+01,8986.0,,,1540745.80,561012.86,-715515.02,8.90,1,q1_q17_dr25_tce,3940.00,63.00,-63.00,0.760,0.137,-0.112,84.4610,11.1050,-20.6230,293.578950,48.006020,11.709
10753394,K08215.01,,FALSE POSITIVE,FALSE POSITIVE,0.0100,1,0,0,0,288.678554000,5.9320000e-03,-5.9320000e-03,143.8403000,1.460000e-02,-1.460000e-02,0.7170,0.2500,-0.4970,9.19700,0.67500,-0.67500,2.4250e+02,2.500e+01,-2.500e+01,0.96,7.000e-02,-9.000e-02,172.0,,,0.21,0.06,-0.06,10.80,1,q1_q17_dr25_tce,4326.00,131.00,-131.00,4.667,0.054,-0.027,0.5750,0.0450,-0.0560,298.989320,48.077171,13.145
10875937,K08216.01,,FALSE POSITIVE,FALSE POSITIVE,0.0000,1,0,0,0,307.947357180,2.7780000e-02,-2.7780000e-02,316.0192261,1.000000e-01,-1.000000e-01,0.9660,6.7930,-0.2930,15.00000,4.40000,-4.40000,1.1296e+04,9.630e+02,-9.630e+02,76.66,4.757e+01,-2.560e+01,492.0,,,13.83,27.06,-8.26,16.50,7,q1_q17_dr25_tce,4878.00,147.00,-117.00,3.080,0.413,-0.413,4.4610,2.7680,-1.4900,297.230990,48.223919,14.092
10907307,K08217.01,,CANDIDATE,CANDIDATE,0.0000,0,0,0,0,277.251180000,1.2690000e-02,-1.2690000e-02,400.0395000,3.220000e-02,-3.220000e-02,0.9320,0.0290,-0.6420,8.74200,0.49000,-0.49000,1.5174e+03,9.790e+01,-9.790e+01,5.02,1.360e+00,-9.100e-01,304.0,,,2.02,1.61,-0.81,15.30,1,q1_q17_dr25_tce,6046.00,164.00,-164.00,4.357,0.136,-0.187,1.0480,0.2850,-0.1900,284.741270,48.343670,12.349
11087662,K08218.01,,FALSE POSITIVE,FALSE POSITIVE,0.0830,1,0,0,0,264.636540000,1.6710000e-02,-1.6710000e-02,190.9169000,2.670000e-02,-2.670000e-02,1.2470,6.8420,-0.1880,42.77000,3.30000,-3.30000,4.3180e+02,2.110e+01,-2.110e+01,42.55,7.170e+00,-6.430e+00,376.0,,,4.75,2.02,-1.50,28.20,1,q1_q17_dr25_tce,6564.00,72.00,-85.00,4.198,0.126,-0.115,1.4610,0.2460,-0.2210,293.607570,48.658379,13.328
10389280,K08005.01,,FALSE POSITIVE,FALSE POSITIVE,0.0750,1,0,0,0,375.408923000,9.4580000e-03,-9.4580000e-03,364.4869000,2.350000e-02,-2.350000e-02,0.5290,0.0230,-0.4410,11.43800,0.40100,-0.40100,8.7300e+01,6.400e+00,-6.400e+00,4.48,4.100e-01,-2.470e+00,858.0,,,128.15,39.46,-107.31,15.30,1,q1_q17_dr25_tce,11357.00,265.00,-575.00,3.667,0.495,-0.055,4.5280,0.4170,-2.5020,284.341030,47.553780,10.250
10397315,K08006.01,,FALSE POSITIVE,FALSE POSITIVE,0.0000,0,0,0,1,2.178127690,1.6860000e-05,-1.6860000e-05,132.0292200,5.520000e-03,-5.520000e-03,0.5330,0.0630,-0.4380,1.64500,0.20900,-0.20900,6.1700e+01,7.300e+00,-7.300e+00,0.78,2.400e-01,-8.000e-02,1421.0,,,963.16,884.00,-287.41,10.40,1,q1_q17_dr25_tce,6014.00,162.00,-198.00,4.494,0.054,-0.216,0.9580,0.3000,-0.1000,288.618590,47.557201,14.358
10403228,K08007.01,,CANDIDATE,CANDIDATE,0.8040,0,0,0,0,67.176626864,,,144.1192641,,,1.2360,,,3.11470,,,1.6899e+03,,,9.66,1.180e+00,-1.050e+00,179.0,,,0.24,0.08,-0.06,5.90,3,q1_q17_dr25_tce,3391.00,44.00,-40.00,4.936,0.048,-0.032,0.3110,0.0380,-0.0340,291.226720,47.549980,16.064
10405224,K08008.01,,FALSE POSITIVE,FALSE POSITIVE,0.0000,1,0,0,1,0.933780680,1.5600000e-05,-1.5600000e-05,132.4123000,1.460000e-02,-1.460000e-02,0.2510,0.2240,-0.2510,3.70600,0.44900,-0.44900,7.2700e+01,9.900e+00,-9.900e+00,0.63,6.000e-02,-5.000e-02,1427.0,,,985.20,352.16,-227.06,9.20,1,q1_q17_dr25_tce,4938.00,148.00,-148.00,4.601,0.022,-0.067,0.7530,0.0740,-0.0510,292.027400,47.509682,15.890
10405482,K08009.01,,FALSE POSITIVE,FALSE POSITIVE,0.0000,1,0,1,1,0.933738950,2.6590000e-05,-2.6590000e-05,132.4707000,3.040000e-02,-3.040000e-02,0.2590,0.2260,-0.2590,4.15600,0.51500,-0.51500,3.9600e+01,4.700e+00,-4.700e+00,0.64,2.100e-01,-7.000e-02,1993.0,,,3723.37,3729.13,-1153.35,10.50,1,q1_q17_dr25_tce,6223.00,188.00,-206.00,4.459,0.056,-0.224,1.0060,0.3350,-0.1120,292.131930,47.563740,15.194
10405546,K08010.01,,FALSE POSITIVE,FALSE POSITIVE,0.0000,0,0,1,1,0.933737180,1.2020000e-05,-1.2020000e-05,132.4634000,1.190000e-02,-1.190000e-02,0.2900,0.1670,-0.2900,2.58200,0.32100,-0.32100,1.8900e+01,2.900e+00,-2.900e+00,0.48,1.400e-01,-6.000e-02,2097.0,,,4570.22,3788.06,-1414.86,8.40,1,q1_q17_dr25_tce,6367.00,141.00,-188.00,4.419,0.062,-0.188,1.0870,0.3200,-0.1280,292.154880,47.562019,13.685
10407191,K08011.01,,CANDIDATE,CANDIDATE,1.0000,0,0,0,0,0.934206960,,,131.7425690,,,,,,3.50000,,,,,,,,,,,,,,,,1,q1_q17_dr25_tce,,,,,,,,,,292.832000,47.507389,17.305
5955197,K08111.01,,CANDIDATE,CANDIDATE,0.2230,0,0,0,0,359.338310000,1.1730000e-02,-1.1730000e-02,152.5082000,3.090000e-02,-3.090000e-02,0.1760,0.2790,-0.1760,18.56600,0.90800,-0.90800,9.7790e+02,7.170e+01,-7.170e+01,2.33,3.100e-01,-2.900e-01,216.0,,,0.52,0.26,-0.17,15.80,1,q1_q17_dr25_tce,5316.00,204.00,-186.00,4.539,0.085,-0.076,0.7530,0.1020,-0.0920,290.143040,41.277550,15.825
5955427,K08112.01,,FALSE POSITIVE,FALSE POSITIVE,0.0000,1,0,0,0,213.201978000,6.6320000e-03,-6.6320000e-03,309.9395000,2.790000e-02,-2.790000e-02,0.2140,0.2410,-0.2140,15.39600,0.83900,-0.83900,6.9690e+02,6.210e+01,-6.210e+01,1.91,8.000e-02,-1.600e-01,221.0,,,0.56,0.13,-0.14,12.90,1,q1_q17_dr25_tce,4594.00,138.00,-138.00,4.557,0.060,-0.020,0.7520,0.0310,-0.0620,290.219600,41.246811,15.599
5956977,K08113.01,,FALSE POSITIVE,FALSE POSITIVE,0.1080,1,0,0,0,77.773042000,1.0910000e-03,-1.0910000e-03,168.8387000,1.220000e-02,-1.220000e-02,0.5580,0.4120,-0.3490,2.28500,0.39100,-0.39100,4.3260e+02,7.240e+01,-7.240e+01,15.03,3.130e+00,-5.200e-01,955.0,,,196.50,109.88,-19.91,7.70,1,q1_q17_dr25_tce,4763.00,79.00,-43.00,2.685,0.030,-0.030,7.0680,1.4720,-0.2450,290.717830,41.247318,12.393
6043574,K08114.01,,FALSE POSITIVE,FALSE POSITIVE,0.1020,1,0,0,0,381.782641000,7.2630000e-03,-7.2630000e-03,241.1226000,1.150000e-02,-1.150000e-02,1.2040,7.0050,-0.0480,4.52000,1.10000,-1.10000,3.6760e+02,6.010e+01,-6.010e+01,55.75,1.056e+01,-2.113e+01,384.0,,,5.12,3.03,-3.35,8.60,1,q1_q17_dr25_tce,6056.00,183.00,-165.00,3.816,0.300,-0.100,2.2900,0.4340,-0.8680,292.190370,41.311440,12.428
6049470,K08115.01,,FALSE POSITIVE,FALSE POSITIVE,0.0480,1,0,0,0,354.789700000,1.3400000e-01,-1.3400000e-01,434.3940000,1.560000e-01,-1.560000e-01,0.4490,0.0200,-0.4490,12.62000,7.70000,-7.70000,8.1000e+01,1.050e+01,-1.050e+01,0.47,4.000e-02,-7.000e-02,134.0,,,0.08,0.02,-0.03,9.20,1,q1_q17_dr25_tce,3778.00,76.00,-83.00,4.742,0.071,-0.038,0.5150,0.0480,-0.0710,293.964230,41.318802,10.067
6105359,K08116.01,,FALSE POSITIVE,FALSE POSITIVE,0.2530,1,0,0,0,235.544698000,8.2290000e-03,-8.2290000e-03,191.2774000,2.240000e-02,-2.240000e-02,0.0050,0.4530,-0.0050,8.93000,0.82500,-0.82500,2.9930e+02,3.590e+01,-3.590e+01,2.13,5.500e-01,-5.500e-01,316.0,,,2.36,1.84,-1.21,9.20,1,q1_q17_dr25_tce,5533.00,166.00,-166.00,4.244,0.220,-0.160,1.2550,0.3250,-0.3250,284.932160,41.454010,14.489
6114140,K08117.01,,CANDIDATE,CANDIDATE,0.0000,0,0,0,0,0.933745798,2.3480000e-06,-2.3480000e-06,131.5211800,2.050000e-03,-2.050000e-03,0.9610,0.0020,-0.0030,6.44700,0.16200,-0.16200,6.1380e+02,1.190e+01,-1.190e+01,3.45,1.070e+00,-4.200e-01,2097.0,,,4570.22,4143.30,-1500.36,75.30,1,q1_q17_dr25_tce,6367.00,172.00,-211.00,4.419,0.065,-0.195,1.0870,0.3360,-0.1340,288.770900,41.412571,15.485
11099109,K08219.01,,FALSE POSITIVE,FALSE POSITIVE,0.0000,1,0,0,0,115.284150000,3.7390000e-02,-3.7390000e-02,219.6120000,3.070000e-01,-3.070000e-01,0.3900,0.0440,-0.3900,11.39000,7.60000,-7.60000,4.1510e+02,4.130e+01,-4.130e+01,2.05,0.000e+00,0.000e+00,374.0,,,4.63,0.00,0.00,9.50,1,q1_q17_dr25_tce,5780.00,,,4.438,,,1.0000,,,298.186190,48.685757,13.652
11124353,K08220.01,,FALSE POSITIVE,FALSE POSITIVE,0.1630,1,0,0,0,423.730740000,5.7310000e-02,-5.7310000e-02,548.9392000,4.620000e-02,-4.620000e-02,0.3700,0.1140,-0.3640,19.40000,2.00000,-2.00000,8.3490e+02,9.270e+01,-9.270e+01,2.48,8.100e-01,-2.900e-01,225.0,,,0.60,0.72,-0.25,12.10,2,q1_q17_dr25_tce,5743.00,330.00,-403.00,4.553,0.050,-0.200,0.8530,0.2780,-0.0990,284.292690,48.704021,15.969
11338091,K08221.01,,CANDIDATE,CANDIDATE,0.0920,0,0,0,0,293.386410000,1.8110000e-02,-1.8110000e-02,308.6624000,3.490000e-02,-3.490000e-02,0.5370,0.4150,-0.3240,15.23000,3.30000,-3.30000,9.4900e+01,6.900e+00,-6.900e+00,1.35,3.900e-01,-3.100e-01,347.0,,,3.43,2.91,-1.69,13.40,1,q1_q17_dr25_tce,6392.00,181.00,-227.00,4.213,0.185,-0.185,1.3400,0.3820,-0.3130,284.790710,49.125359,11.097
11400356,K08222.01,,FALSE POSITIVE,FALSE POSITIVE,0.1120,1,0,0,0,677.562820000,3.2860000e-02,-3.2860000e-02,214.2391000,4.450000e-02,-4.450000e-02,0.5370,0.4380,-0.3230,10.53000,2.40000,-2.40000,6.3100e+02,1.190e+02,-1.190e+02,2.24,5.100e-01,-2.700e-01,190.0,,,0.31,0.22,-0.10,8.50,1,q1_q17_dr25_tce,5511.00,166.00,-166.00,4.477,0.096,-0.144,0.8720,0.1960,-0.1050,290.476230,49.202610,15.721
11446424,K08223.01,,CANDIDATE,CANDIDATE,0.5220,0,0,0,0,66.716453000,1.9380000e-03,-1.9380000e-03,150.0569000,2.440000e-02,-2.440000e-02,0.5480,0.0060,-0.4880,3.85500,0.91200,-0.91200,6.2600e+02,1.250e+02,-1.250e+02,2.20,4.800e-01,-2.300e-01,402.0,,,6.18,4.14,-1.83,8.10,1,q1_q17_dr25_tce,5447.00,164.00,-164.00,4.506,0.074,-0.137,0.8590,0.1870,-0.0930,286.794620,49.347591,15.968
11449696,K08224.01,,FALSE POSITIVE,FALSE POSITIVE,0.0270,1,0,0,0,371.212050000,2.2120000e-02,-2.2120000e-02,307.6693000,5.420000e-02,-5.420000e-02,0.3570,0.1160,-0.3570,19.95000,1.60000,-1.60000,7.1990e+02,6.810e+01,-6.810e+01,2.55,8.100e-01,-2.800e-01,259.0,,,1.07,1.01,-0.35,12.90,1,q1_q17_dr25_tce,6106.00,191.00,-233.00,4.497,0.054,-0.216,0.9400,0.2950,-0.1050,288.814090,49.355610,15.402
11456839,K08225.01,,FALSE POSITIVE,FALSE POSITIVE,0.0000,1,0,0,0,190.783023000,5.0170000e-03,-5.0170000e-03,213.6601000,1.210000e-02,-1.210000e-02,0.0880,0.3840,-0.0880,4.06900,0.42000,-0.42000,1.3850e+03,1.770e+02,-1.770e+02,71.66,2.880e+00,-2.596e+01,989.0,,,226.51,38.74,-154.58,9.50,1,q1_q17_dr25_tce,5013.00,100.00,-301.00,2.394,0.039,-0.024,19.8130,0.7970,-7.1760,292.735110,49.330639,13.716
10452252,K08012.01,,CANDIDATE,CANDIDATE,0.9890,0,0,0,0,34.573718512,,,136.2275493,,,0.2200,,,2.17420,,,3.9900e+02,,,0.42,1.700e-01,-1.200e-01,199.0,,,0.37,0.47,-0.19,5.70,7,q1_q17_dr25_tce,3374.00,112.00,-82.00,5.066,0.103,-0.126,0.2180,0.0900,-0.0600,283.150570,47.671967,15.708
10462462,K08013.01,,FALSE POSITIVE,FALSE POSITIVE,0.0000,0,1,0,0,0.855815630,,,132.1452541,,,,,,10.27000,,,,,,,,,,,,,,,,1,q1_q17_dr25_tce,,,,,,,,,,288.495820,47.640781,16.951
10470882,K08014.01,,FALSE POSITIVE,FALSE POSITIVE,0.0000,0,0,1,1,0.933749100,1.4670000e-05,-1.4670000e-05,132.4490000,1.470000e-02,-1.470000e-02,0.0840,0.3980,-0.0840,3.84200,0.28800,-0.28800,9.8100e+01,9.400e+00,-9.400e+00,0.79,2.000e-01,-6.000e-02,1662.0,,,1809.26,1416.75,-482.60,12.60,1,q1_q17_dr25_tce,5628.00,186.00,-186.00,4.575,0.040,-0.160,0.8080,0.2030,-0.0680,292.080990,47.613461,15.958
10470993,K08015.01,,FALSE POSITIVE,FALSE POSITIVE,0.0000,0,0,1,1,0.933744170,1.1100000e-05,-1.1100000e-05,132.4455900,9.910000e-03,-9.910000e-03,0.2770,0.1890,-0.2770,3.38500,0.39400,-0.39400,3.1300e+01,4.000e+00,-4.000e+00,0.64,2.200e-01,-7.000e-02,2126.0,,,4835.58,4769.19,-1525.73,9.90,1,q1_q17_dr25_tce,6363.00,153.00,-211.00,4.399,0.070,-0.210,1.1310,0.3890,-0.1300,292.122770,47.646069,14.616
10471005,K08016.01,,FALSE POSITIVE,FALSE POSITIVE,0.0000,0,0,1,1,0.933746350,1.4360000e-05,-1.4360000e-05,131.5163000,1.470000e-02,-1.470000e-02,0.0960,0.3940,-0.0960,3.07400,0.69200,-0.69200,3.4300e+01,7.200e+00,-7.200e+00,0.63,1.800e-01,-1.100e-01,1895.0,,,3029.67,2555.63,-1191.78,7.30,1,q1_q17_dr25_tce,5593.00,166.00,-166.00,4.349,0.144,-0.192,1.0940,0.3070,-0.1890,292.127840,47.614342,14.901
10471055,K08017.01,,FALSE POSITIVE,FALSE POSITIVE,0.0000,0,0,1,1,0.933746500,1.4770000e-05,-1.4770000e-05,131.5267000,1.510000e-02,-1.510000e-02,0.1670,0.2820,-0.1670,3.62900,0.32400,-0.32400,4.9900e+01,5.200e+00,-5.200e+00,0.63,1.900e-01,-6.000e-02,1863.0,,,2852.33,2737.51,-889.17,11.60,1,q1_q17_dr25_tce,6102.00,214.00,-235.00,4.528,0.050,-0.200,0.8870,0.2720,-0.0910,292.141020,47.626240,15.024
10471204,K08018.01,,FALSE POSITIVE,FALSE POSITIVE,0.0000,0,0,1,1,0.933716310,1.6560000e-05,-1.6560000e-05,131.5435000,1.490000e-02,-1.490000e-02,0.4010,0.0890,-0.4010,4.34400,0.42100,-0.42100,6.1300e+01,7.500e+00,-7.500e+00,0.70,1.900e-01,-6.000e-02,1743.0,,,2180.39,1781.13,-573.21,10.30,1,q1_q17_dr25_tce,5734.00,156.00,-173.00,4.538,0.034,-0.184,0.8830,0.2450,-0.0770,292.205230,47.648300,15.824
6119605,K08118.01,,FALSE POSITIVE,FALSE POSITIVE,0.1330,1,0,0,0,260.022650000,4.0210000e-03,-4.0210000e-03,329.8262000,1.110000e-02,-1.110000e-02,0.8420,0.0780,-0.5750,12.00900,0.43600,-0.43600,2.0607e+03,9.050e+01,-9.050e+01,3.13,2.900e-01,-1.600e-01,217.0,,,0.53,0.18,-0.11,25.70,6,q1_q17_dr25_tce,5250.00,157.00,-141.00,4.684,0.032,-0.056,0.6080,0.0570,-0.0310,290.519930,41.465130,14.288
6230649,K08119.01,,FALSE POSITIVE,FALSE POSITIVE,0.0010,1,0,1,0,443.660000000,1.1370000e-01,-1.1370000e-01,523.3480000,3.370000e-01,-3.370000e-01,1.1940,6.7310,-0.1660,7.99000,3.40000,-3.40000,3.6070e+02,8.930e+01,-8.930e+01,33.20,6.720e+00,-7.390e+00,331.0,,,2.85,1.73,-1.35,6.30,1,q1_q17_dr25_tce,6743.00,183.00,-224.00,4.144,0.198,-0.132,1.4330,0.2900,-0.3190,298.462130,41.525600,11.765
6286633,K08120.01,,FALSE POSITIVE,FALSE POSITIVE,0.0000,1,0,0,0,366.289990000,1.1100000e-02,-1.1100000e-02,460.2423000,1.310000e-02,-1.310000e-02,0.6540,0.2820,-0.4450,10.86900,0.60300,-0.60300,2.5680e+03,2.460e+02,-2.460e+02,68.39,2.740e+00,-2.606e+01,666.0,,,46.47,5.81,-30.42,11.90,3,q1_q17_dr25_tce,5083.00,50.00,-130.00,2.708,0.033,-0.027,12.8680,0.5160,-4.9030,292.326110,41.671761,10.664
6451125,K08121.01,,FALSE POSITIVE,FALSE POSITIVE,0.0000,0,0,1,0,72.654984200,5.1200000e-04,-5.1200000e-04,170.5919500,5.810000e-03,-5.810000e-03,1.1410,7.1330,-0.1200,5.50300,0.27400,-0.27400,3.8930e+02,2.030e+01,-2.030e+01,34.52,6.430e+00,-1.103e+01,699.0,,,56.33,31.17,-33.23,22.10,1,q1_q17_dr25_tce,6793.00,170.00,-204.00,3.926,0.292,-0.097,1.9600,0.3650,-0.6260,294.421450,41.896900,13.492
6507334,K08122.01,,CANDIDATE,CANDIDATE,0.7310,0,0,0,0,54.753883835,,,156.2192927,,,0.0090,,,2.08650,,,4.4230e+02,,,2.21,7.600e-01,-2.600e-01,521.0,,,17.47,17.66,-5.49,0.90,1,q1_q17_dr25_tce,6242.00,168.00,-205.00,4.442,0.058,-0.232,1.0470,0.3610,-0.1200,286.470370,41.994789,14.840
6516529,K08123.01,,FALSE POSITIVE,FALSE POSITIVE,0.0020,1,0,0,0,379.428180000,4.2970000e-02,-4.2970000e-02,358.9906000,3.450000e-02,-3.450000e-02,0.0060,0.4240,-0.0060,11.24000,1.30000,-1.30000,4.0390e+02,4.380e+01,-4.380e+01,1.89,5.900e-01,-1.900e-01,252.0,,,0.95,0.86,-0.27,11.10,1,q1_q17_dr25_tce,5947.00,160.00,-178.00,4.487,0.054,-0.216,0.9450,0.2940,-0.0980,289.984190,41.918591,13.782
6521526,K08124.01,,FALSE POSITIVE,FALSE POSITIVE,0.0120,1,0,0,0,103.039788000,3.3800000e-03,-3.3800000e-03,164.9409000,2.460000e-02,-2.460000e-02,0.0390,0.4480,-0.0390,14.19700,0.68200,-0.68200,1.3700e+03,1.010e+02,-1.010e+02,2.05,1.000e-01,-2.500e-01,210.0,,,0.46,0.12,-0.15,15.90,5,q1_q17_dr25_tce,3749.00,117.00,-143.00,4.674,0.072,-0.022,0.5810,0.0300,-0.0700,291.523930,41.942940,15.084
11501492,K08226.01,,FALSE POSITIVE,FALSE POSITIVE,0.0000,1,0,0,0,371.904640000,2.4260000e-02,-2.4260000e-02,308.9957000,3.870000e-02,-3.870000e-02,0.9220,0.0070,-0.6460,25.36000,1.30000,-1.30000,5.1910e+02,4.070e+01,-4.070e+01,2.88,9.400e-01,-3.100e-01,271.0,,,1.28,1.27,-0.41,14.40,1,q1_q17_dr25_tce,6164.00,193.00,-236.00,4.446,0.056,-0.210,1.0450,0.3410,-0.1140,288.724060,49.466091,15.155
11558217,K08227.01,,FALSE POSITIVE,FALSE POSITIVE,0.2230,1,0,0,0,362.858010000,3.4970000e-02,-3.4970000e-02,152.6104000,9.280000e-02,-9.280000e-02,0.6260,0.3440,-0.4090,17.03000,2.80000,-2.80000,1.5160e+02,1.940e+01,-1.940e+01,1.90,5.500e-01,-4.500e-01,353.0,,,3.66,3.03,-1.82,10.10,1,q1_q17_dr25_tce,6740.00,163.00,-245.00,4.165,0.204,-0.167,1.4710,0.4250,-0.3480,291.344020,49.577091,13.503
11649292,K08228.01,,FALSE POSITIVE,FALSE POSITIVE,0.0150,1,0,0,0,384.558321000,5.4430000e-03,-5.4430000e-03,160.7327600,9.120000e-03,-9.120000e-03,0.9470,0.0120,-0.6620,4.76000,0.33700,-0.33700,1.3300e+03,1.500e+02,-1.500e+02,14.33,6.460e+00,-5.280e+00,382.0,,,5.03,6.70,-3.20,10.10,1,q1_q17_dr25_tce,5078.00,132.00,-112.00,3.479,0.352,-0.288,3.0000,1.3520,-1.1060,284.109530,49.733379,13.822
11760931,K08229.01,,FALSE POSITIVE,FALSE POSITIVE,0.0960,1,0,0,0,397.727330000,2.7760000e-02,-2.7760000e-02,264.7499000,5.730000e-02,-5.730000e-02,0.0130,0.4380,-0.0130,11.68300,0.95500,-0.95500,2.3280e+02,3.030e+01,-3.030e+01,1.48,4.600e-01,-1.500e-01,253.0,,,0.97,0.89,-0.29,9.00,1,q1_q17_dr25_tce,6032.00,180.00,-198.00,4.485,0.050,-0.213,0.9730,0.3000,-0.1000,290.603490,49.992420,14.209
11854061,K08230.01,,FALSE POSITIVE,FALSE POSITIVE,0.0010,1,0,0,0,504.884190000,2.1020000e-02,-2.1020000e-02,357.6471000,2.580000e-02,-2.580000e-02,1.2600,6.9120,-0.1280,20.18000,1.70000,-1.70000,5.0580e+03,3.960e+02,-3.960e+02,25.19,2.000e+00,-2.230e+00,157.0,,,0.14,0.05,-0.03,15.90,4,q1_q17_dr25_tce,4559.00,143.00,-143.00,4.612,0.056,-0.024,0.6550,0.0520,-0.0580,285.734740,50.124962,15.588
11868122,K08231.01,,FALSE POSITIVE,FALSE POSITIVE,0.0000,1,0,0,0,384.922750000,3.9770000e-02,-3.9770000e-02,238.6778000,6.760000e-02,-6.760000e-02,0.2880,0.1310,-0.2880,9.98000,2.60000,-2.60000,1.8480e+02,3.030e+01,-3.030e+01,1.64,4.900e-01,-5.000e-01,298.0,,,1.87,1.74,-1.07,7.20,1,q1_q17_dr25_tce,6070.00,199.00,-199.00,4.186,0.351,-0.189,1.1910,0.3590,-0.3590,293.968440,50.178219,13.889
11872364,K08232.01,,CANDIDATE,CANDIDATE,0.4920,0,0,0,0,189.183958000,4.2110000e-03,-4.2110000e-03,132.3331000,1.690000e-02,-1.690000e-02,0.6800,0.0620,-0.4880,6.82900,0.63400,-0.63400,1.0140e+03,1.120e+02,-1.120e+02,3.31,9.500e-01,-5.900e-01,312.0,,,2.23,1.98,-0.89,11.20,6,q1_q17_dr25_tce,5573.00,182.00,-166.00,4.382,0.158,-0.193,0.9810,0.2830,-0.1740,295.865330,50.133480,15.053
10471243,K08019.01,,FALSE POSITIVE,FALSE POSITIVE,0.0000,1,0,1,1,0.933761310,1.4290000e-05,-1.4290000e-05,132.4342000,1.560000e-02,-1.560000e-02,0.3120,0.1670,-0.3120,3.74700,0.45200,-0.45200,5.5600e+01,6.700e+00,-6.700e+00,0.61,1.400e-01,-5.000e-02,1682.0,,,1891.81,1305.24,-449.54,10.50,1,q1_q17_dr25_tce,5665.00,152.00,-152.00,4.568,0.040,-0.160,0.8200,0.1910,-0.0640,292.220830,47.635689,15.529
10471296,K08020.01,,FALSE POSITIVE,FALSE POSITIVE,0.0000,1,0,1,1,0.933772530,1.2070000e-05,-1.2070000e-05,132.4290000,1.160000e-02,-1.160000e-02,0.0040,0.4550,-0.0040,2.54400,0.33500,-0.33500,3.0000e+01,4.200e+00,-4.200e+00,0.43,9.000e-02,-4.000e-02,1644.0,,,1734.32,1032.96,-452.78,8.40,1,q1_q17_dr25_tce,5595.00,152.00,-152.00,4.581,0.036,-0.135,0.7960,0.1570,-0.0730,292.245880,47.633430,14.644
10535886,K08021.01,,FALSE POSITIVE,FALSE POSITIVE,0.0000,0,0,0,1,0.933760210,1.3330000e-05,-1.3330000e-05,132.4413000,1.120000e-02,-1.120000e-02,0.2970,0.1760,-0.2970,3.18200,0.36000,-0.36000,5.6500e+01,7.300e+00,-7.300e+00,0.40,2.000e-02,-2.000e-02,1019.0,,,253.97,32.47,-34.58,9.50,1,q1_q17_dr25_tce,3885.00,50.00,-46.00,4.710,0.028,-0.016,0.5400,0.0190,-0.0260,292.178470,47.750751,15.446
10535897,K08022.01,,FALSE POSITIVE,FALSE POSITIVE,0.0000,0,0,0,1,0.933720080,1.2620000e-05,-1.2620000e-05,131.5440000,1.180000e-02,-1.180000e-02,0.4130,0.0530,-0.4130,2.59100,0.39400,-0.39400,1.7000e+01,2.800e+00,-2.800e+00,0.41,1.300e-01,-4.000e-02,1990.0,,,3704.01,3308.99,-1133.17,7.90,1,q1_q17_dr25_tce,6221.00,169.00,-206.00,4.452,0.067,-0.216,0.9830,0.2990,-0.1070,292.183780,47.722832,13.793
10535926,K08023.01,,FALSE POSITIVE,FALSE POSITIVE,0.0000,1,0,1,1,0.933735910,1.3440000e-05,-1.3440000e-05,132.4600000,1.310000e-02,-1.310000e-02,0.2100,0.2690,-0.2100,4.51700,0.36300,-0.36300,3.5100e+01,4.300e+00,-4.300e+00,0.57,1.700e-01,-7.000e-02,1904.0,,,3116.05,2800.26,-1016.28,10.80,1,q1_q17_dr25_tce,6028.00,163.00,-199.00,4.470,0.067,-0.202,0.9500,0.2910,-0.1160,292.196230,47.766590,14.920
10535991,K08024.01,,FALSE POSITIVE,FALSE POSITIVE,0.0000,0,0,1,1,0.933749110,1.7450000e-05,-1.7450000e-05,132.4534000,1.790000e-02,-1.790000e-02,0.5050,0.0050,-0.4710,3.50400,0.43200,-0.43200,5.7800e+01,8.700e+00,-8.700e+00,0.66,1.900e-01,-6.000e-02,1793.0,,,2442.70,1992.85,-660.15,8.40,1,q1_q17_dr25_tce,5978.00,161.00,-179.00,4.554,0.036,-0.192,0.8460,0.2350,-0.0780,292.227600,47.746262,15.767
10536177,K08025.01,,FALSE POSITIVE,FALSE POSITIVE,0.0000,1,0,1,0,0.933722610,2.0510000e-05,-2.0510000e-05,131.5423000,2.170000e-02,-2.170000e-02,0.5340,0.4580,-0.3140,3.05200,0.85000,-0.85000,3.1200e+01,5.100e+00,-5.100e+00,0.59,1.700e-01,-8.000e-02,1949.0,,,3430.76,2967.19,-1109.12,8.20,1,q1_q17_dr25_tce,5984.00,161.00,-179.00,4.419,0.087,-0.203,1.0170,0.3000,-0.1280,292.311650,47.725830,14.862
6600492,K08125.01,,FALSE POSITIVE,FALSE POSITIVE,0.0270,1,0,0,0,312.610070000,1.1670000e-02,-1.1670000e-02,325.3776000,2.750000e-02,-2.750000e-02,0.6010,0.0030,-0.5000,14.85000,1.10000,-1.10000,4.3870e+02,4.210e+01,-4.210e+01,2.01,4.800e-01,-1.900e-01,258.0,,,1.05,0.71,-0.29,11.90,1,q1_q17_dr25_tce,5818.00,140.00,-175.00,4.523,0.042,-0.168,0.9250,0.2170,-0.0870,290.082030,42.071129,14.728
6685403,K08126.01,,FALSE POSITIVE,FALSE POSITIVE,0.0010,1,0,0,0,429.601430000,1.7920000e-02,-1.7920000e-02,269.5261000,3.710000e-02,-3.710000e-02,0.0250,0.4360,-0.0250,18.11000,1.00000,-1.00000,1.0014e+03,8.790e+01,-8.790e+01,2.74,6.900e-01,-3.000e-01,223.0,,,0.58,0.45,-0.17,12.20,2,q1_q17_dr25_tce,5587.00,166.00,-166.00,4.502,0.069,-0.173,0.8770,0.2220,-0.0950,289.969420,42.138859,15.596
6846544,K08127.01,,FALSE POSITIVE,FALSE POSITIVE,0.0400,1,0,0,0,499.881590000,3.1240000e-02,-3.1240000e-02,319.3109000,5.210000e-02,-5.210000e-02,0.6710,0.2680,-0.4500,13.39000,4.80000,-4.80000,1.8440e+02,2.130e+01,-2.130e+01,2.61,5.900e-01,-7.300e-01,338.0,,,3.07,2.01,-1.63,12.40,1,q1_q17_dr25_tce,6486.00,155.00,-175.00,3.992,0.247,-0.133,1.8120,0.4110,-0.5030,286.081360,42.305740,12.968
6848529,K08128.01,,FALSE POSITIVE,FALSE POSITIVE,0.0110,1,0,0,0,197.377040000,1.2170000e-02,-1.2170000e-02,306.7686000,2.970000e-02,-2.970000e-02,1.2770,6.9640,-0.2010,18.71000,1.50000,-1.50000,2.2620e+02,1.780e+01,-1.780e+01,84.37,2.358e+01,-2.880e+01,815.0,,,104.45,83.71,-66.79,15.10,7,q1_q17_dr25_tce,10974.00,266.00,-495.00,4.041,0.258,-0.172,2.6770,0.7480,-0.9140,286.918880,42.306129,10.734
6887321,K08129.01,,FALSE POSITIVE,FALSE POSITIVE,0.0000,0,0,1,0,1.657460340,2.8780000e-05,-2.8780000e-05,131.6967000,2.230000e-02,-2.230000e-02,0.1930,0.2540,-0.1930,4.57200,0.78500,-0.78500,2.2900e+01,3.600e+00,-3.600e+00,0.54,1.500e-01,-1.000e-01,1663.0,,,1808.13,1507.96,-768.96,9.10,1,q1_q17_dr25_tce,5860.00,158.00,-193.00,4.326,0.153,-0.187,1.1300,0.3210,-0.2140,297.927980,42.310829,13.869
6953281,K08130.01,,FALSE POSITIVE,FALSE POSITIVE,0.0000,0,0,1,1,0.566799395,1.1520000e-06,-1.1520000e-06,131.7971700,1.760000e-03,-1.760000e-03,0.0420,0.4550,-0.0420,1.53680,0.06140,-0.06140,2.3120e+02,8.400e+00,-8.400e+00,1.65,5.300e-01,-1.800e-01,2448.0,,,8550.93,8184.99,-2725.67,33.70,1,q1_q17_dr25_tce,6322.00,175.00,-241.00,4.426,0.065,-0.208,1.0750,0.3490,-0.1160,293.267270,42.428070,15.557
7020168,K08131.01,,FALSE POSITIVE,FALSE POSITIVE,0.2590,1,0,0,0,203.840600000,1.7820000e-02,-1.7820000e-02,250.6264000,5.570000e-02,-5.570000e-02,0.0400,0.4150,-0.0400,9.33000,1.70000,-1.70000,2.2740e+02,3.710e+01,-3.710e+01,2.41,9.300e-01,-1.130e+00,385.0,,,5.21,6.17,-3.89,8.60,8,q1_q17_dr25_tce,5548.00,183.00,-133.00,3.970,0.532,-0.228,1.6160,0.6230,-0.7610,287.240510,42.573139,13.499
12012872,K08233.01,,FALSE POSITIVE,FALSE POSITIVE,0.0090,0,0,1,0,14.395425000,5.9780000e-04,-5.9780000e-04,140.9770000,3.690000e-02,-3.690000e-02,0.3980,0.0520,-0.3980,5.12000,1.10000,-1.10000,1.1540e+02,1.450e+01,-1.450e+01,0.85,2.100e-01,-7.000e-02,672.0,,,48.08,35.38,-11.85,9.40,1,q1_q17_dr25_tce,5715.00,154.00,-154.00,4.586,0.042,-0.168,0.7820,0.1950,-0.0650,291.480680,50.473660,13.686
12069319,K08234.01,,FALSE POSITIVE,FALSE POSITIVE,0.0000,1,0,0,0,231.157554000,4.9330000e-03,-4.9330000e-03,346.9489600,9.030000e-03,-9.030000e-03,0.7490,0.2040,-0.5000,8.48900,0.38700,-0.38700,8.4560e+02,5.520e+01,-5.520e+01,37.37,7.600e-01,-1.355e+01,789.0,,,91.65,13.52,-63.12,17.40,1,q1_q17_dr25_tce,5386.00,133.00,-347.00,2.780,0.030,-0.030,11.8390,0.2390,-4.2930,295.397950,50.539268,13.451
12121118,K08235.01,,FALSE POSITIVE,FALSE POSITIVE,0.0050,1,0,0,0,495.065380000,3.7190000e-02,-3.7190000e-02,245.5670000,6.100000e-02,-6.100000e-02,0.3410,0.1230,-0.3410,21.09000,2.60000,-2.60000,4.1700e+02,3.710e+01,-3.710e+01,2.00,6.200e-01,-2.100e-01,236.0,,,0.74,0.68,-0.22,13.20,1,q1_q17_dr25_tce,6075.00,180.00,-198.00,4.486,0.050,-0.200,0.9690,0.3000,-0.1000,296.656710,50.687210,14.116
12252732,K08236.01,,FALSE POSITIVE,FALSE POSITIVE,0.0080,1,0,0,0,595.781520000,3.3890000e-02,-3.3890000e-02,363.7685000,3.250000e-02,-3.250000e-02,0.1640,0.2830,-0.1640,15.97000,1.20000,-1.20000,8.4900e+01,9.500e+00,-9.500e+00,1.18,2.400e-01,-3.400e-01,245.0,,,0.85,0.53,-0.46,10.60,1,q1_q17_dr25_tce,5618.00,154.00,-126.00,4.155,0.286,-0.132,1.2880,0.2710,-0.3720,288.193210,50.921619,11.446
12554051,K08237.01,,FALSE POSITIVE,FALSE POSITIVE,0.1000,1,0,0,0,365.709623000,9.7030000e-03,-9.7030000e-03,183.4903000,2.540000e-02,-2.540000e-02,0.3380,0.1270,-0.3380,13.55300,0.77400,-0.77400,1.0334e+03,8.110e+01,-8.110e+01,26.93,4.270e+00,-2.300e+00,604.0,,,31.42,14.69,-7.68,15.10,1,q1_q17_dr25_tce,4787.00,108.00,-120.00,2.629,0.030,-0.033,8.5220,1.3520,-0.7280,288.817140,51.592911,13.888
12554485,K08238.01,,CANDIDATE,CANDIDATE,0.4440,0,0,0,0,495.662346000,6.7360000e-03,-6.7360000e-03,561.4127000,8.230000e-03,-8.230000e-03,0.9490,0.0180,-0.6790,4.42800,0.35000,-0.35000,6.7570e+02,7.760e+01,-7.760e+01,2.73,5.600e-01,-3.300e-01,207.0,,,0.43,0.29,-0.14,10.20,1,q1_q17_dr25_tce,5515.00,193.00,-193.00,4.509,0.077,-0.132,0.8200,0.1700,-0.0990,289.090820,51.532009,14.322
12555140,K08239.01,,FALSE POSITIVE,FALSE POSITIVE,0.0000,1,0,0,0,655.257320000,3.8980000e-02,-3.8980000e-02,185.9927000,5.840000e-02,-5.840000e-02,0.1410,0.3160,-0.1410,20.05000,1.70000,-1.70000,2.6820e+02,2.740e+01,-2.740e+01,1.56,4.400e-01,-1.600e-01,226.0,,,0.62,0.50,-0.18,11.50,1,q1_q17_dr25_tce,6420.00,154.00,-192.00,4.492,0.050,-0.200,0.9410,0.2720,-0.0910,289.521210,51.574680,13.892
10536241,K08026.01,,CANDIDATE,CANDIDATE,0.9180,0,0,0,0,7.752934200,1.4440000e-04,-1.4440000e-04,137.4877000,1.590000e-02,-1.590000e-02,0.4490,0.0180,-0.4290,5.07200,0.43600,-0.43600,7.2100e+01,9.000e+00,-9.000e+00,0.93,2.600e-01,-2.000e-01,1002.0,,,238.09,194.76,-106.08,9.20,1,q1_q17_dr25_tce,5975.00,160.00,-178.00,4.335,0.175,-0.193,1.0720,0.2990,-0.2240,292.339510,47.746391,14.751
10614845,K08027.01,,FALSE POSITIVE,FALSE POSITIVE,0.0000,1,0,0,0,0.573762943,6.9510000e-06,-6.9510000e-06,131.8019300,8.010000e-03,-8.010000e-03,0.1300,0.3470,-0.1300,2.19600,0.38700,-0.38700,4.8300e+01,7.800e+00,-7.800e+00,0.39,3.000e-02,-2.000e-02,1538.0,,,1331.17,398.19,-320.43,8.50,1,q1_q17_dr25_tce,4891.00,161.00,-161.00,4.683,0.052,-0.032,0.5710,0.0390,-0.0390,297.168400,47.821129,14.028
10616829,K08028.01,,FALSE POSITIVE,FALSE POSITIVE,0.0000,0,1,0,0,1.072934147,1.4500000e-07,-1.4500000e-07,132.2930660,1.090000e-04,-1.090000e-04,1.0090,0.0160,-0.0190,4.50475,0.00753,-0.00753,9.6883e+04,1.230e+02,-1.230e+02,81.42,2.812e+01,-1.406e+01,2523.0,,,9590.04,10099.03,-4200.19,949.00,1,q1_q17_dr25_tce,7031.00,225.00,-338.00,4.222,0.105,-0.210,1.5230,0.5260,-0.2630,297.742430,47.891682,13.960
10686909,K08029.01,,FALSE POSITIVE,FALSE POSITIVE,0.0000,0,0,1,1,2.618545960,6.2400000e-05,-6.2400000e-05,133.9991000,2.160000e-02,-2.160000e-02,0.0330,0.4320,-0.0330,4.86600,0.71800,-0.71800,1.9700e+01,3.100e+00,-3.100e+00,1.18,2.100e-01,-5.100e-01,2008.0,,,3846.53,2226.39,-2719.71,8.10,1,q1_q17_dr25_tce,5657.00,172.00,-154.00,3.721,0.322,-0.115,2.6820,0.4920,-1.1480,299.068020,47.920029,13.133
10730250,K08030.01,,FALSE POSITIVE,FALSE POSITIVE,0.0000,0,0,1,0,13.667809025,,,134.6559996,,,0.2120,,,2.79930,,,1.2770e+02,,,0.91,2.300e-01,-8.000e-02,705.0,,,58.32,43.00,-14.91,2.60,1,q1_q17_dr25_tce,5796.00,155.00,-155.00,4.556,0.044,-0.176,0.8070,0.2020,-0.0720,291.474240,48.026958,14.812
10790401,K08031.01,,CANDIDATE,CANDIDATE,0.3710,0,0,0,0,254.336707000,7.8090000e-03,-7.8090000e-03,200.5875000,1.610000e-02,-1.610000e-02,0.7280,0.2090,-0.5320,8.58500,0.69000,-0.69000,3.9840e+02,4.110e+01,-4.110e+01,13.97,4.100e-01,-3.880e+00,586.0,,,27.88,3.42,-15.24,11.30,1,q1_q17_dr25_tce,5193.00,76.00,-178.00,3.117,0.033,-0.027,6.5020,0.1900,-1.8070,289.027500,48.137920,13.625
10801951,K08032.01,,FALSE POSITIVE,FALSE POSITIVE,0.0000,1,0,0,1,1.105123883,7.1820000e-06,-7.1820000e-06,132.5197600,7.100000e-03,-7.100000e-03,0.6850,0.2530,-0.4440,3.00100,0.16100,-0.16100,6.6700e+01,3.800e+00,-3.800e+00,0.83,2.600e-01,-8.000e-02,1755.0,,,2235.64,2028.03,-662.33,20.70,1,q1_q17_dr25_tce,5883.00,158.00,-193.00,4.476,0.067,-0.202,0.9590,0.2970,-0.0990,293.760250,48.145248,14.512
7049771,K08132.01,,FALSE POSITIVE,FALSE POSITIVE,0.2200,1,0,0,0,381.858520000,1.4020000e-02,-1.4020000e-02,458.8130000,1.880000e-02,-1.880000e-02,0.0240,0.4450,-0.0240,16.12100,0.83600,-0.83600,3.6290e+02,2.680e+01,-2.680e+01,8.30,1.110e+00,-5.600e-01,453.0,,,9.93,4.02,-1.95,16.00,1,q1_q17_dr25_tce,4959.00,111.00,,3.155,0.030,-0.030,4.4860,0.6010,-0.3000,296.187870,42.576660,12.883
7053328,K08133.01,,FALSE POSITIVE,FALSE POSITIVE,0.0000,1,0,0,0,455.770764350,,,338.7923743,,,0.8020,,,5.11490,,,3.4110e+02,,,5.34,9.600e-01,-1.780e+00,419.0,,,7.28,4.02,-4.48,11.60,1,q1_q17_dr25_tce,6785.00,190.00,-238.00,3.788,0.285,-0.095,2.6230,0.4710,-0.8750,297.006900,42.597229,12.389
7106437,K08134.01,,FALSE POSITIVE,FALSE POSITIVE,0.0150,1,0,0,0,212.760495000,4.2250000e-03,-4.2250000e-03,254.4527000,1.230000e-02,-1.230000e-02,0.0360,0.4270,-0.0360,3.70300,0.43600,-0.43600,1.9580e+02,2.540e+01,-2.540e+01,2.80,6.400e-01,-6.300e-01,485.0,,,13.13,8.95,-6.32,9.20,1,q1_q17_dr25_tce,7021.00,197.00,-246.00,4.031,0.171,-0.140,1.9760,0.4480,-0.4480,288.082370,42.636909,12.946
7117050,K08135.01,,FALSE POSITIVE,FALSE POSITIVE,0.1140,1,0,0,0,73.836858000,2.8980000e-03,-2.8980000e-03,174.0088000,2.170000e-02,-2.170000e-02,0.8000,0.0740,-0.5420,19.72200,0.83800,-0.83800,2.3120e+02,2.070e+01,-2.070e+01,25.09,1.170e+00,-6.640e+00,1143.0,,,403.37,60.07,-212.02,13.10,3,q1_q17_dr25_tce,4769.00,57.00,-154.00,2.583,0.033,-0.027,14.7060,0.6870,-3.8900,291.557190,42.694649,10.996
7185710,K08136.01,,FALSE POSITIVE,FALSE POSITIVE,0.2810,1,0,0,0,160.243128000,2.4970000e-03,-2.4970000e-03,162.4736000,1.210000e-02,-1.210000e-02,0.2580,0.2020,-0.2580,5.39300,0.35300,-0.35300,5.5640e+02,6.090e+01,-6.090e+01,15.72,7.300e-01,-4.120e+00,686.0,,,52.50,8.41,-27.63,10.20,1,q1_q17_dr25_tce,5128.00,75.00,-175.00,3.091,0.033,-0.027,6.7750,0.3140,-1.7770,286.721190,42.778511,14.859
7282872,K08137.01,,FALSE POSITIVE,FALSE POSITIVE,0.0050,1,0,0,0,402.415110000,1.1520000e-02,-1.1520000e-02,512.3896000,1.720000e-02,-1.720000e-02,0.2810,0.1720,-0.2810,5.15600,0.36800,-0.36800,7.8060e+02,7.690e+01,-7.690e+01,2.52,7.800e-01,-2.000e-01,253.0,,,0.96,0.88,-0.23,9.50,1,q1_q17_dr25_tce,6251.00,169.00,-187.00,4.530,0.039,-0.221,0.8890,0.2770,-0.0690,292.049560,42.870251,12.987
7340624,K08138.01,,FALSE POSITIVE,FALSE POSITIVE,0.0300,1,0,0,0,369.281770000,2.5120000e-02,-2.5120000e-02,233.4368000,4.030000e-02,-4.030000e-02,1.2970,6.7450,-0.1390,26.96000,2.80000,-2.80000,1.0177e+03,9.710e+01,-9.710e+01,34.25,1.070e+01,-3.570e+00,250.0,,,0.93,0.84,-0.28,13.00,1,q1_q17_dr25_tce,5900.00,158.00,-193.00,4.509,0.039,-0.221,0.9510,0.2970,-0.0990,283.321380,42.939289,15.478
12647110,K08240.01,,FALSE POSITIVE,FALSE POSITIVE,0.2080,1,0,0,0,462.463589000,6.9530000e-03,-6.9530000e-03,583.1072300,7.450000e-03,-7.450000e-03,0.3860,0.0670,-0.3860,5.00700,0.32400,-0.32400,1.0243e+03,8.770e+01,-8.770e+01,8.92,5.190e+00,-6.330e+00,355.0,,,3.78,6.63,-3.49,13.20,1,q1_q17_dr25_tce,5059.00,126.00,-113.00,3.466,1.057,-0.352,2.7990,1.6260,-1.9880,290.484710,51.728550,13.993
12647757,K08241.01,,CANDIDATE,CANDIDATE,0.2510,0,0,0,0,490.639410000,2.2290000e-02,-2.2290000e-02,561.5837000,3.120000e-02,-3.120000e-02,0.0150,0.4420,-0.0150,16.50000,1.20000,-1.20000,2.6880e+02,3.300e+01,-3.300e+01,7.67,5.700e-01,-1.330e+00,412.0,,,6.84,1.61,-2.66,9.60,1,q1_q17_dr25_tce,5037.00,87.00,-137.00,3.252,0.030,-0.030,4.8170,0.3590,-0.8370,290.862760,51.701908,13.227
3629119,K08242.01,,CANDIDATE,CANDIDATE,0.1750,0,0,0,0,331.554590000,1.3840000e-02,-1.3840000e-02,237.2754000,3.610000e-02,-3.610000e-02,0.0010,0.4530,-0.0010,5.35000,1.30000,-1.30000,2.8870e+02,4.820e+01,-4.820e+01,1.36,3.200e-01,-1.100e-01,240.0,,,0.78,0.56,-0.19,6.70,1,q1_q17_dr25_tce,5762.00,155.00,-155.00,4.576,0.040,-0.160,0.8010,0.1930,-0.0640,286.043950,38.708801,14.066
3662635,K08243.01,,FALSE POSITIVE,FALSE POSITIVE,0.0000,0,1,0,0,0.939375593,2.4900000e-07,-2.4900000e-07,132.0168590,2.200000e-04,-2.200000e-04,0.9870,0.0570,-0.0500,2.84240,0.01380,-0.01380,1.0089e+05,3.860e+02,-3.860e+02,52.18,1.558e+01,-1.168e+01,1936.0,,,3333.58,2990.01,-1555.12,317.30,1,q1_q17_dr25_tce,5826.00,174.00,-174.00,4.345,0.205,-0.205,0.9780,0.2920,-0.2190,295.569340,38.726059,14.904
3734501,K08244.01,,FALSE POSITIVE,FALSE POSITIVE,0.2620,1,0,0,0,31.191146800,7.6650000e-04,-7.6650000e-04,142.5078000,1.470000e-02,-1.470000e-02,0.0190,0.4540,-0.0190,7.00300,0.47900,-0.47900,2.2840e+02,2.350e+01,-2.350e+01,9.36,6.500e-01,-1.530e+00,1131.0,,,386.78,91.74,-140.50,11.40,1,q1_q17_dr25_tce,4785.00,94.00,-113.00,3.009,0.030,-0.030,6.4430,0.4500,-1.0500,287.558900,38.880810,13.729
4169315,K08245.01,,FALSE POSITIVE,FALSE POSITIVE,0.0000,0,1,1,0,30.958722400,3.9360000e-04,-3.9360000e-04,263.3166000,1.100000e-02,-1.100000e-02,0.7650,0.1940,-0.5580,4.41100,0.36200,-0.36200,3.4200e+02,3.210e+01,-3.210e+01,2.34,7.200e-01,-3.100e-01,686.0,,,52.49,46.78,-18.26,13.10,1,q1_q17_dr25_tce,6525.00,158.00,-226.00,4.381,0.067,-0.202,1.1610,0.3610,-0.1550,294.336980,39.294960,14.750
4446859,K08246.01,,CANDIDATE,CANDIDATE,0.2280,0,0,0,0,425.649710000,2.0190000e-02,-2.0190000e-02,284.3479000,3.570000e-02,-3.570000e-02,0.3030,0.1500,-0.3030,11.07000,1.30000,-1.30000,1.7120e+02,2.780e+01,-2.780e+01,1.58,4.500e-01,-3.700e-01,281.0,,,1.48,1.27,-0.71,7.60,1,q1_q17_dr25_tce,6067.00,182.00,-182.00,4.253,0.220,-0.180,1.1950,0.3420,-0.2790,285.608220,39.579300,13.855
9084569,K07923.01,,CANDIDATE,CANDIDATE,0.7500,0,0,0,0,395.131380000,2.0170000e-02,-2.0170000e-02,162.7395000,3.310000e-02,-3.310000e-02,0.4500,0.0450,-0.4290,21.29100,0.91600,-0.91600,1.2640e+02,9.800e+00,-9.800e+00,0.97,1.200e-01,-1.000e-01,208.0,,,0.44,0.20,-0.13,14.40,2,q1_q17_dr25_tce,5060.00,192.00,-174.00,4.493,0.080,-0.088,0.8690,0.1000,-0.0910,290.199920,45.419998,12.642
9087580,K07924.01,,CANDIDATE,CANDIDATE,0.9810,0,0,0,0,0.770658979,5.2930000e-06,-5.2930000e-06,131.8320600,5.840000e-03,-5.840000e-03,0.4440,0.0270,-0.4440,1.40100,0.19400,-0.19400,8.3500e+01,1.060e+01,-1.060e+01,0.68,8.000e-02,-5.000e-02,1548.0,,,1348.87,542.13,-321.74,11.70,1,q1_q17_dr25_tce,5058.00,151.00,-136.00,4.610,0.030,-0.075,0.7390,0.0860,-0.0580,291.372220,45.468102,15.132
9099607,K07925.01,,CANDIDATE,CANDIDATE,0.9530,0,0,0,0,4.631891400,1.1520000e-04,-1.1520000e-04,133.7073000,2.220000e-02,-2.220000e-02,0.3950,0.0760,-0.3950,3.88000,0.58800,-0.58800,5.0900e+01,6.700e+00,-6.700e+00,0.64,1.900e-01,-6.000e-02,1060.0,,,297.79,248.69,-82.68,9.20,1,q1_q17_dr25_tce,5926.00,142.00,-177.00,4.532,0.036,-0.204,0.8870,0.2590,-0.0860,295.501280,45.433979,14.272
10844823,K08033.01,,CANDIDATE,CANDIDATE,0.3230,0,0,0,0,362.131870000,1.2970000e-02,-1.2970000e-02,369.5410000,2.350000e-02,-2.350000e-02,0.3970,0.0690,-0.3970,5.59000,1.20000,-1.20000,8.4900e+02,1.340e+02,-1.340e+02,2.23,2.800e-01,-2.100e-01,208.0,,,0.45,0.19,-0.12,8.20,1,q1_q17_dr25_tce,5176.00,153.00,-153.00,4.567,0.048,-0.072,0.7660,0.0970,-0.0710,283.297060,48.266628,15.313
10862284,K08034.01,,FALSE POSITIVE,FALSE POSITIVE,0.0070,0,0,1,0,9.144786100,1.3830000e-04,-1.3830000e-04,139.2816000,1.400000e-02,-1.400000e-02,0.7420,0.1960,-0.5280,5.42200,0.30700,-0.30700,2.6880e+02,2.230e+01,-2.230e+01,1.63,5.300e-01,-1.300e-01,843.0,,,119.61,118.99,-32.14,14.90,1,q1_q17_dr25_tce,5849.00,184.00,-205.00,4.517,0.039,-0.221,0.9190,0.3010,-0.0750,292.282780,48.256672,15.884
10862759,K08035.01,,CANDIDATE,CANDIDATE,0.8460,0,0,0,0,29.485639200,5.9350000e-04,-5.9350000e-04,151.8669000,1.680000e-02,-1.680000e-02,0.1030,0.3550,-0.1030,4.27000,0.36600,-0.36600,1.0500e+02,1.340e+01,-1.340e+01,1.46,5.100e-01,-2.200e-01,793.0,,,93.27,92.89,-35.46,9.30,1,q1_q17_dr25_tce,6870.00,168.00,-264.00,4.266,0.087,-0.203,1.4070,0.4870,-0.2090,292.483580,48.275219,13.783
10877024,K08036.01,,FALSE POSITIVE,FALSE POSITIVE,0.0000,0,1,1,1,0.786483923,1.6390000e-06,-1.6390000e-06,131.8426100,2.130000e-03,-2.130000e-03,1.1390,0.1280,-0.0760,7.03500,0.18200,-0.18200,2.3330e+02,3.100e+00,-3.100e+00,21.66,6.610e+00,-4.410e+00,2408.0,,,7999.91,6974.52,-3562.00,104.20,1,q1_q17_dr25_tce,6315.00,151.00,-208.00,4.258,0.153,-0.187,1.2820,0.3910,-0.2610,297.566280,48.288342,13.504
10920281,K08037.01,,CANDIDATE,CANDIDATE,1.0000,0,0,0,0,3.650345250,3.8670000e-05,-3.8670000e-05,133.6357700,8.270000e-03,-8.270000e-03,0.2890,0.3070,-0.2890,1.52700,0.40800,-0.40800,2.5320e+02,8.290e+01,-8.290e+01,0.72,5.000e-02,-7.000e-02,578.0,,,26.47,6.12,-6.75,6.00,4,q1_q17_dr25_tce,3704.00,66.00,-81.00,4.797,0.052,-0.032,0.4500,0.0320,-0.0440,291.944150,48.351791,15.519
10920420,K08038.01,,FALSE POSITIVE,FALSE POSITIVE,0.0000,1,0,1,1,0.943888500,1.2830000e-05,-1.2830000e-05,132.2865000,1.400000e-02,-1.400000e-02,0.6490,0.0480,-0.4860,2.59200,0.33700,-0.33700,3.5800e+01,5.600e+00,-5.600e+00,1.45,2.600e-01,-5.100e-01,3158.0,,,23572.82,12303.15,-15002.75,8.30,1,q1_q17_dr25_tce,6947.00,166.00,-238.00,3.895,0.266,-0.114,2.2970,0.4060,-0.8120,292.006740,48.306309,12.521
11032748,K08039.01,,CANDIDATE,CANDIDATE,0.7980,0,0,0,0,43.943889100,8.4710000e-04,-8.4710000e-04,144.1430000,1.520000e-02,-1.520000e-02,0.5230,0.4450,-0.3200,5.26000,0.48600,-0.48600,1.5480e+02,1.940e+01,-1.940e+01,1.12,3.300e-01,-8.000e-02,505.0,,,15.41,13.18,-3.80,9.70,1,q1_q17_dr25_tce,6008.00,162.00,-180.00,4.537,0.038,-0.212,0.8750,0.2550,-0.0680,293.319090,48.518608,14.685
7622473,K08139.01,,FALSE POSITIVE,FALSE POSITIVE,0.0000,0,0,1,1,40.244826000,2.0690000e-03,-2.0690000e-03,161.3679000,6.420000e-02,-6.420000e-02,0.0220,0.4360,-0.0220,4.30300,0.25100,-0.25100,1.9290e+02,1.360e+01,-1.360e+01,115.94,3.286e+01,-1.517e+01,3302.0,,,28103.18,22353.58,-8180.80,16.80,1,q1_q17_dr25_tce,3674.00,80.00,-58.00,0.452,0.162,-0.095,89.8780,25.4740,-11.7570,296.019740,43.234390,12.314
7662744,K08140.01,,FALSE POSITIVE,FALSE POSITIVE,0.0040,1,0,0,0,135.428746000,3.7080000e-03,-3.7080000e-03,168.5064000,1.680000e-02,-1.680000e-02,0.4980,0.4650,-0.2900,7.39400,0.59300,-0.59300,3.8110e+02,6.280e+01,-6.280e+01,1.83,5.500e-01,-1.800e-01,343.0,,,3.29,2.88,-0.96,7.90,1,q1_q17_dr25_tce,5849.00,157.00,-192.00,4.517,0.048,-0.204,0.9190,0.2750,-0.0920,283.111570,43.346771,15.445
7686191,K08141.01,,FALSE POSITIVE,FALSE POSITIVE,0.0000,1,0,0,0,380.039030000,2.2660000e-02,-2.2660000e-02,387.6494000,5.800000e-02,-5.800000e-02,0.5550,0.0430,-0.4830,18.50000,2.50000,-2.50000,7.8880e+02,9.120e+01,-9.120e+01,2.36,5.400e-01,-1.800e-01,219.0,,,0.55,0.38,-0.14,13.20,2,q1_q17_dr25_tce,5477.00,164.00,-164.00,4.568,0.036,-0.153,0.8180,0.1880,-0.0630,293.038910,43.384048,15.198
7690521,K08142.01,,FALSE POSITIVE,FALSE POSITIVE,0.2470,1,0,0,0,380.294204000,7.9020000e-03,-7.9020000e-03,355.6712000,1.420000e-02,-1.420000e-02,0.5190,0.0620,-0.4300,12.35100,0.48100,-0.48100,7.3050e+02,5.670e+01,-5.670e+01,2.27,4.100e-01,-3.000e-01,229.0,,,0.65,0.39,-0.21,15.00,1,q1_q17_dr25_tce,5518.00,180.00,-163.00,4.473,0.126,-0.140,0.8220,0.1490,-0.1090,294.427190,43.384640,14.945
7747835,K08143.01,,FALSE POSITIVE,FALSE POSITIVE,0.0000,1,0,1,1,373.746910000,2.0360000e-02,-2.0360000e-02,259.9281000,3.590000e-02,-3.590000e-02,0.8340,0.1170,-0.5860,28.37000,1.10000,-1.10000,6.2230e+02,4.360e+01,-4.360e+01,2.65,9.000e-01,-2.800e-01,260.0,,,1.08,1.09,-0.34,16.20,1,q1_q17_dr25_tce,6131.00,182.00,-219.00,4.497,0.056,-0.224,0.9450,0.3210,-0.1000,290.021240,43.402161,15.193
7762886,K08144.01,,FALSE POSITIVE,FALSE POSITIVE,0.0710,1,0,0,0,315.810650000,2.1800000e-02,-2.1800000e-02,172.5430000,3.940000e-02,-3.940000e-02,0.0940,0.3660,-0.0940,23.66000,1.50000,-1.50000,5.4160e+02,5.460e+01,-5.460e+01,1.82,1.100e-01,-1.900e-01,212.0,,,0.47,0.13,-0.13,11.60,2,q1_q17_dr25_tce,4875.00,145.00,-145.00,4.514,0.078,-0.042,0.8100,0.0500,-0.0810,295.038940,43.477329,15.374
7811537,K08145.01,,FALSE POSITIVE,FALSE POSITIVE,0.2020,1,0,0,0,16.934162800,7.6440000e-04,-7.6440000e-04,145.9902000,3.620000e-02,-3.620000e-02,0.6620,0.3120,-0.4330,3.94000,1.50000,-1.50000,2.0780e+02,4.940e+01,-4.940e+01,1.71,5.700e-01,-1.800e-01,798.0,,,95.78,95.34,-30.65,7.20,2,q1_q17_dr25_tce,6321.00,196.00,-239.00,4.417,0.052,-0.208,1.1250,0.3700,-0.1230,287.721980,43.596432,15.934
4566999,K08247.01,,FALSE POSITIVE,FALSE POSITIVE,0.1320,1,0,0,0,527.686010000,1.6490000e-02,-1.6490000e-02,176.6176000,1.650000e-02,-1.650000e-02,0.0110,0.4670,-0.0110,4.81700,0.95200,-0.95200,6.0200e+02,1.240e+02,-1.240e+02,2.00,4.700e-01,-1.900e-01,203.0,,,0.40,0.29,-0.11,6.80,1,q1_q17_dr25_tce,5657.00,152.00,-169.00,4.567,0.040,-0.160,0.8240,0.1940,-0.0780,293.200590,39.664879,15.031
4569942,K08248.01,,FALSE POSITIVE,FALSE POSITIVE,0.1590,1,0,0,0,267.911652000,6.0650000e-03,-6.0650000e-03,160.2278000,1.840000e-02,-1.840000e-02,0.0160,0.4490,-0.0160,4.12400,0.55400,-0.55400,6.9500e+02,1.200e+02,-1.200e+02,2.38,6.100e-01,-3.700e-01,257.0,,,1.03,0.82,-0.39,7.70,1,q1_q17_dr25_tce,5291.00,185.00,-185.00,4.423,0.136,-0.221,0.9260,0.2340,-0.1440,293.941410,39.642658,15.204
4572728,K08249.01,,CANDIDATE,CANDIDATE,0.3630,0,0,0,0,309.191789000,7.9430000e-03,-7.9430000e-03,326.2209000,2.150000e-02,-2.150000e-02,0.1550,0.3070,-0.1550,11.39200,0.71900,-0.71900,1.2280e+02,1.340e+01,-1.340e+01,1.96,4.000e-01,-6.000e-01,383.0,,,5.08,3.14,-2.89,10.50,1,q1_q17_dr25_tce,6299.00,174.00,-174.00,3.990,0.253,-0.117,1.7540,0.3580,-0.5370,294.637660,39.655811,12.746
4772095,K08250.01,,FALSE POSITIVE,FALSE POSITIVE,0.1100,1,0,0,0,99.299502000,3.4480000e-03,-3.4480000e-03,138.7153000,1.690000e-02,-1.690000e-02,0.5260,0.4620,-0.3080,3.63100,0.78800,-0.78800,4.0850e+02,8.220e+01,-8.220e+01,5.40,1.220e+00,-2.280e+00,682.0,,,51.20,34.86,-36.76,6.60,1,q1_q17_dr25_tce,6832.00,191.00,-287.00,3.851,0.350,-0.150,2.5780,0.5850,-1.0860,297.761380,39.854195,13.293
4847801,K08251.01,,FALSE POSITIVE,FALSE POSITIVE,0.0000,0,0,1,0,371.477860000,1.7210000e-02,-1.7210000e-02,341.9634000,3.050000e-02,-3.050000e-02,0.1280,0.3290,-0.1280,12.30000,1.30000,-1.30000,2.6490e+02,3.850e+01,-3.850e+01,1.20,1.600e-01,-1.100e-01,203.0,,,0.40,0.21,-0.12,8.60,2,q1_q17_dr25_tce,5162.00,225.00,-204.00,4.605,0.030,-0.090,0.7540,0.1050,-0.0650,295.069550,39.953491,14.603
5026023,K08252.01,,FALSE POSITIVE,FALSE POSITIVE,0.0000,0,1,0,0,1.996384230,6.1060000e-05,-6.1060000e-05,131.5598000,3.820000e-02,-3.820000e-02,0.2230,0.2250,-0.2230,2.40000,1.50000,-1.50000,2.9400e+01,3.900e+00,-3.900e+00,0.59,1.900e-01,-7.000e-02,1590.0,,,1505.17,1457.85,-469.33,6.20,1,q1_q17_dr25_tce,6249.00,174.00,-217.00,4.428,0.056,-0.224,1.0760,0.3530,-0.1180,295.602050,40.175331,14.099
5098334,K08253.01,,CANDIDATE,CANDIDATE,0.0670,0,0,0,0,400.114820000,4.9880000e-02,-4.9880000e-02,316.2642000,3.430000e-02,-3.430000e-02,0.0660,0.5310,-0.0660,12.37000,3.40000,-3.40000,1.1340e+02,7.500e+01,-7.500e+01,0.95,1.300e-01,-4.000e-02,226.0,,,0.62,0.22,-0.08,6.70,1,q1_q17_dr25_tce,5547.00,74.00,-83.00,4.521,0.019,-0.110,0.9110,0.1200,-0.0380,291.529510,40.252918,13.521
9101271,K07926.01,,FALSE POSITIVE,FALSE POSITIVE,0.0000,1,0,0,0,29.365720400,2.2330000e-04,-2.2330000e-04,135.0728900,6.260000e-03,-6.260000e-03,0.9540,0.3950,-0.0680,8.73030,0.02280,-0.02280,7.4936e+04,1.080e+02,-1.080e+02,51.33,1.559e+01,-1.040e+01,685.0,,,51.92,47.97,-23.69,808.90,1,q1_q17_dr25_tce,6167.00,194.00,-237.00,4.299,0.149,-0.198,1.1950,0.3630,-0.2420,295.996400,45.461231,14.053
9118340,K07927.01,,FALSE POSITIVE,FALSE POSITIVE,0.0000,1,0,1,0,1.035329922,6.6700000e-07,-6.6700000e-07,132.3319000,5.970000e-04,-5.970000e-04,1.2430,0.2680,-0.0930,3.80220,0.03680,-0.03680,9.9280e+02,7.100e+00,-7.100e+00,105.66,1.278e+01,-5.112e+01,3654.0,,,42120.85,16965.81,-33046.33,178.00,1,q1_q17_dr25_tce,7030.00,196.00,-364.00,3.650,0.451,-0.080,3.5120,0.4250,-1.6990,300.566250,45.424450,13.632
9142714,K07928.01,,CANDIDATE,CANDIDATE,1.0000,0,0,0,0,1.126259750,,,132.2963460,,,,,,3.62000,,,,,,,,,,,,,,,,4,q1_q17_dr25_tce,,,,,,,,,,286.042760,45.511211,15.375
9159198,K07929.01,,FALSE POSITIVE,FALSE POSITIVE,0.0000,0,0,1,1,3.044636910,7.9010000e-05,-7.9010000e-05,132.4477000,2.130000e-02,-2.130000e-02,0.3220,0.1310,-0.3220,6.65600,0.60300,-0.60300,4.7000e+01,5.300e+00,-5.300e+00,0.68,2.100e-01,-7.000e-02,1321.0,,,721.48,667.68,-219.85,10.40,1,q1_q17_dr25_tce,6181.00,175.00,-218.00,4.474,0.054,-0.202,0.9800,0.3060,-0.1020,293.655820,45.511108,14.886
9210820,K07930.01,,CANDIDATE,CANDIDATE,0.4690,0,0,0,0,377.672410000,1.9470000e-02,-1.9470000e-02,221.0980000,3.740000e-02,-3.740000e-02,0.1070,0.3410,-0.1070,15.82000,1.40000,-1.40000,5.1480e+02,5.930e+01,-5.930e+01,1.37,1.100e-01,-1.100e-01,187.0,,,0.29,0.08,-0.07,10.20,1,q1_q17_dr25_tce,5031.00,135.00,-150.00,4.644,0.060,-0.035,0.6150,0.0480,-0.0480,288.439120,45.687210,15.180
9227215,K07931.01,,CANDIDATE,CANDIDATE,0.4870,0,0,0,0,242.036700000,1.6220000e-02,-1.6220000e-02,181.7460000,5.460000e-02,-5.460000e-02,0.5680,0.0120,-0.4890,11.01000,1.40000,-1.40000,3.3330e+02,4.550e+01,-4.550e+01,2.11,6.400e-01,-3.500e-01,323.0,,,2.57,2.40,-1.01,8.90,1,q1_q17_dr25_tce,6086.00,193.00,-214.00,4.360,0.108,-0.201,1.1160,0.3400,-0.1830,295.229370,45.624889,15.055
9278575,K07932.01,,CANDIDATE,CANDIDATE,0.2300,0,0,0,0,502.256480000,4.1970000e-02,-4.1970000e-02,162.5842000,7.600000e-02,-7.600000e-02,0.0500,0.4030,-0.0500,14.84000,1.70000,-1.70000,1.5320e+02,2.430e+01,-2.430e+01,1.03,2.200e-01,-1.500e-01,215.0,,,0.51,0.33,-0.18,8.10,1,q1_q17_dr25_tce,5637.00,169.00,-152.00,4.460,0.135,-0.165,0.8330,0.1800,-0.1200,290.893950,45.716640,13.339
11098004,K08041.01,,FALSE POSITIVE,FALSE POSITIVE,0.0000,0,0,0,1,7.508818000,2.1210000e-03,-2.1210000e-03,138.6550000,1.060000e-01,-1.060000e-01,0.0250,0.4490,-0.0250,6.50000,2.90000,-2.90000,7.0100e+01,2.540e+01,-2.540e+01,1.02,3.200e-01,-1.700e-01,1107.0,,,354.74,315.84,-137.33,7.40,2,q1_q17_dr25_tce,6293.00,150.00,-188.00,4.291,0.132,-0.198,1.2130,0.3780,-0.2040,297.744510,48.693668,11.878
11135119,K08042.01,,FALSE POSITIVE,FALSE POSITIVE,0.0660,1,0,0,0,383.937324000,3.6470000e-03,-3.6470000e-03,299.2888400,6.660000e-03,-6.660000e-03,0.0110,0.4360,-0.0110,2.88400,0.22700,-0.22700,6.2770e+02,6.830e+01,-6.830e+01,7.90,2.710e+00,-5.040e+00,389.0,,,5.43,5.46,-4.80,10.80,1,q1_q17_dr25_tce,5216.00,141.00,-157.00,3.530,0.878,-0.234,3.2070,1.1010,-2.0450,290.575590,48.785881,13.588
11139682,K08043.01,,CANDIDATE,CANDIDATE,0.9780,0,0,0,0,10.778155800,1.8590000e-04,-1.8590000e-04,134.7939000,1.290000e-02,-1.290000e-02,0.0090,0.4330,-0.0090,3.00500,0.41300,-0.41300,1.2130e+02,1.900e+01,-1.900e+01,1.24,4.300e-01,-1.400e-01,942.0,,,186.22,189.44,-58.93,7.90,1,q1_q17_dr25_tce,6386.00,173.00,-211.00,4.402,0.067,-0.216,1.1230,0.3890,-0.1300,292.960300,48.700500,15.267
11145726,K08044.01,,FALSE POSITIVE,FALSE POSITIVE,0.0000,0,0,1,0,0.619618218,,,131.7585541,,,0.3890,,,1.25170,,,5.0300e+01,,,3.34,1.010e+00,-1.650e+00,3818.0,,,50197.86,45033.63,-38839.04,4.40,1,q1_q17_dr25_tce,5180.00,145.00,-163.00,3.314,0.409,-0.220,4.7170,1.4310,-2.3250,295.603910,48.718151,13.705
11152950,K08045.01,,FALSE POSITIVE,FALSE POSITIVE,0.0000,0,0,1,0,4.173637930,4.7600000e-05,-4.7600000e-05,134.2003600,9.440000e-03,-9.440000e-03,0.5970,0.3520,-0.3940,2.73800,0.32900,-0.32900,4.9700e+01,6.300e+00,-6.300e+00,2.52,2.900e-01,-9.500e-01,2197.0,,,5511.80,2152.51,-3613.23,10.50,1,q1_q17_dr25_tce,6619.00,180.00,-200.00,3.595,0.323,-0.057,3.4100,0.4010,-1.2820,298.230530,48.794109,12.754
11182706,K08046.01,,CANDIDATE,CANDIDATE,0.5250,0,0,0,0,384.377060000,1.2840000e-02,-1.2840000e-02,309.2080000,1.750000e-02,-1.750000e-02,0.9010,0.0300,-0.6290,15.13900,0.53100,-0.53100,1.2049e+03,6.190e+01,-6.190e+01,50.93,3.150e+00,-8.830e+00,676.0,,,49.27,8.99,-18.31,22.60,1,q1_q17_dr25_tce,4859.00,58.00,-101.00,2.481,0.033,-0.027,12.0230,0.7440,-2.0840,287.592530,48.886459,12.656
11294822,K08047.01,,CANDIDATE,CANDIDATE,0.5130,0,0,0,0,302.349710000,1.0090000e-02,-1.0090000e-02,418.9534000,2.000000e-02,-2.000000e-02,0.4680,0.4970,-0.2530,4.97800,0.64100,-0.64100,6.2230e+02,9.480e+01,-9.480e+01,1.98,1.100e-01,-1.300e-01,208.0,,,0.44,0.12,-0.09,8.00,1,q1_q17_dr25_tce,4829.00,144.00,-129.00,4.564,0.032,-0.048,0.7940,0.0460,-0.0510,290.696200,49.066078,15.222
7811537,K08145.02,,FALSE POSITIVE,FALSE POSITIVE,0.3120,1,0,0,0,244.583230000,1.3510000e-02,-1.3510000e-02,159.3552000,4.120000e-02,-4.120000e-02,0.4830,0.0830,-0.4000,12.82200,0.75200,-0.75200,4.0830e+02,6.770e+01,-6.770e+01,2.33,7.700e-01,-2.500e-01,328.0,,,2.72,2.71,-0.87,7.10,1,q1_q17_dr25_tce,6321.00,196.00,-239.00,4.417,0.052,-0.208,1.1250,0.3700,-0.1230,287.721980,43.596432,15.934
7874976,K08146.01,,FALSE POSITIVE,FALSE POSITIVE,0.1360,1,0,0,0,185.830130000,5.4060000e-02,-5.4060000e-02,295.0020000,1.500000e-01,-1.500000e-01,0.0370,0.4200,-0.0370,10.14000,5.20000,-5.20000,7.2600e+01,1.130e+01,-1.130e+01,1.01,2.200e-01,-1.700e-01,370.0,,,4.42,2.78,-1.74,8.10,1,q1_q17_dr25_tce,6137.00,165.00,-184.00,4.286,0.160,-0.131,1.1870,0.2500,-0.2050,284.699190,43.681171,12.218
7888957,K08147.01,,FALSE POSITIVE,FALSE POSITIVE,0.0010,1,0,0,0,363.346158000,9.1030000e-03,-9.1030000e-03,175.9438000,1.610000e-02,-1.610000e-02,0.2900,0.2040,-0.2900,4.91100,0.93100,-0.93100,8.9600e+02,1.480e+02,-1.480e+02,22.36,1.070e+00,-6.020e+00,537.0,,,19.65,3.18,-10.60,10.70,1,q1_q17_dr25_tce,4994.00,72.00,-182.00,3.002,0.033,-0.030,7.6190,0.3620,-2.0510,291.109470,43.635181,13.971
7900114,K08148.01,,FALSE POSITIVE,FALSE POSITIVE,0.0970,1,0,0,0,303.912250000,1.7760000e-02,-1.7760000e-02,277.1238000,5.580000e-02,-5.580000e-02,0.5040,0.0040,-0.4640,15.37000,1.30000,-1.30000,4.7950e+02,4.270e+01,-4.270e+01,1.97,4.200e-01,-1.800e-01,242.0,,,0.81,0.52,-0.22,12.40,1,q1_q17_dr25_tce,5412.00,164.00,-164.00,4.513,0.050,-0.150,0.8870,0.1870,-0.0800,294.857760,43.677929,15.264
7936194,K08149.01,,FALSE POSITIVE,FALSE POSITIVE,0.2230,1,0,0,0,536.521970000,1.1980000e-02,-1.1980000e-02,379.6146000,1.130000e-02,-1.130000e-02,0.1400,0.3250,-0.1400,4.45800,0.59300,-0.59300,2.9390e+02,3.780e+01,-3.780e+01,3.00,7.700e-01,-1.540e+00,273.0,,,1.31,1.04,-1.03,9.70,1,q1_q17_dr25_tce,5335.00,176.00,-128.00,3.973,0.480,-0.160,1.7940,0.4610,-0.9220,280.338680,43.706039,12.101
7959310,K08150.01,,FALSE POSITIVE,FALSE POSITIVE,0.0220,1,0,0,0,350.514000000,1.8130000e-02,-1.8130000e-02,210.8168000,4.920000e-02,-4.920000e-02,0.2590,0.1870,-0.2590,19.53000,1.50000,-1.50000,2.1350e+02,2.200e+01,-2.200e+01,2.22,6.200e-01,-6.900e-01,346.0,,,3.37,2.79,-1.95,12.00,1,q1_q17_dr25_tce,6382.00,175.00,-194.00,4.115,0.280,-0.151,1.5000,0.4210,-0.4630,291.545680,43.789879,13.954
8012732,K08151.01,,FALSE POSITIVE,FALSE POSITIVE,0.1030,1,0,0,0,431.517340000,1.0910000e-03,-1.0910000e-03,391.6973200,1.400000e-03,-1.400000e-03,0.7180,0.0190,-0.0180,16.42000,0.11900,-0.11900,5.3327e+03,3.040e+01,-3.040e+01,10.28,3.350e+00,-1.800e+00,287.0,,,1.60,1.55,-0.67,206.20,1,q1_q17_dr25_tce,6221.00,177.00,-243.00,4.294,0.112,-0.208,1.3120,0.4280,-0.2300,284.729490,43.864216,13.922
5391407,K08254.01,,FALSE POSITIVE,FALSE POSITIVE,0.0000,0,1,0,0,0.638697833,,,131.7556646,,,1.7570,,,5.16090,,,1.4145e+05,,,162.15,5.730e+01,-1.910e+01,2464.0,,,8720.57,9108.70,-2914.91,206.30,1,q1_q17_dr25_tce,6424.00,179.00,-246.00,4.388,0.070,-0.224,1.1800,0.4170,-0.1390,298.810520,40.540199,14.068
5468555,K08255.01,,FALSE POSITIVE,FALSE POSITIVE,0.1060,1,0,0,0,539.214259000,9.8760000e-03,-9.8760000e-03,439.5039000,1.330000e-02,-1.330000e-02,0.0010,0.4380,-0.0010,3.46400,0.40700,-0.40700,3.0060e+02,4.710e+01,-4.710e+01,2.04,6.800e-01,-2.800e-01,265.0,,,1.17,1.09,-0.42,7.80,1,q1_q17_dr25_tce,6469.00,155.00,-214.00,4.359,0.072,-0.203,1.1710,0.3840,-0.1650,296.986150,40.675110,13.803
5638699,K08256.01,,FALSE POSITIVE,FALSE POSITIVE,0.1100,1,0,0,0,343.564460000,2.5010000e-02,-2.5010000e-02,203.9865000,6.690000e-02,-6.690000e-02,0.4330,0.0280,-0.4330,18.94000,2.50000,-2.50000,1.7960e+02,2.830e+01,-2.830e+01,1.80,2.800e-01,-3.400e-01,298.0,,,1.87,0.76,-0.71,8.40,1,q1_q17_dr25_tce,5770.00,78.00,-78.00,4.200,0.176,-0.108,1.3260,0.2060,-0.2520,296.782230,40.835541,14.217
5683219,K08257.01,,CANDIDATE,CANDIDATE,0.3470,0,0,0,0,9.460941800,2.7190000e-04,-2.7190000e-04,138.7888000,2.390000e-02,-2.390000e-02,0.1610,0.3000,-0.1610,4.88800,0.77100,-0.77100,4.7500e+01,7.200e+00,-7.200e+00,0.54,1.000e-01,-7.000e-02,767.0,,,81.83,45.22,-26.03,7.90,1,q1_q17_dr25_tce,5485.00,163.00,-147.00,4.500,0.117,-0.130,0.7880,0.1380,-0.1010,282.965450,40.922619,13.413
5871116,K08258.01,,FALSE POSITIVE,FALSE POSITIVE,0.2720,1,0,0,0,54.432903000,1.0060000e-03,-1.0060000e-03,154.9178000,1.370000e-02,-1.370000e-02,0.0990,0.3760,-0.0990,3.55400,0.67800,-0.67800,3.0760e+02,5.960e+01,-5.960e+01,1.41,1.700e-01,-1.600e-01,404.0,,,6.29,2.52,-1.94,7.70,1,q1_q17_dr25_tce,5119.00,153.00,-153.00,4.493,0.099,-0.121,0.8270,0.0960,-0.0960,290.105680,41.138950,15.393
5956171,K08259.01,,CANDIDATE,CANDIDATE,0.3110,0,0,0,0,402.274930000,2.2670000e-02,-2.2670000e-02,369.6734000,3.610000e-02,-3.610000e-02,0.6680,0.0610,-0.4790,15.67000,1.60000,-1.60000,2.9450e+02,3.420e+01,-3.420e+01,1.73,5.200e-01,-1.800e-01,262.0,,,1.11,1.00,-0.34,11.10,1,q1_q17_dr25_tce,6299.00,170.00,-226.00,4.486,0.054,-0.216,0.9500,0.2900,-0.0970,290.451900,41.225510,14.619
6032318,K08260.01,,FALSE POSITIVE,FALSE POSITIVE,0.1070,1,0,0,0,235.206130000,2.3840000e-02,-2.3840000e-02,291.0893000,5.390000e-02,-5.390000e-02,0.2970,0.1710,-0.2970,6.98900,0.94200,-0.94200,6.4200e+02,1.460e+02,-1.460e+02,1.71,2.400e-01,-1.300e-01,230.0,,,0.66,0.30,-0.15,6.80,1,q1_q17_dr25_tce,5205.00,140.00,-155.00,4.648,0.028,-0.083,0.6790,0.0970,-0.0480,288.433620,41.358391,15.917
9347066,K07933.01,,FALSE POSITIVE,FALSE POSITIVE,0.0000,0,0,1,0,20.004714000,1.4670000e-03,-1.4670000e-03,139.0639000,1.650000e-02,-1.650000e-02,0.1800,0.2900,-0.1800,2.95200,0.53400,-0.53400,1.1570e+02,2.300e+01,-2.300e+01,0.89,1.500e-01,-7.000e-02,577.0,,,26.19,13.66,-6.88,6.70,1,q1_q17_dr25_tce,5299.00,159.00,-159.00,4.534,0.043,-0.119,0.8480,0.1380,-0.0740,293.704100,45.892509,14.437
9390228,K07934.01,,CANDIDATE,CANDIDATE,0.9430,0,0,0,0,22.643243600,1.2860000e-04,-1.2860000e-04,153.4460700,3.940000e-03,-3.940000e-03,0.1360,0.3930,-0.1360,0.80600,0.19100,-0.19100,5.5040e+02,9.920e+01,-9.920e+01,2.12,6.500e-01,-2.200e-01,624.0,,,35.77,32.26,-10.25,8.20,1,q1_q17_dr25_tce,5880.00,159.00,-177.00,4.516,0.050,-0.200,0.8910,0.2740,-0.0910,284.672270,45.973820,15.581
9392016,K07935.01,,FALSE POSITIVE,FALSE POSITIVE,0.0000,1,0,0,0,350.651580000,1.2980000e-02,-1.2980000e-02,208.7904000,2.410000e-02,-2.410000e-02,0.0040,0.4460,-0.0040,7.97600,0.90500,-0.90500,2.4810e+02,3.410e+01,-3.410e+01,1.31,3.500e-01,-1.100e-01,243.0,,,0.83,0.65,-0.21,8.20,1,q1_q17_dr25_tce,5882.00,158.00,-158.00,4.560,0.044,-0.187,0.8330,0.2230,-0.0740,285.711430,45.920658,14.375
9429631,K07937.01,,FALSE POSITIVE,FALSE POSITIVE,0.0000,0,0,1,0,4.185872820,4.1670000e-05,-4.1670000e-05,132.4173300,9.750000e-03,-9.750000e-03,0.0780,0.3760,-0.0780,1.99800,0.25500,-0.25500,9.9400e+01,1.330e+01,-1.330e+01,0.89,2.100e-01,-1.400e-01,1057.0,,,295.17,210.39,-108.89,9.30,1,q1_q17_dr25_tce,5455.00,162.00,-162.00,4.421,0.144,-0.192,0.9090,0.2130,-0.1420,300.380460,45.973549,14.525
9469494,K07938.01,,CANDIDATE,CANDIDATE,0.5080,0,0,0,0,275.560300000,1.7900000e-02,-1.7900000e-02,237.0977000,4.090000e-02,-4.090000e-02,0.0180,0.4290,-0.0180,15.09000,1.60000,-1.60000,8.9400e+01,9.300e+00,-9.300e+00,2.33,5.300e-01,-1.320e+00,437.0,,,8.60,6.29,-7.18,11.50,1,q1_q17_dr25_tce,5989.00,213.00,-192.00,3.764,0.568,-0.142,2.4670,0.5590,-1.3960,293.685330,46.095737,11.663
9518558,K07939.01,,FALSE POSITIVE,FALSE POSITIVE,0.0000,0,0,1,1,2.178142613,6.4720000e-06,-6.4720000e-06,132.0332800,2.200000e-03,-2.200000e-03,0.4680,0.0580,-0.4140,0.90600,0.09660,-0.09660,1.7270e+02,1.580e+01,-1.580e+01,1.22,3.400e-01,-1.100e-01,1452.0,,,1050.06,843.82,-283.12,16.10,1,q1_q17_dr25_tce,6290.00,171.00,-190.00,4.527,0.034,-0.195,0.8980,0.2450,-0.0820,288.148770,46.196911,14.652
9521317,K07940.01,,CANDIDATE,CANDIDATE,0.8960,0,0,0,0,188.881049000,1.1560000e-03,-1.1560000e-03,280.0682200,3.280000e-03,-3.280000e-03,0.5040,0.4520,-0.2990,1.49000,0.12400,-0.12400,3.2580e+02,3.060e+01,-3.060e+01,1.86,4.100e-01,-1.900e-01,330.0,,,2.79,1.83,-0.82,12.90,1,q1_q17_dr25_tce,6077.00,163.00,-199.00,4.471,0.052,-0.157,0.9990,0.2200,-0.1020,289.675080,46.131882,12.850
11296205,K08048.01,,CANDIDATE,CANDIDATE,0.3340,0,0,0,0,379.672760000,2.3190000e-02,-2.3190000e-02,445.9701000,2.320000e-02,-2.320000e-02,0.3020,0.1530,-0.3020,9.66200,0.86600,-0.86600,2.5390e+02,3.860e+01,-3.860e+01,1.33,3.600e-01,-1.100e-01,247.0,,,0.88,0.70,-0.23,7.90,1,q1_q17_dr25_tce,6156.00,167.00,-186.00,4.563,0.035,-0.196,0.8240,0.2200,-0.0730,291.454680,49.043289,14.440
11348086,K08049.01,,FALSE POSITIVE,FALSE POSITIVE,0.1760,1,0,0,0,391.420272000,7.1210000e-03,-7.1210000e-03,470.4430100,9.490000e-03,-9.490000e-03,0.7970,0.1650,-0.5520,3.84000,0.38700,-0.38700,2.3670e+02,2.870e+01,-2.870e+01,1.61,3.300e-01,-1.700e-01,256.0,,,1.01,0.61,-0.29,10.30,1,q1_q17_dr25_tce,6032.00,163.00,-163.00,4.460,0.074,-0.147,0.9490,0.1910,-0.1030,290.579710,49.189980,12.879
11350634,K08050.01,,CANDIDATE,CANDIDATE,0.2530,0,0,0,0,278.389350000,1.1170000e-02,-1.1170000e-02,299.5370000,2.130000e-02,-2.130000e-02,0.1200,0.3380,-0.1200,10.43000,0.78000,-0.78000,2.6280e+02,2.680e+01,-2.680e+01,6.81,1.030e+00,-1.770e+00,464.0,,,10.93,4.16,-5.35,11.20,1,q1_q17_dr25_tce,4951.00,51.00,-88.00,3.349,0.154,-0.112,4.3420,0.6570,-1.1270,291.968020,49.115311,12.795
11357185,K08051.01,,FALSE POSITIVE,FALSE POSITIVE,0.0660,1,0,0,0,185.243906000,3.2940000e-03,-3.2940000e-03,177.2769000,1.100000e-02,-1.100000e-02,0.7260,0.2440,-0.4960,3.27600,0.49500,-0.49500,3.8390e+02,5.980e+01,-5.980e+01,2.38,8.600e-01,-2.700e-01,354.0,,,3.70,3.96,-1.21,7.90,1,q1_q17_dr25_tce,6218.00,173.00,-239.00,4.417,0.058,-0.232,1.1310,0.4090,-0.1280,295.083650,49.170158,14.652
11358305,K08052.01,,CANDIDATE,CANDIDATE,0.9410,0,0,0,0,7.868712300,1.3600000e-04,-1.3600000e-04,133.2612000,1.350000e-02,-1.350000e-02,0.7480,0.2330,-0.5040,3.73900,0.45400,-0.45400,8.9100e+01,1.180e+01,-1.180e+01,1.73,4.900e-01,-5.000e-01,1323.0,,,722.44,613.46,-412.98,9.10,1,q1_q17_dr25_tce,6738.00,189.00,-284.00,4.109,0.195,-0.175,1.6920,0.4850,-0.4850,295.590120,49.198601,13.410
11392362,K08053.01,,CANDIDATE,CANDIDATE,0.9970,0,0,0,0,9.910578600,2.5460000e-04,-2.5460000e-04,135.9226000,2.620000e-02,-2.620000e-02,0.8130,0.1600,-0.5630,5.94500,0.93700,-0.93700,9.9500e+01,1.630e+01,-1.630e+01,1.19,3.500e-01,-1.200e-01,922.0,,,170.47,142.43,-53.51,9.20,1,q1_q17_dr25_tce,6214.00,152.00,-239.00,4.442,0.050,-0.200,1.0760,0.3130,-0.1120,285.745640,49.238869,14.863
11443757,K08054.01,,CANDIDATE,CANDIDATE,0.9950,0,0,0,0,43.908805300,7.3510000e-04,-7.3510000e-04,169.3350000,1.550000e-02,-1.550000e-02,0.2720,0.1800,-0.2720,6.26500,0.50600,-0.50600,2.9780e+02,2.560e+01,-2.560e+01,7.33,1.870e+00,-4.380e+00,885.0,,,144.75,115.28,-124.24,13.70,1,q1_q17_dr25_tce,5216.00,172.00,-172.00,3.402,0.592,-0.197,4.3030,1.1020,-2.5710,285.086850,49.362820,13.589
8028465,K08152.01,,FALSE POSITIVE,FALSE POSITIVE,0.0460,1,0,0,0,261.684363000,4.8360000e-03,-4.8360000e-03,247.3986000,1.300000e-02,-1.300000e-02,0.0370,0.4240,-0.0370,3.89200,0.55500,-0.55500,8.1700e+02,1.220e+02,-1.220e+02,1.46,1.000e-01,-1.400e-01,175.0,,,0.22,0.06,-0.06,8.30,1,q1_q17_dr25_tce,4393.00,117.00,-143.00,4.713,0.059,-0.032,0.5260,0.0360,-0.0500,291.670620,43.814461,14.864
8129641,K08153.01,,FALSE POSITIVE,FALSE POSITIVE,0.0000,0,1,1,0,0.808106001,8.7200000e-07,-8.7200000e-07,131.6902600,1.040000e-03,-1.040000e-03,1.2690,0.4840,-0.1420,3.91740,0.04210,-0.04210,7.6764e+03,6.180e+01,-6.180e+01,39.59,1.053e+01,-4.220e+00,1978.0,,,3631.91,2958.00,-1154.43,73.30,1,q1_q17_dr25_tce,6014.00,189.00,-232.00,4.494,0.058,-0.173,0.9580,0.2550,-0.1020,300.954160,43.991718,15.940
8226720,K08154.01,,FALSE POSITIVE,FALSE POSITIVE,0.0360,1,0,0,0,391.330680000,1.7160000e-02,-1.7160000e-02,186.7266000,2.410000e-02,-2.410000e-02,0.5080,0.0160,-0.4610,12.37000,1.10000,-1.10000,2.7720e+02,3.150e+01,-3.150e+01,1.68,4.800e-01,-1.700e-01,274.0,,,1.33,1.10,-0.39,10.30,1,q1_q17_dr25_tce,6428.00,160.00,-208.00,4.457,0.065,-0.195,0.9770,0.2800,-0.1000,289.482700,44.178890,14.056
8307354,K08155.01,,FALSE POSITIVE,FALSE POSITIVE,0.0000,1,0,0,0,320.567945510,,,279.6247569,,,0.3310,,,15.36140,,,8.9890e+02,,,2.43,5.600e-01,-2.000e-01,234.0,,,0.71,0.51,-0.19,7.50,2,q1_q17_dr25_tce,5546.00,182.00,-182.00,4.575,0.040,-0.160,0.8100,0.1870,-0.0670,294.578610,44.215260,15.916
8439949,K08156.01,,CANDIDATE,CANDIDATE,0.2660,0,0,0,0,364.982420000,1.1030000e-02,-1.1030000e-02,188.6133000,1.940000e-02,-1.940000e-02,0.9260,0.0330,-0.6430,12.34600,0.84000,-0.84000,5.3300e+02,4.740e+01,-4.740e+01,3.12,1.030e+00,-3.500e-01,293.0,,,1.73,1.65,-0.53,13.10,1,q1_q17_dr25_tce,6429.00,153.00,-211.00,4.404,0.068,-0.216,1.1160,0.3700,-0.1230,295.163640,44.422211,14.324
8527297,K08157.01,,CANDIDATE,CANDIDATE,0.6380,0,0,0,0,0.587300210,,,132.3502325,,,,,,0.82000,,,,,,,,,,,,,,,,3,q1_q17_dr25_tce,,,,,,,,,,301.661800,44.577499,14.010
8588982,K08158.01,,FALSE POSITIVE,FALSE POSITIVE,0.0010,1,0,0,0,116.025744000,1.3440000e-03,-1.3440000e-03,206.3934800,6.020000e-03,-6.020000e-03,0.0170,0.6350,-0.0170,3.53900,0.79000,-0.79000,1.3610e+03,1.070e+02,-1.070e+02,37.99,6.610e+00,-8.820e+00,893.0,,,150.02,66.72,-67.22,18.50,1,q1_q17_dr25_tce,4575.00,54.00,-75.00,2.592,0.136,-0.084,10.7880,1.8780,-2.5040,300.587680,44.681862,12.184
6182508,K08261.01,,FALSE POSITIVE,FALSE POSITIVE,0.1280,1,0,0,0,85.977042600,8.8020000e-04,-8.8020000e-04,159.3127000,1.070000e-02,-1.070000e-02,0.0420,0.4060,-0.0420,1.91900,0.22400,-0.22400,1.0640e+03,1.580e+02,-1.580e+02,1.46,1.200e-01,-1.700e-01,202.0,,,0.40,0.10,-0.12,8.00,1,q1_q17_dr25_tce,3710.00,81.00,-89.00,4.797,0.054,-0.036,0.4520,0.0360,-0.0530,282.909850,41.502739,15.901
6195669,K08262.01,,FALSE POSITIVE,FALSE POSITIVE,0.0900,0,1,0,0,370.943530000,1.2560000e-02,-1.2560000e-02,261.1772000,2.190000e-02,-2.190000e-02,1.2940,70.8600,-2.5010,16.64000,1.30000,-1.30000,1.0713e+03,8.830e+01,-8.830e+01,27.77,6.480e+00,-2.150e+00,228.0,,,0.64,0.45,-0.15,14.60,1,q1_q17_dr25_tce,5755.00,155.00,-173.00,4.588,0.040,-0.160,0.7760,0.1810,-0.0600,288.813570,41.555119,15.048
6356506,K08263.01,,CANDIDATE,CANDIDATE,0.2910,0,0,0,0,280.555440000,2.5260000e-02,-2.5260000e-02,308.0323000,4.040000e-02,-4.040000e-02,0.0310,0.4190,-0.0310,12.75700,0.72300,-0.72300,4.0140e+02,4.840e+01,-4.840e+01,2.17,7.200e-01,-2.400e-01,308.0,,,2.13,2.11,-0.69,9.30,1,q1_q17_dr25_tce,6292.00,174.00,-240.00,4.426,0.054,-0.216,1.0780,0.3610,-0.1200,289.325930,41.749939,15.160
6583107,K08264.01,,FALSE POSITIVE,FALSE POSITIVE,0.1680,1,0,0,0,30.626192700,2.3830000e-04,-2.3830000e-04,157.9461300,6.980000e-03,-6.980000e-03,0.3860,0.2020,-0.3860,1.10700,0.23800,-0.23800,1.6260e+02,3.910e+01,-3.910e+01,1.55,4.300e-01,-3.800e-01,655.0,,,43.61,36.13,-21.98,6.60,1,q1_q17_dr25_tce,5860.00,177.00,-195.00,4.244,0.231,-0.189,1.1970,0.3280,-0.2950,283.242830,42.028561,13.891
6681618,K08265.01,,FALSE POSITIVE,FALSE POSITIVE,0.1280,1,0,0,0,364.421890000,1.6750000e-02,-1.6750000e-02,303.9267000,2.580000e-02,-2.580000e-02,1.2760,70.0800,-1.7750,38.14000,1.90000,-1.90000,2.4980e+03,1.120e+02,-1.120e+02,36.37,1.096e+01,-3.670e+00,264.0,,,1.14,1.05,-0.35,28.50,1,q1_q17_dr25_tce,6047.00,190.00,-232.00,4.470,0.052,-0.208,1.0020,0.3020,-0.1010,288.773160,42.137081,15.975
6946985,K08266.01,,FALSE POSITIVE,FALSE POSITIVE,0.3880,1,0,0,0,440.584562000,8.2620000e-03,-8.2620000e-03,564.1280600,9.160000e-03,-9.160000e-03,0.0620,0.3980,-0.0620,10.53400,0.39200,-0.39200,6.5900e+01,4.800e+00,-4.800e+00,1.67,7.700e-01,-4.200e-01,505.0,,,15.38,21.31,-8.07,16.10,1,q1_q17_dr25_tce,9935.00,276.00,-415.00,4.205,0.144,-0.267,1.9960,0.9230,-0.4970,291.295500,42.449940,9.397
7106438,K08267.01,,FALSE POSITIVE,FALSE POSITIVE,0.1270,1,0,0,0,269.331027000,8.1330000e-03,-8.1330000e-03,232.6164000,2.510000e-02,-2.510000e-02,0.6790,0.0460,-0.4990,4.89100,0.68900,-0.68900,5.1570e+02,8.170e+01,-8.170e+01,2.54,8.600e-01,-3.400e-01,304.0,,,2.02,2.08,-0.73,7.90,1,q1_q17_dr25_tce,6129.00,193.00,-236.00,4.419,0.072,-0.217,1.0550,0.3580,-0.1430,288.083680,42.676392,15.394
9529148,K07942.01,,FALSE POSITIVE,FALSE POSITIVE,0.2930,1,0,0,0,25.342869600,2.4420000e-04,-2.4420000e-04,132.6844000,9.370000e-03,-9.370000e-03,0.5540,0.0120,-0.4730,1.51000,0.29600,-0.29600,2.3050e+02,4.160e+01,-4.160e+01,1.85,5.500e-01,-2.300e-01,706.0,,,58.81,50.63,-19.50,7.50,1,q1_q17_dr25_tce,6311.00,151.00,-227.00,4.398,0.052,-0.195,1.1720,0.3530,-0.1410,292.941800,46.193691,15.000
9531850,K07943.01,,FALSE POSITIVE,FALSE POSITIVE,0.0000,1,0,0,0,0.662342650,5.0970000e-06,-5.0970000e-06,131.7140000,8.120000e-03,-8.120000e-03,0.6310,0.0320,-0.4880,1.04900,0.14500,-0.14500,2.3590e+03,2.720e+02,-2.720e+02,5.13,0.000e+00,0.000e+00,2089.0,,,4499.32,0.00,0.00,12.40,1,q1_q17_dr25_tce,5780.00,,,4.438,,,1.0000,,,294.086330,46.131641,17.332
9541094,K07944.01,,FALSE POSITIVE,FALSE POSITIVE,0.0000,1,0,1,1,0.536654028,2.7640000e-06,-2.7640000e-06,131.7066300,4.930000e-03,-4.930000e-03,0.6200,0.0180,-0.4990,2.78300,0.16900,-0.16900,4.1000e+01,2.500e+00,-2.500e+00,0.67,1.900e-01,-9.000e-02,2299.0,,,6574.04,5356.26,-2175.84,21.80,1,q1_q17_dr25_tce,5887.00,146.00,-176.00,4.421,0.087,-0.203,1.0010,0.2830,-0.1310,297.275790,46.132751,13.805
9579753,K07945.01,,FALSE POSITIVE,FALSE POSITIVE,0.0000,0,0,0,1,1.089081490,1.4200000e-05,-1.4200000e-05,132.0192000,1.400000e-02,-1.400000e-02,0.3100,0.1490,-0.3100,2.26200,0.25100,-0.25100,1.3070e+02,1.550e+01,-1.550e+01,0.69,4.000e-02,-8.000e-02,1131.0,,,386.20,123.02,-124.33,9.90,1,q1_q17_dr25_tce,4327.00,152.00,-167.00,4.639,0.060,-0.024,0.6140,0.0440,-0.0670,287.954900,46.298271,15.597
9588880,K07946.01,,FALSE POSITIVE,FALSE POSITIVE,0.2350,1,0,0,0,77.976211550,,,175.3549500,,,,,,2.00000,,,,,,,,,,,,,,,,7,q1_q17_dr25_tce,,,,,,,,,,292.165950,46.227631,14.703
9592831,K07947.01,,FALSE POSITIVE,FALSE POSITIVE,0.0000,1,0,1,1,0.609668222,9.1700000e-06,-9.1700000e-06,131.9340000,1.660000e-02,-1.660000e-02,0.1350,0.3290,-0.1350,2.83600,0.26700,-0.26700,2.8760e+02,2.270e+01,-2.270e+01,1.35,2.300e-01,-1.000e-01,1805.0,,,2491.57,1431.05,-640.58,15.70,1,q1_q17_dr25_tce,5296.00,190.00,-174.00,4.576,0.030,-0.120,0.8150,0.1380,-0.0640,293.760860,46.231201,16.678
9602658,K07948.01,,FALSE POSITIVE,FALSE POSITIVE,0.0000,1,0,1,1,3.556504030,6.8380000e-05,-6.8380000e-05,133.5416000,1.390000e-02,-1.390000e-02,0.8460,0.1250,-0.5960,6.86200,0.48600,-0.48600,1.3230e+02,1.330e+01,-1.330e+01,0.56,7.000e-02,-9.000e-02,580.0,,,26.66,12.76,-10.17,11.80,1,q1_q17_dr25_tce,3745.00,122.00,-133.00,4.819,0.077,-0.056,0.4270,0.0600,-0.0660,297.162840,46.276310,15.802
11453349,K08055.01,,CANDIDATE,CANDIDATE,0.9070,0,0,0,0,4.406607370,4.1220000e-05,-4.1220000e-05,133.3556100,7.740000e-03,-7.740000e-03,0.4330,0.0350,-0.4330,2.10700,0.25700,-0.25700,7.0700e+01,1.110e+01,-1.110e+01,0.86,2.700e-01,-9.000e-02,1152.0,,,415.56,400.77,-127.23,8.10,1,q1_q17_dr25_tce,6063.00,190.00,-211.00,4.470,0.052,-0.208,1.0010,0.3180,-0.1060,290.818240,49.305580,14.689
11560397,K08056.01,,FALSE POSITIVE,FALSE POSITIVE,0.0000,0,0,1,1,0.527673051,2.9120000e-06,-2.9120000e-06,131.8204200,5.210000e-03,-5.210000e-03,0.2160,0.2590,-0.2160,1.63100,0.16300,-0.16300,2.8300e+01,2.800e+00,-2.800e+00,1.43,2.500e-01,-7.600e-01,4056.0,,,63629.23,36040.94,-51500.22,13.50,1,q1_q17_dr25_tce,6762.00,214.00,-262.00,3.738,0.544,-0.096,2.6370,0.4640,-1.3910,292.546630,49.543373,13.699
11565903,K08057.01,,FALSE POSITIVE,FALSE POSITIVE,0.2380,1,0,0,0,117.140785000,4.4690000e-03,-4.4690000e-03,245.0828000,2.040000e-02,-2.040000e-02,0.6430,0.2990,-0.4260,3.40100,0.75800,-0.75800,3.3710e+02,5.320e+01,-5.320e+01,15.87,4.800e-01,-4.340e+00,862.0,,,130.52,13.58,-71.18,8.50,1,q1_q17_dr25_tce,5282.00,52.00,-195.00,2.932,0.033,-0.027,8.2430,0.2500,-2.2510,295.140560,49.557060,13.015
11601597,K08058.01,,FALSE POSITIVE,FALSE POSITIVE,0.0000,0,1,0,0,0.590281548,4.0620000e-06,-4.0620000e-06,131.6912700,6.540000e-03,-6.540000e-03,0.8010,0.1620,-0.5580,2.72000,0.35200,-0.35200,2.1600e+01,1.400e+00,-1.400e+00,0.68,1.500e-01,-1.600e-01,2643.0,,,11597.35,7737.68,-5421.27,20.60,1,q1_q17_dr25_tce,6124.00,165.00,-184.00,4.196,0.198,-0.132,1.3150,0.2950,-0.2950,286.478490,49.641140,12.174
11612241,K08059.01,,FALSE POSITIVE,FALSE POSITIVE,0.0000,1,0,1,1,4.564714700,1.0060000e-04,-1.0060000e-04,133.0763000,1.710000e-02,-1.710000e-02,0.6470,0.3180,-0.4210,13.39500,0.63000,-0.63000,9.9300e+01,6.400e+00,-6.400e+00,1.04,3.100e-01,-1.400e-01,1131.0,,,387.76,344.79,-128.18,18.00,3,q1_q17_dr25_tce,5953.00,161.00,-179.00,4.433,0.087,-0.203,0.9900,0.3000,-0.1290,292.653870,49.644138,14.095
11661803,K08060.01,,FALSE POSITIVE,FALSE POSITIVE,0.0000,1,0,0,0,372.086704000,2.3790000e-03,-2.3790000e-03,404.8990100,4.730000e-03,-4.730000e-03,1.2660,72.5800,-1.6940,3.68600,0.26500,-0.26500,2.4940e+03,1.580e+02,-1.580e+02,38.40,1.332e+01,-4.430e+00,283.0,,,1.51,1.54,-0.50,18.00,1,q1_q17_dr25_tce,6289.00,174.00,-240.00,4.411,0.072,-0.217,1.0930,0.3790,-0.1260,291.882290,49.748161,15.279
11661803,K08060.02,,FALSE POSITIVE,FALSE POSITIVE,0.0000,0,1,1,0,363.448167000,4.1100000e-03,-4.1100000e-03,411.1933600,6.800000e-03,-6.800000e-03,1.2590,72.2600,-3.8870,6.01300,0.44800,-0.44800,2.1240e+03,1.340e+02,-1.340e+02,37.03,1.284e+01,-4.270e+00,285.0,,,1.56,1.59,-0.52,19.40,2,q1_q17_dr25_tce,6289.00,174.00,-240.00,4.411,0.072,-0.217,1.0930,0.3790,-0.1260,291.882290,49.748161,15.279
8608544,K08159.01,,FALSE POSITIVE,FALSE POSITIVE,0.0070,1,0,0,0,348.681620000,1.0870000e-02,-1.0870000e-02,343.8210000,2.000000e-02,-2.000000e-02,0.5060,0.4490,-0.2960,10.95900,0.74400,-0.74400,3.0930e+02,2.920e+01,-2.920e+01,2.09,7.100e-01,-2.300e-01,302.0,,,1.96,1.87,-0.59,11.90,1,q1_q17_dr25_tce,6450.00,144.00,-192.00,4.386,0.067,-0.216,1.1550,0.3890,-0.1300,284.192170,44.762112,13.971
8608544,K08159.02,,CANDIDATE,CANDIDATE,0.5730,0,0,0,0,353.018610000,1.1110000e-02,-1.1110000e-02,350.0863000,2.190000e-02,-2.190000e-02,0.0640,0.3590,-0.0640,15.58300,0.48100,-0.48100,3.7510e+02,2.770e+01,-2.770e+01,2.25,7.600e-01,-2.500e-01,301.0,,,1.93,1.84,-0.58,14.90,2,q1_q17_dr25_tce,6450.00,144.00,-192.00,4.386,0.067,-0.216,1.1550,0.3890,-0.1300,284.192170,44.762112,13.971
8618147,K08160.01,,FALSE POSITIVE,FALSE POSITIVE,0.0770,1,0,0,0,345.128277000,9.5290000e-03,-9.5290000e-03,218.6620000,1.880000e-02,-1.880000e-02,0.1750,0.2610,-0.1740,15.92500,0.57800,-0.57800,3.2440e+02,3.280e+01,-3.280e+01,1.94,6.100e-01,-2.000e-01,282.0,,,1.50,1.38,-0.46,11.40,1,q1_q17_dr25_tce,6214.00,174.00,-217.00,4.442,0.052,-0.208,1.0760,0.3350,-0.1120,289.295070,44.716560,14.495
8630840,K08161.01,,FALSE POSITIVE,FALSE POSITIVE,0.1020,1,0,0,0,370.386420000,6.7460000e-02,-6.7460000e-02,263.3823000,8.090000e-02,-8.090000e-02,0.0060,0.4470,-0.0060,23.94000,3.20000,-3.20000,1.8620e+02,1.710e+01,-1.710e+01,2.12,6.200e-01,-6.100e-01,328.0,,,2.74,2.33,-1.55,13.90,1,q1_q17_dr25_tce,6179.00,167.00,-223.00,4.134,0.246,-0.164,1.5550,0.4510,-0.4510,294.133480,44.717350,13.732
8683144,K08162.01,,FALSE POSITIVE,FALSE POSITIVE,0.0000,1,0,0,0,267.970682000,9.7480000e-03,-9.7480000e-03,267.9789000,3.170000e-02,-3.170000e-02,0.0080,0.4420,-0.0080,11.48000,1.40000,-1.40000,3.5770e+02,3.930e+01,-3.930e+01,1.70,5.200e-01,-1.800e-01,280.0,,,1.45,1.31,-0.42,10.40,1,q1_q17_dr25_tce,6008.00,163.00,-181.00,4.519,0.052,-0.208,0.8970,0.2770,-0.0920,289.485990,44.886089,14.077
8708961,K08163.01,,CANDIDATE,CANDIDATE,0.2120,0,0,0,0,370.982530000,1.2320000e-02,-1.2320000e-02,308.2287000,2.210000e-02,-2.210000e-02,1.6550,6.5400,-0.2480,17.84000,1.30000,-1.30000,5.5230e+02,4.150e+01,-4.150e+01,119.96,3.187e+01,-4.784e+01,338.0,,,3.07,2.47,-2.09,15.70,1,q1_q17_dr25_tce,6028.00,181.00,-181.00,4.013,0.420,-0.140,1.6300,0.4330,-0.6500,298.212650,44.804790,13.936
8740744,K08164.01,,FALSE POSITIVE,FALSE POSITIVE,0.0000,1,0,0,0,417.829033000,1.5910000e-03,-1.5910000e-03,138.8786000,2.260000e-02,-2.260000e-02,0.2790,0.1580,-0.2790,15.05000,1.00000,-1.00000,5.0080e+02,5.640e+01,-5.640e+01,2.19,7.200e-01,-2.400e-01,248.0,,,0.90,0.89,-0.28,8.90,1,q1_q17_dr25_tce,6018.00,190.00,-211.00,4.485,0.056,-0.224,0.9750,0.3180,-0.1060,285.941160,44.994148,15.499
7451315,K08268.01,,FALSE POSITIVE,FALSE POSITIVE,0.2310,1,0,0,0,368.522400000,2.5540000e-02,-2.5540000e-02,177.4540000,5.660000e-02,-5.660000e-02,1.2200,69.6000,-4.3400,36.29000,2.20000,-2.20000,1.3302e+03,7.110e+01,-7.110e+01,26.70,8.000e+00,-3.430e+00,260.0,,,1.09,0.99,-0.38,22.70,1,q1_q17_dr25_tce,6063.00,191.00,-233.00,4.473,0.070,-0.210,0.9410,0.2820,-0.1210,293.708400,43.088150,15.564
7751294,K08269.01,,FALSE POSITIVE,FALSE POSITIVE,0.1140,1,0,0,0,371.458977600,,,309.8187992,,,0.0370,,,10.07340,,,4.5660e+02,,,2.22,6.700e-01,-2.800e-01,283.0,,,1.51,1.33,-0.50,10.80,1,q1_q17_dr25_tce,6388.00,171.00,-209.00,4.427,0.067,-0.202,1.0330,0.3100,-0.1330,291.193210,43.475128,14.280
7832787,K08270.01,,CANDIDATE,CANDIDATE,0.5780,0,0,0,0,338.006920000,1.2400000e-02,-1.2400000e-02,262.4000000,2.480000e-02,-2.480000e-02,0.1840,0.2460,-0.1840,16.74500,0.67500,-0.67500,5.4430e+02,4.110e+01,-4.110e+01,2.09,6.000e-01,-2.100e-01,249.0,,,0.91,0.77,-0.25,15.30,1,q1_q17_dr25_tce,5741.00,153.00,-170.00,4.502,0.062,-0.188,0.8980,0.2600,-0.0870,295.222990,43.590439,15.023
8008913,K08271.01,,FALSE POSITIVE,FALSE POSITIVE,0.2840,1,0,0,0,34.998908500,3.4980000e-04,-3.4980000e-04,160.3230800,7.390000e-03,-7.390000e-03,0.8960,0.0760,-0.6360,1.76400,0.29400,-0.29400,4.2710e+02,6.880e+01,-6.880e+01,1.65,1.700e-01,-1.100e-01,376.0,,,4.74,1.66,-1.08,7.50,1,q1_q17_dr25_tce,4559.00,121.00,-134.00,4.653,0.025,-0.053,0.6480,0.0660,-0.0440,282.905090,43.871769,15.326
8022520,K08272.01,,CANDIDATE,CANDIDATE,0.1200,0,0,0,0,432.427870000,3.7390000e-02,-3.7390000e-02,361.4078000,3.940000e-02,-3.940000e-02,0.7160,0.2770,-0.4910,19.63000,3.40000,-3.40000,1.1030e+02,7.040e+01,-7.040e+01,1.14,3.700e-01,-1.300e-01,259.0,,,1.07,1.04,-0.32,6.00,1,q1_q17_dr25_tce,6263.00,169.00,-188.00,4.460,0.054,-0.216,1.0090,0.3350,-0.1120,289.665740,43.879459,13.814
8108450,K08273.01,,FALSE POSITIVE,FALSE POSITIVE,0.1040,1,0,0,0,386.787340000,2.9480000e-02,-2.9480000e-02,354.9326000,5.480000e-02,-5.480000e-02,0.4790,0.0300,-0.4410,15.51000,2.30000,-2.30000,7.4370e+02,9.660e+01,-9.660e+01,2.34,4.400e-01,-2.900e-01,224.0,,,0.60,0.37,-0.20,10.30,2,q1_q17_dr25_tce,5425.00,185.00,-185.00,4.484,0.104,-0.138,0.8470,0.1600,-0.1070,295.497590,43.909611,15.876
8293631,K08274.01,,FALSE POSITIVE,FALSE POSITIVE,0.2890,1,0,0,0,449.557346000,6.3410000e-03,-6.3410000e-03,142.8226000,1.220000e-02,-1.220000e-02,0.6900,0.2150,-0.4610,17.22700,0.39600,-0.39600,1.1931e+03,4.630e+01,-4.630e+01,55.33,2.080e+00,-1.868e+01,721.0,,,64.05,11.16,-42.25,28.40,1,q1_q17_dr25_tce,5323.00,117.00,-327.00,2.510,0.036,-0.027,15.0750,0.5660,-5.0900,289.641420,44.224751,13.810
9604563,K07949.01,,CANDIDATE,CANDIDATE,0.9120,0,0,0,0,1.001916708,6.4030000e-06,-6.4030000e-06,132.4703300,5.210000e-03,-5.210000e-03,0.0740,0.4020,-0.0740,1.25600,0.18800,-0.18800,7.0900e+01,1.020e+01,-1.020e+01,0.62,1.000e-01,-5.000e-02,1545.0,,,1352.47,741.15,-323.45,8.30,1,q1_q17_dr25_tce,5521.00,165.00,-148.00,4.613,0.037,-0.112,0.7340,0.1270,-0.0580,297.696620,46.264679,14.985
9639021,K07950.01,,FALSE POSITIVE,FALSE POSITIVE,0.1470,0,0,1,0,2.215680760,2.9320000e-05,-2.9320000e-05,132.2661900,9.730000e-03,-9.730000e-03,0.5630,0.0070,-0.4970,1.51500,0.38600,-0.38600,4.3600e+01,9.400e+00,-9.400e+00,0.57,9.000e-02,-7.000e-02,1236.0,,,550.44,275.86,-178.46,6.90,1,q1_q17_dr25_tce,5349.00,159.00,-159.00,4.478,0.115,-0.115,0.8360,0.1300,-0.1060,286.809140,46.390411,13.805
9640649,K07951.01,,CANDIDATE,CANDIDATE,0.9710,0,0,0,0,0.862329309,4.1070000e-06,-4.1070000e-06,132.1621400,3.960000e-03,-3.960000e-03,0.4210,0.0360,-0.4210,1.04400,0.16100,-0.16100,1.4090e+02,2.060e+01,-2.060e+01,1.09,3.100e-01,-1.100e-01,1825.0,,,2623.55,2247.63,-768.54,10.80,1,q1_q17_dr25_tce,5806.00,163.00,-204.00,4.528,0.036,-0.192,0.8990,0.2600,-0.0870,287.812870,46.340569,15.769
9643210,K07952.01,,FALSE POSITIVE,FALSE POSITIVE,0.0380,1,0,0,0,3.850304552,,,132.1063696,,,0.2900,,,1.53370,,,1.5800e+02,,,0.28,4.000e-02,-3.000e-02,407.0,,,6.44,2.41,-1.60,5.30,2,q1_q17_dr25_tce,3274.00,42.00,-32.00,5.044,0.044,-0.044,0.2240,0.0320,-0.0260,289.241580,46.359711,15.610
9650579,K07953.01,,CANDIDATE,CANDIDATE,0.3350,0,0,0,0,432.969050000,4.6340000e-02,-4.6340000e-02,186.7367000,6.310000e-02,-6.310000e-02,0.4000,0.0690,-0.4000,20.76000,3.50000,-3.50000,2.5790e+02,5.100e+01,-5.100e+01,1.43,3.300e-01,-1.200e-01,219.0,,,0.55,0.37,-0.14,8.10,1,q1_q17_dr25_tce,5580.00,150.00,-166.00,4.538,0.031,-0.178,0.8860,0.2070,-0.0740,292.412110,46.363880,14.942
9650762,K07954.01,,CANDIDATE,CANDIDATE,0.8390,0,0,0,0,372.150350000,2.7520000e-02,-2.7520000e-02,453.6928000,5.630000e-02,-5.630000e-02,0.2590,0.2060,-0.2590,21.23000,1.70000,-1.70000,4.5740e+02,4.240e+01,-4.240e+01,1.74,4.600e-01,-1.400e-01,232.0,,,0.69,0.52,-0.18,12.30,1,q1_q17_dr25_tce,5769.00,155.00,-172.00,4.570,0.042,-0.168,0.8120,0.2120,-0.0660,292.481660,46.371479,15.138
9651155,K07955.01,,FALSE POSITIVE,FALSE POSITIVE,0.0000,0,1,0,0,1.073831540,1.6250000e-05,-1.6250000e-05,132.0326000,2.120000e-02,-2.120000e-02,1.1980,0.1120,-0.0810,4.84600,0.11700,-0.11700,3.1355e+04,3.130e+02,-3.130e+02,137.54,1.496e+01,-5.985e+01,3791.0,,,48979.38,18214.48,-35798.34,137.30,1,q1_q17_dr25_tce,8059.00,224.00,-336.00,3.789,0.399,-0.070,2.8590,0.3110,-1.2440,292.640630,46.388039,14.902
11709006,K08061.01,,FALSE POSITIVE,FALSE POSITIVE,1.0000,1,0,0,0,0.719741000,5.0310000e-04,-5.0310000e-04,131.8980000,4.300000e-01,-4.300000e-01,0.2750,0.2020,-0.2750,2.62800,0.61300,-0.61300,3.2200e+01,3.710e+01,-3.710e+01,0.57,6.000e-02,-3.000e-02,2074.0,,,4398.76,1549.62,-799.53,6.50,5,q1_q17_dr25_tce,6014.00,120.00,-132.00,4.486,0.024,-0.096,0.9930,0.1170,-0.0540,289.735600,49.859787,8.777
11714107,K08063.01,,CANDIDATE,CANDIDATE,0.4710,0,0,0,0,405.354570000,1.2340000e-02,-1.2340000e-02,311.8000000,2.650000e-02,-2.650000e-02,0.2850,0.1630,-0.2850,10.77800,0.80200,-0.80200,5.4560e+02,6.390e+01,-6.390e+01,2.11,5.600e-01,-2.400e-01,232.0,,,0.69,0.54,-0.21,10.20,1,q1_q17_dr25_tce,5650.00,152.00,-169.00,4.487,0.060,-0.180,0.9060,0.2420,-0.1040,292.587340,49.834469,15.328
11724094,K08064.01,,FALSE POSITIVE,FALSE POSITIVE,0.0000,0,1,0,0,1.476230610,1.6200000e-05,-1.6200000e-05,131.6030000,1.050000e-02,-1.050000e-02,0.3750,0.0900,-0.3750,2.03200,0.27700,-0.27700,3.9100e+01,5.000e+00,-5.000e+00,0.71,2.200e-01,-8.000e-02,1802.0,,,2484.49,2304.48,-744.43,9.70,1,q1_q17_dr25_tce,6325.00,168.00,-205.00,4.409,0.067,-0.202,1.1120,0.3530,-0.1180,296.978610,49.817329,14.063
11774383,K08065.01,,FALSE POSITIVE,FALSE POSITIVE,0.0000,0,1,0,0,0.520227316,4.8600000e-07,-4.8600000e-07,131.8379600,1.040000e-03,-1.040000e-03,1.0520,3.6840,-0.2280,1.79390,0.02870,-0.02870,6.8633e+04,7.140e+02,-7.140e+02,50.41,0.000e+00,0.000e+00,2264.0,,,6193.15,0.00,0.00,122.30,1,q1_q17_dr25_tce,5780.00,,,4.438,,,1.0000,,,297.044310,49.970200,19.174
11804952,K08066.01,,FALSE POSITIVE,FALSE POSITIVE,0.1970,1,0,0,0,36.319288500,4.4840000e-04,-4.4840000e-04,155.9447600,9.010000e-03,-9.010000e-03,0.5710,0.4050,-0.3640,2.60100,0.37100,-0.37100,4.0020e+02,5.730e+01,-5.730e+01,25.43,1.020e+00,-9.210e+00,1410.0,,,933.26,117.47,-614.07,8.60,1,q1_q17_dr25_tce,5008.00,50.00,-213.00,2.706,0.030,-0.030,12.3900,0.4980,-4.4860,286.566530,50.089470,13.560
11819135,K08067.01,,FALSE POSITIVE,FALSE POSITIVE,0.0000,0,1,0,0,1.901655058,6.1750000e-06,-6.1750000e-06,132.8336400,2.940000e-03,-2.940000e-03,1.0320,0.1020,-0.0730,4.65450,0.03760,-0.03760,8.7321e+04,5.600e+02,-5.600e+02,89.89,2.616e+01,-2.617e+01,2192.0,,,5467.30,4836.71,-3182.07,190.60,1,q1_q17_dr25_tce,6929.00,216.00,-312.00,4.102,0.214,-0.175,1.7040,0.4960,-0.4960,294.457280,50.030270,15.064
11904835,K08068.01,,CANDIDATE,CANDIDATE,0.9980,0,0,0,0,9.464041300,2.7980000e-04,-2.7980000e-04,138.4500000,2.240000e-02,-2.240000e-02,0.0480,0.4200,-0.0480,6.99900,0.56300,-0.56300,2.0990e+02,2.560e+01,-2.560e+01,1.28,3.700e-01,-1.300e-01,839.0,,,117.23,100.35,-32.72,9.40,1,q1_q17_dr25_tce,5968.00,161.00,-179.00,4.534,0.036,-0.204,0.8810,0.2570,-0.0860,286.121770,50.279449,15.807
8742735,K08165.01,,FALSE POSITIVE,FALSE POSITIVE,0.0000,1,0,0,0,331.926220000,1.9880000e-02,-1.9880000e-02,289.5792000,2.510000e-02,-2.510000e-02,0.0260,0.4030,-0.0260,10.84000,1.10000,-1.10000,8.0900e+02,1.120e+02,-1.120e+02,2.25,5.500e-01,-1.800e-01,235.0,,,0.72,0.52,-0.18,8.70,1,q1_q17_dr25_tce,5652.00,152.00,-152.00,4.577,0.040,-0.160,0.7980,0.1940,-0.0650,287.047420,44.987968,15.986
8743244,K08166.01,,FALSE POSITIVE,FALSE POSITIVE,0.0000,1,0,0,0,346.316880000,1.7710000e-02,-1.7710000e-02,247.1069000,4.060000e-02,-4.060000e-02,0.9540,6.8660,-0.0330,21.92000,1.50000,-1.50000,1.4350e+03,1.010e+02,-1.010e+02,5.21,1.640e+00,-7.000e-01,278.0,,,1.42,1.35,-0.50,17.00,1,q1_q17_dr25_tce,6060.00,191.00,-212.00,4.408,0.087,-0.203,1.0680,0.3370,-0.1440,287.338070,44.918709,15.386
8743244,K08166.02,,FALSE POSITIVE,FALSE POSITIVE,0.0000,1,0,0,0,365.610870000,1.9780000e-02,-1.9780000e-02,185.4567000,3.210000e-02,-3.210000e-02,0.9350,0.0380,-0.6960,16.10200,0.84900,-0.84900,1.1160e+03,1.000e+02,-1.000e+02,4.42,1.390e+00,-6.000e-01,273.0,,,1.32,1.26,-0.46,12.30,3,q1_q17_dr25_tce,6060.00,191.00,-212.00,4.408,0.087,-0.203,1.0680,0.3370,-0.1440,287.338070,44.918709,15.386
8748435,K08167.01,,FALSE POSITIVE,FALSE POSITIVE,0.0000,1,0,0,0,259.857360000,1.5120000e-02,-1.5120000e-02,291.1798000,5.280000e-02,-5.280000e-02,0.5120,0.0790,-0.4290,24.04000,1.70000,-1.70000,3.0770e+02,2.640e+01,-2.640e+01,1.33,2.200e-01,-1.000e-01,237.0,,,0.74,0.39,-0.17,14.20,1,q1_q17_dr25_tce,5374.00,159.00,-143.00,4.610,0.037,-0.105,0.7440,0.1220,-0.0570,289.868040,44.960030,14.458
8766268,K08168.01,,FALSE POSITIVE,FALSE POSITIVE,0.0000,0,0,1,1,5.297317360,9.1760000e-05,-9.1760000e-05,135.5479000,1.490000e-02,-1.490000e-02,0.1920,0.2720,-0.1920,3.34100,0.37900,-0.37900,1.6750e+02,2.290e+01,-2.290e+01,1.13,3.600e-01,-1.100e-01,989.0,,,226.10,218.10,-67.06,8.70,1,q1_q17_dr25_tce,5815.00,184.00,-204.00,4.540,0.037,-0.213,0.8770,0.2780,-0.0870,296.422640,44.976181,15.654
8808064,K08169.01,,FALSE POSITIVE,FALSE POSITIVE,0.1530,1,0,0,0,447.970280000,2.9490000e-02,-2.9490000e-02,559.6455000,3.700000e-02,-3.700000e-02,0.0210,0.4100,-0.0210,10.85700,0.84300,-0.84300,5.1270e+02,6.150e+01,-6.150e+01,2.00,6.200e-01,-2.000e-01,230.0,,,0.67,0.60,-0.19,9.20,1,q1_q17_dr25_tce,5911.00,159.00,-177.00,4.530,0.050,-0.212,0.8870,0.2730,-0.0910,287.100130,45.006310,15.152
8813404,K08170.01,,FALSE POSITIVE,FALSE POSITIVE,0.0040,1,0,0,0,374.800950000,1.0500000e-02,-1.0500000e-02,457.3021000,1.960000e-02,-1.960000e-02,0.5390,0.0430,-0.4460,10.69100,0.69000,-0.69000,1.4440e+02,1.500e+01,-1.500e+01,1.53,3.000e-01,-3.700e-01,286.0,,,1.59,0.93,-0.77,11.40,1,q1_q17_dr25_tce,5804.00,146.00,-146.00,4.214,0.228,-0.123,1.2340,0.2440,-0.2990,289.752960,45.006290,12.283
8329346,K08275.01,,CANDIDATE,CANDIDATE,0.2290,0,0,0,0,389.875816000,7.1940000e-03,-7.1940000e-03,273.6498000,1.420000e-02,-1.420000e-02,0.5760,0.0060,-0.4770,3.33600,0.42200,-0.42200,2.1340e+03,2.960e+02,-2.960e+02,3.76,6.300e-01,-2.900e-01,207.0,,,0.44,0.24,-0.11,8.90,1,q1_q17_dr25_tce,5289.00,185.00,-167.00,4.588,0.028,-0.119,0.7900,0.1330,-0.0610,300.696720,44.298409,15.953
8637903,K08276.01,,CANDIDATE,CANDIDATE,0.5410,0,0,0,0,385.858683000,5.2610000e-03,-5.2610000e-03,343.6482700,9.070000e-03,-9.070000e-03,0.8770,0.0910,-0.6300,12.07100,0.33100,-0.33100,5.4840e+02,2.950e+01,-2.950e+01,3.23,1.000e+00,-4.100e-01,300.0,,,1.92,1.69,-0.63,21.20,1,q1_q17_dr25_tce,6551.00,149.00,-216.00,4.367,0.065,-0.195,1.1950,0.3720,-0.1490,296.407870,44.773640,13.993
8673511,K08277.01,,CANDIDATE,CANDIDATE,0.4490,0,0,0,0,0.757261281,3.7680000e-06,-3.7680000e-06,131.6215400,4.720000e-03,-4.720000e-03,0.3220,0.1900,-0.3210,0.90500,0.29800,-0.29800,3.6500e+01,5.600e+00,-5.600e+00,0.58,1.700e-01,-6.000e-02,1908.0,,,3119.75,2686.06,-873.02,10.20,1,q1_q17_dr25_tce,5651.00,154.00,-171.00,4.479,0.062,-0.200,0.9530,0.2790,-0.0930,284.295650,44.895859,14.024
8873674,K08278.01,,FALSE POSITIVE,FALSE POSITIVE,0.4500,1,0,0,0,172.280975000,9.9500000e-03,-9.9500000e-03,216.0303000,4.460000e-02,-4.460000e-02,0.6020,0.3560,-0.3910,12.24000,1.20000,-1.20000,3.1380e+02,3.640e+01,-3.640e+01,1.60,4.500e-01,-1.500e-01,301.0,,,1.95,1.62,-0.53,10.20,1,q1_q17_dr25_tce,5659.00,152.00,-169.00,4.538,0.034,-0.184,0.8690,0.2460,-0.0820,286.862180,45.151569,15.112
9011955,K08279.01,,CANDIDATE,CANDIDATE,0.7020,0,0,0,0,367.089600000,2.2810000e-02,-2.2810000e-02,178.6744000,4.220000e-02,-4.220000e-02,1.2420,72.9900,-3.6310,28.02000,1.40000,-1.40000,2.0923e+03,9.350e+01,-9.350e+01,35.30,1.232e+01,-4.110e+00,281.0,,,1.48,1.53,-0.50,27.70,1,q1_q17_dr25_tce,6268.00,173.00,-260.00,4.429,0.058,-0.232,1.1000,0.3840,-0.1280,287.867370,45.321289,15.267
9159288,K08280.01,,CANDIDATE,CANDIDATE,0.7750,0,0,0,0,66.673050000,1.2440000e-02,-1.2440000e-02,161.5900000,1.760000e-01,-1.760000e-01,0.4150,0.0490,-0.4150,6.38100,0.80400,-0.80400,4.7210e+02,4.910e+01,-4.910e+01,2.64,9.000e-01,-3.000e-01,542.0,,,20.35,19.92,-6.70,9.60,1,q1_q17_dr25_tce,6592.00,163.00,-256.00,4.369,0.072,-0.217,1.1900,0.4040,-0.1350,293.689790,45.549332,14.634
9209808,K08281.01,,FALSE POSITIVE,FALSE POSITIVE,0.1410,1,0,0,0,244.547128000,5.6860000e-03,-5.6860000e-03,133.3618000,2.030000e-02,-2.030000e-02,0.0030,0.4540,-0.0030,3.59000,0.61300,-0.61300,5.8700e+02,1.110e+02,-1.110e+02,1.74,2.000e-01,-1.400e-01,228.0,,,0.64,0.26,-0.15,6.40,1,q1_q17_dr25_tce,5094.00,153.00,-138.00,4.612,0.035,-0.075,0.7360,0.0880,-0.0590,287.894380,45.606468,15.492
9656547,K07956.01,,FALSE POSITIVE,FALSE POSITIVE,0.0000,0,0,1,1,1.272287710,1.3650000e-05,-1.3650000e-05,132.4994500,9.840000e-03,-9.840000e-03,0.4280,0.0290,-0.4280,2.09900,0.32800,-0.32800,8.2900e+01,1.130e+01,-1.130e+01,0.63,7.000e-02,-5.000e-02,1275.0,,,624.11,250.50,-152.05,9.50,1,q1_q17_dr25_tce,5044.00,136.00,-151.00,4.640,0.030,-0.070,0.6860,0.0840,-0.0520,294.772160,46.377731,15.457
9658192,K07957.01,,FALSE POSITIVE,FALSE POSITIVE,0.0000,0,0,1,0,1.886002102,9.6740000e-06,-9.6740000e-06,131.7415300,4.580000e-03,-4.580000e-03,0.3610,0.2740,-0.3610,1.02100,0.26200,-0.26200,4.7400e+01,9.500e+00,-9.500e+00,0.65,1.900e-01,-7.000e-02,1433.0,,,997.72,848.55,-279.28,7.60,1,q1_q17_dr25_tce,5793.00,144.00,-173.00,4.485,0.065,-0.195,0.9250,0.2730,-0.0910,295.392120,46.329639,14.007
9710611,K07958.01,,FALSE POSITIVE,FALSE POSITIVE,0.1860,1,0,0,0,386.354440000,1.3590000e-02,-1.3590000e-02,359.0914000,2.540000e-02,-2.540000e-02,0.7050,0.2680,-0.4770,9.59400,0.56700,-0.56700,1.2960e+02,1.480e+01,-1.480e+01,1.43,3.200e-01,-2.100e-01,287.0,,,1.60,1.06,-0.58,10.90,2,q1_q17_dr25_tce,6165.00,154.00,-185.00,4.319,0.121,-0.148,1.1770,0.2650,-0.1770,291.976560,46.414631,12.458
9710626,K07959.01,,FALSE POSITIVE,FALSE POSITIVE,0.0000,1,0,0,0,371.214540000,2.4070000e-02,-2.4070000e-02,497.5266000,3.590000e-02,-3.590000e-02,1.2540,75.4800,-2.4650,19.40000,2.10000,-2.10000,1.7800e+03,1.540e+02,-1.540e+02,28.21,4.250e+00,-1.690e+00,212.0,,,0.47,0.24,-0.10,14.40,1,q1_q17_dr25_tce,5189.00,171.00,-155.00,4.557,0.028,-0.119,0.8500,0.1280,-0.0510,291.982970,46.486462,15.713
9710792,K07960.01,,FALSE POSITIVE,FALSE POSITIVE,0.0000,1,0,0,0,365.543500000,3.7850000e-02,-3.7850000e-02,132.6904000,9.530000e-02,-9.530000e-02,0.5180,0.4320,-0.2920,14.78000,1.30000,-1.30000,7.5310e+02,6.810e+01,-6.810e+01,3.04,8.400e-01,-3.600e-01,283.0,,,1.51,1.22,-0.48,13.40,1,q1_q17_dr25_tce,6306.00,168.00,-205.00,4.426,0.062,-0.187,1.0760,0.2960,-0.1270,292.052670,46.430210,15.397
9770983,K07961.01,,FALSE POSITIVE,FALSE POSITIVE,0.3820,0,0,1,0,7.029323390,7.9830000e-05,-7.9830000e-05,134.6643400,8.990000e-03,-8.990000e-03,0.0980,0.3650,-0.0980,2.85300,0.25600,-0.25600,8.1600e+01,1.080e+01,-1.080e+01,0.92,2.400e-01,-8.000e-02,974.0,,,212.66,172.31,-61.09,8.70,1,q1_q17_dr25_tce,5977.00,182.00,-223.00,4.473,0.044,-0.187,1.0220,0.2730,-0.0910,291.993500,46.516071,14.270
9777089,K07962.01,,FALSE POSITIVE,FALSE POSITIVE,0.0000,1,0,1,1,19.229478000,1.2620000e-03,-1.2620000e-03,132.5889000,4.070000e-02,-4.070000e-02,0.6990,0.0090,-0.5260,4.68000,3.80000,-3.80000,1.1580e+02,1.410e+01,-1.410e+01,1.97,6.100e-01,-5.100e-01,970.0,,,209.42,193.27,-110.26,8.10,1,q1_q17_dr25_tce,6654.00,187.00,-258.00,4.113,0.204,-0.185,1.7120,0.5340,-0.4370,294.470920,46.592979,14.429
11918793,K08069.01,,FALSE POSITIVE,FALSE POSITIVE,0.0500,1,0,0,0,38.353120000,4.5800000e-02,-4.5800000e-02,167.6337000,6.740000e-02,-6.740000e-02,0.0170,0.4020,-0.0170,2.90000,2.80000,-2.80000,3.0900e+03,3.310e+02,-3.310e+02,5.57,1.720e+00,-6.200e-01,557.0,,,22.73,21.47,-7.38,8.60,1,q1_q17_dr25_tce,5979.00,190.00,-232.00,4.449,0.070,-0.210,1.0040,0.3110,-0.1110,294.219540,50.260738,15.457
11922290,K08070.01,,FALSE POSITIVE,FALSE POSITIVE,0.0420,1,0,0,0,114.661733000,2.1950000e-03,-2.1950000e-03,237.2307000,1.210000e-02,-1.210000e-02,0.8630,0.1240,-0.6570,2.78400,0.44800,-0.44800,2.8180e+02,5.050e+01,-5.050e+01,1.38,1.500e-01,-1.500e-01,316.0,,,2.37,0.94,-0.68,7.30,1,q1_q17_dr25_tce,5412.00,161.00,-161.00,4.562,0.090,-0.060,0.7120,0.0820,-0.0740,295.808010,50.227188,14.077
11966668,K08071.01,,FALSE POSITIVE,FALSE POSITIVE,0.0000,1,0,0,0,313.198750000,1.6960000e-02,-1.6960000e-02,340.9372000,2.870000e-02,-2.870000e-02,0.3600,0.0920,-0.3600,8.60300,0.69000,-0.69000,7.2100e+02,1.000e+02,-1.000e+02,1.95,2.800e-01,-1.600e-01,216.0,,,0.51,0.24,-0.12,9.60,1,q1_q17_dr25_tce,5254.00,158.00,-142.00,4.618,0.030,-0.090,0.7300,0.1030,-0.0600,293.531800,50.311291,15.693
11967872,K08072.01,,FALSE POSITIVE,FALSE POSITIVE,0.2520,1,0,0,0,134.370692000,8.6640000e-03,-8.6640000e-03,249.3136000,4.670000e-02,-4.670000e-02,0.1740,0.2800,-0.1740,8.73000,1.20000,-1.20000,4.3260e+02,6.320e+01,-6.320e+01,1.95,6.200e-01,-2.000e-01,351.0,,,3.58,3.43,-1.09,8.10,1,q1_q17_dr25_tce,5910.00,184.00,-205.00,4.505,0.039,-0.221,0.9400,0.2970,-0.0990,294.074830,50.397240,15.541
12004656,K08073.01,,FALSE POSITIVE,FALSE POSITIVE,0.0000,1,0,1,1,2.521230220,5.4910000e-05,-5.4910000e-05,132.8709000,2.120000e-02,-2.120000e-02,1.1580,20.2600,-0.0490,4.73900,0.92500,-0.92500,1.4590e+02,2.310e+01,-2.310e+01,9.68,1.580e+00,-2.360e+00,726.0,,,65.58,45.75,-36.84,8.90,1,q1_q17_dr25_tce,3932.00,229.00,-252.00,4.745,0.130,-0.070,0.5200,0.0850,-0.1270,286.409000,50.418110,15.521
12008916,K08074.01,,FALSE POSITIVE,FALSE POSITIVE,0.2040,1,0,0,0,47.431485700,6.6320000e-04,-6.6320000e-04,174.6547000,1.020000e-02,-1.020000e-02,0.0140,0.4430,-0.0140,4.51100,0.31000,-0.31000,1.7280e+02,1.900e+01,-1.900e+01,8.83,2.900e-01,-2.730e+00,1029.0,,,265.10,30.65,-160.35,10.30,1,q1_q17_dr25_tce,5166.00,59.00,-239.00,3.120,0.036,-0.027,6.8910,0.2240,-2.1290,289.096590,50.427181,11.765
12021943,K08075.01,,FALSE POSITIVE,FALSE POSITIVE,0.2030,1,0,0,0,6.096260200,2.5030000e-04,-2.5030000e-04,134.9875000,4.020000e-02,-4.020000e-02,0.7870,0.1670,-0.5470,10.40000,1.20000,-1.20000,3.0400e+01,3.900e+00,-3.900e+00,0.62,2.100e-01,-6.000e-02,1048.0,,,284.96,278.41,-86.32,10.00,1,q1_q17_dr25_tce,6108.00,172.00,-193.00,4.466,0.042,-0.224,1.0300,0.3400,-0.1130,296.149630,50.466610,13.723
8815031,K08171.01,,FALSE POSITIVE,FALSE POSITIVE,0.0000,1,0,0,0,472.603800000,2.8680000e-02,-2.8680000e-02,515.5770000,3.900000e-02,-3.900000e-02,0.4760,0.4900,-0.2750,12.15000,1.40000,-1.40000,6.7200e+02,1.010e+02,-1.010e+02,2.28,5.100e-01,-1.800e-01,218.0,,,0.54,0.35,-0.13,7.70,1,q1_q17_dr25_tce,5764.00,156.00,-156.00,4.548,0.040,-0.160,0.8630,0.1940,-0.0690,290.369320,45.009258,15.975
8821936,K08172.01,,FALSE POSITIVE,FALSE POSITIVE,0.0000,1,0,0,0,371.518520000,1.5790000e-02,-1.5790000e-02,317.6836000,3.390000e-02,-3.390000e-02,0.9620,0.0090,-0.7220,30.94000,1.10000,-1.10000,2.6300e+02,1.790e+01,-1.790e+01,2.28,7.600e-01,-3.100e-01,284.0,,,1.53,1.50,-0.53,17.00,1,q1_q17_dr25_tce,6227.00,169.00,-206.00,4.377,0.101,-0.203,1.0890,0.3640,-0.1450,293.064000,45.034210,13.731
8832676,K08173.01,,FALSE POSITIVE,FALSE POSITIVE,0.0150,1,0,0,0,323.665420000,2.2370000e-02,-2.2370000e-02,204.2147000,7.270000e-02,-7.270000e-02,0.0310,0.4080,-0.0310,20.37000,1.40000,-1.40000,1.1780e+03,1.490e+02,-1.490e+02,1.58,1.000e-01,-1.200e-01,133.0,,,0.07,0.02,-0.01,9.10,2,q1_q17_dr25_tce,3737.00,66.00,-66.00,4.779,0.039,-0.024,0.4660,0.0280,-0.0350,296.797150,45.027962,15.466
8873873,K08174.01,,CANDIDATE,CANDIDATE,0.6650,0,0,0,0,295.060660000,2.8290000e-02,-2.8290000e-02,314.2081000,5.790000e-02,-5.790000e-02,0.0520,0.4000,-0.0520,16.18000,1.40000,-1.40000,7.2200e+01,8.400e+00,-8.400e+00,0.64,7.000e-02,-7.000e-02,233.0,,,0.70,0.28,-0.21,10.40,1,q1_q17_dr25_tce,5332.00,160.00,-144.00,4.524,0.097,-0.060,0.7620,0.0870,-0.0870,286.949460,45.142139,11.922
9075882,K08175.01,,FALSE POSITIVE,FALSE POSITIVE,0.0000,1,0,0,0,367.016070000,2.0840000e-02,-2.0840000e-02,181.8404000,4.390000e-02,-4.390000e-02,0.6330,0.0250,-0.5080,15.48000,1.10000,-1.10000,7.3860e+02,7.720e+01,-7.720e+01,2.46,7.000e-01,-2.200e-01,245.0,,,0.85,0.70,-0.23,11.20,1,q1_q17_dr25_tce,5931.00,161.00,-178.00,4.545,0.036,-0.192,0.8630,0.2460,-0.0770,285.668580,45.454330,15.168
9084832,K08176.01,,FALSE POSITIVE,FALSE POSITIVE,0.0080,1,0,0,0,568.082510000,2.0070000e-02,-2.0070000e-02,254.6544900,9.920000e-03,-9.920000e-03,0.4000,0.0500,-0.4000,13.60800,0.54900,-0.54900,5.0830e+02,3.270e+01,-3.270e+01,2.14,6.000e-01,-3.500e-01,205.0,,,0.42,0.35,-0.16,18.10,2,q1_q17_dr25_tce,5359.00,160.00,-144.00,4.403,0.144,-0.234,0.9500,0.2680,-0.1570,290.303800,45.443291,12.933
9093859,K08177.01,,FALSE POSITIVE,FALSE POSITIVE,0.0000,1,0,1,1,3.044775200,1.1980000e-04,-1.1980000e-04,132.3975000,3.660000e-02,-3.660000e-02,0.3830,0.0730,-0.3830,7.35000,1.20000,-1.20000,7.4900e+01,1.120e+01,-1.120e+01,0.68,1.100e-01,-6.000e-02,1061.0,,,299.07,160.22,-76.75,8.60,1,q1_q17_dr25_tce,5390.00,159.00,-159.00,4.591,0.035,-0.112,0.7800,0.1320,-0.0660,293.667540,45.498451,15.964
9239670,K08282.01,,FALSE POSITIVE,FALSE POSITIVE,0.1160,1,0,0,0,456.553080000,1.2880000e-02,-1.2880000e-02,527.3529000,1.720000e-02,-1.720000e-02,0.6730,0.0380,-0.5000,4.43500,0.60900,-0.60900,1.1620e+02,2.010e+01,-2.010e+01,1.48,3.200e-01,-3.900e-01,270.0,,,1.26,0.78,-0.64,7.30,1,q1_q17_dr25_tce,5678.00,142.00,-128.00,4.161,0.260,-0.140,1.2980,0.2780,-0.3400,298.905180,45.610840,11.858
9388557,K08283.01,,FALSE POSITIVE,FALSE POSITIVE,0.1500,1,0,0,0,209.941369000,2.1510000e-03,-2.1510000e-03,268.5679000,7.790000e-03,-7.790000e-03,0.1570,0.3090,-0.1570,2.97000,0.29100,-0.29100,4.7730e+02,5.770e+01,-5.770e+01,14.36,2.720e+00,-5.060e+00,651.0,,,42.43,21.87,-26.34,10.20,1,q1_q17_dr25_tce,5125.00,88.00,-127.00,2.988,0.234,-0.156,6.6900,1.2700,-2.3580,283.774720,45.910831,13.066
9532997,K08284.01,,FALSE POSITIVE,FALSE POSITIVE,0.1340,1,0,0,0,49.763624000,1.8940000e-03,-1.8940000e-03,135.0312000,4.870000e-02,-4.870000e-02,0.0200,0.4820,-0.0200,2.74900,0.66100,-0.66100,4.1200e+02,1.330e+02,-1.330e+02,2.43,8.300e-01,-3.400e-01,588.0,,,28.31,28.76,-10.27,6.80,1,q1_q17_dr25_tce,6477.00,179.00,-246.00,4.361,0.072,-0.203,1.1870,0.4090,-0.1630,294.489260,46.140121,14.867
9536836,K08285.01,,FALSE POSITIVE,FALSE POSITIVE,0.1210,1,0,0,0,320.347208000,8.5030000e-03,-8.5030000e-03,406.2309000,1.480000e-02,-1.480000e-02,0.5480,0.4150,-0.3340,7.15900,0.55900,-0.55900,2.6280e+02,3.830e+01,-3.830e+01,1.58,4.600e-01,-1.500e-01,274.0,,,1.33,1.14,-0.38,8.80,1,q1_q17_dr25_tce,6146.00,164.00,-201.00,4.497,0.050,-0.200,0.9430,0.2730,-0.0910,295.902070,46.116138,13.996
9592621,K08286.01,,CANDIDATE,CANDIDATE,0.1860,0,0,0,0,191.037280000,1.3150000e-02,-1.3150000e-02,153.9107000,6.480000e-02,-6.480000e-02,0.0910,0.4560,-0.0910,3.59500,0.98900,-0.98900,1.6070e+03,5.020e+02,-5.020e+02,3.54,8.400e-01,-3.600e-01,286.0,,,1.58,1.18,-0.46,7.00,1,q1_q17_dr25_tce,5440.00,180.00,-180.00,4.497,0.055,-0.165,0.9010,0.2130,-0.0910,293.683900,46.265541,16.652
10010452,K08287.01,,FALSE POSITIVE,FALSE POSITIVE,0.2660,1,0,0,0,358.743180000,4.8490000e-02,-4.8490000e-02,150.5540000,6.430000e-02,-6.430000e-02,0.1510,0.3380,-0.1510,19.76000,2.60000,-2.60000,7.6050e+02,6.350e+01,-6.350e+01,2.25,5.100e-01,-1.700e-01,224.0,,,0.60,0.41,-0.14,15.90,1,q1_q17_dr25_tce,5482.00,164.00,-147.00,4.566,0.038,-0.152,0.8260,0.1880,-0.0630,291.285950,46.920551,14.806
10226420,K08288.01,,FALSE POSITIVE,FALSE POSITIVE,0.0000,0,1,1,1,0.660663034,4.0260000e-06,-4.0260000e-06,131.6841700,5.340000e-03,-5.340000e-03,0.0250,0.9710,-0.0250,2.81000,1.60000,-1.60000,1.3400e+02,1.550e+01,-1.550e+01,1.32,3.800e-01,-1.600e-01,2385.0,,,7605.89,6498.41,-2530.75,23.30,1,q1_q17_dr25_tce,6353.00,174.00,-217.00,4.397,0.065,-0.195,1.1340,0.3290,-0.1410,298.157320,47.291660,14.784
9777990,K07963.01,,FALSE POSITIVE,FALSE POSITIVE,0.0000,0,1,0,0,14.340035800,3.5000000e-04,-3.5000000e-04,140.9329000,1.770000e-02,-1.770000e-02,0.0060,0.5020,-0.0060,5.70000,0.77800,-0.77800,1.7060e+03,4.000e+02,-4.000e+02,0.68,3.300e-01,-1.400e-01,248.0,,,0.89,1.34,-0.37,8.00,1,q1_q17_dr25_tce,3358.00,119.00,-59.00,5.149,0.092,-0.138,0.1740,0.0830,-0.0360,294.795900,46.521626,18.013
9813678,K07964.01,,FALSE POSITIVE,FALSE POSITIVE,0.0000,0,1,0,0,0.505079006,1.5900000e-07,-1.5900000e-07,131.9307760,4.140000e-04,-4.140000e-04,1.1840,0.1080,-0.0840,1.36737,0.00359,-0.00359,2.8078e+04,5.250e+01,-5.250e+01,86.41,6.302e+01,-5.157e+01,2997.0,,,19181.12,47540.77,-16438.21,665.50,1,q1_q17_dr25_tce,5398.00,208.00,-170.00,3.822,0.805,-0.345,1.8430,1.3440,-1.1000,282.509000,46.634441,15.992
9826551,K07965.01,,FALSE POSITIVE,FALSE POSITIVE,0.0000,0,1,1,0,7.196809840,4.7710000e-05,-4.7710000e-05,136.6395500,5.550000e-03,-5.550000e-03,0.2700,0.1770,-0.2700,1.68300,0.18600,-0.18600,5.0500e+01,6.000e+00,-6.000e+00,1.20,3.700e-01,-3.600e-01,1275.0,,,625.53,554.15,-363.12,10.00,1,q1_q17_dr25_tce,6325.00,177.00,-243.00,4.112,0.225,-0.184,1.6760,0.5020,-0.5020,289.916380,46.677559,13.118
9838537,K07966.01,,FALSE POSITIVE,FALSE POSITIVE,0.0000,0,0,1,1,1.332577150,2.0130000e-05,-2.0130000e-05,132.0367000,1.360000e-02,-1.360000e-02,0.3260,0.1450,-0.3260,5.15800,0.36400,-0.36400,2.7100e+01,2.200e+00,-2.200e+00,0.44,1.200e-01,-4.000e-02,1553.0,,,1378.01,1111.25,-365.05,15.50,1,q1_q17_dr25_tce,5852.00,140.00,-158.00,4.559,0.036,-0.204,0.8370,0.2360,-0.0790,294.859340,46.635689,13.454
9838761,K07967.01,,FALSE POSITIVE,FALSE POSITIVE,0.0000,0,0,0,1,1.332544280,1.1930000e-05,-1.1930000e-05,132.0678800,8.410000e-03,-8.410000e-03,0.0210,0.4430,-0.0210,3.12200,0.21300,-0.21300,1.6220e+02,1.100e+01,-1.100e+01,0.93,1.300e-01,-1.000e-01,1427.0,,,981.02,472.26,-309.71,18.10,1,q1_q17_dr25_tce,5460.00,191.00,-191.00,4.543,0.099,-0.081,0.7340,0.1000,-0.0820,294.947750,46.671951,15.840
9839062,K07968.01,,FALSE POSITIVE,FALSE POSITIVE,0.0000,1,0,0,0,424.623345000,2.3030000e-03,-2.3030000e-03,218.2595500,4.740000e-03,-4.740000e-03,0.8190,0.0270,-0.0430,9.66600,0.27300,-0.27300,5.1321e+03,9.820e+01,-9.820e+01,8.13,2.680e+00,-8.800e-01,265.0,,,1.17,1.12,-0.38,60.20,1,q1_q17_dr25_tce,6339.00,176.00,-242.00,4.454,0.056,-0.224,1.0170,0.3340,-0.1110,295.065920,46.686432,15.513
9851983,K07969.01,,FALSE POSITIVE,FALSE POSITIVE,0.0780,1,0,0,0,1.456383399,5.1200000e-06,-5.1200000e-06,132.7166100,2.890000e-03,-2.890000e-03,1.1690,0.0900,-0.1080,11.83800,0.41700,-0.41700,2.1220e+02,3.200e+00,-3.200e+00,52.87,1.371e+01,-3.199e+01,2721.0,,,12950.97,10638.45,-11175.13,94.00,1,q1_q17_dr25_tce,6184.00,218.00,-196.00,3.665,0.740,-0.131,2.6460,0.6860,-1.6010,299.053100,46.620392,13.401
12156930,K08076.01,,CANDIDATE,CANDIDATE,0.7530,0,0,0,0,71.106840000,1.7400000e-03,-1.7400000e-03,176.7154000,1.780000e-02,-1.780000e-02,0.4660,0.3400,-0.3180,6.93300,0.46200,-0.46200,1.2840e+02,1.390e+01,-1.390e+01,1.42,4.500e-01,-2.400e-01,523.0,,,17.68,16.44,-7.09,10.50,1,q1_q17_dr25_tce,6339.00,177.00,-221.00,4.315,0.108,-0.201,1.2240,0.3850,-0.2070,290.039430,50.768501,13.740
12266099,K08077.01,,CANDIDATE,CANDIDATE,0.3400,0,0,0,0,77.177672000,1.1100000e-03,-1.1100000e-03,146.9243000,1.130000e-02,-1.130000e-02,0.0260,0.4390,-0.0260,2.31200,0.27700,-0.27700,3.1860e+02,5.010e+01,-5.010e+01,1.29,9.000e-02,-1.200e-01,327.0,,,2.70,0.79,-0.72,8.00,1,q1_q17_dr25_tce,4840.00,145.00,-130.00,4.551,0.066,-0.039,0.7490,0.0530,-0.0720,295.570010,50.904900,14.427
12307496,K08078.01,,CANDIDATE,CANDIDATE,1.0000,0,0,0,0,0.805941833,8.1900000e-07,-8.1900000e-07,132.1278740,8.520000e-04,-8.520000e-04,1.3390,9.3780,-0.0630,1.44320,0.04590,-0.04590,3.1804e+03,7.510e+01,-7.510e+01,29.85,3.110e+00,-2.840e+00,1498.0,,,1189.65,440.69,-326.34,55.40,1,q1_q17_dr25_tce,5022.00,149.00,-149.00,4.597,0.072,-0.048,0.6720,0.0700,-0.0640,291.554470,51.043201,14.169
12419303,K08079.01,,FALSE POSITIVE,FALSE POSITIVE,0.0000,0,0,1,0,0.608074963,1.6920000e-06,-1.6920000e-06,131.6668900,2.470000e-03,-2.470000e-03,0.1100,0.4060,-0.1100,0.87900,0.20100,-0.20100,1.1750e+02,1.600e+01,-1.600e+01,1.15,3.800e-01,-1.300e-01,2362.0,,,7350.47,7249.30,-2308.07,10.80,1,q1_q17_dr25_tce,6309.00,175.00,-219.00,4.441,0.054,-0.216,1.0440,0.3490,-0.1160,296.636600,51.221340,15.326
12453855,K08080.01,,FALSE POSITIVE,FALSE POSITIVE,0.0000,0,1,0,0,0.559643825,1.3100000e-07,-1.3100000e-07,131.5171340,1.930000e-04,-1.930000e-04,1.2640,3.5710,-0.1540,0.67700,0.01860,-0.01860,1.8126e+03,1.630e+01,-1.630e+01,27.21,3.340e+00,-3.340e+00,1860.0,,,2854.44,1197.71,-910.91,130.70,1,q1_q17_dr25_tce,5240.00,158.00,-158.00,4.521,0.099,-0.081,0.7740,0.0950,-0.0950,287.710390,51.317638,15.360
12459808,K08081.01,,FALSE POSITIVE,FALSE POSITIVE,0.0000,0,0,0,1,0.502446098,4.8620000e-06,-4.8620000e-06,131.9359000,1.080000e-02,-1.080000e-02,0.6360,0.0260,-0.4940,1.80300,0.26400,-0.26400,1.1400e+01,1.800e+00,-1.800e+00,0.43,1.300e-01,-8.000e-02,2705.0,,,12572.01,11959.11,-5223.13,10.10,1,q1_q17_dr25_tce,6306.00,177.00,-243.00,4.311,0.128,-0.192,1.1970,0.3850,-0.2070,291.097530,51.310925,12.540
12602999,K08082.01,,CANDIDATE,CANDIDATE,0.9730,0,0,0,0,8.276602800,3.3070000e-04,-3.3070000e-04,131.7601000,1.170000e-02,-1.170000e-02,0.6380,0.0070,-0.4860,4.83400,0.83800,-0.83800,7.3100e+01,7.200e+00,-7.200e+00,2.48,4.400e-01,-8.700e-01,1623.0,,,1639.28,881.67,-1030.63,10.00,1,q1_q17_dr25_tce,6787.00,182.00,-202.00,3.762,0.285,-0.095,2.7530,0.4850,-0.9710,290.874110,51.685181,12.430
9114508,K08178.01,,FALSE POSITIVE,FALSE POSITIVE,0.0010,1,0,0,0,256.456160000,2.4750000e-02,-2.4750000e-02,141.7586000,8.440000e-02,-8.440000e-02,0.7790,0.2050,-0.5100,35.35000,3.00000,-3.00000,1.7283e+04,1.480e+03,-1.480e+03,9.44,3.800e-01,-8.900e-01,175.0,,,0.22,0.05,-0.07,14.40,4,q1_q17_dr25_tce,4070.00,142.00,-156.00,4.628,0.056,-0.016,0.6460,0.0260,-0.0610,299.535130,45.441860,15.745
9216810,K08179.01,,FALSE POSITIVE,FALSE POSITIVE,0.2070,1,0,0,0,138.629024980,,,235.3730333,,,,,,4.93000,,,,,,,,,,,,,,,,2,q1_q17_dr25_tce,,,,,,,,,,291.261020,45.637470,10.555
9268159,K08180.01,,CANDIDATE,CANDIDATE,0.2950,0,0,0,0,185.975340000,2.2580000e-02,-2.2580000e-02,299.6938000,6.560000e-02,-6.560000e-02,0.4000,0.0460,-0.4000,8.74400,0.92600,-0.92600,5.4500e+01,4.170e+01,-4.170e+01,2.76,2.600e-01,-1.380e+00,688.0,,,53.05,17.71,-42.02,2.60,3,q1_q17_dr25_tce,7365.00,203.00,-330.00,3.628,0.504,-0.056,3.6380,0.3410,-1.8200,285.327910,45.753738,10.554
9340460,K08181.01,,FALSE POSITIVE,FALSE POSITIVE,0.0090,1,0,0,0,388.519605000,7.9340000e-03,-7.9340000e-03,352.2898000,1.880000e-02,-1.880000e-02,0.4780,0.4880,-0.2720,10.61300,0.51000,-0.51000,1.5120e+02,1.180e+01,-1.180e+01,2.30,6.000e-01,-9.100e-01,350.0,,,3.56,2.86,-2.44,15.10,1,q1_q17_dr25_tce,6164.00,195.00,-238.00,3.985,0.364,-0.130,1.8250,0.4790,-0.7190,291.072080,45.879307,11.543
9409493,K08182.01,,FALSE POSITIVE,FALSE POSITIVE,0.0190,1,0,0,0,60.049737000,5.0220000e-03,-5.0220000e-03,158.5226000,7.800000e-02,-7.800000e-02,1.2170,6.8590,-0.0090,20.17000,1.50000,-1.50000,1.6650e+04,1.156e+03,-1.156e+03,28.92,2.100e+00,-2.610e+00,320.0,,,2.47,0.79,-0.70,17.50,1,q1_q17_dr25_tce,4538.00,159.00,-159.00,4.607,0.054,-0.027,0.6630,0.0480,-0.0600,294.007230,45.953941,16.675
9468848,K08183.01,,CANDIDATE,CANDIDATE,0.5020,0,0,0,0,5.887703800,7.3470000e-05,-7.3470000e-05,135.0373800,9.710000e-03,-9.710000e-03,0.1850,0.2660,-0.1850,4.00900,0.33000,-0.33000,3.9700e+01,4.900e+00,-4.900e+00,0.60,1.900e-01,-6.000e-02,1026.0,,,262.67,251.91,-75.21,9.30,1,q1_q17_dr25_tce,6065.00,163.00,-181.00,4.495,0.052,-0.221,0.9470,0.3100,-0.0970,293.434940,46.039440,13.811
9649205,K08184.01,,FALSE POSITIVE,FALSE POSITIVE,0.0120,1,0,0,0,237.266010000,2.4400000e-02,-2.4400000e-02,315.9446000,4.600000e-02,-4.600000e-02,0.0340,0.4100,-0.0340,8.74000,1.90000,-1.90000,1.5040e+02,2.170e+01,-2.170e+01,1.23,2.500e-01,-1.700e-01,299.0,,,1.89,1.20,-0.66,8.60,1,q1_q17_dr25_tce,5786.00,173.00,-190.00,4.402,0.100,-0.138,1.0070,0.2070,-0.1380,291.848420,46.339661,11.594
10341781,K08289.01,,FALSE POSITIVE,FALSE POSITIVE,0.0000,0,0,1,1,0.933712110,1.8620000e-05,-1.8620000e-05,131.5372000,1.980000e-02,-1.980000e-02,0.1190,0.3420,-0.1190,4.76000,0.49800,-0.49800,1.2620e+02,1.160e+01,-1.160e+01,0.75,5.000e-02,-7.000e-02,1318.0,,,715.48,218.17,-202.43,14.30,1,q1_q17_dr25_tce,4604.00,165.00,-165.00,4.591,0.054,-0.027,0.6960,0.0450,-0.0620,292.718870,47.470940,15.393
10459805,K08290.01,,FALSE POSITIVE,FALSE POSITIVE,0.1150,1,0,0,0,461.137810000,3.4630000e-02,-3.4630000e-02,187.0978000,6.230000e-02,-6.230000e-02,0.0030,0.4710,-0.0030,12.91000,2.50000,-2.50000,4.0820e+02,7.320e+01,-7.320e+01,1.26,1.400e-01,-9.000e-02,173.0,,,0.21,0.08,-0.05,7.40,1,q1_q17_dr25_tce,4988.00,149.00,-134.00,4.663,0.032,-0.063,0.6360,0.0700,-0.0450,287.145480,47.686989,15.690
10471090,K08291.01,,FALSE POSITIVE,FALSE POSITIVE,0.0000,0,0,1,1,0.933760890,3.1240000e-05,-3.1240000e-05,132.4263000,3.440000e-02,-3.440000e-02,0.0350,0.4420,-0.0350,3.02700,0.61100,-0.61100,2.7300e+01,3.400e+00,-3.400e+00,0.57,1.800e-01,-7.000e-02,2064.0,,,4286.78,4106.81,-1308.99,9.70,1,q1_q17_dr25_tce,6292.00,168.00,-205.00,4.426,0.054,-0.216,1.0780,0.3530,-0.1180,292.158290,47.672710,14.388
10532751,K08292.01,,FALSE POSITIVE,FALSE POSITIVE,0.1310,1,0,0,0,367.761848000,6.7470000e-03,-6.7470000e-03,194.7697000,1.070000e-02,-1.070000e-02,0.0250,0.4410,-0.0250,4.89100,0.39200,-0.39200,4.2800e+02,4.960e+01,-4.960e+01,20.06,5.200e-01,-4.170e+00,623.0,,,35.55,3.67,-17.79,9.80,1,q1_q17_dr25_tce,5348.00,63.00,-295.00,2.897,0.045,-0.014,9.8880,0.2570,-2.0580,290.871550,47.753368,10.736
10585887,K08293.01,,FALSE POSITIVE,FALSE POSITIVE,0.1900,1,0,0,0,378.654840000,2.2760000e-02,-2.2760000e-02,288.2584000,3.410000e-02,-3.410000e-02,0.2430,0.2190,-0.2430,11.30000,2.60000,-2.60000,2.4780e+02,7.790e+01,-7.790e+01,1.53,4.900e-01,-1.900e-01,258.0,,,1.04,0.97,-0.35,6.80,1,q1_q17_dr25_tce,6000.00,167.00,-209.00,4.463,0.070,-0.210,0.9700,0.3060,-0.1230,285.243380,47.812592,14.872
11867733,K08294.01,,FALSE POSITIVE,FALSE POSITIVE,0.0000,0,1,0,0,384.356448000,3.6840000e-03,-3.6840000e-03,298.9035400,7.740000e-03,-7.740000e-03,0.8480,0.1170,-0.6440,3.87200,0.27400,-0.27400,7.1570e+02,6.380e+01,-6.380e+01,3.03,8.900e-01,-3.800e-01,255.0,,,1.00,0.86,-0.33,13.20,1,q1_q17_dr25_tce,5903.00,158.00,-193.00,4.445,0.067,-0.202,0.9940,0.2910,-0.1250,293.773620,50.124470,14.391
11923074,K08295.01,,FALSE POSITIVE,FALSE POSITIVE,0.0000,0,0,0,1,1.756470840,1.4860000e-05,-1.4860000e-05,132.0275700,8.020000e-03,-8.020000e-03,0.0230,0.4420,-0.0230,2.53800,0.26500,-0.26500,6.9500e+01,7.600e+00,-7.600e+00,0.69,1.900e-01,-6.000e-02,1405.0,,,924.14,740.64,-231.04,10.90,1,q1_q17_dr25_tce,5813.00,157.00,-157.00,4.561,0.033,-0.176,0.8330,0.2270,-0.0710,296.140720,50.279949,14.723
9873004,K07970.01,,CANDIDATE,CANDIDATE,0.9590,0,0,0,0,1.985146350,1.1900000e-05,-1.1900000e-05,132.0268200,4.790000e-03,-4.790000e-03,0.1260,0.3260,-0.1260,1.62500,0.15400,-0.15400,2.3340e+02,2.520e+01,-2.520e+01,1.28,2.800e-01,-1.100e-01,1299.0,,,675.28,446.07,-178.35,11.00,1,q1_q17_dr25_tce,5581.00,149.00,-166.00,4.559,0.036,-0.153,0.8450,0.1880,-0.0750,282.030580,46.750809,15.988
9899216,K07971.01,,FALSE POSITIVE,FALSE POSITIVE,0.0000,0,0,0,1,1.332590030,3.5930000e-05,-3.5930000e-05,132.0133000,2.770000e-02,-2.770000e-02,0.4540,0.0540,-0.4210,3.96200,0.96800,-0.96800,1.1900e+01,2.300e+00,-2.300e+00,0.69,1.800e-01,-1.100e-01,2909.0,,,16962.04,13420.56,-6854.57,7.40,1,q1_q17_dr25_tce,8133.00,227.00,-357.00,4.146,0.081,-0.175,1.9350,0.5160,-0.3010,295.161650,46.750637,10.886
9899256,K07972.01,,FALSE POSITIVE,FALSE POSITIVE,0.0000,0,0,1,1,1.332540240,1.7760000e-05,-1.7760000e-05,132.0784000,1.240000e-02,-1.240000e-02,0.8150,0.1670,-0.5760,3.16000,0.26100,-0.26100,3.5800e+01,3.600e+00,-3.600e+00,0.59,1.700e-01,-6.000e-02,1658.0,,,1777.13,1525.24,-494.89,12.10,1,q1_q17_dr25_tce,6071.00,165.00,-183.00,4.511,0.052,-0.208,0.8870,0.2590,-0.0860,295.176730,46.721409,14.282
9899345,K07973.01,,CANDIDATE,CANDIDATE,0.0000,0,0,0,0,1.331992850,,,132.6475215,,,,,,4.33000,,,,,,,,,,,,,,,,1,q1_q17_dr25_tce,,,,,,,,,,295.207980,46.786221,15.024
9899621,K07974.01,,FALSE POSITIVE,FALSE POSITIVE,0.0000,0,0,1,1,1.332554920,2.0950000e-05,-2.0950000e-05,132.0480000,1.360000e-02,-1.360000e-02,0.4620,0.0070,-0.4620,3.63000,0.39000,-0.39000,6.6600e+01,7.900e+00,-7.900e+00,0.92,2.800e-01,-1.100e-01,1850.0,,,2765.99,2574.79,-898.42,10.10,1,q1_q17_dr25_tce,6310.00,174.00,-239.00,4.417,0.067,-0.202,1.0950,0.3460,-0.1230,295.299870,46.739471,15.270
9899623,K07975.01,,FALSE POSITIVE,FALSE POSITIVE,0.0000,0,1,1,1,1.332590950,2.9090000e-05,-2.9090000e-05,132.0329000,2.080000e-02,-2.080000e-02,0.7110,0.2690,-0.4750,4.94700,0.36400,-0.36400,1.0550e+02,9.600e+00,-9.600e+00,1.14,3.600e-01,-1.400e-01,1776.0,,,2349.35,2224.64,-832.34,13.60,1,q1_q17_dr25_tce,6184.00,193.00,-257.00,4.448,0.052,-0.208,1.0380,0.3240,-0.1300,295.300230,46.797009,15.980
9906688,K07976.01,,CANDIDATE,CANDIDATE,0.9750,0,0,0,0,5.825617010,8.7150000e-05,-8.7150000e-05,136.0369000,1.170000e-02,-1.170000e-02,0.6350,0.2200,-0.4340,3.24600,0.33500,-0.33500,1.4280e+02,1.880e+01,-1.880e+01,1.21,3.600e-01,-1.500e-01,1037.0,,,273.08,242.16,-90.75,9.20,1,q1_q17_dr25_tce,5999.00,180.00,-198.00,4.459,0.067,-0.202,0.9670,0.2850,-0.1220,297.580230,46.719952,15.449
12644020,K08083.01,,FALSE POSITIVE,FALSE POSITIVE,0.1520,1,0,0,0,234.524445000,5.8840000e-03,-5.8840000e-03,346.4227000,2.090000e-02,-2.090000e-02,0.7410,0.0570,-0.5200,3.90000,1.00000,-1.00000,8.7600e+02,2.190e+02,-2.190e+02,2.33,2.800e-01,-1.600e-01,226.0,,,0.62,0.25,-0.14,6.80,1,q1_q17_dr25_tce,4987.00,151.00,-136.00,4.613,0.030,-0.070,0.7270,0.0860,-0.0500,288.612700,51.770439,15.800
2010152,K08084.01,,FALSE POSITIVE,FALSE POSITIVE,0.0580,1,0,0,0,317.745270000,1.7090000e-02,-1.7090000e-02,205.9582000,3.380000e-02,-3.380000e-02,0.7870,0.1600,-0.5360,17.54000,1.40000,-1.40000,2.0660e+02,1.410e+01,-1.410e+01,2.10,6.900e-01,-8.300e-01,336.0,,,3.03,2.95,-2.04,13.60,1,q1_q17_dr25_tce,6050.00,181.00,-163.00,4.080,0.455,-0.195,1.3330,0.4330,-0.5290,290.378810,37.481419,13.385
2284957,K08085.01,,CANDIDATE,CANDIDATE,0.4160,0,0,0,0,419.261500000,2.9310000e-02,-2.9310000e-02,187.5475000,5.810000e-02,-5.810000e-02,0.5000,0.4470,-0.2960,21.53000,2.60000,-2.60000,2.8780e+02,4.180e+01,-4.180e+01,1.70,4.600e-01,-3.100e-01,256.0,,,1.02,0.82,-0.41,10.10,1,q1_q17_dr25_tce,5979.00,161.00,-179.00,4.379,0.170,-0.187,0.9750,0.2660,-0.1770,286.619170,37.626240,14.547
2712825,K08086.01,,FALSE POSITIVE,FALSE POSITIVE,0.3160,1,0,0,0,18.384953000,8.8060000e-03,-8.8060000e-03,133.3900000,5.690000e-01,-5.690000e-01,0.0120,0.4600,-0.0120,5.92000,2.00000,-2.00000,9.2900e+01,1.840e+01,-1.840e+01,1.36,2.300e-01,-2.400e-01,872.0,,,136.82,60.06,-47.29,6.00,1,q1_q17_dr25_tce,6335.00,76.00,-76.00,4.214,0.137,-0.125,1.4010,0.2400,-0.2400,291.388120,37.990219,11.871
3443582,K08087.01,,FALSE POSITIVE,FALSE POSITIVE,0.0000,0,1,0,0,1.085965104,5.9400000e-07,-5.9400000e-07,132.0066110,4.150000e-04,-4.150000e-04,0.9160,0.0030,-0.0020,10.71600,0.26700,-0.26700,1.0579e+04,5.340e+01,-5.340e+01,29.66,0.000e+00,0.000e+00,6297.0,,,371873.86,0.00,0.00,675.90,1,q1_q17_dr25_tce,15896.00,0.00,0.00,4.152,0.000,0.000,2.4040,0.0000,0.0000,291.422490,38.535229,15.799
3533483,K08088.01,,FALSE POSITIVE,FALSE POSITIVE,0.0000,1,0,0,0,308.185801000,4.7090000e-03,-4.7090000e-03,306.2132000,1.560000e-02,-1.560000e-02,0.0230,0.4280,-0.0230,3.68900,0.29400,-0.29400,7.0870e+02,8.630e+01,-8.630e+01,2.12,4.400e-01,-1.800e-01,230.0,,,0.66,0.44,-0.18,9.50,1,q1_q17_dr25_tce,5380.00,187.00,-187.00,4.581,0.025,-0.144,0.8130,0.1690,-0.0680,288.109040,38.652012,14.664
3663850,K08089.01,,CANDIDATE,CANDIDATE,0.3560,0,0,0,0,141.400279000,1.5430000e-03,-1.5430000e-03,208.2201400,7.660000e-03,-7.660000e-03,0.4010,0.0620,-0.4010,3.03100,0.23600,-0.23600,7.9010e+02,6.870e+01,-6.870e+01,41.55,1.240e+00,-3.300e+00,945.0,,,188.78,26.10,-38.22,12.90,1,q1_q17_dr25_tce,4936.00,88.00,-74.00,2.609,0.033,-0.027,14.9070,0.4450,-1.1860,295.802030,38.797932,12.783
9771576,K08185.01,,FALSE POSITIVE,FALSE POSITIVE,0.0010,1,0,0,0,398.716940000,2.6090000e-02,-2.6090000e-02,481.1929000,3.670000e-02,-3.670000e-02,1.2190,6.7400,-0.2050,21.60000,2.60000,-2.60000,8.9390e+02,8.690e+01,-8.690e+01,21.25,3.360e+00,-1.820e+00,205.0,,,0.42,0.21,-0.11,13.70,1,q1_q17_dr25_tce,5303.00,159.00,-143.00,4.594,0.035,-0.105,0.7710,0.1220,-0.0660,292.262600,46.571239,14.966
9827094,K08186.01,,FALSE POSITIVE,FALSE POSITIVE,0.0000,1,0,1,0,241.859100000,1.2050000e-01,-1.2050000e-01,248.7902000,9.260000e-02,-9.260000e-02,0.3130,0.1650,-0.3130,12.77000,1.30000,-1.30000,6.5900e+02,1.500e+02,-1.500e+02,2.81,8.200e-01,-6.700e-01,315.0,,,2.34,2.00,-1.13,9.70,7,q1_q17_dr25_tce,5790.00,155.00,-155.00,4.283,0.242,-0.198,1.0880,0.3180,-0.2600,290.155760,46.631199,13.243
9837720,K08187.01,,FALSE POSITIVE,FALSE POSITIVE,0.0000,1,0,0,0,353.040370000,1.3210000e-02,-1.3210000e-02,258.7443000,2.990000e-02,-2.990000e-02,0.4310,0.0490,-0.4170,14.10200,0.91100,-0.91100,2.3960e+02,2.470e+01,-2.470e+01,1.04,1.200e-01,-9.000e-02,196.0,,,0.35,0.15,-0.10,11.20,2,q1_q17_dr25_tce,5061.00,176.00,-176.00,4.635,0.040,-0.060,0.6680,0.0810,-0.0540,294.542760,46.669083,13.859
9873604,K08188.01,,FALSE POSITIVE,FALSE POSITIVE,0.0000,1,0,0,0,522.338880000,2.7520000e-02,-2.7520000e-02,344.6934000,3.890000e-02,-3.890000e-02,0.0390,0.4320,-0.0390,13.53000,1.30000,-1.30000,4.2370e+02,4.110e+01,-4.110e+01,5.65,2.180e+00,-4.060e+00,327.0,,,2.69,3.07,-2.50,12.00,1,q1_q17_dr25_tce,5103.00,139.00,-123.00,3.606,0.900,-0.300,2.8160,1.0900,-2.0250,282.477630,46.754169,13.902
9874581,K08189.01,,FALSE POSITIVE,FALSE POSITIVE,0.0000,1,0,0,0,473.563140000,1.8330000e-02,-1.8330000e-02,222.9281000,2.440000e-02,-2.440000e-02,0.1580,0.2950,-0.1580,5.08700,0.54100,-0.54100,3.2740e+02,4.510e+01,-4.510e+01,5.39,7.900e-01,-1.860e+00,449.0,,,9.65,4.48,-6.07,8.70,1,q1_q17_dr25_tce,7056.00,190.00,-254.00,3.722,0.296,-0.074,2.9370,0.4340,-1.0120,283.136170,46.788219,13.065
9899449,K08190.01,,FALSE POSITIVE,FALSE POSITIVE,0.0000,0,1,1,1,1.332565736,8.1900000e-07,-8.1900000e-07,132.0498150,5.180000e-04,-5.180000e-04,1.2680,0.1310,-0.0730,6.08280,0.02960,-0.02960,2.3198e+03,9.400e+00,-9.400e+00,33.69,1.056e+01,-3.510e+00,1674.0,,,1849.94,1781.35,-568.90,301.70,1,q1_q17_dr25_tce,6014.00,198.00,-217.00,4.494,0.054,-0.216,0.9580,0.3000,-0.1000,295.243260,46.794891,15.625
9962731,K08191.01,,FALSE POSITIVE,FALSE POSITIVE,0.0000,1,0,1,0,385.397430000,2.8080000e-02,-2.8080000e-02,340.6913000,7.430000e-02,-7.430000e-02,0.5870,0.3740,-0.4000,21.69000,2.20000,-2.20000,1.3230e+02,1.590e+01,-1.590e+01,1.59,2.500e-01,-3.100e-01,285.0,,,1.57,0.65,-0.61,10.90,1,q1_q17_dr25_tce,5676.00,76.00,-76.00,4.175,0.188,-0.101,1.3360,0.2130,-0.2600,296.374970,46.806492,13.114
12117215,K08296.01,,FALSE POSITIVE,FALSE POSITIVE,0.1160,1,0,0,0,272.542880870,,,349.7527344,,,0.2870,,,3.02460,,,8.0720e+02,,,2.35,6.100e-01,-2.000e-01,255.0,,,1.00,0.76,-0.25,5.70,1,q1_q17_dr25_tce,5677.00,152.00,-152.00,4.563,0.044,-0.176,0.8280,0.2160,-0.0720,294.927950,50.662369,15.111
12168280,K08297.01,,CANDIDATE,CANDIDATE,0.1410,0,0,0,0,229.957537000,6.7280000e-03,-6.7280000e-03,326.0184000,1.510000e-02,-1.510000e-02,1.1750,74.3100,-4.2030,7.59000,1.00000,-1.00000,4.0000e+02,4.920e+01,-4.920e+01,43.78,7.770e+00,-1.066e+01,444.0,,,9.22,4.18,-4.21,10.20,1,q1_q17_dr25_tce,6419.00,77.00,-83.00,3.978,0.195,-0.120,2.0570,0.3650,-0.5010,295.977940,50.771481,10.505
9912977,K07977.01,,FALSE POSITIVE,FALSE POSITIVE,0.0000,0,1,0,0,0.943937200,2.8000000e-08,-2.8000000e-08,131.8207372,2.280000e-05,-2.280000e-05,0.6810,0.0030,-0.0040,7.27446,0.00258,-0.00258,2.7944e+05,5.850e+01,-5.850e+01,88.91,2.482e+01,-3.035e+01,2273.0,,,6347.81,5465.82,-3937.46,6351.70,1,q1_q17_dr25_tce,5959.00,195.00,-195.00,4.126,0.338,-0.182,1.3650,0.3810,-0.4660,299.426850,46.700150,13.726
9938836,K07978.01,,CANDIDATE,CANDIDATE,0.8430,0,0,0,0,7.268181700,1.6350000e-04,-1.6350000e-04,135.9348000,2.350000e-02,-2.350000e-02,0.7800,0.2000,-0.5550,4.98500,0.50300,-0.50300,4.6700e+01,5.400e+00,-5.400e+00,1.66,4.000e-01,-7.400e-01,1444.0,,,1027.95,765.47,-761.00,9.70,1,q1_q17_dr25_tce,6297.00,198.00,-242.00,3.890,0.405,-0.135,2.2190,0.5360,-0.9960,285.307680,46.829803,13.729
9941425,K07979.01,,FALSE POSITIVE,FALSE POSITIVE,0.0000,0,0,1,0,1.075158342,8.6190000e-06,-8.6190000e-06,131.7092000,6.550000e-03,-6.550000e-03,0.1570,0.3030,-0.1570,1.29500,0.42900,-0.42900,3.0200e+01,5.800e+00,-5.800e+00,20.09,2.650e+00,-4.160e+00,6988.0,,,565413.02,225128.97,-245918.84,8.00,1,q1_q17_dr25_tce,4067.00,90.00,-107.00,1.541,0.030,-0.030,38.4460,5.0670,-7.9630,286.837890,46.830837,12.032
9959368,K07980.01,,FALSE POSITIVE,FALSE POSITIVE,0.0000,0,0,1,1,1.332558010,2.3840000e-05,-2.3840000e-05,132.0631000,1.430000e-02,-1.430000e-02,0.3970,0.0750,-0.3970,4.74000,0.54600,-0.54600,4.8700e+01,9.400e+00,-9.400e+00,0.62,1.000e-01,-8.000e-02,1443.0,,,1025.10,573.49,-334.27,8.70,1,q1_q17_dr25_tce,5161.00,170.00,-154.00,4.452,0.117,-0.156,0.8920,0.1520,-0.1140,295.153320,46.828011,15.305
9959765,K07981.01,,FALSE POSITIVE,FALSE POSITIVE,0.0000,0,0,1,1,1.332504510,2.8320000e-05,-2.8320000e-05,132.1018000,2.170000e-02,-2.170000e-02,0.2950,0.1840,-0.2950,4.14300,0.49900,-0.49900,2.7400e+01,3.200e+00,-3.200e+00,0.62,1.800e-01,-8.000e-02,1993.0,,,3726.12,3251.57,-1252.18,11.60,1,q1_q17_dr25_tce,6600.00,165.00,-214.00,4.364,0.084,-0.196,1.1570,0.3500,-0.1500,295.303530,46.805740,13.793
10011213,K07982.01,,CANDIDATE,CANDIDATE,0.1890,0,0,0,0,376.379890000,4.6800000e-02,-4.6800000e-02,486.6022000,7.110000e-02,-7.110000e-02,0.3050,0.2080,-0.3050,13.99000,2.20000,-2.20000,1.1400e+03,1.060e+02,-1.060e+02,3.26,1.000e+00,-3.300e-01,265.0,,,1.16,1.07,-0.35,13.30,1,q1_q17_dr25_tce,6231.00,188.00,-225.00,4.488,0.054,-0.216,0.9550,0.2910,-0.0970,291.604550,46.973289,15.632
10014875,K07983.01,,FALSE POSITIVE,FALSE POSITIVE,0.0300,1,0,0,0,453.648750000,6.7250000e-02,-6.7250000e-02,296.6153000,8.590000e-02,-8.590000e-02,0.5190,0.4480,-0.3050,18.34000,3.20000,-3.20000,5.2340e+02,5.460e+01,-5.460e+01,2.18,6.500e-01,-2.200e-01,239.0,,,0.77,0.69,-0.22,9.00,1,q1_q17_dr25_tce,6060.00,181.00,-199.00,4.509,0.050,-0.200,0.9250,0.2770,-0.0920,293.193420,46.916550,15.677
3954211,K08090.01,,FALSE POSITIVE,FALSE POSITIVE,0.0000,0,0,1,1,0.594274521,4.2100000e-07,-4.2100000e-07,131.8395080,5.980000e-04,-5.980000e-04,0.8330,0.0600,-0.5180,2.16200,0.14000,-0.14000,4.6915e+03,6.900e+01,-6.900e+01,8.70,2.590e+00,-8.600e-01,2436.0,,,8367.99,7342.71,-2552.62,83.90,1,q1_q17_dr25_tce,6321.00,174.00,-239.00,4.417,0.060,-0.192,1.1250,0.3350,-0.1120,291.490510,39.048660,15.676
4056579,K08091.01,,FALSE POSITIVE,FALSE POSITIVE,0.1980,1,0,0,0,239.179477000,3.2260000e-03,-3.2260000e-03,188.4709200,8.640000e-03,-8.640000e-03,0.1650,0.2900,-0.1640,2.93000,0.39900,-0.39900,7.5090e+02,7.290e+01,-7.290e+01,18.27,8.600e-01,-4.870e+00,583.0,,,27.38,4.44,-14.45,12.10,1,q1_q17_dr25_tce,4915.00,72.00,-157.00,3.063,0.030,-0.030,6.8770,0.3240,-1.8340,291.406190,39.184292,13.265
4276445,K08092.01,,FALSE POSITIVE,FALSE POSITIVE,0.0500,1,0,0,0,405.653770000,2.4180000e-02,-2.4180000e-02,266.3288000,5.160000e-02,-5.160000e-02,0.1020,0.3770,-0.1020,11.02000,3.20000,-3.20000,5.2100e+02,1.740e+02,-1.740e+02,2.03,5.600e-01,-1.900e-01,246.0,,,0.87,0.71,-0.25,7.70,1,q1_q17_dr25_tce,6102.00,183.00,-201.00,4.528,0.050,-0.200,0.8870,0.2420,-0.0860,294.931730,39.361820,15.240
4371172,K08093.01,,FALSE POSITIVE,FALSE POSITIVE,0.0000,0,1,1,0,73.992267000,1.9370000e-03,-1.9370000e-03,143.4283000,2.020000e-02,-2.020000e-02,0.4460,0.5390,-0.2470,5.69200,0.79500,-0.79500,2.2560e+02,4.450e+01,-4.450e+01,2.86,1.380e+00,-1.680e+00,546.0,,,20.98,33.30,-17.85,7.90,1,q1_q17_dr25_tce,5271.00,222.00,-167.00,3.878,0.665,-0.285,1.8950,0.9120,-1.1140,293.221860,39.430443,13.791
4557341,K08094.01,,FALSE POSITIVE,FALSE POSITIVE,0.0050,1,0,1,0,361.901618000,8.8980000e-03,-8.8980000e-03,405.3021000,2.000000e-02,-2.000000e-02,0.0930,0.3580,-0.0930,4.98400,0.82800,-0.82800,1.8410e+02,2.650e+01,-2.650e+01,0.95,1.100e-01,-8.000e-02,198.0,,,0.37,0.14,-0.09,8.50,1,q1_q17_dr25_tce,5053.00,136.00,-136.00,4.603,0.040,-0.060,0.7170,0.0860,-0.0580,290.378910,39.694000,12.673
4645492,K08095.01,,FALSE POSITIVE,FALSE POSITIVE,0.3000,1,0,0,0,508.041030000,1.0020000e-02,-1.0020000e-02,361.7222000,1.190000e-02,-1.190000e-02,0.4760,0.4890,-0.2720,5.39800,0.51900,-0.51900,3.7170e+02,4.540e+01,-4.540e+01,1.89,1.800e-01,-7.000e-02,217.0,,,0.53,0.14,-0.07,9.90,1,q1_q17_dr25_tce,5672.00,68.00,-85.00,4.503,0.015,-0.080,0.9650,0.0940,-0.0360,288.978240,39.750259,13.942
4738095,K08096.01,,FALSE POSITIVE,FALSE POSITIVE,0.0000,1,0,0,0,309.933134000,9.4760000e-03,-9.4760000e-03,141.9846000,2.010000e-02,-2.010000e-02,0.7300,0.2240,-0.4910,7.16500,0.76000,-0.76000,1.7610e+02,2.690e+01,-2.690e+01,1.80,3.800e-01,-2.500e-01,319.0,,,2.43,1.47,-0.85,8.30,1,q1_q17_dr25_tce,6299.00,149.00,-204.00,4.325,0.081,-0.150,1.2620,0.2630,-0.1750,289.168150,39.829182,13.147
10023069,K08192.01,,FALSE POSITIVE,FALSE POSITIVE,0.1970,1,0,0,0,266.977677000,2.8490000e-03,-2.8490000e-03,240.8434200,8.990000e-03,-8.990000e-03,0.8950,0.0500,-0.6940,8.59000,0.29100,-0.29100,3.8960e+02,2.730e+01,-2.730e+01,7.86,9.700e-01,-2.890e+00,549.0,,,21.53,8.68,-13.92,16.00,1,q1_q17_dr25_tce,6619.00,180.00,-200.00,3.595,0.296,-0.074,3.4100,0.4180,-1.2550,296.231840,46.909012,13.357
10028127,K08193.01,,CANDIDATE,CANDIDATE,0.5190,0,0,0,0,367.947848000,4.7870000e-03,-4.7870000e-03,416.2099800,9.720000e-03,-9.720000e-03,0.9020,0.0620,-0.6380,4.24900,0.31800,-0.31800,1.3010e+03,1.420e+02,-1.420e+02,3.72,9.000e-01,-3.000e-01,228.0,,,0.64,0.45,-0.16,10.70,1,q1_q17_dr25_tce,5570.00,150.00,-166.00,4.561,0.030,-0.170,0.8550,0.2070,-0.0690,297.733980,46.961529,15.719
10079317,K08194.01,,FALSE POSITIVE,FALSE POSITIVE,0.0240,1,0,0,0,236.257768880,,,153.9570927,,,0.0850,,,3.35490,,,1.6840e+02,,,2.69,5.500e-01,-8.300e-01,460.0,,,10.61,6.41,-6.11,5.30,1,q1_q17_dr25_tce,6645.00,167.00,-200.00,3.952,0.266,-0.114,2.0540,0.4210,-0.6320,293.505340,47.018719,12.885
10079481,K08195.01,,FALSE POSITIVE,FALSE POSITIVE,0.0000,1,0,0,0,330.808790000,2.3790000e-02,-2.3790000e-02,281.1568000,2.440000e-02,-2.440000e-02,0.9200,0.0230,-0.6290,21.66900,0.35800,-0.35800,2.7480e+02,1.230e+01,-1.230e+01,2.13,4.400e-01,-3.000e-01,290.0,,,1.67,1.02,-0.58,24.40,1,q1_q17_dr25_tce,6158.00,155.00,-186.00,4.382,0.096,-0.144,1.0660,0.2220,-0.1480,293.565280,47.093620,11.976
10081899,K08196.01,,FALSE POSITIVE,FALSE POSITIVE,0.0000,1,0,0,0,522.646130000,5.2850000e-02,-5.2850000e-02,190.3389000,7.630000e-02,-7.630000e-02,0.0070,0.4360,-0.0070,17.77000,2.60000,-2.60000,6.4810e+02,7.430e+01,-7.430e+01,0.80,7.000e-02,-1.000e-01,92.0,,,0.02,0.00,-0.01,10.50,1,q1_q17_dr25_tce,3439.00,41.00,-41.00,4.939,0.044,-0.036,0.3180,0.0300,-0.0370,294.464570,47.045441,15.279
10199817,K08197.01,,FALSE POSITIVE,FALSE POSITIVE,0.0530,1,0,0,0,392.942470000,1.5300000e-02,-1.5300000e-02,383.6730000,3.450000e-02,-3.450000e-02,0.0100,0.4360,-0.0100,11.05500,0.84900,-0.84900,1.2030e+02,1.310e+01,-1.310e+01,1.60,3.900e-01,-5.900e-01,347.0,,,3.43,2.58,-2.24,10.00,1,q1_q17_dr25_tce,6596.00,206.00,-229.00,4.073,0.385,-0.165,1.4400,0.3530,-0.5290,288.394560,47.264351,12.152
10205598,K08198.01,,FALSE POSITIVE,FALSE POSITIVE,0.0080,1,0,0,0,373.893980000,1.6610000e-02,-1.6610000e-02,261.4968000,3.490000e-02,-3.490000e-02,0.9630,0.0670,-0.6580,27.66000,2.30000,-2.30000,7.3000e+02,5.240e+01,-5.240e+01,2.51,2.700e-01,-2.400e-01,206.0,,,0.42,0.16,-0.11,18.50,3,q1_q17_dr25_tce,5263.00,157.00,-141.00,4.574,0.078,-0.052,0.6990,0.0740,-0.0660,290.935970,47.290730,14.911
10031643,K07984.01,,FALSE POSITIVE,FALSE POSITIVE,0.0000,0,0,0,1,8.589870800,1.8460000e-04,-1.8460000e-04,132.0161000,1.570000e-02,-1.570000e-02,0.7650,0.0230,-0.5410,4.80600,0.63400,-0.63400,8.7700e+01,1.300e+01,-1.300e+01,1.11,3.200e-01,-2.300e-01,929.0,,,176.40,152.77,-77.60,8.40,1,q1_q17_dr25_tce,5638.00,169.00,-152.00,4.296,0.231,-0.189,1.0880,0.3130,-0.2280,298.749210,46.973351,14.478
10090151,K07985.01,,FALSE POSITIVE,FALSE POSITIVE,0.0000,0,1,1,0,0.527698548,1.1600000e-07,-1.1600000e-07,131.7050930,1.700000e-04,-1.700000e-04,1.2520,0.0510,-0.0490,3.22210,0.01740,-0.01740,1.5792e+03,4.600e+00,-4.600e+00,29.35,7.700e+00,-2.570e+00,2088.0,,,4500.53,3406.38,-1175.26,453.30,1,q1_q17_dr25_tce,5638.00,139.00,-166.00,4.529,0.035,-0.196,0.9030,0.2370,-0.0790,297.188750,47.093819,14.082
10128825,K07986.01,,CANDIDATE,CANDIDATE,0.4970,0,0,0,0,1.739849410,1.7800000e-05,-1.7800000e-05,133.0012700,7.690000e-03,-7.690000e-03,0.0430,0.4230,-0.0430,3.11400,0.22900,-0.22900,4.8500e+01,5.400e+00,-5.400e+00,0.72,2.400e-01,-8.000e-02,1608.0,,,1585.81,1537.86,-502.22,10.60,1,q1_q17_dr25_tce,6119.00,165.00,-220.00,4.444,0.056,-0.224,1.0310,0.3410,-0.1140,286.509370,47.163219,14.757
10147276,K07987.01,,FALSE POSITIVE,FALSE POSITIVE,0.0210,0,0,1,0,0.681401611,2.4340000e-06,-2.4340000e-06,132.1817500,2.850000e-03,-2.850000e-03,0.1470,0.3090,-0.1470,0.86500,0.16200,-0.16200,1.0360e+02,1.470e+01,-1.470e+01,1.07,3.600e-01,-1.100e-01,2218.0,,,5713.41,5675.74,-1836.94,12.30,1,q1_q17_dr25_tce,6173.00,193.00,-236.00,4.447,0.056,-0.224,1.0410,0.3410,-0.1140,294.164890,47.176281,15.385
10155286,K07988.01,,CANDIDATE,CANDIDATE,0.0920,0,0,0,0,333.486169000,4.2350000e-03,-4.2350000e-03,153.6150100,5.070000e-03,-5.070000e-03,0.2140,0.2550,-0.2140,3.19900,0.22900,-0.22900,6.3910e+02,5.270e+01,-5.270e+01,19.30,5.500e-01,-4.680e+00,557.0,,,22.68,2.07,-10.95,14.00,1,q1_q17_dr25_tce,4989.00,39.00,-128.00,2.992,0.030,-0.027,7.8240,0.2230,-1.8960,296.762880,47.145142,10.998
10156110,K07989.01,,FALSE POSITIVE,FALSE POSITIVE,0.0000,0,0,1,1,4.856034820,6.3560000e-05,-6.3560000e-05,135.9933000,1.080000e-02,-1.080000e-02,0.1340,0.3230,-0.1340,3.07800,0.28300,-0.28300,7.6700e+01,1.080e+01,-1.080e+01,1.05,3.600e-01,-1.200e-01,1266.0,,,607.42,600.39,-194.33,8.20,1,q1_q17_dr25_tce,6469.00,158.00,-225.00,4.385,0.054,-0.216,1.1930,0.4100,-0.1370,297.009770,47.121021,14.826
